# model=rrg N=200 meanJ=0 seed=1071224039 distribution=gaussian field=0 num_fields=200 num_couplings=300 graph=random_regular degree=3 graph_seed=1071224039
0 0
1 0
2 0
3 0
4 0
5 0
6 0
7 0
8 0
9 0
10 0
11 0
12 0
13 0
14 0
15 0
16 0
17 0
18 0
19 0
20 0
21 0
22 0
23 0
24 0
25 0
26 0
27 0
28 0
29 0
30 0
31 0
32 0
33 0
34 0
35 0
36 0
37 0
38 0
39 0
40 0
41 0
42 0
43 0
44 0
45 0
46 0
47 0
48 0
49 0
50 0
51 0
52 0
53 0
54 0
55 0
56 0
57 0
58 0
59 0
60 0
61 0
62 0
63 0
64 0
65 0
66 0
67 0
68 0
69 0
70 0
71 0
72 0
73 0
74 0
75 0
76 0
77 0
78 0
79 0
80 0
81 0
82 0
83 0
84 0
85 0
86 0
87 0
88 0
89 0
90 0
91 0
92 0
93 0
94 0
95 0
96 0
97 0
98 0
99 0
100 0
101 0
102 0
103 0
104 0
105 0
106 0
107 0
108 0
109 0
110 0
111 0
112 0
113 0
114 0
115 0
116 0
117 0
118 0
119 0
120 0
121 0
122 0
123 0
124 0
125 0
126 0
127 0
128 0
129 0
130 0
131 0
132 0
133 0
134 0
135 0
136 0
137 0
138 0
139 0
140 0
141 0
142 0
143 0
144 0
145 0
146 0
147 0
148 0
149 0
150 0
151 0
152 0
153 0
154 0
155 0
156 0
157 0
158 0
159 0
160 0
161 0
162 0
163 0
164 0
165 0
166 0
167 0
168 0
169 0
170 0
171 0
172 0
173 0
174 0
175 0
176 0
177 0
178 0
179 0
180 0
181 0
182 0
183 0
184 0
185 0
186 0
187 0
188 0
189 0
190 0
191 0
192 0
193 0
194 0
195 0
196 0
197 0
198 0
199 0
0 62 -0.98131
0 79 -0.01288
0 100 0.99255
1 19 -0.44516
1 43 0.53976
1 163 0.42204
2 36 0.2155
2 40 1.16682
2 192 -1.11745
3 51 -0.87506
3 127 -0.29914
3 179 1.29536
4 26 -2.34002
4 50 -1.37298
4 83 -0.88073
5 29 -0.10749
5 84 0.17563
5 188 0.44965
6 56 -1.53686
6 161 -0.32501
6 192 0.89885
7 79 -0.86322
7 85 -0.44971
7 134 0.50856
8 37 -0.88289
8 72 1.57235
8 129 -1.50575
9 63 -0.01403
9 88 -0.16836
9 144 0.88114
10 38 -0.72225
10 76 1.56941
10 87 -0.24787
11 27 -1.40449
11 124 -1.59806
11 127 -2.33107
12 27 1.47239
12 169 1.26847
12 174 -0.06408
13 126 -0.89951
13 129 -0.71281
13 164 1.64288
14 17 -1.19286
14 44 0.41252
14 149 -0.72483
15 39 0.52282
15 132 0.55912
15 139 -0.19434
16 51 1.68769
16 73 -0.57904
16 159 0.3468
17 63 -0.32383
17 194 -0.45102
18 50 0.28673
18 87 -0.26703
18 123 1.65787
19 29 -0.50357
19 63 0.73845
20 90 0.56979
20 95 0.28871
20 176 0.89401
21 122 -1.19634
21 147 1.84611
21 162 0.78846
22 79 -0.30079
22 104 1.89019
22 163 0.21478
23 53 -0.20342
23 78 -0.41136
23 149 0.79929
24 77 0.91762
24 153 -0.71666
24 182 -0.46323
25 40 0.37841
25 165 1.29593
25 184 1.39052
26 195 -2.00316
26 198 -0.19587
27 57 -0.59647
28 35 -0.67086
28 136 -2.07938
28 166 -0.11742
29 34 0.51757
30 48 -0.00783
30 85 0.01892
30 105 1.8662
31 59 -0.03083
31 113 1.00078
31 135 0.98632
32 121 -0.39927
32 159 1.63946
32 185 0.6264
33 68 0.80796
33 122 0.53685
33 148 0.36421
34 46 -0.6423
34 185 -0.44426
35 71 0.21278
35 148 -0.07032
36 165 -1.00012
36 195 -1.88159
37 44 -0.54027
37 114 -1.6198
38 66 1.27415
38 196 -0.67644
39 179 0.53242
39 199 -0.87684
40 178 0.05137
41 42 0.23027
41 64 0.14498
41 100 1.47041
42 68 2.59745
42 114 1.15949
43 148 0.09562
43 164 -1.02908
44 167 -1.13396
45 84 -0.87975
45 103 -1.42389
45 186 -0.27439
46 75 0.80723
46 155 -0.60685
47 90 -1.73469
47 157 -0.36763
47 199 0.40974
48 53 -0.22985
48 189 0.91783
49 64 -0.30004
49 116 -1.20965
49 197 -0.01783
50 180 -0.60215
51 169 -0.41777
52 69 -1.88001
52 107 -1.5493
52 155 -0.63508
53 62 -1.6965
54 65 0.17453
54 81 1.2756
54 154 -0.84329
55 77 -0.80915
55 161 0.11059
55 166 0.91277
56 115 0.21347
56 194 -1.79312
57 59 -1.53176
57 78 -0.31557
58 110 0.30238
58 122 2.07087
58 140 -0.95314
59 80 -0.52891
60 67 -0.47856
60 138 -0.29308
60 139 0.87822
61 65 -2.95352
61 88 2.13047
61 185 -1.67631
62 187 -0.40417
64 190 -1.12669
65 143 1.16589
66 92 0.01944
66 150 -0.07511
67 83 1.46644
67 121 0.11531
68 126 0.75461
69 173 -0.0971
69 175 1.71428
70 94 -0.34881
70 118 0.69577
70 189 -0.34393
71 88 0.17371
71 104 -1.47914
72 151 -0.60431
72 160 0.20387
73 152 -0.66056
73 199 0.03133
74 96 -0.19479
74 128 0.80356
74 168 -1.62122
75 118 -0.80475
75 178 -1.07818
76 105 -1.01341
76 190 -0.2104
77 194 0.09308
78 96 -1.11708
80 183 0.57505
80 187 0.15395
81 103 1.61585
81 119 1.2707
82 94 -0.85343
82 145 1.75432
82 146 -0.12942
83 103 -0.2205
84 182 -1.07633
85 129 0.2929
86 97 0.73426
86 171 -1.04274
86 191 0.28979
87 99 1.10883
89 90 -0.55886
89 127 0.30981
89 193 1.23333
91 135 -0.72775
91 158 1.47872
91 183 -2.4586
92 115 -0.04425
92 167 -1.26416
93 110 1.46415
93 144 0.57199
93 147 3.3167
94 196 -1.28335
95 137 1.2885
95 146 0.78816
96 197 0.83378
97 101 0.53815
97 160 -1.07841
98 120 1.60437
98 158 0.32242
98 181 0.26125
99 172 -1.66416
99 175 -0.59115
100 153 0.62409
101 130 1.48404
101 154 -1.81808
102 130 -0.55898
102 152 0.69892
102 168 0.64388
104 112 -0.04136
105 153 -1.19623
106 125 0.27347
106 131 2.03265
106 134 -0.63537
107 137 -0.02686
107 167 -0.10784
108 114 -0.53053
108 177 -0.68017
108 188 -0.19313
109 137 -1.41917
109 142 0.38731
109 156 -2.36135
110 159 -0.61445
111 177 1.30698
111 178 0.49062
111 189 -0.79107
112 113 0.76909
112 164 0.43157
113 156 -0.60506
115 139 -0.77981
116 138 0.9773
116 171 -0.49127
117 142 -0.65572
117 157 -1.8176
117 171 0.15888
118 131 -0.24781
119 143 0.69514
119 180 0.06132
120 124 -0.93257
120 173 -0.35312
121 180 0.9708
123 133 -0.09636
123 156 -0.94636
124 198 0.65281
125 146 0.64821
125 157 -1.17988
126 175 -1.12467
128 169 -1.53114
128 195 1.14993
130 132 1.05029
131 168 -0.08889
132 141 0.41029
133 172 0.04899
133 190 0.84964
134 172 0.00174
135 197 0.00528
136 150 -0.0197
136 151 0.03214
138 184 0.90322
140 173 1.99509
140 188 -1.47748
141 187 -0.41341
141 193 -1.22743
142 149 -0.40889
143 145 -0.96117
144 183 0.29035
145 191 0.07593
147 182 -0.06955
150 176 -0.13407
151 196 2.52613
152 174 1.98346
154 170 0.33361
155 198 -1.64794
158 191 0.5418
160 162 0.31131
161 163 -1.34618
162 170 0.01416
165 193 0.57974
166 181 -0.6274
170 186 -0.27241
174 192 -0.75236
176 184 1.15551
177 179 0.38604
181 186 -0.49967
