# model=rrg N=200 meanJ=0 seed=1337026247 distribution=gaussian field=0 num_fields=200 num_couplings=300 graph=random_regular degree=3 graph_seed=1337026247
0 0
1 0
2 0
3 0
4 0
5 0
6 0
7 0
8 0
9 0
10 0
11 0
12 0
13 0
14 0
15 0
16 0
17 0
18 0
19 0
20 0
21 0
22 0
23 0
24 0
25 0
26 0
27 0
28 0
29 0
30 0
31 0
32 0
33 0
34 0
35 0
36 0
37 0
38 0
39 0
40 0
41 0
42 0
43 0
44 0
45 0
46 0
47 0
48 0
49 0
50 0
51 0
52 0
53 0
54 0
55 0
56 0
57 0
58 0
59 0
60 0
61 0
62 0
63 0
64 0
65 0
66 0
67 0
68 0
69 0
70 0
71 0
72 0
73 0
74 0
75 0
76 0
77 0
78 0
79 0
80 0
81 0
82 0
83 0
84 0
85 0
86 0
87 0
88 0
89 0
90 0
91 0
92 0
93 0
94 0
95 0
96 0
97 0
98 0
99 0
100 0
101 0
102 0
103 0
104 0
105 0
106 0
107 0
108 0
109 0
110 0
111 0
112 0
113 0
114 0
115 0
116 0
117 0
118 0
119 0
120 0
121 0
122 0
123 0
124 0
125 0
126 0
127 0
128 0
129 0
130 0
131 0
132 0
133 0
134 0
135 0
136 0
137 0
138 0
139 0
140 0
141 0
142 0
143 0
144 0
145 0
146 0
147 0
148 0
149 0
150 0
151 0
152 0
153 0
154 0
155 0
156 0
157 0
158 0
159 0
160 0
161 0
162 0
163 0
164 0
165 0
166 0
167 0
168 0
169 0
170 0
171 0
172 0
173 0
174 0
175 0
176 0
177 0
178 0
179 0
180 0
181 0
182 0
183 0
184 0
185 0
186 0
187 0
188 0
189 0
190 0
191 0
192 0
193 0
194 0
195 0
196 0
197 0
198 0
199 0
0 35 -1.27813
0 169 0.0282
0 194 -0.84937
1 12 1.83144
1 48 -0.83022
1 157 1.65417
2 45 1.85739
2 53 1.49785
2 160 0.188
3 45 -1.19809
3 149 1.74799
3 196 -0.31331
4 19 1.18162
4 116 0.857
4 151 0.891
5 136 -0.45472
5 191 2.1835
5 194 0.02806
6 42 -0.8705
6 81 0.3356
6 103 -1.11179
7 116 1.45273
7 143 0.20033
7 161 -0.46416
8 23 0.0846
8 39 1.06013
8 93 0.17792
9 57 -1.72023
9 111 0.94485
9 198 -0.57187
10 19 -1.73707
10 183 0.45968
10 197 0.02829
11 74 0.16922
11 106 1.4861
11 110 0.69204
12 178 1.23434
12 197 -0.80016
13 59 0.21647
13 103 0.64284
13 141 -1.73285
14 36 1.01207
14 72 0.03936
14 91 -1.04462
15 91 0.85473
15 193 -0.29275
15 199 -0.07682
16 81 1.35447
16 113 -1.46447
16 151 0.88797
17 32 -0.88007
17 96 -0.3737
17 196 0.89095
18 144 -0.37166
18 146 -2.16684
18 187 1.0479
19 102 -0.07551
20 122 0.48227
20 142 1.29
20 166 1.42215
21 105 -0.64447
21 171 -2.41638
21 199 1.32111
22 127 1.49991
22 139 0.53424
22 161 0.29307
23 107 -0.83943
23 176 0.15362
24 88 -0.42095
24 97 1.34127
24 190 -0.28938
25 85 -0.31539
25 154 0.31344
25 173 0.15846
26 130 -0.74886
26 166 -1.39488
26 192 -0.08235
27 31 0.89736
27 70 1.53461
27 185 1.28012
28 58 -0.85404
28 109 1.29481
28 127 -0.30368
29 42 0.87402
29 124 1.10756
29 142 1.76283
30 90 -0.02057
30 153 0.29704
30 169 0.14665
31 75 -0.91493
31 84 -1.09076
32 36 -0.38898
32 75 -0.09643
33 71 -0.21922
33 80 -0.07246
33 194 0.90062
34 81 1.47542
34 89 0.55765
34 139 -0.04102
35 74 0.45712
35 157 1.36874
36 83 1.65798
37 101 -1.35496
37 135 -0.12308
37 171 0.44203
38 42 -0.04233
38 163 0.41398
38 181 1.0756
39 60 1.09468
39 79 -0.42085
40 55 -0.03566
40 151 0.10871
40 188 0.15204
41 128 1.27049
41 186 -1.34276
41 188 1.83411
43 44 -0.18655
43 113 -0.70125
43 134 -0.48212
44 102 -1.61719
44 188 -0.30695
45 125 0.50731
46 113 -0.76068
46 158 -0.66526
46 163 0.84938
47 51 -0.92254
47 99 0.57052
47 173 0.99486
48 101 -0.31024
48 162 -1.67207
49 77 -0.16275
49 108 -0.2276
49 180 0.64458
50 61 -0.37984
50 72 -1.26572
50 111 -0.81907
51 118 0.49848
51 152 1.05048
52 131 -0.77715
52 144 0.83165
52 146 -0.15884
53 105 1.08326
53 174 0.15442
54 78 0.11395
54 170 -2.16869
54 195 -2.20615
55 97 0.2331
55 154 -0.22318
56 79 0.78231
56 141 1.01049
56 190 -1.40338
57 94 1.35943
57 152 -0.64203
58 120 1.22988
58 192 -2.29719
59 71 0.2282
59 145 1.5607
60 110 0.51144
60 149 -0.30442
61 80 0.96632
61 120 0.06537
62 86 1.35253
62 94 0.09644
62 186 -0.4624
63 66 -1.38173
63 76 -0.87812
63 156 0.03031
64 70 -1.77646
64 162 -0.50145
64 197 -1.56739
65 69 -0.57903
65 101 -0.79473
65 180 -0.26708
66 142 0.72009
66 168 1.0056
67 104 1.26272
67 161 -0.34656
67 191 -1.77963
68 84 0.07957
68 155 0.3638
68 178 -0.82485
69 114 -0.8851
69 148 2.03092
70 190 1.83684
71 165 0.04248
72 181 -1.4674
73 88 0.95517
73 160 0.64251
73 184 -0.20734
74 141 -1.14325
75 83 0.65466
76 177 0.57911
76 180 0.30667
77 86 -1.81497
77 114 0.39774
78 87 1.95712
78 157 -1.27062
79 182 1.1643
80 138 -0.84982
82 92 0.24833
82 125 1.28273
82 131 -0.71573
83 98 1.3847
84 150 0.84376
85 88 -1.19366
85 133 -0.4249
86 126 -1.26921
87 90 0.10159
87 150 0.66261
89 96 0.90942
89 121 0.35593
90 164 1.60091
91 130 1.22196
92 123 -0.97377
92 170 -0.29037
93 109 -1.2468
93 154 -1.14264
94 114 0.87096
95 133 1.2224
95 165 0.91948
95 182 -0.48672
96 128 1.26188
97 125 -1.60929
98 108 0.64533
98 134 0.45108
99 110 1.7712
99 131 0.46779
100 107 -0.51693
100 118 -0.17432
100 175 0.23125
102 168 0.95001
103 137 0.33047
104 130 -1.41967
104 136 0.31844
105 170 1.07092
106 127 0.37993
106 153 -0.03839
107 132 -0.672
108 172 -0.19162
109 155 -0.2151
111 143 -0.49632
112 156 -0.16152
112 162 -0.49245
112 167 -1.30884
115 158 2.0829
115 192 -0.66083
115 199 -0.24531
116 147 -0.93967
117 119 -0.50551
117 177 -0.6025
117 189 -1.64789
118 149 0.49929
119 121 -0.55857
119 184 0.16231
120 167 1.25342
121 134 -0.90709
122 129 0.02646
122 185 -0.1393
123 126 -0.30626
123 183 1.15401
124 176 -1.07123
124 185 0.04369
126 129 -2.05337
128 189 0.03646
129 174 -0.64778
132 159 0.15199
132 175 0.74557
133 135 0.7174
135 137 1.01941
136 160 0.30238
137 163 0.80737
138 147 -1.87766
138 198 0.08669
139 189 0.1658
140 147 1.0136
140 148 -2.63975
140 164 1.68252
143 195 -0.27205
144 178 -0.34895
145 177 -0.18295
145 186 -0.41039
146 172 -0.62457
148 172 -1.04744
150 156 0.26227
152 184 0.94837
153 183 0.50791
155 187 0.44446
158 159 0.1794
159 179 0.73473
164 174 0.09743
165 181 1.10641
166 179 -1.5703
167 169 -0.49472
168 196 1.06053
171 175 0.8749
173 179 2.44315
176 182 -2.21656
187 195 -0.74752
191 193 0.51103
193 198 -0.33015
