# model=rrg N=200 meanJ=0 seed=2357016683 distribution=gaussian field=0 num_fields=200 num_couplings=300 graph=random_regular degree=3 graph_seed=2357016683
0 0
1 0
2 0
3 0
4 0
5 0
6 0
7 0
8 0
9 0
10 0
11 0
12 0
13 0
14 0
15 0
16 0
17 0
18 0
19 0
20 0
21 0
22 0
23 0
24 0
25 0
26 0
27 0
28 0
29 0
30 0
31 0
32 0
33 0
34 0
35 0
36 0
37 0
38 0
39 0
40 0
41 0
42 0
43 0
44 0
45 0
46 0
47 0
48 0
49 0
50 0
51 0
52 0
53 0
54 0
55 0
56 0
57 0
58 0
59 0
60 0
61 0
62 0
63 0
64 0
65 0
66 0
67 0
68 0
69 0
70 0
71 0
72 0
73 0
74 0
75 0
76 0
77 0
78 0
79 0
80 0
81 0
82 0
83 0
84 0
85 0
86 0
87 0
88 0
89 0
90 0
91 0
92 0
93 0
94 0
95 0
96 0
97 0
98 0
99 0
100 0
101 0
102 0
103 0
104 0
105 0
106 0
107 0
108 0
109 0
110 0
111 0
112 0
113 0
114 0
115 0
116 0
117 0
118 0
119 0
120 0
121 0
122 0
123 0
124 0
125 0
126 0
127 0
128 0
129 0
130 0
131 0
132 0
133 0
134 0
135 0
136 0
137 0
138 0
139 0
140 0
141 0
142 0
143 0
144 0
145 0
146 0
147 0
148 0
149 0
150 0
151 0
152 0
153 0
154 0
155 0
156 0
157 0
158 0
159 0
160 0
161 0
162 0
163 0
164 0
165 0
166 0
167 0
168 0
169 0
170 0
171 0
172 0
173 0
174 0
175 0
176 0
177 0
178 0
179 0
180 0
181 0
182 0
183 0
184 0
185 0
186 0
187 0
188 0
189 0
190 0
191 0
192 0
193 0
194 0
195 0
196 0
197 0
198 0
199 0
0 71 -0.76778
0 177 0.11446
0 181 1.04283
1 76 0.80546
1 131 -0.3487
1 160 0.39331
2 71 -0.17204
2 78 -0.18058
2 111 -2.19738
3 36 0.80931
3 153 -0.61868
3 184 0.77012
4 108 0.95502
4 128 -0.54516
4 136 -0.62013
5 104 -0.25609
5 143 2.27501
5 165 0.05475
6 57 -0.49387
6 122 -0.79103
6 172 -1.80868
7 85 -0.52159
7 156 -0.60132
7 167 -0.28761
8 23 -0.49909
8 120 -0.50529
8 121 -1.09805
9 61 -0.27154
9 103 -1.95929
9 184 -0.18079
10 84 0.07083
10 106 -1.05668
10 118 -1.62335
11 52 -0.0834
11 63 -0.54714
11 119 -0.59925
12 62 1.27925
12 136 1.15825
12 140 -1.06092
13 74 -1.00114
13 126 1.27532
13 130 1.89447
14 46 -0.00126
14 60 -1.48932
14 129 1.1992
15 114 -1.47193
15 170 1.56749
15 192 0.27414
16 31 -1.06978
16 54 -1.19214
16 163 -0.81119
17 20 -0.64599
17 50 0.58759
17 143 -0.01845
18 44 1.63051
18 81 0.29086
18 198 0.21162
19 23 -0.42105
19 105 0.76519
19 187 -0.33031
20 96 1.05993
20 128 -1.37272
21 89 -1.32991
21 127 -1.27708
21 162 -0.89916
22 42 -0.50823
22 120 -0.6324
22 173 -0.22376
23 97 -1.84921
24 67 0.58641
24 95 0.7124
24 169 -1.18676
25 46 -1.03775
25 49 -1.4584
25 119 -1.80121
26 137 -1.38264
26 186 -1.75596
26 188 0.34345
27 31 0.27332
27 33 0.05418
27 188 0.00482
28 41 -1.55316
28 80 0.62415
28 81 -1.752
29 92 -0.23439
29 157 0.07853
29 175 -1.83658
30 90 0.70313
30 164 -0.26196
30 165 -0.19366
31 178 0.48776
32 65 1.34071
32 92 -0.08257
32 155 -0.9121
33 43 -0.8
33 124 -0.6591
34 46 -0.86533
34 60 -0.05054
34 109 1.02448
35 74 -0.19111
35 146 -0.08206
35 193 -0.8963
36 137 -0.46833
36 140 -0.49762
37 43 0.99565
37 96 2.32189
37 115 -0.45149
38 72 -1.3895
38 145 -0.23851
38 166 0.87481
39 115 -1.29384
39 187 0.2257
39 191 2.16748
40 77 -0.10196
40 102 -0.97633
40 197 0.89324
41 81 1.47428
41 159 -0.08168
42 132 1.01539
42 148 -0.1507
43 155 1.3701
44 117 1.94671
44 157 0.07496
45 59 0.09893
45 84 -1.41576
45 185 0.90088
47 86 -0.77312
47 103 -0.19262
47 156 -1.48931
48 111 0.1475
48 120 1.23383
48 167 1.23435
49 83 0.85553
49 118 1.32334
50 197 -0.18314
50 199 1.10643
51 123 -0.27948
51 188 -0.8202
51 190 1.70415
52 59 -0.89614
52 151 -1.47159
53 79 -0.31779
53 88 -0.35658
53 182 -1.43086
54 85 0.1402
54 198 -1.36631
55 58 -0.30238
55 149 1.18781
55 196 1.7927
56 90 -0.47558
56 105 -0.54539
56 162 0.15291
57 172 -2.13054
57 180 -1.07649
58 67 0.83038
58 193 0.29472
59 186 1.62759
60 142 -1.48421
61 114 0.71939
61 155 -0.69394
62 112 -0.91
62 134 0.83471
63 69 0.37488
63 166 -1.18709
64 73 0.65959
64 101 0.25067
64 173 -0.90437
65 110 -0.99309
65 195 1.17482
66 80 1.02317
66 94 0.84205
66 135 0.78351
67 153 -2.40924
68 112 -1.83224
68 124 -0.52466
68 194 0.6448
69 96 -0.07916
69 147 -0.27037
70 72 0.99248
70 142 0.25632
70 146 -1.02837
71 95 -0.0588
72 160 -1.0035
73 145 -0.18124
73 198 -0.59483
74 164 -0.85123
75 161 -3.35742
75 163 1.23692
75 190 0.62886
76 78 -0.15236
76 187 -1.09096
77 82 -1.46966
77 106 -1.08195
78 104 -1.18917
79 138 -0.99421
79 144 -0.34942
80 181 0.05298
82 108 -0.77191
82 161 0.55102
83 89 -0.54262
83 127 -1.09768
84 122 -0.52316
85 174 -0.20709
86 92 -0.43766
86 113 -0.93487
87 99 -1.0965
87 151 -1.3174
87 191 0.52271
88 153 -2.38298
88 175 1.24122
89 132 0.34048
90 139 0.13751
91 93 0.70483
91 144 -0.46312
91 161 -0.75064
93 127 -2.00701
93 154 -0.44286
94 137 -0.93304
94 163 2.00021
95 199 -0.25774
97 110 -0.3288
97 139 -0.2976
98 138 -1.05452
98 150 0.71708
98 182 0.4689
99 101 1.2396
99 108 1.27533
100 179 1.49564
100 183 0.35831
100 199 -1.83845
101 139 0.28462
102 189 0.24305
102 193 -0.7645
103 150 -0.17655
104 154 0.941
105 173 -0.13581
106 169 -0.09814
107 110 -0.68504
107 152 0.92334
107 167 0.08085
109 130 -0.2547
109 135 -1.77328
111 190 0.55687
112 133 -0.05428
113 180 1.27366
113 182 1.48183
114 180 -1.62938
115 172 0.29281
116 131 0.31293
116 170 -1.06186
116 171 -0.58217
117 168 -1.18598
117 177 -0.21271
118 197 0.18505
119 191 0.43545
121 125 -0.01813
121 195 1.69977
122 192 1.47766
123 158 -0.26221
123 181 -0.0279
124 174 -0.20309
125 129 -1.15191
125 132 -1.82261
126 135 -0.73716
126 162 -0.42389
128 136 -1.05605
129 157 -0.01171
130 165 0.34267
131 166 1.23841
133 152 -0.00343
133 176 1.60282
134 160 -0.73899
134 179 1.30628
138 174 -0.8374
140 169 -2.35904
141 147 -0.45266
141 184 0.47565
141 189 -1.63949
142 151 -1.49514
143 154 0.59926
144 146 0.77074
145 195 0.22549
147 148 1.28904
148 171 0.83775
149 171 0.52465
149 179 -0.02103
150 178 0.63129
152 168 -1.28854
156 183 -0.62109
158 164 -1.4778
158 170 1.18873
159 176 0.16985
159 194 0.00865
168 196 0.6534
175 183 0.00094
176 185 0.26519
177 194 0.83845
178 189 -0.65379
185 186 -1.93086
192 196 1.20973
