# model=rrg N=200 meanJ=0 seed=3175720738 distribution=gaussian field=0 num_fields=200 num_couplings=300 graph=random_regular degree=3 graph_seed=3175720738
0 0
1 0
2 0
3 0
4 0
5 0
6 0
7 0
8 0
9 0
10 0
11 0
12 0
13 0
14 0
15 0
16 0
17 0
18 0
19 0
20 0
21 0
22 0
23 0
24 0
25 0
26 0
27 0
28 0
29 0
30 0
31 0
32 0
33 0
34 0
35 0
36 0
37 0
38 0
39 0
40 0
41 0
42 0
43 0
44 0
45 0
46 0
47 0
48 0
49 0
50 0
51 0
52 0
53 0
54 0
55 0
56 0
57 0
58 0
59 0
60 0
61 0
62 0
63 0
64 0
65 0
66 0
67 0
68 0
69 0
70 0
71 0
72 0
73 0
74 0
75 0
76 0
77 0
78 0
79 0
80 0
81 0
82 0
83 0
84 0
85 0
86 0
87 0
88 0
89 0
90 0
91 0
92 0
93 0
94 0
95 0
96 0
97 0
98 0
99 0
100 0
101 0
102 0
103 0
104 0
105 0
106 0
107 0
108 0
109 0
110 0
111 0
112 0
113 0
114 0
115 0
116 0
117 0
118 0
119 0
120 0
121 0
122 0
123 0
124 0
125 0
126 0
127 0
128 0
129 0
130 0
131 0
132 0
133 0
134 0
135 0
136 0
137 0
138 0
139 0
140 0
141 0
142 0
143 0
144 0
145 0
146 0
147 0
148 0
149 0
150 0
151 0
152 0
153 0
154 0
155 0
156 0
157 0
158 0
159 0
160 0
161 0
162 0
163 0
164 0
165 0
166 0
167 0
168 0
169 0
170 0
171 0
172 0
173 0
174 0
175 0
176 0
177 0
178 0
179 0
180 0
181 0
182 0
183 0
184 0
185 0
186 0
187 0
188 0
189 0
190 0
191 0
192 0
193 0
194 0
195 0
196 0
197 0
198 0
199 0
0 15 1.27813
0 69 0.79235
0 196 -0.38056
1 8 1.06273
1 160 0.6937
1 171 0.05775
2 10 1.38308
2 41 2.29794
2 67 0.81944
3 30 -1.0347
3 118 0.47413
3 169 0.11309
4 100 -0.13747
4 103 1.24693
4 163 0.5655
5 63 0.17676
5 120 0.98438
5 181 0.50008
6 70 0.27924
6 145 0.55206
6 197 0.86605
7 10 -0.64635
7 80 -0.24108
7 92 0.69399
8 13 0.35039
8 174 0.51082
9 26 -0.06563
9 38 -0.45304
9 157 0.08403
10 139 0.71373
11 14 0.21425
11 36 0.27852
11 190 1.01388
12 53 0.86036
12 130 1.05036
12 183 0.35857
13 95 -0.0982
13 191 -0.92575
14 118 -1.49878
14 131 -0.07616
15 37 1.10689
15 88 0.57699
16 29 -0.59062
16 88 -0.37648
16 158 0.18884
17 49 1.72152
17 78 1.07444
17 103 -1.01058
18 102 -0.5643
18 129 1.1859
18 185 -0.99847
19 48 -0.54129
19 66 1.10865
19 175 -0.43832
20 76 -0.46814
20 115 1.08006
20 157 -1.60005
21 65 1.29678
21 93 0.44824
21 122 0.94422
22 89 1.11864
22 100 1.88207
22 121 -0.92713
23 29 0.61365
23 59 -0.14092
23 98 -0.58504
24 80 0.57906
24 147 0.74514
24 196 0.27503
25 123 -1.25756
25 166 -1.06481
25 194 0.23335
26 50 -1.08662
26 66 -1.22012
27 68 -0.03372
27 79 0.35436
27 170 -1.2177
28 51 0.59745
28 114 -1.57409
28 135 0.72968
29 116 -0.00585
30 96 0.58579
30 164 -0.17396
31 83 0.21338
31 189 -0.96079
31 194 -1.76557
32 144 0.40256
32 184 1.02928
32 197 0.24058
33 34 0.16585
33 45 0.51793
33 127 0.00224
34 40 -1.19969
34 97 -0.131
35 106 -0.52371
35 138 1.97869
35 181 0.62278
36 107 0.1312
36 168 1.01048
37 85 -1.08249
37 145 0.03584
38 65 0.02238
38 94 -0.69222
39 134 -0.07956
39 156 0.07545
39 176 -0.04251
40 99 -1.35693
40 131 0.64631
41 167 -1.38832
41 168 -0.41488
42 68 0.81088
42 69 -2.10495
42 148 0.68176
43 86 1.85419
43 110 0.36812
43 154 0.0616
44 61 0.86355
44 134 1.50466
44 192 0.67213
45 55 -0.07241
45 137 0.17149
46 153 0.55143
46 171 1.63859
46 190 0.65413
47 83 -0.75966
47 184 -0.8907
47 187 -0.98708
48 97 0.3354
48 132 -0.24432
49 125 -0.62097
49 140 0.61077
50 73 -0.19785
50 115 -2.71643
51 84 -0.26611
51 141 0.16819
52 131 0.83278
52 167 -0.19609
52 172 0.45281
53 57 0.86302
53 165 -0.39419
54 126 -1.47919
54 195 0.98491
54 198 0.52165
55 126 0.93251
55 176 0.68631
56 58 0.43419
56 78 -0.77698
56 194 0.85045
57 72 0.03158
57 160 -1.60334
58 159 -0.9566
58 193 0.17293
59 142 0.01843
59 143 -0.48731
60 67 -0.3995
60 143 -1.02727
60 161 -0.41045
61 119 -0.82246
61 149 1.77954
62 101 -0.74874
62 104 -0.36058
62 160 1.03579
63 120 -1.23872
63 177 -0.64276
64 102 -0.65434
64 153 0.36853
64 199 -1.62041
65 178 -0.96485
66 165 0.65841
67 120 -0.89878
68 129 -1.26339
69 151 0.89168
70 101 0.05593
70 176 0.04093
71 110 0.20243
71 157 -1.8746
71 199 0.25292
72 74 0.27557
72 179 -1.33966
73 161 0.3198
73 182 0.51526
74 163 0.01625
74 178 -0.19246
75 139 0.39031
75 182 0.55697
75 189 1.20235
76 126 -0.56812
76 168 -0.01534
77 112 -0.68363
77 155 -1.64822
77 192 0.28206
78 111 0.07373
79 151 -0.08283
79 178 0.14616
80 114 -1.0885
81 82 -1.26598
81 132 -0.12381
81 143 1.25795
82 158 -1.209
82 187 -0.49438
83 108 -0.41416
84 108 0.32125
84 109 0.44657
85 89 0.19651
85 195 -0.012
86 89 0.05833
86 105 1.43904
87 112 1.29598
87 144 0.4354
87 188 -0.01996
88 137 1.54548
90 117 -1.22843
90 180 0.19659
90 193 -2.01135
91 111 0.70203
91 183 -0.53698
91 199 -0.55981
92 123 -0.20223
92 138 1.10264
93 101 -0.91734
93 185 0.66024
94 140 0.63435
94 169 -0.26893
95 121 0.688
95 123 0.83956
96 98 0.76365
96 146 0.43996
97 136 -0.81705
98 152 -0.48786
99 115 -0.34795
99 193 0.88558
100 167 0.59301
102 152 0.70184
103 197 -0.46912
104 159 -0.25486
104 198 -0.20646
105 125 0.4935
105 136 -0.08328
106 184 -0.06964
106 189 0.46292
107 172 -1.19481
107 192 0.81608
108 159 -0.28185
109 114 0.6403
109 182 -0.74207
110 139 1.43671
111 153 -0.47678
112 129 -1.70667
113 124 -2.23492
113 132 1.91995
113 195 0.43891
116 142 0.22252
116 161 -1.57733
117 137 0.88362
117 173 1.18357
118 135 -0.46334
119 141 -1.03893
119 186 -1.45707
121 171 -1.34786
122 140 -0.84119
122 148 0.54586
124 149 0.0695
124 156 -0.68253
125 150 1.44113
127 145 0.80678
127 152 -0.05626
128 130 0.81916
128 175 -0.31127
128 198 0.43604
130 179 0.44532
133 148 -0.93826
133 164 0.95275
133 179 -0.04633
134 154 0.81793
135 149 -0.96972
136 166 0.30261
138 172 -0.463
141 162 0.51754
142 183 -0.17559
144 191 -0.92214
146 156 1.20154
146 186 0.16052
147 151 2.07442
147 190 -1.50053
150 174 0.41399
150 188 -0.26302
154 173 -0.3835
155 162 -1.11526
155 186 -0.43672
158 177 1.77725
162 196 -0.0847
163 185 0.7805
164 187 1.10737
165 169 0.03173
166 170 1.24632
170 180 -0.10714
173 175 -0.26457
174 180 -0.3725
177 181 1.73448
188 191 0.11205
