# model=rrg N=150 meanJ=0 seed=1543412961 distribution=gaussian field=0 num_fields=150 num_couplings=225
0 0
1 0
2 0
3 0
4 0
5 0
6 0
7 0
8 0
9 0
10 0
11 0
12 0
13 0
14 0
15 0
16 0
17 0
18 0
19 0
20 0
21 0
22 0
23 0
24 0
25 0
26 0
27 0
28 0
29 0
30 0
31 0
32 0
33 0
34 0
35 0
36 0
37 0
38 0
39 0
40 0
41 0
42 0
43 0
44 0
45 0
46 0
47 0
48 0
49 0
50 0
51 0
52 0
53 0
54 0
55 0
56 0
57 0
58 0
59 0
60 0
61 0
62 0
63 0
64 0
65 0
66 0
67 0
68 0
69 0
70 0
71 0
72 0
73 0
74 0
75 0
76 0
77 0
78 0
79 0
80 0
81 0
82 0
83 0
84 0
85 0
86 0
87 0
88 0
89 0
90 0
91 0
92 0
93 0
94 0
95 0
96 0
97 0
98 0
99 0
100 0
101 0
102 0
103 0
104 0
105 0
106 0
107 0
108 0
109 0
110 0
111 0
112 0
113 0
114 0
115 0
116 0
117 0
118 0
119 0
120 0
121 0
122 0
123 0
124 0
125 0
126 0
127 0
128 0
129 0
130 0
131 0
132 0
133 0
134 0
135 0
136 0
137 0
138 0
139 0
140 0
141 0
142 0
143 0
144 0
145 0
146 0
147 0
148 0
149 0
0 46 -0.13671
0 78 0.85996
0 125 0.7648
1 23 0.53115
1 48 0.24098
1 71 0.01301
2 24 1.1029
2 29 -0.10452
2 45 -1.13074
3 90 0.18575
3 106 -1.56533
3 107 -0.69525
4 21 0.13005
4 57 1.48205
4 103 -0.70375
5 22 -1.24304
5 81 0.14435
5 118 0.09535
6 73 -0.16308
6 82 0.58148
6 88 -0.93669
7 13 0.83517
7 28 -0.29053
7 106 0.6737
8 30 -0.2086
8 35 0.68607
8 65 -2.55889
9 22 -0.5739
9 79 2.6782
9 87 -0.33363
10 46 -0.28179
10 49 0.89428
10 140 0.84724
11 53 -1.82479
11 62 -0.77424
11 128 -0.88666
12 18 2.34633
12 94 -1.66701
12 122 -1.42625
13 35 1.16324
13 92 1.98612
14 116 0.59796
14 127 -0.93289
14 148 1.21249
15 72 0.79882
15 115 1.3551
15 140 0.76681
16 26 -0.20923
16 33 0.30599
16 99 1.25487
17 86 -0.87173
17 101 -0.52463
17 115 1.50282
18 97 1.51389
18 136 0.53473
19 65 -0.3987
19 102 0.58242
19 110 -0.38492
20 67 -1.05657
20 69 -0.70878
20 141 0.73846
21 105 0.6697
21 136 0.74319
22 143 0.26566
23 69 -0.04011
23 87 -1.43382
24 66 0.49764
24 89 0.56847
25 58 1.33343
25 104 -1.33465
25 139 -0.04678
26 130 -1.51298
26 149 -0.32127
27 34 -0.41549
27 59 -1.66905
27 63 1.01868
28 77 0.68224
28 135 -0.92374
29 71 1.69357
29 132 0.15588
30 59 -1.44633
30 111 0.53087
31 37 -1.47416
31 51 1.49701
31 88 -0.22646
32 48 0.09302
32 81 -0.34681
32 89 0.1591
33 117 0.61153
33 145 0.15137
34 95 -0.49718
34 123 0.71605
35 70 0.64561
36 45 -1.95371
36 46 -0.1027
36 90 0.03435
37 85 -0.55224
37 104 -1.72324
38 44 -1.45138
38 47 -0.63537
38 137 -0.25223
39 52 -1.65293
39 109 -0.25885
39 139 0.01938
40 42 -1.20272
40 49 1.27733
40 120 0.43867
41 50 -0.77503
41 121 1.11961
41 133 -2.20041
42 63 0.4647
42 123 0.10379
43 88 -0.23563
43 104 -0.60708
43 119 -1.32369
44 91 1.33452
44 113 0.33077
45 86 -0.01235
47 79 -0.58239
47 84 -0.58856
48 61 0.53979
49 61 -0.11909
50 76 0.59104
50 129 0.48733
51 94 -1.06892
51 135 0.49625
52 53 0.29822
52 124 -1.67844
53 111 -0.17518
54 64 1.23453
54 74 -0.17814
54 80 0.19705
55 72 -0.00563
55 90 -0.06538
55 112 0.791
56 75 0.21329
56 84 0.48509
56 91 -0.94157
57 112 -0.54424
57 115 0.42634
58 77 -0.75809
58 144 -0.72315
59 132 0.32607
60 85 0.5052
60 110 -0.56409
60 138 0.49609
61 123 0.51416
62 71 -1.43195
62 149 0.65709
63 108 -0.21303
64 92 -0.46805
64 93 0.48558
65 122 0.6155
66 77 -0.5659
66 83 0.72264
67 120 -0.45158
67 134 -0.95184
68 81 -0.10656
68 109 2.06553
68 112 1.90817
69 113 -0.33916
70 101 2.25454
70 110 -1.25124
72 74 0.19911
73 87 -0.65001
73 128 0.45007
74 100 0.10116
75 114 -0.44266
75 127 0.94159
76 127 0.68577
76 137 0.74718
78 98 -0.79565
78 131 -1.0849
79 96 -0.21471
80 141 0.40851
80 148 0.37624
82 97 -0.75643
82 138 -0.1522
83 130 -0.87031
83 142 -0.51399
84 147 -0.40531
85 126 1.76457
86 103 -0.98239
89 149 -0.00409
91 144 -0.19064
92 145 1.15211
93 108 -1.15435
93 132 -2.00983
94 114 0.70305
95 126 0.51957
95 128 -0.77802
96 107 0.63891
96 140 -0.96158
97 143 -0.16899
98 99 0.59479
98 124 0.43038
99 119 0.20568
100 136 -0.881
100 144 0.05481
101 103 0.03453
102 130 -0.60848
102 146 0.50768
105 107 0.13483
105 137 0.35083
106 148 -0.94832
108 109 0.22709
111 116 -0.79779
113 138 -0.60531
114 131 0.4077
116 125 -2.27567
117 124 -0.30979
117 141 0.98563
118 142 0.77972
118 147 0.97279
119 147 -1.63916
120 129 -0.45128
121 122 -1.25632
121 135 0.71427
125 146 0.9284
126 133 -0.4581
129 142 0.82736
131 143 1.59504
133 134 -1.39499
134 139 0.46186
145 146 0.31346
