# model=ea2d N=256 meanJ=0 seed=2584918744 distribution=gaussian field=0 num_fields=256 num_couplings=512
0 0
1 0
2 0
3 0
4 0
5 0
6 0
7 0
8 0
9 0
10 0
11 0
12 0
13 0
14 0
15 0
16 0
17 0
18 0
19 0
20 0
21 0
22 0
23 0
24 0
25 0
26 0
27 0
28 0
29 0
30 0
31 0
32 0
33 0
34 0
35 0
36 0
37 0
38 0
39 0
40 0
41 0
42 0
43 0
44 0
45 0
46 0
47 0
48 0
49 0
50 0
51 0
52 0
53 0
54 0
55 0
56 0
57 0
58 0
59 0
60 0
61 0
62 0
63 0
64 0
65 0
66 0
67 0
68 0
69 0
70 0
71 0
72 0
73 0
74 0
75 0
76 0
77 0
78 0
79 0
80 0
81 0
82 0
83 0
84 0
85 0
86 0
87 0
88 0
89 0
90 0
91 0
92 0
93 0
94 0
95 0
96 0
97 0
98 0
99 0
100 0
101 0
102 0
103 0
104 0
105 0
106 0
107 0
108 0
109 0
110 0
111 0
112 0
113 0
114 0
115 0
116 0
117 0
118 0
119 0
120 0
121 0
122 0
123 0
124 0
125 0
126 0
127 0
128 0
129 0
130 0
131 0
132 0
133 0
134 0
135 0
136 0
137 0
138 0
139 0
140 0
141 0
142 0
143 0
144 0
145 0
146 0
147 0
148 0
149 0
150 0
151 0
152 0
153 0
154 0
155 0
156 0
157 0
158 0
159 0
160 0
161 0
162 0
163 0
164 0
165 0
166 0
167 0
168 0
169 0
170 0
171 0
172 0
173 0
174 0
175 0
176 0
177 0
178 0
179 0
180 0
181 0
182 0
183 0
184 0
185 0
186 0
187 0
188 0
189 0
190 0
191 0
192 0
193 0
194 0
195 0
196 0
197 0
198 0
199 0
200 0
201 0
202 0
203 0
204 0
205 0
206 0
207 0
208 0
209 0
210 0
211 0
212 0
213 0
214 0
215 0
216 0
217 0
218 0
219 0
220 0
221 0
222 0
223 0
224 0
225 0
226 0
227 0
228 0
229 0
230 0
231 0
232 0
233 0
234 0
235 0
236 0
237 0
238 0
239 0
240 0
241 0
242 0
243 0
244 0
245 0
246 0
247 0
248 0
249 0
250 0
251 0
252 0
253 0
254 0
255 0
0 16 0.37744
0 1 0.21524
1 17 1.65598
1 2 -0.32265
2 18 -0.48033
2 3 1.85849
3 19 0.83472
3 4 -0.50169
4 20 0.14504
4 5 -1.58569
5 21 0.47875
5 6 0.85681
6 22 1.36979
6 7 3.31733
7 23 0.18537
7 8 0.98944
8 24 0.39993
8 9 -2.13075
9 25 -0.53812
9 10 1.2493
10 26 -0.68406
10 11 -0.77761
11 27 -0.16925
11 12 -0.13914
12 28 -0.40286
12 13 0.51907
13 29 0.54943
13 14 1.60326
14 30 -0.56799
14 15 -0.46288
15 31 -1.55132
0 15 -0.14992
16 32 0.32134
16 17 -0.17869
17 33 -0.24065
17 18 -0.08079
18 34 -0.06108
18 19 -0.39217
19 35 -0.69215
19 20 0.47278
20 36 -0.58257
20 21 -1.30909
21 37 0.93897
21 22 -0.94415
22 38 -1.56277
22 23 0.53964
23 39 1.98099
23 24 0.20124
24 40 -1.90525
24 25 1.53762
25 41 1.71644
25 26 -0.01289
26 42 0.70581
26 27 0.85668
27 43 -0.62284
27 28 -0.33385
28 44 0.10165
28 29 0.75165
29 45 -0.09586
29 30 0.23304
30 46 -2.18872
30 31 0.22713
31 47 -0.57728
16 31 0.68318
32 48 0.30556
32 33 0.41348
33 49 1.20576
33 34 1.09991
34 50 -1.31144
34 35 0.58419
35 51 -0.4441
35 36 -1.58487
36 52 1.4488
36 37 0.81206
37 53 0.14371
37 38 1.9356
38 54 0.45053
38 39 -0.37328
39 55 0.47273
39 40 0.59311
40 56 0.95763
40 41 -0.37269
41 57 -0.20616
41 42 1.18941
42 58 0.18853
42 43 1.76059
43 59 0.9655
43 44 -0.93279
44 60 0.34244
44 45 -0.9127
45 61 1.4298
45 46 -0.69627
46 62 -0.21924
46 47 0.2811
47 63 1.10394
32 47 -1.62395
48 64 0.29843
48 49 1.55195
49 65 -1.27458
49 50 1.43806
50 66 -0.38507
50 51 -0.38028
51 67 0.27296
51 52 -1.08789
52 68 0.43208
52 53 -0.79876
53 69 0.86768
53 54 -0.47674
54 70 0.05821
54 55 0.41304
55 71 0.40187
55 56 -0.54383
56 72 -0.66021
56 57 -0.32237
57 73 0.20247
57 58 -1.07249
58 74 1.69512
58 59 -0.53616
59 75 1.44337
59 60 0.78681
60 76 -2.89215
60 61 0.25677
61 77 1.49717
61 62 -1.99963
62 78 0.67987
62 63 0.7195
63 79 1.01838
48 63 -0.41883
64 80 0.25357
64 65 -0.5078
65 81 0.08603
65 66 -1.00977
66 82 1.12084
66 67 -1.78994
67 83 -0.1689
67 68 -0.05391
68 84 -0.10935
68 69 -0.57571
69 85 2.73906
69 70 -2.0839
70 86 -0.35393
70 71 -0.19743
71 87 -0.88289
71 72 0.18878
72 88 0.57451
72 73 0.51125
73 89 -0.46449
73 74 0.79965
74 90 1.92734
74 75 0.45758
75 91 -1.8709
75 76 -0.46831
76 92 0.30787
76 77 0.15046
77 93 1.40641
77 78 -0.96706
78 94 -0.13716
78 79 -0.9702
79 95 0.25548
64 79 1.43571
80 96 2.15465
80 81 0.88875
81 97 -0.29797
81 82 1.23585
82 98 0.18663
82 83 -1.98378
83 99 0.16388
83 84 0.0856
84 100 -0.35843
84 85 -0.73607
85 101 0.81683
85 86 0.39358
86 102 0.05116
86 87 -0.04881
87 103 0.54184
87 88 0.41124
88 104 -0.01541
88 89 -0.03047
89 105 0.89045
89 90 1.03653
90 106 -0.73129
90 91 -0.11378
91 107 0.14825
91 92 -0.58634
92 108 0.24177
92 93 -0.46901
93 109 -0.24719
93 94 0.95016
94 110 -0.80108
94 95 1.04791
95 111 -0.32005
80 95 0.06402
96 112 0.76986
96 97 1.00447
97 113 0.55751
97 98 -1.05774
98 114 -0.67174
98 99 -1.0659
99 115 1.54349
99 100 0.98994
100 116 -0.51579
100 101 1.15959
101 117 0.17165
101 102 -0.20202
102 118 0.16253
102 103 1.14345
103 119 1.34679
103 104 0.95685
104 120 -0.58474
104 105 -0.81817
105 121 0.72389
105 106 -0.51098
106 122 1.90289
106 107 0.10602
107 123 1.65842
107 108 -0.55458
108 124 -0.97472
108 109 1.31621
109 125 0.72309
109 110 1.486
110 126 -0.20903
110 111 0.47971
111 127 -1.04122
96 111 -0.81177
112 128 -0.27555
112 113 -0.25008
113 129 -1.30626
113 114 -0.91448
114 130 -0.0143
114 115 -1.27453
115 131 -0.03397
115 116 0.01204
116 132 0.76914
116 117 -0.29503
117 133 -2.01653
117 118 1.21187
118 134 0.88251
118 119 0.6499
119 135 -1.76402
119 120 -0.8176
120 136 1.16906
120 121 -0.99282
121 137 -0.18507
121 122 0.07279
122 138 0.04027
122 123 -0.7643
123 139 -0.25504
123 124 -0.35446
124 140 -1.51758
124 125 0.52509
125 141 -2.33945
125 126 -0.25692
126 142 0.79232
126 127 0.75418
127 143 -0.63095
112 127 -0.24972
128 144 -1.8837
128 129 0.82934
129 145 -0.75966
129 130 0.15606
130 146 1.88404
130 131 -0.90114
131 147 0.05228
131 132 -0.81134
132 148 0.98883
132 133 0.55484
133 149 1.24154
133 134 -0.01201
134 150 -0.59707
134 135 0.29749
135 151 1.15697
135 136 -0.58912
136 152 -1.50852
136 137 -1.86422
137 153 -0.39761
137 138 -0.99148
138 154 0.62518
138 139 -1.63593
139 155 0.38578
139 140 1.37406
140 156 -1.63157
140 141 0.21308
141 157 -0.35416
141 142 0.37014
142 158 -0.88856
142 143 1.39804
143 159 -2.12439
128 143 0.17668
144 160 0.23292
144 145 0.3336
145 161 -0.59795
145 146 0.58551
146 162 1.25945
146 147 2.59768
147 163 1.09042
147 148 1.73699
148 164 -0.65763
148 149 1.22257
149 165 0.09325
149 150 0.41065
150 166 0.62855
150 151 -1.01823
151 167 0.21312
151 152 0.97891
152 168 -1.03319
152 153 1.27912
153 169 0.21193
153 154 0.81735
154 170 -1.04497
154 155 -0.57141
155 171 -0.25142
155 156 -1.58666
156 172 1.54233
156 157 -0.09253
157 173 -1.62477
157 158 0.26843
158 174 -0.43154
158 159 0.85197
159 175 -0.19409
144 159 0.29843
160 176 0.44288
160 161 -0.84813
161 177 0.65669
161 162 -0.36822
162 178 -0.25168
162 163 0.74327
163 179 0.57398
163 164 -0.57578
164 180 -1.38941
164 165 1.65958
165 181 1.07475
165 166 -0.98374
166 182 1.05842
166 167 -0.767
167 183 -1.40679
167 168 0.78989
168 184 0.31485
168 169 -0.01192
169 185 -0.37422
169 170 -1.27845
170 186 -0.04673
170 171 -0.41388
171 187 0.46501
171 172 -0.38463
172 188 0.52027
172 173 -0.17304
173 189 0.14077
173 174 0.39891
174 190 -0.02613
174 175 0.05294
175 191 -0.70853
160 175 -0.35474
176 192 0.04877
176 177 -1.8545
177 193 0.19714
177 178 -1.72175
178 194 0.04324
178 179 0.29113
179 195 0.51357
179 180 -0.50706
180 196 -1.68249
180 181 0.28815
181 197 -0.14554
181 182 2.10524
182 198 2.25364
182 183 0.86454
183 199 -0.94638
183 184 -0.30793
184 200 1.80744
184 185 -1.02963
185 201 0.57012
185 186 -0.67533
186 202 1.21532
186 187 -0.81772
187 203 1.11559
187 188 -0.66396
188 204 1.8059
188 189 -0.12915
189 205 -0.76196
189 190 -1.5165
190 206 -0.57085
190 191 1.04336
191 207 -0.99839
176 191 -0.11582
192 208 -0.91141
192 193 0.13045
193 209 0.09611
193 194 -1.57661
194 210 0.43465
194 195 -1.24674
195 211 -0.64351
195 196 -1.90695
196 212 -1.04262
196 197 -1.21502
197 213 -0.05257
197 198 1.09343
198 214 -0.45929
198 199 1.37553
199 215 0.20584
199 200 -0.53129
200 216 -2.08948
200 201 1.12893
201 217 -0.34514
201 202 -0.664
202 218 0.62101
202 203 -0.34823
203 219 -1.15462
203 204 0.42759
204 220 0.58917
204 205 -0.53435
205 221 1.41648
205 206 0.02658
206 222 -0.86813
206 207 0.98426
207 223 -0.35078
192 207 -0.53051
208 224 0.76583
208 209 0.37161
209 225 -0.52458
209 210 0.46479
210 226 -0.26567
210 211 1.94179
211 227 0.74784
211 212 0.86614
212 228 -0.80243
212 213 0.41969
213 229 0.14596
213 214 0.22909
214 230 -0.31577
214 215 0.45506
215 231 -1.35602
215 216 -0.60546
216 232 0.46517
216 217 -1.70719
217 233 0.76933
217 218 -1.30555
218 234 0.17816
218 219 -0.60116
219 235 -0.25302
219 220 -1.19982
220 236 0.49756
220 221 0.32151
221 237 -1.40701
221 222 -1.10091
222 238 0.28831
222 223 -0.49223
223 239 1.14728
208 223 -0.2733
224 240 -0.14277
224 225 -1.21213
225 241 -0.04327
225 226 0.95843
226 242 0.07278
226 227 -0.06946
227 243 0.27807
227 228 0.46097
228 244 -0.07214
228 229 -0.33883
229 245 0.56289
229 230 0.91517
230 246 0.36309
230 231 0.43979
231 247 0.38901
231 232 3.11736
232 248 -1.4865
232 233 -0.47426
233 249 1.16293
233 234 -1.07379
234 250 0.05773
234 235 0.44821
235 251 -0.25487
235 236 -0.92548
236 252 -0.21363
236 237 -0.62713
237 253 0.64727
237 238 -0.54835
238 254 -0.25971
238 239 -0.00677
239 255 -0.3769
224 239 -0.75313
0 240 0.71789
240 241 0.58347
1 241 2.4977
241 242 0.5667
2 242 1.04632
242 243 -0.62609
3 243 0.21242
243 244 -1.27833
4 244 0.64858
244 245 -1.20814
5 245 -0.3936
245 246 -2.67409
6 246 0.14355
246 247 0.87605
7 247 -1.55046
247 248 -0.03049
8 248 -0.01267
248 249 0.35871
9 249 1.49462
249 250 -0.57132
10 250 -0.64115
250 251 0.80585
11 251 0.0535
251 252 -1.42599
12 252 0.03274
252 253 0.01094
13 253 0.13031
253 254 -1.1589
14 254 0.72901
254 255 -0.64472
15 255 -0.80105
240 255 0.87637
