# model=ea2d N=256 meanJ=0 seed=28632204 distribution=gaussian field=0 num_fields=256 num_couplings=512
0 0
1 0
2 0
3 0
4 0
5 0
6 0
7 0
8 0
9 0
10 0
11 0
12 0
13 0
14 0
15 0
16 0
17 0
18 0
19 0
20 0
21 0
22 0
23 0
24 0
25 0
26 0
27 0
28 0
29 0
30 0
31 0
32 0
33 0
34 0
35 0
36 0
37 0
38 0
39 0
40 0
41 0
42 0
43 0
44 0
45 0
46 0
47 0
48 0
49 0
50 0
51 0
52 0
53 0
54 0
55 0
56 0
57 0
58 0
59 0
60 0
61 0
62 0
63 0
64 0
65 0
66 0
67 0
68 0
69 0
70 0
71 0
72 0
73 0
74 0
75 0
76 0
77 0
78 0
79 0
80 0
81 0
82 0
83 0
84 0
85 0
86 0
87 0
88 0
89 0
90 0
91 0
92 0
93 0
94 0
95 0
96 0
97 0
98 0
99 0
100 0
101 0
102 0
103 0
104 0
105 0
106 0
107 0
108 0
109 0
110 0
111 0
112 0
113 0
114 0
115 0
116 0
117 0
118 0
119 0
120 0
121 0
122 0
123 0
124 0
125 0
126 0
127 0
128 0
129 0
130 0
131 0
132 0
133 0
134 0
135 0
136 0
137 0
138 0
139 0
140 0
141 0
142 0
143 0
144 0
145 0
146 0
147 0
148 0
149 0
150 0
151 0
152 0
153 0
154 0
155 0
156 0
157 0
158 0
159 0
160 0
161 0
162 0
163 0
164 0
165 0
166 0
167 0
168 0
169 0
170 0
171 0
172 0
173 0
174 0
175 0
176 0
177 0
178 0
179 0
180 0
181 0
182 0
183 0
184 0
185 0
186 0
187 0
188 0
189 0
190 0
191 0
192 0
193 0
194 0
195 0
196 0
197 0
198 0
199 0
200 0
201 0
202 0
203 0
204 0
205 0
206 0
207 0
208 0
209 0
210 0
211 0
212 0
213 0
214 0
215 0
216 0
217 0
218 0
219 0
220 0
221 0
222 0
223 0
224 0
225 0
226 0
227 0
228 0
229 0
230 0
231 0
232 0
233 0
234 0
235 0
236 0
237 0
238 0
239 0
240 0
241 0
242 0
243 0
244 0
245 0
246 0
247 0
248 0
249 0
250 0
251 0
252 0
253 0
254 0
255 0
0 16 -1.63757
0 1 -0.66905
1 17 -0.6224
1 2 0.78358
2 18 0.12655
2 3 -0.87962
3 19 -0.78538
3 4 -0.47557
4 20 1.43623
4 5 -0.03568
5 21 -0.08451
5 6 0.92511
6 22 -0.73482
6 7 1.55646
7 23 0.4155
7 8 -1.07014
8 24 -0.93576
8 9 -0.09491
9 25 1.15013
9 10 -0.46109
10 26 1.30463
10 11 -0.9201
11 27 -0.53768
11 12 -0.20298
12 28 -0.03557
12 13 -0.74416
13 29 -1.32227
13 14 1.88451
14 30 0.00597
14 15 0.26036
15 31 -0.76898
0 15 -0.35536
16 32 -0.40229
16 17 -0.8378
17 33 1.86841
17 18 0.01123
18 34 0.72119
18 19 1.02978
19 35 -1.58609
19 20 0.60714
20 36 0.05264
20 21 -0.37108
21 37 -1.46542
21 22 -0.85109
22 38 -0.93983
22 23 2.55276
23 39 -1.05883
23 24 -0.43618
24 40 2.08252
24 25 0.41002
25 41 1.56123
25 26 -1.31667
26 42 0.85631
26 27 -0.70302
27 43 -0.78707
27 28 0.94392
28 44 0.7217
28 29 -0.13245
29 45 -0.3342
29 30 -0.12523
30 46 -0.73257
30 31 0.63313
31 47 -0.17306
16 31 -0.21307
32 48 -0.2451
32 33 -0.12651
33 49 0.86542
33 34 -0.90762
34 50 -1.15574
34 35 -1.45776
35 51 0.44878
35 36 0.48311
36 52 0.5316
36 37 1.67898
37 53 0.14558
37 38 -1.54153
38 54 0.95128
38 39 -0.25683
39 55 0.3563
39 40 -1.59399
40 56 -0.61626
40 41 -0.89837
41 57 0.24487
41 42 0.31972
42 58 -1.05604
42 43 2.19531
43 59 0.16485
43 44 1.12737
44 60 0.18623
44 45 0.75686
45 61 -0.62699
45 46 1.71846
46 62 0.33982
46 47 -0.62876
47 63 -1.61444
32 47 0.26175
48 64 -2.77068
48 49 0.63875
49 65 0.16013
49 50 -0.96901
50 66 -0.72718
50 51 1.09078
51 67 3.09059
51 52 0.42798
52 68 -0.30591
52 53 0.15365
53 69 -1.44506
53 54 -1.42687
54 70 -0.82727
54 55 0.6546
55 71 -0.03997
55 56 -0.36884
56 72 -1.30909
56 57 -0.75503
57 73 0.72873
57 58 0.66733
58 74 0.15737
58 59 -0.08403
59 75 -0.59215
59 60 -0.18957
60 76 0.26173
60 61 -1.13348
61 77 1.02433
61 62 -0.48204
62 78 -0.96625
62 63 -1.16598
63 79 0.51367
48 63 -0.07332
64 80 -0.69197
64 65 0.12087
65 81 0.75048
65 66 -0.09988
66 82 0.89519
66 67 1.1447
67 83 -0.9542
67 68 -0.40132
68 84 1.04454
68 69 -1.45413
69 85 0.14391
69 70 -0.36264
70 86 -0.85696
70 71 0.19106
71 87 -0.33483
71 72 -0.18962
72 88 0.37987
72 73 0.90202
73 89 -0.76311
73 74 -0.08815
74 90 0.43269
74 75 1.03003
75 91 -0.66149
75 76 -1.23726
76 92 -0.20789
76 77 1.42199
77 93 -0.79357
77 78 0.10919
78 94 0.35588
78 79 -0.60251
79 95 0.7145
64 79 -0.79899
80 96 -0.4339
80 81 -0.64483
81 97 0.60386
81 82 0.95674
82 98 2.64457
82 83 1.13866
83 99 1.69456
83 84 -0.13364
84 100 0.01099
84 85 0.25975
85 101 0.05414
85 86 1.3959
86 102 -0.28305
86 87 0.42408
87 103 -0.32213
87 88 -0.74138
88 104 -1.85097
88 89 0.69944
89 105 2.35632
89 90 -0.52592
90 106 1.46502
90 91 0.03136
91 107 1.36832
91 92 -1.25815
92 108 -0.58425
92 93 -0.01663
93 109 -1.61873
93 94 0.80433
94 110 0.14055
94 95 1.20236
95 111 -1.26141
80 95 0.64949
96 112 -1.77804
96 97 -0.6188
97 113 0.7497
97 98 1.40885
98 114 0.79946
98 99 -0.85883
99 115 1.18373
99 100 -0.98086
100 116 -0.27205
100 101 -0.51052
101 117 1.82981
101 102 -1.02803
102 118 -0.04526
102 103 -1.9963
103 119 -0.84951
103 104 0.14168
104 120 -0.13022
104 105 0.51883
105 121 -0.93815
105 106 -0.81933
106 122 2.16259
106 107 -1.62407
107 123 -0.07585
107 108 1.47177
108 124 0.75125
108 109 -0.35891
109 125 1.19366
109 110 -0.2243
110 126 -0.89657
110 111 0.07622
111 127 1.10884
96 111 -0.22915
112 128 -2.55341
112 113 -0.72253
113 129 -1.3568
113 114 0.39221
114 130 0.26335
114 115 1.59786
115 131 0.63731
115 116 -0.6277
116 132 0.5752
116 117 -0.48765
117 133 0.74583
117 118 -0.70251
118 134 0.05548
118 119 -0.74767
119 135 -2.04153
119 120 0.47088
120 136 -0.11174
120 121 -0.04603
121 137 0.89173
121 122 -1.20888
122 138 1.37827
122 123 -1.3718
123 139 0.80104
123 124 0.31229
124 140 1.49452
124 125 1.74908
125 141 -0.21441
125 126 0.52965
126 142 -0.8955
126 127 -2.10164
127 143 0.25432
112 127 0.88723
128 144 -1.98916
128 129 0.97051
129 145 -1.44881
129 130 2.30797
130 146 1.16948
130 131 -0.97703
131 147 -0.6309
131 132 0.78737
132 148 0.16545
132 133 0.46574
133 149 -0.90834
133 134 -0.47723
134 150 -0.27902
134 135 0.85185
135 151 -0.89026
135 136 0.23909
136 152 0.25489
136 137 -1.11821
137 153 -0.34628
137 138 1.1735
138 154 -0.57446
138 139 2.08228
139 155 0.3429
139 140 -1.37304
140 156 0.19909
140 141 -1.21428
141 157 -0.89297
141 142 -0.60511
142 158 0.28386
142 143 0.8815
143 159 -0.93475
128 143 0.24262
144 160 -1.31753
144 145 -0.12133
145 161 0.24898
145 146 0.59699
146 162 1.7596
146 147 0.91982
147 163 -0.79087
147 148 0.40221
148 164 -0.36503
148 149 0.62813
149 165 -0.28768
149 150 -0.74355
150 166 -0.54861
150 151 -0.26525
151 167 0.14064
151 152 -1.05853
152 168 -0.20966
152 153 0.52272
153 169 -0.14384
153 154 1.83575
154 170 0.55993
154 155 0.13572
155 171 1.93339
155 156 1.14203
156 172 0.67153
156 157 -0.74005
157 173 -0.74548
157 158 1.80301
158 174 0.34828
158 159 -1.72599
159 175 0.17288
144 159 0.75152
160 176 -0.35489
160 161 0.34204
161 177 -1.64447
161 162 0.02043
162 178 0.62607
162 163 -0.30714
163 179 0.39935
163 164 -0.79954
164 180 1.14848
164 165 -1.19287
165 181 -0.68371
165 166 1.2812
166 182 0.97266
166 167 0.1799
167 183 -1.61749
167 168 0.30293
168 184 -1.23257
168 169 -0.97861
169 185 -1.31071
169 170 -0.7198
170 186 -0.69689
170 171 0.24466
171 187 0.0122
171 172 0.12458
172 188 -0.03598
172 173 -0.37459
173 189 -0.93091
173 174 -0.30924
174 190 -1.06205
174 175 -2.12435
175 191 1.05678
160 175 -1.08524
176 192 0.98205
176 177 0.54702
177 193 -0.22103
177 178 -0.32405
178 194 -0.39341
178 179 -0.17994
179 195 1.56095
179 180 1.46489
180 196 -0.48158
180 181 1.15396
181 197 -1.35136
181 182 1.23893
182 198 -0.58374
182 183 -1.03771
183 199 -0.14719
183 184 -0.81372
184 200 -0.04863
184 185 -0.53398
185 201 -1.61182
185 186 -1.00508
186 202 1.12847
186 187 -0.17592
187 203 0.10069
187 188 -0.02818
188 204 -0.82573
188 189 0.44314
189 205 -0.52175
189 190 0.81454
190 206 -0.12267
190 191 -1.19769
191 207 -0.24245
176 191 -1.3779
192 208 0.96102
192 193 1.40884
193 209 -0.25773
193 194 1.05098
194 210 -0.48944
194 195 -0.7264
195 211 0.87721
195 196 0.21864
196 212 1.19576
196 197 1.48372
197 213 -0.42673
197 198 0.52094
198 214 0.45944
198 199 -0.22278
199 215 0.22589
199 200 -0.24057
200 216 -0.88981
200 201 -0.32288
201 217 -0.74981
201 202 0.68054
202 218 0.13493
202 203 0.61836
203 219 -0.10141
203 204 1.42878
204 220 0.33474
204 205 1.29391
205 221 -0.2328
205 206 0.16088
206 222 -0.39883
206 207 0.42993
207 223 -0.54952
192 207 -0.33139
208 224 -0.49982
208 209 0.14076
209 225 -2.02278
209 210 -0.15669
210 226 0.53772
210 211 -1.20088
211 227 -1.44285
211 212 -2.33729
212 228 -0.59459
212 213 0.02806
213 229 -1.08909
213 214 -0.43168
214 230 0.05665
214 215 1.4303
215 231 -1.36945
215 216 1.1585
216 232 -0.35603
216 217 0.72094
217 233 0.41572
217 218 2.01064
218 234 0.36582
218 219 0.08438
219 235 -0.04814
219 220 0.29927
220 236 -1.40438
220 221 0.77549
221 237 -1.01794
221 222 0.18904
222 238 -0.13253
222 223 -0.02895
223 239 -0.62788
208 223 -2.26599
224 240 -1.90812
224 225 0.23165
225 241 -0.87132
225 226 0.1225
226 242 -0.0741
226 227 -0.70739
227 243 -0.92933
227 228 -2.15915
228 244 -0.347
228 229 -1.9433
229 245 0.40674
229 230 0.63901
230 246 0.87142
230 231 1.07763
231 247 0.15841
231 232 -1.70795
232 248 -0.03868
232 233 -0.07865
233 249 0.10111
233 234 0.12739
234 250 0.34868
234 235 0.42964
235 251 2.33042
235 236 0.37086
236 252 0.72348
236 237 -1.08806
237 253 -0.56431
237 238 0.52615
238 254 0.57581
238 239 -0.16303
239 255 1.04466
224 239 0.56436
0 240 0.32448
240 241 -0.35236
1 241 0.20552
241 242 0.91294
2 242 -0.12267
242 243 0.31972
3 243 0.90961
243 244 0.18082
4 244 0.37321
244 245 -0.2204
5 245 -0.09516
245 246 0.66363
6 246 -1.60886
246 247 0.59175
7 247 0.18152
247 248 -0.8312
8 248 -0.44304
248 249 -0.64304
9 249 0.91031
249 250 0.19239
10 250 -1.11946
250 251 -0.59095
11 251 -0.25899
251 252 -0.88255
12 252 1.23746
252 253 -0.08371
13 253 0.72148
253 254 -2.4023
14 254 -0.40744
254 255 -0.68752
15 255 -1.26643
240 255 0.13586
