# model=ea2d N=256 meanJ=0 seed=3135716471 distribution=gaussian field=0 num_fields=256 num_couplings=512
0 0
1 0
2 0
3 0
4 0
5 0
6 0
7 0
8 0
9 0
10 0
11 0
12 0
13 0
14 0
15 0
16 0
17 0
18 0
19 0
20 0
21 0
22 0
23 0
24 0
25 0
26 0
27 0
28 0
29 0
30 0
31 0
32 0
33 0
34 0
35 0
36 0
37 0
38 0
39 0
40 0
41 0
42 0
43 0
44 0
45 0
46 0
47 0
48 0
49 0
50 0
51 0
52 0
53 0
54 0
55 0
56 0
57 0
58 0
59 0
60 0
61 0
62 0
63 0
64 0
65 0
66 0
67 0
68 0
69 0
70 0
71 0
72 0
73 0
74 0
75 0
76 0
77 0
78 0
79 0
80 0
81 0
82 0
83 0
84 0
85 0
86 0
87 0
88 0
89 0
90 0
91 0
92 0
93 0
94 0
95 0
96 0
97 0
98 0
99 0
100 0
101 0
102 0
103 0
104 0
105 0
106 0
107 0
108 0
109 0
110 0
111 0
112 0
113 0
114 0
115 0
116 0
117 0
118 0
119 0
120 0
121 0
122 0
123 0
124 0
125 0
126 0
127 0
128 0
129 0
130 0
131 0
132 0
133 0
134 0
135 0
136 0
137 0
138 0
139 0
140 0
141 0
142 0
143 0
144 0
145 0
146 0
147 0
148 0
149 0
150 0
151 0
152 0
153 0
154 0
155 0
156 0
157 0
158 0
159 0
160 0
161 0
162 0
163 0
164 0
165 0
166 0
167 0
168 0
169 0
170 0
171 0
172 0
173 0
174 0
175 0
176 0
177 0
178 0
179 0
180 0
181 0
182 0
183 0
184 0
185 0
186 0
187 0
188 0
189 0
190 0
191 0
192 0
193 0
194 0
195 0
196 0
197 0
198 0
199 0
200 0
201 0
202 0
203 0
204 0
205 0
206 0
207 0
208 0
209 0
210 0
211 0
212 0
213 0
214 0
215 0
216 0
217 0
218 0
219 0
220 0
221 0
222 0
223 0
224 0
225 0
226 0
227 0
228 0
229 0
230 0
231 0
232 0
233 0
234 0
235 0
236 0
237 0
238 0
239 0
240 0
241 0
242 0
243 0
244 0
245 0
246 0
247 0
248 0
249 0
250 0
251 0
252 0
253 0
254 0
255 0
0 16 -1.54422
0 1 1.04976
1 17 -0.35576
1 2 -0.93886
2 18 0.01925
2 3 1.0092
3 19 -0.98584
3 4 1.7305
4 20 0.83264
4 5 0.16529
5 21 0.3153
5 6 -1.27346
6 22 -0.29076
6 7 -0.85597
7 23 0.44318
7 8 -0.36842
8 24 -1.6221
8 9 1.41267
9 25 -0.03296
9 10 -0.46434
10 26 -1.49754
10 11 2.87529
11 27 -0.32619
11 12 -0.46376
12 28 1.31873
12 13 -0.70203
13 29 -0.72637
13 14 -0.94018
14 30 0.70745
14 15 1.25035
15 31 -1.04355
0 15 0.46642
16 32 0.12647
16 17 0.54554
17 33 -0.41755
17 18 -1.00161
18 34 -0.6664
18 19 -0.59506
19 35 0.66866
19 20 0.5677
20 36 1.00922
20 21 1.12377
21 37 -0.87211
21 22 0.84699
22 38 -2.05917
22 23 -0.26033
23 39 -0.45497
23 24 0.42757
24 40 0.69575
24 25 1.7184
25 41 -0.46713
25 26 -0.36859
26 42 -1.3774
26 27 0.16092
27 43 -1.27513
27 28 -2.49647
28 44 -0.57146
28 29 -0.20894
29 45 -1.33028
29 30 -0.77228
30 46 0.80227
30 31 0.0002
31 47 -1.0362
16 31 0.04766
32 48 0.31979
32 33 -0.77239
33 49 -0.01276
33 34 0.6582
34 50 -0.34834
34 35 1.44129
35 51 0.77608
35 36 -0.83287
36 52 -1.65334
36 37 0.10053
37 53 -0.46738
37 38 0.09959
38 54 -0.54297
38 39 0.49082
39 55 1.86109
39 40 0.24296
40 56 0.98444
40 41 -0.07845
41 57 -1.28122
41 42 0.13483
42 58 -1.13997
42 43 -0.00001
43 59 -0.20294
43 44 0.22698
44 60 0.62363
44 45 -0.89651
45 61 0.2293
45 46 -0.84011
46 62 0.5958
46 47 -0.82966
47 63 -0.95839
32 47 -0.06595
48 64 -0.20428
48 49 -1.03907
49 65 -1.39642
49 50 -0.28143
50 66 0.15432
50 51 -0.37855
51 67 -1.10526
51 52 0.28447
52 68 0.40354
52 53 0.43488
53 69 1.07563
53 54 -0.00108
54 70 -0.08374
54 55 -1.01601
55 71 -0.96286
55 56 0.06945
56 72 0.13583
56 57 -1.60056
57 73 -0.92851
57 58 0.33707
58 74 1.21478
58 59 0.70067
59 75 0.66415
59 60 -1.41047
60 76 0.91747
60 61 -1.35795
61 77 -0.45324
61 62 0.50601
62 78 0.64764
62 63 -0.88827
63 79 -0.42343
48 63 -1.37331
64 80 1.18378
64 65 -0.44707
65 81 -3.04911
65 66 -1.10739
66 82 -0.94183
66 67 0.52062
67 83 0.33395
67 68 -0.21316
68 84 1.62907
68 69 -1.15552
69 85 0.25145
69 70 -1.30221
70 86 -0.42625
70 71 1.19224
71 87 -1.55289
71 72 -0.40811
72 88 0.84945
72 73 0.78902
73 89 0.50995
73 74 0.71391
74 90 0.08631
74 75 1.31713
75 91 0.3505
75 76 1.22226
76 92 -0.53448
76 77 1.28333
77 93 -0.62727
77 78 -1.04777
78 94 1.10291
78 79 -0.7313
79 95 -1.07945
64 79 -0.05061
80 96 0.7168
80 81 -0.10824
81 97 1.04501
81 82 0.2685
82 98 -0.16332
82 83 -1.08092
83 99 0.9053
83 84 1.21017
84 100 0.34305
84 85 0.10501
85 101 -1.23806
85 86 1.10519
86 102 -1.61482
86 87 0.22922
87 103 1.51694
87 88 -1.92952
88 104 -0.81308
88 89 0.82873
89 105 0.26931
89 90 0.3048
90 106 -0.03162
90 91 0.62884
91 107 1.32461
91 92 -0.30968
92 108 -1.68739
92 93 -0.27004
93 109 0.77352
93 94 -1.05976
94 110 1.23287
94 95 -0.99052
95 111 2.12245
80 95 1.28719
96 112 -0.13843
96 97 -0.81282
97 113 0.13908
97 98 1.08371
98 114 -0.86072
98 99 -0.03775
99 115 0.7065
99 100 0.20468
100 116 -0.23692
100 101 0.47226
101 117 0.5115
101 102 0.94956
102 118 1.52361
102 103 -1.08398
103 119 -0.57775
103 104 -0.01175
104 120 -0.57207
104 105 0.69521
105 121 0.91138
105 106 -0.88456
106 122 -0.5985
106 107 0.2826
107 123 1.96539
107 108 1.98085
108 124 1.73246
108 109 1.80876
109 125 -2.98843
109 110 1.49391
110 126 1.85218
110 111 -0.03148
111 127 -0.76602
96 111 -0.49806
112 128 0.34941
112 113 2.31273
113 129 -0.27531
113 114 -0.32716
114 130 -0.00615
114 115 0.29605
115 131 0.03423
115 116 -1.77329
116 132 -0.89631
116 117 -1.60384
117 133 1.19877
117 118 -0.5815
118 134 0.24228
118 119 -1.99192
119 135 -2.16178
119 120 0.41189
120 136 -0.40706
120 121 0.54621
121 137 -0.79548
121 122 0.41061
122 138 0.96898
122 123 1.26684
123 139 0.09554
123 124 1.09513
124 140 -0.34317
124 125 0.49999
125 141 -0.77861
125 126 1.00823
126 142 -1.43769
126 127 0.18265
127 143 0.83603
112 127 0.06052
128 144 -0.7277
128 129 0.87961
129 145 1.94067
129 130 -0.05393
130 146 -0.55257
130 131 -0.61569
131 147 -0.32846
131 132 -0.34947
132 148 0.32723
132 133 0.3623
133 149 -1.66077
133 134 -1.19036
134 150 0.04152
134 135 0.50287
135 151 1.59035
135 136 0.87002
136 152 0.63268
136 137 -0.69945
137 153 -2.35306
137 138 0.59891
138 154 0.59123
138 139 -0.9065
139 155 -0.51241
139 140 -0.92113
140 156 0.61464
140 141 0.53621
141 157 -0.36524
141 142 0.60381
142 158 0.49158
142 143 -0.57104
143 159 -1.88383
128 143 1.36624
144 160 0.09194
144 145 -0.85464
145 161 0.09222
145 146 -0.96859
146 162 -1.35599
146 147 -1.12732
147 163 -1.30201
147 148 -0.81035
148 164 -0.91246
148 149 0.14514
149 165 0.64629
149 150 1.16817
150 166 0.2279
150 151 0.60076
151 167 1.78866
151 152 1.09706
152 168 1.09498
152 153 2.02159
153 169 -2.17461
153 154 -0.88955
154 170 0.1473
154 155 -0.63067
155 171 0.78974
155 156 1.4496
156 172 0.56326
156 157 -0.28234
157 173 0.04941
157 158 -0.38643
158 174 1.88942
158 159 1.12018
159 175 0.83375
144 159 0.18159
160 176 2.28318
160 161 -1.55306
161 177 1.49575
161 162 -0.47222
162 178 0.11459
162 163 0.06261
163 179 -1.31452
163 164 0.04135
164 180 -0.14252
164 165 -1.99785
165 181 -2.04721
165 166 -0.86036
166 182 0.47724
166 167 0.08643
167 183 -2.18402
167 168 -0.07619
168 184 1.44651
168 169 -1.40514
169 185 0.39306
169 170 1.00096
170 186 -0.72111
170 171 -1.40666
171 187 -0.78252
171 172 -0.7398
172 188 -0.61225
172 173 0.32466
173 189 0.74418
173 174 1.32396
174 190 -3.01767
174 175 -0.25295
175 191 0.58228
160 175 1.27636
176 192 -0.75679
176 177 0.08072
177 193 -0.91308
177 178 0.28821
178 194 -0.73809
178 179 -0.17197
179 195 -0.10319
179 180 0.51292
180 196 -0.98044
180 181 1.12925
181 197 0.51632
181 182 1.75632
182 198 0.04668
182 183 1.88591
183 199 0.4872
183 184 1.68451
184 200 -0.5677
184 185 -0.18665
185 201 0.68317
185 186 -0.69632
186 202 -0.29646
186 187 -1.41324
187 203 0.15782
187 188 0.08478
188 204 -0.10153
188 189 1.32132
189 205 1.90818
189 190 0.30082
190 206 1.07995
190 191 1.44207
191 207 -0.95437
176 191 0.08391
192 208 -1.5847
192 193 0.31746
193 209 -2.91872
193 194 0.76505
194 210 0.85984
194 195 -0.05872
195 211 -0.89973
195 196 1.80563
196 212 0.52296
196 197 0.94933
197 213 1.12855
197 198 0.50071
198 214 -0.05728
198 199 1.14717
199 215 -1.12006
199 200 -0.65542
200 216 -0.10868
200 201 0.35056
201 217 1.3667
201 202 0.05963
202 218 -0.24045
202 203 -0.24843
203 219 1.77724
203 204 0.79539
204 220 -0.32297
204 205 0.56729
205 221 0.93463
205 206 1.41171
206 222 1.65758
206 207 -1.87766
207 223 1.13558
192 207 -0.30702
208 224 0.64037
208 209 -1.15932
209 225 -1.00024
209 210 0.52419
210 226 3.00236
210 211 -1.21868
211 227 0.5009
211 212 -0.15217
212 228 0.06907
212 213 1.45823
213 229 0.56738
213 214 -1.0452
214 230 0.79695
214 215 -0.36016
215 231 -0.3793
215 216 -0.86233
216 232 0.59978
216 217 0.11934
217 233 0.44718
217 218 1.27429
218 234 0.17506
218 219 0.49951
219 235 -0.11618
219 220 1.12156
220 236 -0.64064
220 221 0.34396
221 237 -0.26313
221 222 -1.03733
222 238 1.13253
222 223 1.03029
223 239 -1.10074
208 223 0.51687
224 240 -0.68891
224 225 1.8171
225 241 -0.67654
225 226 0.25278
226 242 0.1774
226 227 -0.3416
227 243 0.59808
227 228 0.22004
228 244 -0.96028
228 229 0.75645
229 245 -0.87179
229 230 1.59604
230 246 -0.17194
230 231 0.49695
231 247 -1.01388
231 232 -2.06037
232 248 -1.24467
232 233 0.32095
233 249 1.69109
233 234 -0.25422
234 250 0.86781
234 235 0.18294
235 251 0.81526
235 236 0.27184
236 252 -0.41993
236 237 1.63955
237 253 0.46942
237 238 -0.50492
238 254 -2.0185
238 239 0.24845
239 255 -0.6608
224 239 -2.07856
0 240 -0.44169
240 241 -0.41473
1 241 1.23671
241 242 -1.402
2 242 1.8881
242 243 0.12969
3 243 0.44761
243 244 -0.46854
4 244 0.01755
244 245 0.06156
5 245 -0.03357
245 246 0.24774
6 246 -0.65184
246 247 -0.80217
7 247 0.18821
247 248 1.4832
8 248 -1.0837
248 249 -0.07765
9 249 0.4569
249 250 0.83752
10 250 0.76933
250 251 -1.36014
11 251 1.23332
251 252 -0.05311
12 252 0.48458
252 253 1.06745
13 253 0.15973
253 254 -0.25185
14 254 -0.1531
254 255 -0.56068
15 255 0.48354
240 255 0.63864
