# model=ea3d N=1728 meanJ=0 seed=59479017 distribution=gaussian field=0 num_fields=1728 num_couplings=5184
0 0
1 0
2 0
3 0
4 0
5 0
6 0
7 0
8 0
9 0
10 0
11 0
12 0
13 0
14 0
15 0
16 0
17 0
18 0
19 0
20 0
21 0
22 0
23 0
24 0
25 0
26 0
27 0
28 0
29 0
30 0
31 0
32 0
33 0
34 0
35 0
36 0
37 0
38 0
39 0
40 0
41 0
42 0
43 0
44 0
45 0
46 0
47 0
48 0
49 0
50 0
51 0
52 0
53 0
54 0
55 0
56 0
57 0
58 0
59 0
60 0
61 0
62 0
63 0
64 0
65 0
66 0
67 0
68 0
69 0
70 0
71 0
72 0
73 0
74 0
75 0
76 0
77 0
78 0
79 0
80 0
81 0
82 0
83 0
84 0
85 0
86 0
87 0
88 0
89 0
90 0
91 0
92 0
93 0
94 0
95 0
96 0
97 0
98 0
99 0
100 0
101 0
102 0
103 0
104 0
105 0
106 0
107 0
108 0
109 0
110 0
111 0
112 0
113 0
114 0
115 0
116 0
117 0
118 0
119 0
120 0
121 0
122 0
123 0
124 0
125 0
126 0
127 0
128 0
129 0
130 0
131 0
132 0
133 0
134 0
135 0
136 0
137 0
138 0
139 0
140 0
141 0
142 0
143 0
144 0
145 0
146 0
147 0
148 0
149 0
150 0
151 0
152 0
153 0
154 0
155 0
156 0
157 0
158 0
159 0
160 0
161 0
162 0
163 0
164 0
165 0
166 0
167 0
168 0
169 0
170 0
171 0
172 0
173 0
174 0
175 0
176 0
177 0
178 0
179 0
180 0
181 0
182 0
183 0
184 0
185 0
186 0
187 0
188 0
189 0
190 0
191 0
192 0
193 0
194 0
195 0
196 0
197 0
198 0
199 0
200 0
201 0
202 0
203 0
204 0
205 0
206 0
207 0
208 0
209 0
210 0
211 0
212 0
213 0
214 0
215 0
216 0
217 0
218 0
219 0
220 0
221 0
222 0
223 0
224 0
225 0
226 0
227 0
228 0
229 0
230 0
231 0
232 0
233 0
234 0
235 0
236 0
237 0
238 0
239 0
240 0
241 0
242 0
243 0
244 0
245 0
246 0
247 0
248 0
249 0
250 0
251 0
252 0
253 0
254 0
255 0
256 0
257 0
258 0
259 0
260 0
261 0
262 0
263 0
264 0
265 0
266 0
267 0
268 0
269 0
270 0
271 0
272 0
273 0
274 0
275 0
276 0
277 0
278 0
279 0
280 0
281 0
282 0
283 0
284 0
285 0
286 0
287 0
288 0
289 0
290 0
291 0
292 0
293 0
294 0
295 0
296 0
297 0
298 0
299 0
300 0
301 0
302 0
303 0
304 0
305 0
306 0
307 0
308 0
309 0
310 0
311 0
312 0
313 0
314 0
315 0
316 0
317 0
318 0
319 0
320 0
321 0
322 0
323 0
324 0
325 0
326 0
327 0
328 0
329 0
330 0
331 0
332 0
333 0
334 0
335 0
336 0
337 0
338 0
339 0
340 0
341 0
342 0
343 0
344 0
345 0
346 0
347 0
348 0
349 0
350 0
351 0
352 0
353 0
354 0
355 0
356 0
357 0
358 0
359 0
360 0
361 0
362 0
363 0
364 0
365 0
366 0
367 0
368 0
369 0
370 0
371 0
372 0
373 0
374 0
375 0
376 0
377 0
378 0
379 0
380 0
381 0
382 0
383 0
384 0
385 0
386 0
387 0
388 0
389 0
390 0
391 0
392 0
393 0
394 0
395 0
396 0
397 0
398 0
399 0
400 0
401 0
402 0
403 0
404 0
405 0
406 0
407 0
408 0
409 0
410 0
411 0
412 0
413 0
414 0
415 0
416 0
417 0
418 0
419 0
420 0
421 0
422 0
423 0
424 0
425 0
426 0
427 0
428 0
429 0
430 0
431 0
432 0
433 0
434 0
435 0
436 0
437 0
438 0
439 0
440 0
441 0
442 0
443 0
444 0
445 0
446 0
447 0
448 0
449 0
450 0
451 0
452 0
453 0
454 0
455 0
456 0
457 0
458 0
459 0
460 0
461 0
462 0
463 0
464 0
465 0
466 0
467 0
468 0
469 0
470 0
471 0
472 0
473 0
474 0
475 0
476 0
477 0
478 0
479 0
480 0
481 0
482 0
483 0
484 0
485 0
486 0
487 0
488 0
489 0
490 0
491 0
492 0
493 0
494 0
495 0
496 0
497 0
498 0
499 0
500 0
501 0
502 0
503 0
504 0
505 0
506 0
507 0
508 0
509 0
510 0
511 0
512 0
513 0
514 0
515 0
516 0
517 0
518 0
519 0
520 0
521 0
522 0
523 0
524 0
525 0
526 0
527 0
528 0
529 0
530 0
531 0
532 0
533 0
534 0
535 0
536 0
537 0
538 0
539 0
540 0
541 0
542 0
543 0
544 0
545 0
546 0
547 0
548 0
549 0
550 0
551 0
552 0
553 0
554 0
555 0
556 0
557 0
558 0
559 0
560 0
561 0
562 0
563 0
564 0
565 0
566 0
567 0
568 0
569 0
570 0
571 0
572 0
573 0
574 0
575 0
576 0
577 0
578 0
579 0
580 0
581 0
582 0
583 0
584 0
585 0
586 0
587 0
588 0
589 0
590 0
591 0
592 0
593 0
594 0
595 0
596 0
597 0
598 0
599 0
600 0
601 0
602 0
603 0
604 0
605 0
606 0
607 0
608 0
609 0
610 0
611 0
612 0
613 0
614 0
615 0
616 0
617 0
618 0
619 0
620 0
621 0
622 0
623 0
624 0
625 0
626 0
627 0
628 0
629 0
630 0
631 0
632 0
633 0
634 0
635 0
636 0
637 0
638 0
639 0
640 0
641 0
642 0
643 0
644 0
645 0
646 0
647 0
648 0
649 0
650 0
651 0
652 0
653 0
654 0
655 0
656 0
657 0
658 0
659 0
660 0
661 0
662 0
663 0
664 0
665 0
666 0
667 0
668 0
669 0
670 0
671 0
672 0
673 0
674 0
675 0
676 0
677 0
678 0
679 0
680 0
681 0
682 0
683 0
684 0
685 0
686 0
687 0
688 0
689 0
690 0
691 0
692 0
693 0
694 0
695 0
696 0
697 0
698 0
699 0
700 0
701 0
702 0
703 0
704 0
705 0
706 0
707 0
708 0
709 0
710 0
711 0
712 0
713 0
714 0
715 0
716 0
717 0
718 0
719 0
720 0
721 0
722 0
723 0
724 0
725 0
726 0
727 0
728 0
729 0
730 0
731 0
732 0
733 0
734 0
735 0
736 0
737 0
738 0
739 0
740 0
741 0
742 0
743 0
744 0
745 0
746 0
747 0
748 0
749 0
750 0
751 0
752 0
753 0
754 0
755 0
756 0
757 0
758 0
759 0
760 0
761 0
762 0
763 0
764 0
765 0
766 0
767 0
768 0
769 0
770 0
771 0
772 0
773 0
774 0
775 0
776 0
777 0
778 0
779 0
780 0
781 0
782 0
783 0
784 0
785 0
786 0
787 0
788 0
789 0
790 0
791 0
792 0
793 0
794 0
795 0
796 0
797 0
798 0
799 0
800 0
801 0
802 0
803 0
804 0
805 0
806 0
807 0
808 0
809 0
810 0
811 0
812 0
813 0
814 0
815 0
816 0
817 0
818 0
819 0
820 0
821 0
822 0
823 0
824 0
825 0
826 0
827 0
828 0
829 0
830 0
831 0
832 0
833 0
834 0
835 0
836 0
837 0
838 0
839 0
840 0
841 0
842 0
843 0
844 0
845 0
846 0
847 0
848 0
849 0
850 0
851 0
852 0
853 0
854 0
855 0
856 0
857 0
858 0
859 0
860 0
861 0
862 0
863 0
864 0
865 0
866 0
867 0
868 0
869 0
870 0
871 0
872 0
873 0
874 0
875 0
876 0
877 0
878 0
879 0
880 0
881 0
882 0
883 0
884 0
885 0
886 0
887 0
888 0
889 0
890 0
891 0
892 0
893 0
894 0
895 0
896 0
897 0
898 0
899 0
900 0
901 0
902 0
903 0
904 0
905 0
906 0
907 0
908 0
909 0
910 0
911 0
912 0
913 0
914 0
915 0
916 0
917 0
918 0
919 0
920 0
921 0
922 0
923 0
924 0
925 0
926 0
927 0
928 0
929 0
930 0
931 0
932 0
933 0
934 0
935 0
936 0
937 0
938 0
939 0
940 0
941 0
942 0
943 0
944 0
945 0
946 0
947 0
948 0
949 0
950 0
951 0
952 0
953 0
954 0
955 0
956 0
957 0
958 0
959 0
960 0
961 0
962 0
963 0
964 0
965 0
966 0
967 0
968 0
969 0
970 0
971 0
972 0
973 0
974 0
975 0
976 0
977 0
978 0
979 0
980 0
981 0
982 0
983 0
984 0
985 0
986 0
987 0
988 0
989 0
990 0
991 0
992 0
993 0
994 0
995 0
996 0
997 0
998 0
999 0
1000 0
1001 0
1002 0
1003 0
1004 0
1005 0
1006 0
1007 0
1008 0
1009 0
1010 0
1011 0
1012 0
1013 0
1014 0
1015 0
1016 0
1017 0
1018 0
1019 0
1020 0
1021 0
1022 0
1023 0
1024 0
1025 0
1026 0
1027 0
1028 0
1029 0
1030 0
1031 0
1032 0
1033 0
1034 0
1035 0
1036 0
1037 0
1038 0
1039 0
1040 0
1041 0
1042 0
1043 0
1044 0
1045 0
1046 0
1047 0
1048 0
1049 0
1050 0
1051 0
1052 0
1053 0
1054 0
1055 0
1056 0
1057 0
1058 0
1059 0
1060 0
1061 0
1062 0
1063 0
1064 0
1065 0
1066 0
1067 0
1068 0
1069 0
1070 0
1071 0
1072 0
1073 0
1074 0
1075 0
1076 0
1077 0
1078 0
1079 0
1080 0
1081 0
1082 0
1083 0
1084 0
1085 0
1086 0
1087 0
1088 0
1089 0
1090 0
1091 0
1092 0
1093 0
1094 0
1095 0
1096 0
1097 0
1098 0
1099 0
1100 0
1101 0
1102 0
1103 0
1104 0
1105 0
1106 0
1107 0
1108 0
1109 0
1110 0
1111 0
1112 0
1113 0
1114 0
1115 0
1116 0
1117 0
1118 0
1119 0
1120 0
1121 0
1122 0
1123 0
1124 0
1125 0
1126 0
1127 0
1128 0
1129 0
1130 0
1131 0
1132 0
1133 0
1134 0
1135 0
1136 0
1137 0
1138 0
1139 0
1140 0
1141 0
1142 0
1143 0
1144 0
1145 0
1146 0
1147 0
1148 0
1149 0
1150 0
1151 0
1152 0
1153 0
1154 0
1155 0
1156 0
1157 0
1158 0
1159 0
1160 0
1161 0
1162 0
1163 0
1164 0
1165 0
1166 0
1167 0
1168 0
1169 0
1170 0
1171 0
1172 0
1173 0
1174 0
1175 0
1176 0
1177 0
1178 0
1179 0
1180 0
1181 0
1182 0
1183 0
1184 0
1185 0
1186 0
1187 0
1188 0
1189 0
1190 0
1191 0
1192 0
1193 0
1194 0
1195 0
1196 0
1197 0
1198 0
1199 0
1200 0
1201 0
1202 0
1203 0
1204 0
1205 0
1206 0
1207 0
1208 0
1209 0
1210 0
1211 0
1212 0
1213 0
1214 0
1215 0
1216 0
1217 0
1218 0
1219 0
1220 0
1221 0
1222 0
1223 0
1224 0
1225 0
1226 0
1227 0
1228 0
1229 0
1230 0
1231 0
1232 0
1233 0
1234 0
1235 0
1236 0
1237 0
1238 0
1239 0
1240 0
1241 0
1242 0
1243 0
1244 0
1245 0
1246 0
1247 0
1248 0
1249 0
1250 0
1251 0
1252 0
1253 0
1254 0
1255 0
1256 0
1257 0
1258 0
1259 0
1260 0
1261 0
1262 0
1263 0
1264 0
1265 0
1266 0
1267 0
1268 0
1269 0
1270 0
1271 0
1272 0
1273 0
1274 0
1275 0
1276 0
1277 0
1278 0
1279 0
1280 0
1281 0
1282 0
1283 0
1284 0
1285 0
1286 0
1287 0
1288 0
1289 0
1290 0
1291 0
1292 0
1293 0
1294 0
1295 0
1296 0
1297 0
1298 0
1299 0
1300 0
1301 0
1302 0
1303 0
1304 0
1305 0
1306 0
1307 0
1308 0
1309 0
1310 0
1311 0
1312 0
1313 0
1314 0
1315 0
1316 0
1317 0
1318 0
1319 0
1320 0
1321 0
1322 0
1323 0
1324 0
1325 0
1326 0
1327 0
1328 0
1329 0
1330 0
1331 0
1332 0
1333 0
1334 0
1335 0
1336 0
1337 0
1338 0
1339 0
1340 0
1341 0
1342 0
1343 0
1344 0
1345 0
1346 0
1347 0
1348 0
1349 0
1350 0
1351 0
1352 0
1353 0
1354 0
1355 0
1356 0
1357 0
1358 0
1359 0
1360 0
1361 0
1362 0
1363 0
1364 0
1365 0
1366 0
1367 0
1368 0
1369 0
1370 0
1371 0
1372 0
1373 0
1374 0
1375 0
1376 0
1377 0
1378 0
1379 0
1380 0
1381 0
1382 0
1383 0
1384 0
1385 0
1386 0
1387 0
1388 0
1389 0
1390 0
1391 0
1392 0
1393 0
1394 0
1395 0
1396 0
1397 0
1398 0
1399 0
1400 0
1401 0
1402 0
1403 0
1404 0
1405 0
1406 0
1407 0
1408 0
1409 0
1410 0
1411 0
1412 0
1413 0
1414 0
1415 0
1416 0
1417 0
1418 0
1419 0
1420 0
1421 0
1422 0
1423 0
1424 0
1425 0
1426 0
1427 0
1428 0
1429 0
1430 0
1431 0
1432 0
1433 0
1434 0
1435 0
1436 0
1437 0
1438 0
1439 0
1440 0
1441 0
1442 0
1443 0
1444 0
1445 0
1446 0
1447 0
1448 0
1449 0
1450 0
1451 0
1452 0
1453 0
1454 0
1455 0
1456 0
1457 0
1458 0
1459 0
1460 0
1461 0
1462 0
1463 0
1464 0
1465 0
1466 0
1467 0
1468 0
1469 0
1470 0
1471 0
1472 0
1473 0
1474 0
1475 0
1476 0
1477 0
1478 0
1479 0
1480 0
1481 0
1482 0
1483 0
1484 0
1485 0
1486 0
1487 0
1488 0
1489 0
1490 0
1491 0
1492 0
1493 0
1494 0
1495 0
1496 0
1497 0
1498 0
1499 0
1500 0
1501 0
1502 0
1503 0
1504 0
1505 0
1506 0
1507 0
1508 0
1509 0
1510 0
1511 0
1512 0
1513 0
1514 0
1515 0
1516 0
1517 0
1518 0
1519 0
1520 0
1521 0
1522 0
1523 0
1524 0
1525 0
1526 0
1527 0
1528 0
1529 0
1530 0
1531 0
1532 0
1533 0
1534 0
1535 0
1536 0
1537 0
1538 0
1539 0
1540 0
1541 0
1542 0
1543 0
1544 0
1545 0
1546 0
1547 0
1548 0
1549 0
1550 0
1551 0
1552 0
1553 0
1554 0
1555 0
1556 0
1557 0
1558 0
1559 0
1560 0
1561 0
1562 0
1563 0
1564 0
1565 0
1566 0
1567 0
1568 0
1569 0
1570 0
1571 0
1572 0
1573 0
1574 0
1575 0
1576 0
1577 0
1578 0
1579 0
1580 0
1581 0
1582 0
1583 0
1584 0
1585 0
1586 0
1587 0
1588 0
1589 0
1590 0
1591 0
1592 0
1593 0
1594 0
1595 0
1596 0
1597 0
1598 0
1599 0
1600 0
1601 0
1602 0
1603 0
1604 0
1605 0
1606 0
1607 0
1608 0
1609 0
1610 0
1611 0
1612 0
1613 0
1614 0
1615 0
1616 0
1617 0
1618 0
1619 0
1620 0
1621 0
1622 0
1623 0
1624 0
1625 0
1626 0
1627 0
1628 0
1629 0
1630 0
1631 0
1632 0
1633 0
1634 0
1635 0
1636 0
1637 0
1638 0
1639 0
1640 0
1641 0
1642 0
1643 0
1644 0
1645 0
1646 0
1647 0
1648 0
1649 0
1650 0
1651 0
1652 0
1653 0
1654 0
1655 0
1656 0
1657 0
1658 0
1659 0
1660 0
1661 0
1662 0
1663 0
1664 0
1665 0
1666 0
1667 0
1668 0
1669 0
1670 0
1671 0
1672 0
1673 0
1674 0
1675 0
1676 0
1677 0
1678 0
1679 0
1680 0
1681 0
1682 0
1683 0
1684 0
1685 0
1686 0
1687 0
1688 0
1689 0
1690 0
1691 0
1692 0
1693 0
1694 0
1695 0
1696 0
1697 0
1698 0
1699 0
1700 0
1701 0
1702 0
1703 0
1704 0
1705 0
1706 0
1707 0
1708 0
1709 0
1710 0
1711 0
1712 0
1713 0
1714 0
1715 0
1716 0
1717 0
1718 0
1719 0
1720 0
1721 0
1722 0
1723 0
1724 0
1725 0
1726 0
1727 0
0 1 -0.57256
0 11 0.57358
0 12 -1.56116
0 132 0.69308
0 144 -0.9174
0 1584 0.54571
1 2 1.60686
1 13 -0.03223
1 133 1.35358
1 145 -0.17434
1 1585 0.65235
2 3 -0.07774
2 14 0.58773
2 134 -1.58533
2 146 1.20027
2 1586 0.00163
3 4 -0.0184
3 15 -0.03796
3 135 1.56307
3 147 0.11185
3 1587 -0.29968
4 5 -0.42366
4 16 -1.61869
4 136 0.27171
4 148 0.05206
4 1588 0.26697
5 6 0.02048
5 17 -0.19422
5 137 0.42098
5 149 0.75979
5 1589 0.69026
6 7 0.75096
6 18 1.71663
6 138 1.42453
6 150 -0.69216
6 1590 0.19169
7 8 -0.53985
7 19 -0.33399
7 139 0.46172
7 151 -1.76609
7 1591 -1.13076
8 9 1.67671
8 20 0.81499
8 140 -0.62237
8 152 0.11583
8 1592 -0.15078
9 10 -1.01188
9 21 -1.236
9 141 0.90071
9 153 1.46614
9 1593 -0.25808
10 11 -0.35191
10 22 0.01374
10 142 -0.68304
10 154 1.36842
10 1594 -1.45972
11 23 0.08974
11 143 2.28279
11 155 2.1101
11 1595 0.25113
12 13 0.53913
12 23 0.45024
12 24 -0.40088
12 156 1.71203
12 1596 -1.10259
13 14 -0.62812
13 25 0.07128
13 157 1.15126
13 1597 0.72228
14 15 -0.28326
14 26 -0.96804
14 158 0.48376
14 1598 -1.91694
15 16 -0.91497
15 27 1.10327
15 159 -0.92402
15 1599 -0.2607
16 17 0.39516
16 28 -0.32064
16 160 0.36187
16 1600 2.28912
17 18 -0.65618
17 29 0.57083
17 161 1.08699
17 1601 1.02736
18 19 0.44459
18 30 0.3922
18 162 -2.19162
18 1602 0.28953
19 20 -2.17248
19 31 -1.52298
19 163 -0.87607
19 1603 0.87516
20 21 -0.28936
20 32 1.16942
20 164 -1.20854
20 1604 0.43091
21 22 -1.07687
21 33 -0.9467
21 165 1.50831
21 1605 -1.00329
22 23 0.18572
22 34 -0.94189
22 166 0.16165
22 1606 -0.53574
23 35 0.72371
23 167 -2.59828
23 1607 0.36742
24 25 -0.73401
24 35 0.90677
24 36 0.23678
24 168 -0.56813
24 1608 1.10083
25 26 -0.98155
25 37 -0.89406
25 169 0.10518
25 1609 2.00126
26 27 0.29593
26 38 -1.31079
26 170 -0.92701
26 1610 -1.6503
27 28 -0.34943
27 39 -1.26375
27 171 1.5562
27 1611 -1.54241
28 29 -0.44965
28 40 0.11752
28 172 -0.68409
28 1612 0.21481
29 30 -1.76118
29 41 -0.75935
29 173 0.10782
29 1613 0.97034
30 31 -0.01158
30 42 0.20893
30 174 -1.39395
30 1614 0.38843
31 32 -0.94089
31 43 -0.5298
31 175 0.53032
31 1615 2.77086
32 33 0.10564
32 44 0.2829
32 176 0.17812
32 1616 1.31329
33 34 -0.425
33 45 -1.10877
33 177 -0.18625
33 1617 -0.65643
34 35 0.50249
34 46 0.32297
34 178 -0.82879
34 1618 -2.50626
35 47 -1.3725
35 179 -0.07489
35 1619 0.15887
36 37 -0.79977
36 47 -0.86004
36 48 -1.19643
36 180 -1.42847
36 1620 -1.57136
37 38 1.80284
37 49 1.50531
37 181 0.00542
37 1621 1.897
38 39 -0.66132
38 50 -1.88973
38 182 -1.26292
38 1622 -0.80916
39 40 -2.3815
39 51 -0.4846
39 183 -0.08992
39 1623 0.10435
40 41 0.84002
40 52 0.55766
40 184 0.84349
40 1624 -1.54514
41 42 0.80668
41 53 1.22406
41 185 -0.32432
41 1625 1.22958
42 43 0.12356
42 54 1.30784
42 186 0.87404
42 1626 2.11098
43 44 -0.40939
43 55 -0.3483
43 187 1.03219
43 1627 0.33664
44 45 1.00083
44 56 1.52341
44 188 -0.45347
44 1628 -0.55264
45 46 1.38155
45 57 1.35965
45 189 -0.0284
45 1629 0.91679
46 47 -0.05011
46 58 -1.06703
46 190 -1.31394
46 1630 1.08413
47 59 1.3512
47 191 -0.21725
47 1631 0.24117
48 49 0.47194
48 59 -0.52442
48 60 2.73377
48 192 -0.90128
48 1632 -1.42481
49 50 -0.3933
49 61 -0.14257
49 193 -1.78691
49 1633 -0.35764
50 51 -1.23373
50 62 -0.83822
50 194 1.93794
50 1634 2.84083
51 52 -0.43984
51 63 0.62689
51 195 0.01838
51 1635 1.65858
52 53 0.14356
52 64 0.48104
52 196 -1.9098
52 1636 -2.30143
53 54 0.65677
53 65 0.04827
53 197 0.76433
53 1637 0.34265
54 55 0.89139
54 66 0.45873
54 198 -2.26554
54 1638 2.64714
55 56 -1.06299
55 67 1.49404
55 199 0.37519
55 1639 -0.32819
56 57 -1.16439
56 68 0.39814
56 200 0.66036
56 1640 -0.40377
57 58 -0.43932
57 69 -0.4888
57 201 -0.054
57 1641 -0.31699
58 59 -0.07492
58 70 0.88621
58 202 -1.45142
58 1642 -0.73988
59 71 0.70148
59 203 1.52099
59 1643 0.14022
60 61 0.9616
60 71 0.35756
60 72 0.40376
60 204 -1.47325
60 1644 1.42931
61 62 0.69738
61 73 -0.55699
61 205 0.42782
61 1645 1.04487
62 63 -0.79884
62 74 -1.10173
62 206 -0.29008
62 1646 0.77201
63 64 -0.54123
63 75 -0.77856
63 207 0.50608
63 1647 0.91324
64 65 -1.80222
64 76 -1.29152
64 208 0.8056
64 1648 1.37757
65 66 -1.002
65 77 -0.84842
65 209 0.40955
65 1649 0.39784
66 67 0.5852
66 78 -0.9586
66 210 -0.88211
66 1650 1.22561
67 68 -0.8239
67 79 0.30922
67 211 -1.0667
67 1651 1.52948
68 69 -1.54047
68 80 -1.06235
68 212 -0.93859
68 1652 -0.42953
69 70 -0.96187
69 81 0.00982
69 213 -0.18207
69 1653 0.05914
70 71 -2.8836
70 82 -0.36294
70 214 -1.39147
70 1654 -0.44105
71 83 -1.25456
71 215 -0.58777
71 1655 -1.13681
72 73 -0.77718
72 83 0.71994
72 84 -0.71555
72 216 2.65083
72 1656 0.01455
73 74 -0.00322
73 85 -2.24781
73 217 0.71122
73 1657 -0.74791
74 75 -1.32301
74 86 0.70839
74 218 0.12239
74 1658 -0.45537
75 76 -0.16709
75 87 -1.15295
75 219 1.16105
75 1659 0.65324
76 77 1.41196
76 88 -1.31668
76 220 1.19099
76 1660 0.78235
77 78 -1.32551
77 89 -0.66939
77 221 -0.65624
77 1661 -0.8709
78 79 -2.21578
78 90 0.26824
78 222 -0.13857
78 1662 0.08205
79 80 0.86708
79 91 0.41376
79 223 0.12404
79 1663 0.90996
80 81 0.69117
80 92 2.74768
80 224 0.36536
80 1664 0.79685
81 82 -0.34796
81 93 0.09543
81 225 -1.90944
81 1665 0.52641
82 83 -0.82962
82 94 -0.85612
82 226 0.34502
82 1666 0.74415
83 95 -0.51507
83 227 1.99487
83 1667 -1.86993
84 85 0.6333
84 95 1.89221
84 96 0.34189
84 228 -0.15961
84 1668 -0.39785
85 86 -0.96449
85 97 1.51193
85 229 0.61353
85 1669 0.30237
86 87 -0.6853
86 98 -0.64012
86 230 -0.29831
86 1670 -0.24055
87 88 1.15952
87 99 -1.00587
87 231 1.76187
87 1671 0.26529
88 89 1.80252
88 100 1.50921
88 232 -0.60144
88 1672 -2.04498
89 90 -1.75197
89 101 0.34491
89 233 -0.74067
89 1673 1.11124
90 91 0.14884
90 102 -0.05124
90 234 0.50431
90 1674 -1.55977
91 92 2.67419
91 103 -1.03327
91 235 -0.42751
91 1675 0.05632
92 93 0.05457
92 104 -0.41812
92 236 1.70948
92 1676 -0.79758
93 94 -0.36575
93 105 -0.11974
93 237 -0.23709
93 1677 -1.10912
94 95 -0.6311
94 106 1.9832
94 238 0.78195
94 1678 -0.38896
95 107 -0.94128
95 239 -0.55152
95 1679 0.9209
96 97 -1.11889
96 107 -0.08043
96 108 0.57015
96 240 -0.25459
96 1680 0.13786
97 98 -0.57764
97 109 0.69886
97 241 -0.22393
97 1681 1.106
98 99 -1.1607
98 110 -0.57683
98 242 -1.0971
98 1682 1.06512
99 100 0.58903
99 111 -1.28764
99 243 0.25851
99 1683 -0.26202
100 101 -2.31137
100 112 1.46506
100 244 -0.47948
100 1684 0.30446
101 102 -0.16553
101 113 2.99055
101 245 -0.74537
101 1685 0.91178
102 103 -0.20645
102 114 0.61019
102 246 -1.1652
102 1686 1.3653
103 104 0.66595
103 115 0.23019
103 247 -0.58974
103 1687 -0.92054
104 105 -0.36323
104 116 -0.60919
104 248 -0.17898
104 1688 -1.49171
105 106 0.49378
105 117 -0.59691
105 249 -1.67058
105 1689 0.3451
106 107 0.78015
106 118 -0.48003
106 250 0.33037
106 1690 -2.18069
107 119 0.35059
107 251 0.2311
107 1691 -2.29234
108 109 0.65312
108 119 -0.35182
108 120 -0.2107
108 252 -0.35586
108 1692 -0.57273
109 110 1.11355
109 121 2.15346
109 253 -1.44157
109 1693 -2.63125
110 111 0.47002
110 122 0.25818
110 254 0.46712
110 1694 -0.45577
111 112 0.28097
111 123 0.13735
111 255 -2.62162
111 1695 -0.70141
112 113 0.39335
112 124 1.17875
112 256 0.48774
112 1696 -0.65489
113 114 -0.27923
113 125 -0.4972
113 257 -1.96697
113 1697 -0.45657
114 115 0.00804
114 126 0.5883
114 258 0.24939
114 1698 0.5101
115 116 0.42508
115 127 -0.74202
115 259 -2.29947
115 1699 -0.76243
116 117 0.05196
116 128 -1.79198
116 260 -0.21457
116 1700 2.05354
117 118 0.42222
117 129 1.58295
117 261 1.79292
117 1701 0.52158
118 119 0.22843
118 130 -0.54277
118 262 -0.18671
118 1702 -1.48332
119 131 -1.35676
119 263 -0.69964
119 1703 -0.48319
120 121 -2.02997
120 131 0.46592
120 132 1.0314
120 264 -0.03834
120 1704 -0.66774
121 122 -3.35376
121 133 1.80756
121 265 0.39536
121 1705 -0.5564
122 123 2.04909
122 134 0.55287
122 266 -1.21166
122 1706 -0.4462
123 124 -0.49006
123 135 0.59755
123 267 -1.45385
123 1707 -1.68574
124 125 0.25852
124 136 0.93701
124 268 -1.42261
124 1708 2.04893
125 126 1.16866
125 137 0.49673
125 269 1.70432
125 1709 0.31365
126 127 -0.93656
126 138 -1.09912
126 270 0.03406
126 1710 0.51946
127 128 -0.67369
127 139 -0.12762
127 271 1.4298
127 1711 -1.13967
128 129 0.06669
128 140 -0.74756
128 272 0.80322
128 1712 0.63305
129 130 -1.15244
129 141 2.01773
129 273 1.01399
129 1713 -0.6869
130 131 0.70283
130 142 -0.47648
130 274 2.78255
130 1714 0.32686
131 143 0.30573
131 275 -0.01022
131 1715 0.24037
132 133 -0.58077
132 143 -0.22918
132 276 0.58056
132 1716 -0.40141
133 134 -0.60336
133 277 0.61594
133 1717 -0.61346
134 135 1.61015
134 278 -0.39358
134 1718 -0.46311
135 136 -0.08455
135 279 -2.57903
135 1719 1.33331
136 137 1.09936
136 280 -0.8833
136 1720 0.17867
137 138 1.17836
137 281 1.422
137 1721 1.15882
138 139 -1.37131
138 282 -1.19444
138 1722 -0.8709
139 140 -1.12693
139 283 0.77088
139 1723 -0.21538
140 141 -0.21493
140 284 0.50572
140 1724 -1.4215
141 142 -0.34063
141 285 -0.59765
141 1725 -0.49755
142 143 -2.0202
142 286 1.23181
142 1726 -0.34566
143 287 0.4202
143 1727 -1.16417
144 145 0.11006
144 155 1.20269
144 156 -0.5575
144 276 0.74284
144 288 -2.48994
145 146 1.15328
145 157 1.00765
145 277 0.02615
145 289 -0.77761
146 147 0.25592
146 158 -1.88705
146 278 1.0242
146 290 0.42797
147 148 -0.63961
147 159 2.15532
147 279 -1.00244
147 291 0.53431
148 149 -0.75599
148 160 1.02468
148 280 -0.70532
148 292 -1.02115
149 150 0.18686
149 161 -0.63502
149 281 0.2002
149 293 0.11689
150 151 1.33726
150 162 0.10952
150 282 0.01826
150 294 -0.14648
151 152 0.37986
151 163 -1.43086
151 283 -0.18185
151 295 0.10283
152 153 -0.08678
152 164 1.29452
152 284 -1.03264
152 296 -0.43912
153 154 0.43085
153 165 -0.7013
153 285 -0.42191
153 297 -0.41147
154 155 0.41261
154 166 -0.87785
154 286 0.29762
154 298 0.77716
155 167 -1.48492
155 287 -1.73155
155 299 0.8171
156 157 -0.64496
156 167 -0.99978
156 168 -0.3363
156 300 1.59694
157 158 0.19102
157 169 0.33531
157 301 -0.22656
158 159 -0.74895
158 170 0.77756
158 302 0.39579
159 160 0.45088
159 171 -2.10072
159 303 -0.67869
160 161 1.03512
160 172 -0.48474
160 304 0.7583
161 162 -0.28698
161 173 1.7295
161 305 -0.30689
162 163 0.5342
162 174 -0.21506
162 306 -0.63513
163 164 1.1693
163 175 0.24084
163 307 -0.50566
164 165 1.36246
164 176 1.33403
164 308 -0.97229
165 166 -1.43171
165 177 -0.50398
165 309 -0.87144
166 167 1.27539
166 178 0.47553
166 310 0.14963
167 179 0.07067
167 311 -0.40693
168 169 0.48084
168 179 -0.28888
168 180 -0.34353
168 312 1.14737
169 170 -0.83167
169 181 -1.12457
169 313 0.13321
170 171 0.79765
170 182 1.06497
170 314 -0.46196
171 172 0.08729
171 183 0.87146
171 315 -0.39908
172 173 -1.0349
172 184 0.27678
172 316 -0.31511
173 174 -0.35034
173 185 1.41987
173 317 -1.02126
174 175 -1.14151
174 186 0.84283
174 318 1.4694
175 176 0.02423
175 187 1.57994
175 319 1.10052
176 177 1.67175
176 188 0.48468
176 320 0.36167
177 178 1.09347
177 189 -1.25761
177 321 0.35883
178 179 -1.08403
178 190 -1.17166
178 322 -0.1273
179 191 -0.9245
179 323 0.64432
180 181 -0.52039
180 191 -1.24764
180 192 -0.88894
180 324 0.1698
181 182 -0.86046
181 193 0.23279
181 325 -0.06434
182 183 -1.30019
182 194 0.96147
182 326 -0.05112
183 184 -0.36849
183 195 -0.6393
183 327 -1.55757
184 185 -0.36177
184 196 -1.03574
184 328 -0.40687
185 186 -1.47742
185 197 0.86321
185 329 0.48475
186 187 -0.05216
186 198 0.67967
186 330 0.19112
187 188 -0.11458
187 199 -0.21662
187 331 1.05297
188 189 -1.16367
188 200 0.8936
188 332 -0.09773
189 190 0.05855
189 201 -0.32449
189 333 0.21445
190 191 -1.0772
190 202 0.71579
190 334 -0.26191
191 203 -0.0756
191 335 -0.70466
192 193 -0.4248
192 203 -0.94246
192 204 -1.27273
192 336 1.10424
193 194 -0.30542
193 205 1.65381
193 337 -0.14822
194 195 -0.46442
194 206 0.26826
194 338 -1.01749
195 196 -0.27212
195 207 0.01832
195 339 -1.84924
196 197 -0.94314
196 208 1.1898
196 340 -0.47865
197 198 0.7851
197 209 -2.26435
197 341 0.53725
198 199 -1.93231
198 210 0.64186
198 342 0.25102
199 200 -0.21357
199 211 -0.59924
199 343 0.65106
200 201 -1.42822
200 212 -0.26587
200 344 -0.53988
201 202 -0.51529
201 213 -1.1529
201 345 -0.41571
202 203 1.44643
202 214 -1.74605
202 346 -1.68669
203 215 0.81768
203 347 -0.86166
204 205 0.96572
204 215 1.49185
204 216 -0.21209
204 348 0.37433
205 206 0.38463
205 217 -1.00102
205 349 1.70077
206 207 -0.8879
206 218 -1.30458
206 350 -0.00058
207 208 -1.31108
207 219 0.33067
207 351 0.29529
208 209 0.86817
208 220 0.53876
208 352 0.07362
209 210 0.56783
209 221 -0.58824
209 353 -0.82359
210 211 1.10301
210 222 -0.31862
210 354 0.24537
211 212 -0.45883
211 223 -1.13531
211 355 0.88675
212 213 -0.70983
212 224 -1.07544
212 356 -0.59687
213 214 0.92131
213 225 -0.4066
213 357 2.06808
214 215 0.43052
214 226 1.33584
214 358 2.87028
215 227 0.29742
215 359 -1.48084
216 217 -0.45887
216 227 -0.15783
216 228 0.46111
216 360 0.2053
217 218 -0.01612
217 229 0.20834
217 361 -1.69855
218 219 0.15278
218 230 0.35128
218 362 0.30873
219 220 0.81069
219 231 -2.18794
219 363 -0.92794
220 221 0.14116
220 232 -0.47198
220 364 -1.47054
221 222 -1.04744
221 233 -0.55565
221 365 0.11376
222 223 0.31033
222 234 -0.83277
222 366 0.77239
223 224 -0.71301
223 235 1.47948
223 367 1.59901
224 225 0.76012
224 236 -0.74085
224 368 0.13131
225 226 -0.46739
225 237 -0.00258
225 369 -0.27805
226 227 -0.53386
226 238 -1.20667
226 370 0.60426
227 239 1.96512
227 371 -1.32241
228 229 0.19782
228 239 -1.11537
228 240 0.80719
228 372 0.75746
229 230 -0.71099
229 241 -0.2434
229 373 -0.71108
230 231 0.4294
230 242 1.0709
230 374 0.53102
231 232 -0.82798
231 243 -0.32881
231 375 0.34983
232 233 1.60028
232 244 0.56476
232 376 0.42336
233 234 1.08669
233 245 0.67838
233 377 -0.0999
234 235 -1.15557
234 246 0.468
234 378 -1.56471
235 236 0.4132
235 247 -2.76405
235 379 -0.34424
236 237 -0.45473
236 248 2.40766
236 380 -1.23761
237 238 0.22414
237 249 -0.56057
237 381 2.00945
238 239 -0.00492
238 250 -1.62079
238 382 1.15406
239 251 0.97678
239 383 -0.52288
240 241 0.19995
240 251 -1.54199
240 252 2.20433
240 384 -0.26271
241 242 0.60608
241 253 1.73797
241 385 -0.35277
242 243 -0.34816
242 254 0.53941
242 386 0.05088
243 244 1.26674
243 255 1.44517
243 387 -0.59863
244 245 -0.94722
244 256 -1.29202
244 388 2.53404
245 246 -0.10938
245 257 0.23382
245 389 -1.01828
246 247 0.1372
246 258 0.58831
246 390 0.00043
247 248 0.49567
247 259 -1.90555
247 391 -0.37614
248 249 -0.60958
248 260 0.3872
248 392 1.43258
249 250 0.52352
249 261 -1.93892
249 393 0.10847
250 251 0.40553
250 262 0.39482
250 394 -0.45674
251 263 -0.48366
251 395 -2.35251
252 253 1.81158
252 263 -0.30866
252 264 0.95768
252 396 -0.53779
253 254 0.02846
253 265 -0.17691
253 397 -0.2363
254 255 -0.35139
254 266 1.45484
254 398 0.36116
255 256 0.57065
255 267 1.53328
255 399 -0.82024
256 257 -0.79293
256 268 -0.01
256 400 0.60059
257 258 -0.29161
257 269 -0.23025
257 401 -0.79927
258 259 -0.57634
258 270 0.2593
258 402 0.93482
259 260 1.65044
259 271 1.46707
259 403 -0.06435
260 261 -0.19575
260 272 1.40383
260 404 0.0481
261 262 0.47749
261 273 -0.45747
261 405 -0.85152
262 263 -0.1862
262 274 0.23978
262 406 0.531
263 275 0.05452
263 407 1.11739
264 265 -0.13772
264 275 0.80895
264 276 -0.07693
264 408 -0.49609
265 266 -1.78897
265 277 -1.56957
265 409 0.36858
266 267 1.48361
266 278 0.68702
266 410 -0.03745
267 268 -3.05419
267 279 -0.04858
267 411 -1.6539
268 269 1.07233
268 280 0.63446
268 412 -0.11918
269 270 -0.00108
269 281 0.15937
269 413 0.41624
270 271 0.36399
270 282 0.59849
270 414 1.00209
271 272 -1.51692
271 283 0.80892
271 415 -2.18446
272 273 -0.44096
272 284 -0.83541
272 416 0.43854
273 274 0.1413
273 285 -0.65176
273 417 0.12635
274 275 -0.43109
274 286 1.8064
274 418 0.98237
275 287 0.60631
275 419 -0.06908
276 277 0.32974
276 287 0.65875
276 420 1.40354
277 278 -0.86311
277 421 0.51715
278 279 -0.66845
278 422 0.6979
279 280 0.57928
279 423 0.27135
280 281 0.29317
280 424 1.20064
281 282 -1.71784
281 425 -1.31555
282 283 1.86045
282 426 0.65458
283 284 -0.15452
283 427 0.09844
284 285 0.2893
284 428 -0.56423
285 286 1.06962
285 429 0.24712
286 287 2.04491
286 430 -0.86848
287 431 0.89804
288 289 0.04112
288 299 -0.74035
288 300 -1.54436
288 420 0.02274
288 432 -0.47032
289 290 0.31858
289 301 0.16419
289 421 -2.35365
289 433 -0.70487
290 291 1.02746
290 302 -0.2341
290 422 -0.80647
290 434 0.70413
291 292 0.16394
291 303 -0.45638
291 423 0.36212
291 435 0.61676
292 293 -0.84546
292 304 0.54904
292 424 0.39351
292 436 -0.86412
293 294 0.06291
293 305 -0.9068
293 425 -0.95632
293 437 -0.09877
294 295 0.0866
294 306 -2.25908
294 426 -0.45743
294 438 -0.6214
295 296 -0.6302
295 307 0.05881
295 427 1.43642
295 439 -0.12228
296 297 -0.1776
296 308 -0.37767
296 428 0.27375
296 440 0.53869
297 298 -1.23175
297 309 0.47169
297 429 -2.9225
297 441 -0.52907
298 299 -1.90988
298 310 0.89842
298 430 -0.96337
298 442 -0.75306
299 311 0.34798
299 431 -0.55597
299 443 -0.89349
300 301 0.37321
300 311 -1.26556
300 312 -1.50721
300 444 1.11219
301 302 0.23555
301 313 0.28208
301 445 0.86109
302 303 0.13698
302 314 -0.6722
302 446 2.70561
303 304 0.43517
303 315 0.68696
303 447 1.45439
304 305 0.1403
304 316 0.64023
304 448 1.86937
305 306 0.81502
305 317 1.12988
305 449 0.36045
306 307 2.05165
306 318 1.14715
306 450 0.21631
307 308 0.00863
307 319 0.98843
307 451 0.2777
308 309 -0.1768
308 320 -0.68007
308 452 1.73527
309 310 -1.35602
309 321 -1.77306
309 453 1.0283
310 311 0.67314
310 322 -0.66345
310 454 -0.74631
311 323 -1.30656
311 455 -0.01729
312 313 0.00036
312 323 0.68204
312 324 -1.05738
312 456 -0.05187
313 314 -0.86815
313 325 0.63179
313 457 -0.96837
314 315 -0.39368
314 326 -0.12328
314 458 -0.88442
315 316 -0.14158
315 327 1.05382
315 459 -0.73918
316 317 1.82753
316 328 -0.72607
316 460 0.29767
317 318 -0.32944
317 329 0.93936
317 461 -2.56579
318 319 -0.09655
318 330 0.24606
318 462 -0.10216
319 320 -0.63808
319 331 1.19405
319 463 -0.07825
320 321 0.19385
320 332 0.93605
320 464 -0.46284
321 322 -2.44548
321 333 0.97386
321 465 0.1715
322 323 -0.94159
322 334 1.53746
322 466 0.81285
323 335 -0.91529
323 467 0.91423
324 325 -0.08518
324 335 -0.73066
324 336 -1.58033
324 468 -0.51077
325 326 0.84017
325 337 1.29088
325 469 0.00628
326 327 1.91753
326 338 -0.93668
326 470 -1.1528
327 328 -0.09802
327 339 0.78629
327 471 -1.65949
328 329 0.69937
328 340 -2.17947
328 472 0.80311
329 330 -0.57247
329 341 -0.57049
329 473 -0.3849
330 331 0.72315
330 342 -0.77702
330 474 -0.89013
331 332 -0.03917
331 343 0.57881
331 475 0.70728
332 333 -1.23698
332 344 -0.62468
332 476 0.52237
333 334 0.42382
333 345 -0.27367
333 477 -0.09128
334 335 -2.00027
334 346 -0.61205
334 478 0.74205
335 347 -1.95355
335 479 1.18557
336 337 -1.28482
336 347 -0.1686
336 348 -0.85518
336 480 -1.30923
337 338 -2.61772
337 349 0.98279
337 481 0.24647
338 339 1.47071
338 350 0.77497
338 482 -0.22277
339 340 0.51286
339 351 -2.23277
339 483 0.9956
340 341 -0.14757
340 352 -1.33955
340 484 -0.1225
341 342 0.3406
341 353 1.00417
341 485 0.64078
342 343 0.308
342 354 -0.42058
342 486 -0.83895
343 344 -0.78088
343 355 1.33734
343 487 -0.50785
344 345 -0.13424
344 356 -0.492
344 488 0.16179
345 346 0.65856
345 357 0.66513
345 489 -0.6158
346 347 0.20876
346 358 -0.65632
346 490 -0.18717
347 359 -0.2066
347 491 -0.53402
348 349 0.07059
348 359 0.78795
348 360 0.38015
348 492 -0.87493
349 350 -1.58531
349 361 -0.41216
349 493 -0.31366
350 351 0.74472
350 362 0.41052
350 494 0.76258
351 352 -0.16461
351 363 0.30402
351 495 0.18687
352 353 1.19133
352 364 -0.56781
352 496 0.29815
353 354 1.53312
353 365 0.63667
353 497 1.01408
354 355 -0.85916
354 366 0.80647
354 498 1.29388
355 356 0.07385
355 367 -0.28127
355 499 1.29899
356 357 -1.58599
356 368 0.12741
356 500 -1.36711
357 358 -0.25331
357 369 1.17031
357 501 -0.87878
358 359 0.71797
358 370 -0.41181
358 502 1.2233
359 371 -0.33437
359 503 -0.80138
360 361 0.31462
360 371 0.95885
360 372 -1.12035
360 504 -0.04867
361 362 0.36812
361 373 -1.62907
361 505 -1.45276
362 363 0.93965
362 374 0.49199
362 506 1.20171
363 364 0.0308
363 375 1.07835
363 507 -0.79497
364 365 0.81329
364 376 0.01215
364 508 -0.9702
365 366 -0.41717
365 377 -0.25105
365 509 0.02755
366 367 -0.16509
366 378 0.61339
366 510 -0.99164
367 368 2.29871
367 379 0.45169
367 511 0.25182
368 369 -1.16583
368 380 1.19823
368 512 -0.1804
369 370 -0.47786
369 381 0.26207
369 513 1.36456
370 371 -0.55378
370 382 -0.33264
370 514 -2.0366
371 383 -0.21512
371 515 -0.36196
372 373 0.40919
372 383 -1.12353
372 384 0.42391
372 516 -0.05326
373 374 0.98755
373 385 -0.89151
373 517 1.6129
374 375 -1.05327
374 386 0.16283
374 518 -1.1343
375 376 1.35418
375 387 -0.15641
375 519 1.03397
376 377 -0.35018
376 388 -1.60191
376 520 0.32397
377 378 0.08255
377 389 -0.69963
377 521 1.10273
378 379 -0.97633
378 390 1.33742
378 522 -0.76018
379 380 -0.92979
379 391 -0.93939
379 523 -0.0316
380 381 0.92334
380 392 1.82928
380 524 0.40711
381 382 -0.04183
381 393 -0.71422
381 525 0.89258
382 383 -0.63765
382 394 1.0737
382 526 0.17608
383 395 0.66136
383 527 1.14606
384 385 -1.0494
384 395 -1.19561
384 396 0.67338
384 528 -0.65991
385 386 1.78927
385 397 0.56721
385 529 -0.70712
386 387 -0.88712
386 398 -0.16896
386 530 0.10535
387 388 -0.40079
387 399 0.79421
387 531 2.0976
388 389 1.23129
388 400 -1.2209
388 532 0.40941
389 390 0.40503
389 401 -0.52378
389 533 -0.93107
390 391 -1.00325
390 402 0.29723
390 534 0.53696
391 392 0.84847
391 403 0.06363
391 535 -1.37183
392 393 0.12446
392 404 -0.85733
392 536 -0.51085
393 394 -0.03554
393 405 -1.08412
393 537 0.7238
394 395 0.10462
394 406 -0.60496
394 538 0.63658
395 407 1.47429
395 539 0.37179
396 397 -0.09572
396 407 1.47458
396 408 -1.22737
396 540 1.61043
397 398 0.6372
397 409 -0.56194
397 541 -0.17318
398 399 0.71445
398 410 -0.39379
398 542 -0.23808
399 400 -0.36562
399 411 1.29923
399 543 1.13745
400 401 0.26476
400 412 -0.18782
400 544 -0.10464
401 402 -1.16877
401 413 -0.46451
401 545 -1.28947
402 403 -0.43178
402 414 0.33128
402 546 -0.44841
403 404 0.70471
403 415 -0.38666
403 547 0.34977
404 405 -1.34702
404 416 -1.3286
404 548 0.7761
405 406 -0.75746
405 417 0.20109
405 549 0.35519
406 407 1.33253
406 418 -0.58261
406 550 -0.65301
407 419 -0.89019
407 551 1.30494
408 409 1.65145
408 419 0.86506
408 420 -1.09521
408 552 -0.29868
409 410 -0.3214
409 421 -2.38905
409 553 1.12344
410 411 1.03304
410 422 0.81285
410 554 -2.87311
411 412 -1.10057
411 423 0.03159
411 555 1.09933
412 413 1.16152
412 424 2.62844
412 556 -0.93252
413 414 -1.37941
413 425 1.02734
413 557 0.63157
414 415 -0.253
414 426 -1.03254
414 558 -2.03232
415 416 -0.41551
415 427 1.4483
415 559 -0.23097
416 417 -0.29899
416 428 0.96024
416 560 -0.94044
417 418 -1.43765
417 429 -0.81035
417 561 -0.48746
418 419 1.39723
418 430 0.37904
418 562 -1.15794
419 431 -0.34516
419 563 -1.28354
420 421 -0.60326
420 431 0.99075
420 564 0.13113
421 422 1.58822
421 565 0.12059
422 423 -1.75787
422 566 -0.29494
423 424 0.30595
423 567 0.58137
424 425 0.06969
424 568 -0.56736
425 426 1.13738
425 569 -0.96921
426 427 -1.33072
426 570 -1.642
427 428 -1.08089
427 571 -0.60407
428 429 -0.00079
428 572 2.02834
429 430 -0.60849
429 573 -2.2785
430 431 -0.42467
430 574 -1.80944
431 575 1.42486
432 433 -2.70724
432 443 -0.06198
432 444 0.13229
432 564 -0.90776
432 576 0.0389
433 434 -0.42582
433 445 0.46696
433 565 1.10011
433 577 0.81025
434 435 -0.72387
434 446 -1.54411
434 566 -1.51227
434 578 -0.67239
435 436 -1.94191
435 447 0.13836
435 567 -0.2632
435 579 0.78838
436 437 0.6355
436 448 0.13142
436 568 0.31006
436 580 1.37933
437 438 -0.67462
437 449 0.40569
437 569 -0.52618
437 581 -0.29276
438 439 -1.78175
438 450 0.35129
438 570 1.33885
438 582 -0.35435
439 440 -0.56878
439 451 1.64858
439 571 -0.49361
439 583 0.40879
440 441 -0.93824
440 452 -0.05097
440 572 -1.03698
440 584 -0.18035
441 442 0.77963
441 453 0.68262
441 573 0.43517
441 585 0.00073
442 443 0.69127
442 454 -0.84366
442 574 0.84425
442 586 -1.01259
443 455 -1.49033
443 575 1.09759
443 587 -0.21267
444 445 0.18218
444 455 0.44603
444 456 -1.52956
444 588 0.40309
445 446 -0.45423
445 457 -0.37599
445 589 1.09537
446 447 -1.48494
446 458 -0.24237
446 590 -1.07871
447 448 -0.39025
447 459 0.82796
447 591 1.24499
448 449 -1.4867
448 460 -0.06491
448 592 -2.12282
449 450 -0.54474
449 461 -1.28489
449 593 0.66439
450 451 0.05811
450 462 0.14913
450 594 -0.47484
451 452 0.29789
451 463 -0.50123
451 595 0.25233
452 453 0.11486
452 464 -1.59783
452 596 -0.19859
453 454 -0.32023
453 465 0.11662
453 597 0.13407
454 455 0.41079
454 466 1.2576
454 598 0.15047
455 467 0.55656
455 599 -1.93028
456 457 0.216
456 467 -1.1583
456 468 -1.13842
456 600 -3.01047
457 458 -0.76548
457 469 -1.00263
457 601 1.44656
458 459 -0.70859
458 470 -1.38729
458 602 2.28456
459 460 -0.97322
459 471 0.36276
459 603 -0.27397
460 461 1.72783
460 472 -1.22845
460 604 -0.11413
461 462 0.78543
461 473 -0.75123
461 605 0.61843
462 463 0.17754
462 474 -0.26762
462 606 0.57805
463 464 -0.41667
463 475 0.08199
463 607 -0.02537
464 465 -0.88306
464 476 3.67795
464 608 0.20831
465 466 0.4985
465 477 -0.90607
465 609 0.38088
466 467 -0.62088
466 478 -1.61909
466 610 -1.75975
467 479 2.25419
467 611 -1.10319
468 469 0.82239
468 479 2.18263
468 480 -0.09487
468 612 -2.09541
469 470 1.06654
469 481 0.3325
469 613 0.08218
470 471 0.80312
470 482 -0.8359
470 614 -0.16659
471 472 0.88156
471 483 -1.13512
471 615 0.71541
472 473 1.72517
472 484 1.16443
472 616 1.19393
473 474 -1.33616
473 485 -1.17355
473 617 -0.58492
474 475 -1.37023
474 486 -0.73175
474 618 0.08773
475 476 0.49459
475 487 -0.69679
475 619 -0.16154
476 477 -2.57233
476 488 0.46953
476 620 1.37625
477 478 0.46404
477 489 0.2023
477 621 0.09743
478 479 0.31685
478 490 -3.49373
478 622 -1.5643
479 491 0.79
479 623 -0.07911
480 481 1.90263
480 491 0.52851
480 492 0.46166
480 624 -0.20722
481 482 -3.25813
481 493 -0.28417
481 625 -0.28409
482 483 -0.85556
482 494 -1.32171
482 626 -1.35922
483 484 0.20754
483 495 1.85257
483 627 0.45978
484 485 -0.64902
484 496 -0.40621
484 628 0.59798
485 486 1.02104
485 497 -0.40654
485 629 -1.17546
486 487 0.42572
486 498 0.852
486 630 0.82739
487 488 -0.92879
487 499 -0.44584
487 631 1.46502
488 489 -1.86898
488 500 0.94679
488 632 -0.41106
489 490 1.33772
489 501 -0.33046
489 633 1.45293
490 491 2.41567
490 502 -0.36408
490 634 -0.11639
491 503 -0.38872
491 635 -0.14585
492 493 0.47235
492 503 0.5075
492 504 1.25803
492 636 -0.96832
493 494 0.69821
493 505 -1.63582
493 637 -0.1609
494 495 1.29114
494 506 -0.98843
494 638 -0.44572
495 496 -1.15234
495 507 0.5131
495 639 0.56532
496 497 0.53112
496 508 -1.47671
496 640 -0.98119
497 498 -1.43697
497 509 1.3504
497 641 -0.28745
498 499 0.42475
498 510 -0.45496
498 642 0.74717
499 500 0.71052
499 511 0.53221
499 643 0.20445
500 501 -0.22341
500 512 -0.10005
500 644 0.06325
501 502 1.28769
501 513 1.53089
501 645 -0.60412
502 503 0.60554
502 514 -0.81617
502 646 1.07052
503 515 -0.45073
503 647 -1.37365
504 505 -1.08377
504 515 0.3678
504 516 -0.50709
504 648 0.18504
505 506 -0.93495
505 517 0.18837
505 649 -1.17993
506 507 0.4637
506 518 -0.16112
506 650 -0.79854
507 508 -1.28561
507 519 -0.33919
507 651 1.66074
508 509 -0.20525
508 520 -1.50604
508 652 -1.12152
509 510 -0.6665
509 521 0.62462
509 653 -1.16147
510 511 2.21233
510 522 -1.23072
510 654 -0.00249
511 512 -0.76655
511 523 -0.97567
511 655 0.70422
512 513 -1.22365
512 524 1.07686
512 656 -0.10577
513 514 -1.8319
513 525 0.54023
513 657 0.75879
514 515 0.02621
514 526 0.19904
514 658 1.24688
515 527 -0.66805
515 659 0.22328
516 517 0.39383
516 527 -0.1587
516 528 0.24339
516 660 -0.46498
517 518 -1.29891
517 529 -0.79587
517 661 0.99031
518 519 -1.11154
518 530 -1.64491
518 662 -1.16592
519 520 -0.50888
519 531 0.30297
519 663 -0.62144
520 521 0.00274
520 532 0.89856
520 664 0.17056
521 522 0.01503
521 533 -0.71902
521 665 0.45145
522 523 0.08745
522 534 0.90876
522 666 -0.75759
523 524 -0.83669
523 535 -0.21391
523 667 0.59927
524 525 0.02768
524 536 0.18115
524 668 0.21767
525 526 -0.38219
525 537 -0.44711
525 669 0.27663
526 527 -0.07644
526 538 -0.85261
526 670 1.97533
527 539 -0.1276
527 671 0.60666
528 529 0.23538
528 539 0.71823
528 540 -0.67954
528 672 -0.46357
529 530 1.44418
529 541 2.68983
529 673 -0.90439
530 531 -0.34449
530 542 -0.06868
530 674 -0.65916
531 532 -0.78102
531 543 -2.91256
531 675 1.49069
532 533 0.60508
532 544 -0.45269
532 676 0.51757
533 534 -1.63331
533 545 0.76486
533 677 -1.33277
534 535 0.56603
534 546 -0.1213
534 678 0.05312
535 536 0.22009
535 547 -0.89672
535 679 0.42997
536 537 -1.7958
536 548 0.94578
536 680 0.38324
537 538 -0.05973
537 549 -0.69243
537 681 0.89257
538 539 0.94326
538 550 -0.66059
538 682 -1.83223
539 551 -0.43737
539 683 0.66622
540 541 0.82037
540 551 0.82317
540 552 0.60524
540 684 -0.48373
541 542 1.70928
541 553 0.42911
541 685 -1.06527
542 543 1.09333
542 554 0.76299
542 686 -1.54787
543 544 0.22631
543 555 0.20988
543 687 0.26551
544 545 -1.05675
544 556 1.86961
544 688 -1.3562
545 546 0.6827
545 557 0.29012
545 689 1.08511
546 547 1.34381
546 558 0.28348
546 690 0.26142
547 548 0.87424
547 559 -1.00957
547 691 1.38363
548 549 0.66374
548 560 0.63108
548 692 -0.64242
549 550 -0.42916
549 561 0.25185
549 693 -1.27131
550 551 -0.18014
550 562 0.98507
550 694 0.40936
551 563 -1.19553
551 695 -0.00549
552 553 -0.39151
552 563 0.23271
552 564 -1.07951
552 696 1.36327
553 554 1.15001
553 565 -0.12969
553 697 0.09693
554 555 0.13902
554 566 0.10479
554 698 0.99134
555 556 0.04628
555 567 0.15416
555 699 -0.7618
556 557 1.91079
556 568 -2.43368
556 700 0.12126
557 558 -0.99733
557 569 -1.20413
557 701 0.61735
558 559 -0.24788
558 570 -2.23833
558 702 0.07637
559 560 0.88892
559 571 -0.73279
559 703 0.74448
560 561 -0.65253
560 572 1.40523
560 704 0.88025
561 562 -0.15944
561 573 -1.47118
561 705 0.12439
562 563 2.27385
562 574 1.82725
562 706 0.96771
563 575 -0.60681
563 707 -0.34911
564 565 0.31506
564 575 3.14775
564 708 0.39898
565 566 0.37926
565 709 -0.10408
566 567 1.28359
566 710 1.1758
567 568 0.82481
567 711 0.42717
568 569 -1.70018
568 712 1.17147
569 570 1.07418
569 713 1.0895
570 571 -0.09016
570 714 -0.93456
571 572 0.00683
571 715 0.04752
572 573 -0.37055
572 716 0.97398
573 574 2.12311
573 717 1.76204
574 575 -0.80898
574 718 0.71176
575 719 0.20983
576 577 -0.21393
576 587 -0.59444
576 588 -0.36506
576 708 0.05095
576 720 1.74973
577 578 -0.85307
577 589 -0.54714
577 709 0.29984
577 721 -0.52424
578 579 0.75608
578 590 -0.56611
578 710 -0.16791
578 722 0.1057
579 580 0.45482
579 591 -0.12315
579 711 0.2875
579 723 -0.47533
580 581 0.32974
580 592 -1.57292
580 712 0.53876
580 724 0.26992
581 582 0.48027
581 593 -0.51643
581 713 0.22199
581 725 1.71095
582 583 -0.4135
582 594 0.5011
582 714 -0.19352
582 726 -1.42367
583 584 -1.45069
583 595 1.39771
583 715 -1.33728
583 727 1.67483
584 585 0.7881
584 596 0.6474
584 716 0.35182
584 728 -1.41337
585 586 -1.51786
585 597 0.29317
585 717 -0.08099
585 729 -0.44692
586 587 1.03738
586 598 -0.64695
586 718 1.5549
586 730 -0.01304
587 599 0.67755
587 719 -0.65707
587 731 -0.10677
588 589 0.88646
588 599 0.52411
588 600 0.80226
588 732 0.88552
589 590 -0.12464
589 601 1.57946
589 733 -0.05805
590 591 -1.53438
590 602 0.92651
590 734 0.03771
591 592 0.92541
591 603 1.73236
591 735 -1.63713
592 593 0.62715
592 604 -1.47013
592 736 0.20674
593 594 -1.78
593 605 0.15478
593 737 -0.54566
594 595 -0.18223
594 606 0.21524
594 738 -0.97358
595 596 -0.68438
595 607 -1.19442
595 739 -0.02704
596 597 1.20081
596 608 -1.67838
596 740 -0.08906
597 598 -0.09245
597 609 -0.49385
597 741 -0.17095
598 599 0.17795
598 610 0.96464
598 742 -0.74533
599 611 0.69302
599 743 -0.16655
600 601 0.57469
600 611 0.33647
600 612 -0.81662
600 744 1.32525
601 602 0.51611
601 613 1.82118
601 745 -0.29482
602 603 -0.60926
602 614 -0.90025
602 746 0.21086
603 604 -0.15669
603 615 -0.47646
603 747 -0.3097
604 605 0.19297
604 616 0.91118
604 748 -0.6253
605 606 -1.56456
605 617 -1.24033
605 749 -0.2368
606 607 -0.37408
606 618 0.85735
606 750 -0.54498
607 608 0.01563
607 619 -0.2237
607 751 -0.58624
608 609 -0.60737
608 620 1.68538
608 752 -0.68283
609 610 0.62412
609 621 0.42353
609 753 -1.06822
610 611 0.72962
610 622 0.04116
610 754 0.2172
611 623 -0.56854
611 755 -1.01346
612 613 -1.9363
612 623 0.31527
612 624 -0.50143
612 756 -0.02328
613 614 0.65022
613 625 0.67677
613 757 -0.03626
614 615 -0.53732
614 626 -1.44381
614 758 -1.21136
615 616 1.64922
615 627 -0.31341
615 759 0.89038
616 617 1.22193
616 628 0.15264
616 760 -0.05659
617 618 0.76797
617 629 1.41216
617 761 -0.95482
618 619 0.81596
618 630 -0.35677
618 762 1.9505
619 620 -0.01555
619 631 0.66789
619 763 -0.15394
620 621 0.55462
620 632 0.55738
620 764 -1.85357
621 622 -1.91265
621 633 -0.74413
621 765 0.92753
622 623 0.17881
622 634 1.15787
622 766 0.52531
623 635 -0.03872
623 767 -0.42744
624 625 1.30367
624 635 0.18877
624 636 0.29488
624 768 -1.27084
625 626 1.88158
625 637 0.6689
625 769 -1.41217
626 627 -0.20399
626 638 -0.89503
626 770 0.80427
627 628 -1.23127
627 639 -0.04645
627 771 -0.20847
628 629 -0.24753
628 640 1.28521
628 772 0.41996
629 630 0.43733
629 641 1.48792
629 773 -0.05793
630 631 0.37797
630 642 0.7481
630 774 -0.13132
631 632 0.07611
631 643 0.93592
631 775 -0.85429
632 633 -1.22536
632 644 1.2901
632 776 -0.577
633 634 -0.10034
633 645 -0.40543
633 777 0.49161
634 635 -0.60147
634 646 0.28234
634 778 -0.22548
635 647 0.86234
635 779 0.29602
636 637 0.98375
636 647 -1.20219
636 648 0.30345
636 780 1.32133
637 638 -0.04786
637 649 -0.73164
637 781 -1.17872
638 639 0.38701
638 650 -0.91843
638 782 -0.15249
639 640 1.67187
639 651 -0.25314
639 783 0.93746
640 641 -0.61347
640 652 -0.39477
640 784 -1.00329
641 642 -0.09367
641 653 2.02061
641 785 -1.10757
642 643 -1.25194
642 654 -1.044
642 786 -0.23085
643 644 -1.27914
643 655 -1.49739
643 787 -0.07067
644 645 0.73744
644 656 2.37752
644 788 -1.27842
645 646 0.37694
645 657 -0.09909
645 789 0.04818
646 647 -0.36323
646 658 -0.25984
646 790 0.03625
647 659 -0.44991
647 791 -0.97318
648 649 0.86839
648 659 -0.52299
648 660 -0.42229
648 792 -1.5265
649 650 -0.19425
649 661 -0.8373
649 793 0.35951
650 651 -0.05182
650 662 -0.63102
650 794 2.47073
651 652 0.97611
651 663 1.83813
651 795 0.14987
652 653 0.04721
652 664 -0.54568
652 796 -1.55772
653 654 -0.25806
653 665 0.1095
653 797 0.50036
654 655 -0.01924
654 666 1.48931
654 798 -0.40717
655 656 0.16542
655 667 -0.94265
655 799 0.52101
656 657 0.83639
656 668 -0.97722
656 800 -0.62796
657 658 0.54548
657 669 -0.18679
657 801 0.3389
658 659 1.63145
658 670 0.18548
658 802 0.40807
659 671 1.09469
659 803 0.24307
660 661 1.128
660 671 -1.37675
660 672 0.89932
660 804 -0.03218
661 662 1.13495
661 673 1.24607
661 805 0.49113
662 663 0.24359
662 674 1.11511
662 806 -0.57373
663 664 0.58481
663 675 -1.04312
663 807 1.45729
664 665 -2.16412
664 676 1.2911
664 808 0.58461
665 666 1.59146
665 677 0.55259
665 809 -1.6046
666 667 -1.40509
666 678 0.7858
666 810 0.43699
667 668 -0.36885
667 679 -0.28624
667 811 0.80656
668 669 -1.13659
668 680 -0.22785
668 812 0.55725
669 670 0.52644
669 681 0.6828
669 813 0.10037
670 671 -0.21888
670 682 0.6788
670 814 1.40043
671 683 0.43098
671 815 1.12541
672 673 1.45186
672 683 2.0215
672 684 0.49212
672 816 0.9263
673 674 -0.1141
673 685 -0.6583
673 817 0.00689
674 675 0.24048
674 686 -2.66076
674 818 0.20303
675 676 0.74039
675 687 -1.00022
675 819 0.1251
676 677 1.29636
676 688 -0.34967
676 820 2.0629
677 678 1.38654
677 689 -0.32925
677 821 -0.37759
678 679 -0.24124
678 690 0.8451
678 822 -0.68082
679 680 -1.07371
679 691 0.65985
679 823 -2.60028
680 681 0.38615
680 692 -0.44279
680 824 0.24317
681 682 0.30987
681 693 -1.26491
681 825 1.25095
682 683 0.73532
682 694 -0.51544
682 826 -0.25575
683 695 -0.53816
683 827 -0.55645
684 685 0.2911
684 695 0.58498
684 696 -0.37676
684 828 0.73741
685 686 0.80723
685 697 -0.42953
685 829 0.98412
686 687 -0.66466
686 698 1.45602
686 830 0.8835
687 688 0.9835
687 699 -1.91499
687 831 -0.23828
688 689 0.58937
688 700 0.29225
688 832 0.64996
689 690 0.642
689 701 -0.31676
689 833 0.58776
690 691 -0.54818
690 702 -1.80437
690 834 -0.60078
691 692 -1.35536
691 703 -0.94244
691 835 0.08805
692 693 -0.65504
692 704 -0.00285
692 836 -1.81699
693 694 0.86314
693 705 1.48802
693 837 0.37136
694 695 -1.33998
694 706 0.1449
694 838 0.5351
695 707 0.27829
695 839 1.41537
696 697 -2.94091
696 707 1.11072
696 708 -0.26973
696 840 -2.174
697 698 0.02661
697 709 1.14167
697 841 1.90556
698 699 0.69793
698 710 1.16618
698 842 -0.11076
699 700 1.80358
699 711 -1.67707
699 843 1.65193
700 701 -1.10665
700 712 0.61229
700 844 0.5608
701 702 0.47159
701 713 2.34559
701 845 0.43342
702 703 -0.21122
702 714 -0.37374
702 846 0.32956
703 704 0.19412
703 715 0.51715
703 847 -0.77369
704 705 -1.63759
704 716 2.63704
704 848 1.0397
705 706 -0.89265
705 717 -0.69712
705 849 0.26851
706 707 -0.3085
706 718 -0.09574
706 850 -0.0125
707 719 0.84104
707 851 1.31595
708 709 0.06129
708 719 0.01181
708 852 0.5747
709 710 0.5972
709 853 1.24824
710 711 0.11355
710 854 -1.19002
711 712 1.92291
711 855 -2.12445
712 713 -0.17331
712 856 0.592
713 714 -0.21616
713 857 -1.51636
714 715 1.82399
714 858 0.16461
715 716 -1.78554
715 859 -0.58236
716 717 0.12199
716 860 1.15499
717 718 0.91615
717 861 -0.16608
718 719 -0.46269
718 862 1.28001
719 863 1.0844
720 721 0.96745
720 731 0.84006
720 732 0.98351
720 852 -0.18416
720 864 -1.21429
721 722 0.09953
721 733 -2.58631
721 853 0.30237
721 865 0.65582
722 723 -0.30492
722 734 0.22254
722 854 -1.48183
722 866 2.16939
723 724 2.0934
723 735 -0.37874
723 855 -1.17266
723 867 1.59083
724 725 -1.72688
724 736 -1.09786
724 856 1.23065
724 868 0.36806
725 726 0.48802
725 737 0.40056
725 857 2.05924
725 869 0.69413
726 727 -2.00023
726 738 1.17256
726 858 0.00386
726 870 -1.20666
727 728 -2.63262
727 739 1.55457
727 859 0.17166
727 871 0.46922
728 729 0.90765
728 740 -0.06909
728 860 -1.65602
728 872 -0.88789
729 730 0.70474
729 741 -0.50183
729 861 1.28683
729 873 -0.35749
730 731 -1.49287
730 742 -0.90103
730 862 -0.67269
730 874 -0.41324
731 743 0.06691
731 863 -1.64463
731 875 0.09467
732 733 -1.36213
732 743 0.84404
732 744 -0.29475
732 876 -0.2782
733 734 1.0678
733 745 -0.38766
733 877 -1.70183
734 735 1.29913
734 746 1.31261
734 878 0.98408
735 736 0.12721
735 747 -0.53949
735 879 -0.64133
736 737 0.80054
736 748 -0.49389
736 880 0.43869
737 738 -0.68175
737 749 -2.08245
737 881 0.97624
738 739 -0.27776
738 750 0.60769
738 882 0.27377
739 740 0.96194
739 751 -0.19628
739 883 -0.85302
740 741 0.78981
740 752 0.1971
740 884 0.77338
741 742 1.03881
741 753 1.30795
741 885 -0.31197
742 743 -1.82271
742 754 1.24642
742 886 0.19521
743 755 0.65851
743 887 0.35376
744 745 0.66269
744 755 -1.88393
744 756 -1.52342
744 888 0.70672
745 746 -0.54994
745 757 1.31871
745 889 -0.25774
746 747 0.84594
746 758 -1.19861
746 890 1.11679
747 748 0.3889
747 759 -1.21818
747 891 -0.0655
748 749 -0.21867
748 760 0.46131
748 892 0.38077
749 750 -3.34386
749 761 0.43312
749 893 1.2534
750 751 -0.29317
750 762 -0.2676
750 894 -0.60631
751 752 -0.23558
751 763 -1.09121
751 895 -0.07749
752 753 -0.71964
752 764 0.90303
752 896 1.28377
753 754 0.20073
753 765 -0.61572
753 897 -0.26659
754 755 -1.04438
754 766 -0.79684
754 898 -0.12423
755 767 -1.48685
755 899 0.31355
756 757 0.52454
756 767 -0.27338
756 768 1.04311
756 900 0.25493
757 758 -0.34964
757 769 0.36132
757 901 1.44135
758 759 0.72814
758 770 0.11277
758 902 0.81249
759 760 1.93256
759 771 0.14623
759 903 -0.32954
760 761 -1.61564
760 772 -0.83163
760 904 0.57841
761 762 -0.12999
761 773 1.30449
761 905 -0.70965
762 763 0.09256
762 774 0.32312
762 906 0.40258
763 764 1.85989
763 775 -0.38001
763 907 0.99294
764 765 -0.55542
764 776 0.99919
764 908 1.35149
765 766 -0.99405
765 777 -0.31393
765 909 0.8513
766 767 0.79799
766 778 -0.7298
766 910 -0.18597
767 779 -2.14861
767 911 0.46159
768 769 0.10814
768 779 3.96059
768 780 0.01316
768 912 -0.98731
769 770 -0.52064
769 781 -0.23337
769 913 2.26004
770 771 0.8014
770 782 0.58089
770 914 -0.04623
771 772 0.46017
771 783 1.34334
771 915 -1.74157
772 773 0.26503
772 784 -1.04611
772 916 -1.49467
773 774 -1.95838
773 785 -0.35865
773 917 0.73648
774 775 0.50396
774 786 -0.23317
774 918 1.2785
775 776 0.98617
775 787 1.32325
775 919 -0.4641
776 777 1.28622
776 788 -1.53455
776 920 0.05288
777 778 -0.12766
777 789 -0.96447
777 921 -1.26702
778 779 0.52025
778 790 1.49653
778 922 -1.23581
779 791 -1.11306
779 923 -1.08465
780 781 0.52786
780 791 0.51015
780 792 -0.99355
780 924 1.06536
781 782 0.64568
781 793 -0.87331
781 925 -0.03347
782 783 0.24084
782 794 0.15205
782 926 0.33198
783 784 -0.16763
783 795 -0.42191
783 927 2.37829
784 785 0.09365
784 796 0.58462
784 928 -0.5747
785 786 -0.44249
785 797 -0.3344
785 929 0.70116
786 787 1.02876
786 798 -0.60301
786 930 0.08166
787 788 -0.84198
787 799 -0.35787
787 931 1.57009
788 789 1.24208
788 800 -1.68092
788 932 0.26734
789 790 0.81027
789 801 -0.34631
789 933 -0.37016
790 791 0.46503
790 802 -0.55763
790 934 -1.85968
791 803 -1.04689
791 935 0.63955
792 793 -0.82702
792 803 -0.6183
792 804 0.98011
792 936 -0.65494
793 794 -1.43698
793 805 -0.43247
793 937 0.36928
794 795 -1.04713
794 806 -0.69583
794 938 -0.20266
795 796 0.54588
795 807 -1.93809
795 939 -0.09428
796 797 -0.2848
796 808 1.12643
796 940 -0.44689
797 798 -0.08095
797 809 -0.29151
797 941 -1.80731
798 799 -0.38428
798 810 -0.5427
798 942 0.86621
799 800 -0.8093
799 811 -0.6514
799 943 1.492
800 801 -0.4319
800 812 0.22571
800 944 0.8792
801 802 0.17026
801 813 -0.56576
801 945 0.20172
802 803 -1.12774
802 814 -0.04574
802 946 0.31462
803 815 0.52853
803 947 -0.30682
804 805 -0.66621
804 815 -0.42941
804 816 -1.18606
804 948 -0.34212
805 806 0.62096
805 817 -0.41669
805 949 -0.04723
806 807 -0.33388
806 818 -0.10252
806 950 -0.89961
807 808 -1.25883
807 819 0.04011
807 951 0.37086
808 809 -0.00158
808 820 0.31054
808 952 -0.69231
809 810 0.28105
809 821 -0.16219
809 953 -1.10859
810 811 0.78903
810 822 -1.78066
810 954 0.80534
811 812 0.34301
811 823 -0.10016
811 955 0.03104
812 813 0.74594
812 824 0.65475
812 956 -0.46885
813 814 -0.44625
813 825 0.42337
813 957 -1.03059
814 815 0.33176
814 826 0.69617
814 958 0.6604
815 827 -0.51415
815 959 1.09024
816 817 0.77745
816 827 -0.52471
816 828 -1.85402
816 960 0.21126
817 818 -0.77604
817 829 -1.02449
817 961 1.29389
818 819 1.19706
818 830 1.6874
818 962 -1.84104
819 820 -0.59228
819 831 0.85828
819 963 -0.34767
820 821 0.31507
820 832 -0.26543
820 964 -0.54565
821 822 -0.66123
821 833 0.21738
821 965 -1.10206
822 823 2.10078
822 834 0.40716
822 966 0.97027
823 824 0.82901
823 835 1.67137
823 967 0.47661
824 825 0.46437
824 836 -1.63893
824 968 -0.45412
825 826 -1.34088
825 837 1.47813
825 969 0.3254
826 827 -0.81064
826 838 1.91913
826 970 0.49729
827 839 -0.07795
827 971 -0.74381
828 829 1.52675
828 839 0.67234
828 840 0.1583
828 972 0.43038
829 830 0.52091
829 841 0.1567
829 973 -1.63068
830 831 0.76683
830 842 -0.73932
830 974 1.34806
831 832 -0.08889
831 843 0.88013
831 975 1.45206
832 833 0.66835
832 844 1.89118
832 976 0.77701
833 834 -0.53738
833 845 -2.07706
833 977 0.77293
834 835 -0.00507
834 846 -1.79996
834 978 -0.68541
835 836 -3.44695
835 847 -0.91823
835 979 -0.34819
836 837 1.02281
836 848 -0.05501
836 980 -0.51894
837 838 -0.23442
837 849 0.3011
837 981 -0.91962
838 839 1.79197
838 850 -0.50881
838 982 -0.21463
839 851 -0.30435
839 983 0.301
840 841 1.23877
840 851 1.38407
840 852 -0.1922
840 984 -1.35672
841 842 0.96081
841 853 0.57128
841 985 0.69138
842 843 -2.11462
842 854 1.64053
842 986 0.38029
843 844 -1.61359
843 855 0.59708
843 987 -1.32596
844 845 0.09304
844 856 -0.89899
844 988 -0.7995
845 846 -1.76293
845 857 -0.12768
845 989 0.64894
846 847 0.57142
846 858 1.68517
846 990 -0.16532
847 848 1.79723
847 859 2.48865
847 991 -0.33806
848 849 -1.85822
848 860 0.79695
848 992 -1.42955
849 850 0.4632
849 861 -0.0693
849 993 -1.22667
850 851 -0.99306
850 862 1.03886
850 994 -0.54602
851 863 -0.73573
851 995 0.14168
852 853 -0.11637
852 863 -3.17865
852 996 -0.02239
853 854 -0.13175
853 997 -1.03626
854 855 1.55274
854 998 0.53381
855 856 0.38767
855 999 -1.59857
856 857 -0.37275
856 1000 0.6126
857 858 0.58863
857 1001 0.70132
858 859 -2.22631
858 1002 0.55854
859 860 1.25167
859 1003 -0.26554
860 861 0.53
860 1004 0.61959
861 862 -0.13499
861 1005 0.75241
862 863 -0.24577
862 1006 -1.90399
863 1007 1.06175
864 865 0.77446
864 875 0.11634
864 876 1.07559
864 996 -0.81614
864 1008 -0.07394
865 866 0.18691
865 877 1.54716
865 997 1.04318
865 1009 -0.59157
866 867 1.01256
866 878 0.43879
866 998 0.08445
866 1010 -1.69589
867 868 -1.75482
867 879 -1.23108
867 999 1.10314
867 1011 -0.58208
868 869 -1.3492
868 880 0.68856
868 1000 0.14207
868 1012 0.2364
869 870 1.94013
869 881 1.46003
869 1001 0.65243
869 1013 0.67651
870 871 -0.29413
870 882 -0.01965
870 1002 -0.25653
870 1014 -1.37713
871 872 -0.46466
871 883 -0.39799
871 1003 -0.30571
871 1015 1.13848
872 873 -0.84187
872 884 -2.53059
872 1004 -2.04445
872 1016 1.5383
873 874 0.93709
873 885 0.56502
873 1005 0.0031
873 1017 -0.95126
874 875 -0.81024
874 886 0.57038
874 1006 0.74268
874 1018 0.09348
875 887 -1.05941
875 1007 0.82222
875 1019 -0.31766
876 877 -0.18583
876 887 -0.59481
876 888 1.44329
876 1020 0.22754
877 878 -1.50545
877 889 -0.08747
877 1021 -1.51423
878 879 -0.65641
878 890 -0.0357
878 1022 -0.43433
879 880 0.09577
879 891 0.16645
879 1023 0.72766
880 881 0.34745
880 892 -1.25374
880 1024 -1.04222
881 882 -1.13874
881 893 0.13966
881 1025 -0.53039
882 883 0.23747
882 894 -1.62487
882 1026 -1.28647
883 884 0.47992
883 895 0.26777
883 1027 0.53211
884 885 -2.7896
884 896 -0.80716
884 1028 -0.42573
885 886 -0.41844
885 897 -0.86042
885 1029 0.69996
886 887 -0.86539
886 898 1.40235
886 1030 -0.17868
887 899 0.62506
887 1031 1.15145
888 889 -0.94168
888 899 -0.15038
888 900 -0.18699
888 1032 0.28462
889 890 -0.17291
889 901 0.60195
889 1033 0.88029
890 891 -0.23401
890 902 0.48752
890 1034 -0.5859
891 892 0.49362
891 903 0.8554
891 1035 0.50879
892 893 -1.07286
892 904 -1.71232
892 1036 -1.6429
893 894 -0.72255
893 905 -1.91572
893 1037 -0.70486
894 895 0.21634
894 906 0.28769
894 1038 -0.78833
895 896 0.45948
895 907 0.63196
895 1039 -0.87716
896 897 0.23101
896 908 -0.94773
896 1040 0.72251
897 898 -0.53039
897 909 0.01553
897 1041 -1.11162
898 899 -0.51498
898 910 -0.15429
898 1042 2.33522
899 911 0.67879
899 1043 -0.40309
900 901 0.75352
900 911 0.55293
900 912 -0.07384
900 1044 -0.33875
901 902 0.51344
901 913 -1.88542
901 1045 -0.59932
902 903 0.32803
902 914 0.82715
902 1046 0.07224
903 904 0.90204
903 915 -0.14295
903 1047 1.06269
904 905 -1.0709
904 916 -0.71248
904 1048 -1.19744
905 906 0.68134
905 917 1.52729
905 1049 0.93655
906 907 -0.89502
906 918 -1.28306
906 1050 1.36547
907 908 -0.33585
907 919 0.05706
907 1051 -1.76897
908 909 0.99484
908 920 -0.94705
908 1052 -1.42559
909 910 0.00991
909 921 -0.12511
909 1053 -1.37742
910 911 -1.59605
910 922 -0.59323
910 1054 -0.90372
911 923 1.55122
911 1055 -0.76936
912 913 0.53174
912 923 -0.00407
912 924 0.01247
912 1056 0.89832
913 914 -0.15636
913 925 -1.49227
913 1057 0.13819
914 915 -1.17573
914 926 0.51522
914 1058 -0.52352
915 916 -0.89333
915 927 -0.7736
915 1059 -0.13118
916 917 1.52334
916 928 -1.01059
916 1060 1.11812
917 918 0.20663
917 929 -0.12312
917 1061 -2.46626
918 919 0.39557
918 930 -0.07691
918 1062 0.62391
919 920 0.02863
919 931 -1.10299
919 1063 -1.1804
920 921 0.54917
920 932 0.09735
920 1064 0.44402
921 922 -0.46534
921 933 -0.02259
921 1065 -0.2506
922 923 1.30318
922 934 -1.12562
922 1066 -1.49714
923 935 0.16417
923 1067 0.08085
924 925 -0.30453
924 935 -1.18385
924 936 -0.18934
924 1068 -1.1272
925 926 1.98219
925 937 2.32496
925 1069 -1.8972
926 927 -1.70795
926 938 1.55511
926 1070 0.28731
927 928 0.38836
927 939 0.2204
927 1071 -0.38847
928 929 -0.45662
928 940 1.47067
928 1072 -0.9414
929 930 0.64238
929 941 -0.68676
929 1073 -0.1823
930 931 0.27935
930 942 -0.49562
930 1074 -0.73736
931 932 0.49158
931 943 0.3353
931 1075 -0.27564
932 933 0.1088
932 944 0.49568
932 1076 -0.64134
933 934 0.19552
933 945 0.8593
933 1077 0.52187
934 935 -1.9694
934 946 0.95953
934 1078 0.43302
935 947 -2.66054
935 1079 -2.56185
936 937 2.02396
936 947 0.58811
936 948 -0.01165
936 1080 -0.49667
937 938 -0.6062
937 949 -0.08155
937 1081 -0.33476
938 939 -0.74883
938 950 1.19711
938 1082 -1.89647
939 940 -0.01631
939 951 -0.70599
939 1083 2.3919
940 941 0.05491
940 952 -0.65957
940 1084 -0.28494
941 942 -1.51768
941 953 -0.61013
941 1085 -1.80698
942 943 0.1191
942 954 -0.83416
942 1086 1.98438
943 944 0.40973
943 955 0.64514
943 1087 1.21307
944 945 1.27503
944 956 -1.40335
944 1088 -1.27147
945 946 -0.71432
945 957 -1.23776
945 1089 1.58718
946 947 0.192
946 958 -0.67651
946 1090 -0.93613
947 959 -0.01374
947 1091 -0.09847
948 949 -1.37044
948 959 0.49705
948 960 0.6226
948 1092 -1.75775
949 950 0.81689
949 961 1.47461
949 1093 -0.18148
950 951 0.03129
950 962 0.79848
950 1094 1.42452
951 952 0.00964
951 963 0.67034
951 1095 -1.14083
952 953 0.28037
952 964 0.21743
952 1096 0.23875
953 954 -0.30451
953 965 -0.4769
953 1097 -2.2633
954 955 -1.53618
954 966 2.28689
954 1098 0.88275
955 956 -0.32665
955 967 -0.69266
955 1099 -1.36581
956 957 1.12405
956 968 0.52802
956 1100 -0.77415
957 958 1.56306
957 969 0.38584
957 1101 0.38339
958 959 0.2189
958 970 -0.58217
958 1102 -0.14829
959 971 1.31428
959 1103 0.59838
960 961 -0.46971
960 971 1.05633
960 972 0.95889
960 1104 -0.22395
961 962 -0.32169
961 973 0.95155
961 1105 1.35168
962 963 -1.23194
962 974 -1.06467
962 1106 0.18682
963 964 -0.42518
963 975 -0.35015
963 1107 1.33317
964 965 0.58525
964 976 0.23656
964 1108 -0.59988
965 966 -1.24604
965 977 -2.00918
965 1109 -0.36738
966 967 -0.70588
966 978 -1.78831
966 1110 -0.26035
967 968 0.12391
967 979 -1.14936
967 1111 0.18008
968 969 -0.58668
968 980 0.3814
968 1112 0.84295
969 970 1.25899
969 981 -0.36496
969 1113 -0.39995
970 971 0.14149
970 982 -0.39497
970 1114 -0.12058
971 983 1.09401
971 1115 1.221
972 973 -0.46126
972 983 0.13725
972 984 -0.29127
972 1116 0.17551
973 974 0.12538
973 985 -0.02745
973 1117 0.04313
974 975 -0.58813
974 986 1.0523
974 1118 0.12584
975 976 2.1586
975 987 1.1854
975 1119 0.29901
976 977 0.04806
976 988 -0.36376
976 1120 -0.03224
977 978 -0.65766
977 989 -0.58012
977 1121 1.02687
978 979 1.31711
978 990 0.60026
978 1122 1.23462
979 980 0.27755
979 991 -2.14209
979 1123 0.5087
980 981 -0.45315
980 992 -1.78903
980 1124 1.32337
981 982 -0.06107
981 993 -0.45654
981 1125 -0.65703
982 983 0.54331
982 994 0.86735
982 1126 -0.2793
983 995 2.25855
983 1127 0.85484
984 985 -0.67928
984 995 -0.77497
984 996 0.10891
984 1128 -1.4129
985 986 -1.36316
985 997 -0.31493
985 1129 0.55528
986 987 0.13597
986 998 -0.67693
986 1130 -1.4945
987 988 -1.2065
987 999 -0.94814
987 1131 -0.2749
988 989 -0.37267
988 1000 -0.934
988 1132 -0.40145
989 990 0.21228
989 1001 0.28959
989 1133 -0.74861
990 991 0.65437
990 1002 -0.01645
990 1134 0.5395
991 992 -0.49693
991 1003 1.10034
991 1135 1.77674
992 993 -1.39103
992 1004 -0.55218
992 1136 -1.44779
993 994 1.62883
993 1005 0.48482
993 1137 -1.03696
994 995 0.02365
994 1006 -1.21682
994 1138 0.63765
995 1007 0.69785
995 1139 -0.1708
996 997 -0.04092
996 1007 0.53358
996 1140 1.63525
997 998 -0.98228
997 1141 1.57343
998 999 0.15212
998 1142 -0.63952
999 1000 -0.46653
999 1143 -1.06622
1000 1001 -0.81015
1000 1144 0.09936
1001 1002 0.70628
1001 1145 -1.19371
1002 1003 -0.03709
1002 1146 0.02728
1003 1004 1.57946
1003 1147 -0.1532
1004 1005 0.91489
1004 1148 -2.01619
1005 1006 -1.27853
1005 1149 -0.87876
1006 1007 -0.31631
1006 1150 -0.18634
1007 1151 -0.73722
1008 1009 0.6623
1008 1019 -0.59873
1008 1020 0.66903
1008 1140 -0.38831
1008 1152 0.66033
1009 1010 1.42758
1009 1021 -0.22101
1009 1141 0.18312
1009 1153 -0.80428
1010 1011 1.27531
1010 1022 -0.59899
1010 1142 -0.16305
1010 1154 2.14972
1011 1012 -0.70129
1011 1023 -0.9262
1011 1143 -1.2934
1011 1155 -0.50909
1012 1013 0.56384
1012 1024 0.2342
1012 1144 -0.80988
1012 1156 -1.40864
1013 1014 0.37134
1013 1025 0.13738
1013 1145 0.23606
1013 1157 0.27492
1014 1015 1.05997
1014 1026 1.83949
1014 1146 -1.85175
1014 1158 -0.38792
1015 1016 1.31122
1015 1027 -0.66244
1015 1147 -0.29276
1015 1159 -0.35451
1016 1017 0.25368
1016 1028 -1.41648
1016 1148 0.19585
1016 1160 -1.71168
1017 1018 -1.34139
1017 1029 0.03877
1017 1149 -0.70816
1017 1161 -0.51311
1018 1019 0.41138
1018 1030 0.6226
1018 1150 -0.68547
1018 1162 -0.20704
1019 1031 -0.11578
1019 1151 -0.53853
1019 1163 -0.68027
1020 1021 -1.91257
1020 1031 -1.04342
1020 1032 -2.762
1020 1164 1.00617
1021 1022 1.95816
1021 1033 0.84948
1021 1165 -1.78317
1022 1023 -0.63974
1022 1034 -0.2581
1022 1166 1.06466
1023 1024 -0.71425
1023 1035 -0.48038
1023 1167 -1.71853
1024 1025 -0.16524
1024 1036 0.97269
1024 1168 2.16312
1025 1026 -1.12791
1025 1037 2.05262
1025 1169 -1.90748
1026 1027 -0.60626
1026 1038 -0.27592
1026 1170 0.94449
1027 1028 0.52309
1027 1039 -0.09441
1027 1171 0.5176
1028 1029 -1.36014
1028 1040 -0.62286
1028 1172 -0.45448
1029 1030 -1.8226
1029 1041 0.87906
1029 1173 -0.25252
1030 1031 0.33634
1030 1042 0.4591
1030 1174 0.36736
1031 1043 -1.0675
1031 1175 -2.13864
1032 1033 -1.69197
1032 1043 0.22002
1032 1044 0.05
1032 1176 0.48231
1033 1034 0.80813
1033 1045 0.67033
1033 1177 -0.61599
1034 1035 0.02966
1034 1046 0.19235
1034 1178 1.09038
1035 1036 0.87902
1035 1047 1.30038
1035 1179 -1.44745
1036 1037 -0.08882
1036 1048 -0.15786
1036 1180 -1.43122
1037 1038 0.00331
1037 1049 -0.33218
1037 1181 -1.30998
1038 1039 0.71025
1038 1050 -0.7684
1038 1182 -0.46068
1039 1040 -0.01952
1039 1051 -1.77141
1039 1183 0.37749
1040 1041 0.27944
1040 1052 -0.0331
1040 1184 -0.04594
1041 1042 -2.47292
1041 1053 0.47672
1041 1185 0.42462
1042 1043 0.323
1042 1054 1.16139
1042 1186 0.50832
1043 1055 1.1742
1043 1187 -0.71642
1044 1045 0.92202
1044 1055 0.14789
1044 1056 -0.11949
1044 1188 -1.57896
1045 1046 0.22292
1045 1057 -1.1268
1045 1189 0.86911
1046 1047 0.11139
1046 1058 0.90394
1046 1190 -1.77248
1047 1048 -0.22892
1047 1059 -1.02939
1047 1191 -0.68471
1048 1049 -0.91185
1048 1060 -0.53947
1048 1192 -0.0396
1049 1050 -0.67299
1049 1061 1.49872
1049 1193 1.05936
1050 1051 0.28803
1050 1062 0.05116
1050 1194 1.63131
1051 1052 -0.9497
1051 1063 1.36821
1051 1195 0.28475
1052 1053 -1.23164
1052 1064 0.48695
1052 1196 1.82997
1053 1054 -0.27527
1053 1065 -0.01446
1053 1197 0.76858
1054 1055 -0.64162
1054 1066 1.70212
1054 1198 -0.07574
1055 1067 0.95995
1055 1199 0.22777
1056 1057 1.70692
1056 1067 0.90054
1056 1068 0.30492
1056 1200 1.23828
1057 1058 0.92111
1057 1069 -0.31696
1057 1201 0.36545
1058 1059 -0.69234
1058 1070 -0.39065
1058 1202 -0.20933
1059 1060 0.27782
1059 1071 -0.52111
1059 1203 -0.04291
1060 1061 0.7094
1060 1072 -0.7347
1060 1204 -1.42435
1061 1062 -0.06653
1061 1073 2.19015
1061 1205 0.29387
1062 1063 0.11424
1062 1074 -0.45657
1062 1206 -0.02372
1063 1064 0.30857
1063 1075 2.18028
1063 1207 1.08021
1064 1065 1.88346
1064 1076 0.34263
1064 1208 -1.74477
1065 1066 -1.54743
1065 1077 -0.33815
1065 1209 0.86441
1066 1067 1.53766
1066 1078 0.19341
1066 1210 -0.46103
1067 1079 -0.54177
1067 1211 -0.44183
1068 1069 0.63621
1068 1079 -2.13639
1068 1080 -0.00015
1068 1212 2.25512
1069 1070 -0.27061
1069 1081 0.70689
1069 1213 0.66279
1070 1071 -1.27858
1070 1082 -0.40398
1070 1214 -0.19923
1071 1072 -0.39622
1071 1083 -0.77219
1071 1215 -1.42556
1072 1073 1.02319
1072 1084 0.98809
1072 1216 1.13767
1073 1074 -0.12207
1073 1085 0.36388
1073 1217 1.09006
1074 1075 -0.10449
1074 1086 -2.29038
1074 1218 -1.63848
1075 1076 -0.89373
1075 1087 -0.57955
1075 1219 0.05492
1076 1077 1.07977
1076 1088 -0.4164
1076 1220 1.18204
1077 1078 1.29172
1077 1089 -0.83041
1077 1221 1.55811
1078 1079 1.11361
1078 1090 -0.32146
1078 1222 -1.67539
1079 1091 1.77598
1079 1223 0.36486
1080 1081 1.654
1080 1091 -1.9345
1080 1092 1.04231
1080 1224 0.27971
1081 1082 -0.74631
1081 1093 -0.43933
1081 1225 1.05161
1082 1083 0.81538
1082 1094 -0.63853
1082 1226 0.85851
1083 1084 0.0772
1083 1095 0.17374
1083 1227 0.12831
1084 1085 -0.16544
1084 1096 -0.7332
1084 1228 -1.53035
1085 1086 0.28913
1085 1097 -0.33289
1085 1229 0.78403
1086 1087 -0.69882
1086 1098 -0.73835
1086 1230 0.60493
1087 1088 2.25522
1087 1099 -1.25346
1087 1231 -1.71057
1088 1089 -1.27664
1088 1100 -0.74293
1088 1232 -0.43684
1089 1090 -0.40633
1089 1101 0.16134
1089 1233 0.7984
1090 1091 -0.12195
1090 1102 0.23663
1090 1234 -0.63243
1091 1103 -1.08448
1091 1235 2.16233
1092 1093 2.38136
1092 1103 -0.29736
1092 1104 -2.0344
1092 1236 0.86193
1093 1094 -1.08207
1093 1105 0.00704
1093 1237 -0.82111
1094 1095 1.48479
1094 1106 -0.11934
1094 1238 -0.50396
1095 1096 -0.95971
1095 1107 1.46985
1095 1239 -0.51818
1096 1097 0.73095
1096 1108 -1.69538
1096 1240 -0.46337
1097 1098 0.56741
1097 1109 -0.31367
1097 1241 0.07668
1098 1099 -0.68174
1098 1110 1.27234
1098 1242 0.76416
1099 1100 1.05453
1099 1111 -1.39492
1099 1243 0.66518
1100 1101 -0.95911
1100 1112 -0.72087
1100 1244 -0.92442
1101 1102 -0.29511
1101 1113 -0.84823
1101 1245 -0.37711
1102 1103 2.03863
1102 1114 -0.3658
1102 1246 0.21318
1103 1115 0.51036
1103 1247 -1.13453
1104 1105 -0.14111
1104 1115 0.97125
1104 1116 0.39964
1104 1248 -0.11615
1105 1106 -0.06893
1105 1117 0.58951
1105 1249 -0.21863
1106 1107 0.41333
1106 1118 0.46344
1106 1250 -0.98407
1107 1108 0.6149
1107 1119 -0.62692
1107 1251 1.04711
1108 1109 -0.88702
1108 1120 0.81516
1108 1252 -0.7137
1109 1110 -0.43579
1109 1121 0.85101
1109 1253 -0.32335
1110 1111 -1.09404
1110 1122 1.23968
1110 1254 -1.10424
1111 1112 1.44011
1111 1123 0.17323
1111 1255 0.42579
1112 1113 -0.43353
1112 1124 -1.29289
1112 1256 1.35437
1113 1114 0.47134
1113 1125 1.30211
1113 1257 -1.75256
1114 1115 0.22914
1114 1126 1.0528
1114 1258 -0.03892
1115 1127 1.34452
1115 1259 -1.31359
1116 1117 -0.66639
1116 1127 0.06001
1116 1128 -1.83837
1116 1260 -0.26819
1117 1118 -0.75182
1117 1129 0.64817
1117 1261 -0.72201
1118 1119 -0.17356
1118 1130 0.91652
1118 1262 -0.73113
1119 1120 0.99312
1119 1131 -0.62124
1119 1263 -0.17657
1120 1121 0.28633
1120 1132 -1.28679
1120 1264 0.14899
1121 1122 -1.13909
1121 1133 -1.06184
1121 1265 -1.59678
1122 1123 -0.73128
1122 1134 1.53704
1122 1266 0.618
1123 1124 -0.66304
1123 1135 1.4663
1123 1267 0.51161
1124 1125 0.39775
1124 1136 0.75532
1124 1268 -1.00727
1125 1126 -2.82246
1125 1137 -0.28012
1125 1269 1.20051
1126 1127 1.16117
1126 1138 -0.24696
1126 1270 -0.11484
1127 1139 -0.3293
1127 1271 -0.96011
1128 1129 0.10518
1128 1139 -0.33083
1128 1140 1.22381
1128 1272 -0.33933
1129 1130 -0.17667
1129 1141 -1.59599
1129 1273 0.27758
1130 1131 -1.73883
1130 1142 0.65413
1130 1274 -0.76106
1131 1132 0.08334
1131 1143 -0.27627
1131 1275 1.08554
1132 1133 -0.4118
1132 1144 0.36214
1132 1276 1.59674
1133 1134 0.4612
1133 1145 0.85387
1133 1277 0.4812
1134 1135 0.55636
1134 1146 3.10509
1134 1278 1.05006
1135 1136 -2.30056
1135 1147 -1.46909
1135 1279 -0.9124
1136 1137 -0.4493
1136 1148 2.05209
1136 1280 -0.64215
1137 1138 0.92166
1137 1149 -0.21837
1137 1281 1.22933
1138 1139 1.11304
1138 1150 0.00847
1138 1282 1.72456
1139 1151 -0.34043
1139 1283 -0.42338
1140 1141 -0.00144
1140 1151 0.74499
1140 1284 -0.14818
1141 1142 0.14599
1141 1285 1.39511
1142 1143 -0.49116
1142 1286 -0.29942
1143 1144 -1.1754
1143 1287 1.24542
1144 1145 -0.64805
1144 1288 -0.7567
1145 1146 -0.92907
1145 1289 -1.89371
1146 1147 -1.59913
1146 1290 -0.22401
1147 1148 0.62502
1147 1291 0.36206
1148 1149 0.15422
1148 1292 0.20049
1149 1150 2.08021
1149 1293 1.47748
1150 1151 -0.57058
1150 1294 1.0005
1151 1295 -0.6498
1152 1153 -1.49847
1152 1163 1.12951
1152 1164 -0.7482
1152 1284 1.39194
1152 1296 0.57437
1153 1154 -1.0957
1153 1165 0.73674
1153 1285 0.19693
1153 1297 0.95681
1154 1155 -0.08073
1154 1166 0.92796
1154 1286 -0.2586
1154 1298 1.22205
1155 1156 -1.01123
1155 1167 1.84289
1155 1287 0.49767
1155 1299 0.48648
1156 1157 0.11681
1156 1168 -0.01124
1156 1288 -0.95824
1156 1300 -0.35348
1157 1158 0.58823
1157 1169 0.25078
1157 1289 1.28669
1157 1301 -0.94526
1158 1159 -1.55164
1158 1170 -1.36744
1158 1290 0.79317
1158 1302 -0.33946
1159 1160 -1.52178
1159 1171 0.49446
1159 1291 -1.35408
1159 1303 -0.33417
1160 1161 0.21205
1160 1172 0.95494
1160 1292 0.18035
1160 1304 -0.65702
1161 1162 0.65543
1161 1173 1.32952
1161 1293 0.85253
1161 1305 1.45815
1162 1163 -1.60318
1162 1174 -0.10033
1162 1294 -1.01274
1162 1306 -1.519
1163 1175 -0.16839
1163 1295 -0.70662
1163 1307 0.12402
1164 1165 0.48722
1164 1175 0.94875
1164 1176 1.23288
1164 1308 -1.02349
1165 1166 -0.55385
1165 1177 -0.92117
1165 1309 1.73911
1166 1167 1.09988
1166 1178 0.05044
1166 1310 0.19048
1167 1168 1.20842
1167 1179 0.86488
1167 1311 1.24038
1168 1169 -1.15041
1168 1180 0.63436
1168 1312 0.12832
1169 1170 -0.35687
1169 1181 0.04363
1169 1313 0.12077
1170 1171 -0.9263
1170 1182 -0.05207
1170 1314 0.37362
1171 1172 0.12081
1171 1183 -0.65061
1171 1315 -0.71325
1172 1173 1.30321
1172 1184 -0.76807
1172 1316 -0.81469
1173 1174 0.42018
1173 1185 -1.75752
1173 1317 1.04958
1174 1175 -1.18828
1174 1186 0.21457
1174 1318 0.70255
1175 1187 -0.37647
1175 1319 0.78789
1176 1177 -2.68081
1176 1187 -1.07938
1176 1188 0.37047
1176 1320 0.68348
1177 1178 -0.17487
1177 1189 0.97018
1177 1321 2.56938
1178 1179 0.69128
1178 1190 -1.36928
1178 1322 -0.01053
1179 1180 -2.1131
1179 1191 1.12579
1179 1323 -1.2829
1180 1181 0.185
1180 1192 -2.14415
1180 1324 -0.92325
1181 1182 -0.27937
1181 1193 1.51023
1181 1325 1.20569
1182 1183 -1.20659
1182 1194 1.40141
1182 1326 1.90365
1183 1184 0.51308
1183 1195 -1.25384
1183 1327 -0.47635
1184 1185 -0.11371
1184 1196 -0.46603
1184 1328 -0.54341
1185 1186 -0.13693
1185 1197 -1.1673
1185 1329 0.2292
1186 1187 -0.33708
1186 1198 0.55039
1186 1330 -0.92266
1187 1199 -0.22499
1187 1331 -0.18487
1188 1189 0.17241
1188 1199 0.65331
1188 1200 0.73568
1188 1332 0.2236
1189 1190 -0.27895
1189 1201 2.07672
1189 1333 -0.36313
1190 1191 -1.31537
1190 1202 1.63854
1190 1334 1.65191
1191 1192 -1.13926
1191 1203 0.17494
1191 1335 -2.00536
1192 1193 1.58351
1192 1204 0.12378
1192 1336 0.15281
1193 1194 1.06643
1193 1205 2.15477
1193 1337 1.64681
1194 1195 1.15001
1194 1206 -0.11512
1194 1338 -0.35482
1195 1196 -0.37961
1195 1207 0.17463
1195 1339 -0.81147
1196 1197 -0.29314
1196 1208 -0.36623
1196 1340 -0.82758
1197 1198 0.68294
1197 1209 0.33668
1197 1341 0.74255
1198 1199 -1.22319
1198 1210 -1.35433
1198 1342 1.57199
1199 1211 0.26621
1199 1343 -0.74223
1200 1201 0.08749
1200 1211 -1.04645
1200 1212 -0.10274
1200 1344 -0.85717
1201 1202 0.64199
1201 1213 -0.37364
1201 1345 0.6081
1202 1203 1.52326
1202 1214 -0.59829
1202 1346 -0.74619
1203 1204 0.69693
1203 1215 -0.59873
1203 1347 0.59254
1204 1205 0.45147
1204 1216 1.47727
1204 1348 -1.46985
1205 1206 -1.29266
1205 1217 -1.79604
1205 1349 -0.71137
1206 1207 -0.71482
1206 1218 0.32424
1206 1350 1.814
1207 1208 -1.0693
1207 1219 -0.31127
1207 1351 -1.98925
1208 1209 -0.81896
1208 1220 -0.3039
1208 1352 2.18376
1209 1210 0.124
1209 1221 -0.55852
1209 1353 -0.32467
1210 1211 -1.01484
1210 1222 -0.53438
1210 1354 0.74231
1211 1223 0.9218
1211 1355 1.14787
1212 1213 1.60529
1212 1223 0.21964
1212 1224 -0.97932
1212 1356 0.4372
1213 1214 -0.80124
1213 1225 1.02578
1213 1357 -1.50134
1214 1215 1.02962
1214 1226 0.53589
1214 1358 0.04631
1215 1216 -1.6443
1215 1227 0.3157
1215 1359 -1.90568
1216 1217 -0.34422
1216 1228 0.52579
1216 1360 -0.44766
1217 1218 0.22678
1217 1229 -1.72244
1217 1361 -0.28723
1218 1219 -0.88192
1218 1230 -0.39756
1218 1362 -1.71008
1219 1220 -1.58897
1219 1231 2.07768
1219 1363 0.17559
1220 1221 0.62621
1220 1232 1.05688
1220 1364 -0.27573
1221 1222 -1.22391
1221 1233 1.99965
1221 1365 -0.89438
1222 1223 0.75518
1222 1234 -1.01931
1222 1366 0.58613
1223 1235 0.04097
1223 1367 -0.77924
1224 1225 -1.27448
1224 1235 0.27555
1224 1236 0.12558
1224 1368 -0.09284
1225 1226 0.50864
1225 1237 -0.37858
1225 1369 -0.77114
1226 1227 0.08661
1226 1238 1.07549
1226 1370 1.68902
1227 1228 0.82724
1227 1239 -0.84038
1227 1371 -0.16328
1228 1229 -0.08723
1228 1240 0.37398
1228 1372 -0.67598
1229 1230 -0.1293
1229 1241 0.90617
1229 1373 -1.12182
1230 1231 -0.94496
1230 1242 0.16687
1230 1374 1.84195
1231 1232 0.59594
1231 1243 3.03969
1231 1375 0.21466
1232 1233 0.28959
1232 1244 0.38893
1232 1376 0.66057
1233 1234 -0.91857
1233 1245 1.27599
1233 1377 -0.1086
1234 1235 2.16295
1234 1246 1.12702
1234 1378 -0.28771
1235 1247 -1.30513
1235 1379 1.06811
1236 1237 -0.63746
1236 1247 -0.64735
1236 1248 1.22657
1236 1380 0.26705
1237 1238 -0.74244
1237 1249 0.44593
1237 1381 -0.91698
1238 1239 0.32779
1238 1250 0.74286
1238 1382 -0.5886
1239 1240 0.4937
1239 1251 1.15424
1239 1383 -1.32207
1240 1241 -0.99628
1240 1252 0.00423
1240 1384 -0.8184
1241 1242 -1.35577
1241 1253 1.10321
1241 1385 -0.32077
1242 1243 -0.62067
1242 1254 -0.23801
1242 1386 -0.86552
1243 1244 0.72009
1243 1255 0.3468
1243 1387 2.17221
1244 1245 2.04204
1244 1256 -0.74226
1244 1388 0.92538
1245 1246 -0.59058
1245 1257 -0.78376
1245 1389 0.13102
1246 1247 -0.74434
1246 1258 0.16678
1246 1390 -3.09338
1247 1259 -1.2905
1247 1391 1.60947
1248 1249 -0.19701
1248 1259 -0.17284
1248 1260 -0.90257
1248 1392 -0.29236
1249 1250 0.29342
1249 1261 0.42918
1249 1393 -1.33552
1250 1251 -1.40071
1250 1262 -1.08731
1250 1394 -1.95323
1251 1252 -1.8309
1251 1263 -0.72002
1251 1395 1.17642
1252 1253 -0.5757
1252 1264 1.72567
1252 1396 1.48922
1253 1254 -0.26423
1253 1265 2.04614
1253 1397 -1.12515
1254 1255 0.66542
1254 1266 -1.0357
1254 1398 -0.85609
1255 1256 0.26659
1255 1267 -1.1752
1255 1399 -0.21733
1256 1257 -0.21023
1256 1268 -0.06254
1256 1400 -0.4773
1257 1258 -0.18863
1257 1269 0.71217
1257 1401 0.12043
1258 1259 -0.55366
1258 1270 -0.03334
1258 1402 -1.80944
1259 1271 1.51647
1259 1403 -0.19108
1260 1261 0.95453
1260 1271 1.10957
1260 1272 -1.11652
1260 1404 -1.79547
1261 1262 0.29908
1261 1273 1.88202
1261 1405 0.22917
1262 1263 0.93554
1262 1274 -0.32559
1262 1406 0.61105
1263 1264 -1.53681
1263 1275 -0.16026
1263 1407 1.18662
1264 1265 1.68592
1264 1276 0.38704
1264 1408 -2.05987
1265 1266 1.97812
1265 1277 0.62017
1265 1409 0.30566
1266 1267 -0.36257
1266 1278 0.60641
1266 1410 0.29234
1267 1268 -1.51306
1267 1279 2.2808
1267 1411 -1.62737
1268 1269 -1.97465
1268 1280 0.44542
1268 1412 0.69548
1269 1270 0.43874
1269 1281 -0.62233
1269 1413 -1.88431
1270 1271 0.11392
1270 1282 0.62442
1270 1414 -0.66559
1271 1283 -1.28898
1271 1415 1.09128
1272 1273 0.03517
1272 1283 -0.15312
1272 1284 0.20922
1272 1416 -0.00407
1273 1274 -0.71668
1273 1285 -0.26524
1273 1417 0.43399
1274 1275 0.2781
1274 1286 -0.59888
1274 1418 0.5608
1275 1276 -0.24237
1275 1287 -0.86572
1275 1419 -2.28137
1276 1277 -1.19347
1276 1288 -1.07986
1276 1420 -0.53644
1277 1278 -0.01828
1277 1289 0.9261
1277 1421 -1.81918
1278 1279 -2.14556
1278 1290 -0.78632
1278 1422 1.13578
1279 1280 2.22582
1279 1291 0.62094
1279 1423 0.03036
1280 1281 -2.09659
1280 1292 0.08467
1280 1424 -0.57822
1281 1282 -0.00547
1281 1293 -0.14004
1281 1425 1.23721
1282 1283 0.36398
1282 1294 -0.34253
1282 1426 1.19368
1283 1295 0.49595
1283 1427 -0.0122
1284 1285 -0.58246
1284 1295 1.20647
1284 1428 -0.88183
1285 1286 -0.78498
1285 1429 -0.69622
1286 1287 0.74336
1286 1430 0.46397
1287 1288 -0.74122
1287 1431 1.16945
1288 1289 -0.40732
1288 1432 -1.7607
1289 1290 0.46729
1289 1433 -0.00131
1290 1291 -0.39053
1290 1434 1.01439
1291 1292 0.06098
1291 1435 -0.30087
1292 1293 0.57357
1292 1436 -1.67498
1293 1294 -0.38038
1293 1437 -0.49024
1294 1295 0.51309
1294 1438 1.30724
1295 1439 -0.88216
1296 1297 0.34862
1296 1307 -1.4481
1296 1308 -1.22678
1296 1428 0.25499
1296 1440 -0.18948
1297 1298 -0.16391
1297 1309 0.10472
1297 1429 0.00617
1297 1441 0.07269
1298 1299 1.57996
1298 1310 1.90781
1298 1430 -2.1597
1298 1442 0.92148
1299 1300 -0.5917
1299 1311 -1.19081
1299 1431 -0.18036
1299 1443 0.03231
1300 1301 0.85781
1300 1312 0.81498
1300 1432 1.53298
1300 1444 -0.02856
1301 1302 -0.59636
1301 1313 -1.56204
1301 1433 -0.83892
1301 1445 -0.00985
1302 1303 -0.41935
1302 1314 -1.31152
1302 1434 0.36343
1302 1446 -0.25361
1303 1304 -0.20926
1303 1315 0.39694
1303 1435 -1.00202
1303 1447 0.47973
1304 1305 -1.41497
1304 1316 -1.5933
1304 1436 1.65643
1304 1448 0.01736
1305 1306 -1.37994
1305 1317 -0.22699
1305 1437 1.03531
1305 1449 0.06962
1306 1307 -0.38241
1306 1318 -0.93004
1306 1438 1.14481
1306 1450 -0.81417
1307 1319 -1.201
1307 1439 0.3944
1307 1451 -0.81629
1308 1309 -0.00726
1308 1319 1.54954
1308 1320 0.08855
1308 1452 1.16651
1309 1310 -0.99189
1309 1321 -0.72737
1309 1453 1.77197
1310 1311 1.89832
1310 1322 1.07747
1310 1454 1.33235
1311 1312 -0.38849
1311 1323 -0.17662
1311 1455 1.8052
1312 1313 -0.23836
1312 1324 -0.98845
1312 1456 2.75029
1313 1314 -0.35913
1313 1325 -0.83525
1313 1457 -1.12547
1314 1315 1.79555
1314 1326 0.36229
1314 1458 -1.09081
1315 1316 -0.49915
1315 1327 0.24649
1315 1459 0.53374
1316 1317 -0.15078
1316 1328 -2.57575
1316 1460 -0.48836
1317 1318 -0.20882
1317 1329 0.57194
1317 1461 -1.10194
1318 1319 1.48916
1318 1330 1.56298
1318 1462 -0.63858
1319 1331 1.33229
1319 1463 1.09063
1320 1321 -0.05176
1320 1331 -0.78802
1320 1332 -1.70457
1320 1464 1.22717
1321 1322 0.54443
1321 1333 -0.75834
1321 1465 0.51634
1322 1323 0.55686
1322 1334 0.73635
1322 1466 0.01915
1323 1324 0.95899
1323 1335 0.58171
1323 1467 -2.42055
1324 1325 -0.51644
1324 1336 0.42155
1324 1468 -1.45066
1325 1326 1.98816
1325 1337 0.75306
1325 1469 1.23016
1326 1327 -0.10749
1326 1338 1.02751
1326 1470 2.44261
1327 1328 -2.23377
1327 1339 -0.80521
1327 1471 -1.83084
1328 1329 1.66337
1328 1340 0.08418
1328 1472 -0.66544
1329 1330 -0.87858
1329 1341 1.35325
1329 1473 0.60314
1330 1331 -0.71759
1330 1342 0.80003
1330 1474 -1.02212
1331 1343 -0.08251
1331 1475 1.04985
1332 1333 -0.13316
1332 1343 -0.29032
1332 1344 0.00071
1332 1476 -0.25521
1333 1334 -0.5763
1333 1345 0.68043
1333 1477 0.55963
1334 1335 1.14113
1334 1346 1.2201
1334 1478 -1.18764
1335 1336 0.38582
1335 1347 0.06597
1335 1479 1.72668
1336 1337 0.64853
1336 1348 1.13249
1336 1480 -2.50199
1337 1338 -0.42173
1337 1349 1.8676
1337 1481 0.3842
1338 1339 0.23783
1338 1350 0.05237
1338 1482 2.32775
1339 1340 -0.38572
1339 1351 0.28665
1339 1483 1.34293
1340 1341 -0.91491
1340 1352 1.56372
1340 1484 0.04036
1341 1342 0.2859
1341 1353 0.83954
1341 1485 -0.03192
1342 1343 -1.33006
1342 1354 -0.5178
1342 1486 -0.00603
1343 1355 -0.7082
1343 1487 0.00497
1344 1345 0.00906
1344 1355 -0.09778
1344 1356 -1.37607
1344 1488 -0.27537
1345 1346 -0.34143
1345 1357 0.92277
1345 1489 -0.09034
1346 1347 0.63119
1346 1358 0.95661
1346 1490 0.42743
1347 1348 -0.28271
1347 1359 -1.75153
1347 1491 -0.5662
1348 1349 -0.44736
1348 1360 0.83485
1348 1492 -0.55924
1349 1350 -0.11865
1349 1361 -0.41567
1349 1493 -0.2899
1350 1351 0.15469
1350 1362 -0.14298
1350 1494 0.10202
1351 1352 -0.02322
1351 1363 0.39043
1351 1495 1.97624
1352 1353 -1.32159
1352 1364 0.13693
1352 1496 0.54469
1353 1354 -1.19193
1353 1365 1.62948
1353 1497 0.63695
1354 1355 1.63708
1354 1366 -0.0947
1354 1498 -0.12797
1355 1367 0.74072
1355 1499 1.60937
1356 1357 1.00369
1356 1367 0.02731
1356 1368 -0.28274
1356 1500 -0.21541
1357 1358 -1.43637
1357 1369 -0.513
1357 1501 -0.91726
1358 1359 3.17425
1358 1370 -1.01056
1358 1502 1.49174
1359 1360 0.56166
1359 1371 -1.16315
1359 1503 2.6285
1360 1361 1.31917
1360 1372 0.03513
1360 1504 -0.8023
1361 1362 -1.50625
1361 1373 -0.98915
1361 1505 -0.37455
1362 1363 -0.67305
1362 1374 0.86445
1362 1506 -1.32282
1363 1364 -0.65299
1363 1375 -0.53114
1363 1507 -2.14824
1364 1365 -0.44883
1364 1376 -1.20157
1364 1508 -1.09186
1365 1366 -0.30438
1365 1377 -1.78632
1365 1509 0.29749
1366 1367 0.59658
1366 1378 0.94624
1366 1510 0.41754
1367 1379 0.71771
1367 1511 1.46067
1368 1369 -0.47081
1368 1379 0.83753
1368 1380 -1.3452
1368 1512 0.82113
1369 1370 -2.29069
1369 1381 -0.12191
1369 1513 0.93138
1370 1371 -1.20579
1370 1382 -0.53681
1370 1514 -0.51664
1371 1372 -1.64526
1371 1383 -0.3757
1371 1515 -1.56174
1372 1373 -1.85326
1372 1384 0.07766
1372 1516 -0.41845
1373 1374 0.34459
1373 1385 1.18642
1373 1517 -0.95757
1374 1375 -0.18439
1374 1386 -1.40637
1374 1518 -0.34718
1375 1376 0.95114
1375 1387 -1.03852
1375 1519 -0.32225
1376 1377 -0.64478
1376 1388 0.25036
1376 1520 0.73149
1377 1378 -1.07188
1377 1389 -1.01687
1377 1521 1.12147
1378 1379 -0.78414
1378 1390 0.06763
1378 1522 1.00921
1379 1391 -0.56468
1379 1523 1.03123
1380 1381 -0.7671
1380 1391 -2.22925
1380 1392 -0.69775
1380 1524 -0.12642
1381 1382 -0.83663
1381 1393 -1.09601
1381 1525 -0.65832
1382 1383 0.28424
1382 1394 -0.86285
1382 1526 0.54759
1383 1384 0.11746
1383 1395 1.48922
1383 1527 0.15144
1384 1385 0.07478
1384 1396 0.64253
1384 1528 -1.20611
1385 1386 0.30413
1385 1397 1.28454
1385 1529 0.62994
1386 1387 -1.14683
1386 1398 0.11305
1386 1530 0.06582
1387 1388 0.3462
1387 1399 -3.74255
1387 1531 -0.15386
1388 1389 0.21126
1388 1400 0.04373
1388 1532 1.12563
1389 1390 -2.09019
1389 1401 -0.07737
1389 1533 -0.65106
1390 1391 0.30555
1390 1402 -0.99901
1390 1534 -0.70999
1391 1403 -1.60359
1391 1535 -1.74155
1392 1393 -0.27221
1392 1403 0.42771
1392 1404 0.10373
1392 1536 0.65475
1393 1394 -0.97892
1393 1405 0.45278
1393 1537 -2.41291
1394 1395 -0.66561
1394 1406 -0.56
1394 1538 -2.17165
1395 1396 2.22261
1395 1407 -0.46462
1395 1539 0.85557
1396 1397 -0.57026
1396 1408 -0.07974
1396 1540 -1.0965
1397 1398 0.95107
1397 1409 -0.98771
1397 1541 -0.50375
1398 1399 -0.40303
1398 1410 1.08166
1398 1542 -0.31555
1399 1400 -1.00352
1399 1411 -3.62374
1399 1543 -0.43066
1400 1401 0.99207
1400 1412 -1.59272
1400 1544 -0.21996
1401 1402 -0.73114
1401 1413 2.29324
1401 1545 2.90664
1402 1403 2.26648
1402 1414 0.01771
1402 1546 0.23507
1403 1415 0.13159
1403 1547 -0.7415
1404 1405 1.23702
1404 1415 -0.41541
1404 1416 -0.88852
1404 1548 0.66111
1405 1406 0.22292
1405 1417 -1.5259
1405 1549 -1.0319
1406 1407 0.74967
1406 1418 -0.0338
1406 1550 -1.11477
1407 1408 0.74534
1407 1419 -0.51478
1407 1551 0.61357
1408 1409 -1.32754
1408 1420 0.0671
1408 1552 -1.46353
1409 1410 -1.73809
1409 1421 -1.07104
1409 1553 0.85998
1410 1411 -0.05903
1410 1422 -1.10692
1410 1554 -0.61967
1411 1412 -1.05852
1411 1423 -1.18922
1411 1555 -0.41386
1412 1413 0.09757
1412 1424 -0.69323
1412 1556 0.8307
1413 1414 0.2477
1413 1425 1.34013
1413 1557 -0.9907
1414 1415 -1.32622
1414 1426 -1.07101
1414 1558 0.78528
1415 1427 0.35096
1415 1559 -0.2212
1416 1417 0.32118
1416 1427 0.31245
1416 1428 -0.28928
1416 1560 0.03033
1417 1418 0.17248
1417 1429 1.44051
1417 1561 -0.49619
1418 1419 1.32358
1418 1430 1.04923
1418 1562 -0.93489
1419 1420 -0.15946
1419 1431 -1.20846
1419 1563 -0.01159
1420 1421 -0.23146
1420 1432 1.1396
1420 1564 1.65981
1421 1422 0.72908
1421 1433 0.2949
1421 1565 1.16494
1422 1423 -0.94555
1422 1434 -0.72961
1422 1566 -0.18027
1423 1424 -0.34278
1423 1435 0.35282
1423 1567 -0.57657
1424 1425 -0.69569
1424 1436 -0.91377
1424 1568 0.99288
1425 1426 -0.71545
1425 1437 -0.35972
1425 1569 1.4012
1426 1427 1.43713
1426 1438 -2.03163
1426 1570 -2.19313
1427 1439 -1.20144
1427 1571 -1.78147
1428 1429 1.09567
1428 1439 0.97944
1428 1572 0.57379
1429 1430 -0.03828
1429 1573 -0.69135
1430 1431 0.53021
1430 1574 -1.37035
1431 1432 -2.53083
1431 1575 -2.05107
1432 1433 0.21304
1432 1576 -0.56415
1433 1434 1.52891
1433 1577 -1.19487
1434 1435 -0.0666
1434 1578 0.08481
1435 1436 0.68607
1435 1579 -1.94481
1436 1437 0.82773
1436 1580 0.92206
1437 1438 -1.04155
1437 1581 1.79959
1438 1439 1.22789
1438 1582 -1.52779
1439 1583 0.27031
1440 1441 0.63077
1440 1451 -0.32339
1440 1452 0.09288
1440 1572 -0.05739
1440 1584 1.88211
1441 1442 -0.55542
1441 1453 0.25329
1441 1573 -0.38291
1441 1585 -0.39404
1442 1443 -0.30583
1442 1454 0.84505
1442 1574 0.82234
1442 1586 -1.19462
1443 1444 0.92032
1443 1455 0.5314
1443 1575 1.02659
1443 1587 0.87466
1444 1445 0.94792
1444 1456 -0.61496
1444 1576 -0.09463
1444 1588 0.40494
1445 1446 -2.27457
1445 1457 1.07311
1445 1577 -0.3445
1445 1589 0.74366
1446 1447 -1.31137
1446 1458 -0.00915
1446 1578 -1.17696
1446 1590 -0.9626
1447 1448 0.25776
1447 1459 -0.70149
1447 1579 -0.73814
1447 1591 0.59266
1448 1449 0.83655
1448 1460 1.31937
1448 1580 1.02676
1448 1592 0.27544
1449 1450 1.87669
1449 1461 -0.79701
1449 1581 0.26824
1449 1593 -1.28791
1450 1451 0.50711
1450 1462 1.84417
1450 1582 2.51156
1450 1594 2.43733
1451 1463 -0.37642
1451 1583 -0.41364
1451 1595 1.37068
1452 1453 -0.66854
1452 1463 1.00025
1452 1464 -1.44709
1452 1596 -0.00046
1453 1454 -0.01958
1453 1465 -1.36044
1453 1597 0.88361
1454 1455 -1.56798
1454 1466 -0.1376
1454 1598 -1.30821
1455 1456 -0.71761
1455 1467 0.18649
1455 1599 -2.32008
1456 1457 1.25268
1456 1468 -0.11596
1456 1600 -0.08226
1457 1458 0.19739
1457 1469 -1.44509
1457 1601 1.46694
1458 1459 1.54219
1458 1470 1.21715
1458 1602 0.50435
1459 1460 -0.82241
1459 1471 -0.00782
1459 1603 -1.24584
1460 1461 -0.89855
1460 1472 0.104
1460 1604 0.92745
1461 1462 -1.46106
1461 1473 2.0344
1461 1605 -0.92476
1462 1463 -0.45109
1462 1474 1.37067
1462 1606 -0.67984
1463 1475 0.94615
1463 1607 0.0784
1464 1465 -0.31759
1464 1475 -0.62003
1464 1476 -0.58322
1464 1608 -0.50801
1465 1466 1.30259
1465 1477 -0.2027
1465 1609 0.62346
1466 1467 0.89356
1466 1478 -0.09472
1466 1610 -2.49671
1467 1468 0.23616
1467 1479 -1.42585
1467 1611 -0.94462
1468 1469 -0.12267
1468 1480 -0.47524
1468 1612 -0.65223
1469 1470 0.86483
1469 1481 0.76433
1469 1613 0.88759
1470 1471 0.68667
1470 1482 -2.56545
1470 1614 0.36586
1471 1472 0.07291
1471 1483 0.49943
1471 1615 -1.08059
1472 1473 0.49474
1472 1484 -0.57771
1472 1616 0.07124
1473 1474 1.52117
1473 1485 1.728
1473 1617 1.24177
1474 1475 0.55425
1474 1486 -2.10563
1474 1618 -0.20569
1475 1487 -1.28323
1475 1619 -0.84858
1476 1477 0.85518
1476 1487 0.09607
1476 1488 -0.35102
1476 1620 1.6603
1477 1478 0.79048
1477 1489 -0.30092
1477 1621 0.62191
1478 1479 -2.44848
1478 1490 0.22091
1478 1622 1.25691
1479 1480 -0.8408
1479 1491 -0.88927
1479 1623 -0.47673
1480 1481 0.51761
1480 1492 -1.08519
1480 1624 0.25588
1481 1482 -0.74214
1481 1493 1.77248
1481 1625 -1.0664
1482 1483 -1.61682
1482 1494 -1.06819
1482 1626 0.0322
1483 1484 -0.62223
1483 1495 -0.40519
1483 1627 -0.49753
1484 1485 -0.59523
1484 1496 -0.08919
1484 1628 -0.32636
1485 1486 1.06972
1485 1497 0.38081
1485 1629 -1.18872
1486 1487 -1.45705
1486 1498 -1.64389
1486 1630 -0.13707
1487 1499 -0.28792
1487 1631 -0.18792
1488 1489 -1.41377
1488 1499 0.66646
1488 1500 -0.01143
1488 1632 0.00124
1489 1490 -0.66873
1489 1501 -0.3319
1489 1633 1.27959
1490 1491 -0.22998
1490 1502 1.13894
1490 1634 -0.50754
1491 1492 2.19971
1491 1503 -0.75642
1491 1635 0.90833
1492 1493 -0.83159
1492 1504 0.56851
1492 1636 0.51306
1493 1494 0.26996
1493 1505 -0.70897
1493 1637 -1.15152
1494 1495 -1.41475
1494 1506 -1.13706
1494 1638 0.72636
1495 1496 -0.73208
1495 1507 -0.5784
1495 1639 -0.38459
1496 1497 -0.48528
1496 1508 2.07041
1496 1640 1.10962
1497 1498 0.29915
1497 1509 -0.17926
1497 1641 0.42915
1498 1499 0.16846
1498 1510 0.35907
1498 1642 -1.81333
1499 1511 -0.96611
1499 1643 -1.98576
1500 1501 -0.40961
1500 1511 -0.37356
1500 1512 0.82131
1500 1644 0.80075
1501 1502 0.84017
1501 1513 0.48663
1501 1645 0.38506
1502 1503 2.70408
1502 1514 0.72959
1502 1646 0.65868
1503 1504 0.45172
1503 1515 0.64508
1503 1647 0.00734
1504 1505 0.19963
1504 1516 1.01802
1504 1648 0.55808
1505 1506 -1.2644
1505 1517 0.06897
1505 1649 1.09837
1506 1507 1.67505
1506 1518 1.19302
1506 1650 0.83858
1507 1508 -0.75529
1507 1519 -0.47608
1507 1651 -0.89297
1508 1509 1.93036
1508 1520 -0.50709
1508 1652 1.16718
1509 1510 0.82913
1509 1521 -0.28434
1509 1653 1.11587
1510 1511 -2.5653
1510 1522 1.78594
1510 1654 1.64643
1511 1523 1.0555
1511 1655 0.27642
1512 1513 0.6418
1512 1523 -0.03316
1512 1524 -0.52454
1512 1656 0.32471
1513 1514 0.69037
1513 1525 0.87728
1513 1657 -1.65545
1514 1515 0.00269
1514 1526 1.15852
1514 1658 0.12973
1515 1516 -0.36319
1515 1527 -1.42828
1515 1659 0.02919
1516 1517 -0.96656
1516 1528 -1.39965
1516 1660 -1.50287
1517 1518 -0.663
1517 1529 1.44405
1517 1661 -0.48626
1518 1519 0.24964
1518 1530 -0.62001
1518 1662 0.10748
1519 1520 -0.57077
1519 1531 -0.86488
1519 1663 0.65325
1520 1521 -0.23414
1520 1532 1.33369
1520 1664 1.08087
1521 1522 -0.40903
1521 1533 1.208
1521 1665 0.8333
1522 1523 -0.25314
1522 1534 -1.8072
1522 1666 1.16762
1523 1535 0.4379
1523 1667 -0.62026
1524 1525 0.97943
1524 1535 0.44436
1524 1536 2.04128
1524 1668 0.71767
1525 1526 -0.12744
1525 1537 0.16527
1525 1669 0.30466
1526 1527 0.52934
1526 1538 1.3796
1526 1670 0.44969
1527 1528 0.49474
1527 1539 -0.79934
1527 1671 0.14207
1528 1529 0.22731
1528 1540 -1.29925
1528 1672 -1.14626
1529 1530 1.53661
1529 1541 -0.03746
1529 1673 -0.9272
1530 1531 -0.26216
1530 1542 -0.55228
1530 1674 -0.19572
1531 1532 0.3258
1531 1543 1.85075
1531 1675 1.53367
1532 1533 -0.03234
1532 1544 1.17822
1532 1676 2.18091
1533 1534 0.51513
1533 1545 -0.11099
1533 1677 1.02126
1534 1535 1.2174
1534 1546 -1.01458
1534 1678 2.21802
1535 1547 1.23636
1535 1679 0.75976
1536 1537 -0.19384
1536 1547 -1.65086
1536 1548 -0.63074
1536 1680 -1.15132
1537 1538 1.09436
1537 1549 -0.03931
1537 1681 0.20432
1538 1539 1.45573
1538 1550 0.97906
1538 1682 -0.84898
1539 1540 -1.11671
1539 1551 -0.78475
1539 1683 1.03369
1540 1541 0.46106
1540 1552 -1.62614
1540 1684 0.25616
1541 1542 -1.16934
1541 1553 -1.05808
1541 1685 0.27319
1542 1543 0.23903
1542 1554 1.31526
1542 1686 0.57528
1543 1544 0.06645
1543 1555 0.19042
1543 1687 2.54528
1544 1545 -2.03355
1544 1556 -1.20005
1544 1688 1.3659
1545 1546 -0.1271
1545 1557 0.36031
1545 1689 0.62224
1546 1547 0.76003
1546 1558 -0.21437
1546 1690 0.31647
1547 1559 0.63702
1547 1691 0.52452
1548 1549 0.71005
1548 1559 -0.31442
1548 1560 -1.55242
1548 1692 0.23649
1549 1550 -1.32055
1549 1561 -0.9994
1549 1693 0.77741
1550 1551 0.95071
1550 1562 1.51761
1550 1694 -0.12625
1551 1552 0.95108
1551 1563 0.02783
1551 1695 1.88068
1552 1553 -0.00183
1552 1564 -1.25644
1552 1696 1.03388
1553 1554 0.1225
1553 1565 0.25218
1553 1697 0.73559
1554 1555 0.74143
1554 1566 -0.4857
1554 1698 -0.64167
1555 1556 0.98898
1555 1567 -0.66704
1555 1699 -0.76292
1556 1557 0.4449
1556 1568 1.59051
1556 1700 -0.23622
1557 1558 1.05451
1557 1569 -0.72314
1557 1701 0.08616
1558 1559 0.40728
1558 1570 0.0012
1558 1702 0.67399
1559 1571 -0.29191
1559 1703 -0.62904
1560 1561 -0.39225
1560 1571 0.59916
1560 1572 0.22459
1560 1704 -0.24839
1561 1562 -2.17143
1561 1573 -0.12262
1561 1705 0.29041
1562 1563 -1.32637
1562 1574 0.37088
1562 1706 0.86727
1563 1564 0.46358
1563 1575 1.45307
1563 1707 0.14092
1564 1565 0.24851
1564 1576 -0.83681
1564 1708 -0.9465
1565 1566 -1.95241
1565 1577 2.20192
1565 1709 1.24032
1566 1567 -0.40606
1566 1578 -1.24331
1566 1710 1.64792
1567 1568 0.35949
1567 1579 -0.24852
1567 1711 1.51841
1568 1569 -1.02287
1568 1580 -0.06757
1568 1712 -0.33394
1569 1570 -0.71608
1569 1581 -1.30391
1569 1713 -1.16756
1570 1571 -0.08214
1570 1582 0.35365
1570 1714 0.1834
1571 1583 2.05609
1571 1715 0.25106
1572 1573 -0.94017
1572 1583 1.38338
1572 1716 0.16376
1573 1574 0.15242
1573 1717 1.39702
1574 1575 0.10915
1574 1718 0.63044
1575 1576 -1.25586
1575 1719 0.4289
1576 1577 1.94549
1576 1720 0.83144
1577 1578 0.77704
1577 1721 0.35361
1578 1579 -0.57954
1578 1722 -1.05481
1579 1580 -1.75565
1579 1723 -0.57816
1580 1581 -0.56191
1580 1724 0.59382
1581 1582 -0.91462
1581 1725 -0.21882
1582 1583 -0.42669
1582 1726 1.61027
1583 1727 0.37653
1584 1585 -0.30915
1584 1595 0.15839
1584 1596 -0.19712
1584 1716 0.32325
1585 1586 -0.20095
1585 1597 1.20114
1585 1717 0.09076
1586 1587 -0.02698
1586 1598 -0.1053
1586 1718 0.58412
1587 1588 -0.44757
1587 1599 -0.04874
1587 1719 -0.27398
1588 1589 0.02155
1588 1600 -1.36044
1588 1720 -1.87234
1589 1590 -0.3285
1589 1601 1.48712
1589 1721 -1.87888
1590 1591 0.88732
1590 1602 0.83986
1590 1722 -2.0519
1591 1592 0.21789
1591 1603 3.04044
1591 1723 1.34643
1592 1593 -0.67842
1592 1604 -0.48984
1592 1724 -1.57656
1593 1594 -0.24529
1593 1605 1.09983
1593 1725 0.641
1594 1595 -1.17982
1594 1606 1.11921
1594 1726 -1.60395
1595 1607 0.15756
1595 1727 -0.35098
1596 1597 -1.96433
1596 1607 1.61276
1596 1608 -1.40145
1597 1598 -1.14949
1597 1609 0.57249
1598 1599 -0.05151
1598 1610 -0.49834
1599 1600 2.95745
1599 1611 -0.36657
1600 1601 -0.53206
1600 1612 -0.04939
1601 1602 -1.24133
1601 1613 0.74409
1602 1603 -1.44611
1602 1614 0.77843
1603 1604 0.27209
1603 1615 -1.09351
1604 1605 -2.71207
1604 1616 1.02258
1605 1606 0.64898
1605 1617 -1.19729
1606 1607 -1.17941
1606 1618 -0.21827
1607 1619 0.88481
1608 1609 -0.24121
1608 1619 0.21494
1608 1620 -1.59791
1609 1610 -0.92276
1609 1621 -0.52416
1610 1611 -0.74834
1610 1622 -0.61404
1611 1612 0.15283
1611 1623 0.20672
1612 1613 0.39118
1612 1624 -0.35543
1613 1614 -2.68904
1613 1625 0.68477
1614 1615 -0.66145
1614 1626 -2.10136
1615 1616 -0.04628
1615 1627 0.18288
1616 1617 -0.3702
1616 1628 0.26985
1617 1618 -0.14561
1617 1629 0.48636
1618 1619 0.04054
1618 1630 -0.1238
1619 1631 -0.01446
1620 1621 1.41915
1620 1631 0.8931
1620 1632 -1.05831
1621 1622 1.0606
1621 1633 0.42686
1622 1623 1.34409
1622 1634 0.62219
1623 1624 2.47531
1623 1635 -0.33931
1624 1625 -0.65173
1624 1636 1.92585
1625 1626 -1.41296
1625 1637 -0.7209
1626 1627 -0.64898
1626 1638 -1.6246
1627 1628 0.16908
1627 1639 -0.69141
1628 1629 -1.33931
1628 1640 0.75604
1629 1630 0.93426
1629 1641 0.30991
1630 1631 -0.76597
1630 1642 -1.69499
1631 1643 -0.38155
1632 1633 0.05578
1632 1643 0.01786
1632 1644 1.31606
1633 1634 -0.51205
1633 1645 0.70699
1634 1635 0.41462
1634 1646 -1.85153
1635 1636 -0.53393
1635 1647 -0.96504
1636 1637 -0.82844
1636 1648 -0.48877
1637 1638 -0.18972
1637 1649 0.73537
1638 1639 0.67129
1638 1650 1.20708
1639 1640 0.74828
1639 1651 0.76882
1640 1641 -0.92251
1640 1652 1.22389
1641 1642 -0.41646
1641 1653 0.1185
1642 1643 -0.99707
1642 1654 0.17188
1643 1655 2.41248
1644 1645 0.92572
1644 1655 -1.43362
1644 1656 -0.25019
1645 1646 -1.32474
1645 1657 -0.31527
1646 1647 2.3005
1646 1658 0.44032
1647 1648 -1.12888
1647 1659 -1.17154
1648 1649 -0.33508
1648 1660 0.52733
1649 1650 -0.95774
1649 1661 0.80505
1650 1651 1.37897
1650 1662 0.87654
1651 1652 -0.71516
1651 1663 -1.51537
1652 1653 -0.04225
1652 1664 -0.04994
1653 1654 -0.87907
1653 1665 1.16715
1654 1655 1.06876
1654 1666 0.57652
1655 1667 0.65799
1656 1657 -1.52358
1656 1667 -0.18103
1656 1668 -0.22202
1657 1658 -2.35703
1657 1669 -0.89931
1658 1659 -0.36695
1658 1670 -1.33213
1659 1660 -1.35489
1659 1671 -0.21763
1660 1661 1.09474
1660 1672 -1.63112
1661 1662 0.97443
1661 1673 -0.69231
1662 1663 1.70726
1662 1674 0.2016
1663 1664 -1.24673
1663 1675 -0.58058
1664 1665 -0.14382
1664 1676 -1.00688
1665 1666 -0.92969
1665 1677 0.10593
1666 1667 0.85181
1666 1678 -0.29031
1667 1679 1.82587
1668 1669 0.45472
1668 1679 0.58434
1668 1680 0.10172
1669 1670 0.85788
1669 1681 -0.94908
1670 1671 -2.47747
1670 1682 -0.04137
1671 1672 -1.45714
1671 1683 0.34984
1672 1673 0.21863
1672 1684 -0.67374
1673 1674 1.47667
1673 1685 0.05264
1674 1675 0.63956
1674 1686 0.85609
1675 1676 -0.09121
1675 1687 -0.45557
1676 1677 0.7342
1676 1688 -0.73314
1677 1678 -0.80701
1677 1689 1.21546
1678 1679 -0.22902
1678 1690 -0.12641
1679 1691 0.8673
1680 1681 -1.18249
1680 1691 0.77647
1680 1692 -0.28182
1681 1682 -0.18917
1681 1693 0.82406
1682 1683 0.22787
1682 1694 0.91634
1683 1684 0.90673
1683 1695 1.05764
1684 1685 0.32696
1684 1696 0.4153
1685 1686 0.00299
1685 1697 -0.03139
1686 1687 -0.37872
1686 1698 1.15689
1687 1688 -0.08786
1687 1699 -0.33733
1688 1689 -0.29942
1688 1700 -0.53026
1689 1690 0.752
1689 1701 0.65284
1690 1691 1.42871
1690 1702 -0.67297
1691 1703 -0.18652
1692 1693 0.09147
1692 1703 1.00873
1692 1704 -0.09374
1693 1694 -1.96578
1693 1705 -0.52227
1694 1695 -0.81811
1694 1706 0.61729
1695 1696 -0.77791
1695 1707 -0.57286
1696 1697 -0.28125
1696 1708 0.15657
1697 1698 -0.15758
1697 1709 -0.10026
1698 1699 -0.78788
1698 1710 -0.55192
1699 1700 1.03864
1699 1711 1.17783
1700 1701 -0.51444
1700 1712 1.2157
1701 1702 0.47246
1701 1713 -0.27297
1702 1703 -0.82366
1702 1714 -0.41184
1703 1715 1.75366
1704 1705 -1.99918
1704 1715 -1.71271
1704 1716 -1.42635
1705 1706 -0.43672
1705 1717 -0.59034
1706 1707 -1.0031
1706 1718 -0.43004
1707 1708 -0.12197
1707 1719 -1.87097
1708 1709 0.90617
1708 1720 -1.25964
1709 1710 -0.54744
1709 1721 -0.01956
1710 1711 1.76249
1710 1722 0.1105
1711 1712 1.34382
1711 1723 0.19635
1712 1713 0.21686
1712 1724 0.03507
1713 1714 0.6423
1713 1725 0.02002
1714 1715 -0.04425
1714 1726 0.17578
1715 1727 0.15295
1716 1717 -0.24324
1716 1727 0.12766
1717 1718 -1.15169
1718 1719 0.24765
1719 1720 1.21581
1720 1721 -1.48767
1721 1722 -0.24326
1722 1723 -0.83652
1723 1724 0.24648
1724 1725 -0.36347
1725 1726 -1.29966
1726 1727 -1.01708
