# model=ea3d N=1728 meanJ=0 seed=3013732 distribution=gaussian field=0 num_fields=1728 num_couplings=5184 dim=3
0 0
1 0
2 0
3 0
4 0
5 0
6 0
7 0
8 0
9 0
10 0
11 0
12 0
13 0
14 0
15 0
16 0
17 0
18 0
19 0
20 0
21 0
22 0
23 0
24 0
25 0
26 0
27 0
28 0
29 0
30 0
31 0
32 0
33 0
34 0
35 0
36 0
37 0
38 0
39 0
40 0
41 0
42 0
43 0
44 0
45 0
46 0
47 0
48 0
49 0
50 0
51 0
52 0
53 0
54 0
55 0
56 0
57 0
58 0
59 0
60 0
61 0
62 0
63 0
64 0
65 0
66 0
67 0
68 0
69 0
70 0
71 0
72 0
73 0
74 0
75 0
76 0
77 0
78 0
79 0
80 0
81 0
82 0
83 0
84 0
85 0
86 0
87 0
88 0
89 0
90 0
91 0
92 0
93 0
94 0
95 0
96 0
97 0
98 0
99 0
100 0
101 0
102 0
103 0
104 0
105 0
106 0
107 0
108 0
109 0
110 0
111 0
112 0
113 0
114 0
115 0
116 0
117 0
118 0
119 0
120 0
121 0
122 0
123 0
124 0
125 0
126 0
127 0
128 0
129 0
130 0
131 0
132 0
133 0
134 0
135 0
136 0
137 0
138 0
139 0
140 0
141 0
142 0
143 0
144 0
145 0
146 0
147 0
148 0
149 0
150 0
151 0
152 0
153 0
154 0
155 0
156 0
157 0
158 0
159 0
160 0
161 0
162 0
163 0
164 0
165 0
166 0
167 0
168 0
169 0
170 0
171 0
172 0
173 0
174 0
175 0
176 0
177 0
178 0
179 0
180 0
181 0
182 0
183 0
184 0
185 0
186 0
187 0
188 0
189 0
190 0
191 0
192 0
193 0
194 0
195 0
196 0
197 0
198 0
199 0
200 0
201 0
202 0
203 0
204 0
205 0
206 0
207 0
208 0
209 0
210 0
211 0
212 0
213 0
214 0
215 0
216 0
217 0
218 0
219 0
220 0
221 0
222 0
223 0
224 0
225 0
226 0
227 0
228 0
229 0
230 0
231 0
232 0
233 0
234 0
235 0
236 0
237 0
238 0
239 0
240 0
241 0
242 0
243 0
244 0
245 0
246 0
247 0
248 0
249 0
250 0
251 0
252 0
253 0
254 0
255 0
256 0
257 0
258 0
259 0
260 0
261 0
262 0
263 0
264 0
265 0
266 0
267 0
268 0
269 0
270 0
271 0
272 0
273 0
274 0
275 0
276 0
277 0
278 0
279 0
280 0
281 0
282 0
283 0
284 0
285 0
286 0
287 0
288 0
289 0
290 0
291 0
292 0
293 0
294 0
295 0
296 0
297 0
298 0
299 0
300 0
301 0
302 0
303 0
304 0
305 0
306 0
307 0
308 0
309 0
310 0
311 0
312 0
313 0
314 0
315 0
316 0
317 0
318 0
319 0
320 0
321 0
322 0
323 0
324 0
325 0
326 0
327 0
328 0
329 0
330 0
331 0
332 0
333 0
334 0
335 0
336 0
337 0
338 0
339 0
340 0
341 0
342 0
343 0
344 0
345 0
346 0
347 0
348 0
349 0
350 0
351 0
352 0
353 0
354 0
355 0
356 0
357 0
358 0
359 0
360 0
361 0
362 0
363 0
364 0
365 0
366 0
367 0
368 0
369 0
370 0
371 0
372 0
373 0
374 0
375 0
376 0
377 0
378 0
379 0
380 0
381 0
382 0
383 0
384 0
385 0
386 0
387 0
388 0
389 0
390 0
391 0
392 0
393 0
394 0
395 0
396 0
397 0
398 0
399 0
400 0
401 0
402 0
403 0
404 0
405 0
406 0
407 0
408 0
409 0
410 0
411 0
412 0
413 0
414 0
415 0
416 0
417 0
418 0
419 0
420 0
421 0
422 0
423 0
424 0
425 0
426 0
427 0
428 0
429 0
430 0
431 0
432 0
433 0
434 0
435 0
436 0
437 0
438 0
439 0
440 0
441 0
442 0
443 0
444 0
445 0
446 0
447 0
448 0
449 0
450 0
451 0
452 0
453 0
454 0
455 0
456 0
457 0
458 0
459 0
460 0
461 0
462 0
463 0
464 0
465 0
466 0
467 0
468 0
469 0
470 0
471 0
472 0
473 0
474 0
475 0
476 0
477 0
478 0
479 0
480 0
481 0
482 0
483 0
484 0
485 0
486 0
487 0
488 0
489 0
490 0
491 0
492 0
493 0
494 0
495 0
496 0
497 0
498 0
499 0
500 0
501 0
502 0
503 0
504 0
505 0
506 0
507 0
508 0
509 0
510 0
511 0
512 0
513 0
514 0
515 0
516 0
517 0
518 0
519 0
520 0
521 0
522 0
523 0
524 0
525 0
526 0
527 0
528 0
529 0
530 0
531 0
532 0
533 0
534 0
535 0
536 0
537 0
538 0
539 0
540 0
541 0
542 0
543 0
544 0
545 0
546 0
547 0
548 0
549 0
550 0
551 0
552 0
553 0
554 0
555 0
556 0
557 0
558 0
559 0
560 0
561 0
562 0
563 0
564 0
565 0
566 0
567 0
568 0
569 0
570 0
571 0
572 0
573 0
574 0
575 0
576 0
577 0
578 0
579 0
580 0
581 0
582 0
583 0
584 0
585 0
586 0
587 0
588 0
589 0
590 0
591 0
592 0
593 0
594 0
595 0
596 0
597 0
598 0
599 0
600 0
601 0
602 0
603 0
604 0
605 0
606 0
607 0
608 0
609 0
610 0
611 0
612 0
613 0
614 0
615 0
616 0
617 0
618 0
619 0
620 0
621 0
622 0
623 0
624 0
625 0
626 0
627 0
628 0
629 0
630 0
631 0
632 0
633 0
634 0
635 0
636 0
637 0
638 0
639 0
640 0
641 0
642 0
643 0
644 0
645 0
646 0
647 0
648 0
649 0
650 0
651 0
652 0
653 0
654 0
655 0
656 0
657 0
658 0
659 0
660 0
661 0
662 0
663 0
664 0
665 0
666 0
667 0
668 0
669 0
670 0
671 0
672 0
673 0
674 0
675 0
676 0
677 0
678 0
679 0
680 0
681 0
682 0
683 0
684 0
685 0
686 0
687 0
688 0
689 0
690 0
691 0
692 0
693 0
694 0
695 0
696 0
697 0
698 0
699 0
700 0
701 0
702 0
703 0
704 0
705 0
706 0
707 0
708 0
709 0
710 0
711 0
712 0
713 0
714 0
715 0
716 0
717 0
718 0
719 0
720 0
721 0
722 0
723 0
724 0
725 0
726 0
727 0
728 0
729 0
730 0
731 0
732 0
733 0
734 0
735 0
736 0
737 0
738 0
739 0
740 0
741 0
742 0
743 0
744 0
745 0
746 0
747 0
748 0
749 0
750 0
751 0
752 0
753 0
754 0
755 0
756 0
757 0
758 0
759 0
760 0
761 0
762 0
763 0
764 0
765 0
766 0
767 0
768 0
769 0
770 0
771 0
772 0
773 0
774 0
775 0
776 0
777 0
778 0
779 0
780 0
781 0
782 0
783 0
784 0
785 0
786 0
787 0
788 0
789 0
790 0
791 0
792 0
793 0
794 0
795 0
796 0
797 0
798 0
799 0
800 0
801 0
802 0
803 0
804 0
805 0
806 0
807 0
808 0
809 0
810 0
811 0
812 0
813 0
814 0
815 0
816 0
817 0
818 0
819 0
820 0
821 0
822 0
823 0
824 0
825 0
826 0
827 0
828 0
829 0
830 0
831 0
832 0
833 0
834 0
835 0
836 0
837 0
838 0
839 0
840 0
841 0
842 0
843 0
844 0
845 0
846 0
847 0
848 0
849 0
850 0
851 0
852 0
853 0
854 0
855 0
856 0
857 0
858 0
859 0
860 0
861 0
862 0
863 0
864 0
865 0
866 0
867 0
868 0
869 0
870 0
871 0
872 0
873 0
874 0
875 0
876 0
877 0
878 0
879 0
880 0
881 0
882 0
883 0
884 0
885 0
886 0
887 0
888 0
889 0
890 0
891 0
892 0
893 0
894 0
895 0
896 0
897 0
898 0
899 0
900 0
901 0
902 0
903 0
904 0
905 0
906 0
907 0
908 0
909 0
910 0
911 0
912 0
913 0
914 0
915 0
916 0
917 0
918 0
919 0
920 0
921 0
922 0
923 0
924 0
925 0
926 0
927 0
928 0
929 0
930 0
931 0
932 0
933 0
934 0
935 0
936 0
937 0
938 0
939 0
940 0
941 0
942 0
943 0
944 0
945 0
946 0
947 0
948 0
949 0
950 0
951 0
952 0
953 0
954 0
955 0
956 0
957 0
958 0
959 0
960 0
961 0
962 0
963 0
964 0
965 0
966 0
967 0
968 0
969 0
970 0
971 0
972 0
973 0
974 0
975 0
976 0
977 0
978 0
979 0
980 0
981 0
982 0
983 0
984 0
985 0
986 0
987 0
988 0
989 0
990 0
991 0
992 0
993 0
994 0
995 0
996 0
997 0
998 0
999 0
1000 0
1001 0
1002 0
1003 0
1004 0
1005 0
1006 0
1007 0
1008 0
1009 0
1010 0
1011 0
1012 0
1013 0
1014 0
1015 0
1016 0
1017 0
1018 0
1019 0
1020 0
1021 0
1022 0
1023 0
1024 0
1025 0
1026 0
1027 0
1028 0
1029 0
1030 0
1031 0
1032 0
1033 0
1034 0
1035 0
1036 0
1037 0
1038 0
1039 0
1040 0
1041 0
1042 0
1043 0
1044 0
1045 0
1046 0
1047 0
1048 0
1049 0
1050 0
1051 0
1052 0
1053 0
1054 0
1055 0
1056 0
1057 0
1058 0
1059 0
1060 0
1061 0
1062 0
1063 0
1064 0
1065 0
1066 0
1067 0
1068 0
1069 0
1070 0
1071 0
1072 0
1073 0
1074 0
1075 0
1076 0
1077 0
1078 0
1079 0
1080 0
1081 0
1082 0
1083 0
1084 0
1085 0
1086 0
1087 0
1088 0
1089 0
1090 0
1091 0
1092 0
1093 0
1094 0
1095 0
1096 0
1097 0
1098 0
1099 0
1100 0
1101 0
1102 0
1103 0
1104 0
1105 0
1106 0
1107 0
1108 0
1109 0
1110 0
1111 0
1112 0
1113 0
1114 0
1115 0
1116 0
1117 0
1118 0
1119 0
1120 0
1121 0
1122 0
1123 0
1124 0
1125 0
1126 0
1127 0
1128 0
1129 0
1130 0
1131 0
1132 0
1133 0
1134 0
1135 0
1136 0
1137 0
1138 0
1139 0
1140 0
1141 0
1142 0
1143 0
1144 0
1145 0
1146 0
1147 0
1148 0
1149 0
1150 0
1151 0
1152 0
1153 0
1154 0
1155 0
1156 0
1157 0
1158 0
1159 0
1160 0
1161 0
1162 0
1163 0
1164 0
1165 0
1166 0
1167 0
1168 0
1169 0
1170 0
1171 0
1172 0
1173 0
1174 0
1175 0
1176 0
1177 0
1178 0
1179 0
1180 0
1181 0
1182 0
1183 0
1184 0
1185 0
1186 0
1187 0
1188 0
1189 0
1190 0
1191 0
1192 0
1193 0
1194 0
1195 0
1196 0
1197 0
1198 0
1199 0
1200 0
1201 0
1202 0
1203 0
1204 0
1205 0
1206 0
1207 0
1208 0
1209 0
1210 0
1211 0
1212 0
1213 0
1214 0
1215 0
1216 0
1217 0
1218 0
1219 0
1220 0
1221 0
1222 0
1223 0
1224 0
1225 0
1226 0
1227 0
1228 0
1229 0
1230 0
1231 0
1232 0
1233 0
1234 0
1235 0
1236 0
1237 0
1238 0
1239 0
1240 0
1241 0
1242 0
1243 0
1244 0
1245 0
1246 0
1247 0
1248 0
1249 0
1250 0
1251 0
1252 0
1253 0
1254 0
1255 0
1256 0
1257 0
1258 0
1259 0
1260 0
1261 0
1262 0
1263 0
1264 0
1265 0
1266 0
1267 0
1268 0
1269 0
1270 0
1271 0
1272 0
1273 0
1274 0
1275 0
1276 0
1277 0
1278 0
1279 0
1280 0
1281 0
1282 0
1283 0
1284 0
1285 0
1286 0
1287 0
1288 0
1289 0
1290 0
1291 0
1292 0
1293 0
1294 0
1295 0
1296 0
1297 0
1298 0
1299 0
1300 0
1301 0
1302 0
1303 0
1304 0
1305 0
1306 0
1307 0
1308 0
1309 0
1310 0
1311 0
1312 0
1313 0
1314 0
1315 0
1316 0
1317 0
1318 0
1319 0
1320 0
1321 0
1322 0
1323 0
1324 0
1325 0
1326 0
1327 0
1328 0
1329 0
1330 0
1331 0
1332 0
1333 0
1334 0
1335 0
1336 0
1337 0
1338 0
1339 0
1340 0
1341 0
1342 0
1343 0
1344 0
1345 0
1346 0
1347 0
1348 0
1349 0
1350 0
1351 0
1352 0
1353 0
1354 0
1355 0
1356 0
1357 0
1358 0
1359 0
1360 0
1361 0
1362 0
1363 0
1364 0
1365 0
1366 0
1367 0
1368 0
1369 0
1370 0
1371 0
1372 0
1373 0
1374 0
1375 0
1376 0
1377 0
1378 0
1379 0
1380 0
1381 0
1382 0
1383 0
1384 0
1385 0
1386 0
1387 0
1388 0
1389 0
1390 0
1391 0
1392 0
1393 0
1394 0
1395 0
1396 0
1397 0
1398 0
1399 0
1400 0
1401 0
1402 0
1403 0
1404 0
1405 0
1406 0
1407 0
1408 0
1409 0
1410 0
1411 0
1412 0
1413 0
1414 0
1415 0
1416 0
1417 0
1418 0
1419 0
1420 0
1421 0
1422 0
1423 0
1424 0
1425 0
1426 0
1427 0
1428 0
1429 0
1430 0
1431 0
1432 0
1433 0
1434 0
1435 0
1436 0
1437 0
1438 0
1439 0
1440 0
1441 0
1442 0
1443 0
1444 0
1445 0
1446 0
1447 0
1448 0
1449 0
1450 0
1451 0
1452 0
1453 0
1454 0
1455 0
1456 0
1457 0
1458 0
1459 0
1460 0
1461 0
1462 0
1463 0
1464 0
1465 0
1466 0
1467 0
1468 0
1469 0
1470 0
1471 0
1472 0
1473 0
1474 0
1475 0
1476 0
1477 0
1478 0
1479 0
1480 0
1481 0
1482 0
1483 0
1484 0
1485 0
1486 0
1487 0
1488 0
1489 0
1490 0
1491 0
1492 0
1493 0
1494 0
1495 0
1496 0
1497 0
1498 0
1499 0
1500 0
1501 0
1502 0
1503 0
1504 0
1505 0
1506 0
1507 0
1508 0
1509 0
1510 0
1511 0
1512 0
1513 0
1514 0
1515 0
1516 0
1517 0
1518 0
1519 0
1520 0
1521 0
1522 0
1523 0
1524 0
1525 0
1526 0
1527 0
1528 0
1529 0
1530 0
1531 0
1532 0
1533 0
1534 0
1535 0
1536 0
1537 0
1538 0
1539 0
1540 0
1541 0
1542 0
1543 0
1544 0
1545 0
1546 0
1547 0
1548 0
1549 0
1550 0
1551 0
1552 0
1553 0
1554 0
1555 0
1556 0
1557 0
1558 0
1559 0
1560 0
1561 0
1562 0
1563 0
1564 0
1565 0
1566 0
1567 0
1568 0
1569 0
1570 0
1571 0
1572 0
1573 0
1574 0
1575 0
1576 0
1577 0
1578 0
1579 0
1580 0
1581 0
1582 0
1583 0
1584 0
1585 0
1586 0
1587 0
1588 0
1589 0
1590 0
1591 0
1592 0
1593 0
1594 0
1595 0
1596 0
1597 0
1598 0
1599 0
1600 0
1601 0
1602 0
1603 0
1604 0
1605 0
1606 0
1607 0
1608 0
1609 0
1610 0
1611 0
1612 0
1613 0
1614 0
1615 0
1616 0
1617 0
1618 0
1619 0
1620 0
1621 0
1622 0
1623 0
1624 0
1625 0
1626 0
1627 0
1628 0
1629 0
1630 0
1631 0
1632 0
1633 0
1634 0
1635 0
1636 0
1637 0
1638 0
1639 0
1640 0
1641 0
1642 0
1643 0
1644 0
1645 0
1646 0
1647 0
1648 0
1649 0
1650 0
1651 0
1652 0
1653 0
1654 0
1655 0
1656 0
1657 0
1658 0
1659 0
1660 0
1661 0
1662 0
1663 0
1664 0
1665 0
1666 0
1667 0
1668 0
1669 0
1670 0
1671 0
1672 0
1673 0
1674 0
1675 0
1676 0
1677 0
1678 0
1679 0
1680 0
1681 0
1682 0
1683 0
1684 0
1685 0
1686 0
1687 0
1688 0
1689 0
1690 0
1691 0
1692 0
1693 0
1694 0
1695 0
1696 0
1697 0
1698 0
1699 0
1700 0
1701 0
1702 0
1703 0
1704 0
1705 0
1706 0
1707 0
1708 0
1709 0
1710 0
1711 0
1712 0
1713 0
1714 0
1715 0
1716 0
1717 0
1718 0
1719 0
1720 0
1721 0
1722 0
1723 0
1724 0
1725 0
1726 0
1727 0
0 1 1.11478
0 11 0.22488
0 12 0.11837
0 132 -0.21604
0 144 0.15169
0 1584 0.78688
1 2 -0.96583
1 13 -1.30237
1 133 -1.66326
1 145 -0.29724
1 1585 -1.2027
2 3 -1.06861
2 14 -0.83637
2 134 0.02514
2 146 0.36315
2 1586 -0.11808
3 4 0.00552
3 15 -0.43859
3 135 -0.8313
3 147 -1.04955
3 1587 -0.45413
4 5 -0.02523
4 16 0.45844
4 136 0.05483
4 148 1.49426
4 1588 -0.26229
5 6 -0.73935
5 17 0.16806
5 137 -1.64955
5 149 -0.41628
5 1589 -0.07569
6 7 1.4566
6 18 0.06961
6 138 -0.87053
6 150 1.73047
6 1590 0.03384
7 8 -0.26967
7 19 2.22446
7 139 0.42675
7 151 -0.37279
7 1591 1.36871
8 9 1.38454
8 20 -1.44798
8 140 0.59136
8 152 -1.94133
8 1592 0.13486
9 10 0.31722
9 21 1.44684
9 141 -0.28059
9 153 -0.1182
9 1593 -1.0287
10 11 0.15169
10 22 -1.71136
10 142 0.38877
10 154 -1.42513
10 1594 0.55242
11 23 1.33503
11 143 0.70096
11 155 0.90685
11 1595 1.66946
12 13 -1.02222
12 23 0.084
12 24 1.43406
12 156 -0.5059
12 1596 1.20713
13 14 -4.20059
13 25 0.81529
13 157 -1.17654
13 1597 -1.29338
14 15 -0.50753
14 26 0.15183
14 158 1.05445
14 1598 0.82157
15 16 -0.24974
15 27 0.39817
15 159 -2.25084
15 1599 -1.45698
16 17 -1.11038
16 28 0.6086
16 160 0.49964
16 1600 -1.75236
17 18 0.67959
17 29 -1.16474
17 161 -1.51145
17 1601 -0.42698
18 19 -0.84717
18 30 0.23205
18 162 1.30925
18 1602 -0.58567
19 20 -0.18322
19 31 0.60714
19 163 -0.05566
19 1603 -1.36382
20 21 1.4157
20 32 0.90899
20 164 1.09967
20 1604 -0.43961
21 22 0.61285
21 33 -0.04573
21 165 0.26767
21 1605 -0.53772
22 23 0.18199
22 34 -0.46931
22 166 -0.16973
22 1606 1.99303
23 35 -1.42321
23 167 -1.1664
23 1607 0.57866
24 25 -1.44219
24 35 0.32215
24 36 0.51936
24 168 -0.47519
24 1608 -1.30274
25 26 0.32832
25 37 0.5902
25 169 -0.41428
25 1609 1.88903
26 27 -1.82703
26 38 -0.42276
26 170 0.83062
26 1610 -1.03969
27 28 -0.00839
27 39 0.42642
27 171 0.92599
27 1611 0.33677
28 29 -0.10853
28 40 0.41191
28 172 0.95578
28 1612 0.653
29 30 -1.23871
29 41 -0.93937
29 173 -1.13427
29 1613 1.47543
30 31 -2.89402
30 42 -1.49287
30 174 -0.50459
30 1614 -0.77636
31 32 0.02967
31 43 -2.46575
31 175 -0.25326
31 1615 -0.65217
32 33 1.22322
32 44 1.26084
32 176 0.81828
32 1616 0.65638
33 34 -0.31751
33 45 -0.4622
33 177 -1.77224
33 1617 2.75335
34 35 0.35229
34 46 -0.17422
34 178 0.01946
34 1618 -0.99531
35 47 -1.8215
35 179 0.10158
35 1619 -0.40489
36 37 -0.703
36 47 -0.03706
36 48 0.97164
36 180 0.52595
36 1620 -0.5828
37 38 -1.56323
37 49 1.13179
37 181 -1.08677
37 1621 0.42374
38 39 1.65755
38 50 -0.6163
38 182 0.65376
38 1622 2.1131
39 40 -0.98879
39 51 -0.81704
39 183 0.95173
39 1623 -0.83838
40 41 0.02594
40 52 -0.01719
40 184 0.57172
40 1624 -0.29536
41 42 -0.24748
41 53 -1.16316
41 185 -0.34424
41 1625 1.46489
42 43 1.32313
42 54 2.08277
42 186 0.48194
42 1626 -0.0229
43 44 1.09313
43 55 -0.90173
43 187 -1.31322
43 1627 -0.69179
44 45 -0.88962
44 56 0.99034
44 188 -1.71342
44 1628 -0.33932
45 46 1.18762
45 57 0.32567
45 189 0.41639
45 1629 0.62588
46 47 0.48471
46 58 0.89453
46 190 0.37595
46 1630 -0.58568
47 59 0.31449
47 191 -1.13536
47 1631 1.34806
48 49 -0.19497
48 59 1.76655
48 60 -0.12067
48 192 -2.06656
48 1632 -0.2497
49 50 0.64904
49 61 0.08214
49 193 0.07222
49 1633 1.29874
50 51 0.38454
50 62 0.95342
50 194 -0.37313
50 1634 -0.84204
51 52 -1.80458
51 63 -1.00934
51 195 0.14257
51 1635 0.06963
52 53 -1.72972
52 64 0.16481
52 196 -0.573
52 1636 -0.08166
53 54 -0.02148
53 65 0.55504
53 197 -0.36962
53 1637 0.42281
54 55 0.02022
54 66 -0.16484
54 198 -0.02768
54 1638 -1.68875
55 56 -1.03248
55 67 -0.10407
55 199 0.04131
55 1639 0.65788
56 57 1.15209
56 68 -1.46986
56 200 -1.05838
56 1640 0.30175
57 58 -1.50278
57 69 0.89189
57 201 -2.55283
57 1641 0.47513
58 59 -0.99124
58 70 0.54761
58 202 0.16154
58 1642 -0.83327
59 71 1.39506
59 203 0.68739
59 1643 -0.70171
60 61 0.40228
60 71 -0.39959
60 72 0.27214
60 204 1.01242
60 1644 -0.18454
61 62 -0.4511
61 73 -0.49801
61 205 -0.71969
61 1645 0.37899
62 63 -1.80765
62 74 -0.01677
62 206 0.01083
62 1646 -0.53384
63 64 0.34788
63 75 1.01636
63 207 0.2087
63 1647 -0.11339
64 65 0.25439
64 76 -0.40762
64 208 -0.39424
64 1648 -0.74689
65 66 1.38537
65 77 1.45333
65 209 -0.36347
65 1649 1.12653
66 67 1.01403
66 78 0.72153
66 210 0.5066
66 1650 -0.34344
67 68 -1.19906
67 79 0.78228
67 211 1.03835
67 1651 -1.03089
68 69 0.93631
68 80 0.81738
68 212 -0.81768
68 1652 -1.11336
69 70 -0.68751
69 81 -0.26962
69 213 -0.76976
69 1653 0.20694
70 71 0.80717
70 82 -0.63403
70 214 -0.83754
70 1654 0.43987
71 83 -0.80987
71 215 -1.55192
71 1655 0.03173
72 73 2.82587
72 83 -1.11895
72 84 1.45064
72 216 0.14149
72 1656 -0.23536
73 74 -0.15105
73 85 -1.56313
73 217 -0.84948
73 1657 1.09529
74 75 -0.26794
74 86 0.04201
74 218 -0.46534
74 1658 -0.09652
75 76 -0.53246
75 87 -0.14436
75 219 1.18483
75 1659 -0.94354
76 77 -0.8503
76 88 -0.53546
76 220 0.15102
76 1660 -1.01617
77 78 -0.17821
77 89 1.48738
77 221 1.98169
77 1661 -0.09653
78 79 0.53217
78 90 1.88214
78 222 -0.43707
78 1662 0.88632
79 80 0.67762
79 91 0.31002
79 223 -0.91249
79 1663 1.68077
80 81 0.82133
80 92 0.34074
80 224 1.21005
80 1664 0.22568
81 82 1.06317
81 93 0.03426
81 225 -1.08682
81 1665 3.17929
82 83 0.3015
82 94 -0.31734
82 226 0.15474
82 1666 -1.33034
83 95 0.60731
83 227 -0.06877
83 1667 0.7892
84 85 0.41582
84 95 -2.2216
84 96 -1.25479
84 228 0.91235
84 1668 -2.11451
85 86 -0.78806
85 97 -1.08881
85 229 0.54463
85 1669 -1.12606
86 87 -0.03603
86 98 0.24172
86 230 -0.9692
86 1670 0.34196
87 88 1.01927
87 99 -1.25644
87 231 -0.60354
87 1671 -0.60928
88 89 -0.39306
88 100 -0.90665
88 232 1.07371
88 1672 0.28841
89 90 0.73781
89 101 -0.83908
89 233 0.57026
89 1673 -0.71957
90 91 -2.34442
90 102 -0.8436
90 234 0.44134
90 1674 0.88735
91 92 0.05638
91 103 0.42842
91 235 1.75266
91 1675 0.02587
92 93 -1.07999
92 104 -0.53705
92 236 -0.35426
92 1676 1.46775
93 94 -0.05548
93 105 0.09524
93 237 -0.04577
93 1677 1.00351
94 95 -0.7929
94 106 0.28759
94 238 0.25766
94 1678 1.29425
95 107 -0.21794
95 239 -1.79117
95 1679 0.73729
96 97 0.61369
96 107 -0.87074
96 108 0.52069
96 240 0.284
96 1680 1.14608
97 98 -0.55997
97 109 1.49269
97 241 -0.33547
97 1681 -2.24675
98 99 -1.45353
98 110 -0.21756
98 242 0.27216
98 1682 0.15329
99 100 -1.55414
99 111 -0.39154
99 243 0.27297
99 1683 1.31594
100 101 1.22859
100 112 0.45473
100 244 -0.73561
100 1684 -1.50501
101 102 1.27488
101 113 0.45939
101 245 -1.00401
101 1685 0.01953
102 103 0.1471
102 114 -0.35612
102 246 0.1128
102 1686 -0.02492
103 104 0.80547
103 115 2.14011
103 247 0.12309
103 1687 2.3442
104 105 -0.33952
104 116 1.5156
104 248 -0.24025
104 1688 0.1782
105 106 -1.4833
105 117 0.59405
105 249 -1.46873
105 1689 -0.11226
106 107 0.51338
106 118 0.24255
106 250 0.11
106 1690 -0.14812
107 119 0.34502
107 251 0.44083
107 1691 1.01133
108 109 1.03373
108 119 -0.11579
108 120 -0.66476
108 252 0.93264
108 1692 0.01213
109 110 0.44094
109 121 0.72582
109 253 1.48129
109 1693 0.24542
110 111 -0.65128
110 122 -0.09089
110 254 -1.00788
110 1694 0.62444
111 112 2.24811
111 123 -0.88492
111 255 0.48555
111 1695 -1.53754
112 113 1.16441
112 124 1.38051
112 256 -2.02892
112 1696 1.05301
113 114 1.37955
113 125 -1.60836
113 257 0.66547
113 1697 -1.01958
114 115 0.16919
114 126 0.36817
114 258 -0.20178
114 1698 0.68014
115 116 -0.11165
115 127 -0.56883
115 259 -2.60112
115 1699 -0.62147
116 117 -0.43605
116 128 1.85849
116 260 -0.11845
116 1700 -1.66015
117 118 -1.19227
117 129 0.31892
117 261 1.69745
117 1701 0.5108
118 119 -0.53008
118 130 0.58401
118 262 0.0062
118 1702 0.33525
119 131 -1.13297
119 263 0.02585
119 1703 -1.08328
120 121 1.84799
120 131 1.79059
120 132 0.14432
120 264 -1.72951
120 1704 0.1804
121 122 -0.18385
121 133 -0.18925
121 265 0.1993
121 1705 -1.09262
122 123 0.09333
122 134 -0.28287
122 266 0.54627
122 1706 -0.64751
123 124 0.82624
123 135 -0.52026
123 267 0.45543
123 1707 2.09214
124 125 -0.91847
124 136 0.27539
124 268 -1.97709
124 1708 1.26493
125 126 0.15134
125 137 0.61398
125 269 -1.35282
125 1709 0.12549
126 127 0.2361
126 138 0.0802
126 270 -0.76321
126 1710 -1.5469
127 128 -0.17095
127 139 -0.2573
127 271 -0.17365
127 1711 -0.83045
128 129 0.4751
128 140 0.47655
128 272 0.14659
128 1712 0.89505
129 130 0.90004
129 141 0.41902
129 273 -1.82401
129 1713 0.5927
130 131 0.03599
130 142 -0.79727
130 274 -0.5941
130 1714 1.70343
131 143 -0.15957
131 275 -1.68798
131 1715 -1.61241
132 133 -1.10724
132 143 -0.24182
132 276 -0.49384
132 1716 0.60771
133 134 -0.12317
133 277 -0.43879
133 1717 -0.47725
134 135 -0.28521
134 278 0.06969
134 1718 0.60625
135 136 0.37611
135 279 -0.30904
135 1719 -1.14345
136 137 0.06339
136 280 0.28148
136 1720 0.60475
137 138 -1.28156
137 281 -0.68332
137 1721 -0.29929
138 139 -1.05871
138 282 1.39667
138 1722 -0.03904
139 140 1.56355
139 283 -0.65234
139 1723 1.41806
140 141 -1.0224
140 284 0.54571
140 1724 -2.28349
141 142 -0.05434
141 285 0.5024
141 1725 -0.17143
142 143 -0.64892
142 286 -0.07314
142 1726 0.20894
143 287 -0.84942
143 1727 -1.00647
144 145 0.7522
144 155 0.08947
144 156 -1.46285
144 276 0.26459
144 288 -0.01813
145 146 -0.7409
145 157 -0.48586
145 277 0.90973
145 289 1.37114
146 147 -0.17563
146 158 0.54321
146 278 -2.39083
146 290 0.33967
147 148 1.42854
147 159 1.18888
147 279 -2.11174
147 291 0.99766
148 149 -0.77043
148 160 -0.90565
148 280 0.72815
148 292 0.6181
149 150 0.4109
149 161 -0.54526
149 281 -0.58746
149 293 0.20859
150 151 1.2506
150 162 0.38996
150 282 0.02813
150 294 -0.35999
151 152 0.62139
151 163 -0.81464
151 283 0.79355
151 295 -0.57302
152 153 -0.20238
152 164 0.32738
152 284 1.18797
152 296 -0.17483
153 154 0.16535
153 165 1.24969
153 285 0.61363
153 297 0.97479
154 155 0.81735
154 166 2.13229
154 286 -0.90101
154 298 1.04046
155 167 -0.82187
155 287 -1.97487
155 299 -0.40013
156 157 -0.81084
156 167 0.36193
156 168 -0.32723
156 300 -0.10485
157 158 0.6088
157 169 0.80238
157 301 -1.42958
158 159 1.59106
158 170 1.59027
158 302 0.39794
159 160 1.10238
159 171 0.46018
159 303 1.21083
160 161 0.0218
160 172 -0.06933
160 304 0.09508
161 162 -0.48889
161 173 0.89098
161 305 0.86464
162 163 0.18809
162 174 2.02471
162 306 0.94585
163 164 0.27335
163 175 -0.81026
163 307 -0.19706
164 165 -0.14566
164 176 -1.41299
164 308 -0.96649
165 166 -0.47336
165 177 0.6855
165 309 0.88374
166 167 0.39583
166 178 -0.2415
166 310 0.03092
167 179 0.49766
167 311 0.53104
168 169 -0.70631
168 179 0.94476
168 180 1.286
168 312 -0.73506
169 170 -0.80533
169 181 -0.07942
169 313 1.88658
170 171 -1.31534
170 182 0.6038
170 314 0.11723
171 172 0.47285
171 183 -0.38426
171 315 0.11262
172 173 -0.31942
172 184 1.59856
172 316 -0.22878
173 174 -1.70331
173 185 0.14465
173 317 -0.24534
174 175 1.72869
174 186 0.37019
174 318 -2.85429
175 176 0.13599
175 187 0.89964
175 319 0.47044
176 177 1.28675
176 188 0.03663
176 320 0.52138
177 178 2.1155
177 189 1.23429
177 321 -3.11521
178 179 1.11503
178 190 -0.76501
178 322 -0.19884
179 191 1.0359
179 323 -0.00681
180 181 -0.91181
180 191 -1.70498
180 192 0.56518
180 324 -1.73113
181 182 -1.07781
181 193 -0.37645
181 325 -1.03985
182 183 2.22541
182 194 -1.54465
182 326 -0.74594
183 184 -1.07032
183 195 -1.157
183 327 -2.21914
184 185 -1.17883
184 196 0.23891
184 328 0.69183
185 186 0.29119
185 197 -1.00275
185 329 -1.00727
186 187 1.1637
186 198 -0.1511
186 330 -0.90773
187 188 1.36606
187 199 -0.20133
187 331 -0.71633
188 189 1.03508
188 200 0.00635
188 332 -1.53506
189 190 0.60698
189 201 -0.61791
189 333 0.68014
190 191 -0.75382
190 202 -1.80346
190 334 1.52379
191 203 -1.1727
191 335 0.8717
192 193 0.90841
192 203 0.79258
192 204 1.40348
192 336 0.21625
193 194 0.74421
193 205 -1.24527
193 337 2.46115
194 195 -0.17543
194 206 -0.03079
194 338 -0.21502
195 196 -1.77315
195 207 0.50704
195 339 1.30374
196 197 -0.99465
196 208 -0.24997
196 340 2.83882
197 198 -0.20524
197 209 1.05319
197 341 0.12356
198 199 0.78642
198 210 -0.87919
198 342 -1.38459
199 200 1.30736
199 211 -0.4308
199 343 -0.00829
200 201 -0.75396
200 212 -1.00575
200 344 1.23843
201 202 0.48701
201 213 1.08551
201 345 0.0583
202 203 -0.05887
202 214 -1.70019
202 346 1.23295
203 215 1.90658
203 347 0.52378
204 205 -1.55833
204 215 1.14703
204 216 1.71492
204 348 -0.77657
205 206 1.26904
205 217 -0.92348
205 349 1.12134
206 207 -2.39247
206 218 -0.41984
206 350 0.19033
207 208 -0.55031
207 219 1.50421
207 351 -0.2228
208 209 0.94332
208 220 -0.82782
208 352 0.92076
209 210 -1.25754
209 221 0.04736
209 353 0.24532
210 211 1.14615
210 222 1.06254
210 354 -1.29203
211 212 0.41833
211 223 -0.33977
211 355 -0.11794
212 213 -0.47279
212 224 0.14545
212 356 -0.7034
213 214 -1.56305
213 225 0.30887
213 357 1.9531
214 215 -0.7718
214 226 1.00001
214 358 0.05796
215 227 0.39039
215 359 0.26275
216 217 -1.44976
216 227 -1.10047
216 228 -0.0768
216 360 0.18041
217 218 -0.19429
217 229 -0.94941
217 361 -0.62853
218 219 -0.37137
218 230 1.20402
218 362 0.2547
219 220 0.12447
219 231 1.26807
219 363 -0.00411
220 221 -0.03351
220 232 0.07236
220 364 1.33915
221 222 0.1164
221 233 -0.24542
221 365 0.87132
222 223 -1.43148
222 234 1.32155
222 366 1.04988
223 224 -0.78633
223 235 -0.42406
223 367 0.19169
224 225 -0.02048
224 236 1.58375
224 368 -1.87914
225 226 0.22998
225 237 -0.67176
225 369 -1.02509
226 227 -0.50643
226 238 -0.30279
226 370 0.8472
227 239 -0.12697
227 371 2.16058
228 229 0.12122
228 239 -0.85733
228 240 0.22111
228 372 -2.65952
229 230 0.58247
229 241 0.17399
229 373 -0.03072
230 231 -0.38963
230 242 0.1893
230 374 -2.39648
231 232 -0.83213
231 243 -0.01292
231 375 -2.00122
232 233 0.19576
232 244 0.29687
232 376 0.50307
233 234 -0.22536
233 245 -0.95714
233 377 -0.19788
234 235 -0.20126
234 246 1.59144
234 378 0.44572
235 236 0.0387
235 247 -0.3055
235 379 -0.77853
236 237 0.44277
236 248 -0.7882
236 380 1.62657
237 238 -1.53008
237 249 1.09374
237 381 0.55004
238 239 -0.9686
238 250 -0.11711
238 382 -0.38444
239 251 -1.15425
239 383 -0.3074
240 241 -0.07567
240 251 -0.13196
240 252 1.86529
240 384 0.46759
241 242 0.20598
241 253 0.17201
241 385 0.88366
242 243 0.24688
242 254 -0.25639
242 386 -0.52666
243 244 0.80174
243 255 -0.10303
243 387 -1.34611
244 245 0.33716
244 256 -0.4974
244 388 0.00092
245 246 -0.45096
245 257 1.18408
245 389 -0.32183
246 247 1.92585
246 258 -2.06398
246 390 0.21895
247 248 -0.55889
247 259 -0.81445
247 391 0.35479
248 249 -1.09228
248 260 -1.12853
248 392 0.25081
249 250 -0.72585
249 261 0.62094
249 393 -0.00627
250 251 -1.04807
250 262 0.24477
250 394 0.03415
251 263 0.95192
251 395 1.86604
252 253 0.02867
252 263 -1.26981
252 264 -1.33327
252 396 1.85375
253 254 1.24388
253 265 -0.49818
253 397 -1.26083
254 255 -0.7266
254 266 1.10291
254 398 -1.32705
255 256 0.03699
255 267 -1.30999
255 399 0.94223
256 257 1.99243
256 268 0.83795
256 400 -0.3006
257 258 -0.48905
257 269 -1.15428
257 401 -1.02274
258 259 -0.24562
258 270 0.76462
258 402 0.47025
259 260 0.54375
259 271 -0.35842
259 403 1.15387
260 261 -0.78181
260 272 -0.80565
260 404 -0.84229
261 262 -0.66713
261 273 -0.42105
261 405 0.56661
262 263 0.33038
262 274 -0.41642
262 406 -0.98669
263 275 -0.25079
263 407 0.45916
264 265 2.44611
264 275 0.09102
264 276 -0.55896
264 408 -1.0096
265 266 -1.24411
265 277 2.13095
265 409 -0.4909
266 267 1.22821
266 278 0.13119
266 410 -1.73034
267 268 -0.02215
267 279 0.50125
267 411 0.57915
268 269 0.71567
268 280 -1.70057
268 412 0.79082
269 270 0.04064
269 281 1.63097
269 413 0.03541
270 271 1.36873
270 282 -0.6456
270 414 -0.42203
271 272 0.51976
271 283 1.20844
271 415 -1.66795
272 273 1.35182
272 284 1.45553
272 416 -0.46307
273 274 0.34057
273 285 -0.33543
273 417 1.02496
274 275 0.86169
274 286 -0.82951
274 418 0.81402
275 287 0.2912
275 419 1.0474
276 277 1.62065
276 287 0.98302
276 420 0.50721
277 278 -0.05218
277 421 0.02767
278 279 1.37331
278 422 -0.30179
279 280 0.08574
279 423 1.37292
280 281 0.13643
280 424 -0.09828
281 282 1.12435
281 425 -0.57606
282 283 -1.20458
282 426 0.35486
283 284 -0.90155
283 427 0.15808
284 285 0.06802
284 428 -1.76205
285 286 1.61181
285 429 0.85903
286 287 -0.73102
286 430 0.77121
287 431 0.58502
288 289 -0.20502
288 299 1.19091
288 300 -1.4545
288 420 0.33909
288 432 -1.30251
289 290 1.46154
289 301 2.33989
289 421 0.1733
289 433 0.13359
290 291 1.41973
290 302 -0.04829
290 422 -1.38951
290 434 -1.95387
291 292 -0.27015
291 303 1.0153
291 423 -0.50471
291 435 0.75061
292 293 0.14141
292 304 0.85994
292 424 -1.07607
292 436 2.13729
293 294 0.13282
293 305 0.03716
293 425 0.99954
293 437 2.1975
294 295 -2.46852
294 306 -0.36914
294 426 -0.48212
294 438 0.15539
295 296 0.22977
295 307 -1.67855
295 427 0.29445
295 439 -1.16606
296 297 -0.23375
296 308 -0.47475
296 428 0.76468
296 440 -0.77938
297 298 1.28845
297 309 0.21814
297 429 -0.19466
297 441 -0.37313
298 299 -1.94719
298 310 0.61891
298 430 1.28638
298 442 0.33611
299 311 -0.46394
299 431 -0.35616
299 443 0.03934
300 301 0.38079
300 311 -1.53406
300 312 -1.52453
300 444 2.04283
301 302 0.78234
301 313 0.14122
301 445 1.03087
302 303 -0.60782
302 314 -1.52686
302 446 1.02182
303 304 0.63339
303 315 -2.46258
303 447 0.92938
304 305 -1.9564
304 316 -0.77711
304 448 0.1584
305 306 0.67036
305 317 -0.40479
305 449 0.5686
306 307 -0.60252
306 318 1.33416
306 450 -0.37162
307 308 -0.28659
307 319 0.22184
307 451 -1.89686
308 309 -1.85101
308 320 0.39106
308 452 0.40642
309 310 1.12104
309 321 -1.35888
309 453 -3.05092
310 311 -0.36282
310 322 0.22978
310 454 0.23328
311 323 -0.8375
311 455 -0.11705
312 313 1.4699
312 323 1.26945
312 324 -0.32508
312 456 -0.14989
313 314 0.02706
313 325 1.31385
313 457 0.32339
314 315 -0.38549
314 326 -1.41086
314 458 -1.20702
315 316 0.14676
315 327 -0.35232
315 459 0.55752
316 317 1.81853
316 328 -0.88308
316 460 0.63826
317 318 0.37134
317 329 -0.4749
317 461 -0.35282
318 319 -0.38834
318 330 -2.82246
318 462 0.13158
319 320 -0.56549
319 331 0.37464
319 463 1.47284
320 321 0.31907
320 332 -1.53671
320 464 1.08833
321 322 -0.23348
321 333 -1.09972
321 465 0.96955
322 323 0.17498
322 334 -1.43626
322 466 0.2253
323 335 0.43011
323 467 0.27429
324 325 -0.15291
324 335 0.14062
324 336 0.33258
324 468 -0.83621
325 326 1.51042
325 337 0.75821
325 469 0.82715
326 327 -0.23521
326 338 1.89144
326 470 0.7009
327 328 -0.24745
327 339 -0.5432
327 471 0.68824
328 329 0.11961
328 340 -0.64626
328 472 0.36418
329 330 0.91836
329 341 -1.63849
329 473 0.8508
330 331 -0.10304
330 342 -1.6179
330 474 -0.02249
331 332 -1.21416
331 343 0.2327
331 475 0.7095
332 333 0.18398
332 344 0.28795
332 476 -0.8743
333 334 2.3706
333 345 -1.99229
333 477 0.49224
334 335 0.35632
334 346 -0.19245
334 478 1.4356
335 347 0.87649
335 479 -0.87035
336 337 -0.12049
336 347 1.01184
336 348 -0.64407
336 480 -0.09152
337 338 -0.98553
337 349 1.95972
337 481 -1.3045
338 339 0.97319
338 350 -0.37508
338 482 -1.36765
339 340 -0.32442
339 351 0.18183
339 483 -0.12121
340 341 0.82745
340 352 -0.75027
340 484 -0.56858
341 342 0.03844
341 353 -0.10456
341 485 1.08035
342 343 0.84447
342 354 1.99446
342 486 -0.55767
343 344 -0.12138
343 355 0.53048
343 487 0.02137
344 345 1.8568
344 356 0.52426
344 488 0.27313
345 346 0.69241
345 357 0.23183
345 489 -1.17054
346 347 0.96906
346 358 0.76218
346 490 -1.05518
347 359 1.05907
347 491 0.51442
348 349 -0.01798
348 359 -0.43471
348 360 0.06982
348 492 -0.44625
349 350 -0.38405
349 361 -1.04354
349 493 0.19301
350 351 -0.39656
350 362 -1.1279
350 494 0.69353
351 352 -0.41385
351 363 0.5517
351 495 -0.1523
352 353 0.78442
352 364 -1.16036
352 496 1.61728
353 354 1.11571
353 365 -1.9086
353 497 -0.36983
354 355 -0.1154
354 366 0.0306
354 498 2.22907
355 356 -2.12327
355 367 -0.0017
355 499 0.52363
356 357 -1.41171
356 368 -0.53051
356 500 0.93289
357 358 0.67088
357 369 0.49541
357 501 1.58612
358 359 -1.03285
358 370 -0.91525
358 502 -0.57572
359 371 -1.12911
359 503 0.47635
360 361 1.454
360 371 -0.27501
360 372 0.00158
360 504 0.34461
361 362 0.17396
361 373 1.8541
361 505 0.01952
362 363 -0.16291
362 374 1.77105
362 506 0.28256
363 364 -1.61041
363 375 0.49686
363 507 0.40052
364 365 0.36935
364 376 0.0169
364 508 -1.69001
365 366 0.09097
365 377 -1.54655
365 509 -1.25308
366 367 -1.80224
366 378 -0.56895
366 510 -0.93437
367 368 0.50526
367 379 0.74496
367 511 0.60534
368 369 -0.87324
368 380 0.62976
368 512 0.02406
369 370 -0.72421
369 381 -0.73834
369 513 -0.00246
370 371 -0.82581
370 382 -0.33203
370 514 0.28218
371 383 1.83008
371 515 2.57369
372 373 0.70332
372 383 0.44722
372 384 1.13541
372 516 0.0223
373 374 0.79511
373 385 0.13899
373 517 1.0096
374 375 0.4023
374 386 -0.11742
374 518 -0.54736
375 376 0.84093
375 387 0.62141
375 519 -0.54451
376 377 0.16297
376 388 -1.48601
376 520 -1.35619
377 378 -1.06329
377 389 0.4345
377 521 -0.11316
378 379 -0.28859
378 390 -1.56671
378 522 -0.41576
379 380 -0.13646
379 391 0.45729
379 523 0.54806
380 381 0.91811
380 392 -2.27355
380 524 0.19313
381 382 0.40514
381 393 -0.16392
381 525 1.08042
382 383 -0.55914
382 394 -1.69453
382 526 0.16159
383 395 -1.06045
383 527 -1.1287
384 385 -0.90466
384 395 1.56655
384 396 0.06648
384 528 -0.13449
385 386 0.78013
385 397 0.67306
385 529 0.00128
386 387 -1.10318
386 398 -1.26525
386 530 0.52711
387 388 1.08256
387 399 0.34838
387 531 0.25969
388 389 0.76669
388 400 1.39222
388 532 -0.25645
389 390 -0.13304
389 401 0.98142
389 533 0.48415
390 391 -1.4162
390 402 -0.87805
390 534 0.2708
391 392 -0.47488
391 403 0.31007
391 535 -1.47314
392 393 0.50979
392 404 0.66824
392 536 0.65647
393 394 -0.29798
393 405 -1.88844
393 537 -0.64191
394 395 -0.13012
394 406 0.08097
394 538 0.90585
395 407 0.46077
395 539 1.13011
396 397 0.71627
396 407 0.18325
396 408 -0.81477
396 540 0.42367
397 398 0.75981
397 409 -1.07547
397 541 -0.7927
398 399 -0.01964
398 410 -2.11142
398 542 0.81824
399 400 -0.32562
399 411 0.10391
399 543 0.22962
400 401 -0.95404
400 412 0.26056
400 544 0.20153
401 402 0.27577
401 413 -1.37298
401 545 -1.40022
402 403 -1.40757
402 414 -0.63566
402 546 -0.44597
403 404 2.11967
403 415 -0.4121
403 547 0.15992
404 405 -0.87251
404 416 1.1436
404 548 -0.86127
405 406 0.52712
405 417 -0.65123
405 549 -1.70307
406 407 -1.84122
406 418 -0.58383
406 550 0.041
407 419 -0.20781
407 551 1.33932
408 409 0.30486
408 419 0.08365
408 420 1.81007
408 552 -0.08712
409 410 0.01275
409 421 0.5362
409 553 -1.73432
410 411 0.63049
410 422 -1.15828
410 554 0.30819
411 412 0.46253
411 423 0.55356
411 555 0.27208
412 413 0.82581
412 424 1.26437
412 556 0.1752
413 414 -0.3293
413 425 -2.26643
413 557 -1.74868
414 415 -0.04348
414 426 -1.44271
414 558 0.18375
415 416 -0.95881
415 427 -0.20735
415 559 -1.39269
416 417 -0.33316
416 428 -0.5873
416 560 3.99201
417 418 -0.08276
417 429 0.96744
417 561 -0.5452
418 419 0.77809
418 430 -2.84531
418 562 0.44311
419 431 0.40571
419 563 1.55651
420 421 -0.13308
420 431 1.9606
420 564 1.01114
421 422 -0.77479
421 565 -0.5961
422 423 0.27153
422 566 -0.22721
423 424 0.50505
423 567 -1.0359
424 425 -1.27465
424 568 0.57381
425 426 0.79986
425 569 -0.09625
426 427 -0.73004
426 570 0.95418
427 428 -0.93014
427 571 1.37272
428 429 1.96318
428 572 -0.57786
429 430 -0.24186
429 573 -1.29743
430 431 2.14326
430 574 -1.31454
431 575 -0.87579
432 433 -0.22258
432 443 0.61761
432 444 -0.93359
432 564 0.17882
432 576 0.48831
433 434 1.5838
433 445 -0.31972
433 565 -0.94145
433 577 -0.36846
434 435 -1.16979
434 446 -0.93518
434 566 0.69853
434 578 -0.66241
435 436 -0.43378
435 447 -0.25732
435 567 0.6101
435 579 0.39706
436 437 -0.33091
436 448 2.11495
436 568 -0.49004
436 580 -0.57464
437 438 0.71309
437 449 1.56881
437 569 -0.99531
437 581 0.27751
438 439 1.38993
438 450 -0.73846
438 570 1.16321
438 582 -0.37163
439 440 1.18115
439 451 0.48687
439 571 -1.0334
439 583 -0.44389
440 441 -0.42876
440 452 -1.02819
440 572 0.06989
440 584 -0.46148
441 442 0.37116
441 453 2.234
441 573 -0.58015
441 585 1.49707
442 443 -1.65857
442 454 -0.1783
442 574 -0.97346
442 586 -1.35561
443 455 -1.60699
443 575 0.40499
443 587 1.26999
444 445 -0.14164
444 455 -0.34251
444 456 -0.418
444 588 0.30386
445 446 -0.46489
445 457 -0.35651
445 589 0.58898
446 447 -2.08557
446 458 -0.56303
446 590 -1.31362
447 448 0.08589
447 459 0.13006
447 591 0.49733
448 449 -0.1609
448 460 0.18082
448 592 0.5424
449 450 0.27052
449 461 -0.23785
449 593 -0.66794
450 451 0.11231
450 462 0.25316
450 594 -0.14986
451 452 0.82843
451 463 0.53387
451 595 0.47892
452 453 0.37366
452 464 -0.41145
452 596 0.38222
453 454 0.75918
453 465 -0.67673
453 597 0.62824
454 455 -0.33127
454 466 0.14275
454 598 -1.74769
455 467 -0.22295
455 599 0.10667
456 457 -1.06282
456 467 -1.04303
456 468 -1.19173
456 600 0.39649
457 458 0.75761
457 469 0.09469
457 601 -0.97616
458 459 -0.27294
458 470 0.43858
458 602 0.68963
459 460 -1.45188
459 471 -3.14061
459 603 0.26021
460 461 1.9341
460 472 -0.2604
460 604 0.56606
461 462 0.61312
461 473 0.9806
461 605 -1.11575
462 463 0.09227
462 474 -0.89779
462 606 -0.05929
463 464 -0.34145
463 475 0.86928
463 607 0.08678
464 465 0.49461
464 476 -0.46469
464 608 0.21034
465 466 -0.07623
465 477 -1.46305
465 609 -0.94086
466 467 0.49575
466 478 -0.77762
466 610 -0.10335
467 479 0.74508
467 611 -0.90702
468 469 1.09858
468 479 -0.15335
468 480 -0.56996
468 612 -0.70274
469 470 -0.47962
469 481 -0.32413
469 613 -1.04064
470 471 1.49605
470 482 -0.3848
470 614 1.42651
471 472 -0.7013
471 483 0.87563
471 615 0.28379
472 473 1.0166
472 484 -0.00709
472 616 0.26351
473 474 -0.67047
473 485 1.32727
473 617 -1.85813
474 475 2.42877
474 486 -1.66182
474 618 0.15217
475 476 -0.38899
475 487 0.68618
475 619 -1.82291
476 477 0.21893
476 488 0.40704
476 620 0.11734
477 478 -0.51094
477 489 -2.05834
477 621 2.08453
478 479 -0.19303
478 490 0.56231
478 622 0.50246
479 491 -0.05481
479 623 1.96621
480 481 -0.24012
480 491 -0.15435
480 492 -0.29402
480 624 -0.13362
481 482 -0.82343
481 493 -2.05818
481 625 0.02694
482 483 0.84875
482 494 0.21934
482 626 -0.47663
483 484 0.0764
483 495 -0.41844
483 627 -0.08508
484 485 1.62625
484 496 -0.53144
484 628 -0.32968
485 486 2.54066
485 497 1.4543
485 629 0.55212
486 487 0.72565
486 498 -0.03575
486 630 0.87643
487 488 0.66882
487 499 -0.28186
487 631 -0.28114
488 489 -0.2026
488 500 0.20845
488 632 0.61033
489 490 2.20347
489 501 -1.53644
489 633 1.4557
490 491 -0.19215
490 502 0.86819
490 634 0.24342
491 503 1.45264
491 635 0.40701
492 493 1.24912
492 503 -0.73162
492 504 1.64731
492 636 -0.77004
493 494 0.6452
493 505 1.2667
493 637 0.26382
494 495 0.12499
494 506 -0.35723
494 638 1.21218
495 496 1.56031
495 507 1.38159
495 639 -1.46721
496 497 -0.36847
496 508 0.08675
496 640 -0.63621
497 498 0.15001
497 509 -0.36361
497 641 0.02904
498 499 -0.87491
498 510 -0.75412
498 642 -0.63921
499 500 -0.29854
499 511 1.23357
499 643 1.63188
500 501 -1.79549
500 512 0.61903
500 644 -1.187
501 502 1.75127
501 513 -0.52555
501 645 -0.26351
502 503 -0.09095
502 514 0.87629
502 646 -0.77082
503 515 -0.23592
503 647 0.1332
504 505 -1.22129
504 515 0.69695
504 516 1.28874
504 648 -1.60517
505 506 -0.38541
505 517 0.63413
505 649 -0.43857
506 507 0.41927
506 518 1.16805
506 650 0.95252
507 508 1.10151
507 519 1.29256
507 651 0.33316
508 509 -1.34863
508 520 0.41971
508 652 -0.06043
509 510 -0.53757
509 521 0.55375
509 653 -0.45144
510 511 -0.27193
510 522 0.53213
510 654 0.31558
511 512 -0.00379
511 523 -0.5077
511 655 1.34416
512 513 -1.35323
512 524 -0.65086
512 656 0.14351
513 514 0.80827
513 525 1.5262
513 657 -1.45602
514 515 -0.09009
514 526 1.32381
514 658 -1.46022
515 527 -1.63809
515 659 -0.57947
516 517 -1.18763
516 527 -0.16802
516 528 0.38206
516 660 -0.67642
517 518 -0.37097
517 529 -0.94392
517 661 0.18013
518 519 -0.20218
518 530 1.13761
518 662 0.54998
519 520 -0.74305
519 531 0.41121
519 663 1.09244
520 521 -0.17892
520 532 0.28955
520 664 -0.40367
521 522 -0.1187
521 533 0.03003
521 665 0.06039
522 523 -0.60102
522 534 -0.68264
522 666 -0.20521
523 524 1.27255
523 535 -1.56315
523 667 -0.72375
524 525 1.20621
524 536 1.04114
524 668 0.92119
525 526 -1.65442
525 537 -0.52326
525 669 0.43805
526 527 0.77054
526 538 -1.17563
526 670 -0.24615
527 539 0.0765
527 671 0.36033
528 529 2.08661
528 539 -1.25427
528 540 0.20284
528 672 1.31212
529 530 -1.97311
529 541 0.14334
529 673 -0.14244
530 531 -1.52195
530 542 -0.42573
530 674 -1.16787
531 532 0.85952
531 543 0.04836
531 675 -2.26781
532 533 0.22458
532 544 -1.36947
532 676 0.54589
533 534 0.31673
533 545 0.21301
533 677 -0.40155
534 535 1.37865
534 546 0.36421
534 678 -0.79275
535 536 0.26228
535 547 0.95672
535 679 0.44288
536 537 0.20445
536 548 -0.05753
536 680 -0.81576
537 538 0.04376
537 549 0.1718
537 681 0.20253
538 539 0.80903
538 550 0.19442
538 682 0.62608
539 551 -1.22478
539 683 0.02145
540 541 0.30494
540 551 -0.0034
540 552 0.03292
540 684 0.67154
541 542 -0.17015
541 553 0.81937
541 685 1.58784
542 543 1.34807
542 554 1.51487
542 686 -0.04547
543 544 0.89081
543 555 -0.08781
543 687 -0.50844
544 545 -0.51276
544 556 0.41363
544 688 -0.56611
545 546 -0.11004
545 557 -0.66443
545 689 -0.41099
546 547 0.59678
546 558 1.0988
546 690 0.60309
547 548 0.46874
547 559 0.60945
547 691 0.13545
548 549 1.35432
548 560 -0.51984
548 692 1.34831
549 550 -1.04625
549 561 -0.54243
549 693 1.24397
550 551 -0.83839
550 562 -0.15549
550 694 -0.09674
551 563 0.51717
551 695 1.70397
552 553 -0.69807
552 563 -0.95114
552 564 0.07533
552 696 0.24256
553 554 -0.12546
553 565 0.09344
553 697 0.15839
554 555 0.97403
554 566 0.57077
554 698 -1.00257
555 556 0.54063
555 567 1.2914
555 699 -1.26408
556 557 -0.24599
556 568 0.32979
556 700 0.44149
557 558 1.00566
557 569 -0.58641
557 701 1.24902
558 559 1.13003
558 570 0.44662
558 702 0.60615
559 560 1.1641
559 571 1.29591
559 703 1.83079
560 561 0.22405
560 572 -0.89915
560 704 1.14059
561 562 -0.76408
561 573 0.03193
561 705 -0.99448
562 563 -1.80088
562 574 -0.37499
562 706 -0.35084
563 575 -0.64236
563 707 -0.21791
564 565 -2.15525
564 575 0.59728
564 708 -0.00871
565 566 -1.6129
565 709 -0.62433
566 567 0.1214
566 710 -0.05579
567 568 0.88101
567 711 -0.53665
568 569 -0.6135
568 712 0.23582
569 570 -0.53434
569 713 0.27414
570 571 0.19184
570 714 -0.54425
571 572 0.05769
571 715 0.62591
572 573 0.02049
572 716 1.22955
573 574 -0.68379
573 717 0.65226
574 575 -1.58938
574 718 1.1511
575 719 -0.77071
576 577 -0.59302
576 587 0.24759
576 588 1.50697
576 708 2.08371
576 720 -0.55665
577 578 0.3622
577 589 0.83783
577 709 1.44324
577 721 1.62301
578 579 0.26305
578 590 -0.64935
578 710 0.28717
578 722 0.29888
579 580 0.23726
579 591 -0.08258
579 711 -1.04264
579 723 -0.67588
580 581 -0.45063
580 592 -1.08957
580 712 0.26922
580 724 1.6015
581 582 -0.12326
581 593 -0.44976
581 713 -0.51472
581 725 1.43305
582 583 -0.49418
582 594 1.37526
582 714 -1.03204
582 726 -0.55253
583 584 -1.98039
583 595 -1.20426
583 715 -0.1112
583 727 0.24955
584 585 0.04913
584 596 -1.22864
584 716 1.77825
584 728 -1.04819
585 586 0.92364
585 597 -1.4349
585 717 0.40462
585 729 -0.41516
586 587 1.82592
586 598 1.87704
586 718 0.94942
586 730 -0.2992
587 599 0.0625
587 719 -0.10037
587 731 -0.16946
588 589 -0.17206
588 599 0.60649
588 600 -0.05141
588 732 1.60122
589 590 0.80416
589 601 1.31843
589 733 -0.63108
590 591 -0.59981
590 602 -1.51842
590 734 1.00851
591 592 0.23631
591 603 2.79549
591 735 -1.6102
592 593 -0.36116
592 604 -2.28091
592 736 -0.59471
593 594 0.06671
593 605 0.34124
593 737 0.97749
594 595 -1.75652
594 606 0.06814
594 738 1.07377
595 596 0.38495
595 607 -0.30117
595 739 -1.12718
596 597 -0.76419
596 608 0.83258
596 740 1.21726
597 598 0.66313
597 609 -0.40628
597 741 0.18631
598 599 0.54703
598 610 0.92849
598 742 0.62229
599 611 1.43937
599 743 0.40027
600 601 -0.71863
600 611 -1.70453
600 612 0.66667
600 744 -0.732
601 602 1.40176
601 613 0.10665
601 745 0.17598
602 603 -0.40713
602 614 -1.43276
602 746 0.14032
603 604 1.19954
603 615 -0.65679
603 747 -0.84745
604 605 -0.02936
604 616 -0.16633
604 748 0.65719
605 606 1.20236
605 617 1.62321
605 749 -1.04391
606 607 0.63469
606 618 -0.01695
606 750 0.67542
607 608 -1.11877
607 619 -1.27238
607 751 -0.33599
608 609 0.06248
608 620 0.84677
608 752 0.07426
609 610 -1.96911
609 621 -1.23311
609 753 -1.21895
610 611 0.57154
610 622 -0.24768
610 754 1.01203
611 623 -1.34464
611 755 1.54216
612 613 0.72417
612 623 -0.05338
612 624 0.66882
612 756 0.16565
613 614 0.92372
613 625 -0.99584
613 757 1.11528
614 615 -1.11206
614 626 0.04712
614 758 0.37832
615 616 1.21455
615 627 -0.79023
615 759 -0.41655
616 617 -0.41535
616 628 0.09724
616 760 0.21113
617 618 0.23763
617 629 -0.34749
617 761 0.24224
618 619 0.64951
618 630 1.29358
618 762 -1.35212
619 620 0.81274
619 631 -0.79871
619 763 0.12989
620 621 -0.85378
620 632 1.31797
620 764 0.85509
621 622 2.06305
621 633 1.04294
621 765 1.46374
622 623 0.36212
622 634 0.89739
622 766 0.02742
623 635 -0.06792
623 767 -0.12162
624 625 -0.98282
624 635 0.94872
624 636 0.08239
624 768 -1.07738
625 626 0.44146
625 637 0.9498
625 769 0.04943
626 627 0.85992
626 638 -0.99356
626 770 -0.67854
627 628 -0.00383
627 639 -0.52121
627 771 -0.58243
628 629 0.95264
628 640 -0.87341
628 772 -1.02519
629 630 0.40311
629 641 0.88084
629 773 -0.13524
630 631 -1.03146
630 642 0.59991
630 774 -1.22353
631 632 0.21254
631 643 0.20609
631 775 -0.35153
632 633 -0.43367
632 644 0.39073
632 776 -0.40422
633 634 -0.18699
633 645 0.0685
633 777 0.70701
634 635 0.85966
634 646 -0.30311
634 778 -1.03805
635 647 0.47457
635 779 -0.45702
636 637 -0.22459
636 647 -0.45431
636 648 -1.59191
636 780 0.21208
637 638 -1.47192
637 649 -0.43248
637 781 -0.19535
638 639 0.27307
638 650 -0.53881
638 782 0.25356
639 640 0.23602
639 651 1.5966
639 783 0.46432
640 641 -1.76083
640 652 2.82977
640 784 -0.2204
641 642 1.42301
641 653 -0.95657
641 785 0.39979
642 643 -0.19871
642 654 0.4271
642 786 0.30385
643 644 1.01371
643 655 0.28116
643 787 0.27758
644 645 0.0104
644 656 -0.4097
644 788 0.51238
645 646 -1.33789
645 657 0.37368
645 789 -1.26587
646 647 -0.76205
646 658 0.67976
646 790 -1.28411
647 659 -0.26175
647 791 1.18815
648 649 0.21263
648 659 -1.98273
648 660 -0.96431
648 792 -0.23281
649 650 -1.69085
649 661 0.76596
649 793 1.21795
650 651 1.42671
650 662 -0.39451
650 794 1.20043
651 652 -1.0787
651 663 -0.12594
651 795 0.40065
652 653 -0.72501
652 664 1.83913
652 796 -0.97423
653 654 0.56408
653 665 1.32999
653 797 -1.24738
654 655 1.36881
654 666 -0.31469
654 798 -0.95984
655 656 -0.10161
655 667 0.33937
655 799 -1.02989
656 657 -1.26383
656 668 -2.45501
656 800 -1.1929
657 658 2.97109
657 669 -0.22185
657 801 1.04664
658 659 0.11227
658 670 -2.64912
658 802 0.74787
659 671 1.67074
659 803 -0.17797
660 661 -1.29914
660 671 -0.2718
660 672 -0.38823
660 804 0.03877
661 662 -0.24925
661 673 0.61907
661 805 -1.76631
662 663 0.35016
662 674 -0.84007
662 806 1.23638
663 664 -0.56582
663 675 -0.16962
663 807 0.67808
664 665 0.5965
664 676 -0.68866
664 808 0.94818
665 666 -0.26594
665 677 -1.85156
665 809 0.55065
666 667 0.20116
666 678 0.30655
666 810 -0.47225
667 668 -0.19481
667 679 -0.25254
667 811 -0.47324
668 669 1.44285
668 680 -0.54452
668 812 -1.03205
669 670 0.44803
669 681 -1.35244
669 813 -1.15463
670 671 0.94506
670 682 0.70069
670 814 0.07004
671 683 -1.71582
671 815 0.26242
672 673 -0.28907
672 683 -0.35128
672 684 0.77334
672 816 -0.69431
673 674 -1.59759
673 685 -1.05981
673 817 -1.07294
674 675 -1.26853
674 686 0.0108
674 818 -0.90234
675 676 -0.6651
675 687 0.91455
675 819 -1.19846
676 677 2.06002
676 688 -1.11314
676 820 -0.24549
677 678 -0.39809
677 689 -2.25085
677 821 -0.84118
678 679 1.40786
678 690 1.68564
678 822 -0.20024
679 680 1.20888
679 691 -0.87907
679 823 -1.03373
680 681 -0.12734
680 692 -0.873
680 824 1.38917
681 682 -0.01936
681 693 -0.74434
681 825 -0.3118
682 683 -0.16414
682 694 0.0087
682 826 -0.09012
683 695 -0.94314
683 827 -2.04206
684 685 1.17321
684 695 -0.65332
684 696 -1.30621
684 828 -0.44282
685 686 -0.12803
685 697 1.53852
685 829 -0.57981
686 687 -1.14505
686 698 -0.161
686 830 1.97125
687 688 1.41173
687 699 0.61654
687 831 0.8732
688 689 -0.14377
688 700 -0.92547
688 832 -1.01937
689 690 0.85916
689 701 -0.96812
689 833 -0.6831
690 691 -0.07613
690 702 -1.44687
690 834 2.276
691 692 -2.50046
691 703 1.40577
691 835 -0.05721
692 693 -0.19068
692 704 -0.6395
692 836 0.06532
693 694 0.06367
693 705 0.22291
693 837 0.83546
694 695 -0.30483
694 706 0.39916
694 838 -0.92809
695 707 -0.18029
695 839 0.98216
696 697 0.79574
696 707 -0.21651
696 708 -1.24702
696 840 -2.34178
697 698 -0.20217
697 709 0.56526
697 841 1.58413
698 699 -0.60817
698 710 0.07574
698 842 0.33858
699 700 -0.63256
699 711 0.49311
699 843 1.70618
700 701 -0.45696
700 712 1.02371
700 844 -1.54265
701 702 0.19382
701 713 1.53827
701 845 -1.89784
702 703 0.89827
702 714 -0.70788
702 846 0.01398
703 704 0.07471
703 715 -0.53069
703 847 -0.43779
704 705 0.89397
704 716 -0.35437
704 848 0.80013
705 706 1.78868
705 717 -1.52747
705 849 0.78831
706 707 1.38689
706 718 -0.64979
706 850 -0.71936
707 719 -0.86301
707 851 -1.22907
708 709 0.33705
708 719 0.04819
708 852 0.46579
709 710 -0.42034
709 853 0.48497
710 711 0.39163
710 854 -0.71045
711 712 -1.60152
711 855 -0.58164
712 713 -1.51168
712 856 -0.22895
713 714 0.72947
713 857 0.86718
714 715 0.80445
714 858 -0.54027
715 716 -0.24579
715 859 -1.21931
716 717 0.65682
716 860 0.68738
717 718 1.60589
717 861 0.28019
718 719 0.93909
718 862 -0.47645
719 863 -1.89375
720 721 1.03189
720 731 -1.50556
720 732 -1.04896
720 852 -0.70807
720 864 -2.50172
721 722 -0.18867
721 733 2.37903
721 853 -1.08445
721 865 0.2879
722 723 0.91178
722 734 -0.46518
722 854 -2.2995
722 866 -2.48793
723 724 -0.24889
723 735 -0.6443
723 855 -0.87485
723 867 -1.50794
724 725 -0.00644
724 736 1.86764
724 856 1.89569
724 868 -1.14514
725 726 0.29484
725 737 -0.204
725 857 0.16284
725 869 -0.37354
726 727 -0.37459
726 738 -0.65489
726 858 -0.13755
726 870 -1.46585
727 728 0.95252
727 739 -0.54384
727 859 0.8943
727 871 -0.34189
728 729 -1.87055
728 740 0.209
728 860 -0.17107
728 872 -0.38971
729 730 0.81054
729 741 -0.80502
729 861 -0.48976
729 873 1.15077
730 731 -0.02719
730 742 -1.28873
730 862 -1.71025
730 874 0.69993
731 743 -1.92903
731 863 -0.58847
731 875 0.21941
732 733 0.98206
732 743 0.16316
732 744 1.11942
732 876 -0.01517
733 734 0.16469
733 745 -2.08825
733 877 -0.72635
734 735 0.56847
734 746 -1.75415
734 878 0.30941
735 736 -1.47468
735 747 -1.57445
735 879 -0.61678
736 737 -0.99667
736 748 1.12027
736 880 -1.44185
737 738 -0.90952
737 749 0.46381
737 881 -0.44258
738 739 -0.32139
738 750 -0.08431
738 882 0.16255
739 740 -0.63518
739 751 0.13794
739 883 -0.85265
740 741 0.79997
740 752 0.01696
740 884 1.49737
741 742 -0.22722
741 753 -1.02511
741 885 1.30251
742 743 -1.53456
742 754 1.62727
742 886 0.52564
743 755 1.13878
743 887 -0.38123
744 745 -0.519
744 755 -0.04929
744 756 0.66852
744 888 -0.01079
745 746 1.27523
745 757 -1.61184
745 889 0.80562
746 747 0.97672
746 758 0.0891
746 890 -0.04979
747 748 0.38184
747 759 -0.02795
747 891 -2.39791
748 749 -1.14797
748 760 -0.52685
748 892 0.43549
749 750 -1.2277
749 761 -0.27147
749 893 0.56106
750 751 0.41444
750 762 -0.66561
750 894 -0.27972
751 752 -2.55223
751 763 -1.13144
751 895 -0.52255
752 753 -1.67956
752 764 -0.46646
752 896 0.44677
753 754 -0.70025
753 765 0.77891
753 897 2.94517
754 755 -0.35182
754 766 2.36416
754 898 0.55089
755 767 -0.51534
755 899 -1.30301
756 757 0.37783
756 767 -1.06507
756 768 -1.04125
756 900 0.06448
757 758 0.50544
757 769 -0.68138
757 901 1.14274
758 759 -1.06924
758 770 -0.63198
758 902 0.8427
759 760 -0.07377
759 771 1.28578
759 903 -0.39251
760 761 -0.13491
760 772 -2.35296
760 904 -1.27365
761 762 1.12429
761 773 0.48285
761 905 0.42814
762 763 -0.21274
762 774 -0.37315
762 906 0.17088
763 764 -0.5539
763 775 1.85726
763 907 0.54487
764 765 0.36443
764 776 0.42802
764 908 -1.1188
765 766 -1.54958
765 777 0.65104
765 909 1.03474
766 767 2.17166
766 778 -1.13034
766 910 -1.46984
767 779 -1.61537
767 911 0.51953
768 769 0.33823
768 779 -0.32897
768 780 -1.29803
768 912 -0.20322
769 770 -0.36934
769 781 -0.14727
769 913 -0.02949
770 771 -0.2729
770 782 -0.81599
770 914 0.06586
771 772 1.57972
771 783 -1.06543
771 915 0.79747
772 773 0.14635
772 784 0.40312
772 916 -1.20147
773 774 0.95177
773 785 0.9607
773 917 0.21121
774 775 0.33608
774 786 0.79563
774 918 1.97154
775 776 -2.09971
775 787 -0.96366
775 919 0.03017
776 777 -1.99145
776 788 -1.19737
776 920 -0.43962
777 778 -0.43122
777 789 -1.24332
777 921 0.64167
778 779 -0.04996
778 790 -0.28955
778 922 1.7372
779 791 -0.0016
779 923 -0.48275
780 781 -0.54729
780 791 0.46798
780 792 -0.4938
780 924 1.04516
781 782 -0.01442
781 793 -1.28647
781 925 1.09392
782 783 0.93484
782 794 -1.5409
782 926 -0.69037
783 784 -1.08746
783 795 1.16184
783 927 2.4903
784 785 -1.31359
784 796 0.45524
784 928 0.39793
785 786 -0.53472
785 797 -0.35445
785 929 -2.72353
786 787 -2.23508
786 798 0.65521
786 930 -0.41144
787 788 0.69675
787 799 0.08227
787 931 0.03976
788 789 -0.11784
788 800 1.23992
788 932 -1.09675
789 790 -1.05051
789 801 -0.60917
789 933 0.33821
790 791 1.00729
790 802 -0.31615
790 934 -0.60698
791 803 2.19489
791 935 0.25437
792 793 -0.64005
792 803 -0.98308
792 804 -1.17115
792 936 -0.5837
793 794 -0.43057
793 805 1.03267
793 937 0.12782
794 795 0.56019
794 806 -0.52022
794 938 0.06557
795 796 0.77961
795 807 -0.19828
795 939 -0.70179
796 797 0.60984
796 808 -1.06708
796 940 -0.602
797 798 0.14931
797 809 0.11548
797 941 1.00067
798 799 2.29791
798 810 0.36232
798 942 -0.56704
799 800 1.36788
799 811 0.20345
799 943 0.30006
800 801 0.58986
800 812 0.35433
800 944 -0.87021
801 802 0.68937
801 813 0.29662
801 945 -0.84469
802 803 -0.03041
802 814 -0.70335
802 946 -0.49082
803 815 -0.63561
803 947 -0.51181
804 805 1.10885
804 815 -1.63494
804 816 0.3357
804 948 0.96013
805 806 -1.14788
805 817 0.6243
805 949 -0.08123
806 807 -0.13788
806 818 -0.99048
806 950 0.07956
807 808 0.08002
807 819 -0.1204
807 951 -0.89241
808 809 -0.67009
808 820 0.25565
808 952 0.25885
809 810 0.63026
809 821 0.31726
809 953 -0.1414
810 811 0.14433
810 822 -1.63436
810 954 0.00837
811 812 -0.3496
811 823 -2.23104
811 955 -2.46111
812 813 -2.40055
812 824 -0.50044
812 956 2.3547
813 814 -0.90283
813 825 -0.47039
813 957 -1.86148
814 815 0.62333
814 826 -0.82278
814 958 -0.38686
815 827 -0.34337
815 959 0.04686
816 817 -1.47675
816 827 0.52846
816 828 0.06764
816 960 -0.78803
817 818 1.07499
817 829 -0.75254
817 961 -0.34757
818 819 0.0292
818 830 0.92361
818 962 0.22408
819 820 0.61953
819 831 0.84573
819 963 -0.94761
820 821 1.10688
820 832 0.61958
820 964 0.68365
821 822 2.00578
821 833 -0.4873
821 965 0.18713
822 823 0.53011
822 834 0.308
822 966 -0.5389
823 824 0.65937
823 835 0.9805
823 967 0.73402
824 825 -1.06028
824 836 0.25514
824 968 -0.68605
825 826 1.13922
825 837 -1.31583
825 969 -0.85766
826 827 -0.0194
826 838 -0.20923
826 970 1.25503
827 839 -3.07059
827 971 1.31081
828 829 -1.60676
828 839 -0.99464
828 840 1.37321
828 972 1.0283
829 830 -1.14707
829 841 -0.15233
829 973 0.18634
830 831 -0.5024
830 842 -1.81192
830 974 0.52036
831 832 0.0413
831 843 0.36048
831 975 0.28504
832 833 -1.35898
832 844 0.09127
832 976 -0.88811
833 834 0.31418
833 845 0.63342
833 977 0.5626
834 835 0.47491
834 846 -1.09711
834 978 -1.02351
835 836 1.36078
835 847 -2.17717
835 979 0.65361
836 837 -1.94014
836 848 -0.28037
836 980 1.28994
837 838 0.54355
837 849 1.27619
837 981 0.21998
838 839 -0.1338
838 850 -1.13233
838 982 -0.87055
839 851 -1.25044
839 983 0.16751
840 841 -2.65585
840 851 1.32727
840 852 -0.94485
840 984 -0.74104
841 842 1.41479
841 853 -0.84351
841 985 0.14795
842 843 -0.10086
842 854 0.0423
842 986 0.81865
843 844 1.23334
843 855 -1.60272
843 987 0.15827
844 845 -0.24596
844 856 2.16346
844 988 1.52577
845 846 -0.77828
845 857 -0.64104
845 989 0.01918
846 847 -1.00671
846 858 0.2838
846 990 1.07133
847 848 0.66372
847 859 0.80649
847 991 0.0402
848 849 -0.72866
848 860 -0.11214
848 992 0.4284
849 850 0.68207
849 861 -0.76187
849 993 -0.70018
850 851 -0.39504
850 862 -1.70555
850 994 -0.12565
851 863 -0.42461
851 995 2.30412
852 853 -1.71439
852 863 1.82778
852 996 -0.94664
853 854 1.25788
853 997 0.19063
854 855 -0.22384
854 998 1.05335
855 856 -2.11451
855 999 1.69482
856 857 0.13862
856 1000 0.63788
857 858 -0.59295
857 1001 0.20733
858 859 0.86934
858 1002 0.08758
859 860 1.70017
859 1003 -0.36396
860 861 0.50268
860 1004 -0.15544
861 862 -1.35674
861 1005 -2.40425
862 863 -1.38685
862 1006 -1.30155
863 1007 0.6393
864 865 0.31577
864 875 -0.39297
864 876 -0.51874
864 996 -0.60124
864 1008 -1.63592
865 866 1.11748
865 877 -0.37925
865 997 1.72025
865 1009 0.30689
866 867 -0.88548
866 878 -0.35105
866 998 0.45875
866 1010 -1.14502
867 868 -0.30155
867 879 0.58765
867 999 0.84333
867 1011 0.43098
868 869 -2.01429
868 880 -0.05302
868 1000 -0.19334
868 1012 -0.03059
869 870 -0.49468
869 881 -0.32478
869 1001 -0.84293
869 1013 0.62289
870 871 0.17149
870 882 -0.33339
870 1002 -0.73574
870 1014 -0.18179
871 872 -0.93411
871 883 0.45247
871 1003 -0.34404
871 1015 -0.0998
872 873 -1.96121
872 884 -0.88946
872 1004 0.22125
872 1016 -0.2458
873 874 0.13353
873 885 -1.10664
873 1005 -1.75365
873 1017 0.17624
874 875 0.19279
874 886 0.20953
874 1006 -0.15102
874 1018 1.20142
875 887 -1.2416
875 1007 0.73474
875 1019 -1.15683
876 877 -0.27339
876 887 0.41744
876 888 0.67088
876 1020 -2.91059
877 878 -0.86541
877 889 1.27096
877 1021 -0.1539
878 879 -0.98124
878 890 -1.86668
878 1022 0.39255
879 880 0.56323
879 891 -1.07242
879 1023 0.81829
880 881 -0.1409
880 892 2.08281
880 1024 0.60523
881 882 -1.45125
881 893 -0.89686
881 1025 1.10794
882 883 0.23979
882 894 1.35701
882 1026 0.59526
883 884 -0.79149
883 895 1.88311
883 1027 -0.22371
884 885 -0.92067
884 896 -0.38356
884 1028 1.87101
885 886 -0.35244
885 897 1.12489
885 1029 0.17018
886 887 -0.90636
886 898 0.45913
886 1030 0.44248
887 899 0.75329
887 1031 -0.03473
888 889 1.53922
888 899 0.10184
888 900 0.35618
888 1032 -1.67961
889 890 -0.74917
889 901 0.68096
889 1033 -0.93048
890 891 -0.04946
890 902 1.25576
890 1034 -0.56454
891 892 -1.04778
891 903 1.22039
891 1035 0.12956
892 893 0.22895
892 904 1.30764
892 1036 -0.09598
893 894 0.31979
893 905 0.72269
893 1037 0.13707
894 895 -0.59282
894 906 -0.24039
894 1038 0.05829
895 896 -0.40886
895 907 -1.66645
895 1039 -0.26563
896 897 0.68063
896 908 0.7869
896 1040 0.14446
897 898 -0.34042
897 909 -0.66104
897 1041 0.94492
898 899 -0.23181
898 910 -2.329
898 1042 0.94695
899 911 -0.06013
899 1043 -0.86906
900 901 -0.09486
900 911 0.61365
900 912 1.20404
900 1044 -0.35046
901 902 -0.91032
901 913 1.18333
901 1045 -0.7606
902 903 2.33402
902 914 0.06695
902 1046 0.92379
903 904 -0.38177
903 915 -0.7107
903 1047 -0.42123
904 905 0.6845
904 916 0.00628
904 1048 1.32131
905 906 -0.6594
905 917 -0.59825
905 1049 1.08601
906 907 -0.58755
906 918 0.86505
906 1050 -0.31209
907 908 -1.3671
907 919 2.39618
907 1051 0.08706
908 909 -0.1142
908 920 -0.02174
908 1052 1.63082
909 910 -0.90379
909 921 1.34975
909 1053 -1.06284
910 911 -0.40362
910 922 -0.08725
910 1054 -0.14165
911 923 0.6537
911 1055 1.46811
912 913 0.85272
912 923 1.01871
912 924 -1.56485
912 1056 0.79644
913 914 0.67228
913 925 0.02856
913 1057 -0.16382
914 915 -0.47238
914 926 -0.20895
914 1058 0.90486
915 916 -1.02207
915 927 -0.41009
915 1059 1.401
916 917 -1.75608
916 928 0.80998
916 1060 -0.35
917 918 0.56905
917 929 -0.23819
917 1061 -1.66851
918 919 0.66505
918 930 2.10656
918 1062 -1.38835
919 920 2.54104
919 931 -1.79808
919 1063 0.57617
920 921 -0.1399
920 932 -0.68283
920 1064 0.53501
921 922 -0.25553
921 933 1.76388
921 1065 -1.2786
922 923 0.85184
922 934 0.95482
922 1066 1.14302
923 935 1.01138
923 1067 0.50653
924 925 0.5635
924 935 -2.02262
924 936 0.38322
924 1068 0.53912
925 926 1.02139
925 937 -1.43259
925 1069 -0.50733
926 927 0.40781
926 938 1.7394
926 1070 -0.46684
927 928 2.53103
927 939 -0.10181
927 1071 0.16753
928 929 0.70182
928 940 -0.39761
928 1072 1.23629
929 930 1.2297
929 941 0.80598
929 1073 0.36046
930 931 0.66873
930 942 1.12321
930 1074 -2.56583
931 932 -0.59216
931 943 0.26062
931 1075 0.43955
932 933 -2.36863
932 944 -0.82364
932 1076 0.51552
933 934 -0.68944
933 945 -0.84243
933 1077 0.66197
934 935 1.33883
934 946 0.04564
934 1078 2.928
935 947 -0.47708
935 1079 0.87098
936 937 -1.57633
936 947 1.02509
936 948 -0.55847
936 1080 1.52679
937 938 -0.78666
937 949 0.0869
937 1081 -1.29717
938 939 -0.39503
938 950 -0.17883
938 1082 -0.28926
939 940 -0.91158
939 951 -2.03893
939 1083 0.46151
940 941 -1.27522
940 952 -0.09204
940 1084 1.08781
941 942 0.67542
941 953 -0.06999
941 1085 -0.98159
942 943 1.81829
942 954 -2.10118
942 1086 -2.27573
943 944 -0.79064
943 955 -1.28443
943 1087 -0.17765
944 945 0.27023
944 956 -0.14747
944 1088 -0.91828
945 946 -0.26851
945 957 1.12896
945 1089 0.6121
946 947 1.85349
946 958 -0.90487
946 1090 -0.87731
947 959 -0.0022
947 1091 1.37885
948 949 -0.20488
948 959 0.94518
948 960 0.53627
948 1092 0.1098
949 950 0.1398
949 961 -1.95276
949 1093 -0.04029
950 951 0.7599
950 962 1.15196
950 1094 0.05999
951 952 -1.13049
951 963 0.67776
951 1095 1.81413
952 953 0.09292
952 964 0.52345
952 1096 0.88361
953 954 -0.67565
953 965 -0.73809
953 1097 -1.39232
954 955 -0.74614
954 966 -1.1315
954 1098 0.46436
955 956 -0.76317
955 967 0.23458
955 1099 0.62029
956 957 -0.2687
956 968 -0.28262
956 1100 -1.5756
957 958 1.21987
957 969 -0.51667
957 1101 0.15992
958 959 0.4314
958 970 0.4094
958 1102 -1.21662
959 971 1.73071
959 1103 1.32628
960 961 -0.52735
960 971 0.67992
960 972 0.96774
960 1104 0.35739
961 962 -0.57148
961 973 -1.09533
961 1105 -0.11784
962 963 -0.02415
962 974 -0.22233
962 1106 -0.11639
963 964 0.08996
963 975 0.51356
963 1107 1.44161
964 965 1.03926
964 976 1.36969
964 1108 1.37542
965 966 -0.03204
965 977 -0.63436
965 1109 0.64067
966 967 0.52275
966 978 0.14462
966 1110 -1.52929
967 968 -1.27407
967 979 0.06229
967 1111 -0.91046
968 969 2.04108
968 980 -0.35369
968 1112 1.8776
969 970 -1.83179
969 981 -0.93871
969 1113 -1.45047
970 971 2.20249
970 982 0.88589
970 1114 0.33387
971 983 2.59978
971 1115 1.23774
972 973 0.35879
972 983 0.5837
972 984 0.59092
972 1116 -0.39957
973 974 -0.78907
973 985 -0.59316
973 1117 0.79537
974 975 1.07564
974 986 -0.06996
974 1118 1.1648
975 976 0.00196
975 987 -0.17553
975 1119 0.79888
976 977 -0.56135
976 988 -0.4944
976 1120 -0.68849
977 978 0.04989
977 989 0.61104
977 1121 0.39034
978 979 0.3463
978 990 0.07297
978 1122 -0.91154
979 980 0.01902
979 991 0.40156
979 1123 -0.42331
980 981 0.01197
980 992 -0.37211
980 1124 -0.09008
981 982 1.45187
981 993 -1.29299
981 1125 -0.61179
982 983 0.66952
982 994 -1.83174
982 1126 0.8846
983 995 -1.68282
983 1127 0.76903
984 985 -1.00024
984 995 -0.46642
984 996 1.26359
984 1128 -0.58781
985 986 -1.19403
985 997 0.71174
985 1129 -1.62287
986 987 1.83721
986 998 -0.29672
986 1130 0.80621
987 988 -0.403
987 999 0.56665
987 1131 -0.09575
988 989 0.83365
988 1000 0.0875
988 1132 -1.32365
989 990 -1.01809
989 1001 -0.18366
989 1133 0.07988
990 991 0.23042
990 1002 -0.48668
990 1134 0.95409
991 992 0.39357
991 1003 -1.16218
991 1135 -0.39891
992 993 2.17179
992 1004 -0.13523
992 1136 -1.88269
993 994 -0.99361
993 1005 -1.58941
993 1137 0.12142
994 995 2.51394
994 1006 -1.55035
994 1138 0.14627
995 1007 -1.18859
995 1139 1.37751
996 997 1.33266
996 1007 1.13218
996 1140 -0.58765
997 998 -0.09418
997 1141 -0.01854
998 999 -0.45353
998 1142 -0.91782
999 1000 -1.141
999 1143 0.39412
1000 1001 -0.94343
1000 1144 0.1353
1001 1002 0.89601
1001 1145 -0.52418
1002 1003 0.00912
1002 1146 0.30277
1003 1004 0.09814
1003 1147 0.23123
1004 1005 -2.31581
1004 1148 -0.58356
1005 1006 0.85716
1005 1149 -0.62179
1006 1007 -0.27664
1006 1150 -0.99132
1007 1151 0.73856
1008 1009 2.07732
1008 1019 -0.5333
1008 1020 1.27287
1008 1140 1.22136
1008 1152 0.75819
1009 1010 -0.58838
1009 1021 -0.14899
1009 1141 0.66015
1009 1153 0.16372
1010 1011 -1.49955
1010 1022 -0.49571
1010 1142 0.28758
1010 1154 -0.60381
1011 1012 1.37312
1011 1023 -1.70302
1011 1143 -0.86608
1011 1155 0.71644
1012 1013 1.58634
1012 1024 0.13314
1012 1144 -1.85991
1012 1156 0.4075
1013 1014 1.11594
1013 1025 0.20813
1013 1145 -0.16899
1013 1157 -0.71841
1014 1015 -0.25188
1014 1026 -0.38165
1014 1146 -0.06795
1014 1158 0.3875
1015 1016 0.73012
1015 1027 -1.32502
1015 1147 0.10003
1015 1159 -0.73217
1016 1017 -0.29086
1016 1028 0.53241
1016 1148 0.46495
1016 1160 2.63927
1017 1018 -0.72532
1017 1029 0.42359
1017 1149 -1.24499
1017 1161 1.21333
1018 1019 0.83722
1018 1030 1.19159
1018 1150 -0.03956
1018 1162 -1.815
1019 1031 0.46186
1019 1151 0.5162
1019 1163 0.61891
1020 1021 0.18427
1020 1031 0.69334
1020 1032 -0.33994
1020 1164 2.44035
1021 1022 0.29925
1021 1033 1.29224
1021 1165 -0.24173
1022 1023 -0.14897
1022 1034 -0.29586
1022 1166 -0.54343
1023 1024 -0.47933
1023 1035 1.3635
1023 1167 0.40716
1024 1025 1.62435
1024 1036 0.09524
1024 1168 -0.29826
1025 1026 1.91067
1025 1037 0.88769
1025 1169 0.19085
1026 1027 -0.33717
1026 1038 -0.16205
1026 1170 -1.79633
1027 1028 -0.8909
1027 1039 0.68898
1027 1171 0.69077
1028 1029 -1.8129
1028 1040 1.15403
1028 1172 0.7696
1029 1030 1.82171
1029 1041 1.25726
1029 1173 -0.11327
1030 1031 -0.58311
1030 1042 0.17652
1030 1174 -0.92754
1031 1043 0.58383
1031 1175 0.9785
1032 1033 -1.58489
1032 1043 -1.52474
1032 1044 -0.19291
1032 1176 -0.22562
1033 1034 -1.09821
1033 1045 -1.2389
1033 1177 0.58516
1034 1035 2.20341
1034 1046 0.17551
1034 1178 -0.56308
1035 1036 0.76319
1035 1047 1.51167
1035 1179 2.72727
1036 1037 -0.61686
1036 1048 0.10602
1036 1180 -0.55362
1037 1038 -1.26984
1037 1049 2.62788
1037 1181 0.70674
1038 1039 1.35593
1038 1050 -0.86535
1038 1182 0.37038
1039 1040 -0.71741
1039 1051 -0.76184
1039 1183 -1.14587
1040 1041 0.15313
1040 1052 1.11866
1040 1184 -0.36561
1041 1042 -0.1607
1041 1053 0.60318
1041 1185 0.88565
1042 1043 1.1325
1042 1054 0.02271
1042 1186 -0.25929
1043 1055 -2.08392
1043 1187 -0.35003
1044 1045 -1.21958
1044 1055 -2.02776
1044 1056 0.64459
1044 1188 0.41296
1045 1046 -1.99141
1045 1057 -0.30715
1045 1189 1.61486
1046 1047 -0.01038
1046 1058 -0.62642
1046 1190 2.32093
1047 1048 0.23625
1047 1059 1.70537
1047 1191 0.52525
1048 1049 -0.87998
1048 1060 1.35132
1048 1192 0.81314
1049 1050 -1.53727
1049 1061 0.59413
1049 1193 -0.23857
1050 1051 1.02422
1050 1062 -0.10398
1050 1194 -0.88047
1051 1052 0.30297
1051 1063 -0.28443
1051 1195 0.51398
1052 1053 -1.03666
1052 1064 -0.54616
1052 1196 0.2805
1053 1054 1.6914
1053 1065 2.51893
1053 1197 1.31466
1054 1055 -0.60644
1054 1066 1.11963
1054 1198 -1.69539
1055 1067 -0.69886
1055 1199 0.74635
1056 1057 0.72157
1056 1067 0.78432
1056 1068 1.10775
1056 1200 -1.21481
1057 1058 -0.30904
1057 1069 -0.26786
1057 1201 0.2203
1058 1059 0.80983
1058 1070 -0.67988
1058 1202 0.65587
1059 1060 1.22423
1059 1071 0.27018
1059 1203 2.15811
1060 1061 2.33925
1060 1072 1.35474
1060 1204 -0.87998
1061 1062 0.2793
1061 1073 0.68946
1061 1205 0.02504
1062 1063 1.11058
1062 1074 -0.43205
1062 1206 -0.00174
1063 1064 1.43839
1063 1075 1.2692
1063 1207 1.53643
1064 1065 -0.55386
1064 1076 1.01806
1064 1208 -1.55913
1065 1066 0.4857
1065 1077 0.00156
1065 1209 -1.01039
1066 1067 -0.31486
1066 1078 2.0632
1066 1210 0.41223
1067 1079 -2.02375
1067 1211 -0.61512
1068 1069 -2.83474
1068 1079 -1.19262
1068 1080 0.4094
1068 1212 1.43003
1069 1070 0.84731
1069 1081 -1.58385
1069 1213 -0.0278
1070 1071 0.12462
1070 1082 -1.43016
1070 1214 -0.53721
1071 1072 0.95822
1071 1083 -1.23162
1071 1215 -0.24706
1072 1073 -0.00674
1072 1084 -0.31378
1072 1216 -0.13674
1073 1074 0.34412
1073 1085 0.43192
1073 1217 0.13082
1074 1075 0.98132
1074 1086 0.16169
1074 1218 0.93123
1075 1076 1.08936
1075 1087 -0.66349
1075 1219 0.08926
1076 1077 -0.26518
1076 1088 0.03604
1076 1220 0.2827
1077 1078 -2.37723
1077 1089 0.72942
1077 1221 -0.06688
1078 1079 -0.75356
1078 1090 -1.10692
1078 1222 -0.6967
1079 1091 1.12898
1079 1223 0.01994
1080 1081 1.57321
1080 1091 1.22422
1080 1092 -0.69064
1080 1224 0.90151
1081 1082 0.21689
1081 1093 -3.75839
1081 1225 0.99535
1082 1083 0.68668
1082 1094 0.80043
1082 1226 -1.27584
1083 1084 0.79266
1083 1095 0.16025
1083 1227 0.08674
1084 1085 -1.67771
1084 1096 -0.49066
1084 1228 -0.42605
1085 1086 0.1629
1085 1097 -1.36751
1085 1229 -1.74166
1086 1087 0.39696
1086 1098 2.44779
1086 1230 -0.51602
1087 1088 0.53942
1087 1099 0.32503
1087 1231 1.05179
1088 1089 0.98009
1088 1100 -0.96141
1088 1232 -0.19365
1089 1090 -0.26738
1089 1101 -0.14282
1089 1233 1.20406
1090 1091 1.68259
1090 1102 -0.74247
1090 1234 0.49381
1091 1103 -1.7699
1091 1235 -0.53873
1092 1093 0.36107
1092 1103 0.04937
1092 1104 0.72071
1092 1236 0.23303
1093 1094 -0.32141
1093 1105 -0.83241
1093 1237 -0.4434
1094 1095 0.47197
1094 1106 0.44914
1094 1238 -0.39054
1095 1096 -0.3909
1095 1107 0.57723
1095 1239 0.64987
1096 1097 1.19685
1096 1108 0.27146
1096 1240 -0.02879
1097 1098 -2.36246
1097 1109 -0.6023
1097 1241 -0.54483
1098 1099 1.1889
1098 1110 0.28205
1098 1242 -0.54941
1099 1100 -0.58767
1099 1111 0.43383
1099 1243 -2.40653
1100 1101 -0.91647
1100 1112 1.38352
1100 1244 -0.98422
1101 1102 -1.2799
1101 1113 -0.83387
1101 1245 0.2559
1102 1103 1.3636
1102 1114 2.48204
1102 1246 1.27488
1103 1115 -1.62987
1103 1247 0.78728
1104 1105 0.00145
1104 1115 1.03683
1104 1116 0.72538
1104 1248 0.33403
1105 1106 1.07562
1105 1117 1.40941
1105 1249 -0.24566
1106 1107 -0.36772
1106 1118 -0.42856
1106 1250 0.34413
1107 1108 0.02217
1107 1119 -0.12171
1107 1251 2.98405
1108 1109 -0.41141
1108 1120 1.06338
1108 1252 0.87346
1109 1110 -0.62065
1109 1121 2.31441
1109 1253 -0.31817
1110 1111 -1.98467
1110 1122 -0.11921
1110 1254 0.48898
1111 1112 -1.44458
1111 1123 -1.25155
1111 1255 -0.30293
1112 1113 0.06676
1112 1124 0.23028
1112 1256 0.94096
1113 1114 0.64741
1113 1125 0.67111
1113 1257 -1.69369
1114 1115 -0.85889
1114 1126 -1.56458
1114 1258 -1.31261
1115 1127 0.34365
1115 1259 -0.47951
1116 1117 -0.37132
1116 1127 -0.34351
1116 1128 -1.26684
1116 1260 0.24801
1117 1118 0.77836
1117 1129 -0.4371
1117 1261 0.6586
1118 1119 1.18237
1118 1130 1.16731
1118 1262 -0.04185
1119 1120 -0.72713
1119 1131 -0.16046
1119 1263 0.9621
1120 1121 -0.45876
1120 1132 -0.72065
1120 1264 -1.52484
1121 1122 -0.68678
1121 1133 0.71357
1121 1265 0.60073
1122 1123 -0.88259
1122 1134 0.09107
1122 1266 1.12857
1123 1124 0.02868
1123 1135 -1.59167
1123 1267 0.481
1124 1125 -0.02669
1124 1136 -0.22713
1124 1268 0.75789
1125 1126 -0.14671
1125 1137 0.021
1125 1269 0.39128
1126 1127 -0.97205
1126 1138 0.89973
1126 1270 0.41821
1127 1139 -0.48193
1127 1271 0.02107
1128 1129 1.42254
1128 1139 -1.1802
1128 1140 1.33623
1128 1272 1.16787
1129 1130 2.00405
1129 1141 1.40653
1129 1273 -0.7488
1130 1131 -1.22
1130 1142 -0.03762
1130 1274 0.65466
1131 1132 0.078
1131 1143 1.67521
1131 1275 -1.01329
1132 1133 -0.4263
1132 1144 -2.63775
1132 1276 -1.56441
1133 1134 1.55044
1133 1145 -0.75416
1133 1277 1.13806
1134 1135 -1.042
1134 1146 2.3355
1134 1278 0.58218
1135 1136 0.35138
1135 1147 0.09006
1135 1279 -0.42747
1136 1137 1.5694
1136 1148 0.51345
1136 1280 -0.44363
1137 1138 -3.61428
1137 1149 -0.83972
1137 1281 -0.4216
1138 1139 0.42817
1138 1150 -2.2475
1138 1282 1.75896
1139 1151 -1.09626
1139 1283 -1.49821
1140 1141 -0.65516
1140 1151 -0.28985
1140 1284 0.7284
1141 1142 -1.33523
1141 1285 0.69529
1142 1143 0.77035
1142 1286 0.12743
1143 1144 -1.02767
1143 1287 1.48745
1144 1145 0.49856
1144 1288 -0.3498
1145 1146 0.5407
1145 1289 0.8688
1146 1147 0.80004
1146 1290 0.69919
1147 1148 0.90413
1147 1291 -1.82505
1148 1149 -1.29656
1148 1292 0.37623
1149 1150 -0.05625
1149 1293 0.53315
1150 1151 -0.75065
1150 1294 -1.3468
1151 1295 -0.28364
1152 1153 -0.23315
1152 1163 -1.82515
1152 1164 0.39004
1152 1284 -2.08202
1152 1296 0.38924
1153 1154 -0.05726
1153 1165 0.87895
1153 1285 -0.29604
1153 1297 0.09766
1154 1155 1.23865
1154 1166 -1.10132
1154 1286 -0.11469
1154 1298 0.84578
1155 1156 0.95384
1155 1167 -0.8097
1155 1287 1.15799
1155 1299 0.47833
1156 1157 -2.28236
1156 1168 0.20411
1156 1288 0.56773
1156 1300 -0.63224
1157 1158 -0.9324
1157 1169 -0.38317
1157 1289 0.10718
1157 1301 0.03476
1158 1159 -0.13079
1158 1170 0.8259
1158 1290 0.56866
1158 1302 1.04525
1159 1160 1.60857
1159 1171 0.88355
1159 1291 0.32728
1159 1303 0.80036
1160 1161 0.1855
1160 1172 -0.07335
1160 1292 -0.89322
1160 1304 -0.42666
1161 1162 -0.39663
1161 1173 -1.16603
1161 1293 0.41745
1161 1305 -0.69663
1162 1163 -0.28967
1162 1174 0.13743
1162 1294 -0.79385
1162 1306 0.69695
1163 1175 0.01531
1163 1295 1.08549
1163 1307 0.94758
1164 1165 0.57462
1164 1175 1.14825
1164 1176 0.9334
1164 1308 -0.17571
1165 1166 2.08262
1165 1177 1.99094
1165 1309 1.69748
1166 1167 0.31131
1166 1178 -1.11913
1166 1310 -0.68405
1167 1168 -0.72024
1167 1179 -0.56049
1167 1311 -0.32027
1168 1169 -0.33884
1168 1180 -0.25994
1168 1312 -1.11822
1169 1170 -0.81593
1169 1181 -1.11715
1169 1313 0.68921
1170 1171 -0.54188
1170 1182 1.3983
1170 1314 0.66055
1171 1172 -0.28183
1171 1183 0.61833
1171 1315 -1.28472
1172 1173 2.16331
1172 1184 1.01944
1172 1316 -0.20586
1173 1174 0.27766
1173 1185 -0.51207
1173 1317 -0.94877
1174 1175 0.64105
1174 1186 -0.44872
1174 1318 -0.75201
1175 1187 0.1559
1175 1319 -1.59884
1176 1177 0.55258
1176 1187 0.72144
1176 1188 0.24954
1176 1320 -1.25424
1177 1178 0.54115
1177 1189 0.30975
1177 1321 0.8077
1178 1179 0.85199
1178 1190 -1.49303
1178 1322 -0.3646
1179 1180 -0.00338
1179 1191 -1.27493
1179 1323 0.9519
1180 1181 0.18363
1180 1192 -1.7421
1180 1324 -1.75271
1181 1182 1.81982
1181 1193 1.43804
1181 1325 0.19686
1182 1183 1.066
1182 1194 -0.09252
1182 1326 -0.58421
1183 1184 -0.89054
1183 1195 -1.05831
1183 1327 -0.08177
1184 1185 0.38889
1184 1196 1.02315
1184 1328 0.72877
1185 1186 0.52976
1185 1197 -0.09725
1185 1329 0.2994
1186 1187 -0.25063
1186 1198 0.63865
1186 1330 -0.5487
1187 1199 -0.23478
1187 1331 -0.47241
1188 1189 -0.45736
1188 1199 -0.36036
1188 1200 1.23311
1188 1332 0.7935
1189 1190 -0.42182
1189 1201 -0.70125
1189 1333 1.55654
1190 1191 0.45708
1190 1202 -0.06529
1190 1334 0.98426
1191 1192 0.28622
1191 1203 1.49189
1191 1335 -1.26134
1192 1193 1.55892
1192 1204 -0.57812
1192 1336 0.99526
1193 1194 0.11125
1193 1205 -0.09479
1193 1337 -1.73652
1194 1195 -0.4375
1194 1206 0.79179
1194 1338 -1.65471
1195 1196 -0.45594
1195 1207 0.13688
1195 1339 -1.0693
1196 1197 0.55939
1196 1208 -0.93354
1196 1340 1.22941
1197 1198 0.23385
1197 1209 0.35968
1197 1341 0.5979
1198 1199 -1.4889
1198 1210 2.11808
1198 1342 1.23782
1199 1211 0.96866
1199 1343 -1.77561
1200 1201 0.69485
1200 1211 -0.54986
1200 1212 -1.76415
1200 1344 0.59845
1201 1202 0.2914
1201 1213 0.672
1201 1345 -0.89477
1202 1203 0.63442
1202 1214 -2.01611
1202 1346 1.0647
1203 1204 -1.35026
1203 1215 -0.97432
1203 1347 -0.06301
1204 1205 -0.05147
1204 1216 -0.66072
1204 1348 -1.48369
1205 1206 0.50092
1205 1217 -0.48339
1205 1349 -1.31825
1206 1207 1.6546
1206 1218 -0.59901
1206 1350 -0.70177
1207 1208 1.12046
1207 1219 -0.32751
1207 1351 1.8281
1208 1209 -0.16644
1208 1220 0.33941
1208 1352 -1.21172
1209 1210 -0.12611
1209 1221 0.15069
1209 1353 0.87871
1210 1211 -0.53277
1210 1222 -0.11032
1210 1354 1.44495
1211 1223 0.35075
1211 1355 -0.50384
1212 1213 0.48482
1212 1223 -0.11782
1212 1224 0.11408
1212 1356 -0.29297
1213 1214 1.78652
1213 1225 -0.76119
1213 1357 -0.2815
1214 1215 -2.06329
1214 1226 -0.47079
1214 1358 -1.40546
1215 1216 0.9386
1215 1227 -0.7281
1215 1359 -0.11285
1216 1217 -1.15412
1216 1228 -0.92137
1216 1360 -1.30092
1217 1218 0.32718
1217 1229 -0.28542
1217 1361 -1.65603
1218 1219 0.75639
1218 1230 1.28834
1218 1362 0.22984
1219 1220 -1.25802
1219 1231 -0.21476
1219 1363 -0.92247
1220 1221 -0.659
1220 1232 1.01866
1220 1364 0.28364
1221 1222 -0.5108
1221 1233 1.62867
1221 1365 0.09822
1222 1223 -0.88636
1222 1234 1.35024
1222 1366 0.73166
1223 1235 -0.1786
1223 1367 -0.34879
1224 1225 -0.75401
1224 1235 -0.97085
1224 1236 -1.31798
1224 1368 0.41101
1225 1226 -0.28071
1225 1237 -0.00169
1225 1369 1.06498
1226 1227 -2.18374
1226 1238 -0.49548
1226 1370 -1.0764
1227 1228 1.04674
1227 1239 0.64464
1227 1371 -0.43026
1228 1229 -0.58212
1228 1240 0.68293
1228 1372 0.50122
1229 1230 -0.42975
1229 1241 -0.44013
1229 1373 -1.56771
1230 1231 0.32208
1230 1242 -1.31715
1230 1374 -1.29576
1231 1232 -0.01851
1231 1243 0.45406
1231 1375 -0.97349
1232 1233 -0.08013
1232 1244 -1.593
1232 1376 0.69849
1233 1234 -0.08755
1233 1245 -0.33716
1233 1377 -0.09814
1234 1235 -0.18555
1234 1246 -0.44413
1234 1378 1.93817
1235 1247 -0.59918
1235 1379 -1.63531
1236 1237 -0.76537
1236 1247 -1.97755
1236 1248 -0.24986
1236 1380 -0.97455
1237 1238 0.61715
1237 1249 1.20501
1237 1381 0.46579
1238 1239 -0.66873
1238 1250 -1.60384
1238 1382 0.81079
1239 1240 -0.13099
1239 1251 -0.49174
1239 1383 1.115
1240 1241 -1.35639
1240 1252 0.52306
1240 1384 0.13073
1241 1242 -1.93943
1241 1253 0.08064
1241 1385 -2.40912
1242 1243 0.11424
1242 1254 -0.63329
1242 1386 -0.6775
1243 1244 -1.50378
1243 1255 -1.20067
1243 1387 -1.29771
1244 1245 -1.43374
1244 1256 -0.07919
1244 1388 1.63051
1245 1246 -0.0329
1245 1257 0.31818
1245 1389 1.71982
1246 1247 -0.15428
1246 1258 -0.95711
1246 1390 -0.53227
1247 1259 1.38953
1247 1391 -0.30362
1248 1249 -0.39165
1248 1259 0.17602
1248 1260 1.17755
1248 1392 0.6109
1249 1250 0.87428
1249 1261 -0.03225
1249 1393 0.52906
1250 1251 -0.34509
1250 1262 1.12112
1250 1394 -0.08745
1251 1252 0.81401
1251 1263 0.18965
1251 1395 -0.18181
1252 1253 -0.33464
1252 1264 1.04269
1252 1396 0.05509
1253 1254 1.24427
1253 1265 0.91963
1253 1397 -0.25406
1254 1255 -0.62741
1254 1266 -1.46503
1254 1398 -0.28118
1255 1256 -0.98412
1255 1267 0.39666
1255 1399 0.15432
1256 1257 1.3311
1256 1268 -1.06919
1256 1400 -0.15225
1257 1258 1.11437
1257 1269 -0.62498
1257 1401 -1.17763
1258 1259 -0.36605
1258 1270 0.15311
1258 1402 -1.51385
1259 1271 -0.69616
1259 1403 -0.21326
1260 1261 0.3639
1260 1271 -0.09937
1260 1272 2.61058
1260 1404 -0.35969
1261 1262 -0.95299
1261 1273 -0.438
1261 1405 0.42808
1262 1263 -0.77701
1262 1274 -0.02533
1262 1406 -0.94402
1263 1264 0.07144
1263 1275 -1.78583
1263 1407 0.23235
1264 1265 -0.46026
1264 1276 0.07822
1264 1408 0.15234
1265 1266 -0.69543
1265 1277 0.45382
1265 1409 -1.05412
1266 1267 -2.23495
1266 1278 1.35076
1266 1410 0.34618
1267 1268 -0.36191
1267 1279 0.75546
1267 1411 -1.71638
1268 1269 -0.68742
1268 1280 0.25544
1268 1412 -0.28828
1269 1270 0.12667
1269 1281 0.61266
1269 1413 0.08594
1270 1271 0.65205
1270 1282 0.63487
1270 1414 -1.92545
1271 1283 -1.50029
1271 1415 -0.07165
1272 1273 -0.27631
1272 1283 -0.98053
1272 1284 1.52326
1272 1416 0.03675
1273 1274 -1.07308
1273 1285 1.13865
1273 1417 0.93282
1274 1275 1.0451
1274 1286 0.69311
1274 1418 0.51061
1275 1276 0.12999
1275 1287 0.82594
1275 1419 1.28523
1276 1277 3.53541
1276 1288 -0.5501
1276 1420 0.37747
1277 1278 0.64081
1277 1289 0.91228
1277 1421 1.35743
1278 1279 -0.24489
1278 1290 -0.22803
1278 1422 -0.25931
1279 1280 -0.24755
1279 1291 0.10551
1279 1423 0.88198
1280 1281 1.69392
1280 1292 0.07736
1280 1424 -1.12648
1281 1282 2.49268
1281 1293 -0.67685
1281 1425 -0.4298
1282 1283 -1.56452
1282 1294 1.16811
1282 1426 1.12553
1283 1295 1.06072
1283 1427 0.43071
1284 1285 -0.90305
1284 1295 -0.26434
1284 1428 0.5232
1285 1286 0.64632
1285 1429 0.97548
1286 1287 -1.38125
1286 1430 0.8861
1287 1288 -0.05643
1287 1431 0.06535
1288 1289 -0.03503
1288 1432 -1.67871
1289 1290 -0.27377
1289 1433 -0.16189
1290 1291 -1.8091
1290 1434 -0.4764
1291 1292 -0.10491
1291 1435 0.25766
1292 1293 1.46822
1292 1436 0.51053
1293 1294 -1.51231
1293 1437 0.03112
1294 1295 -0.38777
1294 1438 -0.84053
1295 1439 -1.39193
1296 1297 -0.14804
1296 1307 -1.83747
1296 1308 0.17508
1296 1428 -2.97324
1296 1440 -0.00836
1297 1298 -0.09029
1297 1309 0.46051
1297 1429 -1.02608
1297 1441 1.60477
1298 1299 -0.39088
1298 1310 0.47653
1298 1430 -2.55928
1298 1442 0.43396
1299 1300 0.77268
1299 1311 0.4836
1299 1431 0.57322
1299 1443 -0.2751
1300 1301 1.01027
1300 1312 1.4247
1300 1432 1.0501
1300 1444 -1.82825
1301 1302 -0.22492
1301 1313 -2.14152
1301 1433 -1.17421
1301 1445 -0.59502
1302 1303 -0.66445
1302 1314 -1.82333
1302 1434 -0.14087
1302 1446 1.30716
1303 1304 1.37429
1303 1315 -0.61215
1303 1435 -0.82693
1303 1447 -0.14233
1304 1305 0.94936
1304 1316 1.38631
1304 1436 0.64498
1304 1448 -1.13784
1305 1306 0.08025
1305 1317 1.0472
1305 1437 0.65207
1305 1449 -0.58383
1306 1307 -0.53741
1306 1318 0.25569
1306 1438 1.15165
1306 1450 1.46165
1307 1319 -0.57584
1307 1439 0.72332
1307 1451 1.8592
1308 1309 1.14344
1308 1319 1.27711
1308 1320 0.07101
1308 1452 1.53971
1309 1310 -1.15745
1309 1321 -0.08379
1309 1453 1.37546
1310 1311 0.43521
1310 1322 1.44962
1310 1454 -1.1118
1311 1312 0.5607
1311 1323 -0.31367
1311 1455 1.24852
1312 1313 0.1127
1312 1324 -0.55719
1312 1456 -0.71515
1313 1314 0.27816
1313 1325 0.23009
1313 1457 -1.25268
1314 1315 2.95278
1314 1326 -2.32871
1314 1458 -0.6484
1315 1316 -0.53206
1315 1327 -0.88559
1315 1459 -0.22782
1316 1317 1.0473
1316 1328 -0.96317
1316 1460 1.20556
1317 1318 0.8277
1317 1329 -1.2499
1317 1461 0.83094
1318 1319 -0.94535
1318 1330 -0.20422
1318 1462 0.98132
1319 1331 -0.0192
1319 1463 -0.18564
1320 1321 1.63781
1320 1331 0.52202
1320 1332 -1.50108
1320 1464 -0.24008
1321 1322 -0.21751
1321 1333 -0.52194
1321 1465 0.38767
1322 1323 0.03412
1322 1334 2.26758
1322 1466 0.5589
1323 1324 -1.77676
1323 1335 -0.25782
1323 1467 -0.71559
1324 1325 0.47388
1324 1336 1.01578
1324 1468 0.28005
1325 1326 -0.57523
1325 1337 0.83307
1325 1469 0.35189
1326 1327 -0.49681
1326 1338 -0.65148
1326 1470 -0.53472
1327 1328 0.13193
1327 1339 -0.05366
1327 1471 -0.1611
1328 1329 -2.02765
1328 1340 -1.32458
1328 1472 1.0397
1329 1330 -1.65592
1329 1341 0.84668
1329 1473 -0.94455
1330 1331 -1.49206
1330 1342 -1.36768
1330 1474 -1.36412
1331 1343 -1.37456
1331 1475 -0.08289
1332 1333 -0.08565
1332 1343 0.01575
1332 1344 -0.61708
1332 1476 -2.15718
1333 1334 -0.18797
1333 1345 1.48442
1333 1477 2.02458
1334 1335 -1.16931
1334 1346 1.27447
1334 1478 0.55523
1335 1336 -0.87758
1335 1347 0.31694
1335 1479 1.07777
1336 1337 -0.39985
1336 1348 0.74487
1336 1480 1.5233
1337 1338 0.89549
1337 1349 -1.72443
1337 1481 -1.80344
1338 1339 1.11145
1338 1350 0.06979
1338 1482 0.81365
1339 1340 1.85089
1339 1351 -0.26037
1339 1483 0.88538
1340 1341 1.19345
1340 1352 -0.73877
1340 1484 0.45217
1341 1342 -0.57587
1341 1353 0.06087
1341 1485 0.27585
1342 1343 -0.36256
1342 1354 2.61035
1342 1486 0.43485
1343 1355 1.36345
1343 1487 -0.48601
1344 1345 -0.63635
1344 1355 -0.4766
1344 1356 -0.53779
1344 1488 1.19624
1345 1346 0.12133
1345 1357 -2.01147
1345 1489 -1.87325
1346 1347 -0.83566
1346 1358 -0.01981
1346 1490 -0.69808
1347 1348 1.62613
1347 1359 -0.47602
1347 1491 0.62873
1348 1349 0.6709
1348 1360 -0.8506
1348 1492 1.10475
1349 1350 -3.01752
1349 1361 1.42701
1349 1493 0.95757
1350 1351 0.39915
1350 1362 0.03302
1350 1494 -0.83976
1351 1352 -0.39816
1351 1363 -2.04877
1351 1495 -0.28603
1352 1353 -0.83541
1352 1364 -0.36994
1352 1496 -2.00685
1353 1354 1.18307
1353 1365 -1.14537
1353 1497 0.835
1354 1355 0.47666
1354 1366 1.46795
1354 1498 1.94765
1355 1367 0.08332
1355 1499 -1.00964
1356 1357 0.50528
1356 1367 0.69747
1356 1368 0.39829
1356 1500 1.58694
1357 1358 0.72454
1357 1369 0.49358
1357 1501 2.1089
1358 1359 0.64708
1358 1370 0.63811
1358 1502 -0.69158
1359 1360 0.31724
1359 1371 -0.39398
1359 1503 0.73569
1360 1361 -0.73793
1360 1372 -0.27253
1360 1504 0.89801
1361 1362 0.22977
1361 1373 1.38253
1361 1505 -1.00469
1362 1363 0.39858
1362 1374 -0.54942
1362 1506 -0.35677
1363 1364 -1.55338
1363 1375 0.75208
1363 1507 1.01646
1364 1365 0.61961
1364 1376 -0.37053
1364 1508 0.42107
1365 1366 0.88679
1365 1377 -0.74803
1365 1509 1.9317
1366 1367 -1.51756
1366 1378 0.17804
1366 1510 0.78507
1367 1379 -0.32209
1367 1511 0.7687
1368 1369 0.92341
1368 1379 -1.11842
1368 1380 -0.19652
1368 1512 -0.29241
1369 1370 -1.12314
1369 1381 -0.37549
1369 1513 0.23377
1370 1371 0.45286
1370 1382 -0.81276
1370 1514 0.50114
1371 1372 0.05356
1371 1383 0.23878
1371 1515 -0.01269
1372 1373 1.11308
1372 1384 -1.0151
1372 1516 -0.00054
1373 1374 0.65675
1373 1385 -1.07929
1373 1517 -0.71277
1374 1375 0.36543
1374 1386 0.44096
1374 1518 -1.77026
1375 1376 0.49747
1375 1387 -0.9197
1375 1519 -0.36888
1376 1377 0.02954
1376 1388 0.30118
1376 1520 0.93545
1377 1378 -0.21578
1377 1389 0.26389
1377 1521 2.50647
1378 1379 -0.63826
1378 1390 -0.07219
1378 1522 0.66166
1379 1391 0.29431
1379 1523 1.4291
1380 1381 -0.38692
1380 1391 -1.32404
1380 1392 0.28161
1380 1524 1.52479
1381 1382 -1.05308
1381 1393 -0.17776
1381 1525 -0.44332
1382 1383 -0.76536
1382 1394 -0.70021
1382 1526 -1.56009
1383 1384 -1.78168
1383 1395 0.81592
1383 1527 -1.23628
1384 1385 -0.8892
1384 1396 0.43293
1384 1528 -0.8633
1385 1386 -1.39909
1385 1397 1.14373
1385 1529 0.27467
1386 1387 1.99018
1386 1398 -0.4634
1386 1530 -2.39249
1387 1388 1.98465
1387 1399 0.38402
1387 1531 -0.21528
1388 1389 -0.91114
1388 1400 1.26691
1388 1532 -0.26427
1389 1390 -0.14997
1389 1401 1.42832
1389 1533 0.35616
1390 1391 -0.31484
1390 1402 -1.20833
1390 1534 -0.29513
1391 1403 -0.19151
1391 1535 1.07301
1392 1393 -0.27905
1392 1403 1.75968
1392 1404 0.15574
1392 1536 1.04296
1393 1394 0.82222
1393 1405 1.34363
1393 1537 -3.04576
1394 1395 -0.39038
1394 1406 -0.1217
1394 1538 -0.17821
1395 1396 -1.83639
1395 1407 -1.16269
1395 1539 1.06496
1396 1397 0.98615
1396 1408 0.26195
1396 1540 0.75968
1397 1398 -0.76496
1397 1409 0.10138
1397 1541 1.77063
1398 1399 -0.79276
1398 1410 -0.39008
1398 1542 1.03057
1399 1400 2.27235
1399 1411 -0.0848
1399 1543 -0.72423
1400 1401 1.53287
1400 1412 -0.10309
1400 1544 0.20876
1401 1402 1.52228
1401 1413 -1.18042
1401 1545 -0.31007
1402 1403 0.95153
1402 1414 0.20027
1402 1546 0.19796
1403 1415 -1.26289
1403 1547 -0.94046
1404 1405 0.97842
1404 1415 -1.26761
1404 1416 -1.29306
1404 1548 -0.37014
1405 1406 -0.30133
1405 1417 0.06364
1405 1549 -0.99069
1406 1407 1.54773
1406 1418 -0.24861
1406 1550 0.19361
1407 1408 -1.13406
1407 1419 1.25003
1407 1551 -2.07536
1408 1409 -0.44033
1408 1420 -0.67148
1408 1552 0.02155
1409 1410 0.18555
1409 1421 -0.54173
1409 1553 0.5046
1410 1411 -1.89207
1410 1422 -0.13507
1410 1554 0.68832
1411 1412 0.41351
1411 1423 -0.54852
1411 1555 0.70867
1412 1413 -0.1329
1412 1424 -0.65196
1412 1556 1.51951
1413 1414 -0.72445
1413 1425 0.52449
1413 1557 -1.78593
1414 1415 0.88836
1414 1426 0.82409
1414 1558 -0.73142
1415 1427 -1.50668
1415 1559 -1.50335
1416 1417 0.67444
1416 1427 -0.88881
1416 1428 0.14537
1416 1560 0.35103
1417 1418 0.79983
1417 1429 0.77294
1417 1561 -0.58997
1418 1419 0.75235
1418 1430 0.219
1418 1562 0.42302
1419 1420 1.20412
1419 1431 -0.85191
1419 1563 0.37637
1420 1421 -0.01832
1420 1432 -0.20179
1420 1564 -0.42905
1421 1422 1.24934
1421 1433 1.55944
1421 1565 0.10303
1422 1423 0.9333
1422 1434 -0.44854
1422 1566 -0.32105
1423 1424 -1.13408
1423 1435 -0.49815
1423 1567 1.60604
1424 1425 0.03354
1424 1436 0.90429
1424 1568 -0.53382
1425 1426 0.25108
1425 1437 -0.21682
1425 1569 -0.22865
1426 1427 0.72488
1426 1438 0.86642
1426 1570 -0.85785
1427 1439 -0.1378
1427 1571 0.1367
1428 1429 0.70789
1428 1439 0.04337
1428 1572 -0.92191
1429 1430 -0.47021
1429 1573 1.27487
1430 1431 0.29443
1430 1574 0.80516
1431 1432 -0.63328
1431 1575 -0.06569
1432 1433 -1.87596
1432 1576 -2.41868
1433 1434 -1.79872
1433 1577 1.17868
1434 1435 1.08975
1434 1578 -0.05425
1435 1436 -1.51845
1435 1579 0.16373
1436 1437 0.80226
1436 1580 -0.19952
1437 1438 1.43827
1437 1581 0.47054
1438 1439 -0.12999
1438 1582 0.14068
1439 1583 0.92571
1440 1441 -1.70522
1440 1451 -0.26875
1440 1452 -0.62077
1440 1572 -0.01693
1440 1584 -2.25278
1441 1442 -0.43056
1441 1453 0.39436
1441 1573 0.47986
1441 1585 -0.83041
1442 1443 -0.42858
1442 1454 0.27361
1442 1574 -1.44869
1442 1586 0.15128
1443 1444 0.90332
1443 1455 -0.48994
1443 1575 0.36737
1443 1587 -0.9741
1444 1445 0.74447
1444 1456 0.40957
1444 1576 0.21169
1444 1588 0.16183
1445 1446 -0.30352
1445 1457 -1.20252
1445 1577 -0.18368
1445 1589 0.39194
1446 1447 -0.82432
1446 1458 -0.64212
1446 1578 0.34272
1446 1590 -0.25846
1447 1448 1.50942
1447 1459 0.61081
1447 1579 -0.36126
1447 1591 -1.06784
1448 1449 0.56344
1448 1460 0.00041
1448 1580 0.79333
1448 1592 0.52487
1449 1450 -1.90053
1449 1461 -1.07551
1449 1581 -0.35829
1449 1593 -0.69925
1450 1451 -0.94055
1450 1462 -0.20679
1450 1582 1.07916
1450 1594 1.0072
1451 1463 -1.34421
1451 1583 0.30642
1451 1595 0.3
1452 1453 -1.55001
1452 1463 -0.09287
1452 1464 -0.50224
1452 1596 -0.64944
1453 1454 -0.40738
1453 1465 -0.37885
1453 1597 1.09991
1454 1455 -0.93715
1454 1466 0.14877
1454 1598 1.54856
1455 1456 -0.0601
1455 1467 -0.31021
1455 1599 0.39227
1456 1457 0.4056
1456 1468 0.82529
1456 1600 -1.17674
1457 1458 0.15761
1457 1469 2.45087
1457 1601 0.91226
1458 1459 0.52311
1458 1470 -1.57972
1458 1602 -1.62331
1459 1460 -1.62766
1459 1471 0.43659
1459 1603 -0.96637
1460 1461 -1.64114
1460 1472 -1.09877
1460 1604 0.681
1461 1462 -0.49182
1461 1473 0.16056
1461 1605 -1.66764
1462 1463 0.44448
1462 1474 -1.18027
1462 1606 1.01256
1463 1475 -0.94955
1463 1607 0.80417
1464 1465 0.85064
1464 1475 -0.90516
1464 1476 0.06608
1464 1608 1.75902
1465 1466 1.65683
1465 1477 -2.39379
1465 1609 -0.09679
1466 1467 -0.63874
1466 1478 1.36003
1466 1610 -0.54029
1467 1468 0.54001
1467 1479 -0.43874
1467 1611 -0.28523
1468 1469 0.46364
1468 1480 1.05595
1468 1612 0.30289
1469 1470 0.16035
1469 1481 -0.78736
1469 1613 1.25595
1470 1471 -1.73592
1470 1482 -0.79684
1470 1614 1.99664
1471 1472 -0.1805
1471 1483 -0.82265
1471 1615 0.63288
1472 1473 -0.83119
1472 1484 -1.2187
1472 1616 -1.55037
1473 1474 -0.73427
1473 1485 -0.19527
1473 1617 2.89095
1474 1475 0.7346
1474 1486 -1.6879
1474 1618 1.60034
1475 1487 1.75021
1475 1619 -0.33867
1476 1477 -1.67011
1476 1487 -0.49009
1476 1488 -0.8009
1476 1620 -2.94931
1477 1478 -0.2692
1477 1489 0.38687
1477 1621 0.27505
1478 1479 -1.40779
1478 1490 1.39347
1478 1622 1.23338
1479 1480 0.07501
1479 1491 0.01366
1479 1623 -0.42492
1480 1481 0.6059
1480 1492 0.33543
1480 1624 0.11899
1481 1482 -0.48896
1481 1493 0.40134
1481 1625 -1.51005
1482 1483 0.3318
1482 1494 1.22412
1482 1626 1.84537
1483 1484 0.29323
1483 1495 -0.64006
1483 1627 1.86529
1484 1485 1.66621
1484 1496 0.43268
1484 1628 0.36262
1485 1486 -0.03602
1485 1497 -0.89851
1485 1629 0.65532
1486 1487 -0.43167
1486 1498 0.72419
1486 1630 -1.0514
1487 1499 -1.55115
1487 1631 0.2388
1488 1489 0.6262
1488 1499 -0.32368
1488 1500 -0.52486
1488 1632 0.40129
1489 1490 -1.08789
1489 1501 1.07933
1489 1633 -0.71393
1490 1491 -0.52396
1490 1502 -0.23839
1490 1634 0.29671
1491 1492 -0.38397
1491 1503 0.79998
1491 1635 -1.41256
1492 1493 -1.53383
1492 1504 -0.63928
1492 1636 -0.518
1493 1494 0.54999
1493 1505 -0.51887
1493 1637 -0.41688
1494 1495 -0.76795
1494 1506 -0.73025
1494 1638 -1.04122
1495 1496 -1.44542
1495 1507 0.65646
1495 1639 -1.87583
1496 1497 -2.90101
1496 1508 -0.71267
1496 1640 -3.19485
1497 1498 -0.96413
1497 1509 0.7427
1497 1641 -0.31611
1498 1499 0.08152
1498 1510 1.29947
1498 1642 -0.52411
1499 1511 -0.95141
1499 1643 -0.30981
1500 1501 0.48207
1500 1511 -0.23488
1500 1512 -1.20069
1500 1644 0.87186
1501 1502 1.28522
1501 1513 -1.42429
1501 1645 2.60133
1502 1503 -1.38399
1502 1514 1.28442
1502 1646 -0.98914
1503 1504 -0.19045
1503 1515 1.20444
1503 1647 0.57753
1504 1505 -0.22366
1504 1516 -0.7911
1504 1648 -1.3988
1505 1506 -0.64579
1505 1517 1.13295
1505 1649 -0.85623
1506 1507 1.96362
1506 1518 0.47608
1506 1650 -0.69986
1507 1508 -0.89532
1507 1519 -0.36563
1507 1651 -0.36784
1508 1509 0.86178
1508 1520 -0.72456
1508 1652 1.51187
1509 1510 0.16067
1509 1521 0.71072
1509 1653 -2.03872
1510 1511 -1.7931
1510 1522 0.51512
1510 1654 -0.99125
1511 1523 0.02657
1511 1655 -0.20217
1512 1513 1.47741
1512 1523 -1.26437
1512 1524 1.97911
1512 1656 -1.57867
1513 1514 0.77613
1513 1525 0.19012
1513 1657 -0.73251
1514 1515 0.27064
1514 1526 1.83272
1514 1658 0.54496
1515 1516 -0.10778
1515 1527 -0.79667
1515 1659 -0.89024
1516 1517 0.44884
1516 1528 1.81028
1516 1660 0.52955
1517 1518 -0.91545
1517 1529 0.86454
1517 1661 -1.28747
1518 1519 -0.43719
1518 1530 -0.23693
1518 1662 1.34714
1519 1520 -2.7513
1519 1531 1.20896
1519 1663 -1.32727
1520 1521 1.02813
1520 1532 -0.69232
1520 1664 -0.65551
1521 1522 -0.27883
1521 1533 0.30574
1521 1665 0.74803
1522 1523 1.47294
1522 1534 -0.53927
1522 1666 -1.07666
1523 1535 -0.70873
1523 1667 0.66714
1524 1525 1.29009
1524 1535 -0.16179
1524 1536 -0.05827
1524 1668 -0.22264
1525 1526 -1.6827
1525 1537 -0.66732
1525 1669 0.04864
1526 1527 0.82277
1526 1538 0.87393
1526 1670 1.01086
1527 1528 -1.15362
1527 1539 -0.02811
1527 1671 -0.21252
1528 1529 0.38433
1528 1540 -0.5368
1528 1672 1.3949
1529 1530 -1.57743
1529 1541 0.58188
1529 1673 -0.23504
1530 1531 -0.24464
1530 1542 1.03348
1530 1674 -0.51566
1531 1532 2.07658
1531 1543 -0.5438
1531 1675 0.16016
1532 1533 -2.60215
1532 1544 0.64211
1532 1676 0.33644
1533 1534 -1.55133
1533 1545 0.11622
1533 1677 0.0991
1534 1535 1.57719
1534 1546 -0.31844
1534 1678 0.88643
1535 1547 -0.09225
1535 1679 1.59779
1536 1537 1.15994
1536 1547 -0.34562
1536 1548 1.97613
1536 1680 1.56111
1537 1538 0.94269
1537 1549 -1.26526
1537 1681 -0.19261
1538 1539 -0.26974
1538 1550 -0.87173
1538 1682 -0.46864
1539 1540 0.57134
1539 1551 -1.01376
1539 1683 -1.02743
1540 1541 0.39659
1540 1552 -0.03883
1540 1684 -1.2896
1541 1542 -0.1056
1541 1553 0.03999
1541 1685 -1.74859
1542 1543 0.27462
1542 1554 -1.02379
1542 1686 -0.27246
1543 1544 0.44825
1543 1555 0.35303
1543 1687 1.53892
1544 1545 -0.0437
1544 1556 0.00874
1544 1688 -1.26561
1545 1546 0.53106
1545 1557 0.34413
1545 1689 0.94539
1546 1547 1.20468
1546 1558 1.36073
1546 1690 -1.11812
1547 1559 0.30032
1547 1691 -1.03878
1548 1549 -0.68082
1548 1559 -0.11006
1548 1560 -0.06356
1548 1692 0.24284
1549 1550 0.72929
1549 1561 -0.41023
1549 1693 -0.51626
1550 1551 -0.86383
1550 1562 1.60144
1550 1694 -0.13669
1551 1552 0.93207
1551 1563 1.67668
1551 1695 -0.44205
1552 1553 0.4881
1552 1564 -0.30217
1552 1696 -1.75031
1553 1554 -2.49422
1553 1565 -1.15207
1553 1697 0.91808
1554 1555 0.64499
1554 1566 0.74914
1554 1698 0.7732
1555 1556 -0.05997
1555 1567 0.51852
1555 1699 1.1514
1556 1557 0.95383
1556 1568 -0.02987
1556 1700 1.02727
1557 1558 0.11098
1557 1569 -0.6299
1557 1701 0.40328
1558 1559 -0.26311
1558 1570 -0.19768
1558 1702 0.56941
1559 1571 1.24504
1559 1703 0.26535
1560 1561 -0.40672
1560 1571 0.68612
1560 1572 -0.78212
1560 1704 -0.33028
1561 1562 0.25975
1561 1573 -0.16022
1561 1705 1.01042
1562 1563 -0.62966
1562 1574 -1.06545
1562 1706 -0.22022
1563 1564 -0.48007
1563 1575 -0.6483
1563 1707 -0.77418
1564 1565 -0.2354
1564 1576 -0.81159
1564 1708 -0.37196
1565 1566 -0.63381
1565 1577 -0.12194
1565 1709 -0.93512
1566 1567 -0.37407
1566 1578 0.66793
1566 1710 0.33219
1567 1568 0.09898
1567 1579 0.4497
1567 1711 -0.74439
1568 1569 -0.35745
1568 1580 -0.88308
1568 1712 -0.62941
1569 1570 -0.3553
1569 1581 1.38028
1569 1713 -0.47425
1570 1571 0.40235
1570 1582 -1.33923
1570 1714 0.58098
1571 1583 -0.27715
1571 1715 -1.22285
1572 1573 -1.14588
1572 1583 0.01807
1572 1716 -0.65172
1573 1574 0.07625
1573 1717 -0.82928
1574 1575 0.07548
1574 1718 -1.19429
1575 1576 0.44869
1575 1719 -0.39251
1576 1577 1.57498
1576 1720 -0.75254
1577 1578 0.84766
1577 1721 -0.25098
1578 1579 -2.02808
1578 1722 -2.36969
1579 1580 0.8422
1579 1723 0.08531
1580 1581 -0.60362
1580 1724 0.27614
1581 1582 0.50746
1581 1725 2.5572
1582 1583 0.86675
1582 1726 0.55058
1583 1727 0.01616
1584 1585 -1.22018
1584 1595 -0.72469
1584 1596 0.76303
1584 1716 0.96483
1585 1586 0.09802
1585 1597 1.43597
1585 1717 1.29659
1586 1587 0.68989
1586 1598 -0.84298
1586 1718 0.66476
1587 1588 -1.32357
1587 1599 0.10126
1587 1719 -0.02248
1588 1589 -0.39826
1588 1600 -0.25458
1588 1720 0.86446
1589 1590 0.69269
1589 1601 0.24517
1589 1721 0.37044
1590 1591 1.16293
1590 1602 -0.00586
1590 1722 -1.52766
1591 1592 0.2946
1591 1603 0.38319
1591 1723 0.65844
1592 1593 0.30082
1592 1604 -0.05489
1592 1724 -0.32299
1593 1594 0.70668
1593 1605 -0.75467
1593 1725 2.02727
1594 1595 -0.40211
1594 1606 -1.60694
1594 1726 0.1434
1595 1607 1.0878
1595 1727 -0.08903
1596 1597 -0.43394
1596 1607 0.71111
1596 1608 0.43759
1597 1598 -0.68384
1597 1609 1.61838
1598 1599 0.37642
1598 1610 1.45809
1599 1600 0.75969
1599 1611 1.30124
1600 1601 0.04046
1600 1612 2.33956
1601 1602 1.09537
1601 1613 1.94983
1602 1603 0.77069
1602 1614 -0.16606
1603 1604 -0.41224
1603 1615 0.12724
1604 1605 0.45722
1604 1616 -0.62357
1605 1606 1.52682
1605 1617 0.28699
1606 1607 0.58937
1606 1618 1.5714
1607 1619 1.55956
1608 1609 0.61608
1608 1619 1.32492
1608 1620 1.65074
1609 1610 -1.27788
1609 1621 0.98122
1610 1611 0.31136
1610 1622 -0.0742
1611 1612 0.39494
1611 1623 0.47769
1612 1613 0.34901
1612 1624 0.1671
1613 1614 -0.3083
1613 1625 -0.91022
1614 1615 2.0281
1614 1626 0.17038
1615 1616 0.67643
1615 1627 -0.53452
1616 1617 0.50638
1616 1628 0.85817
1617 1618 -1.76018
1617 1629 -0.6277
1618 1619 0.60955
1618 1630 0.19045
1619 1631 0.50795
1620 1621 -1.992
1620 1631 -0.59727
1620 1632 -1.299
1621 1622 -0.53023
1621 1633 1.69089
1622 1623 -0.73511
1622 1634 -0.02092
1623 1624 -0.78911
1623 1635 -0.79122
1624 1625 -2.34909
1624 1636 0.98538
1625 1626 1.16009
1625 1637 -0.1308
1626 1627 2.14306
1626 1638 0.13409
1627 1628 0.42027
1627 1639 -1.08535
1628 1629 -0.69991
1628 1640 -0.2659
1629 1630 -0.66157
1629 1641 -1.43848
1630 1631 -0.50059
1630 1642 1.10791
1631 1643 -1.39669
1632 1633 -0.77123
1632 1643 -1.22073
1632 1644 -0.18313
1633 1634 -0.00974
1633 1645 0.35124
1634 1635 -0.66125
1634 1646 0.1694
1635 1636 0.21423
1635 1647 -1.43701
1636 1637 -0.70952
1636 1648 0.66431
1637 1638 -0.68251
1637 1649 0.00158
1638 1639 -0.93905
1638 1650 -1.11152
1639 1640 1.41029
1639 1651 0.1087
1640 1641 -2.03274
1640 1652 -1.61244
1641 1642 -0.05062
1641 1653 -1.06149
1642 1643 -0.69312
1642 1654 0.06115
1643 1655 2.00186
1644 1645 -0.44894
1644 1655 -1.25729
1644 1656 -0.28282
1645 1646 0.87099
1645 1657 0.18353
1646 1647 0.27249
1646 1658 0.43922
1647 1648 -0.89758
1647 1659 -0.04308
1648 1649 -0.61305
1648 1660 1.40359
1649 1650 0.55899
1649 1661 0.20703
1650 1651 -0.06043
1650 1662 -0.89764
1651 1652 -0.64669
1651 1663 -0.23034
1652 1653 -1.9568
1652 1664 -0.19817
1653 1654 -0.65091
1653 1665 -1.60098
1654 1655 0.2256
1654 1666 -0.06556
1655 1667 -0.31778
1656 1657 1.67123
1656 1667 0.18339
1656 1668 -0.58826
1657 1658 -0.29935
1657 1669 0.84585
1658 1659 1.25471
1658 1670 1.1388
1659 1660 -1.5226
1659 1671 0.3357
1660 1661 0.98829
1660 1672 1.25721
1661 1662 0.92713
1661 1673 0.26914
1662 1663 -0.36605
1662 1674 -0.0087
1663 1664 -1.03762
1663 1675 -2.2488
1664 1665 0.08513
1664 1676 -0.09215
1665 1666 -0.08109
1665 1677 -0.03525
1666 1667 0.76025
1666 1678 0.21217
1667 1679 0.79481
1668 1669 0.02106
1668 1679 -0.07492
1668 1680 -0.42731
1669 1670 0.32876
1669 1681 -1.56883
1670 1671 1.67108
1670 1682 -0.59688
1671 1672 -1.34823
1671 1683 0.13559
1672 1673 2.26824
1672 1684 0.43455
1673 1674 0.49828
1673 1685 1.42209
1674 1675 -0.1274
1674 1686 1.00631
1675 1676 1.01807
1675 1687 -0.14766
1676 1677 -1.43254
1676 1688 -1.57127
1677 1678 0.96495
1677 1689 -1.06989
1678 1679 -0.94132
1678 1690 -0.30567
1679 1691 1.54036
1680 1681 0.52554
1680 1691 -0.89125
1680 1692 0.15035
1681 1682 1.34578
1681 1693 -1.48562
1682 1683 0.71808
1682 1694 -1.48275
1683 1684 -0.06753
1683 1695 -2.16209
1684 1685 0.93239
1684 1696 -0.56753
1685 1686 0.811
1685 1697 -1.20995
1686 1687 -0.70054
1686 1698 -0.74466
1687 1688 -0.53901
1687 1699 -0.22931
1688 1689 1.63765
1688 1700 0.07455
1689 1690 0.3709
1689 1701 1.33364
1690 1691 -2.27054
1690 1702 0.24345
1691 1703 1.68934
1692 1693 -0.07679
1692 1703 0.99192
1692 1704 0.94597
1693 1694 -1.28765
1693 1705 -0.64159
1694 1695 0.96147
1694 1706 -0.33264
1695 1696 -0.34107
1695 1707 0.67012
1696 1697 1.60387
1696 1708 1.31209
1697 1698 -0.89049
1697 1709 2.31637
1698 1699 -0.33107
1698 1710 -1.84879
1699 1700 -0.52878
1699 1711 0.35053
1700 1701 -0.02442
1700 1712 0.50464
1701 1702 0.06606
1701 1713 0.13452
1702 1703 0.22558
1702 1714 -1.23451
1703 1715 -0.89599
1704 1705 0.9975
1704 1715 0.38102
1704 1716 -1.74065
1705 1706 1.5974
1705 1717 -0.13116
1706 1707 -0.9708
1706 1718 -0.5631
1707 1708 1.37178
1707 1719 -0.71077
1708 1709 2.96876
1708 1720 0.13923
1709 1710 1.41354
1709 1721 0.01406
1710 1711 -0.73621
1710 1722 -0.24122
1711 1712 -1.49442
1711 1723 -0.51837
1712 1713 -1.39308
1712 1724 -0.7474
1713 1714 -1.49962
1713 1725 0.10361
1714 1715 -0.19192
1714 1726 -1.07263
1715 1727 0.89579
1716 1717 -0.88263
1716 1727 0.0074
1717 1718 0.50794
1718 1719 -0.44249
1719 1720 -0.87289
1720 1721 -1.54002
1721 1722 0.77952
1722 1723 -0.4737
1723 1724 0.67299
1724 1725 0.49202
1725 1726 0.83788
1726 1727 -2.15335
