# model=ea3d N=1728 meanJ=0 seed=603515518 distribution=gaussian field=0 num_fields=1728 num_couplings=5184
0 0
1 0
2 0
3 0
4 0
5 0
6 0
7 0
8 0
9 0
10 0
11 0
12 0
13 0
14 0
15 0
16 0
17 0
18 0
19 0
20 0
21 0
22 0
23 0
24 0
25 0
26 0
27 0
28 0
29 0
30 0
31 0
32 0
33 0
34 0
35 0
36 0
37 0
38 0
39 0
40 0
41 0
42 0
43 0
44 0
45 0
46 0
47 0
48 0
49 0
50 0
51 0
52 0
53 0
54 0
55 0
56 0
57 0
58 0
59 0
60 0
61 0
62 0
63 0
64 0
65 0
66 0
67 0
68 0
69 0
70 0
71 0
72 0
73 0
74 0
75 0
76 0
77 0
78 0
79 0
80 0
81 0
82 0
83 0
84 0
85 0
86 0
87 0
88 0
89 0
90 0
91 0
92 0
93 0
94 0
95 0
96 0
97 0
98 0
99 0
100 0
101 0
102 0
103 0
104 0
105 0
106 0
107 0
108 0
109 0
110 0
111 0
112 0
113 0
114 0
115 0
116 0
117 0
118 0
119 0
120 0
121 0
122 0
123 0
124 0
125 0
126 0
127 0
128 0
129 0
130 0
131 0
132 0
133 0
134 0
135 0
136 0
137 0
138 0
139 0
140 0
141 0
142 0
143 0
144 0
145 0
146 0
147 0
148 0
149 0
150 0
151 0
152 0
153 0
154 0
155 0
156 0
157 0
158 0
159 0
160 0
161 0
162 0
163 0
164 0
165 0
166 0
167 0
168 0
169 0
170 0
171 0
172 0
173 0
174 0
175 0
176 0
177 0
178 0
179 0
180 0
181 0
182 0
183 0
184 0
185 0
186 0
187 0
188 0
189 0
190 0
191 0
192 0
193 0
194 0
195 0
196 0
197 0
198 0
199 0
200 0
201 0
202 0
203 0
204 0
205 0
206 0
207 0
208 0
209 0
210 0
211 0
212 0
213 0
214 0
215 0
216 0
217 0
218 0
219 0
220 0
221 0
222 0
223 0
224 0
225 0
226 0
227 0
228 0
229 0
230 0
231 0
232 0
233 0
234 0
235 0
236 0
237 0
238 0
239 0
240 0
241 0
242 0
243 0
244 0
245 0
246 0
247 0
248 0
249 0
250 0
251 0
252 0
253 0
254 0
255 0
256 0
257 0
258 0
259 0
260 0
261 0
262 0
263 0
264 0
265 0
266 0
267 0
268 0
269 0
270 0
271 0
272 0
273 0
274 0
275 0
276 0
277 0
278 0
279 0
280 0
281 0
282 0
283 0
284 0
285 0
286 0
287 0
288 0
289 0
290 0
291 0
292 0
293 0
294 0
295 0
296 0
297 0
298 0
299 0
300 0
301 0
302 0
303 0
304 0
305 0
306 0
307 0
308 0
309 0
310 0
311 0
312 0
313 0
314 0
315 0
316 0
317 0
318 0
319 0
320 0
321 0
322 0
323 0
324 0
325 0
326 0
327 0
328 0
329 0
330 0
331 0
332 0
333 0
334 0
335 0
336 0
337 0
338 0
339 0
340 0
341 0
342 0
343 0
344 0
345 0
346 0
347 0
348 0
349 0
350 0
351 0
352 0
353 0
354 0
355 0
356 0
357 0
358 0
359 0
360 0
361 0
362 0
363 0
364 0
365 0
366 0
367 0
368 0
369 0
370 0
371 0
372 0
373 0
374 0
375 0
376 0
377 0
378 0
379 0
380 0
381 0
382 0
383 0
384 0
385 0
386 0
387 0
388 0
389 0
390 0
391 0
392 0
393 0
394 0
395 0
396 0
397 0
398 0
399 0
400 0
401 0
402 0
403 0
404 0
405 0
406 0
407 0
408 0
409 0
410 0
411 0
412 0
413 0
414 0
415 0
416 0
417 0
418 0
419 0
420 0
421 0
422 0
423 0
424 0
425 0
426 0
427 0
428 0
429 0
430 0
431 0
432 0
433 0
434 0
435 0
436 0
437 0
438 0
439 0
440 0
441 0
442 0
443 0
444 0
445 0
446 0
447 0
448 0
449 0
450 0
451 0
452 0
453 0
454 0
455 0
456 0
457 0
458 0
459 0
460 0
461 0
462 0
463 0
464 0
465 0
466 0
467 0
468 0
469 0
470 0
471 0
472 0
473 0
474 0
475 0
476 0
477 0
478 0
479 0
480 0
481 0
482 0
483 0
484 0
485 0
486 0
487 0
488 0
489 0
490 0
491 0
492 0
493 0
494 0
495 0
496 0
497 0
498 0
499 0
500 0
501 0
502 0
503 0
504 0
505 0
506 0
507 0
508 0
509 0
510 0
511 0
512 0
513 0
514 0
515 0
516 0
517 0
518 0
519 0
520 0
521 0
522 0
523 0
524 0
525 0
526 0
527 0
528 0
529 0
530 0
531 0
532 0
533 0
534 0
535 0
536 0
537 0
538 0
539 0
540 0
541 0
542 0
543 0
544 0
545 0
546 0
547 0
548 0
549 0
550 0
551 0
552 0
553 0
554 0
555 0
556 0
557 0
558 0
559 0
560 0
561 0
562 0
563 0
564 0
565 0
566 0
567 0
568 0
569 0
570 0
571 0
572 0
573 0
574 0
575 0
576 0
577 0
578 0
579 0
580 0
581 0
582 0
583 0
584 0
585 0
586 0
587 0
588 0
589 0
590 0
591 0
592 0
593 0
594 0
595 0
596 0
597 0
598 0
599 0
600 0
601 0
602 0
603 0
604 0
605 0
606 0
607 0
608 0
609 0
610 0
611 0
612 0
613 0
614 0
615 0
616 0
617 0
618 0
619 0
620 0
621 0
622 0
623 0
624 0
625 0
626 0
627 0
628 0
629 0
630 0
631 0
632 0
633 0
634 0
635 0
636 0
637 0
638 0
639 0
640 0
641 0
642 0
643 0
644 0
645 0
646 0
647 0
648 0
649 0
650 0
651 0
652 0
653 0
654 0
655 0
656 0
657 0
658 0
659 0
660 0
661 0
662 0
663 0
664 0
665 0
666 0
667 0
668 0
669 0
670 0
671 0
672 0
673 0
674 0
675 0
676 0
677 0
678 0
679 0
680 0
681 0
682 0
683 0
684 0
685 0
686 0
687 0
688 0
689 0
690 0
691 0
692 0
693 0
694 0
695 0
696 0
697 0
698 0
699 0
700 0
701 0
702 0
703 0
704 0
705 0
706 0
707 0
708 0
709 0
710 0
711 0
712 0
713 0
714 0
715 0
716 0
717 0
718 0
719 0
720 0
721 0
722 0
723 0
724 0
725 0
726 0
727 0
728 0
729 0
730 0
731 0
732 0
733 0
734 0
735 0
736 0
737 0
738 0
739 0
740 0
741 0
742 0
743 0
744 0
745 0
746 0
747 0
748 0
749 0
750 0
751 0
752 0
753 0
754 0
755 0
756 0
757 0
758 0
759 0
760 0
761 0
762 0
763 0
764 0
765 0
766 0
767 0
768 0
769 0
770 0
771 0
772 0
773 0
774 0
775 0
776 0
777 0
778 0
779 0
780 0
781 0
782 0
783 0
784 0
785 0
786 0
787 0
788 0
789 0
790 0
791 0
792 0
793 0
794 0
795 0
796 0
797 0
798 0
799 0
800 0
801 0
802 0
803 0
804 0
805 0
806 0
807 0
808 0
809 0
810 0
811 0
812 0
813 0
814 0
815 0
816 0
817 0
818 0
819 0
820 0
821 0
822 0
823 0
824 0
825 0
826 0
827 0
828 0
829 0
830 0
831 0
832 0
833 0
834 0
835 0
836 0
837 0
838 0
839 0
840 0
841 0
842 0
843 0
844 0
845 0
846 0
847 0
848 0
849 0
850 0
851 0
852 0
853 0
854 0
855 0
856 0
857 0
858 0
859 0
860 0
861 0
862 0
863 0
864 0
865 0
866 0
867 0
868 0
869 0
870 0
871 0
872 0
873 0
874 0
875 0
876 0
877 0
878 0
879 0
880 0
881 0
882 0
883 0
884 0
885 0
886 0
887 0
888 0
889 0
890 0
891 0
892 0
893 0
894 0
895 0
896 0
897 0
898 0
899 0
900 0
901 0
902 0
903 0
904 0
905 0
906 0
907 0
908 0
909 0
910 0
911 0
912 0
913 0
914 0
915 0
916 0
917 0
918 0
919 0
920 0
921 0
922 0
923 0
924 0
925 0
926 0
927 0
928 0
929 0
930 0
931 0
932 0
933 0
934 0
935 0
936 0
937 0
938 0
939 0
940 0
941 0
942 0
943 0
944 0
945 0
946 0
947 0
948 0
949 0
950 0
951 0
952 0
953 0
954 0
955 0
956 0
957 0
958 0
959 0
960 0
961 0
962 0
963 0
964 0
965 0
966 0
967 0
968 0
969 0
970 0
971 0
972 0
973 0
974 0
975 0
976 0
977 0
978 0
979 0
980 0
981 0
982 0
983 0
984 0
985 0
986 0
987 0
988 0
989 0
990 0
991 0
992 0
993 0
994 0
995 0
996 0
997 0
998 0
999 0
1000 0
1001 0
1002 0
1003 0
1004 0
1005 0
1006 0
1007 0
1008 0
1009 0
1010 0
1011 0
1012 0
1013 0
1014 0
1015 0
1016 0
1017 0
1018 0
1019 0
1020 0
1021 0
1022 0
1023 0
1024 0
1025 0
1026 0
1027 0
1028 0
1029 0
1030 0
1031 0
1032 0
1033 0
1034 0
1035 0
1036 0
1037 0
1038 0
1039 0
1040 0
1041 0
1042 0
1043 0
1044 0
1045 0
1046 0
1047 0
1048 0
1049 0
1050 0
1051 0
1052 0
1053 0
1054 0
1055 0
1056 0
1057 0
1058 0
1059 0
1060 0
1061 0
1062 0
1063 0
1064 0
1065 0
1066 0
1067 0
1068 0
1069 0
1070 0
1071 0
1072 0
1073 0
1074 0
1075 0
1076 0
1077 0
1078 0
1079 0
1080 0
1081 0
1082 0
1083 0
1084 0
1085 0
1086 0
1087 0
1088 0
1089 0
1090 0
1091 0
1092 0
1093 0
1094 0
1095 0
1096 0
1097 0
1098 0
1099 0
1100 0
1101 0
1102 0
1103 0
1104 0
1105 0
1106 0
1107 0
1108 0
1109 0
1110 0
1111 0
1112 0
1113 0
1114 0
1115 0
1116 0
1117 0
1118 0
1119 0
1120 0
1121 0
1122 0
1123 0
1124 0
1125 0
1126 0
1127 0
1128 0
1129 0
1130 0
1131 0
1132 0
1133 0
1134 0
1135 0
1136 0
1137 0
1138 0
1139 0
1140 0
1141 0
1142 0
1143 0
1144 0
1145 0
1146 0
1147 0
1148 0
1149 0
1150 0
1151 0
1152 0
1153 0
1154 0
1155 0
1156 0
1157 0
1158 0
1159 0
1160 0
1161 0
1162 0
1163 0
1164 0
1165 0
1166 0
1167 0
1168 0
1169 0
1170 0
1171 0
1172 0
1173 0
1174 0
1175 0
1176 0
1177 0
1178 0
1179 0
1180 0
1181 0
1182 0
1183 0
1184 0
1185 0
1186 0
1187 0
1188 0
1189 0
1190 0
1191 0
1192 0
1193 0
1194 0
1195 0
1196 0
1197 0
1198 0
1199 0
1200 0
1201 0
1202 0
1203 0
1204 0
1205 0
1206 0
1207 0
1208 0
1209 0
1210 0
1211 0
1212 0
1213 0
1214 0
1215 0
1216 0
1217 0
1218 0
1219 0
1220 0
1221 0
1222 0
1223 0
1224 0
1225 0
1226 0
1227 0
1228 0
1229 0
1230 0
1231 0
1232 0
1233 0
1234 0
1235 0
1236 0
1237 0
1238 0
1239 0
1240 0
1241 0
1242 0
1243 0
1244 0
1245 0
1246 0
1247 0
1248 0
1249 0
1250 0
1251 0
1252 0
1253 0
1254 0
1255 0
1256 0
1257 0
1258 0
1259 0
1260 0
1261 0
1262 0
1263 0
1264 0
1265 0
1266 0
1267 0
1268 0
1269 0
1270 0
1271 0
1272 0
1273 0
1274 0
1275 0
1276 0
1277 0
1278 0
1279 0
1280 0
1281 0
1282 0
1283 0
1284 0
1285 0
1286 0
1287 0
1288 0
1289 0
1290 0
1291 0
1292 0
1293 0
1294 0
1295 0
1296 0
1297 0
1298 0
1299 0
1300 0
1301 0
1302 0
1303 0
1304 0
1305 0
1306 0
1307 0
1308 0
1309 0
1310 0
1311 0
1312 0
1313 0
1314 0
1315 0
1316 0
1317 0
1318 0
1319 0
1320 0
1321 0
1322 0
1323 0
1324 0
1325 0
1326 0
1327 0
1328 0
1329 0
1330 0
1331 0
1332 0
1333 0
1334 0
1335 0
1336 0
1337 0
1338 0
1339 0
1340 0
1341 0
1342 0
1343 0
1344 0
1345 0
1346 0
1347 0
1348 0
1349 0
1350 0
1351 0
1352 0
1353 0
1354 0
1355 0
1356 0
1357 0
1358 0
1359 0
1360 0
1361 0
1362 0
1363 0
1364 0
1365 0
1366 0
1367 0
1368 0
1369 0
1370 0
1371 0
1372 0
1373 0
1374 0
1375 0
1376 0
1377 0
1378 0
1379 0
1380 0
1381 0
1382 0
1383 0
1384 0
1385 0
1386 0
1387 0
1388 0
1389 0
1390 0
1391 0
1392 0
1393 0
1394 0
1395 0
1396 0
1397 0
1398 0
1399 0
1400 0
1401 0
1402 0
1403 0
1404 0
1405 0
1406 0
1407 0
1408 0
1409 0
1410 0
1411 0
1412 0
1413 0
1414 0
1415 0
1416 0
1417 0
1418 0
1419 0
1420 0
1421 0
1422 0
1423 0
1424 0
1425 0
1426 0
1427 0
1428 0
1429 0
1430 0
1431 0
1432 0
1433 0
1434 0
1435 0
1436 0
1437 0
1438 0
1439 0
1440 0
1441 0
1442 0
1443 0
1444 0
1445 0
1446 0
1447 0
1448 0
1449 0
1450 0
1451 0
1452 0
1453 0
1454 0
1455 0
1456 0
1457 0
1458 0
1459 0
1460 0
1461 0
1462 0
1463 0
1464 0
1465 0
1466 0
1467 0
1468 0
1469 0
1470 0
1471 0
1472 0
1473 0
1474 0
1475 0
1476 0
1477 0
1478 0
1479 0
1480 0
1481 0
1482 0
1483 0
1484 0
1485 0
1486 0
1487 0
1488 0
1489 0
1490 0
1491 0
1492 0
1493 0
1494 0
1495 0
1496 0
1497 0
1498 0
1499 0
1500 0
1501 0
1502 0
1503 0
1504 0
1505 0
1506 0
1507 0
1508 0
1509 0
1510 0
1511 0
1512 0
1513 0
1514 0
1515 0
1516 0
1517 0
1518 0
1519 0
1520 0
1521 0
1522 0
1523 0
1524 0
1525 0
1526 0
1527 0
1528 0
1529 0
1530 0
1531 0
1532 0
1533 0
1534 0
1535 0
1536 0
1537 0
1538 0
1539 0
1540 0
1541 0
1542 0
1543 0
1544 0
1545 0
1546 0
1547 0
1548 0
1549 0
1550 0
1551 0
1552 0
1553 0
1554 0
1555 0
1556 0
1557 0
1558 0
1559 0
1560 0
1561 0
1562 0
1563 0
1564 0
1565 0
1566 0
1567 0
1568 0
1569 0
1570 0
1571 0
1572 0
1573 0
1574 0
1575 0
1576 0
1577 0
1578 0
1579 0
1580 0
1581 0
1582 0
1583 0
1584 0
1585 0
1586 0
1587 0
1588 0
1589 0
1590 0
1591 0
1592 0
1593 0
1594 0
1595 0
1596 0
1597 0
1598 0
1599 0
1600 0
1601 0
1602 0
1603 0
1604 0
1605 0
1606 0
1607 0
1608 0
1609 0
1610 0
1611 0
1612 0
1613 0
1614 0
1615 0
1616 0
1617 0
1618 0
1619 0
1620 0
1621 0
1622 0
1623 0
1624 0
1625 0
1626 0
1627 0
1628 0
1629 0
1630 0
1631 0
1632 0
1633 0
1634 0
1635 0
1636 0
1637 0
1638 0
1639 0
1640 0
1641 0
1642 0
1643 0
1644 0
1645 0
1646 0
1647 0
1648 0
1649 0
1650 0
1651 0
1652 0
1653 0
1654 0
1655 0
1656 0
1657 0
1658 0
1659 0
1660 0
1661 0
1662 0
1663 0
1664 0
1665 0
1666 0
1667 0
1668 0
1669 0
1670 0
1671 0
1672 0
1673 0
1674 0
1675 0
1676 0
1677 0
1678 0
1679 0
1680 0
1681 0
1682 0
1683 0
1684 0
1685 0
1686 0
1687 0
1688 0
1689 0
1690 0
1691 0
1692 0
1693 0
1694 0
1695 0
1696 0
1697 0
1698 0
1699 0
1700 0
1701 0
1702 0
1703 0
1704 0
1705 0
1706 0
1707 0
1708 0
1709 0
1710 0
1711 0
1712 0
1713 0
1714 0
1715 0
1716 0
1717 0
1718 0
1719 0
1720 0
1721 0
1722 0
1723 0
1724 0
1725 0
1726 0
1727 0
0 1 0.56506
0 11 1.92204
0 12 -0.26892
0 132 0.94724
0 144 -0.91843
0 1584 1.03461
1 2 -0.35234
1 13 -0.23698
1 133 -1.44421
1 145 2.63071
1 1585 0.75118
2 3 -0.46014
2 14 -0.49231
2 134 -0.29256
2 146 -0.2896
2 1586 -1.7526
3 4 1.09774
3 15 0.44993
3 135 2.09191
3 147 -0.21792
3 1587 0.58013
4 5 -1.48732
4 16 -0.91379
4 136 0.09942
4 148 -0.52504
4 1588 -0.87756
5 6 0.08638
5 17 1.46425
5 137 1.13906
5 149 1.21572
5 1589 0.53273
6 7 1.19254
6 18 -0.0802
6 138 0.4192
6 150 0.62267
6 1590 -1.41626
7 8 -0.74219
7 19 0.58687
7 139 -0.16373
7 151 -0.67745
7 1591 -0.88389
8 9 -0.04585
8 20 -1.09177
8 140 -0.14802
8 152 -0.33755
8 1592 -1.55727
9 10 -0.84158
9 21 1.13854
9 141 -0.46149
9 153 -0.48932
9 1593 -0.1385
10 11 0.43114
10 22 0.15108
10 142 -1.18398
10 154 -0.11361
10 1594 -0.74149
11 23 1.51264
11 143 -0.76722
11 155 -1.17569
11 1595 1.4792
12 13 -0.55784
12 23 0.2642
12 24 -0.60714
12 156 -0.27248
12 1596 1.57663
13 14 -0.81749
13 25 -1.28192
13 157 0.25429
13 1597 0.00661
14 15 0.0805
14 26 -0.43213
14 158 0.15807
14 1598 0.59842
15 16 -0.09802
15 27 -0.6289
15 159 -0.79268
15 1599 1.1166
16 17 0.0103
16 28 -0.24566
16 160 1.40685
16 1600 -0.00025
17 18 -1.02531
17 29 0.6986
17 161 1.42983
17 1601 0.52869
18 19 -0.4274
18 30 1.14025
18 162 -0.12132
18 1602 0.3344
19 20 0.92704
19 31 2.07616
19 163 -0.03632
19 1603 0.24919
20 21 -0.51254
20 32 -0.53806
20 164 -0.38825
20 1604 0.67735
21 22 1.35176
21 33 -1.13658
21 165 2.33766
21 1605 -0.71524
22 23 -0.3329
22 34 -0.29665
22 166 0.86627
22 1606 1.14742
23 35 0.13157
23 167 0.40493
23 1607 -0.80121
24 25 -0.09041
24 35 -0.44437
24 36 -0.58766
24 168 -1.14432
24 1608 -0.6817
25 26 -0.91494
25 37 -1.02023
25 169 0.33292
25 1609 0.40674
26 27 -0.09872
26 38 0.61342
26 170 -1.33073
26 1610 -1.48385
27 28 -1.53279
27 39 0.47541
27 171 1.64575
27 1611 -0.29264
28 29 0.71209
28 40 -0.23239
28 172 -0.17165
28 1612 0.43306
29 30 -1.10973
29 41 -0.58941
29 173 -0.38402
29 1613 0.3494
30 31 0.82013
30 42 -0.2142
30 174 1.05776
30 1614 -0.5963
31 32 -0.74335
31 43 0.34648
31 175 0.55673
31 1615 0.82656
32 33 0.325
32 44 -0.90843
32 176 -0.93546
32 1616 -0.24958
33 34 -0.27279
33 45 -0.76785
33 177 -1.72472
33 1617 0.57152
34 35 -0.09036
34 46 -0.44717
34 178 -1.6073
34 1618 -0.12858
35 47 -2.24432
35 179 -1.12399
35 1619 0.57579
36 37 -1.44999
36 47 -0.47202
36 48 -1.60118
36 180 0.26219
36 1620 0.44807
37 38 -0.0171
37 49 -0.10048
37 181 -1.43792
37 1621 0.44475
38 39 0.95228
38 50 -0.08915
38 182 -0.43815
38 1622 -0.02119
39 40 0.17578
39 51 1.56982
39 183 -0.53488
39 1623 0.41152
40 41 -1.34868
40 52 0.65138
40 184 0.62665
40 1624 0.97187
41 42 -1.10583
41 53 0.28706
41 185 1.85672
41 1625 -0.56493
42 43 0.7057
42 54 -0.00213
42 186 2.18771
42 1626 0.13224
43 44 0.61594
43 55 -0.40221
43 187 0.08547
43 1627 0.28867
44 45 1.2352
44 56 0.64586
44 188 -2.1422
44 1628 -0.62484
45 46 -0.81721
45 57 1.97583
45 189 0.3342
45 1629 0.51603
46 47 -0.79844
46 58 -0.18887
46 190 -1.98829
46 1630 -0.01915
47 59 -0.39765
47 191 -0.58294
47 1631 -0.51701
48 49 0.15263
48 59 2.26658
48 60 0.67116
48 192 0.47325
48 1632 0.14096
49 50 0.36267
49 61 -0.38705
49 193 -0.48764
49 1633 -0.88201
50 51 -0.31031
50 62 1.20769
50 194 -0.49305
50 1634 0.23712
51 52 -1.43315
51 63 0.82057
51 195 0.68804
51 1635 -0.0205
52 53 0.84307
52 64 -0.45775
52 196 -1.26819
52 1636 -0.16354
53 54 0.3754
53 65 -0.49289
53 197 -0.59459
53 1637 -1.88027
54 55 0.47181
54 66 -1.31665
54 198 0.84835
54 1638 -1.98865
55 56 0.40698
55 67 -0.32749
55 199 -1.16746
55 1639 -1.26384
56 57 -2.00249
56 68 0.32224
56 200 0.0539
56 1640 -0.37485
57 58 -0.57999
57 69 0.83516
57 201 -0.16239
57 1641 0.28534
58 59 1.36088
58 70 -1.43611
58 202 0.48133
58 1642 1.86522
59 71 -0.10724
59 203 0.94716
59 1643 0.1068
60 61 -0.5147
60 71 -1.38733
60 72 0.33481
60 204 -0.6584
60 1644 0.84618
61 62 0.28775
61 73 -0.59923
61 205 0.86048
61 1645 0.74751
62 63 0.86089
62 74 -0.4478
62 206 1.44357
62 1646 -0.14765
63 64 -0.87033
63 75 -1.49974
63 207 -1.37937
63 1647 -0.65189
64 65 0.20269
64 76 -0.75703
64 208 1.3789
64 1648 -0.44588
65 66 -0.81289
65 77 0.54878
65 209 1.32838
65 1649 1.58596
66 67 1.30128
66 78 -0.36603
66 210 -0.06578
66 1650 -0.82878
67 68 0.74889
67 79 -0.68972
67 211 1.06342
67 1651 0.92016
68 69 -0.20963
68 80 -0.28047
68 212 -1.13491
68 1652 1.60586
69 70 -0.16791
69 81 -0.38197
69 213 -0.39083
69 1653 -0.91297
70 71 0.0843
70 82 -1.50132
70 214 1.17397
70 1654 -0.65393
71 83 -0.78276
71 215 1.484
71 1655 -0.90382
72 73 -0.32073
72 83 0.97538
72 84 -0.10067
72 216 -1.06873
72 1656 0.83745
73 74 -0.06972
73 85 0.18931
73 217 1.53042
73 1657 1.94044
74 75 -0.79345
74 86 1.72917
74 218 -0.60188
74 1658 0.15965
75 76 0.08773
75 87 -0.80403
75 219 0.16789
75 1659 0.91682
76 77 0.30962
76 88 0.24772
76 220 1.47365
76 1660 0.03112
77 78 -1.67628
77 89 0.04581
77 221 -0.96929
77 1661 1.58903
78 79 -0.15257
78 90 -0.75762
78 222 -0.29457
78 1662 0.91983
79 80 -0.62344
79 91 -0.8576
79 223 -0.66783
79 1663 -0.01559
80 81 -0.92753
80 92 -1.63865
80 224 -2.09374
80 1664 0.33333
81 82 -0.21077
81 93 0.88731
81 225 -0.31352
81 1665 0.24204
82 83 -0.1234
82 94 -1.45552
82 226 -1.23017
82 1666 0.86118
83 95 -0.61443
83 227 1.00255
83 1667 2.31147
84 85 -0.17773
84 95 -0.06097
84 96 0.38818
84 228 -0.08702
84 1668 0.28102
85 86 0.91314
85 97 -0.86835
85 229 0.12888
85 1669 -0.50993
86 87 0.44628
86 98 -0.53422
86 230 -0.67729
86 1670 -0.1818
87 88 -0.53526
87 99 -0.45968
87 231 -0.44924
87 1671 -0.25759
88 89 -1.43598
88 100 -2.76737
88 232 -0.95185
88 1672 -0.84249
89 90 -0.24899
89 101 0.31259
89 233 0.68188
89 1673 1.08153
90 91 0.01065
90 102 -0.84055
90 234 -1.27104
90 1674 0.71533
91 92 1.0711
91 103 -1.54826
91 235 0.33343
91 1675 0.38059
92 93 1.54076
92 104 -0.89804
92 236 -1.36651
92 1676 -2.25115
93 94 -0.9033
93 105 0.91599
93 237 -0.35793
93 1677 0.44135
94 95 0.13585
94 106 1.87781
94 238 2.65766
94 1678 -0.37235
95 107 -0.54619
95 239 -1.46546
95 1679 -0.56325
96 97 -0.09774
96 107 1.80685
96 108 -0.84531
96 240 2.21548
96 1680 -0.38266
97 98 0.58995
97 109 0.19804
97 241 0.43296
97 1681 2.51846
98 99 -0.90931
98 110 0.6087
98 242 -0.7816
98 1682 1.29587
99 100 -1.83519
99 111 2.94529
99 243 0.68836
99 1683 0.01085
100 101 -1.87244
100 112 0.56035
100 244 2.12411
100 1684 1.73588
101 102 -0.97378
101 113 -0.12853
101 245 0.04185
101 1685 -0.8427
102 103 1.35298
102 114 0.20277
102 246 -1.73543
102 1686 -0.33712
103 104 2.30146
103 115 -0.92948
103 247 0.72566
103 1687 1.42424
104 105 0.50205
104 116 1.24804
104 248 0.55573
104 1688 -1.51604
105 106 0.42158
105 117 -1.16607
105 249 0.36998
105 1689 -0.78913
106 107 0.58141
106 118 0.28582
106 250 0.13458
106 1690 0.08817
107 119 0.34974
107 251 -1.5483
107 1691 0.67725
108 109 -1.45596
108 119 1.29107
108 120 0.12065
108 252 -0.11095
108 1692 -1.33443
109 110 -0.25878
109 121 -0.61007
109 253 -0.75467
109 1693 0.73209
110 111 1.09566
110 122 -0.85306
110 254 0.57945
110 1694 0.6417
111 112 1.39015
111 123 -0.78494
111 255 -0.25292
111 1695 -0.26922
112 113 2.1555
112 124 0.4382
112 256 0.32691
112 1696 -1.14538
113 114 -1.46946
113 125 1.20681
113 257 -0.24079
113 1697 -1.04974
114 115 -1.88207
114 126 -0.02417
114 258 0.63817
114 1698 -0.92325
115 116 2.50073
115 127 -1.36393
115 259 1.1317
115 1699 -0.07419
116 117 0.27226
116 128 -0.28503
116 260 1.60965
116 1700 0.81542
117 118 0.10474
117 129 -2.24392
117 261 -1.86658
117 1701 -1.73832
118 119 1.5313
118 130 -0.64439
118 262 -1.4358
118 1702 -0.13589
119 131 -0.64904
119 263 3.76836
119 1703 0.06049
120 121 0.86535
120 131 0.8124
120 132 1.95383
120 264 -1.60717
120 1704 -0.19587
121 122 0.48516
121 133 -0.11856
121 265 -0.08943
121 1705 -1.4054
122 123 -1.1531
122 134 -0.4374
122 266 -0.2947
122 1706 -0.59347
123 124 0.78425
123 135 0.10139
123 267 0.25157
123 1707 0.60783
124 125 1.65224
124 136 -0.07057
124 268 0.45267
124 1708 0.43446
125 126 -1.45318
125 137 0.90192
125 269 -0.7679
125 1709 -0.81928
126 127 0.9226
126 138 -0.8473
126 270 -1.23075
126 1710 0.73493
127 128 1.59126
127 139 0.12491
127 271 0.81308
127 1711 0.10949
128 129 -1.32404
128 140 -0.24615
128 272 0.66674
128 1712 1.638
129 130 -0.80588
129 141 1.42527
129 273 -3.30673
129 1713 -1.20957
130 131 -0.92808
130 142 0.90024
130 274 2.4962
130 1714 -1.2155
131 143 -0.08361
131 275 -0.83765
131 1715 1.27782
132 133 -0.09366
132 143 1.17681
132 276 1.39626
132 1716 -0.83189
133 134 -1.06745
133 277 1.38528
133 1717 -0.25394
134 135 0.88732
134 278 -0.89366
134 1718 0.4165
135 136 0.93567
135 279 1.82303
135 1719 -1.08475
136 137 -0.0451
136 280 -0.01221
136 1720 -0.10692
137 138 0.48527
137 281 -0.0119
137 1721 -0.2453
138 139 -0.79463
138 282 0.94046
138 1722 0.09637
139 140 1.11121
139 283 -0.4967
139 1723 -0.03507
140 141 -1.19989
140 284 0.12116
140 1724 1.73856
141 142 1.65219
141 285 1.24561
141 1725 -0.84065
142 143 1.56412
142 286 -0.02984
142 1726 -1.48238
143 287 0.27635
143 1727 0.68828
144 145 -0.06954
144 155 0.85042
144 156 -0.02269
144 276 -1.1602
144 288 -1.05561
145 146 -0.37513
145 157 -1.81625
145 277 -0.87959
145 289 -0.02423
146 147 0.3581
146 158 0.66694
146 278 0.1631
146 290 -0.95178
147 148 0.45577
147 159 0.48545
147 279 0.31067
147 291 1.18325
148 149 1.14134
148 160 -0.08413
148 280 -0.05456
148 292 -0.66553
149 150 -0.04925
149 161 0.99635
149 281 0.37767
149 293 1.88361
150 151 0.95463
150 162 -0.61594
150 282 -1.16927
150 294 -0.93664
151 152 -0.17444
151 163 -0.62124
151 283 0.088
151 295 0.72065
152 153 -0.48018
152 164 -1.13138
152 284 -0.11716
152 296 -0.67289
153 154 0.87818
153 165 0.86669
153 285 -0.6467
153 297 0.43115
154 155 0.0434
154 166 -0.50155
154 286 0.07779
154 298 0.27615
155 167 -0.10793
155 287 -1.4397
155 299 -1.2362
156 157 -1.08305
156 167 -1.25399
156 168 1.63084
156 300 1.53426
157 158 -1.42392
157 169 -1.38738
157 301 0.63079
158 159 0.00316
158 170 -0.04287
158 302 -0.99831
159 160 -0.11513
159 171 -1.05104
159 303 -0.36103
160 161 -2.25972
160 172 -0.88786
160 304 1.52772
161 162 1.84519
161 173 -1.29454
161 305 0.31666
162 163 -1.04196
162 174 0.31273
162 306 0.78691
163 164 -0.59178
163 175 -0.47812
163 307 0.85308
164 165 0.05455
164 176 -0.3986
164 308 1.43986
165 166 -0.06887
165 177 0.13139
165 309 0.38486
166 167 -0.06689
166 178 1.10625
166 310 1.18229
167 179 0.22045
167 311 0.96542
168 169 -1.57537
168 179 -1.25058
168 180 0.90415
168 312 -0.55007
169 170 -1.37673
169 181 0.1261
169 313 0.59429
170 171 0.94695
170 182 -0.94258
170 314 -1.37895
171 172 -0.94184
171 183 -0.47113
171 315 0.54079
172 173 1.81299
172 184 0.32923
172 316 0.72117
173 174 -0.3019
173 185 0.45866
173 317 -0.1927
174 175 -1.96233
174 186 1.07938
174 318 0.35638
175 176 1.19535
175 187 -1.25253
175 319 -0.68462
176 177 0.61439
176 188 -0.48293
176 320 0.98982
177 178 2.53677
177 189 0.41991
177 321 0.5196
178 179 1.19365
178 190 -0.09354
178 322 0.97285
179 191 -0.44469
179 323 -0.81836
180 181 0.32999
180 191 -0.16247
180 192 0.69674
180 324 -0.99647
181 182 -0.27271
181 193 -0.09418
181 325 -0.91908
182 183 -0.65319
182 194 0.33165
182 326 -0.31
183 184 0.04761
183 195 -0.90024
183 327 -0.38436
184 185 0.5861
184 196 0.92212
184 328 -0.37833
185 186 -0.31032
185 197 -1.09874
185 329 1.01747
186 187 1.16203
186 198 0.90103
186 330 2.66674
187 188 0.45439
187 199 -1.39459
187 331 0.30447
188 189 -1.14664
188 200 -1.17727
188 332 1.76353
189 190 -1.17176
189 201 0.29047
189 333 -0.4031
190 191 0.46972
190 202 -1.08215
190 334 1.13021
191 203 -0.47181
191 335 0.14281
192 193 1.52923
192 203 0.87297
192 204 0.47373
192 336 -0.4068
193 194 -0.43798
193 205 1.15884
193 337 0.11677
194 195 -1.44444
194 206 -0.29983
194 338 -0.1869
195 196 0.64544
195 207 -0.31973
195 339 -2.23883
196 197 -0.72951
196 208 1.63064
196 340 -0.23165
197 198 -0.06648
197 209 0.0962
197 341 -0.54643
198 199 -1.0984
198 210 -1.39731
198 342 -0.52229
199 200 -0.2104
199 211 0.02796
199 343 -0.67842
200 201 -0.88192
200 212 1.45591
200 344 -1.87476
201 202 0.86891
201 213 -0.90681
201 345 -0.32824
202 203 -0.45309
202 214 1.04815
202 346 -0.20125
203 215 -0.00075
203 347 -0.13615
204 205 0.68231
204 215 -0.37479
204 216 0.25759
204 348 0.237
205 206 0.75345
205 217 0.09674
205 349 0.7479
206 207 0.28616
206 218 -0.40491
206 350 -0.43768
207 208 1.06233
207 219 -1.0153
207 351 1.63447
208 209 0.02741
208 220 1.52369
208 352 0.18017
209 210 0.12842
209 221 1.38758
209 353 0.99509
210 211 0.32182
210 222 -0.63661
210 354 -2.3742
211 212 -0.1018
211 223 0.395
211 355 -0.2098
212 213 0.15399
212 224 -0.92246
212 356 0.24102
213 214 0.20325
213 225 2.29021
213 357 0.25722
214 215 0.30306
214 226 1.43599
214 358 0.23312
215 227 -0.4359
215 359 -2.04404
216 217 -0.92399
216 227 -0.17827
216 228 0.95932
216 360 0.00292
217 218 0.58115
217 229 1.14217
217 361 0.01367
218 219 0.03228
218 230 0.51338
218 362 0.66116
219 220 0.36508
219 231 -0.15772
219 363 -0.46489
220 221 -1.09816
220 232 0.24131
220 364 1.71504
221 222 1.11557
221 233 -0.33722
221 365 -0.42186
222 223 0.09968
222 234 -1.27144
222 366 -1.73049
223 224 0.97729
223 235 0.38899
223 367 -2.12172
224 225 1.69453
224 236 -0.35656
224 368 1.85934
225 226 0.81893
225 237 1.10134
225 369 -0.85484
226 227 -1.19072
226 238 0.2825
226 370 -0.21615
227 239 1.91778
227 371 -0.04807
228 229 -0.37797
228 239 0.52033
228 240 -1.92229
228 372 0.06693
229 230 -0.76252
229 241 -0.52792
229 373 1.1972
230 231 0.25958
230 242 -0.73623
230 374 -0.08644
231 232 -2.03212
231 243 -0.31003
231 375 1.0203
232 233 0.26685
232 244 0.59003
232 376 -1.64948
233 234 0.57882
233 245 0.66767
233 377 0.10972
234 235 -0.91298
234 246 0.00195
234 378 0.4845
235 236 0.47966
235 247 -0.4331
235 379 -0.30041
236 237 1.0565
236 248 -0.74014
236 380 2.16958
237 238 0.37159
237 249 0.51013
237 381 -1.88014
238 239 1.189
238 250 -0.56331
238 382 0.744
239 251 -1.78615
239 383 0.18152
240 241 0.54414
240 251 -0.39574
240 252 -0.28073
240 384 0.01228
241 242 0.47149
241 253 0.43014
241 385 -0.48832
242 243 -1.49966
242 254 -0.43248
242 386 -0.38984
243 244 1.12296
243 255 1.02298
243 387 -1.02459
244 245 0.95813
244 256 -0.96612
244 388 0.27374
245 246 0.72293
245 257 1.96456
245 389 1.35163
246 247 -0.24333
246 258 -0.95818
246 390 0.78053
247 248 0.2027
247 259 1.02841
247 391 -0.66008
248 249 0.60343
248 260 0.44141
248 392 -0.65856
249 250 0.82121
249 261 0.01016
249 393 0.9226
250 251 0.88048
250 262 -1.24247
250 394 -1.14447
251 263 -2.0728
251 395 -0.82725
252 253 1.20687
252 263 -0.86879
252 264 -0.9796
252 396 2.02356
253 254 0.01008
253 265 1.98636
253 397 0.30572
254 255 -0.82299
254 266 -0.65244
254 398 0.57469
255 256 1.34591
255 267 0.23065
255 399 0.46788
256 257 -1.30505
256 268 1.38008
256 400 1.69304
257 258 1.45975
257 269 -1.36092
257 401 -0.50858
258 259 0.27151
258 270 -1.72952
258 402 0.88968
259 260 -0.90848
259 271 -0.67217
259 403 0.4029
260 261 -1.69359
260 272 -1.91331
260 404 2.09349
261 262 -1.71524
261 273 -0.56431
261 405 0.03393
262 263 -1.2105
262 274 -0.17273
262 406 0.66168
263 275 0.60515
263 407 0.14906
264 265 0.31768
264 275 0.70092
264 276 0.30794
264 408 2.02481
265 266 0.44529
265 277 -1.23899
265 409 1.15575
266 267 0.49927
266 278 0.41987
266 410 -2.1587
267 268 -2.23514
267 279 -2.27691
267 411 -0.10348
268 269 -0.02293
268 280 -1.07611
268 412 -0.71559
269 270 -0.76854
269 281 0.29945
269 413 0.05852
270 271 -2.40977
270 282 -0.32096
270 414 1.28388
271 272 -0.99903
271 283 -0.2319
271 415 1.04626
272 273 -1.1994
272 284 0.14433
272 416 -0.41894
273 274 0.21102
273 285 -0.84754
273 417 -0.44454
274 275 2.30262
274 286 -0.9479
274 418 -1.79136
275 287 0.3979
275 419 1.59223
276 277 0.45614
276 287 0.35471
276 420 1.48266
277 278 -0.06272
277 421 -0.4818
278 279 0.61839
278 422 0.84634
279 280 0.18301
279 423 0.47093
280 281 -0.60516
280 424 -1.13993
281 282 -0.57447
281 425 0.22312
282 283 0.10049
282 426 -0.4101
283 284 -1.23385
283 427 0.00415
284 285 -0.69382
284 428 -0.09263
285 286 -0.1772
285 429 -0.54698
286 287 -0.50151
286 430 1.03543
287 431 -0.2698
288 289 0.17506
288 299 -0.63882
288 300 0.35881
288 420 -0.94252
288 432 -0.64922
289 290 0.7569
289 301 1.57634
289 421 -0.03765
289 433 0.62352
290 291 -0.55974
290 302 1.51951
290 422 -1.12043
290 434 0.98027
291 292 0.91957
291 303 -0.96203
291 423 -0.41334
291 435 0.27255
292 293 0.23037
292 304 -0.44442
292 424 1.22834
292 436 -0.5714
293 294 0.17709
293 305 0.85156
293 425 0.20377
293 437 -0.68939
294 295 -0.46358
294 306 0.17625
294 426 -0.67634
294 438 0.40649
295 296 0.20623
295 307 -0.69886
295 427 0.37546
295 439 -1.21097
296 297 1.25165
296 308 0.32667
296 428 -1.37771
296 440 1.17949
297 298 0.39187
297 309 1.94846
297 429 -0.25987
297 441 0.37002
298 299 -1.08965
298 310 -2.04277
298 430 0.58482
298 442 1.1787
299 311 1.46636
299 431 1.43135
299 443 -0.77258
300 301 -0.4643
300 311 -0.83796
300 312 -1.1596
300 444 1.08307
301 302 -2.13952
301 313 -2.27002
301 445 0.84001
302 303 -0.51641
302 314 -0.21988
302 446 0.43131
303 304 -1.07272
303 315 0.16386
303 447 1.04282
304 305 0.16359
304 316 -0.35399
304 448 0.38994
305 306 -0.11957
305 317 -1.90082
305 449 0.64059
306 307 0.62515
306 318 -0.41291
306 450 -0.63921
307 308 1.68824
307 319 1.40326
307 451 -1.53146
308 309 -0.37467
308 320 -0.40228
308 452 0.01743
309 310 1.81895
309 321 -0.61265
309 453 0.7435
310 311 0.27173
310 322 0.60449
310 454 -1.31286
311 323 -1.09787
311 455 -0.14038
312 313 -2.34308
312 323 1.10815
312 324 -0.20519
312 456 -0.83157
313 314 0.18246
313 325 -0.81881
313 457 0.82326
314 315 -2.22015
314 326 -0.04072
314 458 -0.40117
315 316 0.76841
315 327 -0.88185
315 459 -1.06576
316 317 -1.00602
316 328 0.63545
316 460 0.08168
317 318 1.45715
317 329 1.81785
317 461 0.50226
318 319 0.41945
318 330 0.43999
318 462 0.66888
319 320 0.34024
319 331 0.08963
319 463 -1.97142
320 321 0.42119
320 332 0.35583
320 464 -1.10199
321 322 -0.26687
321 333 -0.7195
321 465 -0.79605
322 323 0.56084
322 334 -2.21415
322 466 -1.94104
323 335 1.60451
323 467 -1.18574
324 325 0.83895
324 335 -0.2091
324 336 0.66504
324 468 -0.09137
325 326 -0.08318
325 337 1.20326
325 469 0.43892
326 327 -0.29811
326 338 -0.45016
326 470 0.82205
327 328 -0.02623
327 339 -1.95019
327 471 0.32387
328 329 -1.09951
328 340 1.01971
328 472 0.16734
329 330 1.65908
329 341 -0.05496
329 473 0.50449
330 331 -0.69217
330 342 -1.1364
330 474 0.59874
331 332 -1.53719
331 343 0.57038
331 475 -0.55059
332 333 0.28264
332 344 -1.01991
332 476 0.91829
333 334 -2.8267
333 345 -1.63407
333 477 0.26668
334 335 -0.15689
334 346 -2.46974
334 478 0.69941
335 347 -0.0131
335 479 -0.01604
336 337 0.63827
336 347 1.56081
336 348 -0.60092
336 480 -0.56811
337 338 0.5414
337 349 0.56389
337 481 -2.27437
338 339 -1.00119
338 350 -1.11528
338 482 -0.27285
339 340 0.85778
339 351 -0.6377
339 483 1.01944
340 341 0.56063
340 352 0.17491
340 484 -0.35006
341 342 0.2382
341 353 0.23944
341 485 -0.64234
342 343 1.05861
342 354 0.11908
342 486 -0.42999
343 344 1.22376
343 355 -2.58591
343 487 0.3557
344 345 -0.22413
344 356 -0.11886
344 488 -1.85673
345 346 0.20723
345 357 0.24604
345 489 -0.01266
346 347 -1.45753
346 358 0.74452
346 490 -1.02061
347 359 -1.36676
347 491 -2.6939
348 349 1.22607
348 359 -1.02738
348 360 2.69642
348 492 0.41417
349 350 -1.41206
349 361 1.57303
349 493 -0.01214
350 351 -0.44834
350 362 0.69815
350 494 0.81024
351 352 0.25839
351 363 -0.69088
351 495 2.47221
352 353 0.92551
352 364 0.0085
352 496 0.79367
353 354 -1.68501
353 365 1.48271
353 497 0.23652
354 355 -1.44163
354 366 2.1086
354 498 -0.9781
355 356 -0.03759
355 367 -0.80273
355 499 1.10261
356 357 0.18053
356 368 1.04299
356 500 0.75087
357 358 -0.02002
357 369 0.3972
357 501 1.58557
358 359 1.01223
358 370 -0.37991
358 502 -0.81255
359 371 0.81121
359 503 0.84135
360 361 -1.07824
360 371 -0.49118
360 372 -0.38938
360 504 0.45379
361 362 0.33548
361 373 0.33876
361 505 -0.55222
362 363 -0.38432
362 374 -1.18013
362 506 -2.64771
363 364 0.07966
363 375 -2.32723
363 507 -0.7436
364 365 1.06881
364 376 0.11042
364 508 -1.03335
365 366 -1.5719
365 377 0.90516
365 509 1.00346
366 367 -0.4914
366 378 -0.09824
366 510 0.70411
367 368 0.80652
367 379 0.28836
367 511 -0.28567
368 369 -0.75319
368 380 1.32976
368 512 -1.31049
369 370 -1.13304
369 381 1.09494
369 513 -0.60769
370 371 0.87219
370 382 0.1244
370 514 -1.19455
371 383 0.57925
371 515 1.28383
372 373 0.25113
372 383 0.47547
372 384 2.31913
372 516 -1.36419
373 374 1.60973
373 385 0.52421
373 517 0.97231
374 375 0.12493
374 386 0.11572
374 518 0.77367
375 376 -0.66995
375 387 1.30536
375 519 -0.10291
376 377 -0.79685
376 388 0.7484
376 520 -0.0118
377 378 0.26077
377 389 -1.02955
377 521 -0.59324
378 379 0.26029
378 390 0.42799
378 522 1.42924
379 380 -1.08845
379 391 -0.1273
379 523 0.24058
380 381 -0.61924
380 392 1.03922
380 524 1.84769
381 382 -0.10724
381 393 0.22947
381 525 0.73535
382 383 -0.31469
382 394 -0.94079
382 526 -1.57751
383 395 2.47002
383 527 0.90094
384 385 0.6363
384 395 -0.94778
384 396 -0.3357
384 528 0.90123
385 386 -1.2529
385 397 0.14778
385 529 -0.31778
386 387 0.67603
386 398 -1.22214
386 530 -1.35777
387 388 1.58734
387 399 0.42215
387 531 -0.76277
388 389 0.21167
388 400 -1.32084
388 532 -1.14701
389 390 -0.53749
389 401 0.33213
389 533 1.9574
390 391 0.19415
390 402 0.89598
390 534 -0.2175
391 392 0.75769
391 403 -1.15538
391 535 -1.78595
392 393 -0.89008
392 404 -0.52666
392 536 -0.39321
393 394 1.44886
393 405 -0.08173
393 537 -0.21299
394 395 1.05939
394 406 1.07254
394 538 0.10339
395 407 -1.07229
395 539 -0.12708
396 397 -1.1718
396 407 1.41055
396 408 -1.71118
396 540 -0.69997
397 398 0.0839
397 409 0.70932
397 541 0.16414
398 399 0.41007
398 410 0.58997
398 542 -0.22779
399 400 -1.29879
399 411 0.22801
399 543 -0.948
400 401 -1.09524
400 412 -0.59341
400 544 1.22529
401 402 -0.96582
401 413 1.39912
401 545 -0.16642
402 403 0.4396
402 414 -2.69186
402 546 -0.66615
403 404 -0.04928
403 415 -0.62912
403 547 -0.65882
404 405 -0.83422
404 416 0.09988
404 548 -0.16632
405 406 1.53682
405 417 1.75567
405 549 0.322
406 407 1.3377
406 418 -1.27133
406 550 -0.31465
407 419 -0.00292
407 551 -0.48559
408 409 -0.64943
408 419 0.34584
408 420 0.57138
408 552 1.05395
409 410 -0.02706
409 421 -0.19474
409 553 0.4916
410 411 -0.49899
410 422 1.34073
410 554 -0.1692
411 412 0.50797
411 423 1.62034
411 555 -1.19033
412 413 0.17416
412 424 0.92374
412 556 -0.23817
413 414 -0.07587
413 425 1.18522
413 557 -0.14481
414 415 0.50856
414 426 0.21675
414 558 0.74105
415 416 -0.66542
415 427 -0.54894
415 559 -0.83423
416 417 1.12227
416 428 -1.31687
416 560 -1.29987
417 418 -0.09821
417 429 -0.42189
417 561 -0.4636
418 419 -0.29371
418 430 2.56446
418 562 0.01414
419 431 1.17073
419 563 -0.46061
420 421 -1.61944
420 431 2.23869
420 564 -0.85223
421 422 -0.04673
421 565 0.02415
422 423 0.7613
422 566 0.64135
423 424 -0.26903
423 567 -0.07495
424 425 -0.01298
424 568 -0.99144
425 426 0.68699
425 569 -0.39962
426 427 0.34146
426 570 -0.38376
427 428 0.06545
427 571 -0.65803
428 429 0.74982
428 572 1.1944
429 430 0.19996
429 573 1.12865
430 431 0.75343
430 574 -0.07269
431 575 -2.08014
432 433 0.10275
432 443 0.36733
432 444 0.06214
432 564 -1.17689
432 576 -0.29102
433 434 -1.11938
433 445 -0.31681
433 565 -0.54084
433 577 0.39687
434 435 -0.63382
434 446 0.09904
434 566 -0.52608
434 578 0.77826
435 436 0.14122
435 447 -0.12267
435 567 -1.42568
435 579 -1.33435
436 437 -0.21426
436 448 -0.27778
436 568 0.90682
436 580 -0.77742
437 438 0.71426
437 449 -0.85538
437 569 1.00903
437 581 1.40529
438 439 0.80335
438 450 -0.33061
438 570 -0.10493
438 582 -0.25421
439 440 0.38428
439 451 0.10322
439 571 -0.59511
439 583 1.74613
440 441 1.61909
440 452 0.29364
440 572 0.45089
440 584 0.06048
441 442 1.48129
441 453 -0.26303
441 573 -0.30361
441 585 0.75551
442 443 0.0405
442 454 0.24171
442 574 1.03892
442 586 0.64908
443 455 0.34839
443 575 -1.53091
443 587 2.45808
444 445 -0.70517
444 455 0.45458
444 456 0.26314
444 588 -0.20801
445 446 0.75846
445 457 -1.33689
445 589 0.66347
446 447 0.54052
446 458 0.1169
446 590 -0.74807
447 448 0.66831
447 459 1.5824
447 591 -0.70141
448 449 0.74355
448 460 0.38657
448 592 -0.74273
449 450 0.15364
449 461 0.57794
449 593 -0.02111
450 451 -1.16357
450 462 -0.08677
450 594 0.8261
451 452 -0.25935
451 463 -2.07354
451 595 0.29093
452 453 -0.67783
452 464 0.95266
452 596 -0.00821
453 454 -0.53831
453 465 -0.63611
453 597 0.36165
454 455 -1.08227
454 466 -0.23134
454 598 0.04093
455 467 -0.90255
455 599 1.75307
456 457 1.77092
456 467 -0.03203
456 468 1.64078
456 600 0.27944
457 458 0.09748
457 469 1.06989
457 601 -0.88117
458 459 -1.25404
458 470 -0.86485
458 602 0.22608
459 460 -0.73997
459 471 1.52527
459 603 -0.79377
460 461 0.13259
460 472 -0.15745
460 604 -0.37609
461 462 -0.0081
461 473 0.95461
461 605 -1.42716
462 463 1.80089
462 474 -1.31659
462 606 -1.36796
463 464 0.00386
463 475 1.82765
463 607 -0.65705
464 465 -0.21477
464 476 0.52598
464 608 -1.90248
465 466 0.25035
465 477 -0.23981
465 609 -0.14366
466 467 -0.34355
466 478 0.14854
466 610 -2.21257
467 479 -0.52777
467 611 -0.14911
468 469 0.75682
468 479 0.69329
468 480 1.2668
468 612 -0.90174
469 470 -0.83802
469 481 -2.23537
469 613 -0.32401
470 471 -1.16795
470 482 0.31237
470 614 -2.12316
471 472 -2.033
471 483 -0.11308
471 615 -0.97787
472 473 1.35152
472 484 -0.59514
472 616 1.98443
473 474 -0.72384
473 485 1.56015
473 617 -0.64109
474 475 -0.75991
474 486 -1.06945
474 618 -2.4293
475 476 -1.26306
475 487 1.51469
475 619 -0.43687
476 477 0.53179
476 488 -0.57435
476 620 -0.09293
477 478 0.34406
477 489 -0.65939
477 621 -1.06321
478 479 0.03931
478 490 0.44971
478 622 0.80774
479 491 1.40487
479 623 -1.08157
480 481 1.57897
480 491 -0.81859
480 492 -0.64924
480 624 0.39864
481 482 -1.08386
481 493 -0.71192
481 625 -2.53602
482 483 -0.04692
482 494 0.89059
482 626 0.17399
483 484 1.2352
483 495 -0.0991
483 627 0.72844
484 485 1.18133
484 496 1.67784
484 628 -1.50031
485 486 -0.32002
485 497 0.55002
485 629 0.1687
486 487 -0.76227
486 498 0.47429
486 630 -1.08362
487 488 1.16913
487 499 -2.78437
487 631 0.93929
488 489 0.17814
488 500 0.52511
488 632 0.56973
489 490 0.53362
489 501 1.3911
489 633 -1.59543
490 491 -1.34803
490 502 0.20783
490 634 -0.29865
491 503 0.69371
491 635 -0.48958
492 493 -0.09124
492 503 -1.03124
492 504 -0.53742
492 636 -1.18417
493 494 0.02538
493 505 -1.80408
493 637 -0.29648
494 495 0.61387
494 506 -0.94969
494 638 -0.38146
495 496 -0.23144
495 507 -1.16024
495 639 -0.01604
496 497 -0.7129
496 508 -2.61298
496 640 -0.81023
497 498 0.54392
497 509 -0.25388
497 641 -0.56885
498 499 -1.1621
498 510 -1.05846
498 642 -1.3697
499 500 1.42821
499 511 -0.36514
499 643 -0.531
500 501 -0.30554
500 512 0.65358
500 644 0.00207
501 502 0.1021
501 513 0.50308
501 645 1.1676
502 503 -1.16445
502 514 -0.10519
502 646 0.52073
503 515 -0.18833
503 647 0.18375
504 505 -0.9799
504 515 -0.14298
504 516 -0.45934
504 648 -1.21999
505 506 0.60796
505 517 0.69846
505 649 -1.22629
506 507 -0.42169
506 518 0.01966
506 650 -1.33235
507 508 2.51978
507 519 1.33526
507 651 -0.43023
508 509 0.55839
508 520 1.54168
508 652 0.29674
509 510 -0.2209
509 521 0.30987
509 653 3.03564
510 511 -0.38049
510 522 -1.19698
510 654 0.62745
511 512 -2.14871
511 523 -1.44581
511 655 2.42844
512 513 0.23877
512 524 -0.52321
512 656 -2.0216
513 514 0.35711
513 525 0.15323
513 657 -0.75084
514 515 -1.26478
514 526 -0.32488
514 658 0.63649
515 527 0.77985
515 659 -0.75839
516 517 -1.63926
516 527 -0.4651
516 528 0.58122
516 660 0.23153
517 518 -0.48167
517 529 0.86942
517 661 -0.3311
518 519 0.07146
518 530 -0.36905
518 662 1.09377
519 520 0.72228
519 531 0.65958
519 663 -0.33555
520 521 0.27689
520 532 1.46514
520 664 0.4279
521 522 -0.11935
521 533 0.58556
521 665 -1.62685
522 523 1.78398
522 534 -2.1583
522 666 -0.45971
523 524 0.46444
523 535 0.2076
523 667 -0.2776
524 525 -0.16762
524 536 0.06597
524 668 0.1756
525 526 -0.18366
525 537 0.1025
525 669 0.47931
526 527 -0.77035
526 538 -0.00912
526 670 0.20666
527 539 0.68725
527 671 -0.5243
528 529 -0.64702
528 539 -0.65379
528 540 -0.69579
528 672 1.68665
529 530 -1.87118
529 541 2.17965
529 673 -0.95473
530 531 0.57398
530 542 1.29568
530 674 -0.84195
531 532 0.1133
531 543 1.36182
531 675 -0.02886
532 533 -0.39902
532 544 -0.28742
532 676 -0.56502
533 534 -0.23845
533 545 1.15331
533 677 0.46636
534 535 -0.6416
534 546 0.9824
534 678 -1.36259
535 536 1.06153
535 547 -0.08816
535 679 -0.22301
536 537 0.66821
536 548 0.94549
536 680 -1.12498
537 538 1.15038
537 549 1.29322
537 681 0.5725
538 539 0.44856
538 550 -1.17373
538 682 0.67754
539 551 0.20787
539 683 -1.72208
540 541 -1.27973
540 551 -0.43242
540 552 -0.4934
540 684 0.771
541 542 -1.2421
541 553 -0.80961
541 685 0.87073
542 543 -0.43949
542 554 -0.56357
542 686 0.47267
543 544 0.85755
543 555 -0.35114
543 687 -1.74658
544 545 -1.01053
544 556 0.20657
544 688 1.61759
545 546 -1.04635
545 557 2.03658
545 689 1.13671
546 547 -0.35616
546 558 -1.0065
546 690 -0.18313
547 548 -0.64703
547 559 -0.34851
547 691 -1.05829
548 549 1.16764
548 560 0.37326
548 692 0.62723
549 550 -1.00599
549 561 -1.08992
549 693 -0.94933
550 551 -1.8454
550 562 0.00257
550 694 -1.12022
551 563 -0.42899
551 695 0.51452
552 553 0.88832
552 563 -0.35486
552 564 -0.35735
552 696 0.56225
553 554 0.69011
553 565 -0.3015
553 697 0.59408
554 555 1.66093
554 566 -0.83893
554 698 1.04735
555 556 -0.67193
555 567 -1.2488
555 699 -0.7042
556 557 0.44337
556 568 -0.40424
556 700 -0.65538
557 558 0.32221
557 569 0.25278
557 701 -1.07944
558 559 -0.53042
558 570 -1.60659
558 702 0.18255
559 560 1.75505
559 571 0.32628
559 703 -1.04295
560 561 -0.73113
560 572 -0.46286
560 704 0.19682
561 562 0.59958
561 573 -0.14894
561 705 -0.324
562 563 0.69934
562 574 -0.78912
562 706 -0.82347
563 575 0.22125
563 707 0.37167
564 565 1.48353
564 575 -0.52403
564 708 1.31834
565 566 -0.13045
565 709 -0.13174
566 567 -0.25879
566 710 0.01251
567 568 -0.61551
567 711 0.68387
568 569 -0.07518
568 712 0.11809
569 570 -0.21982
569 713 0.0786
570 571 1.86479
570 714 -0.4071
571 572 -0.77207
571 715 -0.15882
572 573 -0.24323
572 716 -0.28261
573 574 0.08359
573 717 -0.75481
574 575 -1.09018
574 718 -1.49482
575 719 0.58403
576 577 1.08857
576 587 -1.8176
576 588 -0.54356
576 708 -0.37382
576 720 -0.90537
577 578 -0.39481
577 589 1.35615
577 709 -0.63232
577 721 0.36633
578 579 0.39765
578 590 0.72528
578 710 0.67317
578 722 -0.22828
579 580 0.93667
579 591 0.09384
579 711 2.15552
579 723 -0.84901
580 581 -1.39431
580 592 0.15595
580 712 -0.96471
580 724 1.13256
581 582 0.4159
581 593 1.02812
581 713 -0.24468
581 725 0.13482
582 583 -0.27318
582 594 0.16612
582 714 0.66718
582 726 -0.95172
583 584 1.47593
583 595 0.48113
583 715 -0.55267
583 727 -0.49388
584 585 1.49654
584 596 0.40704
584 716 -0.08316
584 728 -0.94769
585 586 1.61876
585 597 1.08179
585 717 -1.61648
585 729 -0.35173
586 587 -0.14492
586 598 2.2168
586 718 -1.74633
586 730 0.9063
587 599 0.75832
587 719 -0.20547
587 731 -1.22826
588 589 1.06916
588 599 -1.71326
588 600 -0.73299
588 732 0.17161
589 590 -0.52339
589 601 -0.36445
589 733 1.73969
590 591 0.08228
590 602 1.25671
590 734 -0.32547
591 592 0.97396
591 603 -0.26881
591 735 0.60095
592 593 0.7275
592 604 0.3996
592 736 0.89091
593 594 0.91587
593 605 0.74987
593 737 0.25683
594 595 -0.87416
594 606 -0.90794
594 738 -1.06998
595 596 1.04056
595 607 1.08681
595 739 -1.57546
596 597 -1.34268
596 608 -0.70576
596 740 -0.56087
597 598 -1.07797
597 609 -0.31809
597 741 0.21683
598 599 0.16087
598 610 0.02185
598 742 2.17658
599 611 0.98743
599 743 0.15906
600 601 -0.9854
600 611 0.87029
600 612 -0.7716
600 744 0.09343
601 602 0.08749
601 613 -1.55007
601 745 0.60811
602 603 -0.8834
602 614 1.61677
602 746 0.43795
603 604 1.10117
603 615 -0.42642
603 747 -0.2558
604 605 -1.23157
604 616 0.89685
604 748 0.54229
605 606 1.26471
605 617 -1.62611
605 749 0.12261
606 607 -0.71405
606 618 0.0455
606 750 1.12897
607 608 -1.91511
607 619 0.38917
607 751 0.42234
608 609 0.62347
608 620 0.29387
608 752 -0.73157
609 610 0.71114
609 621 0.30685
609 753 -0.0295
610 611 -0.00215
610 622 0.80639
610 754 -0.07469
611 623 -0.95382
611 755 0.59531
612 613 0.13399
612 623 -0.49571
612 624 1.29443
612 756 -1.13346
613 614 1.07031
613 625 -1.26693
613 757 0.29009
614 615 -1.77083
614 626 -0.28294
614 758 -0.1155
615 616 -0.32932
615 627 0.46668
615 759 0.45691
616 617 -0.29781
616 628 0.64988
616 760 -1.06068
617 618 -0.79206
617 629 -1.48745
617 761 0.87226
618 619 -2.17981
618 630 -0.86266
618 762 -1.9018
619 620 0.75253
619 631 0.99511
619 763 0.63336
620 621 -0.43082
620 632 -0.30129
620 764 0.38323
621 622 -2.44598
621 633 0.86015
621 765 0.38557
622 623 -0.37848
622 634 0.30034
622 766 -1.80425
623 635 -0.28725
623 767 0.61015
624 625 0.76467
624 635 -1.91426
624 636 1.57059
624 768 1.56163
625 626 0.1241
625 637 -0.44436
625 769 0.02637
626 627 -0.04345
626 638 -0.98499
626 770 0.1872
627 628 0.02169
627 639 0.13259
627 771 -0.33988
628 629 -0.66044
628 640 0.4306
628 772 -0.26771
629 630 0.2481
629 641 -1.21545
629 773 -1.08066
630 631 -1.24755
630 642 -0.58537
630 774 0.2652
631 632 2.18757
631 643 1.16163
631 775 2.05681
632 633 0.68357
632 644 -0.6869
632 776 0.47178
633 634 0.02904
633 645 0.31128
633 777 -0.6163
634 635 0.12335
634 646 -2.32303
634 778 -0.2329
635 647 -0.34393
635 779 -0.17984
636 637 -2.94541
636 647 1.20718
636 648 -1.99964
636 780 1.3025
637 638 1.49805
637 649 -0.55646
637 781 1.78407
638 639 -0.4246
638 650 1.82351
638 782 1.87159
639 640 -1.12302
639 651 1.86416
639 783 -1.50975
640 641 1.68199
640 652 -0.17658
640 784 -1.39442
641 642 0.22668
641 653 1.04916
641 785 -1.0494
642 643 -0.08165
642 654 0.56975
642 786 -0.3676
643 644 -0.15118
643 655 1.9173
643 787 0.40739
644 645 -0.54105
644 656 -0.13374
644 788 1.33038
645 646 -0.8329
645 657 -0.20837
645 789 0.80374
646 647 0.66827
646 658 -0.08019
646 790 0.36661
647 659 -0.24999
647 791 -1.0145
648 649 1.18321
648 659 -0.27493
648 660 2.1042
648 792 -2.01407
649 650 -1.16448
649 661 1.1597
649 793 0.34668
650 651 0.59589
650 662 -0.33036
650 794 -0.76027
651 652 -0.36649
651 663 -2.51873
651 795 0.45146
652 653 0.25569
652 664 -0.15217
652 796 1.66716
653 654 0.27051
653 665 2.58182
653 797 0.54891
654 655 0.70334
654 666 1.17657
654 798 0.34657
655 656 1.18688
655 667 0.04654
655 799 0.51396
656 657 0.34642
656 668 1.28242
656 800 0.19841
657 658 -0.73728
657 669 -0.58304
657 801 0.23506
658 659 -1.91747
658 670 0.37932
658 802 -0.19035
659 671 0.0891
659 803 -0.58638
660 661 1.05633
660 671 0.72937
660 672 -1.13247
660 804 -0.20992
661 662 -0.33341
661 673 -0.7321
661 805 -1.04466
662 663 0.73603
662 674 -0.04556
662 806 -0.28227
663 664 -1.69075
663 675 1.58315
663 807 -1.03771
664 665 -1.80235
664 676 -0.70365
664 808 -0.29606
665 666 0.03438
665 677 -0.29375
665 809 -1.61211
666 667 1.25893
666 678 1.79755
666 810 0.998
667 668 0.81096
667 679 1.36198
667 811 0.22054
668 669 0.2053
668 680 -1.48467
668 812 0.17671
669 670 -1.29691
669 681 1.28134
669 813 -0.51714
670 671 -0.08251
670 682 0.3257
670 814 0.89578
671 683 -0.2153
671 815 1.26684
672 673 -0.90344
672 683 0.34778
672 684 -0.14846
672 816 -0.56511
673 674 0.10921
673 685 0.46585
673 817 -0.40658
674 675 0.1191
674 686 -0.86102
674 818 -1.93426
675 676 -1.11063
675 687 0.10108
675 819 1.41186
676 677 1.627
676 688 2.12028
676 820 1.22521
677 678 -0.11814
677 689 -0.22565
677 821 0.39971
678 679 0.09343
678 690 1.15938
678 822 1.30908
679 680 -0.2309
679 691 0.69769
679 823 -1.2105
680 681 0.07793
680 692 -0.92543
680 824 0.66867
681 682 0.14865
681 693 -0.67588
681 825 0.89209
682 683 -0.97128
682 694 -0.63451
682 826 1.28603
683 695 2.45754
683 827 -1.70789
684 685 2.16091
684 695 0.05028
684 696 -0.84626
684 828 -0.74943
685 686 -0.96629
685 697 -0.27361
685 829 0.6571
686 687 1.47954
686 698 -2.42945
686 830 -1.64726
687 688 -1.23239
687 699 0.34193
687 831 -0.65611
688 689 0.49435
688 700 -0.26377
688 832 0.88857
689 690 -0.50228
689 701 -0.10669
689 833 0.19986
690 691 -1.10647
690 702 1.16656
690 834 -1.44525
691 692 -1.19831
691 703 1.23677
691 835 1.3789
692 693 0.04722
692 704 0.18251
692 836 -1.72162
693 694 0.14472
693 705 -0.05751
693 837 -1.14173
694 695 -0.98622
694 706 0.26097
694 838 1.09311
695 707 -1.57471
695 839 -0.79923
696 697 -1.40619
696 707 -0.50284
696 708 -1.3145
696 840 1.41658
697 698 -2.11214
697 709 1.26412
697 841 -1.15121
698 699 -0.41931
698 710 -0.48276
698 842 0.68424
699 700 -1.26001
699 711 -1.23676
699 843 0.10191
700 701 -1.66191
700 712 0.81773
700 844 -0.04668
701 702 -0.03504
701 713 0.5822
701 845 0.23112
702 703 0.7238
702 714 -0.4211
702 846 0.99364
703 704 -1.11796
703 715 0.3196
703 847 0.45521
704 705 -1.34865
704 716 0.9429
704 848 -1.48463
705 706 -0.15309
705 717 -1.06637
705 849 1.52925
706 707 0.74087
706 718 1.77544
706 850 0.68837
707 719 1.36658
707 851 -0.75276
708 709 2.02521
708 719 -2.2881
708 852 -0.77858
709 710 -0.48613
709 853 0.97373
710 711 0.74563
710 854 -0.04132
711 712 -1.33003
711 855 0.73297
712 713 1.54054
712 856 0.20543
713 714 1.60241
713 857 0.29135
714 715 -1.24184
714 858 -1.12167
715 716 -2.01065
715 859 -1.17327
716 717 -0.71119
716 860 0.3253
717 718 1.07443
717 861 0.92438
718 719 -1.52052
718 862 1.26505
719 863 -0.27301
720 721 -0.03144
720 731 -1.02614
720 732 -0.92035
720 852 -0.83504
720 864 0.37116
721 722 0.3684
721 733 -0.45362
721 853 0.7739
721 865 0.66715
722 723 -1.13609
722 734 -0.8537
722 854 0.21725
722 866 0.58828
723 724 1.90993
723 735 -0.46595
723 855 -1.22607
723 867 0.42977
724 725 -1.30802
724 736 -1.74068
724 856 1.31003
724 868 -0.13047
725 726 0.4428
725 737 1.33887
725 857 -0.13666
725 869 -0.5088
726 727 0.40382
726 738 -1.08422
726 858 -0.05554
726 870 3.0557
727 728 -0.60169
727 739 -1.55588
727 859 0.08914
727 871 -0.79576
728 729 -0.20595
728 740 2.99767
728 860 -0.58197
728 872 0.4394
729 730 -0.73678
729 741 -1.08303
729 861 -0.11669
729 873 2.09021
730 731 -0.32473
730 742 0.0497
730 862 0.61199
730 874 -0.43782
731 743 1.8653
731 863 -0.39337
731 875 -1.86344
732 733 -0.63988
732 743 -0.2462
732 744 0.20199
732 876 0.74927
733 734 -0.9136
733 745 -1.71118
733 877 0.922
734 735 1.74049
734 746 0.31683
734 878 1.10122
735 736 0.38836
735 747 2.19389
735 879 -2.28584
736 737 -1.08825
736 748 0.23745
736 880 -0.71131
737 738 1.84747
737 749 -0.80505
737 881 -0.48399
738 739 0.69126
738 750 1.23591
738 882 -0.45744
739 740 -0.69095
739 751 1.31092
739 883 1.42069
740 741 0.01452
740 752 -0.95742
740 884 -2.16627
741 742 -0.36437
741 753 -1.13731
741 885 -0.01147
742 743 0.69013
742 754 -1.57878
742 886 1.20722
743 755 2.10791
743 887 -0.16003
744 745 0.26934
744 755 0.68508
744 756 0.83196
744 888 2.02975
745 746 -2.79745
745 757 1.53161
745 889 -0.68344
746 747 0.61343
746 758 -1.14296
746 890 -2.75353
747 748 0.06616
747 759 -0.49711
747 891 0.57691
748 749 0.73969
748 760 0.65929
748 892 -0.61963
749 750 -2.27566
749 761 -0.52115
749 893 1.41335
750 751 -0.79417
750 762 -0.72768
750 894 -2.08082
751 752 0.87848
751 763 0.85665
751 895 -1.12537
752 753 0.51513
752 764 0.59869
752 896 -0.09392
753 754 0.10963
753 765 1.02984
753 897 2.00201
754 755 -1.79495
754 766 -0.71939
754 898 1.98677
755 767 -1.27419
755 899 0.15561
756 757 -0.45263
756 767 1.71522
756 768 -0.18481
756 900 1.31018
757 758 -0.53385
757 769 -0.83906
757 901 -1.58265
758 759 0.4105
758 770 -0.69421
758 902 -0.97036
759 760 -0.49882
759 771 -0.40724
759 903 1.29876
760 761 -0.37944
760 772 0.17507
760 904 0.10009
761 762 1.65629
761 773 -0.30361
761 905 0.84083
762 763 0.27107
762 774 -0.2861
762 906 -1.58244
763 764 -1.68378
763 775 -1.87619
763 907 -0.59777
764 765 1.74133
764 776 -1.27085
764 908 -0.87564
765 766 1.36164
765 777 -0.25646
765 909 -0.00815
766 767 0.3173
766 778 0.41262
766 910 -0.72473
767 779 -0.56199
767 911 -0.05142
768 769 0.46824
768 779 -0.27431
768 780 0.51764
768 912 -0.09185
769 770 -0.05072
769 781 0.59247
769 913 0.85355
770 771 -1.24221
770 782 -0.69517
770 914 0.62567
771 772 1.45897
771 783 0.40338
771 915 1.57271
772 773 0.17181
772 784 -0.05354
772 916 -0.3026
773 774 0.66756
773 785 3.0903
773 917 -0.15495
774 775 0.75068
774 786 -0.29946
774 918 -0.41078
775 776 2.33712
775 787 2.00911
775 919 0.69258
776 777 -0.46073
776 788 0.00785
776 920 -0.78394
777 778 -1.00061
777 789 -0.11031
777 921 0.01335
778 779 -0.09847
778 790 -0.60343
778 922 -0.62869
779 791 -1.23887
779 923 0.06859
780 781 0.85228
780 791 1.17739
780 792 -2.49085
780 924 0.25037
781 782 -0.58155
781 793 -1.56823
781 925 0.06557
782 783 0.44707
782 794 -1.43301
782 926 0.15708
783 784 1.26237
783 795 -1.78183
783 927 0.01249
784 785 0.5146
784 796 1.6188
784 928 -0.10372
785 786 -0.43435
785 797 -0.99518
785 929 -1.80416
786 787 -1.17414
786 798 -0.94082
786 930 -0.53421
787 788 -0.05625
787 799 0.51664
787 931 0.40669
788 789 0.61353
788 800 -0.38325
788 932 0.38511
789 790 -1.70693
789 801 0.5659
789 933 1.41877
790 791 -0.45195
790 802 1.11064
790 934 0.35584
791 803 -0.62342
791 935 -0.94702
792 793 -0.36434
792 803 -0.48976
792 804 -0.35081
792 936 -1.57681
793 794 2.01849
793 805 -0.22348
793 937 -1.03091
794 795 0.71303
794 806 -0.76548
794 938 0.52598
795 796 1.56917
795 807 -0.15722
795 939 -0.16711
796 797 0.88311
796 808 -0.86882
796 940 -0.76012
797 798 -0.69956
797 809 -0.22012
797 941 1.04538
798 799 0.59145
798 810 -0.44215
798 942 1.07303
799 800 0.39223
799 811 0.28384
799 943 -0.82638
800 801 1.60795
800 812 0.37001
800 944 -0.99996
801 802 0.64873
801 813 -1.36497
801 945 0.36944
802 803 -0.43674
802 814 -0.95341
802 946 1.59038
803 815 1.39172
803 947 -0.88056
804 805 -0.62447
804 815 -1.27573
804 816 0.0253
804 948 -0.70321
805 806 2.012
805 817 1.03668
805 949 0.36321
806 807 0.49574
806 818 0.10643
806 950 -1.53128
807 808 0.81461
807 819 0.03912
807 951 -0.57494
808 809 -0.44242
808 820 1.45068
808 952 0.67049
809 810 1.00906
809 821 1.01603
809 953 0.20991
810 811 -1.66322
810 822 0.32619
810 954 0.40876
811 812 0.47378
811 823 -0.24824
811 955 0.39476
812 813 -1.67411
812 824 1.43581
812 956 0.93207
813 814 0.02024
813 825 0.2144
813 957 1.1923
814 815 -0.25417
814 826 -0.43148
814 958 -1.03172
815 827 0.11801
815 959 0.46498
816 817 -1.41519
816 827 -1.11336
816 828 0.70367
816 960 0.20898
817 818 -0.70185
817 829 -0.81079
817 961 -0.56355
818 819 -1.199
818 830 3.5204
818 962 0.83102
819 820 0.14986
819 831 0.37287
819 963 0.30974
820 821 -0.61461
820 832 -1.16877
820 964 1.47958
821 822 -0.1228
821 833 1.9324
821 965 -1.59908
822 823 -0.30398
822 834 0.44432
822 966 -0.91863
823 824 0.07915
823 835 0.22719
823 967 -0.13027
824 825 0.59198
824 836 -0.26734
824 968 0.06566
825 826 -0.61637
825 837 -0.30929
825 969 0.17863
826 827 0.48346
826 838 -0.42511
826 970 -0.28218
827 839 -1.17528
827 971 1.37197
828 829 1.26089
828 839 -0.70648
828 840 -1.22256
828 972 1.08087
829 830 1.17105
829 841 0.4607
829 973 -1.20037
830 831 -0.00684
830 842 -0.37399
830 974 2.11022
831 832 -0.49109
831 843 0.58308
831 975 -1.45167
832 833 1.03132
832 844 -0.06153
832 976 0.77745
833 834 1.41487
833 845 1.93453
833 977 -1.46737
834 835 1.41488
834 846 -0.65527
834 978 1.17642
835 836 -0.17116
835 847 0.27684
835 979 -1.26347
836 837 2.24376
836 848 -0.25212
836 980 2.02451
837 838 0.13322
837 849 0.76689
837 981 1.00231
838 839 1.03732
838 850 0.83851
838 982 -0.20379
839 851 -1.21046
839 983 0.68652
840 841 -0.72831
840 851 -0.89645
840 852 0.28596
840 984 -0.58607
841 842 1.01447
841 853 1.07606
841 985 0.62414
842 843 0.80102
842 854 -0.68076
842 986 0.99039
843 844 0.89377
843 855 -0.42488
843 987 0.02247
844 845 -0.06017
844 856 -1.1854
844 988 0.82859
845 846 -1.22146
845 857 0.04691
845 989 0.29268
846 847 -0.14574
846 858 -1.33355
846 990 -1.52257
847 848 -0.13431
847 859 0.77294
847 991 -1.4923
848 849 -1.04771
848 860 -0.10189
848 992 -1.69382
849 850 1.19242
849 861 1.22731
849 993 0.38903
850 851 -1.13412
850 862 0.96411
850 994 -0.78336
851 863 -1.171
851 995 -0.08894
852 853 -0.23028
852 863 -0.19472
852 996 0.35777
853 854 -0.25605
853 997 0.72428
854 855 -0.68038
854 998 -0.52333
855 856 -0.07718
855 999 1.31314
856 857 0.00147
856 1000 2.3802
857 858 0.47051
857 1001 1.79016
858 859 0.04136
858 1002 -2.01899
859 860 -2.92931
859 1003 -1.48534
860 861 -1.264
860 1004 -0.96575
861 862 -0.63242
861 1005 -1.04156
862 863 0.69805
862 1006 1.72028
863 1007 0.15514
864 865 0.70031
864 875 1.10583
864 876 -1.07368
864 996 -0.62223
864 1008 0.22312
865 866 1.00076
865 877 -0.93366
865 997 0.20159
865 1009 -0.38056
866 867 -0.44545
866 878 0.4061
866 998 0.09943
866 1010 -0.99642
867 868 -0.48294
867 879 0.82118
867 999 -0.20422
867 1011 0.51189
868 869 1.20126
868 880 -1.05733
868 1000 -1.3445
868 1012 -0.21706
869 870 -0.12091
869 881 -0.87325
869 1001 -0.59042
869 1013 -1.25785
870 871 -0.84589
870 882 -0.04886
870 1002 -0.7244
870 1014 -0.81027
871 872 1.86409
871 883 -1.578
871 1003 0.87408
871 1015 2.57476
872 873 -0.65835
872 884 0.25119
872 1004 -0.37039
872 1016 -1.02869
873 874 -1.08769
873 885 -0.04089
873 1005 -1.30759
873 1017 0.66498
874 875 -1.06033
874 886 -0.51043
874 1006 0.11947
874 1018 0.50313
875 887 -0.56293
875 1007 0.71904
875 1019 0.16638
876 877 -0.12082
876 887 0.04338
876 888 0.33607
876 1020 0.57312
877 878 0.02327
877 889 -2.02401
877 1021 -2.26712
878 879 -0.26971
878 890 -2.35302
878 1022 -0.74649
879 880 -0.41179
879 891 0.52163
879 1023 2.6371
880 881 -0.06185
880 892 0.63179
880 1024 -0.23201
881 882 -0.88182
881 893 0.97226
881 1025 0.38695
882 883 -0.12592
882 894 0.99028
882 1026 1.26165
883 884 0.62292
883 895 -0.93566
883 1027 0.79342
884 885 0.46391
884 896 -0.71037
884 1028 -0.40434
885 886 0.2325
885 897 -1.73323
885 1029 -0.88731
886 887 2.14524
886 898 -0.36645
886 1030 -0.28727
887 899 -0.51545
887 1031 0.93997
888 889 -0.8402
888 899 0.52055
888 900 -2.33225
888 1032 -0.78063
889 890 0.74253
889 901 -0.64869
889 1033 -0.59523
890 891 -1.43111
890 902 0.20531
890 1034 0.18756
891 892 -0.56031
891 903 1.10286
891 1035 -0.74514
892 893 1.83783
892 904 0.54574
892 1036 -0.2518
893 894 1.06504
893 905 1.25891
893 1037 -0.57
894 895 -0.60176
894 906 -0.53296
894 1038 -0.5406
895 896 -0.65446
895 907 0.1346
895 1039 0.32733
896 897 0.75096
896 908 -1.2589
896 1040 -0.3145
897 898 -0.83547
897 909 1.07281
897 1041 0.056
898 899 -0.48271
898 910 0.78485
898 1042 1.94249
899 911 1.07164
899 1043 -0.83736
900 901 0.05344
900 911 -0.27545
900 912 -1.66208
900 1044 0.71826
901 902 -0.84031
901 913 -1.67768
901 1045 1.419
902 903 -1.22254
902 914 0.04011
902 1046 -1.04435
903 904 -1.69929
903 915 0.7279
903 1047 1.73181
904 905 -0.95551
904 916 -1.11667
904 1048 -0.39997
905 906 1.23768
905 917 1.93083
905 1049 -0.85019
906 907 -0.35593
906 918 0.43841
906 1050 -1.02673
907 908 -0.75735
907 919 0.7045
907 1051 -1.13509
908 909 -1.63097
908 920 -0.03224
908 1052 0.69764
909 910 -0.55788
909 921 -1.58437
909 1053 -0.15858
910 911 -0.1186
910 922 -0.39961
910 1054 0.01105
911 923 -0.2693
911 1055 -0.93207
912 913 -0.13499
912 923 0.18434
912 924 -0.16446
912 1056 -0.82416
913 914 -0.35805
913 925 -2.32265
913 1057 -0.76589
914 915 0.05206
914 926 -0.45498
914 1058 0.16417
915 916 -1.27527
915 927 1.50134
915 1059 0.17051
916 917 -0.54277
916 928 0.32389
916 1060 0.39483
917 918 -0.27948
917 929 -1.18513
917 1061 -1.30638
918 919 1.52291
918 930 -0.46032
918 1062 -0.1831
919 920 -0.58555
919 931 -0.5867
919 1063 0.54078
920 921 -0.12596
920 932 -1.94258
920 1064 0.85278
921 922 -0.33952
921 933 0.39638
921 1065 -0.5262
922 923 0.27105
922 934 -2.8629
922 1066 -0.35561
923 935 -1.8462
923 1067 0.53923
924 925 2.45863
924 935 0.00205
924 936 -0.64082
924 1068 -0.84924
925 926 -1.58973
925 937 0.85033
925 1069 1.30911
926 927 0.95007
926 938 -0.97407
926 1070 -0.42124
927 928 0.44076
927 939 -0.63092
927 1071 -0.28081
928 929 1.561
928 940 -0.99233
928 1072 0.60494
929 930 -2.78611
929 941 0.64765
929 1073 -0.0827
930 931 -0.58302
930 942 -1.77895
930 1074 -1.0149
931 932 0.42585
931 943 -0.50428
931 1075 -0.21779
932 933 -0.22955
932 944 -1.78852
932 1076 0.3533
933 934 -3.40065
933 945 0.63026
933 1077 0.85779
934 935 0.17653
934 946 1.03596
934 1078 -0.30957
935 947 0.57458
935 1079 -0.82305
936 937 0.11033
936 947 0.23584
936 948 -0.13518
936 1080 3.09706
937 938 -0.17818
937 949 -0.13026
937 1081 0.83991
938 939 1.14729
938 950 1.04946
938 1082 -0.93081
939 940 -0.71979
939 951 -0.51784
939 1083 -0.33921
940 941 -2.21194
940 952 -1.14925
940 1084 1.18845
941 942 2.84995
941 953 1.02001
941 1085 1.24801
942 943 -1.14051
942 954 -0.13351
942 1086 1.30215
943 944 -1.07896
943 955 -0.65188
943 1087 -0.02463
944 945 0.00104
944 956 0.22118
944 1088 -2.7792
945 946 -0.01759
945 957 -1.32465
945 1089 1.75825
946 947 -1.10804
946 958 -1.11294
946 1090 -0.29119
947 959 0.06863
947 1091 0.19879
948 949 0.58558
948 959 2.05563
948 960 0.95713
948 1092 1.05994
949 950 -2.37634
949 961 -1.29147
949 1093 -0.64596
950 951 -1.07113
950 962 0.45929
950 1094 -0.57165
951 952 0.63587
951 963 0.95105
951 1095 -0.33851
952 953 -0.5056
952 964 0.40945
952 1096 1.56068
953 954 -1.97282
953 965 0.10613
953 1097 -0.10431
954 955 -1.63294
954 966 -1.75712
954 1098 1.76482
955 956 -0.62053
955 967 0.98419
955 1099 2.12624
956 957 0.23647
956 968 0.128
956 1100 0.5187
957 958 0.11124
957 969 0.67026
957 1101 -0.24831
958 959 0.6017
958 970 1.03121
958 1102 -0.22651
959 971 0.73346
959 1103 -0.23299
960 961 0.74336
960 971 -1.53751
960 972 0.34027
960 1104 -1.89471
961 962 -0.14805
961 973 0.08491
961 1105 0.28073
962 963 0.91727
962 974 -2.16225
962 1106 1.81572
963 964 -0.64169
963 975 0.99811
963 1107 -1.4249
964 965 0.544
964 976 -0.10117
964 1108 -0.29868
965 966 -1.62995
965 977 -0.05888
965 1109 1.76624
966 967 0.79702
966 978 1.10674
966 1110 -0.29182
967 968 0.81314
967 979 -1.3376
967 1111 -1.25392
968 969 1.11453
968 980 -0.85711
968 1112 -0.71375
969 970 -1.36383
969 981 -0.9013
969 1113 -0.81713
970 971 1.0023
970 982 -0.35117
970 1114 -0.8259
971 983 0.92179
971 1115 3.07363
972 973 -0.02004
972 983 -1.12122
972 984 0.41771
972 1116 -0.54864
973 974 0.39017
973 985 0.75035
973 1117 -0.75708
974 975 -0.88444
974 986 0.38349
974 1118 -1.30212
975 976 -0.88949
975 987 0.34478
975 1119 -1.11779
976 977 -0.51009
976 988 -2.28485
976 1120 0.32025
977 978 -0.56306
977 989 0.89601
977 1121 -0.37166
978 979 0.38967
978 990 -0.4674
978 1122 0.65735
979 980 -0.21732
979 991 -1.04377
979 1123 0.56428
980 981 -0.85917
980 992 0.58743
980 1124 1.64503
981 982 1.22408
981 993 0.29175
981 1125 1.18883
982 983 -0.98283
982 994 0.31941
982 1126 0.97096
983 995 2.65344
983 1127 0.9426
984 985 -0.5054
984 995 -0.04354
984 996 -1.67518
984 1128 1.2947
985 986 -0.84878
985 997 0.86807
985 1129 0.03594
986 987 -0.1039
986 998 -0.12912
986 1130 0.44321
987 988 -0.3464
987 999 -1.74947
987 1131 0.03085
988 989 -0.03932
988 1000 0.71268
988 1132 -0.0764
989 990 -0.74017
989 1001 1.51232
989 1133 -1.44849
990 991 0.13489
990 1002 -1.66252
990 1134 0.83544
991 992 1.01492
991 1003 -0.77078
991 1135 -0.12278
992 993 -1.66906
992 1004 -1.1086
992 1136 -1.15298
993 994 -0.59726
993 1005 -1.14571
993 1137 0.07383
994 995 1.30865
994 1006 -0.22968
994 1138 0.10627
995 1007 0.40693
995 1139 -1.12559
996 997 1.41926
996 1007 -0.43344
996 1140 0.47908
997 998 -0.35117
997 1141 -1.44159
998 999 1.04887
998 1142 -0.93383
999 1000 -2.68173
999 1143 1.55186
1000 1001 2.18827
1000 1144 -0.09664
1001 1002 0.40522
1001 1145 -0.50503
1002 1003 -1.07746
1002 1146 0.22152
1003 1004 -0.56125
1003 1147 -0.52207
1004 1005 -1.65435
1004 1148 -0.27021
1005 1006 0.53151
1005 1149 0.81934
1006 1007 -0.89191
1006 1150 -0.83372
1007 1151 0.7629
1008 1009 0.49183
1008 1019 0.76935
1008 1020 -0.11503
1008 1140 0.36982
1008 1152 0.77496
1009 1010 -0.42996
1009 1021 -0.58866
1009 1141 0.22368
1009 1153 1.57998
1010 1011 1.14566
1010 1022 0.22025
1010 1142 1.02898
1010 1154 0.04719
1011 1012 1.00763
1011 1023 1.54432
1011 1143 -1.86595
1011 1155 -2.37631
1012 1013 -0.51493
1012 1024 0.96248
1012 1144 -0.0237
1012 1156 1.18509
1013 1014 -1.19621
1013 1025 0.19732
1013 1145 -1.0223
1013 1157 -1.9775
1014 1015 1.27734
1014 1026 0.15337
1014 1146 0.31469
1014 1158 -0.9126
1015 1016 -1.30872
1015 1027 0.28156
1015 1147 0.71058
1015 1159 -0.24646
1016 1017 0.18875
1016 1028 0.86401
1016 1148 0.7549
1016 1160 0.05196
1017 1018 -1.47824
1017 1029 -0.61198
1017 1149 1.42732
1017 1161 -1.38736
1018 1019 0.19397
1018 1030 2.38128
1018 1150 -0.20367
1018 1162 -0.83977
1019 1031 -0.16327
1019 1151 0.27569
1019 1163 1.25774
1020 1021 -0.16933
1020 1031 -0.30601
1020 1032 1.52018
1020 1164 -0.04378
1021 1022 -0.85502
1021 1033 0.88526
1021 1165 -1.88504
1022 1023 1.52872
1022 1034 -1.13062
1022 1166 -1.08726
1023 1024 -0.11078
1023 1035 -0.40491
1023 1167 -0.85732
1024 1025 -0.06603
1024 1036 -0.40353
1024 1168 -0.70479
1025 1026 1.05658
1025 1037 -1.58899
1025 1169 -1.06762
1026 1027 0.1912
1026 1038 -0.48591
1026 1170 1.03648
1027 1028 0.64374
1027 1039 0.36145
1027 1171 2.52389
1028 1029 -0.18343
1028 1040 -0.65816
1028 1172 0.51035
1029 1030 0.39037
1029 1041 -0.40271
1029 1173 -0.41975
1030 1031 -1.31633
1030 1042 0.00257
1030 1174 -0.28233
1031 1043 -1.08517
1031 1175 1.19694
1032 1033 -0.28964
1032 1043 0.19647
1032 1044 -0.98425
1032 1176 1.57762
1033 1034 -1.0257
1033 1045 0.93821
1033 1177 -0.59872
1034 1035 0.11945
1034 1046 1.19598
1034 1178 -1.64599
1035 1036 0.73777
1035 1047 0.25512
1035 1179 -0.19175
1036 1037 0.65878
1036 1048 -1.45014
1036 1180 -0.66477
1037 1038 -1.99786
1037 1049 -1.21664
1037 1181 -0.28201
1038 1039 -1.7814
1038 1050 2.63605
1038 1182 0.98431
1039 1040 -0.07927
1039 1051 0.23191
1039 1183 0.68376
1040 1041 -0.72664
1040 1052 -1.24358
1040 1184 1.53359
1041 1042 -1.65599
1041 1053 -0.4548
1041 1185 -0.21133
1042 1043 0.64482
1042 1054 -1.77394
1042 1186 0.14026
1043 1055 -0.4346
1043 1187 -0.14435
1044 1045 0.6244
1044 1055 0.74288
1044 1056 0.53759
1044 1188 -1.53897
1045 1046 1.40901
1045 1057 -0.16766
1045 1189 -1.81174
1046 1047 2.32893
1046 1058 1.0077
1046 1190 0.32578
1047 1048 -1.0816
1047 1059 0.16657
1047 1191 0.27651
1048 1049 0.27539
1048 1060 -0.30744
1048 1192 0.32088
1049 1050 -1.98494
1049 1061 -0.4519
1049 1193 1.16376
1050 1051 1.00754
1050 1062 -0.17741
1050 1194 -0.70248
1051 1052 0.46403
1051 1063 -1.11739
1051 1195 -0.47677
1052 1053 -1.08616
1052 1064 -0.63668
1052 1196 -0.3139
1053 1054 -0.05906
1053 1065 -0.1281
1053 1197 -0.30791
1054 1055 1.20366
1054 1066 1.47853
1054 1198 -1.72147
1055 1067 -1.79676
1055 1199 1.18826
1056 1057 0.33467
1056 1067 -0.03766
1056 1068 -0.23419
1056 1200 1.14884
1057 1058 -2.95347
1057 1069 -0.32301
1057 1201 1.63645
1058 1059 0.62315
1058 1070 1.61367
1058 1202 -1.34046
1059 1060 0.35961
1059 1071 0.27494
1059 1203 0.76588
1060 1061 0.6582
1060 1072 0.53228
1060 1204 0.27613
1061 1062 1.17374
1061 1073 -1.55505
1061 1205 1.10309
1062 1063 -0.94426
1062 1074 1.22502
1062 1206 -0.14142
1063 1064 0.66892
1063 1075 -0.2406
1063 1207 1.08382
1064 1065 -0.0116
1064 1076 -0.91837
1064 1208 -0.75189
1065 1066 -1.13069
1065 1077 0.41649
1065 1209 -1.08038
1066 1067 -1.88686
1066 1078 -0.67274
1066 1210 -1.0414
1067 1079 1.00675
1067 1211 -0.25806
1068 1069 0.74761
1068 1079 -0.5225
1068 1080 0.4928
1068 1212 -0.37929
1069 1070 0.12018
1069 1081 0.53525
1069 1213 -2.63957
1070 1071 0.08198
1070 1082 1.21068
1070 1214 0.45076
1071 1072 -0.19316
1071 1083 2.32118
1071 1215 1.73065
1072 1073 1.58358
1072 1084 1.01185
1072 1216 0.72588
1073 1074 -0.90756
1073 1085 0.74216
1073 1217 0.207
1074 1075 0.63652
1074 1086 1.69321
1074 1218 0.11686
1075 1076 -0.77691
1075 1087 0.61
1075 1219 0.61895
1076 1077 -0.02228
1076 1088 0.36757
1076 1220 -1.35562
1077 1078 -0.1345
1077 1089 -1.09503
1077 1221 0.16377
1078 1079 -2.18344
1078 1090 0.14233
1078 1222 -2.22356
1079 1091 0.53915
1079 1223 1.97653
1080 1081 -1.16026
1080 1091 -0.39308
1080 1092 -0.94202
1080 1224 2.01721
1081 1082 -0.74694
1081 1093 1.09686
1081 1225 0.17826
1082 1083 0.16014
1082 1094 -0.40327
1082 1226 0.04661
1083 1084 -0.27448
1083 1095 -0.33802
1083 1227 0.85337
1084 1085 1.20539
1084 1096 0.85583
1084 1228 -0.94154
1085 1086 0.56741
1085 1097 -0.01695
1085 1229 1.19476
1086 1087 0.54104
1086 1098 -0.0846
1086 1230 -0.29952
1087 1088 1.36339
1087 1099 0.15864
1087 1231 0.19896
1088 1089 1.25302
1088 1100 1.15052
1088 1232 -1.12892
1089 1090 1.48076
1089 1101 1.43227
1089 1233 0.49437
1090 1091 0.29104
1090 1102 -0.64504
1090 1234 -1.39732
1091 1103 -2.20232
1091 1235 0.61943
1092 1093 0.62852
1092 1103 1.04668
1092 1104 0.3817
1092 1236 0.10166
1093 1094 1.55755
1093 1105 -0.84502
1093 1237 -0.00935
1094 1095 -0.18901
1094 1106 -1.70699
1094 1238 1.44204
1095 1096 -1.05368
1095 1107 0.01089
1095 1239 -0.78611
1096 1097 -0.70539
1096 1108 1.52127
1096 1240 1.07764
1097 1098 -0.52738
1097 1109 -0.79806
1097 1241 -1.29694
1098 1099 -0.04184
1098 1110 0.86385
1098 1242 0.77766
1099 1100 -0.24069
1099 1111 0.41689
1099 1243 -1.16053
1100 1101 0.72617
1100 1112 0.92526
1100 1244 -0.66724
1101 1102 -1.1963
1101 1113 0.26961
1101 1245 0.06519
1102 1103 -1.08027
1102 1114 -0.3393
1102 1246 -1.00777
1103 1115 -1.14666
1103 1247 0.3182
1104 1105 1.33362
1104 1115 1.15757
1104 1116 -0.88552
1104 1248 -0.75418
1105 1106 -0.21042
1105 1117 -0.33798
1105 1249 -0.61707
1106 1107 -0.52179
1106 1118 1.38691
1106 1250 0.46852
1107 1108 -0.0097
1107 1119 0.95698
1107 1251 1.58629
1108 1109 -0.28708
1108 1120 0.331
1108 1252 0.57177
1109 1110 0.84412
1109 1121 -0.24942
1109 1253 -0.02546
1110 1111 0.96978
1110 1122 -0.38571
1110 1254 -0.36426
1111 1112 -0.84525
1111 1123 0.84651
1111 1255 -0.45317
1112 1113 -0.13134
1112 1124 -0.03019
1112 1256 0.52485
1113 1114 0.48637
1113 1125 -0.17271
1113 1257 -1.19623
1114 1115 0.88753
1114 1126 -1.54517
1114 1258 1.28171
1115 1127 -0.91534
1115 1259 -0.83297
1116 1117 2.1787
1116 1127 -0.57219
1116 1128 1.8295
1116 1260 -0.29638
1117 1118 -0.40816
1117 1129 -0.60694
1117 1261 2.08785
1118 1119 0.15459
1118 1130 -1.05884
1118 1262 0.43948
1119 1120 -2.01437
1119 1131 0.19748
1119 1263 -0.41154
1120 1121 -2.07745
1120 1132 -0.81882
1120 1264 -0.22858
1121 1122 -0.23397
1121 1133 0.66755
1121 1265 -0.50927
1122 1123 0.95701
1122 1134 -1.09794
1122 1266 0.11839
1123 1124 -0.48399
1123 1135 -0.2643
1123 1267 -0.41008
1124 1125 -0.64353
1124 1136 0.0769
1124 1268 0.32378
1125 1126 0.95805
1125 1137 0.47619
1125 1269 -0.06866
1126 1127 0.10396
1126 1138 0.80164
1126 1270 -0.52035
1127 1139 -0.52692
1127 1271 0.63695
1128 1129 0.55061
1128 1139 0.55455
1128 1140 0.76008
1128 1272 0.36933
1129 1130 -1.05446
1129 1141 0.07502
1129 1273 -0.43354
1130 1131 -0.15498
1130 1142 -0.16523
1130 1274 -0.35705
1131 1132 -0.34993
1131 1143 -1.338
1131 1275 0.48803
1132 1133 0.25468
1132 1144 -0.58733
1132 1276 -2.48339
1133 1134 1.22188
1133 1145 0.04899
1133 1277 1.25386
1134 1135 -1.53743
1134 1146 -0.19303
1134 1278 -0.94718
1135 1136 -0.01514
1135 1147 -1.33715
1135 1279 -0.42616
1136 1137 -0.52085
1136 1148 -1.60126
1136 1280 0.59484
1137 1138 0.88698
1137 1149 -0.57632
1137 1281 -0.59957
1138 1139 1.21646
1138 1150 3.06317
1138 1282 -0.90368
1139 1151 0.41864
1139 1283 -0.70128
1140 1141 -0.57321
1140 1151 0.18928
1140 1284 0.62459
1141 1142 0.53067
1141 1285 0.01152
1142 1143 -1.39091
1142 1286 -0.71229
1143 1144 1.32043
1143 1287 -0.42107
1144 1145 0.10093
1144 1288 -0.8244
1145 1146 0.42503
1145 1289 0.54505
1146 1147 0.3323
1146 1290 0.84661
1147 1148 1.41907
1147 1291 -1.55075
1148 1149 0.79064
1148 1292 -0.93736
1149 1150 -0.21211
1149 1293 -1.95028
1150 1151 0.14724
1150 1294 3.37599
1151 1295 0.89566
1152 1153 -2.09163
1152 1163 1.98349
1152 1164 -0.18635
1152 1284 -0.20097
1152 1296 1.53741
1153 1154 -0.15236
1153 1165 1.65857
1153 1285 -1.22727
1153 1297 0.16169
1154 1155 -0.46034
1154 1166 0.88998
1154 1286 0.27851
1154 1298 -0.0281
1155 1156 -1.83396
1155 1167 0.81012
1155 1287 -1.79286
1155 1299 1.51332
1156 1157 1.1238
1156 1168 0.3172
1156 1288 1.53198
1156 1300 0.99049
1157 1158 1.22418
1157 1169 0.45754
1157 1289 -0.8409
1157 1301 -0.62286
1158 1159 -1.52064
1158 1170 1.44911
1158 1290 0.9082
1158 1302 -0.97415
1159 1160 -1.20188
1159 1171 -0.3206
1159 1291 -0.00736
1159 1303 0.56336
1160 1161 1.18984
1160 1172 -0.33574
1160 1292 1.25916
1160 1304 -1.08621
1161 1162 1.53405
1161 1173 1.81327
1161 1293 -0.80141
1161 1305 -0.65387
1162 1163 -0.50376
1162 1174 -2.38493
1162 1294 0.72818
1162 1306 -1.79564
1163 1175 0.86679
1163 1295 -0.76144
1163 1307 -0.13099
1164 1165 1.0602
1164 1175 0.46096
1164 1176 1.49787
1164 1308 -1.09824
1165 1166 0.25647
1165 1177 -0.60695
1165 1309 0.55092
1166 1167 -1.2675
1166 1178 0.75013
1166 1310 0.78102
1167 1168 1.06924
1167 1179 0.76728
1167 1311 -0.13875
1168 1169 1.88223
1168 1180 1.04439
1168 1312 -0.36084
1169 1170 -0.32929
1169 1181 1.53554
1169 1313 -0.0844
1170 1171 0.4841
1170 1182 0.01607
1170 1314 2.08874
1171 1172 1.21219
1171 1183 1.00497
1171 1315 0.50225
1172 1173 0.98461
1172 1184 -0.50151
1172 1316 0.36062
1173 1174 0.32188
1173 1185 0.54615
1173 1317 0.94527
1174 1175 -0.83657
1174 1186 -0.75583
1174 1318 1.63984
1175 1187 0.01476
1175 1319 0.12129
1176 1177 1.38166
1176 1187 -0.54138
1176 1188 -0.42745
1176 1320 -1.94785
1177 1178 -1.33926
1177 1189 -1.00602
1177 1321 -0.57275
1178 1179 0.49579
1178 1190 0.05461
1178 1322 -0.17051
1179 1180 -0.90122
1179 1191 -1.89933
1179 1323 -0.90593
1180 1181 0.9425
1180 1192 -1.33954
1180 1324 1.90143
1181 1182 2.54946
1181 1193 0.6264
1181 1325 -0.59017
1182 1183 -0.16481
1182 1194 -1.54671
1182 1326 0.55488
1183 1184 1.35336
1183 1195 0.83641
1183 1327 1.13358
1184 1185 0.64862
1184 1196 0.35558
1184 1328 -0.09675
1185 1186 -0.80207
1185 1197 -0.27119
1185 1329 0.09907
1186 1187 0.24849
1186 1198 -2.30448
1186 1330 -0.58992
1187 1199 0.66885
1187 1331 -0.2759
1188 1189 0.95113
1188 1199 -1.42804
1188 1200 0.57678
1188 1332 -0.35927
1189 1190 -0.32581
1189 1201 -2.84929
1189 1333 -0.2616
1190 1191 -0.91371
1190 1202 0.57326
1190 1334 0.25385
1191 1192 1.03635
1191 1203 -0.29305
1191 1335 0.27374
1192 1193 0.51743
1192 1204 -0.38854
1192 1336 -1.23111
1193 1194 -0.05527
1193 1205 -1.7787
1193 1337 1.65683
1194 1195 0.66538
1194 1206 0.43039
1194 1338 0.99162
1195 1196 0.38318
1195 1207 0.83971
1195 1339 0.54249
1196 1197 1.32433
1196 1208 -0.25784
1196 1340 -2.01495
1197 1198 0.26774
1197 1209 0.38584
1197 1341 1.05954
1198 1199 -0.33002
1198 1210 1.08279
1198 1342 1.34486
1199 1211 0.6649
1199 1343 -0.41304
1200 1201 -0.88094
1200 1211 0.95418
1200 1212 -0.19967
1200 1344 0.62548
1201 1202 0.76948
1201 1213 -0.7485
1201 1345 0.70285
1202 1203 -0.69678
1202 1214 -0.12029
1202 1346 -0.0373
1203 1204 -1.0191
1203 1215 0.31231
1203 1347 0.6194
1204 1205 -0.06131
1204 1216 -0.65522
1204 1348 1.61326
1205 1206 -1.05338
1205 1217 0.3236
1205 1349 -0.97437
1206 1207 0.22579
1206 1218 1.23209
1206 1350 -0.04161
1207 1208 -0.18114
1207 1219 -1.18072
1207 1351 1.3998
1208 1209 -0.29425
1208 1220 1.03275
1208 1352 -0.68343
1209 1210 0.80701
1209 1221 0.64541
1209 1353 -0.65546
1210 1211 -0.02667
1210 1222 -0.57563
1210 1354 0.99856
1211 1223 -0.0088
1211 1355 -0.03301
1212 1213 1.28802
1212 1223 0.08801
1212 1224 0.26511
1212 1356 -0.27287
1213 1214 0.14269
1213 1225 -0.14226
1213 1357 1.0437
1214 1215 0.10463
1214 1226 0.34763
1214 1358 -0.88609
1215 1216 -0.23223
1215 1227 -0.08506
1215 1359 -0.17341
1216 1217 -0.85344
1216 1228 0.20656
1216 1360 -1.47145
1217 1218 -2.95442
1217 1229 1.17506
1217 1361 1.27406
1218 1219 0.09212
1218 1230 1.14481
1218 1362 0.16292
1219 1220 -0.51877
1219 1231 -0.61326
1219 1363 0.15862
1220 1221 -1.23332
1220 1232 -0.83755
1220 1364 0.4934
1221 1222 0.08307
1221 1233 0.43678
1221 1365 1.49318
1222 1223 -1.03697
1222 1234 -0.01724
1222 1366 0.14887
1223 1235 -1.42843
1223 1367 0.44672
1224 1225 -0.40054
1224 1235 1.68419
1224 1236 0.43033
1224 1368 -0.44414
1225 1226 0.23063
1225 1237 0.14548
1225 1369 0.43926
1226 1227 0.58835
1226 1238 0.0567
1226 1370 -1.61043
1227 1228 -0.15981
1227 1239 -0.23439
1227 1371 -0.09224
1228 1229 -0.07566
1228 1240 0.62426
1228 1372 -1.4682
1229 1230 -0.96321
1229 1241 -3.00791
1229 1373 -1.26334
1230 1231 1.06348
1230 1242 -0.05289
1230 1374 -1.37706
1231 1232 1.77364
1231 1243 -0.19611
1231 1375 -1.74283
1232 1233 -1.45079
1232 1244 -0.99396
1232 1376 -1.56046
1233 1234 1.00494
1233 1245 0.23106
1233 1377 1.56436
1234 1235 -0.30154
1234 1246 1.16707
1234 1378 0.41014
1235 1247 -1.45802
1235 1379 -0.35831
1236 1237 -0.24293
1236 1247 0.0345
1236 1248 1.21163
1236 1380 1.09856
1237 1238 1.34795
1237 1249 -1.11462
1237 1381 0.39889
1238 1239 1.20254
1238 1250 0.85828
1238 1382 -0.97013
1239 1240 0.22627
1239 1251 -1.80949
1239 1383 -0.52991
1240 1241 -1.92344
1240 1252 0.61129
1240 1384 -0.17751
1241 1242 0.11603
1241 1253 -0.04546
1241 1385 0.10357
1242 1243 -1.54962
1242 1254 0.85152
1242 1386 0.3462
1243 1244 1.53488
1243 1255 1.11851
1243 1387 -0.18505
1244 1245 -1.45652
1244 1256 0.16512
1244 1388 0.15497
1245 1246 1.54179
1245 1257 0.74565
1245 1389 -0.4072
1246 1247 -0.99577
1246 1258 0.34303
1246 1390 0.33146
1247 1259 0.1646
1247 1391 1.15277
1248 1249 0.1862
1248 1259 0.4544
1248 1260 -2.26198
1248 1392 0.68595
1249 1250 -1.50711
1249 1261 -0.80499
1249 1393 -0.26378
1250 1251 -0.13442
1250 1262 -1.03051
1250 1394 -0.58836
1251 1252 1.15894
1251 1263 -1.23778
1251 1395 -1.12175
1252 1253 0.40747
1252 1264 -2.8835
1252 1396 -1.34782
1253 1254 -0.28046
1253 1265 0.52975
1253 1397 -1.19992
1254 1255 -0.71791
1254 1266 0.63914
1254 1398 -1.35667
1255 1256 1.99051
1255 1267 -0.38537
1255 1399 0.15023
1256 1257 0.10168
1256 1268 2.14126
1256 1400 -0.14019
1257 1258 2.45062
1257 1269 -0.53257
1257 1401 1.19455
1258 1259 0.3634
1258 1270 -0.13391
1258 1402 0.37926
1259 1271 -0.96699
1259 1403 -0.10592
1260 1261 0.92538
1260 1271 -0.20471
1260 1272 -0.78022
1260 1404 -0.93051
1261 1262 1.61291
1261 1273 -0.80961
1261 1405 1.06461
1262 1263 0.42095
1262 1274 0.79868
1262 1406 0.02117
1263 1264 0.25858
1263 1275 -0.25977
1263 1407 0.1794
1264 1265 1.58698
1264 1276 1.30927
1264 1408 -0.79423
1265 1266 -0.25702
1265 1277 1.10653
1265 1409 -1.04159
1266 1267 -0.4458
1266 1278 0.33729
1266 1410 -0.43322
1267 1268 -0.22313
1267 1279 -0.30209
1267 1411 -0.7238
1268 1269 1.46947
1268 1280 2.20759
1268 1412 0.28552
1269 1270 1.05708
1269 1281 -0.68994
1269 1413 2.16604
1270 1271 -0.12531
1270 1282 -0.86759
1270 1414 -0.13412
1271 1283 0.10686
1271 1415 -1.4213
1272 1273 0.24338
1272 1283 -0.27127
1272 1284 1.33522
1272 1416 -0.78032
1273 1274 0.90744
1273 1285 0.2515
1273 1417 -1.26124
1274 1275 0.99738
1274 1286 0.28543
1274 1418 -2.00692
1275 1276 -0.27191
1275 1287 0.3857
1275 1419 0.04447
1276 1277 0.88838
1276 1288 -0.5985
1276 1420 0.83584
1277 1278 -0.56989
1277 1289 1.00501
1277 1421 0.08283
1278 1279 0.02597
1278 1290 0.84815
1278 1422 0.16189
1279 1280 -0.16527
1279 1291 -0.79289
1279 1423 -1.5006
1280 1281 -2.3922
1280 1292 -0.02235
1280 1424 -1.26274
1281 1282 1.18525
1281 1293 -1.02065
1281 1425 1.04643
1282 1283 0.38176
1282 1294 -0.06225
1282 1426 0.24161
1283 1295 0.26598
1283 1427 -1.15874
1284 1285 1.75194
1284 1295 -1.11329
1284 1428 0.60386
1285 1286 0.20314
1285 1429 0.38338
1286 1287 1.11832
1286 1430 0.6543
1287 1288 -1.2772
1287 1431 0.23819
1288 1289 -2.12169
1288 1432 -0.62158
1289 1290 -0.42048
1289 1433 -0.06997
1290 1291 -0.69021
1290 1434 -1.57667
1291 1292 -0.74761
1291 1435 -0.15449
1292 1293 -0.2598
1292 1436 1.11497
1293 1294 -0.87093
1293 1437 0.1773
1294 1295 0.82636
1294 1438 -1.36635
1295 1439 -1.08997
1296 1297 0.48287
1296 1307 -1.81092
1296 1308 -1.70144
1296 1428 -0.5434
1296 1440 -0.84177
1297 1298 0.44467
1297 1309 -1.70871
1297 1429 0.00952
1297 1441 -2.18806
1298 1299 -0.86197
1298 1310 0.94288
1298 1430 2.08454
1298 1442 -0.21433
1299 1300 0.59933
1299 1311 -0.69794
1299 1431 -0.67427
1299 1443 -0.18893
1300 1301 0.04319
1300 1312 -0.85622
1300 1432 0.86789
1300 1444 -1.8058
1301 1302 -1.16282
1301 1313 -1.57904
1301 1433 -0.41709
1301 1445 0.64241
1302 1303 -0.11019
1302 1314 -0.94232
1302 1434 0.13479
1302 1446 0.4694
1303 1304 1.26736
1303 1315 -0.1722
1303 1435 0.39919
1303 1447 0.55848
1304 1305 -0.58901
1304 1316 -0.02032
1304 1436 1.22595
1304 1448 -0.96024
1305 1306 1.98544
1305 1317 -0.64796
1305 1437 0.99428
1305 1449 1.26971
1306 1307 0.39792
1306 1318 0.86765
1306 1438 0.69637
1306 1450 0.53026
1307 1319 -1.98196
1307 1439 -1.09827
1307 1451 0.35651
1308 1309 -1.90165
1308 1319 0.61708
1308 1320 -1.17287
1308 1452 1.88018
1309 1310 0.7534
1309 1321 0.62567
1309 1453 0.08723
1310 1311 0.45598
1310 1322 2.05531
1310 1454 -1.76611
1311 1312 1.02565
1311 1323 0.23667
1311 1455 0.10688
1312 1313 0.68146
1312 1324 1.87557
1312 1456 -0.13801
1313 1314 1.01704
1313 1325 -1.60704
1313 1457 -0.51347
1314 1315 -0.82604
1314 1326 -0.43126
1314 1458 0.47347
1315 1316 -1.32102
1315 1327 0.90471
1315 1459 -0.82989
1316 1317 0.66248
1316 1328 0.59975
1316 1460 -2.37426
1317 1318 0.77865
1317 1329 -0.90762
1317 1461 -2.07909
1318 1319 -0.35326
1318 1330 1.00929
1318 1462 2.07296
1319 1331 0.58532
1319 1463 1.17058
1320 1321 0.84389
1320 1331 1.79233
1320 1332 -0.99044
1320 1464 -0.3636
1321 1322 0.06322
1321 1333 -0.83685
1321 1465 1.10139
1322 1323 -0.30339
1322 1334 -0.70315
1322 1466 0.75139
1323 1324 0.2065
1323 1335 -0.25322
1323 1467 -1.70308
1324 1325 1.84843
1324 1336 -0.90583
1324 1468 0.33254
1325 1326 2.20713
1325 1337 -0.69199
1325 1469 0.23025
1326 1327 -1.02332
1326 1338 -0.02096
1326 1470 -0.11892
1327 1328 -0.14858
1327 1339 0.18947
1327 1471 -1.50799
1328 1329 0.87497
1328 1340 0.35478
1328 1472 1.10268
1329 1330 0.33676
1329 1341 0.91095
1329 1473 0.5906
1330 1331 1.04522
1330 1342 -0.56487
1330 1474 1.50525
1331 1343 0.37679
1331 1475 0.03015
1332 1333 1.15511
1332 1343 1.09474
1332 1344 -0.4064
1332 1476 -0.71595
1333 1334 1.12648
1333 1345 -0.81462
1333 1477 -1.04655
1334 1335 -0.18256
1334 1346 -0.87106
1334 1478 -0.8494
1335 1336 -0.2954
1335 1347 0.4016
1335 1479 -1.22345
1336 1337 -0.96412
1336 1348 -1.59055
1336 1480 1.19177
1337 1338 -0.09785
1337 1349 2.64454
1337 1481 -2.91254
1338 1339 0.6474
1338 1350 0.61444
1338 1482 1.49414
1339 1340 1.19764
1339 1351 -1.13596
1339 1483 1.37461
1340 1341 -0.51169
1340 1352 -1.33646
1340 1484 0.50454
1341 1342 -0.02037
1341 1353 0.48811
1341 1485 -0.65204
1342 1343 -0.52506
1342 1354 0.16139
1342 1486 -0.88025
1343 1355 0.13588
1343 1487 -0.51236
1344 1345 -1.8191
1344 1355 0.88333
1344 1356 0.72211
1344 1488 -0.23419
1345 1346 -0.38587
1345 1357 0.38385
1345 1489 -0.90402
1346 1347 0.22789
1346 1358 0.06641
1346 1490 1.49952
1347 1348 -0.16558
1347 1359 0.73298
1347 1491 -0.3343
1348 1349 1.70757
1348 1360 0.24716
1348 1492 -1.09802
1349 1350 1.70005
1349 1361 -0.15976
1349 1493 -0.07705
1350 1351 -1.08668
1350 1362 0.74129
1350 1494 -0.90016
1351 1352 0.01
1351 1363 1.31112
1351 1495 -2.01355
1352 1353 2.6536
1352 1364 0.27698
1352 1496 0.13023
1353 1354 -0.83436
1353 1365 0.12998
1353 1497 -0.25327
1354 1355 -0.61463
1354 1366 -0.10258
1354 1498 1.34097
1355 1367 -0.36089
1355 1499 1.27085
1356 1357 0.95684
1356 1367 -0.96103
1356 1368 -1.18985
1356 1500 -0.61972
1357 1358 -0.70614
1357 1369 0.79103
1357 1501 0.62475
1358 1359 1.59887
1358 1370 -0.74383
1358 1502 -0.54557
1359 1360 -0.06026
1359 1371 0.07558
1359 1503 1.08645
1360 1361 -0.80512
1360 1372 1.28514
1360 1504 0.15508
1361 1362 -0.23673
1361 1373 -1.51101
1361 1505 0.64929
1362 1363 -1.26322
1362 1374 -0.2307
1362 1506 -0.60589
1363 1364 1.30853
1363 1375 0.90229
1363 1507 -0.37017
1364 1365 -0.91412
1364 1376 0.56978
1364 1508 0.02587
1365 1366 0.56983
1365 1377 1.88815
1365 1509 1.13976
1366 1367 -0.27478
1366 1378 -2.60848
1366 1510 1.56422
1367 1379 0.08357
1367 1511 -0.56642
1368 1369 -1.65851
1368 1379 0.52665
1368 1380 -0.99335
1368 1512 -1.49773
1369 1370 0.3561
1369 1381 -1.17953
1369 1513 1.00728
1370 1371 -1.54554
1370 1382 0.15504
1370 1514 1.53541
1371 1372 0.79918
1371 1383 0.98491
1371 1515 -0.125
1372 1373 -0.02329
1372 1384 -1.25957
1372 1516 0.38164
1373 1374 0.37621
1373 1385 -0.16393
1373 1517 1.37698
1374 1375 -1.88714
1374 1386 -0.26818
1374 1518 -2.01977
1375 1376 -0.62336
1375 1387 -0.91414
1375 1519 0.32178
1376 1377 -0.04176
1376 1388 -0.09674
1376 1520 -1.22943
1377 1378 -0.18942
1377 1389 -2.63211
1377 1521 0.98322
1378 1379 0.87884
1378 1390 -0.01716
1378 1522 0.69508
1379 1391 0.28988
1379 1523 1.10096
1380 1381 -1.30295
1380 1391 1.72997
1380 1392 -0.04128
1380 1524 -0.47242
1381 1382 0.04344
1381 1393 -0.68512
1381 1525 0.2506
1382 1383 -0.02255
1382 1394 -1.02372
1382 1526 -0.76661
1383 1384 -0.99398
1383 1395 -0.4409
1383 1527 -1.03368
1384 1385 -1.8754
1384 1396 0.66277
1384 1528 -0.06859
1385 1386 -1.13442
1385 1397 0.06742
1385 1529 1.15423
1386 1387 1.05883
1386 1398 0.5289
1386 1530 -2.38146
1387 1388 0.34208
1387 1399 0.21776
1387 1531 -0.56506
1388 1389 -0.73347
1388 1400 1.84264
1388 1532 0.50451
1389 1390 1.33125
1389 1401 1.42764
1389 1533 0.01499
1390 1391 -0.8703
1390 1402 -0.58098
1390 1534 0.34453
1391 1403 2.74092
1391 1535 -0.7226
1392 1393 -1.17675
1392 1403 -1.624
1392 1404 -2.74969
1392 1536 1.47996
1393 1394 0.31343
1393 1405 -0.42839
1393 1537 -0.36761
1394 1395 0.31611
1394 1406 0.68558
1394 1538 1.31025
1395 1396 1.68876
1395 1407 -1.33579
1395 1539 0.59263
1396 1397 -0.45598
1396 1408 -0.16375
1396 1540 0.59086
1397 1398 1.27872
1397 1409 -0.89276
1397 1541 -0.02261
1398 1399 2.22256
1398 1410 -0.88729
1398 1542 0.6619
1399 1400 0.86834
1399 1411 0.77646
1399 1543 -1.08474
1400 1401 -0.66718
1400 1412 0.90905
1400 1544 -0.19554
1401 1402 0.29465
1401 1413 -0.02586
1401 1545 1.20674
1402 1403 -0.3196
1402 1414 -1.1846
1402 1546 -0.44274
1403 1415 1.08451
1403 1547 0.59524
1404 1405 2.40188
1404 1415 -0.72599
1404 1416 0.66633
1404 1548 -0.05991
1405 1406 -0.4949
1405 1417 0.50581
1405 1549 0.35828
1406 1407 0.05689
1406 1418 -0.96399
1406 1550 -0.71764
1407 1408 -1.82729
1407 1419 0.32171
1407 1551 0.45091
1408 1409 -0.82998
1408 1420 0.36152
1408 1552 -0.47886
1409 1410 -0.19011
1409 1421 -0.56486
1409 1553 0.23347
1410 1411 -0.40724
1410 1422 -0.83373
1410 1554 -0.58937
1411 1412 1.74478
1411 1423 -0.14764
1411 1555 -2.08386
1412 1413 -0.07361
1412 1424 0.40354
1412 1556 -0.32528
1413 1414 -1.52532
1413 1425 0.72744
1413 1557 0.34624
1414 1415 0.02667
1414 1426 -0.72943
1414 1558 0.73951
1415 1427 -1.65311
1415 1559 0.49196
1416 1417 0.25161
1416 1427 1.98724
1416 1428 1.19789
1416 1560 0.7216
1417 1418 -0.76501
1417 1429 0.22195
1417 1561 0.59532
1418 1419 -0.932
1418 1430 0.8096
1418 1562 0.25694
1419 1420 0.38072
1419 1431 0.50607
1419 1563 -0.49654
1420 1421 -0.36904
1420 1432 -1.3085
1420 1564 1.57428
1421 1422 -0.01132
1421 1433 -0.13559
1421 1565 -0.44122
1422 1423 -0.84472
1422 1434 1.48016
1422 1566 0.21974
1423 1424 -0.99518
1423 1435 1.1869
1423 1567 0.22809
1424 1425 0.82883
1424 1436 1.81811
1424 1568 -0.84627
1425 1426 1.57421
1425 1437 0.13745
1425 1569 1.02609
1426 1427 1.76112
1426 1438 -0.00608
1426 1570 1.10746
1427 1439 -0.0056
1427 1571 1.44534
1428 1429 -0.40055
1428 1439 0.04897
1428 1572 -0.54467
1429 1430 0.10251
1429 1573 0.51356
1430 1431 -0.1492
1430 1574 -0.24061
1431 1432 -1.47266
1431 1575 0.52803
1432 1433 -0.15915
1432 1576 -0.04412
1433 1434 0.86165
1433 1577 0.98775
1434 1435 -1.34583
1434 1578 0.73135
1435 1436 -0.19163
1435 1579 0.07655
1436 1437 0.14674
1436 1580 0.38113
1437 1438 -0.75639
1437 1581 -0.90976
1438 1439 0.5992
1438 1582 -1.00521
1439 1583 -0.4366
1440 1441 -0.26118
1440 1451 -0.39227
1440 1452 -0.24317
1440 1572 -0.10967
1440 1584 -0.93446
1441 1442 0.47708
1441 1453 0.6014
1441 1573 -0.18982
1441 1585 -0.00242
1442 1443 2.43005
1442 1454 0.93185
1442 1574 -1.2757
1442 1586 0.01546
1443 1444 0.0396
1443 1455 0.05093
1443 1575 -1.31059
1443 1587 -0.74792
1444 1445 1.75203
1444 1456 1.48194
1444 1576 1.04376
1444 1588 0.03502
1445 1446 -0.09628
1445 1457 -1.43874
1445 1577 -0.1106
1445 1589 1.11397
1446 1447 -0.63543
1446 1458 0.98235
1446 1578 -0.12637
1446 1590 0.31874
1447 1448 -1.03186
1447 1459 1.36984
1447 1579 -1.27895
1447 1591 0.11716
1448 1449 0.23868
1448 1460 -1.21675
1448 1580 0.21581
1448 1592 -1.71886
1449 1450 1.31451
1449 1461 0.14885
1449 1581 0.45364
1449 1593 2.03151
1450 1451 -0.16153
1450 1462 0.75998
1450 1582 -0.14846
1450 1594 -0.46155
1451 1463 -0.30955
1451 1583 -1.95612
1451 1595 1.02218
1452 1453 0.04195
1452 1463 -0.37508
1452 1464 -0.46261
1452 1596 0.86436
1453 1454 2.60707
1453 1465 0.03697
1453 1597 0.84094
1454 1455 1.29837
1454 1466 0.49196
1454 1598 -0.12411
1455 1456 -1.30002
1455 1467 -1.83748
1455 1599 -0.65627
1456 1457 -0.81381
1456 1468 2.22285
1456 1600 -1.33426
1457 1458 0.75051
1457 1469 -0.3534
1457 1601 2.66288
1458 1459 -0.85739
1458 1470 -1.26962
1458 1602 0.30299
1459 1460 0.15887
1459 1471 -0.36002
1459 1603 -0.63933
1460 1461 1.50419
1460 1472 -0.064
1460 1604 -2.58035
1461 1462 1.12262
1461 1473 1.37468
1461 1605 1.13245
1462 1463 -0.44345
1462 1474 -2.72068
1462 1606 1.66048
1463 1475 -1.65881
1463 1607 1.49156
1464 1465 -0.67196
1464 1475 -0.99828
1464 1476 -0.04981
1464 1608 -0.29383
1465 1466 -0.80772
1465 1477 -0.45076
1465 1609 0.31527
1466 1467 -0.083
1466 1478 0.39712
1466 1610 0.3926
1467 1468 0.33646
1467 1479 -0.17533
1467 1611 0.18897
1468 1469 1.27898
1468 1480 1.10312
1468 1612 -1.37284
1469 1470 0.59775
1469 1481 0.34725
1469 1613 0.67087
1470 1471 -1.43011
1470 1482 2.04278
1470 1614 -1.95014
1471 1472 -0.62171
1471 1483 -0.66984
1471 1615 1.09282
1472 1473 -1.14107
1472 1484 0.75886
1472 1616 0.87764
1473 1474 -0.07455
1473 1485 1.1484
1473 1617 -1.02781
1474 1475 0.8003
1474 1486 -1.06651
1474 1618 0.10925
1475 1487 -0.60609
1475 1619 0.15082
1476 1477 0.01702
1476 1487 0.66152
1476 1488 -0.00942
1476 1620 0.45746
1477 1478 0.43156
1477 1489 -1.10417
1477 1621 -0.50507
1478 1479 -1.16967
1478 1490 -1.30253
1478 1622 1.17445
1479 1480 -1.66822
1479 1491 -1.74475
1479 1623 -1.48219
1480 1481 -0.68567
1480 1492 1.86849
1480 1624 0.15576
1481 1482 0.48079
1481 1493 0.54446
1481 1625 1.73039
1482 1483 0.23604
1482 1494 0.14665
1482 1626 2.12484
1483 1484 0.0018
1483 1495 1.17552
1483 1627 -0.08159
1484 1485 -0.32524
1484 1496 0.04425
1484 1628 -2.51991
1485 1486 0.06476
1485 1497 -0.13351
1485 1629 0.67062
1486 1487 1.56533
1486 1498 -0.60815
1486 1630 0.73669
1487 1499 -0.8139
1487 1631 1.21039
1488 1489 -0.11521
1488 1499 0.42646
1488 1500 -0.22587
1488 1632 -0.56311
1489 1490 1.02769
1489 1501 1.04453
1489 1633 0.01597
1490 1491 -1.08638
1490 1502 0.31729
1490 1634 0.32743
1491 1492 1.3677
1491 1503 1.18329
1491 1635 1.65082
1492 1493 -0.71899
1492 1504 -0.85129
1492 1636 0.8396
1493 1494 0.91942
1493 1505 0.83699
1493 1637 0.24812
1494 1495 0.16475
1494 1506 0.85302
1494 1638 -1.22882
1495 1496 0.13163
1495 1507 0.79559
1495 1639 0.88874
1496 1497 0.42258
1496 1508 -1.59028
1496 1640 -1.05433
1497 1498 0.68147
1497 1509 0.30446
1497 1641 0.01316
1498 1499 0.23535
1498 1510 -1.01005
1498 1642 0.31912
1499 1511 -0.02207
1499 1643 1.21074
1500 1501 1.34292
1500 1511 -0.27816
1500 1512 0.66961
1500 1644 0.89546
1501 1502 -0.11336
1501 1513 -0.81211
1501 1645 0.92326
1502 1503 0.16808
1502 1514 -0.66437
1502 1646 0.14213
1503 1504 -0.68593
1503 1515 0.013
1503 1647 -0.97604
1504 1505 -0.60279
1504 1516 -2.22828
1504 1648 0.22579
1505 1506 0.77951
1505 1517 1.08856
1505 1649 -0.72386
1506 1507 0.8174
1506 1518 1.33959
1506 1650 -1.93493
1507 1508 0.16548
1507 1519 1.17125
1507 1651 0.05608
1508 1509 1.16856
1508 1520 0.50735
1508 1652 0.11296
1509 1510 2.38312
1509 1521 -0.82602
1509 1653 0.16817
1510 1511 -0.88943
1510 1522 -0.08371
1510 1654 0.34919
1511 1523 -0.29507
1511 1655 -0.82704
1512 1513 0.25461
1512 1523 1.38346
1512 1524 0.67086
1512 1656 1.0407
1513 1514 1.04554
1513 1525 0.90404
1513 1657 0.08676
1514 1515 0.09046
1514 1526 1.38182
1514 1658 0.93046
1515 1516 -0.07918
1515 1527 -0.73828
1515 1659 -1.91061
1516 1517 -1.13458
1516 1528 -0.20459
1516 1660 -1.97194
1517 1518 1.29736
1517 1529 1.53148
1517 1661 -1.10804
1518 1519 0.95178
1518 1530 -0.07704
1518 1662 1.74218
1519 1520 -0.42641
1519 1531 0.79398
1519 1663 -1.63289
1520 1521 -0.97692
1520 1532 0.31069
1520 1664 0.71647
1521 1522 0.20384
1521 1533 0.12583
1521 1665 -1.2254
1522 1523 0.15883
1522 1534 1.2297
1522 1666 -0.22099
1523 1535 0.528
1523 1667 -1.40053
1524 1525 0.24649
1524 1535 0.2708
1524 1536 -1.16928
1524 1668 0.22586
1525 1526 1.48687
1525 1537 -0.91863
1525 1669 -1.27707
1526 1527 0.79437
1526 1538 0.11151
1526 1670 -0.82429
1527 1528 -0.81545
1527 1539 -2.02819
1527 1671 -0.33652
1528 1529 2.17351
1528 1540 0.22742
1528 1672 -0.71908
1529 1530 -1.33802
1529 1541 -1.87628
1529 1673 0.70529
1530 1531 -0.1622
1530 1542 -1.94774
1530 1674 0.85754
1531 1532 -0.97185
1531 1543 0.86994
1531 1675 -0.67969
1532 1533 0.58837
1532 1544 -0.55919
1532 1676 -0.60985
1533 1534 0.15342
1533 1545 -1.02021
1533 1677 -0.28447
1534 1535 -0.02155
1534 1546 0.18393
1534 1678 -0.512
1535 1547 -0.96285
1535 1679 -0.38992
1536 1537 -0.7035
1536 1547 1.25739
1536 1548 -2.10371
1536 1680 0.95422
1537 1538 -0.98975
1537 1549 -0.12659
1537 1681 0.32742
1538 1539 0.23938
1538 1550 1.41283
1538 1682 -0.18321
1539 1540 1.55356
1539 1551 1.05603
1539 1683 0.22781
1540 1541 0.12405
1540 1552 0.78108
1540 1684 -0.12109
1541 1542 0.42053
1541 1553 -0.17185
1541 1685 1.07964
1542 1543 0.80693
1542 1554 -0.8967
1542 1686 -1.23553
1543 1544 0.55375
1543 1555 -0.44431
1543 1687 0.59521
1544 1545 0.9099
1544 1556 0.62091
1544 1688 1.00152
1545 1546 -1.7351
1545 1557 -1.72724
1545 1689 -0.82259
1546 1547 0.1314
1546 1558 0.86168
1546 1690 0.7125
1547 1559 0.41447
1547 1691 -0.15532
1548 1549 -1.3533
1548 1559 -0.11761
1548 1560 -0.38563
1548 1692 -0.18994
1549 1550 0.17189
1549 1561 1.36022
1549 1693 -0.94969
1550 1551 -0.16089
1550 1562 -0.82127
1550 1694 0.78714
1551 1552 -1.58796
1551 1563 -0.31806
1551 1695 0.58775
1552 1553 0.44846
1552 1564 -2.25585
1552 1696 -0.51415
1553 1554 -0.94024
1553 1565 -0.55975
1553 1697 -0.79954
1554 1555 0.66817
1554 1566 2.03196
1554 1698 2.11107
1555 1556 0.76055
1555 1567 0.87457
1555 1699 -1.01703
1556 1557 1.76638
1556 1568 1.07986
1556 1700 -0.12278
1557 1558 0.62686
1557 1569 1.05378
1557 1701 -0.52575
1558 1559 -1.18081
1558 1570 -0.36949
1558 1702 -1.02406
1559 1571 0.68868
1559 1703 -0.67923
1560 1561 1.31807
1560 1571 1.22401
1560 1572 -0.4519
1560 1704 0.56911
1561 1562 0.71969
1561 1573 0.63846
1561 1705 -0.74076
1562 1563 -0.17145
1562 1574 1.06697
1562 1706 -1.52385
1563 1564 -0.1475
1563 1575 -0.23381
1563 1707 -0.75125
1564 1565 0.00589
1564 1576 -1.45031
1564 1708 0.8775
1565 1566 -1.84255
1565 1577 -1.14531
1565 1709 -0.80269
1566 1567 -0.71741
1566 1578 -0.80779
1566 1710 -0.40671
1567 1568 1.22673
1567 1579 -1.46855
1567 1711 0.75703
1568 1569 0.01034
1568 1580 0.7361
1568 1712 0.13685
1569 1570 1.10599
1569 1581 0.73374
1569 1713 0.27995
1570 1571 0.11916
1570 1582 0.30788
1570 1714 -1.38848
1571 1583 -1.7601
1571 1715 -0.8559
1572 1573 -0.01261
1572 1583 1.27907
1572 1716 1.67809
1573 1574 0.06939
1573 1717 0.09124
1574 1575 -1.19159
1574 1718 -0.75346
1575 1576 1.70153
1575 1719 -0.3383
1576 1577 -0.87708
1576 1720 0.43023
1577 1578 0.62589
1577 1721 -0.22543
1578 1579 -0.95531
1578 1722 0.34012
1579 1580 0.64005
1579 1723 0.26402
1580 1581 -0.30519
1580 1724 -0.35112
1581 1582 1.49095
1581 1725 0.31437
1582 1583 -0.86431
1582 1726 1.12149
1583 1727 -1.08478
1584 1585 1.34297
1584 1595 -0.87928
1584 1596 0.91574
1584 1716 -0.43507
1585 1586 0.83529
1585 1597 -0.47896
1585 1717 -2.19514
1586 1587 0.04421
1586 1598 -0.97435
1586 1718 -1.52882
1587 1588 -1.23728
1587 1599 1.00065
1587 1719 -1.35753
1588 1589 -0.64767
1588 1600 2.6761
1588 1720 1.18105
1589 1590 0.57172
1589 1601 -0.02726
1589 1721 -0.271
1590 1591 -1.88067
1590 1602 0.65682
1590 1722 0.54508
1591 1592 -0.2031
1591 1603 -0.53975
1591 1723 1.04334
1592 1593 1.04176
1592 1604 -0.06782
1592 1724 -0.53353
1593 1594 0.81503
1593 1605 1.49564
1593 1725 -2.30252
1594 1595 0.20321
1594 1606 0.31215
1594 1726 -0.18683
1595 1607 0.00301
1595 1727 -0.59334
1596 1597 0.39863
1596 1607 1.07488
1596 1608 -1.74759
1597 1598 -0.28004
1597 1609 1.19119
1598 1599 -0.38782
1598 1610 0.02768
1599 1600 1.60361
1599 1611 1.37345
1600 1601 0.32209
1600 1612 -0.89147
1601 1602 0.18889
1601 1613 0.64413
1602 1603 1.49479
1602 1614 -0.49242
1603 1604 -1.22496
1603 1615 0.25568
1604 1605 2.29452
1604 1616 0.79923
1605 1606 -0.08148
1605 1617 0.58287
1606 1607 2.66113
1606 1618 -0.09958
1607 1619 0.2821
1608 1609 -0.12049
1608 1619 0.27463
1608 1620 -0.9456
1609 1610 0.07019
1609 1621 0.11539
1610 1611 -0.48657
1610 1622 1.2444
1611 1612 0.09209
1611 1623 -0.07643
1612 1613 0.75951
1612 1624 -0.71798
1613 1614 0.10044
1613 1625 0.52047
1614 1615 -1.24482
1614 1626 -0.48392
1615 1616 0.03743
1615 1627 -1.63497
1616 1617 0.96114
1616 1628 0.94942
1617 1618 0.0135
1617 1629 -1.35143
1618 1619 -0.22243
1618 1630 0.18062
1619 1631 1.34646
1620 1621 0.54941
1620 1631 0.5645
1620 1632 -0.84735
1621 1622 0.78705
1621 1633 -0.22912
1622 1623 -1.61065
1622 1634 -0.31458
1623 1624 1.20311
1623 1635 0.1999
1624 1625 0.42484
1624 1636 -0.8233
1625 1626 -0.41155
1625 1637 0.76109
1626 1627 -1.20776
1626 1638 1.79351
1627 1628 0.77924
1627 1639 0.38648
1628 1629 -0.33276
1628 1640 0.20881
1629 1630 -0.82007
1629 1641 0.71878
1630 1631 -1.30026
1630 1642 -0.05913
1631 1643 0.56088
1632 1633 -1.68202
1632 1643 1.07674
1632 1644 -1.12476
1633 1634 0.76872
1633 1645 -0.00198
1634 1635 -0.13888
1634 1646 -0.31423
1635 1636 0.62273
1635 1647 0.08489
1636 1637 -1.71196
1636 1648 -0.55376
1637 1638 -1.31801
1637 1649 -0.03196
1638 1639 -0.5013
1638 1650 2.45788
1639 1640 -2.43412
1639 1651 1.54991
1640 1641 -0.84213
1640 1652 -0.77518
1641 1642 -0.17949
1641 1653 -0.24956
1642 1643 0.82205
1642 1654 -0.75854
1643 1655 1.55601
1644 1645 -1.16515
1644 1655 -1.5258
1644 1656 0.17402
1645 1646 1.99941
1645 1657 0.39408
1646 1647 0.6627
1646 1658 -0.20779
1647 1648 0.45107
1647 1659 -1.1184
1648 1649 1.35553
1648 1660 -0.57901
1649 1650 0.41363
1649 1661 1.16896
1650 1651 0.66908
1650 1662 -0.24032
1651 1652 -0.28673
1651 1663 -0.72819
1652 1653 0.96704
1652 1664 -1.2058
1653 1654 -0.00568
1653 1665 -0.33323
1654 1655 0.61236
1654 1666 -2.19315
1655 1667 -0.58762
1656 1657 2.31865
1656 1667 -1.24475
1656 1668 0.44884
1657 1658 -2.56369
1657 1669 0.39534
1658 1659 0.17066
1658 1670 0.67935
1659 1660 0.9917
1659 1671 -0.93684
1660 1661 1.20321
1660 1672 0.51441
1661 1662 0.61286
1661 1673 -0.52887
1662 1663 -0.13127
1662 1674 -1.23453
1663 1664 -0.10345
1663 1675 -0.27695
1664 1665 1.79047
1664 1676 -1.09543
1665 1666 -0.02299
1665 1677 -1.0595
1666 1667 -0.7104
1666 1678 -0.2666
1667 1679 -1.32749
1668 1669 1.41146
1668 1679 -0.91696
1668 1680 -0.41815
1669 1670 -0.69628
1669 1681 -0.3264
1670 1671 0.83555
1670 1682 -1.38564
1671 1672 -0.0467
1671 1683 -0.13334
1672 1673 1.12304
1672 1684 1.29726
1673 1674 1.2337
1673 1685 0.58908
1674 1675 -0.53202
1674 1686 -0.14453
1675 1676 0.84117
1675 1687 -1.11434
1676 1677 1.08115
1676 1688 -0.87246
1677 1678 -0.16738
1677 1689 -0.25465
1678 1679 -0.3393
1678 1690 2.1921
1679 1691 0.67691
1680 1681 1.12879
1680 1691 -2.33595
1680 1692 -0.99266
1681 1682 -0.80317
1681 1693 -0.13722
1682 1683 -1.77448
1682 1694 0.28465
1683 1684 -0.03075
1683 1695 -0.37033
1684 1685 0.62405
1684 1696 1.51905
1685 1686 -0.53515
1685 1697 -0.1254
1686 1687 0.22429
1686 1698 0.54808
1687 1688 1.51967
1687 1699 -1.62176
1688 1689 0.17206
1688 1700 0.54567
1689 1690 -0.50966
1689 1701 0.38194
1690 1691 -1.56384
1690 1702 -0.24846
1691 1703 -0.3172
1692 1693 0.58508
1692 1703 -0.66826
1692 1704 0.12768
1693 1694 0.04066
1693 1705 1.37478
1694 1695 0.53319
1694 1706 0.92105
1695 1696 0.0887
1695 1707 0.05141
1696 1697 0.7162
1696 1708 -2.14113
1697 1698 -0.46288
1697 1709 0.82703
1698 1699 -0.55219
1698 1710 -1.49562
1699 1700 -0.34112
1699 1711 -0.15964
1700 1701 -0.68145
1700 1712 -0.05361
1701 1702 1.89449
1701 1713 0.56977
1702 1703 -0.88069
1702 1714 0.64823
1703 1715 -0.16023
1704 1705 -1.61232
1704 1715 -0.00357
1704 1716 0.08745
1705 1706 1.09589
1705 1717 1.00242
1706 1707 0.72691
1706 1718 -0.22604
1707 1708 -0.809
1707 1719 1.15592
1708 1709 -0.7097
1708 1720 1.02784
1709 1710 -0.20126
1709 1721 -0.01071
1710 1711 -1.05813
1710 1722 -0.5777
1711 1712 2.01143
1711 1723 1.59989
1712 1713 2.58732
1712 1724 0.01804
1713 1714 0.81559
1713 1725 0.25577
1714 1715 -0.84119
1714 1726 1.7273
1715 1727 -0.76511
1716 1717 -0.58709
1716 1727 0.8377
1717 1718 1.16603
1718 1719 0.25321
1719 1720 0.72308
1720 1721 -0.51173
1721 1722 0.03475
1722 1723 -1.23569
1723 1724 -0.27836
1724 1725 0.32568
1725 1726 -0.48865
1726 1727 0.85801
