# model=ea3d N=1728 meanJ=0 seed=3013739 distribution=gaussian field=0 num_fields=1728 num_couplings=5184 dim=3
0 0
1 0
2 0
3 0
4 0
5 0
6 0
7 0
8 0
9 0
10 0
11 0
12 0
13 0
14 0
15 0
16 0
17 0
18 0
19 0
20 0
21 0
22 0
23 0
24 0
25 0
26 0
27 0
28 0
29 0
30 0
31 0
32 0
33 0
34 0
35 0
36 0
37 0
38 0
39 0
40 0
41 0
42 0
43 0
44 0
45 0
46 0
47 0
48 0
49 0
50 0
51 0
52 0
53 0
54 0
55 0
56 0
57 0
58 0
59 0
60 0
61 0
62 0
63 0
64 0
65 0
66 0
67 0
68 0
69 0
70 0
71 0
72 0
73 0
74 0
75 0
76 0
77 0
78 0
79 0
80 0
81 0
82 0
83 0
84 0
85 0
86 0
87 0
88 0
89 0
90 0
91 0
92 0
93 0
94 0
95 0
96 0
97 0
98 0
99 0
100 0
101 0
102 0
103 0
104 0
105 0
106 0
107 0
108 0
109 0
110 0
111 0
112 0
113 0
114 0
115 0
116 0
117 0
118 0
119 0
120 0
121 0
122 0
123 0
124 0
125 0
126 0
127 0
128 0
129 0
130 0
131 0
132 0
133 0
134 0
135 0
136 0
137 0
138 0
139 0
140 0
141 0
142 0
143 0
144 0
145 0
146 0
147 0
148 0
149 0
150 0
151 0
152 0
153 0
154 0
155 0
156 0
157 0
158 0
159 0
160 0
161 0
162 0
163 0
164 0
165 0
166 0
167 0
168 0
169 0
170 0
171 0
172 0
173 0
174 0
175 0
176 0
177 0
178 0
179 0
180 0
181 0
182 0
183 0
184 0
185 0
186 0
187 0
188 0
189 0
190 0
191 0
192 0
193 0
194 0
195 0
196 0
197 0
198 0
199 0
200 0
201 0
202 0
203 0
204 0
205 0
206 0
207 0
208 0
209 0
210 0
211 0
212 0
213 0
214 0
215 0
216 0
217 0
218 0
219 0
220 0
221 0
222 0
223 0
224 0
225 0
226 0
227 0
228 0
229 0
230 0
231 0
232 0
233 0
234 0
235 0
236 0
237 0
238 0
239 0
240 0
241 0
242 0
243 0
244 0
245 0
246 0
247 0
248 0
249 0
250 0
251 0
252 0
253 0
254 0
255 0
256 0
257 0
258 0
259 0
260 0
261 0
262 0
263 0
264 0
265 0
266 0
267 0
268 0
269 0
270 0
271 0
272 0
273 0
274 0
275 0
276 0
277 0
278 0
279 0
280 0
281 0
282 0
283 0
284 0
285 0
286 0
287 0
288 0
289 0
290 0
291 0
292 0
293 0
294 0
295 0
296 0
297 0
298 0
299 0
300 0
301 0
302 0
303 0
304 0
305 0
306 0
307 0
308 0
309 0
310 0
311 0
312 0
313 0
314 0
315 0
316 0
317 0
318 0
319 0
320 0
321 0
322 0
323 0
324 0
325 0
326 0
327 0
328 0
329 0
330 0
331 0
332 0
333 0
334 0
335 0
336 0
337 0
338 0
339 0
340 0
341 0
342 0
343 0
344 0
345 0
346 0
347 0
348 0
349 0
350 0
351 0
352 0
353 0
354 0
355 0
356 0
357 0
358 0
359 0
360 0
361 0
362 0
363 0
364 0
365 0
366 0
367 0
368 0
369 0
370 0
371 0
372 0
373 0
374 0
375 0
376 0
377 0
378 0
379 0
380 0
381 0
382 0
383 0
384 0
385 0
386 0
387 0
388 0
389 0
390 0
391 0
392 0
393 0
394 0
395 0
396 0
397 0
398 0
399 0
400 0
401 0
402 0
403 0
404 0
405 0
406 0
407 0
408 0
409 0
410 0
411 0
412 0
413 0
414 0
415 0
416 0
417 0
418 0
419 0
420 0
421 0
422 0
423 0
424 0
425 0
426 0
427 0
428 0
429 0
430 0
431 0
432 0
433 0
434 0
435 0
436 0
437 0
438 0
439 0
440 0
441 0
442 0
443 0
444 0
445 0
446 0
447 0
448 0
449 0
450 0
451 0
452 0
453 0
454 0
455 0
456 0
457 0
458 0
459 0
460 0
461 0
462 0
463 0
464 0
465 0
466 0
467 0
468 0
469 0
470 0
471 0
472 0
473 0
474 0
475 0
476 0
477 0
478 0
479 0
480 0
481 0
482 0
483 0
484 0
485 0
486 0
487 0
488 0
489 0
490 0
491 0
492 0
493 0
494 0
495 0
496 0
497 0
498 0
499 0
500 0
501 0
502 0
503 0
504 0
505 0
506 0
507 0
508 0
509 0
510 0
511 0
512 0
513 0
514 0
515 0
516 0
517 0
518 0
519 0
520 0
521 0
522 0
523 0
524 0
525 0
526 0
527 0
528 0
529 0
530 0
531 0
532 0
533 0
534 0
535 0
536 0
537 0
538 0
539 0
540 0
541 0
542 0
543 0
544 0
545 0
546 0
547 0
548 0
549 0
550 0
551 0
552 0
553 0
554 0
555 0
556 0
557 0
558 0
559 0
560 0
561 0
562 0
563 0
564 0
565 0
566 0
567 0
568 0
569 0
570 0
571 0
572 0
573 0
574 0
575 0
576 0
577 0
578 0
579 0
580 0
581 0
582 0
583 0
584 0
585 0
586 0
587 0
588 0
589 0
590 0
591 0
592 0
593 0
594 0
595 0
596 0
597 0
598 0
599 0
600 0
601 0
602 0
603 0
604 0
605 0
606 0
607 0
608 0
609 0
610 0
611 0
612 0
613 0
614 0
615 0
616 0
617 0
618 0
619 0
620 0
621 0
622 0
623 0
624 0
625 0
626 0
627 0
628 0
629 0
630 0
631 0
632 0
633 0
634 0
635 0
636 0
637 0
638 0
639 0
640 0
641 0
642 0
643 0
644 0
645 0
646 0
647 0
648 0
649 0
650 0
651 0
652 0
653 0
654 0
655 0
656 0
657 0
658 0
659 0
660 0
661 0
662 0
663 0
664 0
665 0
666 0
667 0
668 0
669 0
670 0
671 0
672 0
673 0
674 0
675 0
676 0
677 0
678 0
679 0
680 0
681 0
682 0
683 0
684 0
685 0
686 0
687 0
688 0
689 0
690 0
691 0
692 0
693 0
694 0
695 0
696 0
697 0
698 0
699 0
700 0
701 0
702 0
703 0
704 0
705 0
706 0
707 0
708 0
709 0
710 0
711 0
712 0
713 0
714 0
715 0
716 0
717 0
718 0
719 0
720 0
721 0
722 0
723 0
724 0
725 0
726 0
727 0
728 0
729 0
730 0
731 0
732 0
733 0
734 0
735 0
736 0
737 0
738 0
739 0
740 0
741 0
742 0
743 0
744 0
745 0
746 0
747 0
748 0
749 0
750 0
751 0
752 0
753 0
754 0
755 0
756 0
757 0
758 0
759 0
760 0
761 0
762 0
763 0
764 0
765 0
766 0
767 0
768 0
769 0
770 0
771 0
772 0
773 0
774 0
775 0
776 0
777 0
778 0
779 0
780 0
781 0
782 0
783 0
784 0
785 0
786 0
787 0
788 0
789 0
790 0
791 0
792 0
793 0
794 0
795 0
796 0
797 0
798 0
799 0
800 0
801 0
802 0
803 0
804 0
805 0
806 0
807 0
808 0
809 0
810 0
811 0
812 0
813 0
814 0
815 0
816 0
817 0
818 0
819 0
820 0
821 0
822 0
823 0
824 0
825 0
826 0
827 0
828 0
829 0
830 0
831 0
832 0
833 0
834 0
835 0
836 0
837 0
838 0
839 0
840 0
841 0
842 0
843 0
844 0
845 0
846 0
847 0
848 0
849 0
850 0
851 0
852 0
853 0
854 0
855 0
856 0
857 0
858 0
859 0
860 0
861 0
862 0
863 0
864 0
865 0
866 0
867 0
868 0
869 0
870 0
871 0
872 0
873 0
874 0
875 0
876 0
877 0
878 0
879 0
880 0
881 0
882 0
883 0
884 0
885 0
886 0
887 0
888 0
889 0
890 0
891 0
892 0
893 0
894 0
895 0
896 0
897 0
898 0
899 0
900 0
901 0
902 0
903 0
904 0
905 0
906 0
907 0
908 0
909 0
910 0
911 0
912 0
913 0
914 0
915 0
916 0
917 0
918 0
919 0
920 0
921 0
922 0
923 0
924 0
925 0
926 0
927 0
928 0
929 0
930 0
931 0
932 0
933 0
934 0
935 0
936 0
937 0
938 0
939 0
940 0
941 0
942 0
943 0
944 0
945 0
946 0
947 0
948 0
949 0
950 0
951 0
952 0
953 0
954 0
955 0
956 0
957 0
958 0
959 0
960 0
961 0
962 0
963 0
964 0
965 0
966 0
967 0
968 0
969 0
970 0
971 0
972 0
973 0
974 0
975 0
976 0
977 0
978 0
979 0
980 0
981 0
982 0
983 0
984 0
985 0
986 0
987 0
988 0
989 0
990 0
991 0
992 0
993 0
994 0
995 0
996 0
997 0
998 0
999 0
1000 0
1001 0
1002 0
1003 0
1004 0
1005 0
1006 0
1007 0
1008 0
1009 0
1010 0
1011 0
1012 0
1013 0
1014 0
1015 0
1016 0
1017 0
1018 0
1019 0
1020 0
1021 0
1022 0
1023 0
1024 0
1025 0
1026 0
1027 0
1028 0
1029 0
1030 0
1031 0
1032 0
1033 0
1034 0
1035 0
1036 0
1037 0
1038 0
1039 0
1040 0
1041 0
1042 0
1043 0
1044 0
1045 0
1046 0
1047 0
1048 0
1049 0
1050 0
1051 0
1052 0
1053 0
1054 0
1055 0
1056 0
1057 0
1058 0
1059 0
1060 0
1061 0
1062 0
1063 0
1064 0
1065 0
1066 0
1067 0
1068 0
1069 0
1070 0
1071 0
1072 0
1073 0
1074 0
1075 0
1076 0
1077 0
1078 0
1079 0
1080 0
1081 0
1082 0
1083 0
1084 0
1085 0
1086 0
1087 0
1088 0
1089 0
1090 0
1091 0
1092 0
1093 0
1094 0
1095 0
1096 0
1097 0
1098 0
1099 0
1100 0
1101 0
1102 0
1103 0
1104 0
1105 0
1106 0
1107 0
1108 0
1109 0
1110 0
1111 0
1112 0
1113 0
1114 0
1115 0
1116 0
1117 0
1118 0
1119 0
1120 0
1121 0
1122 0
1123 0
1124 0
1125 0
1126 0
1127 0
1128 0
1129 0
1130 0
1131 0
1132 0
1133 0
1134 0
1135 0
1136 0
1137 0
1138 0
1139 0
1140 0
1141 0
1142 0
1143 0
1144 0
1145 0
1146 0
1147 0
1148 0
1149 0
1150 0
1151 0
1152 0
1153 0
1154 0
1155 0
1156 0
1157 0
1158 0
1159 0
1160 0
1161 0
1162 0
1163 0
1164 0
1165 0
1166 0
1167 0
1168 0
1169 0
1170 0
1171 0
1172 0
1173 0
1174 0
1175 0
1176 0
1177 0
1178 0
1179 0
1180 0
1181 0
1182 0
1183 0
1184 0
1185 0
1186 0
1187 0
1188 0
1189 0
1190 0
1191 0
1192 0
1193 0
1194 0
1195 0
1196 0
1197 0
1198 0
1199 0
1200 0
1201 0
1202 0
1203 0
1204 0
1205 0
1206 0
1207 0
1208 0
1209 0
1210 0
1211 0
1212 0
1213 0
1214 0
1215 0
1216 0
1217 0
1218 0
1219 0
1220 0
1221 0
1222 0
1223 0
1224 0
1225 0
1226 0
1227 0
1228 0
1229 0
1230 0
1231 0
1232 0
1233 0
1234 0
1235 0
1236 0
1237 0
1238 0
1239 0
1240 0
1241 0
1242 0
1243 0
1244 0
1245 0
1246 0
1247 0
1248 0
1249 0
1250 0
1251 0
1252 0
1253 0
1254 0
1255 0
1256 0
1257 0
1258 0
1259 0
1260 0
1261 0
1262 0
1263 0
1264 0
1265 0
1266 0
1267 0
1268 0
1269 0
1270 0
1271 0
1272 0
1273 0
1274 0
1275 0
1276 0
1277 0
1278 0
1279 0
1280 0
1281 0
1282 0
1283 0
1284 0
1285 0
1286 0
1287 0
1288 0
1289 0
1290 0
1291 0
1292 0
1293 0
1294 0
1295 0
1296 0
1297 0
1298 0
1299 0
1300 0
1301 0
1302 0
1303 0
1304 0
1305 0
1306 0
1307 0
1308 0
1309 0
1310 0
1311 0
1312 0
1313 0
1314 0
1315 0
1316 0
1317 0
1318 0
1319 0
1320 0
1321 0
1322 0
1323 0
1324 0
1325 0
1326 0
1327 0
1328 0
1329 0
1330 0
1331 0
1332 0
1333 0
1334 0
1335 0
1336 0
1337 0
1338 0
1339 0
1340 0
1341 0
1342 0
1343 0
1344 0
1345 0
1346 0
1347 0
1348 0
1349 0
1350 0
1351 0
1352 0
1353 0
1354 0
1355 0
1356 0
1357 0
1358 0
1359 0
1360 0
1361 0
1362 0
1363 0
1364 0
1365 0
1366 0
1367 0
1368 0
1369 0
1370 0
1371 0
1372 0
1373 0
1374 0
1375 0
1376 0
1377 0
1378 0
1379 0
1380 0
1381 0
1382 0
1383 0
1384 0
1385 0
1386 0
1387 0
1388 0
1389 0
1390 0
1391 0
1392 0
1393 0
1394 0
1395 0
1396 0
1397 0
1398 0
1399 0
1400 0
1401 0
1402 0
1403 0
1404 0
1405 0
1406 0
1407 0
1408 0
1409 0
1410 0
1411 0
1412 0
1413 0
1414 0
1415 0
1416 0
1417 0
1418 0
1419 0
1420 0
1421 0
1422 0
1423 0
1424 0
1425 0
1426 0
1427 0
1428 0
1429 0
1430 0
1431 0
1432 0
1433 0
1434 0
1435 0
1436 0
1437 0
1438 0
1439 0
1440 0
1441 0
1442 0
1443 0
1444 0
1445 0
1446 0
1447 0
1448 0
1449 0
1450 0
1451 0
1452 0
1453 0
1454 0
1455 0
1456 0
1457 0
1458 0
1459 0
1460 0
1461 0
1462 0
1463 0
1464 0
1465 0
1466 0
1467 0
1468 0
1469 0
1470 0
1471 0
1472 0
1473 0
1474 0
1475 0
1476 0
1477 0
1478 0
1479 0
1480 0
1481 0
1482 0
1483 0
1484 0
1485 0
1486 0
1487 0
1488 0
1489 0
1490 0
1491 0
1492 0
1493 0
1494 0
1495 0
1496 0
1497 0
1498 0
1499 0
1500 0
1501 0
1502 0
1503 0
1504 0
1505 0
1506 0
1507 0
1508 0
1509 0
1510 0
1511 0
1512 0
1513 0
1514 0
1515 0
1516 0
1517 0
1518 0
1519 0
1520 0
1521 0
1522 0
1523 0
1524 0
1525 0
1526 0
1527 0
1528 0
1529 0
1530 0
1531 0
1532 0
1533 0
1534 0
1535 0
1536 0
1537 0
1538 0
1539 0
1540 0
1541 0
1542 0
1543 0
1544 0
1545 0
1546 0
1547 0
1548 0
1549 0
1550 0
1551 0
1552 0
1553 0
1554 0
1555 0
1556 0
1557 0
1558 0
1559 0
1560 0
1561 0
1562 0
1563 0
1564 0
1565 0
1566 0
1567 0
1568 0
1569 0
1570 0
1571 0
1572 0
1573 0
1574 0
1575 0
1576 0
1577 0
1578 0
1579 0
1580 0
1581 0
1582 0
1583 0
1584 0
1585 0
1586 0
1587 0
1588 0
1589 0
1590 0
1591 0
1592 0
1593 0
1594 0
1595 0
1596 0
1597 0
1598 0
1599 0
1600 0
1601 0
1602 0
1603 0
1604 0
1605 0
1606 0
1607 0
1608 0
1609 0
1610 0
1611 0
1612 0
1613 0
1614 0
1615 0
1616 0
1617 0
1618 0
1619 0
1620 0
1621 0
1622 0
1623 0
1624 0
1625 0
1626 0
1627 0
1628 0
1629 0
1630 0
1631 0
1632 0
1633 0
1634 0
1635 0
1636 0
1637 0
1638 0
1639 0
1640 0
1641 0
1642 0
1643 0
1644 0
1645 0
1646 0
1647 0
1648 0
1649 0
1650 0
1651 0
1652 0
1653 0
1654 0
1655 0
1656 0
1657 0
1658 0
1659 0
1660 0
1661 0
1662 0
1663 0
1664 0
1665 0
1666 0
1667 0
1668 0
1669 0
1670 0
1671 0
1672 0
1673 0
1674 0
1675 0
1676 0
1677 0
1678 0
1679 0
1680 0
1681 0
1682 0
1683 0
1684 0
1685 0
1686 0
1687 0
1688 0
1689 0
1690 0
1691 0
1692 0
1693 0
1694 0
1695 0
1696 0
1697 0
1698 0
1699 0
1700 0
1701 0
1702 0
1703 0
1704 0
1705 0
1706 0
1707 0
1708 0
1709 0
1710 0
1711 0
1712 0
1713 0
1714 0
1715 0
1716 0
1717 0
1718 0
1719 0
1720 0
1721 0
1722 0
1723 0
1724 0
1725 0
1726 0
1727 0
0 1 0.61476
0 11 0.11882
0 12 2.00368
0 132 -0.41348
0 144 0.20258
0 1584 -2.33522
1 2 0.53062
1 13 0.41161
1 133 -0.10847
1 145 -0.70621
1 1585 1.00531
2 3 0.83782
2 14 -1.22326
2 134 -0.76322
2 146 -1.7379
2 1586 0.70316
3 4 -1.37962
3 15 -0.59965
3 135 -0.23905
3 147 -2.39169
3 1587 0.7438
4 5 1.04882
4 16 0.53603
4 136 1.49089
4 148 0.71836
4 1588 -1.19667
5 6 -0.21597
5 17 0.21324
5 137 -1.75003
5 149 1.27266
5 1589 0.01341
6 7 0.12922
6 18 1.82482
6 138 -0.87809
6 150 0.06987
6 1590 2.31395
7 8 1.23305
7 19 -1.29519
7 139 -0.60623
7 151 -0.84007
7 1591 -2.31577
8 9 0.13428
8 20 0.36401
8 140 0.14373
8 152 0.63521
8 1592 0.04482
9 10 2.08161
9 21 -1.27451
9 141 -1.43675
9 153 -0.07955
9 1593 -0.5722
10 11 0.00088
10 22 -0.24946
10 142 -1.73025
10 154 -1.12169
10 1594 0.41486
11 23 1.55282
11 143 0.91
11 155 0.69761
11 1595 0.42364
12 13 -1.13129
12 23 -1.09973
12 24 1.20696
12 156 -0.81568
12 1596 3.21515
13 14 1.02406
13 25 -0.91275
13 157 0.80852
13 1597 2.28424
14 15 -1.77775
14 26 0.96123
14 158 -0.36207
14 1598 1.90362
15 16 -0.37801
15 27 -0.70063
15 159 1.49548
15 1599 0.44764
16 17 0.94325
16 28 -1.37578
16 160 0.25175
16 1600 -1.27443
17 18 0.13749
17 29 0.60975
17 161 0.14885
17 1601 0.1747
18 19 -0.72087
18 30 -0.46038
18 162 0.96266
18 1602 0.51168
19 20 0.51636
19 31 2.10997
19 163 1.27029
19 1603 -0.39542
20 21 -0.19115
20 32 -0.61795
20 164 0.73441
20 1604 -0.72361
21 22 -0.82624
21 33 -2.06497
21 165 0.85551
21 1605 -0.41282
22 23 -0.32531
22 34 -0.98487
22 166 -0.01157
22 1606 0.28407
23 35 -1.1451
23 167 -0.12439
23 1607 1.01089
24 25 -0.46437
24 35 0.05395
24 36 -1.15976
24 168 1.05038
24 1608 -0.0211
25 26 0.29452
25 37 0.74622
25 169 -1.33702
25 1609 -0.40881
26 27 0.50257
26 38 -0.06403
26 170 -0.86516
26 1610 -0.63433
27 28 -0.2379
27 39 -0.04553
27 171 0.94554
27 1611 1.13482
28 29 0.16508
28 40 0.19565
28 172 0.69694
28 1612 0.96279
29 30 -0.39542
29 41 0.20271
29 173 1.50069
29 1613 1.67324
30 31 1.25685
30 42 0.80087
30 174 0.48596
30 1614 0.79651
31 32 -1.50799
31 43 -0.74907
31 175 0.53679
31 1615 -0.6657
32 33 -0.13359
32 44 0.63174
32 176 -1.3457
32 1616 0.72645
33 34 -1.37603
33 45 -1.25256
33 177 0.24713
33 1617 -0.29562
34 35 1.24187
34 46 -2.19354
34 178 -0.0448
34 1618 -0.10278
35 47 0.61944
35 179 1.74859
35 1619 -0.08582
36 37 2.18825
36 47 1.46733
36 48 0.42635
36 180 0.77805
36 1620 -0.53854
37 38 1.61894
37 49 1.84222
37 181 -1.21232
37 1621 -0.99287
38 39 0.19635
38 50 -0.79583
38 182 0.45298
38 1622 0.25913
39 40 0.16901
39 51 0.49564
39 183 -1.42755
39 1623 0.66392
40 41 -0.55563
40 52 0.59015
40 184 -0.17455
40 1624 -0.73315
41 42 1.08598
41 53 0.1181
41 185 -0.95229
41 1625 -1.52962
42 43 -0.22341
42 54 -0.99167
42 186 -0.89691
42 1626 -0.6573
43 44 1.67548
43 55 0.35029
43 187 -0.32761
43 1627 -0.52803
44 45 -1.33137
44 56 0.03461
44 188 -1.16686
44 1628 1.26997
45 46 -1.6831
45 57 1.22096
45 189 0.21621
45 1629 0.29529
46 47 -0.37918
46 58 -0.71666
46 190 -0.64678
46 1630 -0.96772
47 59 -1.53076
47 191 -0.50683
47 1631 0.7321
48 49 -1.27091
48 59 0.32919
48 60 -1.87079
48 192 0.70186
48 1632 0.27483
49 50 -1.21589
49 61 1.32802
49 193 -1.26838
49 1633 1.36915
50 51 -0.63178
50 62 0.13209
50 194 0.92711
50 1634 1.34517
51 52 -0.66956
51 63 0.18993
51 195 2.22066
51 1635 -0.60159
52 53 -1.78179
52 64 -0.70664
52 196 1.24042
52 1636 -1.52548
53 54 -0.23761
53 65 1.26709
53 197 0.42121
53 1637 -1.37894
54 55 -1.06166
54 66 -0.40249
54 198 0.40722
54 1638 0.11386
55 56 -0.04545
55 67 -1.45119
55 199 -0.11324
55 1639 -1.2005
56 57 -0.68567
56 68 -0.50275
56 200 -0.18613
56 1640 -1.03842
57 58 0.08806
57 69 2.74878
57 201 2.17161
57 1641 -0.86055
58 59 -0.35847
58 70 0.75813
58 202 1.08945
58 1642 -0.07844
59 71 -0.89845
59 203 0.58947
59 1643 -0.0508
60 61 0.95568
60 71 -1.37176
60 72 -2.02098
60 204 -0.266
60 1644 0.73028
61 62 0.47084
61 73 0.39449
61 205 -0.54346
61 1645 1.86904
62 63 -0.76768
62 74 -0.91833
62 206 -0.07534
62 1646 -2.66275
63 64 0.53567
63 75 0.0563
63 207 -1.4375
63 1647 -0.51206
64 65 0.90868
64 76 -0.28129
64 208 0.64178
64 1648 2.81673
65 66 1.57545
65 77 -1.58694
65 209 1.25937
65 1649 -1.56682
66 67 -2.76462
66 78 2.06257
66 210 -0.48111
66 1650 0.33611
67 68 1.38553
67 79 1.68209
67 211 -1.41105
67 1651 0.2871
68 69 0.03887
68 80 -1.68597
68 212 -0.55751
68 1652 0.56887
69 70 -1.45292
69 81 0.73411
69 213 -1.26456
69 1653 -0.4088
70 71 -0.80107
70 82 -0.5466
70 214 -0.28086
70 1654 -1.22416
71 83 0.6892
71 215 -2.03149
71 1655 0.18614
72 73 -1.16394
72 83 -1.01956
72 84 0.36627
72 216 2.13481
72 1656 0.54662
73 74 0.5921
73 85 0.2382
73 217 1.54374
73 1657 0.89451
74 75 -0.65328
74 86 0.7133
74 218 1.59149
74 1658 -0.57449
75 76 0.60527
75 87 -1.30499
75 219 0.41489
75 1659 1.10414
76 77 -1.42759
76 88 0.11822
76 220 0.92439
76 1660 -0.52842
77 78 1.66233
77 89 -3.43572
77 221 1.77386
77 1661 -0.66729
78 79 -0.03884
78 90 1.26695
78 222 0.93215
78 1662 -0.42183
79 80 1.54624
79 91 -2.31276
79 223 2.94516
79 1663 -0.72044
80 81 -0.96322
80 92 0.65589
80 224 -0.04471
80 1664 1.45999
81 82 -1.1336
81 93 1.05141
81 225 -0.44319
81 1665 1.23523
82 83 0.89115
82 94 1.76617
82 226 0.12222
82 1666 1.39546
83 95 -0.83481
83 227 0.58584
83 1667 -0.98955
84 85 -0.17809
84 95 -1.08361
84 96 -0.48657
84 228 0.47367
84 1668 0.71462
85 86 0.63916
85 97 -0.27739
85 229 0.72842
85 1669 -0.03061
86 87 -1.74279
86 98 0.69553
86 230 -0.40539
86 1670 -0.97905
87 88 -0.7716
87 99 1.29227
87 231 -0.0938
87 1671 0.94801
88 89 0.52743
88 100 1.83882
88 232 0.30938
88 1672 -0.10462
89 90 -0.72438
89 101 0.49811
89 233 -0.47431
89 1673 -0.32761
90 91 -0.02558
90 102 -0.14092
90 234 0.52773
90 1674 -1.44755
91 92 0.17454
91 103 -0.40373
91 235 -0.85766
91 1675 1.25353
92 93 -1.63435
92 104 0.73053
92 236 0.13516
92 1676 1.69788
93 94 -0.05903
93 105 0.40529
93 237 0.24148
93 1677 0.2947
94 95 -1.43442
94 106 -0.53974
94 238 0.66763
94 1678 -0.28288
95 107 1.86246
95 239 -0.1844
95 1679 1.26491
96 97 1.10435
96 107 0.31093
96 108 1.32817
96 240 -1.79677
96 1680 0.6634
97 98 -0.54672
97 109 0.62517
97 241 -0.80491
97 1681 -1.0458
98 99 -0.31282
98 110 0.15211
98 242 0.04945
98 1682 -0.2266
99 100 0.23302
99 111 -0.33919
99 243 -1.32614
99 1683 -1.76067
100 101 0.05293
100 112 0.42329
100 244 0.95724
100 1684 -0.57533
101 102 -0.68488
101 113 -1.09932
101 245 0.32778
101 1685 -2.12393
102 103 -0.13051
102 114 0.65728
102 246 0.3471
102 1686 -1.31835
103 104 2.00289
103 115 0.84067
103 247 -2.30027
103 1687 -0.16308
104 105 -0.07562
104 116 0.10055
104 248 0.78171
104 1688 -0.89353
105 106 -1.11595
105 117 1.57385
105 249 -1.17066
105 1689 1.05311
106 107 0.94996
106 118 -0.29612
106 250 0.02905
106 1690 -0.99321
107 119 0.51532
107 251 -1.68097
107 1691 -0.33341
108 109 2.02751
108 119 0.47612
108 120 -0.61524
108 252 -0.00502
108 1692 0.899
109 110 0.35294
109 121 1.60769
109 253 -0.10077
109 1693 -0.23154
110 111 1.11011
110 122 -0.27869
110 254 0.64708
110 1694 2.03978
111 112 -1.04682
111 123 -0.26536
111 255 0.91654
111 1695 -0.04844
112 113 0.45796
112 124 0.37941
112 256 2.02174
112 1696 -0.63003
113 114 1.96583
113 125 0.20717
113 257 -0.87065
113 1697 0.90894
114 115 0.34589
114 126 -0.2377
114 258 0.01017
114 1698 -0.93239
115 116 0.11606
115 127 0.14901
115 259 0.48904
115 1699 1.17722
116 117 -1.13555
116 128 -1.24252
116 260 -0.69923
116 1700 0.99675
117 118 -1.74539
117 129 1.28259
117 261 0.45525
117 1701 -0.59393
118 119 0.00147
118 130 -0.53333
118 262 1.67886
118 1702 0.54224
119 131 0.20313
119 263 0.29799
119 1703 -1.10289
120 121 1.46
120 131 0.62075
120 132 0.53936
120 264 0.41868
120 1704 0.30803
121 122 -0.96107
121 133 1.2525
121 265 -2.18253
121 1705 0.6389
122 123 0.88665
122 134 -0.04246
122 266 -1.07929
122 1706 -0.71356
123 124 1.77636
123 135 -0.07602
123 267 0.40504
123 1707 -1.38225
124 125 1.45239
124 136 1.34916
124 268 1.33533
124 1708 1.03717
125 126 -1.22193
125 137 0.0006
125 269 1.40805
125 1709 -0.59297
126 127 -1.61298
126 138 1.1451
126 270 -0.2247
126 1710 0.54367
127 128 -0.73519
127 139 0.77131
127 271 0.46496
127 1711 -1.4199
128 129 0.29004
128 140 1.32793
128 272 1.84133
128 1712 1.37566
129 130 -1.74727
129 141 1.02389
129 273 2.52677
129 1713 -0.2557
130 131 0.272
130 142 0.87606
130 274 0.2274
130 1714 0.29167
131 143 -1.28123
131 275 0.81573
131 1715 -1.1825
132 133 -0.93839
132 143 0.56948
132 276 -1.33741
132 1716 1.57125
133 134 0.94939
133 277 -0.57958
133 1717 1.22808
134 135 -1.01961
134 278 0.7895
134 1718 0.77702
135 136 0.61804
135 279 -0.64251
135 1719 -0.1489
136 137 0.00865
136 280 0.0196
136 1720 -0.26163
137 138 -0.0574
137 281 -0.27105
137 1721 1.06191
138 139 0.52687
138 282 0.3535
138 1722 -0.1189
139 140 -1.13424
139 283 -1.39822
139 1723 -1.4434
140 141 -0.09211
140 284 -0.56517
140 1724 0.40212
141 142 -0.42441
141 285 1.68515
141 1725 0.36133
142 143 -1.74709
142 286 0.74642
142 1726 2.05041
143 287 0.28834
143 1727 1.89847
144 145 0.59842
144 155 -1.15562
144 156 -0.35038
144 276 0.18288
144 288 0.25322
145 146 -0.46342
145 157 -1.56395
145 277 0.70829
145 289 1.83214
146 147 0.76906
146 158 0.93058
146 278 0.11535
146 290 -3.05224
147 148 1.32948
147 159 -0.0859
147 279 -1.54433
147 291 0.73612
148 149 0.22649
148 160 0.91486
148 280 1.55732
148 292 -0.4343
149 150 0.34191
149 161 1.71073
149 281 -0.16935
149 293 0.56659
150 151 0.56812
150 162 -0.35771
150 282 -1.29939
150 294 0.61247
151 152 0.1708
151 163 -1.09751
151 283 -0.59498
151 295 0.14575
152 153 1.2344
152 164 1.22652
152 284 0.53846
152 296 -0.2106
153 154 0.88634
153 165 0.49009
153 285 -0.18408
153 297 0.13853
154 155 1.32992
154 166 0.22381
154 286 -0.38341
154 298 -0.01592
155 167 2.22762
155 287 -0.52922
155 299 0.68122
156 157 1.03806
156 167 -1.72976
156 168 0.65158
156 300 -0.03391
157 158 -0.43596
157 169 0.08309
157 301 1.22289
158 159 1.00729
158 170 -0.31211
158 302 0.13271
159 160 0.52412
159 171 -0.34226
159 303 0.06448
160 161 -0.08638
160 172 1.33725
160 304 0.00039
161 162 2.44354
161 173 0.46423
161 305 1.51756
162 163 -0.54491
162 174 0.86943
162 306 -1.24165
163 164 0.30864
163 175 -0.98084
163 307 -1.29693
164 165 0.15892
164 176 0.27696
164 308 -0.28955
165 166 1.13639
165 177 -0.96513
165 309 -0.33959
166 167 1.7434
166 178 -0.78353
166 310 1.06822
167 179 -0.72452
167 311 -1.0015
168 169 -2.09017
168 179 1.4134
168 180 -0.61804
168 312 0.49795
169 170 0.7722
169 181 -1.43584
169 313 -0.62477
170 171 0.71324
170 182 0.13473
170 314 1.4929
171 172 -0.19485
171 183 1.01005
171 315 -0.59258
172 173 0.35459
172 184 0.52565
172 316 2.01482
173 174 0.28634
173 185 0.42464
173 317 0.12021
174 175 1.58945
174 186 -0.19945
174 318 -2.23964
175 176 1.36378
175 187 -0.56738
175 319 0.08449
176 177 -1.10764
176 188 0.48382
176 320 1.50688
177 178 1.3033
177 189 -1.19634
177 321 0.2704
178 179 0.85073
178 190 -1.08917
178 322 1.09411
179 191 0.42794
179 323 -1.15707
180 181 0.01145
180 191 -0.51214
180 192 -1.55442
180 324 0.28804
181 182 -0.08596
181 193 -2.42639
181 325 -0.7189
182 183 0.89103
182 194 1.63768
182 326 -0.34873
183 184 -0.88168
183 195 0.05696
183 327 1.10599
184 185 0.26511
184 196 -0.61193
184 328 -1.27281
185 186 -0.43611
185 197 -1.4515
185 329 -0.80102
186 187 0.94956
186 198 -0.54778
186 330 0.40575
187 188 -1.00476
187 199 0.36929
187 331 1.69558
188 189 -2.58477
188 200 -0.06372
188 332 -0.79273
189 190 -1.27436
189 201 -0.11903
189 333 -0.77787
190 191 0.27992
190 202 -0.0705
190 334 0.60951
191 203 1.05385
191 335 2.44459
192 193 -0.37376
192 203 0.13208
192 204 2.1496
192 336 0.48515
193 194 -0.6629
193 205 0.21396
193 337 -0.92795
194 195 -0.60654
194 206 0.13504
194 338 -0.04765
195 196 0.14319
195 207 -0.20518
195 339 -0.47873
196 197 1.54214
196 208 -0.8564
196 340 -1.08856
197 198 1.62584
197 209 1.76592
197 341 -0.28813
198 199 -0.84566
198 210 -0.6336
198 342 -1.18903
199 200 -1.26855
199 211 1.27473
199 343 -0.49615
200 201 0.7981
200 212 1.09513
200 344 1.72697
201 202 0.77285
201 213 0.00957
201 345 -0.43249
202 203 -0.38305
202 214 0.76955
202 346 -0.2357
203 215 -0.28405
203 347 -1.19869
204 205 0.92698
204 215 -0.02
204 216 -0.1541
204 348 0.87737
205 206 0.22715
205 217 0.31046
205 349 -0.88422
206 207 0.11442
206 218 -0.10612
206 350 0.27681
207 208 -1.52548
207 219 -0.04454
207 351 1.41758
208 209 0.99587
208 220 -0.40095
208 352 -0.31555
209 210 -1.67702
209 221 -0.85886
209 353 0.31919
210 211 0.8961
210 222 2.56436
210 354 -0.65345
211 212 2.60387
211 223 0.65159
211 355 1.97932
212 213 -0.3628
212 224 -1.07165
212 356 -0.97675
213 214 -1.19317
213 225 0.04703
213 357 -0.28568
214 215 -1.3516
214 226 0.55931
214 358 -1.48485
215 227 -1.45142
215 359 0.57055
216 217 -0.47209
216 227 -0.80283
216 228 -0.42168
216 360 -0.23676
217 218 1.32173
217 229 0.09532
217 361 -0.32083
218 219 -1.13508
218 230 0.02991
218 362 -0.16708
219 220 1.25802
219 231 2.35553
219 363 0.59384
220 221 0.21246
220 232 -0.38407
220 364 1.72283
221 222 -0.26951
221 233 1.28548
221 365 -0.12958
222 223 -1.57247
222 234 0.47605
222 366 1.48503
223 224 0.56438
223 235 -0.63644
223 367 1.45531
224 225 0.32708
224 236 -0.18475
224 368 0.54035
225 226 -0.9188
225 237 0.53742
225 369 0.16965
226 227 -0.55744
226 238 0.78815
226 370 0.93984
227 239 -0.95724
227 371 -0.46791
228 229 0.90524
228 239 -1.67526
228 240 0.7089
228 372 -1.32325
229 230 0.30568
229 241 0.73577
229 373 -0.57007
230 231 0.25065
230 242 0.66029
230 374 -1.57623
231 232 0.23359
231 243 -0.71376
231 375 -0.51074
232 233 -0.22027
232 244 -1.41012
232 376 0.42053
233 234 0.44771
233 245 0.55179
233 377 -1.06864
234 235 -0.93643
234 246 -2.38578
234 378 -0.35777
235 236 -0.79728
235 247 -1.39466
235 379 -0.88318
236 237 -0.15375
236 248 -1.12445
236 380 -2.09501
237 238 -1.44509
237 249 -1.83221
237 381 0.12601
238 239 -2.12205
238 250 0.50199
238 382 1.19285
239 251 0.05039
239 383 -0.42631
240 241 -1.03181
240 251 -0.23498
240 252 -0.78047
240 384 0.63237
241 242 1.23202
241 253 -1.08518
241 385 -0.34264
242 243 1.18551
242 254 -0.88418
242 386 -0.11024
243 244 -1.02745
243 255 -2.2084
243 387 -0.25317
244 245 2.36132
244 256 1.23113
244 388 -0.05873
245 246 -0.36835
245 257 -0.19133
245 389 1.0116
246 247 -1.70945
246 258 1.3193
246 390 1.14563
247 248 -1.10013
247 259 0.50573
247 391 1.23333
248 249 1.26015
248 260 -1.27443
248 392 -0.20655
249 250 0.66737
249 261 1.01444
249 393 0.96213
250 251 0.32522
250 262 -1.21881
250 394 0.59455
251 263 -1.05797
251 395 1.01132
252 253 -0.37272
252 263 0.08311
252 264 0.48822
252 396 1.35202
253 254 -0.70896
253 265 0.09296
253 397 -0.99873
254 255 -0.0159
254 266 -0.6783
254 398 -0.46373
255 256 -1.25776
255 267 -0.50587
255 399 -0.94329
256 257 2.29946
256 268 -0.3507
256 400 0.95678
257 258 0.54385
257 269 0.45143
257 401 -0.58607
258 259 1.09313
258 270 0.8809
258 402 -0.73598
259 260 0.44026
259 271 0.43257
259 403 0.00257
260 261 0.11658
260 272 -0.49309
260 404 -0.53508
261 262 -0.22684
261 273 0.88108
261 405 1.59711
262 263 0.69575
262 274 -0.75046
262 406 0.93719
263 275 -1.07723
263 407 -0.93344
264 265 0.48984
264 275 -0.23879
264 276 0.83
264 408 -1.60649
265 266 -0.08152
265 277 0.07312
265 409 -0.42442
266 267 0.82154
266 278 -0.10617
266 410 0.82947
267 268 0.52189
267 279 -0.77285
267 411 1.26961
268 269 1.25789
268 280 -0.31554
268 412 0.56722
269 270 -0.6679
269 281 0.33642
269 413 0.63094
270 271 0.02929
270 282 -0.85005
270 414 0.37498
271 272 -1.2946
271 283 0.76691
271 415 -0.73122
272 273 1.01607
272 284 -0.64397
272 416 -0.81343
273 274 0.2396
273 285 -0.61262
273 417 -1.76807
274 275 -0.65335
274 286 -0.35039
274 418 -0.31325
275 287 1.72436
275 419 0.12178
276 277 0.9528
276 287 -2.11798
276 420 -1.88234
277 278 0.06988
277 421 -0.00223
278 279 0.8902
278 422 0.14549
279 280 0.19751
279 423 -0.75636
280 281 0.09448
280 424 1.51114
281 282 0.74739
281 425 -0.0694
282 283 -0.55984
282 426 1.03518
283 284 -0.23124
283 427 -0.8486
284 285 0.28346
284 428 -0.4027
285 286 0.79567
285 429 -2.59838
286 287 2.36052
286 430 -1.15635
287 431 0.26482
288 289 -1.0147
288 299 -0.22447
288 300 -0.99205
288 420 1.32213
288 432 0.66132
289 290 -2.45793
289 301 0.37562
289 421 0.47733
289 433 -0.7261
290 291 0.9751
290 302 0.84058
290 422 0.06124
290 434 0.96499
291 292 -0.5594
291 303 -1.47913
291 423 -0.72366
291 435 -0.1482
292 293 0.83909
292 304 0.31313
292 424 -0.04437
292 436 -0.15564
293 294 -0.64714
293 305 0.15372
293 425 -0.85097
293 437 0.48214
294 295 1.23332
294 306 1.36711
294 426 0.84638
294 438 -0.46848
295 296 0.07512
295 307 0.53045
295 427 0.45988
295 439 1.10043
296 297 -1.38355
296 308 0.27571
296 428 -0.15662
296 440 -1.23757
297 298 -0.45158
297 309 1.12718
297 429 1.00694
297 441 0.32184
298 299 -1.02252
298 310 0.94053
298 430 0.65223
298 442 0.65585
299 311 1.55138
299 431 -0.54431
299 443 -0.70381
300 301 -0.70736
300 311 -1.40508
300 312 -1.11064
300 444 -0.88482
301 302 -0.33467
301 313 -1.37008
301 445 0.79697
302 303 -0.19883
302 314 2.45303
302 446 0.89169
303 304 1.41874
303 315 0.41105
303 447 -0.1863
304 305 -1.84131
304 316 -0.40135
304 448 -1.40822
305 306 -0.10329
305 317 0.81751
305 449 -0.2625
306 307 0.89367
306 318 0.73984
306 450 0.20869
307 308 -0.35977
307 319 -1.68601
307 451 0.8187
308 309 1.42406
308 320 0.86631
308 452 1.52078
309 310 0.59723
309 321 0.56432
309 453 1.26555
310 311 0.12671
310 322 -1.57597
310 454 -0.07957
311 323 1.7267
311 455 0.07917
312 313 1.70587
312 323 -0.77171
312 324 -0.26782
312 456 0.61875
313 314 0.30382
313 325 0.12987
313 457 -0.13963
314 315 0.40489
314 326 0.6185
314 458 -0.165
315 316 -1.41073
315 327 1.49134
315 459 0.62007
316 317 -0.93145
316 328 -0.16798
316 460 -0.40174
317 318 -1.75059
317 329 0.4178
317 461 -0.5733
318 319 -0.61935
318 330 0.89423
318 462 -1.37732
319 320 -0.41107
319 331 1.53648
319 463 -0.27683
320 321 0.72876
320 332 -0.84093
320 464 -1.40013
321 322 2.72556
321 333 0.65522
321 465 1.02663
322 323 0.64563
322 334 -1.83142
322 466 -0.4805
323 335 -1.7513
323 467 0.0012
324 325 0.69377
324 335 -3.13663
324 336 -0.21732
324 468 0.26576
325 326 -0.49999
325 337 0.43986
325 469 -1.0917
326 327 1.71024
326 338 0.02454
326 470 -0.34283
327 328 0.61016
327 339 1.30313
327 471 -0.41727
328 329 -0.55589
328 340 -0.70965
328 472 1.23118
329 330 0.80871
329 341 -2.05402
329 473 0.08058
330 331 1.35874
330 342 1.34293
330 474 -0.1012
331 332 -0.23351
331 343 0.79669
331 475 -0.45947
332 333 -1.55067
332 344 0.32003
332 476 -0.49857
333 334 0.24491
333 345 -0.11417
333 477 -1.40356
334 335 -0.31739
334 346 0.9951
334 478 0.77819
335 347 -1.86748
335 479 -1.42998
336 337 -0.25133
336 347 0.66098
336 348 0.63703
336 480 0.7127
337 338 1.12705
337 349 0.0373
337 481 -0.04733
338 339 -0.36357
338 350 1.12705
338 482 0.40641
339 340 1.75155
339 351 0.65219
339 483 0.48242
340 341 0.77226
340 352 -2.24769
340 484 0.90494
341 342 0.8169
341 353 -0.57083
341 485 -1.73111
342 343 0.65038
342 354 -0.10022
342 486 0.14558
343 344 -0.96835
343 355 -0.11733
343 487 0.48601
344 345 -0.18513
344 356 1.06339
344 488 0.08332
345 346 -0.00576
345 357 -1.03875
345 489 -0.45339
346 347 -2.53519
346 358 0.70531
346 490 1.78946
347 359 0.11537
347 491 -0.81144
348 349 -1.17518
348 359 -1.22467
348 360 -2.04074
348 492 -0.79654
349 350 0.14024
349 361 0.94378
349 493 0.08501
350 351 0.23937
350 362 0.90269
350 494 1.46851
351 352 -1.09231
351 363 1.24799
351 495 3.01481
352 353 -1.67445
352 364 -0.32731
352 496 0.11485
353 354 1.13733
353 365 -0.48718
353 497 -0.66874
354 355 1.07657
354 366 0.20067
354 498 1.82447
355 356 -1.88505
355 367 0.61271
355 499 0.65638
356 357 -0.36431
356 368 0.7081
356 500 -2.41878
357 358 0.86968
357 369 0.19272
357 501 -1.26483
358 359 -1.06788
358 370 -1.87388
358 502 -0.81367
359 371 -0.85094
359 503 0.32193
360 361 0.74728
360 371 0.98365
360 372 -1.02575
360 504 0.25456
361 362 0.66543
361 373 -0.25809
361 505 -0.51823
362 363 -1.04979
362 374 -1.36058
362 506 1.53714
363 364 1.80145
363 375 1.76822
363 507 -0.14615
364 365 1.40498
364 376 -0.32619
364 508 0.38536
365 366 -1.55272
365 377 -0.73297
365 509 -0.09273
366 367 0.66987
366 378 -0.3358
366 510 0.60542
367 368 -0.1068
367 379 0.41768
367 511 0.75755
368 369 0.5513
368 380 0.87899
368 512 1.34445
369 370 0.222
369 381 -0.20669
369 513 -2.00924
370 371 0.75371
370 382 0.49747
370 514 0.09851
371 383 0.8269
371 515 -0.81602
372 373 0.43531
372 383 0.509
372 384 -0.76086
372 516 -0.99981
373 374 2.26781
373 385 0.57202
373 517 -0.37159
374 375 0.95298
374 386 -0.07721
374 518 1.03959
375 376 -2.02672
375 387 0.43922
375 519 1.44968
376 377 0.12498
376 388 -2.15048
376 520 -0.13707
377 378 0.36947
377 389 0.3716
377 521 -0.00741
378 379 -1.13073
378 390 -0.16061
378 522 -1.25114
379 380 0.95851
379 391 -0.78714
379 523 0.3228
380 381 -0.51442
380 392 -0.93848
380 524 0.30027
381 382 0.5619
381 393 -1.53388
381 525 -0.44298
382 383 0.14409
382 394 0.2878
382 526 -1.81658
383 395 0.24655
383 527 1.32814
384 385 1.57586
384 395 -0.11212
384 396 0.40061
384 528 1.75914
385 386 -0.25198
385 397 -2.23054
385 529 -1.22292
386 387 -0.30132
386 398 -0.80811
386 530 -0.50848
387 388 0.52199
387 399 1.10329
387 531 1.8486
388 389 0.87951
388 400 1.23598
388 532 0.74741
389 390 1.71701
389 401 0.76447
389 533 0.18766
390 391 -1.10325
390 402 0.06095
390 534 -0.24347
391 392 -1.7925
391 403 0.67485
391 535 0.30379
392 393 0.03678
392 404 0.41999
392 536 1.05304
393 394 -1.21702
393 405 0.37567
393 537 -1.90179
394 395 0.38611
394 406 -1.4478
394 538 0.80559
395 407 -0.2311
395 539 -1.21707
396 397 0.67996
396 407 1.7084
396 408 0.83024
396 540 1.00617
397 398 0.68773
397 409 0.17876
397 541 1.35842
398 399 0.88758
398 410 -1.35495
398 542 0.86133
399 400 -1.31942
399 411 -0.19291
399 543 -0.50747
400 401 -0.65867
400 412 0.13713
400 544 -0.43187
401 402 0.38539
401 413 -0.51248
401 545 0.33824
402 403 -1.31702
402 414 1.54123
402 546 -1.0353
403 404 1.01175
403 415 0.53415
403 547 1.15991
404 405 0.03975
404 416 -1.12945
404 548 0.88245
405 406 0.33309
405 417 -1.26032
405 549 1.10781
406 407 -1.56166
406 418 -0.22864
406 550 0.78045
407 419 -0.52057
407 551 -0.00099
408 409 -1.35905
408 419 1.60922
408 420 -1.50483
408 552 0.67567
409 410 -0.68382
409 421 -0.94546
409 553 -0.28766
410 411 -0.07308
410 422 -0.41547
410 554 -1.6634
411 412 0.20708
411 423 -0.86594
411 555 0.74859
412 413 -1.4071
412 424 -0.35949
412 556 -0.55589
413 414 -0.79209
413 425 0.94535
413 557 -0.31142
414 415 -0.32435
414 426 0.70887
414 558 0.62715
415 416 -0.10047
415 427 0.94184
415 559 1.67258
416 417 -0.70162
416 428 -0.15485
416 560 -1.48833
417 418 -0.8591
417 429 -0.42537
417 561 1.62825
418 419 1.25465
418 430 -0.03683
418 562 1.05685
419 431 1.8054
419 563 -1.10623
420 421 -0.41501
420 431 -0.64621
420 564 -0.86391
421 422 1.39796
421 565 -0.0632
422 423 0.25624
422 566 -0.81322
423 424 -0.54798
423 567 -0.58263
424 425 -0.91854
424 568 0.511
425 426 -1.86863
425 569 0.62079
426 427 0.77702
426 570 0.04131
427 428 -0.09871
427 571 1.83149
428 429 -0.9179
428 572 0.3565
429 430 -0.37586
429 573 -0.09382
430 431 1.5535
430 574 0.85766
431 575 -1.16385
432 433 -1.0937
432 443 -0.67373
432 444 -0.07144
432 564 -0.16202
432 576 -0.98674
433 434 0.28443
433 445 1.19819
433 565 1.65787
433 577 -1.02682
434 435 -0.59753
434 446 0.50446
434 566 0.66146
434 578 2.06834
435 436 0.14337
435 447 -0.10114
435 567 -0.02206
435 579 -0.03478
436 437 0.29632
436 448 -0.09248
436 568 -0.19394
436 580 1.15928
437 438 0.21963
437 449 -0.56954
437 569 -0.25731
437 581 1.11643
438 439 1.27689
438 450 -0.21834
438 570 -0.03468
438 582 0.18299
439 440 -0.07066
439 451 -0.31755
439 571 0.49909
439 583 0.1174
440 441 -1.43933
440 452 0.34632
440 572 -0.45377
440 584 -1.54552
441 442 0.15646
441 453 0.12417
441 573 0.3697
441 585 -0.51789
442 443 -0.55993
442 454 2.10079
442 574 -0.96197
442 586 -0.77154
443 455 2.64122
443 575 -1.70509
443 587 -0.51269
444 445 1.31604
444 455 -1.6522
444 456 0.33323
444 588 -0.16304
445 446 -0.55648
445 457 1.59962
445 589 -0.93876
446 447 1.97439
446 458 -0.54587
446 590 -0.25586
447 448 -1.64336
447 459 -0.26963
447 591 -0.41986
448 449 0.63782
448 460 0.05709
448 592 -0.01386
449 450 1.76404
449 461 0.75978
449 593 -0.2068
450 451 -0.03275
450 462 -0.63519
450 594 0.62848
451 452 0.55015
451 463 -0.6192
451 595 -0.31156
452 453 0.54547
452 464 -0.76435
452 596 -1.68238
453 454 1.86994
453 465 3.09248
453 597 0.43142
454 455 -0.82772
454 466 1.31597
454 598 1.4483
455 467 -0.38263
455 599 0.46847
456 457 -1.64929
456 467 -0.31018
456 468 -0.39997
456 600 -0.23364
457 458 0.71862
457 469 -0.59884
457 601 -1.44812
458 459 -0.67481
458 470 0.43372
458 602 -0.81902
459 460 0.09635
459 471 -2.23326
459 603 1.21594
460 461 0.7788
460 472 0.29303
460 604 1.74824
461 462 1.21058
461 473 1.06444
461 605 -1.299
462 463 0.85522
462 474 -0.42689
462 606 -0.13667
463 464 -0.44324
463 475 -0.42422
463 607 0.39141
464 465 0.04087
464 476 -1.81674
464 608 -0.61363
465 466 2.22883
465 477 0.82424
465 609 0.75814
466 467 0.58816
466 478 -0.40475
466 610 -0.69679
467 479 -1.18763
467 611 -1.23434
468 469 0.32475
468 479 -0.33322
468 480 0.12995
468 612 -0.29948
469 470 -0.79235
469 481 0.76393
469 613 -1.37325
470 471 -2.31653
470 482 0.14556
470 614 0.158
471 472 -1.1983
471 483 -2.17903
471 615 0.27772
472 473 -0.49819
472 484 0.67835
472 616 0.14711
473 474 -1.60851
473 485 0.61876
473 617 -0.51985
474 475 0.17623
474 486 -0.07512
474 618 -1.32317
475 476 1.81524
475 487 0.16963
475 619 1.67946
476 477 1.81238
476 488 -0.5451
476 620 -0.78506
477 478 0.20147
477 489 -0.39467
477 621 0.49255
478 479 1.72279
478 490 0.50784
478 622 0.2154
479 491 -0.18315
479 623 -0.37473
480 481 0.52558
480 491 -0.17629
480 492 -0.17576
480 624 -0.04421
481 482 -0.69896
481 493 -0.82787
481 625 -0.0592
482 483 0.24595
482 494 -2.19093
482 626 -0.73019
483 484 -0.25405
483 495 0.26006
483 627 -0.43588
484 485 0.81683
484 496 0.62094
484 628 -1.72739
485 486 1.3578
485 497 1.38288
485 629 -1.12528
486 487 -1.02482
486 498 -1.30847
486 630 -0.18941
487 488 0.07251
487 499 -0.00622
487 631 -0.60836
488 489 -0.17115
488 500 1.91088
488 632 0.20567
489 490 -0.61409
489 501 0.18548
489 633 0.23077
490 491 -0.15509
490 502 1.13735
490 634 0.62765
491 503 0.24019
491 635 0.62532
492 493 0.44805
492 503 0.29316
492 504 1.6593
492 636 -1.0037
493 494 -0.025
493 505 0.1776
493 637 -1.56966
494 495 1.21992
494 506 -0.91574
494 638 2.32623
495 496 -0.60367
495 507 -0.68991
495 639 -1.56322
496 497 0.2187
496 508 -1.01143
496 640 0.49032
497 498 -1.30961
497 509 -1.7061
497 641 -0.01256
498 499 -0.10412
498 510 0.89843
498 642 0.24058
499 500 -0.39439
499 511 -2.21719
499 643 0.07144
500 501 0.3522
500 512 1.20991
500 644 1.67516
501 502 -1.05287
501 513 0.30269
501 645 1.36998
502 503 -1.90786
502 514 0.09318
502 646 0.1762
503 515 0.08779
503 647 1.73247
504 505 -0.02238
504 515 -0.52321
504 516 -2.62371
504 648 1.48436
505 506 0.20071
505 517 -0.28906
505 649 0.12936
506 507 1.52233
506 518 0.23373
506 650 -0.02225
507 508 1.55658
507 519 1.22593
507 651 -0.67717
508 509 0.6633
508 520 -0.4143
508 652 -0.6659
509 510 1.26798
509 521 0.65667
509 653 -0.1072
510 511 0.25266
510 522 -1.59136
510 654 0.18809
511 512 -1.81885
511 523 0.27963
511 655 -1.93278
512 513 -0.83047
512 524 -2.0674
512 656 0.22854
513 514 0.82153
513 525 -0.4409
513 657 -0.81339
514 515 0.28079
514 526 0.01062
514 658 0.08551
515 527 -1.24346
515 659 0.44626
516 517 0.33257
516 527 -0.03113
516 528 -0.21981
516 660 -0.13896
517 518 -0.18651
517 529 0.84957
517 661 1.09804
518 519 -0.94905
518 530 -0.12195
518 662 1.44796
519 520 -0.59655
519 531 -0.27714
519 663 -0.58335
520 521 0.65037
520 532 -1.21634
520 664 -0.78248
521 522 -1.32622
521 533 0.03998
521 665 0.32167
522 523 1.45234
522 534 0.04124
522 666 0.20481
523 524 0.57637
523 535 0.35194
523 667 0.58205
524 525 -0.71355
524 536 1.11972
524 668 0.96866
525 526 -2.30046
525 537 0.065
525 669 -1.04645
526 527 -1.07934
526 538 0.65011
526 670 0.73751
527 539 -0.29972
527 671 -0.09328
528 529 0.17046
528 539 0.84574
528 540 -0.95649
528 672 0.00685
529 530 -0.45178
529 541 -0.56489
529 673 -1.92229
530 531 0.67804
530 542 -0.22806
530 674 0.45151
531 532 -1.69766
531 543 0.86419
531 675 -0.08127
532 533 1.54209
532 544 0.48682
532 676 1.11996
533 534 -1.97392
533 545 -0.01152
533 677 -0.09563
534 535 -0.54933
534 546 1.96602
534 678 0.45805
535 536 -0.11722
535 547 -0.01347
535 679 -0.01117
536 537 -0.85097
536 548 0.5185
536 680 0.54933
537 538 1.56221
537 549 0.31057
537 681 -0.97091
538 539 -1.45674
538 550 1.25599
538 682 0.21826
539 551 0.27026
539 683 1.1921
540 541 -1.99791
540 551 -1.33593
540 552 0.52518
540 684 0.44299
541 542 0.08191
541 553 -0.14864
541 685 0.46422
542 543 -0.35258
542 554 -0.42187
542 686 2.84226
543 544 -1.36129
543 555 -1.64323
543 687 -1.26565
544 545 0.17294
544 556 1.15695
544 688 -1.64534
545 546 1.22639
545 557 -0.9946
545 689 0.06733
546 547 0.43268
546 558 0.5199
546 690 0.35249
547 548 -0.55967
547 559 -0.96425
547 691 1.61233
548 549 -0.28597
548 560 0.00278
548 692 0.01978
549 550 0.67689
549 561 0.30999
549 693 -0.76739
550 551 0.28907
550 562 0.23347
550 694 0.00856
551 563 -0.83127
551 695 1.80535
552 553 1.19476
552 563 2.37135
552 564 1.18611
552 696 1.64789
553 554 -1.27222
553 565 1.52357
553 697 1.03782
554 555 -1.47582
554 566 2.48967
554 698 0.30249
555 556 -0.51664
555 567 1.70107
555 699 -0.42727
556 557 -1.01378
556 568 -0.29875
556 700 0.90948
557 558 0.05048
557 569 -0.31604
557 701 -1.45918
558 559 0.64216
558 570 1.3228
558 702 -0.41127
559 560 0.81057
559 571 1.49423
559 703 0.57939
560 561 0.32587
560 572 -0.54175
560 704 -0.42153
561 562 1.05435
561 573 -0.08312
561 705 -0.72343
562 563 -2.07014
562 574 -0.83035
562 706 1.31795
563 575 1.79828
563 707 0.43162
564 565 -0.84072
564 575 -1.04889
564 708 1.92727
565 566 0.82842
565 709 -0.44732
566 567 1.83806
566 710 1.14857
567 568 0.56232
567 711 1.09333
568 569 -1.87319
568 712 -0.86979
569 570 0.5882
569 713 0.53502
570 571 0.71483
570 714 -1.0732
571 572 -0.73329
571 715 -0.01572
572 573 0.03642
572 716 -0.66899
573 574 -0.53286
573 717 1.66232
574 575 0.61414
574 718 0.85724
575 719 -0.52331
576 577 0.18117
576 587 -0.89922
576 588 1.08074
576 708 -0.46578
576 720 -0.03383
577 578 -0.03651
577 589 0.36464
577 709 0.66247
577 721 1.51343
578 579 0.29742
578 590 -0.00909
578 710 0.50292
578 722 0.03175
579 580 0.15605
579 591 -1.04817
579 711 -0.71048
579 723 -0.48647
580 581 -1.5161
580 592 0.75642
580 712 0.18457
580 724 0.0693
581 582 -0.28498
581 593 2.24548
581 713 -0.25097
581 725 0.13123
582 583 2.29583
582 594 0.29007
582 714 -0.30847
582 726 0.51907
583 584 0.59463
583 595 -0.07802
583 715 -0.48747
583 727 -0.65824
584 585 -0.88676
584 596 -1.27076
584 716 0.0412
584 728 -0.09944
585 586 1.9623
585 597 -0.38277
585 717 0.23972
585 729 -0.01603
586 587 0.60932
586 598 -0.54431
586 718 -0.64934
586 730 -0.62111
587 599 -0.42273
587 719 0.21038
587 731 0.52666
588 589 0.30693
588 599 1.88819
588 600 1.10624
588 732 1.4811
589 590 0.87383
589 601 0.86035
589 733 -1.62932
590 591 -0.86778
590 602 -1.36363
590 734 1.33303
591 592 -0.20918
591 603 -0.01063
591 735 -0.23527
592 593 -0.69845
592 604 0.03273
592 736 -0.85636
593 594 0.08018
593 605 0.66521
593 737 0.05977
594 595 0.34291
594 606 -1.39383
594 738 0.82315
595 596 -0.1931
595 607 -0.1695
595 739 -0.84938
596 597 -0.58046
596 608 0.58628
596 740 -2.14748
597 598 1.15399
597 609 0.57353
597 741 0.37751
598 599 -0.32172
598 610 -0.13979
598 742 -0.74486
599 611 -1.04218
599 743 0.06356
600 601 0.40755
600 611 -1.13772
600 612 -0.64802
600 744 0.74064
601 602 0.70122
601 613 -0.33003
601 745 1.59607
602 603 -0.27868
602 614 -0.97258
602 746 -0.18258
603 604 -0.97411
603 615 -0.9255
603 747 -0.13958
604 605 0.81689
604 616 -1.39733
604 748 -1.47003
605 606 0.77403
605 617 1.46881
605 749 -0.01974
606 607 -0.71691
606 618 0.3196
606 750 -1.7197
607 608 1.30002
607 619 0.85562
607 751 -0.29958
608 609 1.06173
608 620 2.0614
608 752 1.48071
609 610 -0.5066
609 621 -0.84645
609 753 -0.26205
610 611 1.0138
610 622 0.99163
610 754 -0.13847
611 623 -0.24749
611 755 0.94172
612 613 -1.06235
612 623 -0.98169
612 624 -0.6993
612 756 0.28655
613 614 -1.14261
613 625 1.02685
613 757 1.58194
614 615 0.13957
614 626 -1.16755
614 758 -0.07616
615 616 0.08994
615 627 0.98632
615 759 -0.08129
616 617 2.09646
616 628 0.47167
616 760 1.75731
617 618 1.02181
617 629 1.07443
617 761 0.45275
618 619 1.02636
618 630 0.4989
618 762 -1.78109
619 620 -0.36749
619 631 -0.84322
619 763 -1.69308
620 621 -0.00393
620 632 0.6493
620 764 -0.38067
621 622 -0.42312
621 633 -0.20026
621 765 -1.73074
622 623 1.22088
622 634 0.58758
622 766 -0.37739
623 635 0.46325
623 767 -0.1246
624 625 0.69023
624 635 -0.06268
624 636 -1.72296
624 768 -1.52579
625 626 0.16473
625 637 -1.15818
625 769 0.15263
626 627 -2.87499
626 638 -0.41257
626 770 1.74235
627 628 -0.30228
627 639 -1.56379
627 771 -2.36306
628 629 -0.19801
628 640 0.27106
628 772 -0.08911
629 630 -0.2351
629 641 -0.994
629 773 0.15943
630 631 0.34706
630 642 1.44856
630 774 -0.11779
631 632 0.56579
631 643 -0.8798
631 775 -0.15107
632 633 -0.95635
632 644 -1.23875
632 776 0.22093
633 634 2.04222
633 645 0.52085
633 777 0.66849
634 635 -0.80213
634 646 -0.37535
634 778 0.78954
635 647 -3.21492
635 779 -0.10292
636 637 2.12824
636 647 1.19955
636 648 -0.75433
636 780 -0.4651
637 638 0.86564
637 649 0.5503
637 781 0.28258
638 639 0.42526
638 650 1.40299
638 782 -0.9697
639 640 -0.10802
639 651 0.67311
639 783 -1.2928
640 641 1.42866
640 652 1.50779
640 784 0.84495
641 642 -0.88433
641 653 -0.95845
641 785 1.84489
642 643 -0.63848
642 654 -2.18861
642 786 -0.58438
643 644 1.07
643 655 1.65565
643 787 -0.15652
644 645 -0.42186
644 656 -2.1847
644 788 1.13042
645 646 0.45372
645 657 0.28323
645 789 0.32826
646 647 -0.97493
646 658 0.09824
646 790 0.95964
647 659 0.27984
647 791 -0.01616
648 649 0.65167
648 659 1.05479
648 660 -2.0042
648 792 1.43137
649 650 -0.91852
649 661 -1.71397
649 793 0.76699
650 651 0.10489
650 662 -0.97531
650 794 0.22889
651 652 1.07307
651 663 0.20898
651 795 -0.56556
652 653 0.93325
652 664 0.1658
652 796 -1.525
653 654 -1.86235
653 665 -0.62833
653 797 -1.19798
654 655 0.32315
654 666 0.48182
654 798 -0.04276
655 656 -0.31159
655 667 1.01974
655 799 -0.73014
656 657 -0.24809
656 668 0.55739
656 800 0.04757
657 658 -0.0542
657 669 0.29059
657 801 -0.33617
658 659 -1.81997
658 670 -0.89549
658 802 -0.16925
659 671 0.29484
659 803 -1.35991
660 661 -0.63141
660 671 -0.06391
660 672 -1.70878
660 804 0.36245
661 662 0.3327
661 673 1.21461
661 805 0.0434
662 663 0.69804
662 674 0.12451
662 806 -0.48197
663 664 0.10671
663 675 -0.94686
663 807 -0.13062
664 665 -1.1208
664 676 1.05513
664 808 -0.27508
665 666 0.62861
665 677 0.82176
665 809 0.23306
666 667 0.79195
666 678 -0.68889
666 810 -0.3926
667 668 0.14081
667 679 1.56058
667 811 0.40163
668 669 1.0665
668 680 1.07284
668 812 0.28923
669 670 -0.39371
669 681 -0.21244
669 813 1.05898
670 671 -0.45284
670 682 -0.76359
670 814 -0.77477
671 683 0.33986
671 815 1.19675
672 673 -0.19681
672 683 0.06023
672 684 2.0214
672 816 1.32994
673 674 0.8432
673 685 1.83764
673 817 0.96064
674 675 -1.02373
674 686 1.0394
674 818 1.63076
675 676 0.53487
675 687 -0.22935
675 819 0.78916
676 677 0.24401
676 688 0.44458
676 820 -0.18235
677 678 -0.14256
677 689 -0.38025
677 821 -1.28253
678 679 0.81092
678 690 0.60621
678 822 -0.1694
679 680 -0.07886
679 691 0.07048
679 823 -0.99977
680 681 -0.60922
680 692 -1.14173
680 824 -0.34489
681 682 1.24414
681 693 0.29545
681 825 -1.99877
682 683 -0.1673
682 694 -1.61596
682 826 -0.02079
683 695 -0.1773
683 827 -0.98341
684 685 0.49855
684 695 1.42592
684 696 -1.3582
684 828 -0.62363
685 686 1.66606
685 697 0.13864
685 829 0.89522
686 687 0.45099
686 698 0.31121
686 830 -1.60405
687 688 -2.03464
687 699 0.36469
687 831 1.62082
688 689 -0.08949
688 700 -1.32416
688 832 -2.51512
689 690 0.6782
689 701 -1.38246
689 833 -0.67028
690 691 -0.50159
690 702 0.82226
690 834 -0.01453
691 692 0.35464
691 703 0.29797
691 835 1.31542
692 693 -0.26115
692 704 -0.17548
692 836 -0.1621
693 694 -1.6318
693 705 -0.21742
693 837 0.328
694 695 -1.23225
694 706 -0.29602
694 838 0.24619
695 707 1.23249
695 839 -1.11876
696 697 -0.36803
696 707 -0.20368
696 708 -0.52458
696 840 1.12394
697 698 0.31594
697 709 -0.48467
697 841 -0.05686
698 699 0.21235
698 710 0.16571
698 842 -1.78401
699 700 0.57588
699 711 -0.3401
699 843 -0.90149
700 701 -0.45592
700 712 0.73926
700 844 -1.48693
701 702 -0.37783
701 713 -0.71293
701 845 0.54582
702 703 -0.20226
702 714 0.35701
702 846 -0.85108
703 704 0.16537
703 715 -0.83775
703 847 1.08002
704 705 1.38929
704 716 0.30045
704 848 -1.43812
705 706 -0.34128
705 717 -2.54914
705 849 -1.58251
706 707 -0.394
706 718 2.72245
706 850 0.60622
707 719 -0.86676
707 851 -0.79374
708 709 -0.27165
708 719 0.91892
708 852 0.56974
709 710 -1.23225
709 853 0.40659
710 711 -1.01987
710 854 1.63725
711 712 -1.07778
711 855 -1.68049
712 713 1.28309
712 856 -1.07959
713 714 -0.41218
713 857 0.15181
714 715 -0.12686
714 858 -0.544
715 716 1.87332
715 859 -1.74615
716 717 1.12546
716 860 -1.22288
717 718 -0.76221
717 861 2.53126
718 719 -0.12212
718 862 0.59486
719 863 0.37253
720 721 0.01378
720 731 -0.28535
720 732 1.81034
720 852 1.29571
720 864 -0.65797
721 722 -0.52077
721 733 1.53691
721 853 0.49242
721 865 -0.43325
722 723 -1.50867
722 734 0.76996
722 854 -0.4581
722 866 -0.83869
723 724 1.10132
723 735 0.38638
723 855 -1.77288
723 867 -0.66223
724 725 0.28672
724 736 -0.12237
724 856 -0.92913
724 868 0.59004
725 726 0.2567
725 737 -1.14261
725 857 0.43109
725 869 0.60239
726 727 0.60941
726 738 -0.81225
726 858 -1.3329
726 870 0.38747
727 728 -0.61866
727 739 -0.70944
727 859 0.1748
727 871 -0.02987
728 729 -0.54571
728 740 0.27877
728 860 1.34061
728 872 0.40295
729 730 -1.14781
729 741 1.23461
729 861 -0.9421
729 873 0.67742
730 731 -0.3383
730 742 0.88079
730 862 -1.26535
730 874 -2.22457
731 743 0.09977
731 863 -0.12991
731 875 -0.29029
732 733 1.0143
732 743 -1.69504
732 744 1.48872
732 876 0.46633
733 734 -1.04868
733 745 1.49457
733 877 2.36479
734 735 0.43866
734 746 0.64567
734 878 0.06178
735 736 0.09611
735 747 -0.80629
735 879 -1.79594
736 737 0.47436
736 748 2.30276
736 880 -0.06139
737 738 -0.06709
737 749 1.34194
737 881 1.16664
738 739 -0.12252
738 750 0.22644
738 882 1.00875
739 740 -1.40616
739 751 0.23644
739 883 0.24872
740 741 0.19439
740 752 1.53361
740 884 -0.25233
741 742 -0.14835
741 753 1.19729
741 885 0.10792
742 743 -0.88432
742 754 0.3815
742 886 -0.02017
743 755 0.13503
743 887 0.42704
744 745 -0.1949
744 755 -0.0495
744 756 0.86939
744 888 -0.71386
745 746 0.45533
745 757 -2.55158
745 889 -0.16331
746 747 -1.87146
746 758 -0.44668
746 890 -1.11982
747 748 0.5409
747 759 -2.32422
747 891 0.21496
748 749 0.13429
748 760 -0.54041
748 892 -0.91574
749 750 0.91673
749 761 -0.78281
749 893 2.22572
750 751 -0.71834
750 762 -0.4001
750 894 1.04031
751 752 -0.00681
751 763 -2.51236
751 895 -0.66803
752 753 0.11018
752 764 1.97298
752 896 -0.93771
753 754 -1.53639
753 765 -1.05204
753 897 0.13067
754 755 -0.17085
754 766 -0.54872
754 898 -0.36546
755 767 1.08353
755 899 -0.1487
756 757 0.10213
756 767 0.84832
756 768 0.43298
756 900 0.08371
757 758 1.74323
757 769 1.02137
757 901 0.96614
758 759 0.68957
758 770 0.5412
758 902 2.41615
759 760 -0.83359
759 771 0.62449
759 903 -0.14456
760 761 -0.73059
760 772 1.5975
760 904 -1.35048
761 762 -1.4603
761 773 0.6156
761 905 1.80158
762 763 -0.89877
762 774 0.94334
762 906 -0.3949
763 764 0.23364
763 775 -0.52073
763 907 -0.54567
764 765 0.89832
764 776 0.84863
764 908 -0.54824
765 766 0.1642
765 777 -0.80185
765 909 -0.77974
766 767 -2.99951
766 778 0.27092
766 910 0.91261
767 779 -1.02987
767 911 -0.18353
768 769 0.80429
768 779 -1.31257
768 780 0.08456
768 912 0.344
769 770 -0.01636
769 781 0.28182
769 913 -2.19854
770 771 0.83198
770 782 0.00186
770 914 0.31147
771 772 -0.03952
771 783 -0.19973
771 915 -1.33321
772 773 -1.76316
772 784 -0.03753
772 916 0.35875
773 774 -1.04707
773 785 1.33103
773 917 -1.21951
774 775 0.43767
774 786 -0.71563
774 918 0.36032
775 776 0.55814
775 787 0.85252
775 919 0.36487
776 777 0.10738
776 788 0.61522
776 920 -0.10781
777 778 1.79533
777 789 -0.82376
777 921 -1.66171
778 779 -1.09602
778 790 -1.9535
778 922 1.57943
779 791 -1.8673
779 923 -0.52252
780 781 -0.37017
780 791 -1.11934
780 792 -0.59729
780 924 -0.28444
781 782 0.69301
781 793 0.72256
781 925 -1.37427
782 783 0.46027
782 794 -0.17774
782 926 -0.25171
783 784 0.80581
783 795 0.2053
783 927 -0.8604
784 785 0.98728
784 796 0.49545
784 928 0.84902
785 786 0.09196
785 797 -0.07372
785 929 0.95275
786 787 0.50349
786 798 -0.01054
786 930 -0.02455
787 788 -0.68835
787 799 0.96884
787 931 -0.55871
788 789 -0.48034
788 800 0.17693
788 932 0.11974
789 790 -1.85575
789 801 0.00738
789 933 1.54453
790 791 -1.02701
790 802 -0.42013
790 934 -0.27529
791 803 1.01307
791 935 0.96717
792 793 1.39265
792 803 -1.52339
792 804 -1.55291
792 936 1.07977
793 794 0.95503
793 805 -1.42407
793 937 -0.20085
794 795 0.88791
794 806 -2.78938
794 938 2.22518
795 796 -0.04325
795 807 0.40786
795 939 -0.07483
796 797 0.83995
796 808 0.47669
796 940 0.01231
797 798 -0.2814
797 809 0.34556
797 941 -0.02923
798 799 1.48829
798 810 -0.59117
798 942 1.07607
799 800 -1.57927
799 811 -0.46636
799 943 -0.44038
800 801 -0.66579
800 812 2.05221
800 944 -0.91844
801 802 -0.37692
801 813 -1.11252
801 945 1.34482
802 803 1.50955
802 814 0.19919
802 946 1.2707
803 815 0.163
803 947 -0.6411
804 805 0.80033
804 815 0.14839
804 816 -0.50865
804 948 0.20677
805 806 -1.6711
805 817 -0.10172
805 949 -0.11957
806 807 -1.23267
806 818 -0.62913
806 950 0.19838
807 808 2.16387
807 819 -0.7723
807 951 0.8866
808 809 0.17456
808 820 0.72769
808 952 -1.14281
809 810 0.26546
809 821 -1.78303
809 953 0.56383
810 811 1.73009
810 822 -0.65772
810 954 -1.35306
811 812 0.02348
811 823 -0.3421
811 955 -0.46524
812 813 -0.09473
812 824 1.22008
812 956 0.52181
813 814 -1.72078
813 825 -0.46278
813 957 0.05176
814 815 0.0704
814 826 -1.42213
814 958 -1.66843
815 827 -0.80538
815 959 -0.49412
816 817 -0.9369
816 827 -1.4673
816 828 1.45082
816 960 1.10031
817 818 -1.6014
817 829 0.57043
817 961 0.88323
818 819 -0.90174
818 830 -0.63836
818 962 -0.30691
819 820 1.24758
819 831 -0.37323
819 963 1.61353
820 821 -0.1899
820 832 0.99851
820 964 0.30476
821 822 0.22838
821 833 1.238
821 965 -0.22633
822 823 -0.44586
822 834 -0.07647
822 966 -1.92186
823 824 -0.80911
823 835 -0.47453
823 967 0.15791
824 825 -0.82415
824 836 -0.75483
824 968 -0.04007
825 826 0.84092
825 837 1.89483
825 969 0.80643
826 827 -0.7441
826 838 -0.9999
826 970 0.50317
827 839 -1.22001
827 971 -0.01006
828 829 1.99386
828 839 -0.19472
828 840 0.85983
828 972 -1.27727
829 830 1.25849
829 841 0.40516
829 973 0.53039
830 831 -0.16412
830 842 -1.73878
830 974 1.71109
831 832 -0.69874
831 843 0.45264
831 975 0.17376
832 833 1.33273
832 844 0.85463
832 976 -1.67131
833 834 1.022
833 845 0.81326
833 977 -0.37208
834 835 -1.11686
834 846 -1.38358
834 978 0.48181
835 836 -0.23281
835 847 0.0436
835 979 0.01855
836 837 1.21695
836 848 -0.26432
836 980 -0.55999
837 838 0.28763
837 849 -0.88374
837 981 0.40002
838 839 -0.505
838 850 -0.23028
838 982 -1.73898
839 851 -1.1509
839 983 -1.1736
840 841 1.24658
840 851 -0.32452
840 852 -0.39599
840 984 0.56328
841 842 1.28453
841 853 -1.04282
841 985 -1.47007
842 843 0.84076
842 854 -0.03318
842 986 1.04035
843 844 -0.38967
843 855 1.57433
843 987 0.48766
844 845 -0.19466
844 856 0.84933
844 988 -0.75314
845 846 0.12063
845 857 -1.58314
845 989 -0.96115
846 847 -0.66664
846 858 1.18657
846 990 -0.92573
847 848 1.53995
847 859 0.32674
847 991 -1.12758
848 849 0.14463
848 860 -0.07722
848 992 -0.92866
849 850 -1.8387
849 861 -0.8114
849 993 0.36331
850 851 -0.22766
850 862 -1.01815
850 994 -0.05909
851 863 -1.02764
851 995 -1.17371
852 853 -2.30997
852 863 -0.68687
852 996 -0.93526
853 854 -0.94266
853 997 0.70239
854 855 0.74517
854 998 -0.43136
855 856 -2.33841
855 999 -0.73646
856 857 -1.51995
856 1000 -1.3117
857 858 0.85011
857 1001 0.11907
858 859 -1.03983
858 1002 -0.42524
859 860 -0.11174
859 1003 0.99539
860 861 0.14927
860 1004 0.15189
861 862 -0.11454
861 1005 -0.59477
862 863 -0.67287
862 1006 -0.25037
863 1007 -0.70989
864 865 1.06105
864 875 0.25782
864 876 0.34686
864 996 -1.48683
864 1008 1.51172
865 866 0.77071
865 877 -0.58808
865 997 -0.83518
865 1009 -0.07457
866 867 -0.1389
866 878 1.2787
866 998 0.09094
866 1010 0.92274
867 868 -1.03218
867 879 1.18087
867 999 0.16286
867 1011 -0.0835
868 869 0.54469
868 880 2.12503
868 1000 -1.04668
868 1012 0.07259
869 870 1.55057
869 881 -0.67851
869 1001 -0.97564
869 1013 -1.1418
870 871 0.37075
870 882 0.19158
870 1002 1.62243
870 1014 -0.40221
871 872 -0.22115
871 883 2.09185
871 1003 0.61842
871 1015 0.91249
872 873 -0.49928
872 884 -0.89038
872 1004 -0.50733
872 1016 -0.7218
873 874 1.70192
873 885 -0.58184
873 1005 1.21632
873 1017 -0.80162
874 875 2.77367
874 886 1.96325
874 1006 -2.95659
874 1018 0.50275
875 887 2.06585
875 1007 2.00098
875 1019 0.36346
876 877 -0.80648
876 887 -0.57585
876 888 -0.78872
876 1020 -1.69299
877 878 -0.55499
877 889 0.11559
877 1021 1.9068
878 879 -0.94719
878 890 0.14121
878 1022 0.16392
879 880 0.16283
879 891 -1.53115
879 1023 -0.24304
880 881 1.70515
880 892 -0.66412
880 1024 -0.76354
881 882 0.39531
881 893 1.23096
881 1025 -0.96359
882 883 -1.86071
882 894 -0.85014
882 1026 -0.83253
883 884 -0.01584
883 895 0.53807
883 1027 -0.75208
884 885 -0.3497
884 896 1.12215
884 1028 -0.60201
885 886 0.07344
885 897 0.43608
885 1029 -0.09146
886 887 -1.49106
886 898 -0.10884
886 1030 0.38685
887 899 -0.32944
887 1031 -0.61216
888 889 -0.44743
888 899 0.06281
888 900 1.16701
888 1032 0.87433
889 890 -0.76416
889 901 -0.9498
889 1033 -0.51161
890 891 0.23338
890 902 2.28547
890 1034 0.27351
891 892 1.11532
891 903 -1.77011
891 1035 -1.23938
892 893 0.04134
892 904 0.05907
892 1036 -0.61889
893 894 2.77028
893 905 0.36024
893 1037 0.77327
894 895 0.94679
894 906 1.04698
894 1038 -1.63095
895 896 -0.69921
895 907 0.24416
895 1039 0.83727
896 897 1.4395
896 908 1.48857
896 1040 -2.12465
897 898 -1.13761
897 909 -1.17019
897 1041 0.72242
898 899 0.05783
898 910 0.61385
898 1042 2.52483
899 911 0.96706
899 1043 -0.17741
900 901 -0.62937
900 911 2.13443
900 912 1.14409
900 1044 0.39795
901 902 -0.65212
901 913 0.12675
901 1045 -0.24288
902 903 -1.34381
902 914 -0.55069
902 1046 0.12833
903 904 1.31473
903 915 0.72145
903 1047 0.79929
904 905 0.16746
904 916 -1.10376
904 1048 -0.10385
905 906 0.4268
905 917 -1.23463
905 1049 -0.22577
906 907 -0.26189
906 918 -0.52006
906 1050 0.31822
907 908 -0.64045
907 919 0.06126
907 1051 -0.04083
908 909 -2.24647
908 920 -0.82042
908 1052 -0.1017
909 910 -0.77921
909 921 0.30964
909 1053 0.35579
910 911 0.58611
910 922 0.02424
910 1054 -1.87336
911 923 0.9658
911 1055 -0.5976
912 913 -1.58136
912 923 0.19103
912 924 1.55253
912 1056 -1.18306
913 914 0.00257
913 925 0.62719
913 1057 -0.13553
914 915 -0.29315
914 926 0.12552
914 1058 0.90008
915 916 -1.65968
915 927 0.07775
915 1059 -0.80248
916 917 -0.85839
916 928 -0.31697
916 1060 -0.25407
917 918 2.21915
917 929 1.1052
917 1061 0.61553
918 919 -2.12989
918 930 0.08664
918 1062 0.81099
919 920 1.63925
919 931 -0.97118
919 1063 1.21782
920 921 0.60119
920 932 -1.26028
920 1064 0.73712
921 922 0.93725
921 933 0.81433
921 1065 -0.1044
922 923 0.61451
922 934 0.35306
922 1066 -0.80812
923 935 -0.30729
923 1067 0.97996
924 925 -1.50923
924 935 -2.86651
924 936 0.08985
924 1068 0.49874
925 926 -0.17926
925 937 -0.29637
925 1069 0.66946
926 927 1.49117
926 938 0.46698
926 1070 -0.38729
927 928 0.07461
927 939 0.75384
927 1071 0.04168
928 929 -0.84852
928 940 -0.42417
928 1072 0.73184
929 930 1.19503
929 941 -1.46703
929 1073 -0.29092
930 931 0.27711
930 942 -0.90669
930 1074 -1.46449
931 932 -0.89932
931 943 -0.95323
931 1075 -1.02837
932 933 -0.01896
932 944 -0.66589
932 1076 -1.41389
933 934 -0.75156
933 945 -0.12145
933 1077 1.64811
934 935 -0.69261
934 946 1.50479
934 1078 0.35107
935 947 -0.98968
935 1079 0.64054
936 937 -0.34425
936 947 -1.64218
936 948 0.058
936 1080 -0.30236
937 938 1.1407
937 949 1.71023
937 1081 -0.74403
938 939 -0.29807
938 950 0.59944
938 1082 1.41978
939 940 0.14238
939 951 -0.47738
939 1083 -1.13502
940 941 -2.50828
940 952 -0.74659
940 1084 0.45409
941 942 1.88268
941 953 -0.51439
941 1085 0.86251
942 943 0.32324
942 954 0.11101
942 1086 -0.26574
943 944 -0.00625
943 955 2.00843
943 1087 -1.94443
944 945 0.23658
944 956 -1.37814
944 1088 0.44255
945 946 -0.61635
945 957 0.53968
945 1089 -1.53265
946 947 2.28723
946 958 1.50018
946 1090 -0.3649
947 959 0.51592
947 1091 -1.1071
948 949 1.18038
948 959 -0.01503
948 960 1.11897
948 1092 0.85917
949 950 0.34563
949 961 0.3693
949 1093 0.0592
950 951 0.05979
950 962 0.4018
950 1094 2.41051
951 952 -0.25866
951 963 -0.66517
951 1095 -0.76042
952 953 -1.61941
952 964 0.0808
952 1096 -0.29458
953 954 0.09767
953 965 -0.05907
953 1097 -1.41353
954 955 -0.44974
954 966 -0.02834
954 1098 -2.02804
955 956 -0.7231
955 967 1.10459
955 1099 -0.18168
956 957 0.54249
956 968 -1.02079
956 1100 0.64292
957 958 1.26322
957 969 -0.31322
957 1101 -0.62385
958 959 -0.65491
958 970 0.37021
958 1102 -0.85469
959 971 -1.11973
959 1103 -0.37807
960 961 -0.66014
960 971 -0.39332
960 972 -0.50274
960 1104 -0.28568
961 962 0.41329
961 973 -0.28826
961 1105 -1.177
962 963 0.34548
962 974 -0.27268
962 1106 -0.5176
963 964 -1.50993
963 975 -1.36281
963 1107 0.88234
964 965 -1.18495
964 976 -0.04132
964 1108 -1.43672
965 966 1.48194
965 977 0.03421
965 1109 1.2236
966 967 -0.28726
966 978 1.89866
966 1110 0.98665
967 968 0.40145
967 979 -0.03972
967 1111 1.78169
968 969 0.42036
968 980 0.08022
968 1112 1.1957
969 970 -0.56111
969 981 0.83273
969 1113 0.02216
970 971 -0.25172
970 982 1.15457
970 1114 0.27569
971 983 -0.56183
971 1115 -0.97538
972 973 -0.62411
972 983 0.06603
972 984 0.38355
972 1116 0.10734
973 974 -0.75772
973 985 -0.2742
973 1117 1.56397
974 975 0.67055
974 986 0.55737
974 1118 -0.08465
975 976 -0.18098
975 987 -1.96167
975 1119 0.53217
976 977 1.43126
976 988 0.35424
976 1120 -0.6874
977 978 0.05311
977 989 0.85787
977 1121 0.61259
978 979 0.26257
978 990 -0.82289
978 1122 -1.6919
979 980 0.1019
979 991 0.81149
979 1123 1.08968
980 981 -1.42209
980 992 0.52034
980 1124 -0.33932
981 982 0.43319
981 993 0.18335
981 1125 0.59668
982 983 0.00463
982 994 2.50876
982 1126 0.5714
983 995 -0.45737
983 1127 -0.34608
984 985 -0.95244
984 995 2.28091
984 996 0.60324
984 1128 -1.70306
985 986 -0.45724
985 997 1.56536
985 1129 -2.47757
986 987 0.6923
986 998 -0.89877
986 1130 2.0531
987 988 -1.52491
987 999 0.24002
987 1131 -0.74439
988 989 -0.46182
988 1000 -1.51706
988 1132 -1.16101
989 990 0.53828
989 1001 0.59407
989 1133 0.18281
990 991 1.43459
990 1002 1.56361
990 1134 -1.58602
991 992 -2.24583
991 1003 -0.60226
991 1135 -0.10871
992 993 -2.55347
992 1004 1.20368
992 1136 0.54063
993 994 -0.33838
993 1005 0.34845
993 1137 0.05432
994 995 -0.18646
994 1006 1.70074
994 1138 -0.99553
995 1007 -0.32563
995 1139 0.30717
996 997 -0.59695
996 1007 0.29011
996 1140 0.14173
997 998 1.14974
997 1141 2.90813
998 999 -0.33214
998 1142 0.84068
999 1000 1.99401
999 1143 -1.02964
1000 1001 0.23601
1000 1144 -1.05757
1001 1002 -0.69596
1001 1145 0.68709
1002 1003 1.2065
1002 1146 -0.06234
1003 1004 -0.36421
1003 1147 0.53973
1004 1005 -0.99495
1004 1148 -0.57954
1005 1006 -1.88023
1005 1149 0.35222
1006 1007 1.00597
1006 1150 -0.70703
1007 1151 -1.06104
1008 1009 0.04322
1008 1019 -0.46885
1008 1020 0.14803
1008 1140 1.60989
1008 1152 1.09333
1009 1010 1.0233
1009 1021 -1.01233
1009 1141 -0.2155
1009 1153 -0.17975
1010 1011 -2.28868
1010 1022 -0.11351
1010 1142 -0.14717
1010 1154 1.60146
1011 1012 0.17083
1011 1023 -0.48323
1011 1143 -1.10576
1011 1155 -0.76327
1012 1013 -1.3179
1012 1024 1.40205
1012 1144 -1.39032
1012 1156 0.37176
1013 1014 -0.08573
1013 1025 -0.36572
1013 1145 -1.51017
1013 1157 0.09048
1014 1015 -1.24584
1014 1026 -0.4271
1014 1146 0.61449
1014 1158 0.31098
1015 1016 0.0011
1015 1027 0.59418
1015 1147 -0.5459
1015 1159 -0.2741
1016 1017 -0.19919
1016 1028 -0.58188
1016 1148 -0.44178
1016 1160 0.66978
1017 1018 -1.05614
1017 1029 2.17286
1017 1149 -0.1456
1017 1161 -0.90997
1018 1019 0.89245
1018 1030 0.02453
1018 1150 0.7733
1018 1162 -0.20283
1019 1031 2.40837
1019 1151 0.13948
1019 1163 0.68718
1020 1021 0.51765
1020 1031 -0.49204
1020 1032 1.37933
1020 1164 1.24475
1021 1022 -0.292
1021 1033 0.09444
1021 1165 2.1938
1022 1023 -1.24616
1022 1034 -1.10574
1022 1166 -1.6035
1023 1024 -1.22419
1023 1035 1.8106
1023 1167 0.90648
1024 1025 -0.25561
1024 1036 0.66266
1024 1168 1.53607
1025 1026 0.19185
1025 1037 -0.17042
1025 1169 0.71809
1026 1027 -0.14445
1026 1038 0.56256
1026 1170 0.92759
1027 1028 1.40846
1027 1039 -0.49679
1027 1171 -0.07853
1028 1029 -0.68155
1028 1040 -1.1667
1028 1172 -0.07707
1029 1030 0.48428
1029 1041 0.8195
1029 1173 0.24023
1030 1031 0.86624
1030 1042 -0.98211
1030 1174 -0.96185
1031 1043 0.98167
1031 1175 0.21806
1032 1033 -0.22396
1032 1043 0.84528
1032 1044 -0.38888
1032 1176 1.44264
1033 1034 1.67514
1033 1045 0.9748
1033 1177 0.09108
1034 1035 0.36022
1034 1046 -0.53832
1034 1178 -0.3328
1035 1036 -0.45276
1035 1047 0.32322
1035 1179 -0.00838
1036 1037 -0.16074
1036 1048 -0.23097
1036 1180 0.05183
1037 1038 0.68734
1037 1049 -1.00788
1037 1181 0.1612
1038 1039 -1.42695
1038 1050 0.76052
1038 1182 1.10416
1039 1040 -0.7437
1039 1051 1.07675
1039 1183 0.97633
1040 1041 -0.45936
1040 1052 -1.28639
1040 1184 -0.27877
1041 1042 0.06232
1041 1053 0.66851
1041 1185 0.87923
1042 1043 0.73529
1042 1054 -1.08688
1042 1186 -0.86916
1043 1055 0.66332
1043 1187 1.55181
1044 1045 0.21727
1044 1055 0.31656
1044 1056 0.01289
1044 1188 -0.3805
1045 1046 -1.52382
1045 1057 -2.2734
1045 1189 -0.58982
1046 1047 1.50152
1046 1058 -0.66995
1046 1190 -0.74089
1047 1048 -0.0762
1047 1059 0.60324
1047 1191 0.35814
1048 1049 -0.30889
1048 1060 -0.47463
1048 1192 0.64334
1049 1050 -0.78822
1049 1061 0.16147
1049 1193 0.6571
1050 1051 -0.48393
1050 1062 -0.26004
1050 1194 -0.25772
1051 1052 1.38468
1051 1063 1.84571
1051 1195 1.16239
1052 1053 -1.26614
1052 1064 1.84259
1052 1196 1.24416
1053 1054 -1.33579
1053 1065 0.58396
1053 1197 -0.73465
1054 1055 2.35691
1054 1066 -1.14315
1054 1198 0.75617
1055 1067 -0.55607
1055 1199 -0.15029
1056 1057 0.12947
1056 1067 0.76673
1056 1068 -1.58715
1056 1200 -1.09703
1057 1058 -0.45402
1057 1069 -1.0203
1057 1201 -0.52717
1058 1059 1.75735
1058 1070 1.80329
1058 1202 1.453
1059 1060 2.2111
1059 1071 0.13019
1059 1203 0.412
1060 1061 0.52602
1060 1072 1.31371
1060 1204 -0.66271
1061 1062 -1.02682
1061 1073 -0.65311
1061 1205 -1.67388
1062 1063 -0.61538
1062 1074 -2.28601
1062 1206 0.78609
1063 1064 -0.89024
1063 1075 -0.27396
1063 1207 0.5957
1064 1065 -0.74809
1064 1076 -1.234
1064 1208 1.96659
1065 1066 2.12491
1065 1077 0.29102
1065 1209 -0.48663
1066 1067 0.93725
1066 1078 -1.86261
1066 1210 -0.14765
1067 1079 0.37722
1067 1211 0.7857
1068 1069 1.00322
1068 1079 -0.49105
1068 1080 -0.81823
1068 1212 -1.81314
1069 1070 -0.32436
1069 1081 -0.15568
1069 1213 -0.61815
1070 1071 -0.24514
1070 1082 -1.41668
1070 1214 -1.49952
1071 1072 0.66922
1071 1083 1.40706
1071 1215 -1.08874
1072 1073 1.04841
1072 1084 0.06057
1072 1216 -0.24861
1073 1074 1.68451
1073 1085 -1.72341
1073 1217 0.37001
1074 1075 -0.41202
1074 1086 0.09221
1074 1218 0.94505
1075 1076 -0.97217
1075 1087 0.17666
1075 1219 0.54473
1076 1077 -1.04377
1076 1088 2.11339
1076 1220 -1.10964
1077 1078 0.99557
1077 1089 1.16547
1077 1221 -0.79845
1078 1079 1.04695
1078 1090 1.1084
1078 1222 -0.4
1079 1091 -0.11067
1079 1223 -0.17206
1080 1081 -0.13982
1080 1091 0.36385
1080 1092 -0.6324
1080 1224 0.92847
1081 1082 -1.16316
1081 1093 0.49893
1081 1225 -0.09696
1082 1083 -1.17494
1082 1094 0.26266
1082 1226 -0.81
1083 1084 -0.95058
1083 1095 0.18129
1083 1227 -0.47063
1084 1085 -1.69749
1084 1096 -1.23052
1084 1228 0.47309
1085 1086 -1.31099
1085 1097 -0.3493
1085 1229 -0.61469
1086 1087 0.76945
1086 1098 0.74292
1086 1230 0.28862
1087 1088 -1.15051
1087 1099 -0.66685
1087 1231 0.80003
1088 1089 1.0476
1088 1100 -1.00822
1088 1232 -0.22125
1089 1090 0.18071
1089 1101 -0.79123
1089 1233 -0.58314
1090 1091 -2.72635
1090 1102 1.55035
1090 1234 -1.31629
1091 1103 1.97941
1091 1235 1.08764
1092 1093 0.87736
1092 1103 1.05444
1092 1104 1.04657
1092 1236 0.93052
1093 1094 0.30791
1093 1105 0.70812
1093 1237 -1.57129
1094 1095 -1.83942
1094 1106 -0.33599
1094 1238 0.61205
1095 1096 0.31173
1095 1107 2.86565
1095 1239 0.09591
1096 1097 1.69838
1096 1108 0.05304
1096 1240 0.6635
1097 1098 0.94953
1097 1109 -0.19479
1097 1241 0.00066
1098 1099 -1.457
1098 1110 0.81234
1098 1242 0.01756
1099 1100 -0.45728
1099 1111 1.20146
1099 1243 0.81542
1100 1101 0.05847
1100 1112 1.8232
1100 1244 -0.10744
1101 1102 -0.93177
1101 1113 0.19101
1101 1245 0.28231
1102 1103 0.23736
1102 1114 1.54599
1102 1246 0.47851
1103 1115 0.91721
1103 1247 0.64809
1104 1105 0.20169
1104 1115 -1.47758
1104 1116 0.7965
1104 1248 0.19218
1105 1106 -0.12883
1105 1117 -0.49027
1105 1249 -0.56506
1106 1107 1.31422
1106 1118 0.15624
1106 1250 -0.39028
1107 1108 -0.07557
1107 1119 0.72109
1107 1251 1.37295
1108 1109 -2.10023
1108 1120 0.01565
1108 1252 -0.04519
1109 1110 -1.27866
1109 1121 -0.53925
1109 1253 -1.82049
1110 1111 -0.19824
1110 1122 0.18747
1110 1254 1.71337
1111 1112 -0.56502
1111 1123 1.16381
1111 1255 -1.03975
1112 1113 1.16362
1112 1124 0.76103
1112 1256 0.87965
1113 1114 -0.24801
1113 1125 -0.83233
1113 1257 1.60584
1114 1115 -1.55337
1114 1126 0.05463
1114 1258 0.38548
1115 1127 0.17209
1115 1259 -0.68049
1116 1117 -0.49632
1116 1127 -0.70256
1116 1128 0.82712
1116 1260 0.76277
1117 1118 -2.05589
1117 1129 0.03777
1117 1261 0.99206
1118 1119 -1.22338
1118 1130 0.08928
1118 1262 -0.66753
1119 1120 0.91226
1119 1131 0.85958
1119 1263 1.97514
1120 1121 0.88793
1120 1132 0.47568
1120 1264 0.43474
1121 1122 1.84793
1121 1133 0.23556
1121 1265 1.76224
1122 1123 1.27987
1122 1134 1.60406
1122 1266 0.19922
1123 1124 1.30088
1123 1135 0.39964
1123 1267 0.25436
1124 1125 -0.50533
1124 1136 -0.41429
1124 1268 -0.72498
1125 1126 -0.55788
1125 1137 -0.18279
1125 1269 -0.51862
1126 1127 1.27879
1126 1138 -1.92012
1126 1270 0.33876
1127 1139 0.11203
1127 1271 -0.70583
1128 1129 0.35919
1128 1139 -1.47153
1128 1140 1.49791
1128 1272 0.82813
1129 1130 0.13307
1129 1141 -0.86793
1129 1273 -0.52932
1130 1131 -0.67901
1130 1142 -1.39451
1130 1274 -0.82134
1131 1132 -1.81053
1131 1143 -0.03401
1131 1275 1.54948
1132 1133 -0.07807
1132 1144 -0.76013
1132 1276 -0.19389
1133 1134 -0.15335
1133 1145 -2.02003
1133 1277 -1.30858
1134 1135 -1.68418
1134 1146 1.36095
1134 1278 -0.64617
1135 1136 -0.2803
1135 1147 -0.75658
1135 1279 0.07206
1136 1137 1.17614
1136 1148 1.09491
1136 1280 0.37419
1137 1138 -0.69537
1137 1149 1.49683
1137 1281 1.88712
1138 1139 0.58424
1138 1150 -1.12849
1138 1282 0.62028
1139 1151 1.20956
1139 1283 0.39848
1140 1141 0.22776
1140 1151 1.54216
1140 1284 -0.32507
1141 1142 2.31919
1141 1285 -0.85339
1142 1143 0.3683
1142 1286 -0.0484
1143 1144 -0.91207
1143 1287 1.44902
1144 1145 -0.05912
1144 1288 0.87455
1145 1146 1.36914
1145 1289 -1.63247
1146 1147 -0.11213
1146 1290 -1.77281
1147 1148 -0.13395
1147 1291 0.66768
1148 1149 1.51288
1148 1292 -0.1322
1149 1150 0.90911
1149 1293 0.41415
1150 1151 0.58321
1150 1294 -0.05251
1151 1295 -1.21413
1152 1153 1.05625
1152 1163 -0.37286
1152 1164 -0.68565
1152 1284 0.28629
1152 1296 -0.77009
1153 1154 -1.02399
1153 1165 -0.43711
1153 1285 -0.80264
1153 1297 -0.85929
1154 1155 -0.33467
1154 1166 1.54021
1154 1286 0.1616
1154 1298 -0.65982
1155 1156 -0.35067
1155 1167 1.44855
1155 1287 -0.54591
1155 1299 1.86281
1156 1157 -0.06504
1156 1168 -0.1914
1156 1288 -0.92848
1156 1300 0.29807
1157 1158 0.97458
1157 1169 -0.21496
1157 1289 -0.57204
1157 1301 -0.29376
1158 1159 -0.65326
1158 1170 1.05627
1158 1290 0.93188
1158 1302 -0.59944
1159 1160 -0.97605
1159 1171 -1.17997
1159 1291 -0.62624
1159 1303 1.7655
1160 1161 -0.70959
1160 1172 1.1586
1160 1292 1.10762
1160 1304 -1.43926
1161 1162 -1.01054
1161 1173 0.3087
1161 1293 -0.61108
1161 1305 -1.17683
1162 1163 0.2759
1162 1174 0.49483
1162 1294 0.99571
1162 1306 0.48094
1163 1175 -0.32285
1163 1295 0.2941
1163 1307 0.76556
1164 1165 -1.62414
1164 1175 0.14789
1164 1176 0.44491
1164 1308 0.19408
1165 1166 0.62122
1165 1177 0.20096
1165 1309 -0.41952
1166 1167 -0.39265
1166 1178 0.59376
1166 1310 1.25063
1167 1168 -1.67361
1167 1179 0.5949
1167 1311 0.48855
1168 1169 1.26363
1168 1180 -1.9987
1168 1312 0.61906
1169 1170 0.2447
1169 1181 0.30161
1169 1313 0.36591
1170 1171 -2.15065
1170 1182 -0.31855
1170 1314 -0.03202
1171 1172 0.98234
1171 1183 0.48648
1171 1315 -0.30376
1172 1173 0.18068
1172 1184 0.60914
1172 1316 0.15152
1173 1174 -0.25059
1173 1185 0.00481
1173 1317 0.26648
1174 1175 -1.32466
1174 1186 0.23436
1174 1318 -0.78815
1175 1187 -0.7105
1175 1319 -0.08537
1176 1177 1.54212
1176 1187 -0.52281
1176 1188 -0.27282
1176 1320 0.33402
1177 1178 0.06263
1177 1189 -0.70442
1177 1321 0.61112
1178 1179 0.42275
1178 1190 1.59521
1178 1322 -0.6702
1179 1180 0.52827
1179 1191 0.6443
1179 1323 -1.48951
1180 1181 0.88371
1180 1192 -0.08386
1180 1324 -0.4668
1181 1182 -0.13703
1181 1193 1.39468
1181 1325 0.48033
1182 1183 0.80909
1182 1194 0.65152
1182 1326 -2.17724
1183 1184 0.61734
1183 1195 1.50951
1183 1327 0.74387
1184 1185 -0.91386
1184 1196 -0.33905
1184 1328 -0.76859
1185 1186 -0.85913
1185 1197 0.35382
1185 1329 0.52329
1186 1187 -0.19951
1186 1198 -1.54803
1186 1330 -1.47221
1187 1199 -0.70935
1187 1331 0.93599
1188 1189 -2.01656
1188 1199 -0.55798
1188 1200 1.16178
1188 1332 0.26847
1189 1190 -0.51001
1189 1201 1.9471
1189 1333 -0.90824
1190 1191 -0.09306
1190 1202 -0.4644
1190 1334 0.1251
1191 1192 -0.65081
1191 1203 0.12586
1191 1335 -0.7249
1192 1193 -0.57223
1192 1204 -0.80477
1192 1336 0.73238
1193 1194 -1.00838
1193 1205 -0.18704
1193 1337 -0.50428
1194 1195 1.02705
1194 1206 0.41211
1194 1338 0.93718
1195 1196 0.10206
1195 1207 0.97462
1195 1339 0.43939
1196 1197 -1.61049
1196 1208 -1.56827
1196 1340 1.06347
1197 1198 -1.49336
1197 1209 -0.15429
1197 1341 -0.55735
1198 1199 0.57038
1198 1210 0.59264
1198 1342 0.80297
1199 1211 -0.32136
1199 1343 -0.12699
1200 1201 -0.57708
1200 1211 -0.92882
1200 1212 -1.1672
1200 1344 0.68818
1201 1202 0.21832
1201 1213 -0.57034
1201 1345 0.25773
1202 1203 0.39825
1202 1214 0.41928
1202 1346 1.288
1203 1204 -0.16164
1203 1215 -1.52495
1203 1347 -0.85628
1204 1205 -0.19821
1204 1216 1.10785
1204 1348 -1.48477
1205 1206 -0.64447
1205 1217 -1.14574
1205 1349 -0.52825
1206 1207 0.43141
1206 1218 0.47036
1206 1350 0.04207
1207 1208 0.08036
1207 1219 -0.6608
1207 1351 -1.04214
1208 1209 0.42083
1208 1220 -0.08111
1208 1352 0.33017
1209 1210 -1.55935
1209 1221 0.70419
1209 1353 -1.23144
1210 1211 0.24685
1210 1222 -0.48867
1210 1354 -1.82477
1211 1223 0.11571
1211 1355 0.80572
1212 1213 1.04951
1212 1223 1.05601
1212 1224 1.52432
1212 1356 -0.50279
1213 1214 0.45125
1213 1225 0.01186
1213 1357 -0.67733
1214 1215 0.89114
1214 1226 0.74594
1214 1358 1.18808
1215 1216 -0.1217
1215 1227 -1.4689
1215 1359 0.68293
1216 1217 0.76621
1216 1228 -0.28652
1216 1360 0.61544
1217 1218 0.26287
1217 1229 0.19688
1217 1361 0.41637
1218 1219 1.74399
1218 1230 -1.15165
1218 1362 -0.2367
1219 1220 -1.06772
1219 1231 -0.2897
1219 1363 -0.51419
1220 1221 0.87945
1220 1232 2.05772
1220 1364 -0.51294
1221 1222 0.66964
1221 1233 -0.03655
1221 1365 -0.61794
1222 1223 -0.45364
1222 1234 1.08532
1222 1366 -1.14012
1223 1235 0.53143
1223 1367 0.12791
1224 1225 -0.77153
1224 1235 -0.48869
1224 1236 0.85452
1224 1368 -0.50814
1225 1226 -0.19415
1225 1237 0.22496
1225 1369 0.51723
1226 1227 0.3587
1226 1238 -1.05266
1226 1370 -0.718
1227 1228 -1.35841
1227 1239 -1.4024
1227 1371 -0.47459
1228 1229 2.22355
1228 1240 0.08265
1228 1372 -0.30293
1229 1230 1.26378
1229 1241 0.04141
1229 1373 0.53825
1230 1231 0.8027
1230 1242 0.49512
1230 1374 0.75503
1231 1232 0.81942
1231 1243 0.71259
1231 1375 0.34117
1232 1233 0.26484
1232 1244 -0.71937
1232 1376 0.0436
1233 1234 0.09261
1233 1245 -3.20117
1233 1377 -0.60992
1234 1235 -0.47769
1234 1246 0.94618
1234 1378 2.54214
1235 1247 0.61196
1235 1379 -0.71719
1236 1237 0.71324
1236 1247 0.20834
1236 1248 0.49711
1236 1380 0.52374
1237 1238 1.06931
1237 1249 -0.16126
1237 1381 1.21621
1238 1239 -0.55107
1238 1250 1.26497
1238 1382 1.72345
1239 1240 1.24191
1239 1251 0.11028
1239 1383 -0.26625
1240 1241 1.25111
1240 1252 0.46421
1240 1384 -0.22687
1241 1242 -0.30109
1241 1253 0.9084
1241 1385 -1.21433
1242 1243 1.27105
1242 1254 0.05491
1242 1386 -0.05541
1243 1244 0.89439
1243 1255 0.53014
1243 1387 0.89694
1244 1245 -1.07628
1244 1256 -2.08317
1244 1388 1.34221
1245 1246 0.04535
1245 1257 0.22794
1245 1389 -2.00619
1246 1247 -0.24055
1246 1258 1.07312
1246 1390 -2.01018
1247 1259 -0.4647
1247 1391 0.72681
1248 1249 0.86741
1248 1259 -0.11309
1248 1260 -0.71824
1248 1392 0.17247
1249 1250 1.26236
1249 1261 1.10669
1249 1393 0.44176
1250 1251 -0.65216
1250 1262 -1.03407
1250 1394 1.27658
1251 1252 1.22616
1251 1263 2.08917
1251 1395 0.36965
1252 1253 -0.46235
1252 1264 -1.40108
1252 1396 0.53748
1253 1254 0.5927
1253 1265 0.14552
1253 1397 0.29532
1254 1255 -1.31498
1254 1266 2.05316
1254 1398 -0.63694
1255 1256 -1.28412
1255 1267 1.11247
1255 1399 0.63889
1256 1257 0.86809
1256 1268 -0.15388
1256 1400 -0.1368
1257 1258 -1.15818
1257 1269 -0.12871
1257 1401 -0.06002
1258 1259 0.95938
1258 1270 0.94557
1258 1402 -0.52622
1259 1271 -1.76511
1259 1403 1.19304
1260 1261 -0.74663
1260 1271 0.2689
1260 1272 -0.41454
1260 1404 -0.3818
1261 1262 0.13735
1261 1273 0.56427
1261 1405 -0.30367
1262 1263 1.40517
1262 1274 -0.21909
1262 1406 -0.027
1263 1264 -0.16017
1263 1275 0.03829
1263 1407 1.01714
1264 1265 -0.94534
1264 1276 1.4602
1264 1408 0.22433
1265 1266 -0.32758
1265 1277 -1.6431
1265 1409 0.47029
1266 1267 0.15705
1266 1278 1.06481
1266 1410 0.96885
1267 1268 -1.09253
1267 1279 -1.26565
1267 1411 -0.92551
1268 1269 -0.00382
1268 1280 0.22956
1268 1412 1.30194
1269 1270 0.9371
1269 1281 -1.66974
1269 1413 -2.93522
1270 1271 -0.25433
1270 1282 -1.34487
1270 1414 0.33082
1271 1283 -0.63769
1271 1415 0.60116
1272 1273 0.70435
1272 1283 1.11487
1272 1284 -0.45859
1272 1416 0.20199
1273 1274 0.58344
1273 1285 -0.86578
1273 1417 -0.45231
1274 1275 1.44722
1274 1286 1.52695
1274 1418 -0.90456
1275 1276 0.22025
1275 1287 -0.07714
1275 1419 -0.34946
1276 1277 0.00621
1276 1288 0.47206
1276 1420 0.233
1277 1278 0.01078
1277 1289 0.9063
1277 1421 0.38248
1278 1279 -0.19479
1278 1290 0.61675
1278 1422 -1.62483
1279 1280 0.01383
1279 1291 0.05743
1279 1423 1.34633
1280 1281 0.25518
1280 1292 -0.5279
1280 1424 2.40533
1281 1282 -0.20203
1281 1293 0.04634
1281 1425 0.88093
1282 1283 1.25857
1282 1294 0.32958
1282 1426 -0.17863
1283 1295 -1.90381
1283 1427 0.83587
1284 1285 -0.73958
1284 1295 -0.30806
1284 1428 -0.29724
1285 1286 0.52302
1285 1429 -1.5067
1286 1287 -1.0472
1286 1430 -0.11302
1287 1288 0.73436
1287 1431 -0.11256
1288 1289 0.28274
1288 1432 -0.1245
1289 1290 -1.80388
1289 1433 0.37451
1290 1291 0.49698
1290 1434 -0.34087
1291 1292 -0.09267
1291 1435 -0.36453
1292 1293 0.54553
1292 1436 0.80121
1293 1294 0.45323
1293 1437 -1.78958
1294 1295 -1.58941
1294 1438 0.66629
1295 1439 0.87729
1296 1297 -0.00472
1296 1307 1.79195
1296 1308 0.66214
1296 1428 -0.50964
1296 1440 -0.87887
1297 1298 -1.57443
1297 1309 -0.41752
1297 1429 -0.71508
1297 1441 -1.35677
1298 1299 0.93441
1298 1310 1.55463
1298 1430 -1.50884
1298 1442 1.52544
1299 1300 1.05746
1299 1311 2.66358
1299 1431 -0.22293
1299 1443 0.5958
1300 1301 -1.20757
1300 1312 1.10949
1300 1432 0.85503
1300 1444 0.76868
1301 1302 0.94149
1301 1313 -1.62898
1301 1433 -1.88294
1301 1445 0.1169
1302 1303 0.80221
1302 1314 -0.35669
1302 1434 1.06488
1302 1446 -0.48693
1303 1304 -0.68857
1303 1315 0.00629
1303 1435 0.18244
1303 1447 0.82813
1304 1305 1.54533
1304 1316 -1.42768
1304 1436 -0.97941
1304 1448 0.03482
1305 1306 1.13958
1305 1317 -0.46562
1305 1437 1.07756
1305 1449 0.53853
1306 1307 1.67829
1306 1318 -0.58385
1306 1438 0.72763
1306 1450 -0.76766
1307 1319 0.84501
1307 1439 -1.03112
1307 1451 -0.07749
1308 1309 0.49249
1308 1319 0.52558
1308 1320 -1.62605
1308 1452 1.11864
1309 1310 -2.19345
1309 1321 -1.23158
1309 1453 -1.16743
1310 1311 -0.17414
1310 1322 1.34171
1310 1454 0.78154
1311 1312 2.17704
1311 1323 -0.89253
1311 1455 -0.87127
1312 1313 -0.39822
1312 1324 0.72577
1312 1456 -1.30189
1313 1314 0.4809
1313 1325 2.10999
1313 1457 0.41455
1314 1315 -0.86156
1314 1326 0.3059
1314 1458 -1.03512
1315 1316 -2.41025
1315 1327 -0.22161
1315 1459 1.11602
1316 1317 1.79911
1316 1328 -0.94216
1316 1460 -0.84324
1317 1318 -0.1588
1317 1329 0.71906
1317 1461 0.58564
1318 1319 -1.0765
1318 1330 -0.43778
1318 1462 0.26597
1319 1331 0.56222
1319 1463 -2.30689
1320 1321 -0.06256
1320 1331 -0.01078
1320 1332 0.01571
1320 1464 -1.2274
1321 1322 -0.12938
1321 1333 1.55164
1321 1465 -1.56224
1322 1323 1.54062
1322 1334 0.21435
1322 1466 -1.05889
1323 1324 -0.77533
1323 1335 1.28327
1323 1467 1.0565
1324 1325 -0.55778
1324 1336 -0.00561
1324 1468 0.32951
1325 1326 2.25106
1325 1337 0.36134
1325 1469 0.77446
1326 1327 0.11815
1326 1338 0.32293
1326 1470 -0.07029
1327 1328 -0.27722
1327 1339 0.80066
1327 1471 0.68292
1328 1329 -0.00806
1328 1340 0.0128
1328 1472 -1.51772
1329 1330 -0.96993
1329 1341 0.73137
1329 1473 -0.69194
1330 1331 1.09814
1330 1342 0.84275
1330 1474 0.00803
1331 1343 0.33547
1331 1475 1.17269
1332 1333 0.47258
1332 1343 1.08526
1332 1344 0.67024
1332 1476 1.84525
1333 1334 1.74424
1333 1345 -0.79014
1333 1477 -1.37528
1334 1335 0.00569
1334 1346 0.73095
1334 1478 -0.45329
1335 1336 -0.56885
1335 1347 0.05426
1335 1479 -1.9257
1336 1337 0.94647
1336 1348 0.94041
1336 1480 0.71352
1337 1338 1.34066
1337 1349 0.68669
1337 1481 -0.93466
1338 1339 0.14279
1338 1350 0.32038
1338 1482 -1.03954
1339 1340 -1.87422
1339 1351 -1.64879
1339 1483 -0.83281
1340 1341 0.71822
1340 1352 -0.30136
1340 1484 -0.54939
1341 1342 0.92277
1341 1353 -0.5764
1341 1485 1.22046
1342 1343 1.44516
1342 1354 0.3278
1342 1486 1.05647
1343 1355 1.30565
1343 1487 -1.03485
1344 1345 0.36865
1344 1355 -0.49264
1344 1356 0.33203
1344 1488 -1.60747
1345 1346 0.12781
1345 1357 -0.52719
1345 1489 -0.8954
1346 1347 -0.60606
1346 1358 -0.35306
1346 1490 -0.79809
1347 1348 0.84213
1347 1359 -0.14487
1347 1491 1.72569
1348 1349 -0.08913
1348 1360 0.95876
1348 1492 1.09783
1349 1350 1.34485
1349 1361 1.19708
1349 1493 0.94049
1350 1351 0.87814
1350 1362 -0.48481
1350 1494 -0.56243
1351 1352 0.75538
1351 1363 0.55904
1351 1495 -0.52821
1352 1353 1.63504
1352 1364 0.75573
1352 1496 -1.16858
1353 1354 -1.0856
1353 1365 -1.18829
1353 1497 0.25202
1354 1355 -1.01749
1354 1366 1.01942
1354 1498 1.14583
1355 1367 0.13582
1355 1499 -0.48109
1356 1357 0.17449
1356 1367 1.3087
1356 1368 -0.39132
1356 1500 0.08898
1357 1358 0.09297
1357 1369 -0.96182
1357 1501 0.36542
1358 1359 0.04954
1358 1370 0.20755
1358 1502 -1.66118
1359 1360 -1.50102
1359 1371 -1.23544
1359 1503 -1.46262
1360 1361 0.57327
1360 1372 0.12829
1360 1504 1.54692
1361 1362 -1.0038
1361 1373 2.31829
1361 1505 0.1867
1362 1363 -0.02643
1362 1374 -0.51428
1362 1506 0.34966
1363 1364 -1.33488
1363 1375 1.35694
1363 1507 1.9294
1364 1365 -0.0996
1364 1376 -0.98737
1364 1508 -0.07665
1365 1366 -0.727
1365 1377 0.32158
1365 1509 0.88821
1366 1367 -0.35023
1366 1378 -0.09633
1366 1510 2.53207
1367 1379 1.26055
1367 1511 0.62354
1368 1369 -0.98319
1368 1379 1.92386
1368 1380 -0.79317
1368 1512 -0.00873
1369 1370 -0.64597
1369 1381 -0.02304
1369 1513 -0.73646
1370 1371 1.43075
1370 1382 0.67976
1370 1514 -1.61255
1371 1372 -2.51157
1371 1383 0.31301
1371 1515 -0.35587
1372 1373 -0.73003
1372 1384 0.43774
1372 1516 0.70646
1373 1374 0.3056
1373 1385 0.41928
1373 1517 0.51044
1374 1375 2.97659
1374 1386 0.27098
1374 1518 0.49453
1375 1376 0.54505
1375 1387 -0.58064
1375 1519 0.22872
1376 1377 1.26143
1376 1388 0.86085
1376 1520 -1.95302
1377 1378 0.38996
1377 1389 1.33436
1377 1521 0.1481
1378 1379 -0.32071
1378 1390 0.46576
1378 1522 -0.07644
1379 1391 -0.14835
1379 1523 2.48903
1380 1381 0.0714
1380 1391 -0.10597
1380 1392 -0.52724
1380 1524 0.95089
1381 1382 0.25154
1381 1393 0.79174
1381 1525 -0.55388
1382 1383 -2.01068
1382 1394 2.65414
1382 1526 -1.22684
1383 1384 -2.01907
1383 1395 1.72829
1383 1527 0.38441
1384 1385 1.13273
1384 1396 0.04355
1384 1528 0.78097
1385 1386 0.14163
1385 1397 -0.9075
1385 1529 -0.23185
1386 1387 -1.33501
1386 1398 0.48088
1386 1530 0.74836
1387 1388 -0.03682
1387 1399 -1.88713
1387 1531 -0.06908
1388 1389 1.25548
1388 1400 0.72533
1388 1532 0.20155
1389 1390 -0.76778
1389 1401 0.95838
1389 1533 0.14002
1390 1391 0.75484
1390 1402 -0.28655
1390 1534 -1.16459
1391 1403 -1.1659
1391 1535 -1.77375
1392 1393 -0.91108
1392 1403 -0.45801
1392 1404 -0.26694
1392 1536 0.56454
1393 1394 -0.62071
1393 1405 -1.0589
1393 1537 1.221
1394 1395 0.21766
1394 1406 -0.42282
1394 1538 1.25342
1395 1396 -0.41036
1395 1407 1.69236
1395 1539 0.38189
1396 1397 0.75602
1396 1408 1.3244
1396 1540 -0.41804
1397 1398 -0.79301
1397 1409 0.50794
1397 1541 -1.41947
1398 1399 -0.29848
1398 1410 -0.72491
1398 1542 -0.16939
1399 1400 0.20145
1399 1411 1.57467
1399 1543 -0.50811
1400 1401 -0.32206
1400 1412 -0.15719
1400 1544 -1.64305
1401 1402 -0.44309
1401 1413 -0.70308
1401 1545 -0.47762
1402 1403 -1.82698
1402 1414 -0.31247
1402 1546 -1.59485
1403 1415 -0.72029
1403 1547 0.84936
1404 1405 -0.25847
1404 1415 -1.15786
1404 1416 -0.4279
1404 1548 1.09958
1405 1406 0.76019
1405 1417 -0.02096
1405 1549 0.83175
1406 1407 -0.21973
1406 1418 0.81319
1406 1550 0.58697
1407 1408 0.84951
1407 1419 0.19492
1407 1551 -1.23615
1408 1409 -0.19305
1408 1420 -0.47214
1408 1552 -0.14686
1409 1410 -0.08646
1409 1421 0.43809
1409 1553 0.70101
1410 1411 -2.09815
1410 1422 -0.55924
1410 1554 0.95486
1411 1412 0.66439
1411 1423 0.69921
1411 1555 1.11545
1412 1413 -0.19455
1412 1424 -0.31136
1412 1556 0.07664
1413 1414 0.46412
1413 1425 -0.1195
1413 1557 0.95776
1414 1415 -0.55114
1414 1426 -0.55043
1414 1558 0.80772
1415 1427 2.50485
1415 1559 1.52135
1416 1417 0.84032
1416 1427 0.58809
1416 1428 0.19493
1416 1560 -1.74548
1417 1418 -0.39133
1417 1429 0.25067
1417 1561 -0.8088
1418 1419 0.42537
1418 1430 -0.59733
1418 1562 -0.07238
1419 1420 0.01374
1419 1431 -0.89559
1419 1563 0.11757
1420 1421 -0.2969
1420 1432 -0.4978
1420 1564 1.70011
1421 1422 -0.07231
1421 1433 -0.41007
1421 1565 0.84114
1422 1423 -0.02496
1422 1434 -1.46299
1422 1566 0.9723
1423 1424 -0.67389
1423 1435 0.63562
1423 1567 0.68083
1424 1425 -0.50797
1424 1436 0.82288
1424 1568 -0.18016
1425 1426 1.77158
1425 1437 -0.04858
1425 1569 -0.39397
1426 1427 0.22305
1426 1438 0.31543
1426 1570 1.54209
1427 1439 -0.67864
1427 1571 -0.0414
1428 1429 0.27297
1428 1439 -0.97426
1428 1572 0.84142
1429 1430 -0.21176
1429 1573 1.33268
1430 1431 -1.11035
1430 1574 -1.18768
1431 1432 0.16317
1431 1575 1.83106
1432 1433 0.71323
1432 1576 0.26676
1433 1434 0.96958
1433 1577 0.06218
1434 1435 0.61927
1434 1578 0.16918
1435 1436 0.26191
1435 1579 -0.17149
1436 1437 0.42621
1436 1580 0.56436
1437 1438 -0.60164
1437 1581 0.38375
1438 1439 -0.13501
1438 1582 0.31347
1439 1583 -0.49733
1440 1441 -0.42305
1440 1451 0.09956
1440 1452 -2.1211
1440 1572 -0.80223
1440 1584 -1.01152
1441 1442 0.29489
1441 1453 -0.20371
1441 1573 0.93188
1441 1585 0.16002
1442 1443 0.79971
1442 1454 -0.34684
1442 1574 0.30562
1442 1586 0.97499
1443 1444 -0.78655
1443 1455 -1.27278
1443 1575 0.55549
1443 1587 -0.09233
1444 1445 -0.58617
1444 1456 2.10293
1444 1576 -0.33075
1444 1588 0.72025
1445 1446 0.25828
1445 1457 -1.49634
1445 1577 -1.35849
1445 1589 1.1663
1446 1447 -1.02931
1446 1458 -1.15889
1446 1578 1.20465
1446 1590 0.11356
1447 1448 0.27646
1447 1459 0.24833
1447 1579 1.20618
1447 1591 2.62431
1448 1449 1.71612
1448 1460 -0.48481
1448 1580 -0.5679
1448 1592 2.44508
1449 1450 0.92153
1449 1461 -1.53775
1449 1581 -0.75143
1449 1593 0.2068
1450 1451 -1.26234
1450 1462 -1.01728
1450 1582 0.79448
1450 1594 -1.68613
1451 1463 -1.65136
1451 1583 -0.97473
1451 1595 1.1046
1452 1453 1.50395
1452 1463 -1.27569
1452 1464 0.47233
1452 1596 1.93362
1453 1454 -2.29765
1453 1465 -0.12796
1453 1597 -0.78976
1454 1455 0.57752
1454 1466 -2.08272
1454 1598 -0.97127
1455 1456 1.19569
1455 1467 0.82027
1455 1599 -0.48268
1456 1457 -0.46471
1456 1468 1.2147
1456 1600 -0.99758
1457 1458 -0.58743
1457 1469 -0.01234
1457 1601 0.15395
1458 1459 -0.35003
1458 1470 -0.43907
1458 1602 -0.93585
1459 1460 1.69621
1459 1471 0.35286
1459 1603 -0.18926
1460 1461 1.69514
1460 1472 -1.43497
1460 1604 -1.83106
1461 1462 0.58578
1461 1473 0.03422
1461 1605 0.5013
1462 1463 -0.13232
1462 1474 1.1833
1462 1606 0.61057
1463 1475 0.20502
1463 1607 -0.47401
1464 1465 1.15918
1464 1475 -1.02672
1464 1476 0.41183
1464 1608 -0.70057
1465 1466 0.89858
1465 1477 2.27703
1465 1609 0.43009
1466 1467 -0.19668
1466 1478 0.70788
1466 1610 0.51842
1467 1468 0.66452
1467 1479 1.40915
1467 1611 1.4149
1468 1469 0.01312
1468 1480 -0.27636
1468 1612 0.73093
1469 1470 -0.65455
1469 1481 -0.47664
1469 1613 0.068
1470 1471 0.95982
1470 1482 -0.08232
1470 1614 0.90094
1471 1472 -0.11121
1471 1483 0.82528
1471 1615 -1.02513
1472 1473 0.17387
1472 1484 -0.78362
1472 1616 0.33495
1473 1474 -0.96667
1473 1485 -0.93171
1473 1617 0.20117
1474 1475 -0.94914
1474 1486 0.3419
1474 1618 0.72766
1475 1487 1.15232
1475 1619 1.20225
1476 1477 -0.39238
1476 1487 -1.44466
1476 1488 0.03526
1476 1620 -1.20931
1477 1478 -1.29505
1477 1489 -0.12121
1477 1621 0.25022
1478 1479 0.45459
1478 1490 0.46961
1478 1622 0.59755
1479 1480 1.91924
1479 1491 0.48766
1479 1623 -0.85543
1480 1481 -0.62554
1480 1492 1.53756
1480 1624 1.19991
1481 1482 1.93109
1481 1493 0.72289
1481 1625 0.57189
1482 1483 -0.51053
1482 1494 -1.29173
1482 1626 0.28302
1483 1484 -0.15266
1483 1495 1.88084
1483 1627 0.49895
1484 1485 -0.0354
1484 1496 0.68314
1484 1628 -0.98535
1485 1486 0.09149
1485 1497 0.92794
1485 1629 -0.69226
1486 1487 0.5316
1486 1498 0.40495
1486 1630 -0.43344
1487 1499 0.84321
1487 1631 0.354
1488 1489 1.27403
1488 1499 -1.17514
1488 1500 -0.33143
1488 1632 -0.49306
1489 1490 0.31639
1489 1501 -0.70162
1489 1633 -1.00072
1490 1491 0.0078
1490 1502 1.41678
1490 1634 -1.13296
1491 1492 -1.42498
1491 1503 0.89939
1491 1635 -0.24198
1492 1493 -0.45687
1492 1504 0.39693
1492 1636 -1.02068
1493 1494 -0.08282
1493 1505 1.15281
1493 1637 0.159
1494 1495 1.47387
1494 1506 -0.77025
1494 1638 0.32323
1495 1496 -1.70407
1495 1507 1.66136
1495 1639 -0.61863
1496 1497 -1.26316
1496 1508 1.30374
1496 1640 0.74374
1497 1498 2.60299
1497 1509 0.51345
1497 1641 0.46088
1498 1499 -0.44605
1498 1510 -1.63299
1498 1642 2.25108
1499 1511 -1.82333
1499 1643 1.63403
1500 1501 -0.91288
1500 1511 -1.20516
1500 1512 -0.95573
1500 1644 -0.00205
1501 1502 -1.11061
1501 1513 0.26809
1501 1645 0.36782
1502 1503 -0.87197
1502 1514 1.30604
1502 1646 0.28702
1503 1504 1.60609
1503 1515 0.34597
1503 1647 -0.7688
1504 1505 -1.17058
1504 1516 -1.06409
1504 1648 1.01565
1505 1506 0.10458
1505 1517 1.10147
1505 1649 -1.33775
1506 1507 -0.70394
1506 1518 -0.70144
1506 1650 -0.81054
1507 1508 -0.39577
1507 1519 -1.59186
1507 1651 -0.19712
1508 1509 -0.40592
1508 1520 3.07081
1508 1652 -1.20077
1509 1510 0.01754
1509 1521 -1.4941
1509 1653 -0.06809
1510 1511 -0.27386
1510 1522 -0.22281
1510 1654 0.36473
1511 1523 -0.15022
1511 1655 0.11925
1512 1513 1.11133
1512 1523 -0.8666
1512 1524 -0.60139
1512 1656 -0.43573
1513 1514 0.41103
1513 1525 1.41983
1513 1657 0.91908
1514 1515 -1.24337
1514 1526 1.9233
1514 1658 0.02737
1515 1516 0.17375
1515 1527 -0.45684
1515 1659 1.18231
1516 1517 0.02216
1516 1528 -0.19034
1516 1660 -0.43121
1517 1518 0.51966
1517 1529 -1.23303
1517 1661 -0.5416
1518 1519 -0.029
1518 1530 0.03275
1518 1662 0.56424
1519 1520 -0.61994
1519 1531 -1.26938
1519 1663 -0.50919
1520 1521 0.51036
1520 1532 -0.04976
1520 1664 0.61934
1521 1522 -0.76155
1521 1533 -0.17669
1521 1665 -0.98656
1522 1523 -0.49281
1522 1534 0.86296
1522 1666 1.29487
1523 1535 -0.9892
1523 1667 1.12908
1524 1525 -0.42994
1524 1535 0.3126
1524 1536 0.64312
1524 1668 1.09544
1525 1526 -0.89656
1525 1537 2.18378
1525 1669 0.68525
1526 1527 0.48401
1526 1538 0.39177
1526 1670 -0.79455
1527 1528 2.47405
1527 1539 0.22878
1527 1671 -0.73154
1528 1529 0.21653
1528 1540 0.5553
1528 1672 -0.52294
1529 1530 -0.0263
1529 1541 -0.2272
1529 1673 0.33466
1530 1531 0.70543
1530 1542 0.81666
1530 1674 0.04908
1531 1532 -0.77102
1531 1543 0.03388
1531 1675 1.16676
1532 1533 -0.73851
1532 1544 0.17632
1532 1676 0.82146
1533 1534 -0.93987
1533 1545 0.73534
1533 1677 -0.78172
1534 1535 1.42869
1534 1546 1.2979
1534 1678 -0.18336
1535 1547 -1.61398
1535 1679 -1.47192
1536 1537 0.04311
1536 1547 0.04218
1536 1548 -0.24631
1536 1680 0.01705
1537 1538 1.15291
1537 1549 1.0406
1537 1681 -0.81967
1538 1539 2.12908
1538 1550 0.94694
1538 1682 -0.13166
1539 1540 -1.41174
1539 1551 -0.70188
1539 1683 0.31971
1540 1541 -0.48422
1540 1552 -0.22197
1540 1684 0.94904
1541 1542 -0.85314
1541 1553 -0.38561
1541 1685 -0.07602
1542 1543 0.05055
1542 1554 -0.20811
1542 1686 -0.61336
1543 1544 -0.16083
1543 1555 -0.34742
1543 1687 0.11686
1544 1545 -1.03815
1544 1556 -1.09201
1544 1688 -1.80478
1545 1546 -0.40277
1545 1557 1.39581
1545 1689 0.19875
1546 1547 -0.71683
1546 1558 -0.30144
1546 1690 -0.06848
1547 1559 -0.49397
1547 1691 -0.37398
1548 1549 -0.98039
1548 1559 -0.29399
1548 1560 -2.46005
1548 1692 -0.42499
1549 1550 -0.31595
1549 1561 0.12483
1549 1693 1.29303
1550 1551 -1.74035
1550 1562 -0.93107
1550 1694 -0.01957
1551 1552 0.29206
1551 1563 0.50133
1551 1695 -0.31855
1552 1553 -0.10068
1552 1564 0.44986
1552 1696 -0.72815
1553 1554 0.01802
1553 1565 -0.45457
1553 1697 0.43898
1554 1555 -0.5726
1554 1566 0.15193
1554 1698 -0.70662
1555 1556 0.52009
1555 1567 -0.38925
1555 1699 0.24435
1556 1557 0.03825
1556 1568 -0.78327
1556 1700 -1.37686
1557 1558 -0.97866
1557 1569 -1.50278
1557 1701 -0.08502
1558 1559 0.10608
1558 1570 -2.47473
1558 1702 -0.77536
1559 1571 -0.19778
1559 1703 1.27315
1560 1561 -0.4925
1560 1571 -0.71348
1560 1572 -0.47333
1560 1704 -1.28071
1561 1562 1.41445
1561 1573 0.5804
1561 1705 0.55568
1562 1563 -1.35885
1562 1574 1.85091
1562 1706 0.63766
1563 1564 -0.85755
1563 1575 1.79164
1563 1707 -1.29914
1564 1565 -0.01801
1564 1576 0.19804
1564 1708 -0.06382
1565 1566 -0.07267
1565 1577 -0.11319
1565 1709 -1.45597
1566 1567 -0.89575
1566 1578 -0.22469
1566 1710 -0.22274
1567 1568 -0.14877
1567 1579 -1.70499
1567 1711 1.68637
1568 1569 0.86578
1568 1580 1.8417
1568 1712 -1.09516
1569 1570 0.27641
1569 1581 0.24122
1569 1713 0.25499
1570 1571 0.90124
1570 1582 0.7445
1570 1714 -0.27949
1571 1583 0.37814
1571 1715 -1.98103
1572 1573 -1.07655
1572 1583 1.03202
1572 1716 -0.94136
1573 1574 -0.37807
1573 1717 -0.66661
1574 1575 -1.26033
1574 1718 -1.82933
1575 1576 -0.97813
1575 1719 1.62557
1576 1577 0.95453
1576 1720 0.51064
1577 1578 -0.1867
1577 1721 0.36727
1578 1579 -1.03294
1578 1722 1.9841
1579 1580 0.10137
1579 1723 0.64654
1580 1581 -0.00895
1580 1724 0.85443
1581 1582 -0.12245
1581 1725 1.01537
1582 1583 0.10943
1582 1726 0.0622
1583 1727 1.37368
1584 1585 -1.82109
1584 1595 -1.02519
1584 1596 2.15264
1584 1716 0.18912
1585 1586 2.31358
1585 1597 0.32978
1585 1717 -1.18223
1586 1587 0.97791
1586 1598 -0.9441
1586 1718 0.36091
1587 1588 1.91706
1587 1599 1.22081
1587 1719 0.29667
1588 1589 1.87352
1588 1600 -2.56759
1588 1720 0.45623
1589 1590 0.9154
1589 1601 0.25657
1589 1721 -0.41337
1590 1591 0.92132
1590 1602 -0.67126
1590 1722 0.81389
1591 1592 1.58062
1591 1603 -0.23616
1591 1723 -0.34111
1592 1593 -1.18417
1592 1604 0.12713
1592 1724 0.62007
1593 1594 0.52571
1593 1605 -0.55559
1593 1725 0.34597
1594 1595 0.03129
1594 1606 0.49921
1594 1726 2.41886
1595 1607 1.02621
1595 1727 -1.36014
1596 1597 -0.56773
1596 1607 -2.25729
1596 1608 0.58026
1597 1598 1.46748
1597 1609 0.15879
1598 1599 -1.23064
1598 1610 -0.232
1599 1600 -1.61865
1599 1611 -0.52911
1600 1601 0.42263
1600 1612 0.04029
1601 1602 -1.77998
1601 1613 -0.03025
1602 1603 -0.65621
1602 1614 -0.5407
1603 1604 -0.64093
1603 1615 1.42942
1604 1605 1.41372
1604 1616 -1.91738
1605 1606 0.22334
1605 1617 -0.61882
1606 1607 0.04192
1606 1618 1.34177
1607 1619 -0.59945
1608 1609 0.44714
1608 1619 0.42367
1608 1620 -0.69127
1609 1610 1.06496
1609 1621 0.72094
1610 1611 0.44225
1610 1622 2.453
1611 1612 0.11421
1611 1623 -0.87602
1612 1613 -1.22672
1612 1624 0.72196
1613 1614 0.14311
1613 1625 0.22888
1614 1615 -0.48125
1614 1626 -0.63837
1615 1616 -0.84859
1615 1627 -0.00577
1616 1617 0.04334
1616 1628 -0.70473
1617 1618 0.88427
1617 1629 0.42595
1618 1619 -1.0586
1618 1630 -0.25217
1619 1631 0.49778
1620 1621 -1.20832
1620 1631 -1.06795
1620 1632 -0.47476
1621 1622 -0.13966
1621 1633 1.33682
1622 1623 -0.2573
1622 1634 0.04428
1623 1624 1.61441
1623 1635 -0.32321
1624 1625 0.44754
1624 1636 1.616
1625 1626 0.87562
1625 1637 0.13984
1626 1627 0.18651
1626 1638 -0.04625
1627 1628 0.36687
1627 1639 0.91561
1628 1629 0.23165
1628 1640 0.74721
1629 1630 -0.93767
1629 1641 0.20777
1630 1631 0.9015
1630 1642 -0.93202
1631 1643 1.42358
1632 1633 0.275
1632 1643 2.77656
1632 1644 -1.12344
1633 1634 0.0398
1633 1645 0.38966
1634 1635 0.21615
1634 1646 -0.88962
1635 1636 0.48354
1635 1647 -0.01907
1636 1637 2.63921
1636 1648 0.3773
1637 1638 -0.74561
1637 1649 -0.61782
1638 1639 1.03057
1638 1650 1.15257
1639 1640 -0.03156
1639 1651 -0.37604
1640 1641 -0.51237
1640 1652 -0.07328
1641 1642 1.13792
1641 1653 -0.39402
1642 1643 0.83901
1642 1654 0.15422
1643 1655 -1.37504
1644 1645 -0.66115
1644 1655 2.1174
1644 1656 0.11644
1645 1646 0.28461
1645 1657 0.40169
1646 1647 -0.339
1646 1658 1.07832
1647 1648 0.00723
1647 1659 -0.74721
1648 1649 1.702
1648 1660 0.13498
1649 1650 -1.46363
1649 1661 -0.10489
1650 1651 1.04354
1650 1662 0.27457
1651 1652 -0.35021
1651 1663 -0.81032
1652 1653 -0.99366
1652 1664 -0.15134
1653 1654 -0.08119
1653 1665 -0.7878
1654 1655 0.54269
1654 1666 -0.98539
1655 1667 0.37104
1656 1657 -0.50799
1656 1667 0.72753
1656 1668 -0.61411
1657 1658 0.09106
1657 1669 0.72461
1658 1659 1.3517
1658 1670 -1.47496
1659 1660 0.8188
1659 1671 0.86186
1660 1661 -1.01414
1660 1672 -0.15399
1661 1662 0.20313
1661 1673 0.14063
1662 1663 -0.59279
1662 1674 0.54559
1663 1664 -1.91012
1663 1675 -1.39153
1664 1665 -1.09606
1664 1676 -0.63142
1665 1666 -0.7582
1665 1677 0.02041
1666 1667 0.83249
1666 1678 -0.95407
1667 1679 1.97153
1668 1669 0.19146
1668 1679 1.92887
1668 1680 0.83361
1669 1670 1.7328
1669 1681 -0.03567
1670 1671 0.35747
1670 1682 -1.20437
1671 1672 -0.5143
1671 1683 -0.98
1672 1673 -2.28597
1672 1684 -0.3496
1673 1674 -1.13505
1673 1685 0.26197
1674 1675 -0.80042
1674 1686 0.23277
1675 1676 0.17776
1675 1687 -0.01414
1676 1677 1.54704
1676 1688 0.47951
1677 1678 0.9565
1677 1689 0.50387
1678 1679 1.65681
1678 1690 -1.41459
1679 1691 -1.79982
1680 1681 1.42259
1680 1691 -0.60315
1680 1692 1.84467
1681 1682 0.077
1681 1693 -1.31319
1682 1683 2.26117
1682 1694 0.11963
1683 1684 1.27401
1683 1695 -0.31717
1684 1685 0.66282
1684 1696 1.1326
1685 1686 -0.18117
1685 1697 -0.80732
1686 1687 0.50817
1686 1698 0.12752
1687 1688 0.2854
1687 1699 0.51767
1688 1689 -0.14966
1688 1700 0.56245
1689 1690 0.72138
1689 1701 1.40925
1690 1691 -0.99249
1690 1702 -0.70885
1691 1703 -0.77948
1692 1693 0.68718
1692 1703 -0.96891
1692 1704 -0.42299
1693 1694 0.80585
1693 1705 2.25407
1694 1695 0.52442
1694 1706 -0.02262
1695 1696 1.34135
1695 1707 -0.88362
1696 1697 -0.68926
1696 1708 -1.10212
1697 1698 -0.01067
1697 1709 0.64251
1698 1699 -0.18286
1698 1710 0.25491
1699 1700 0.81392
1699 1711 0.33135
1700 1701 -1.01829
1700 1712 0.0423
1701 1702 0.8399
1701 1713 -0.66231
1702 1703 -0.48487
1702 1714 0.4615
1703 1715 -1.29121
1704 1705 -1.41198
1704 1715 0.51541
1704 1716 0.30097
1705 1706 -0.8732
1705 1717 -0.63475
1706 1707 0.73404
1706 1718 -0.54214
1707 1708 -1.09035
1707 1719 0.31478
1708 1709 0.51308
1708 1720 -0.53225
1709 1710 -0.37449
1709 1721 0.11602
1710 1711 0.03721
1710 1722 -0.43381
1711 1712 -0.26167
1711 1723 -1.10041
1712 1713 -1.62384
1712 1724 -1.09439
1713 1714 -0.97811
1713 1725 -0.40133
1714 1715 -1.34231
1714 1726 1.39158
1715 1727 -0.90055
1716 1717 -0.49315
1716 1727 0.3155
1717 1718 0.7394
1718 1719 0.893
1719 1720 -0.49835
1720 1721 1.33055
1721 1722 -0.2416
1722 1723 -1.02035
1723 1724 -0.83779
1724 1725 -0.98844
1725 1726 0.54121
1726 1727 -0.85749
