# model=ea3d N=1000 meanJ=0 seed=251952361 distribution=gaussian field=0 num_fields=1000 num_couplings=3000
0 0
1 0
2 0
3 0
4 0
5 0
6 0
7 0
8 0
9 0
10 0
11 0
12 0
13 0
14 0
15 0
16 0
17 0
18 0
19 0
20 0
21 0
22 0
23 0
24 0
25 0
26 0
27 0
28 0
29 0
30 0
31 0
32 0
33 0
34 0
35 0
36 0
37 0
38 0
39 0
40 0
41 0
42 0
43 0
44 0
45 0
46 0
47 0
48 0
49 0
50 0
51 0
52 0
53 0
54 0
55 0
56 0
57 0
58 0
59 0
60 0
61 0
62 0
63 0
64 0
65 0
66 0
67 0
68 0
69 0
70 0
71 0
72 0
73 0
74 0
75 0
76 0
77 0
78 0
79 0
80 0
81 0
82 0
83 0
84 0
85 0
86 0
87 0
88 0
89 0
90 0
91 0
92 0
93 0
94 0
95 0
96 0
97 0
98 0
99 0
100 0
101 0
102 0
103 0
104 0
105 0
106 0
107 0
108 0
109 0
110 0
111 0
112 0
113 0
114 0
115 0
116 0
117 0
118 0
119 0
120 0
121 0
122 0
123 0
124 0
125 0
126 0
127 0
128 0
129 0
130 0
131 0
132 0
133 0
134 0
135 0
136 0
137 0
138 0
139 0
140 0
141 0
142 0
143 0
144 0
145 0
146 0
147 0
148 0
149 0
150 0
151 0
152 0
153 0
154 0
155 0
156 0
157 0
158 0
159 0
160 0
161 0
162 0
163 0
164 0
165 0
166 0
167 0
168 0
169 0
170 0
171 0
172 0
173 0
174 0
175 0
176 0
177 0
178 0
179 0
180 0
181 0
182 0
183 0
184 0
185 0
186 0
187 0
188 0
189 0
190 0
191 0
192 0
193 0
194 0
195 0
196 0
197 0
198 0
199 0
200 0
201 0
202 0
203 0
204 0
205 0
206 0
207 0
208 0
209 0
210 0
211 0
212 0
213 0
214 0
215 0
216 0
217 0
218 0
219 0
220 0
221 0
222 0
223 0
224 0
225 0
226 0
227 0
228 0
229 0
230 0
231 0
232 0
233 0
234 0
235 0
236 0
237 0
238 0
239 0
240 0
241 0
242 0
243 0
244 0
245 0
246 0
247 0
248 0
249 0
250 0
251 0
252 0
253 0
254 0
255 0
256 0
257 0
258 0
259 0
260 0
261 0
262 0
263 0
264 0
265 0
266 0
267 0
268 0
269 0
270 0
271 0
272 0
273 0
274 0
275 0
276 0
277 0
278 0
279 0
280 0
281 0
282 0
283 0
284 0
285 0
286 0
287 0
288 0
289 0
290 0
291 0
292 0
293 0
294 0
295 0
296 0
297 0
298 0
299 0
300 0
301 0
302 0
303 0
304 0
305 0
306 0
307 0
308 0
309 0
310 0
311 0
312 0
313 0
314 0
315 0
316 0
317 0
318 0
319 0
320 0
321 0
322 0
323 0
324 0
325 0
326 0
327 0
328 0
329 0
330 0
331 0
332 0
333 0
334 0
335 0
336 0
337 0
338 0
339 0
340 0
341 0
342 0
343 0
344 0
345 0
346 0
347 0
348 0
349 0
350 0
351 0
352 0
353 0
354 0
355 0
356 0
357 0
358 0
359 0
360 0
361 0
362 0
363 0
364 0
365 0
366 0
367 0
368 0
369 0
370 0
371 0
372 0
373 0
374 0
375 0
376 0
377 0
378 0
379 0
380 0
381 0
382 0
383 0
384 0
385 0
386 0
387 0
388 0
389 0
390 0
391 0
392 0
393 0
394 0
395 0
396 0
397 0
398 0
399 0
400 0
401 0
402 0
403 0
404 0
405 0
406 0
407 0
408 0
409 0
410 0
411 0
412 0
413 0
414 0
415 0
416 0
417 0
418 0
419 0
420 0
421 0
422 0
423 0
424 0
425 0
426 0
427 0
428 0
429 0
430 0
431 0
432 0
433 0
434 0
435 0
436 0
437 0
438 0
439 0
440 0
441 0
442 0
443 0
444 0
445 0
446 0
447 0
448 0
449 0
450 0
451 0
452 0
453 0
454 0
455 0
456 0
457 0
458 0
459 0
460 0
461 0
462 0
463 0
464 0
465 0
466 0
467 0
468 0
469 0
470 0
471 0
472 0
473 0
474 0
475 0
476 0
477 0
478 0
479 0
480 0
481 0
482 0
483 0
484 0
485 0
486 0
487 0
488 0
489 0
490 0
491 0
492 0
493 0
494 0
495 0
496 0
497 0
498 0
499 0
500 0
501 0
502 0
503 0
504 0
505 0
506 0
507 0
508 0
509 0
510 0
511 0
512 0
513 0
514 0
515 0
516 0
517 0
518 0
519 0
520 0
521 0
522 0
523 0
524 0
525 0
526 0
527 0
528 0
529 0
530 0
531 0
532 0
533 0
534 0
535 0
536 0
537 0
538 0
539 0
540 0
541 0
542 0
543 0
544 0
545 0
546 0
547 0
548 0
549 0
550 0
551 0
552 0
553 0
554 0
555 0
556 0
557 0
558 0
559 0
560 0
561 0
562 0
563 0
564 0
565 0
566 0
567 0
568 0
569 0
570 0
571 0
572 0
573 0
574 0
575 0
576 0
577 0
578 0
579 0
580 0
581 0
582 0
583 0
584 0
585 0
586 0
587 0
588 0
589 0
590 0
591 0
592 0
593 0
594 0
595 0
596 0
597 0
598 0
599 0
600 0
601 0
602 0
603 0
604 0
605 0
606 0
607 0
608 0
609 0
610 0
611 0
612 0
613 0
614 0
615 0
616 0
617 0
618 0
619 0
620 0
621 0
622 0
623 0
624 0
625 0
626 0
627 0
628 0
629 0
630 0
631 0
632 0
633 0
634 0
635 0
636 0
637 0
638 0
639 0
640 0
641 0
642 0
643 0
644 0
645 0
646 0
647 0
648 0
649 0
650 0
651 0
652 0
653 0
654 0
655 0
656 0
657 0
658 0
659 0
660 0
661 0
662 0
663 0
664 0
665 0
666 0
667 0
668 0
669 0
670 0
671 0
672 0
673 0
674 0
675 0
676 0
677 0
678 0
679 0
680 0
681 0
682 0
683 0
684 0
685 0
686 0
687 0
688 0
689 0
690 0
691 0
692 0
693 0
694 0
695 0
696 0
697 0
698 0
699 0
700 0
701 0
702 0
703 0
704 0
705 0
706 0
707 0
708 0
709 0
710 0
711 0
712 0
713 0
714 0
715 0
716 0
717 0
718 0
719 0
720 0
721 0
722 0
723 0
724 0
725 0
726 0
727 0
728 0
729 0
730 0
731 0
732 0
733 0
734 0
735 0
736 0
737 0
738 0
739 0
740 0
741 0
742 0
743 0
744 0
745 0
746 0
747 0
748 0
749 0
750 0
751 0
752 0
753 0
754 0
755 0
756 0
757 0
758 0
759 0
760 0
761 0
762 0
763 0
764 0
765 0
766 0
767 0
768 0
769 0
770 0
771 0
772 0
773 0
774 0
775 0
776 0
777 0
778 0
779 0
780 0
781 0
782 0
783 0
784 0
785 0
786 0
787 0
788 0
789 0
790 0
791 0
792 0
793 0
794 0
795 0
796 0
797 0
798 0
799 0
800 0
801 0
802 0
803 0
804 0
805 0
806 0
807 0
808 0
809 0
810 0
811 0
812 0
813 0
814 0
815 0
816 0
817 0
818 0
819 0
820 0
821 0
822 0
823 0
824 0
825 0
826 0
827 0
828 0
829 0
830 0
831 0
832 0
833 0
834 0
835 0
836 0
837 0
838 0
839 0
840 0
841 0
842 0
843 0
844 0
845 0
846 0
847 0
848 0
849 0
850 0
851 0
852 0
853 0
854 0
855 0
856 0
857 0
858 0
859 0
860 0
861 0
862 0
863 0
864 0
865 0
866 0
867 0
868 0
869 0
870 0
871 0
872 0
873 0
874 0
875 0
876 0
877 0
878 0
879 0
880 0
881 0
882 0
883 0
884 0
885 0
886 0
887 0
888 0
889 0
890 0
891 0
892 0
893 0
894 0
895 0
896 0
897 0
898 0
899 0
900 0
901 0
902 0
903 0
904 0
905 0
906 0
907 0
908 0
909 0
910 0
911 0
912 0
913 0
914 0
915 0
916 0
917 0
918 0
919 0
920 0
921 0
922 0
923 0
924 0
925 0
926 0
927 0
928 0
929 0
930 0
931 0
932 0
933 0
934 0
935 0
936 0
937 0
938 0
939 0
940 0
941 0
942 0
943 0
944 0
945 0
946 0
947 0
948 0
949 0
950 0
951 0
952 0
953 0
954 0
955 0
956 0
957 0
958 0
959 0
960 0
961 0
962 0
963 0
964 0
965 0
966 0
967 0
968 0
969 0
970 0
971 0
972 0
973 0
974 0
975 0
976 0
977 0
978 0
979 0
980 0
981 0
982 0
983 0
984 0
985 0
986 0
987 0
988 0
989 0
990 0
991 0
992 0
993 0
994 0
995 0
996 0
997 0
998 0
999 0
0 100 0.74515
0 10 1.47143
0 1 0.83719
1 101 -0.42649
1 11 2.05204
1 2 -0.36313
2 102 -0.33933
2 12 1.98023
2 3 -1.20118
3 103 -1.49859
3 13 0.02617
3 4 0.85375
4 104 0.08192
4 14 -1.12344
4 5 -0.14172
5 105 -1.52513
5 15 -0.87705
5 6 -0.28778
6 106 0.92295
6 16 0.11106
6 7 -0.02799
7 107 0.22812
7 17 -0.76807
7 8 -0.3304
8 108 1.45116
8 18 -0.35111
8 9 -0.02832
9 109 -0.26619
9 19 1.25103
0 9 -0.4454
10 110 -0.05327
10 20 0.12993
10 11 0.40625
11 111 -1.33489
11 21 0.71991
11 12 0.48057
12 112 2.696
12 22 0.10476
12 13 -0.57242
13 113 0.1619
13 23 -0.97993
13 14 -0.356
14 114 0.60631
14 24 -0.50015
14 15 0.09329
15 115 -1.01144
15 25 -0.20594
15 16 -1.41282
16 116 1.02379
16 26 -0.68585
16 17 -0.77734
17 117 -1.42092
17 27 0.41596
17 18 1.35198
18 118 -0.28826
18 28 -1.4839
18 19 1.45264
19 119 -0.1064
19 29 -0.10729
10 19 0.35616
20 120 0.8868
20 30 1.83417
20 21 1.29132
21 121 1.17448
21 31 0.63234
21 22 0.28281
22 122 0.37232
22 32 3.6006
22 23 -0.45887
23 123 -0.90342
23 33 -0.2994
23 24 0.51521
24 124 0.27642
24 34 0.86242
24 25 1.77752
25 125 -0.30839
25 35 1.71046
25 26 0.46501
26 126 0.28819
26 36 0.50538
26 27 -0.26199
27 127 1.08571
27 37 -0.14063
27 28 0.30979
28 128 -0.65037
28 38 0.28742
28 29 2.37771
29 129 -0.90869
29 39 -1.44019
20 29 -1.5681
30 130 -1.43724
30 40 -0.49975
30 31 1.05827
31 131 -0.92239
31 41 0.37774
31 32 0.43522
32 132 -0.13821
32 42 -1.60857
32 33 -0.50167
33 133 -0.57929
33 43 -0.42987
33 34 -0.39755
34 134 -0.13252
34 44 -0.50215
34 35 1.12897
35 135 0.79686
35 45 -0.87524
35 36 0.18809
36 136 1.05634
36 46 -0.29238
36 37 -0.7857
37 137 -0.13455
37 47 0.87062
37 38 -0.85495
38 138 -1.042
38 48 -0.93117
38 39 -0.11961
39 139 -1.42749
39 49 -0.09613
30 39 -0.84238
40 140 0.23317
40 50 -0.45627
40 41 -0.29976
41 141 0.89129
41 51 0.77806
41 42 -1.37442
42 142 0.493
42 52 -1.01067
42 43 -0.79694
43 143 1.12173
43 53 -1.37977
43 44 -1.62197
44 144 0.03794
44 54 2.03302
44 45 -1.18864
45 145 -0.84201
45 55 -0.67417
45 46 1.47987
46 146 1.75453
46 56 -1.16249
46 47 -1.03245
47 147 1.40612
47 57 0.48385
47 48 0.67732
48 148 0.55026
48 58 -0.45031
48 49 -1.14325
49 149 -0.38402
49 59 0.71285
40 49 0.02419
50 150 1.45344
50 60 -0.31915
50 51 -0.3256
51 151 1.35921
51 61 -0.04259
51 52 -0.81504
52 152 1.4737
52 62 -0.43314
52 53 -0.74946
53 153 0.34973
53 63 -1.31906
53 54 0.05524
54 154 0.16858
54 64 -2.72836
54 55 -0.61355
55 155 0.92522
55 65 -2.63192
55 56 0.8449
56 156 -1.00073
56 66 -1.31943
56 57 0.17818
57 157 2.09055
57 67 -1.6195
57 58 1.14998
58 158 -1.84295
58 68 0.52097
58 59 -0.2605
59 159 1.61262
59 69 -0.50482
50 59 -0.55752
60 160 0.1924
60 70 -0.87552
60 61 -1.72724
61 161 0.1664
61 71 0.09684
61 62 -1.3323
62 162 -0.43975
62 72 -0.94647
62 63 -0.03698
63 163 -0.50142
63 73 -0.08999
63 64 -1.37032
64 164 -0.71087
64 74 -0.52583
64 65 -0.68489
65 165 0.55151
65 75 -1.2379
65 66 -1.011
66 166 -1.75826
66 76 0.28792
66 67 1.49884
67 167 0.41803
67 77 1.27534
67 68 0.45019
68 168 -1.04294
68 78 0.5059
68 69 -1.19342
69 169 0.21876
69 79 0.39595
60 69 0.48403
70 170 0.08782
70 80 0.60154
70 71 0.55527
71 171 0.19466
71 81 0.39492
71 72 -0.76031
72 172 1.27669
72 82 0.56375
72 73 1.21027
73 173 0.11347
73 83 0.62927
73 74 0.86705
74 174 -0.63338
74 84 0.35504
74 75 -0.09397
75 175 -0.32815
75 85 -0.40418
75 76 -1.06252
76 176 1.10847
76 86 1.09305
76 77 -0.77251
77 177 -0.04955
77 87 -0.50155
77 78 -0.16082
78 178 -0.85825
78 88 2.17291
78 79 2.02318
79 179 1.24781
79 89 0.34732
70 79 0.4315
80 180 -1.16843
80 90 1.42443
80 81 1.35738
81 181 -2.40441
81 91 0.60625
81 82 -0.82313
82 182 0.86343
82 92 -0.16821
82 83 2.6524
83 183 0.90249
83 93 -1.49391
83 84 0.96657
84 184 0.49871
84 94 -0.76475
84 85 -0.08837
85 185 0.51977
85 95 1.05393
85 86 -0.89789
86 186 -1.08575
86 96 -0.57046
86 87 1.00182
87 187 0.84992
87 97 0.54233
87 88 2.0748
88 188 -0.23278
88 98 1.43937
88 89 0.02902
89 189 0.19583
89 99 1.17229
80 89 0.22671
90 190 -0.63799
0 90 -0.67842
90 91 0.80094
91 191 0.79039
1 91 1.46308
91 92 0.26434
92 192 -1.34814
2 92 0.73526
92 93 -0.09715
93 193 0.69361
3 93 -0.34242
93 94 -0.04489
94 194 1.02734
4 94 1.29455
94 95 1.2489
95 195 -0.41563
5 95 0.51147
95 96 0.43141
96 196 -0.23281
6 96 -0.05921
96 97 0.81025
97 197 -0.15652
7 97 2.21864
97 98 -1.9735
98 198 -0.92585
8 98 -0.31234
98 99 0.92308
99 199 1.43701
9 99 -0.75785
90 99 0.0927
100 200 -0.70022
100 110 -0.64285
100 101 -0.93217
101 201 0.38264
101 111 -0.27709
101 102 -1.72714
102 202 -1.05502
102 112 -0.12756
102 103 0.65111
103 203 0.31176
103 113 0.42715
103 104 0.31051
104 204 0.49399
104 114 -0.62765
104 105 -0.12292
105 205 0.04103
105 115 -0.16014
105 106 -1.29855
106 206 0.55564
106 116 -0.36591
106 107 0.48822
107 207 0.04844
107 117 1.40116
107 108 0.55972
108 208 -0.51087
108 118 1.36992
108 109 -0.50604
109 209 0.20653
109 119 0.78174
100 109 0.4456
110 210 1.12524
110 120 0.41045
110 111 0.36809
111 211 0.83564
111 121 0.19309
111 112 0.85448
112 212 1.05334
112 122 0.30878
112 113 0.11263
113 213 0.84159
113 123 1.03277
113 114 0.49924
114 214 -0.64906
114 124 0.12965
114 115 0.08917
115 215 -2.34823
115 125 -0.31279
115 116 1.12553
116 216 0.38651
116 126 -0.20173
116 117 -1.32993
117 217 -0.88767
117 127 -0.89427
117 118 -0.52542
118 218 0.58083
118 128 0.01139
118 119 -0.71866
119 219 -0.96467
119 129 3.19829
110 119 -3.2445
120 220 -0.74582
120 130 -0.92077
120 121 0.35703
121 221 -0.66985
121 131 0.64811
121 122 0.6858
122 222 0.52065
122 132 1.23606
122 123 -0.43699
123 223 0.58237
123 133 1.03395
123 124 -1.25547
124 224 -0.18051
124 134 -0.34713
124 125 0.96514
125 225 -1.30746
125 135 0.26595
125 126 -0.61518
126 226 1.07156
126 136 -1.21595
126 127 0.89241
127 227 1.21077
127 137 0.20414
127 128 0.88756
128 228 -0.17127
128 138 0.22448
128 129 -0.31494
129 229 0.6642
129 139 -0.4964
120 129 0.31625
130 230 -1.56451
130 140 0.14121
130 131 -1.50452
131 231 0.43318
131 141 1.35177
131 132 -0.69258
132 232 0.41908
132 142 0.36213
132 133 -0.4811
133 233 -0.20757
133 143 -0.78515
133 134 -1.22814
134 234 -0.93352
134 144 2.50873
134 135 0.44591
135 235 -0.20647
135 145 -0.81013
135 136 -0.22614
136 236 -0.11173
136 146 0.05625
136 137 1.55846
137 237 2.09062
137 147 0.67048
137 138 0.12689
138 238 0.22116
138 148 -1.39225
138 139 -1.80513
139 239 1.82332
139 149 0.45311
130 139 0.03602
140 240 -0.74595
140 150 -0.6199
140 141 1.73307
141 241 0.5324
141 151 -0.58523
141 142 0.02767
142 242 -0.87175
142 152 -1.04993
142 143 -0.73951
143 243 -0.34955
143 153 1.2509
143 144 0.3662
144 244 1.38415
144 154 1.04693
144 145 1.20336
145 245 1.96517
145 155 0.0297
145 146 -0.32283
146 246 -1.43543
146 156 -1.20695
146 147 -1.81574
147 247 -2.37293
147 157 -0.3622
147 148 -0.64339
148 248 -0.6441
148 158 -0.149
148 149 0.29977
149 249 0.16052
149 159 -1.74328
140 149 -1.37554
150 250 1.72431
150 160 -0.6698
150 151 -0.30285
151 251 -0.64603
151 161 0.14286
151 152 0.20029
152 252 -0.14748
152 162 0.32085
152 153 -0.93692
153 253 -0.90724
153 163 1.53476
153 154 2.3299
154 254 0.61753
154 164 -0.32371
154 155 -0.17334
155 255 1.78047
155 165 0.62432
155 156 0.20306
156 256 -1.58726
156 166 0.24152
156 157 -0.36044
157 257 1.21189
157 167 0.26593
157 158 -0.07927
158 258 -1.9972
158 168 0.5353
158 159 0.2072
159 259 0.11736
159 169 0.05032
150 159 0.25076
160 260 0.69565
160 170 1.49521
160 161 -0.55093
161 261 -0.84753
161 171 0.10205
161 162 0.94297
162 262 -1.10987
162 172 -0.27811
162 163 -1.08096
163 263 -0.93566
163 173 0.05264
163 164 -0.70995
164 264 1.19781
164 174 0.86817
164 165 -1.35708
165 265 -0.2201
165 175 0.19546
165 166 0.82584
166 266 -0.26827
166 176 -0.99437
166 167 -0.81382
167 267 -1.04022
167 177 1.78192
167 168 -0.49824
168 268 1.03973
168 178 1.07571
168 169 -1.30364
169 269 0.0429
169 179 -1.5471
160 169 0.96054
170 270 -0.63618
170 180 1.32102
170 171 2.73429
171 271 -0.81171
171 181 -0.31982
171 172 1.80761
172 272 2.47347
172 182 0.04338
172 173 1.03313
173 273 -0.31733
173 183 -0.8258
173 174 -1.42292
174 274 -1.59023
174 184 -1.57381
174 175 1.50034
175 275 -0.61411
175 185 0.73604
175 176 0.61047
176 276 0.39777
176 186 0.68305
176 177 -1.89229
177 277 -0.77131
177 187 -0.04801
177 178 1.29455
178 278 -0.41452
178 188 0.45218
178 179 -0.00835
179 279 -0.90793
179 189 2.04864
170 179 -0.38579
180 280 -0.61693
180 190 0.60442
180 181 0.97594
181 281 -0.19834
181 191 -1.08926
181 182 -0.55923
182 282 1.28874
182 192 0.93598
182 183 -0.05631
183 283 -0.0508
183 193 -0.24332
183 184 0.89241
184 284 0.54225
184 194 -0.34845
184 185 -0.09846
185 285 1.88659
185 195 -1.40327
185 186 1.25483
186 286 -1.54392
186 196 -0.92049
186 187 -0.27616
187 287 1.17454
187 197 0.22772
187 188 0.57551
188 288 1.64526
188 198 -0.00071
188 189 0.99962
189 289 -2.29129
189 199 -0.18201
180 189 -0.32396
190 290 2.15693
100 190 0.23803
190 191 -0.48814
191 291 -0.54352
101 191 0.69843
191 192 0.09303
192 292 0.06281
102 192 2.60136
192 193 0.80254
193 293 0.06757
103 193 -0.0359
193 194 1.231
194 294 -0.49541
104 194 0.18
194 195 0.77186
195 295 -0.21999
105 195 -1.94626
195 196 -0.34654
196 296 -0.10408
106 196 0.46146
196 197 1.23065
197 297 0.44706
107 197 -0.68675
197 198 -0.23831
198 298 -0.93668
108 198 0.1013
198 199 -0.36204
199 299 0.94641
109 199 -1.03203
190 199 1.15408
200 300 -0.55941
200 210 0.45393
200 201 2.55597
201 301 0.01294
201 211 0.63267
201 202 -0.62864
202 302 -1.13012
202 212 0.71876
202 203 -0.2
203 303 -0.31241
203 213 -2.09915
203 204 -0.46208
204 304 2.42453
204 214 0.13802
204 205 -0.75782
205 305 0.48664
205 215 -1.29676
205 206 0.58233
206 306 0.56952
206 216 2.02215
206 207 0.16257
207 307 -0.69902
207 217 -0.33714
207 208 -1.90782
208 308 1.43609
208 218 -1.3575
208 209 -1.0705
209 309 -1.59431
209 219 0.7618
200 209 -0.60069
210 310 -1.71237
210 220 -0.48297
210 211 -0.64476
211 311 -0.60734
211 221 -1.68447
211 212 -0.261
212 312 0.26153
212 222 -1.11387
212 213 -0.67305
213 313 0.51028
213 223 -1.65254
213 214 0.81133
214 314 1.78262
214 224 -1.66649
214 215 -0.29128
215 315 0.16592
215 225 0.71461
215 216 -0.04039
216 316 0.48222
216 226 0.59026
216 217 0.17936
217 317 1.23011
217 227 0.00893
217 218 1.37483
218 318 3.18283
218 228 -0.48511
218 219 0.30562
219 319 3.31455
219 229 -0.0446
210 219 0.87001
220 320 1.4512
220 230 0.7125
220 221 1.45851
221 321 -0.47889
221 231 -0.9731
221 222 0.0692
222 322 1.41607
222 232 -1.76526
222 223 -0.5102
223 323 -0.61866
223 233 0.14469
223 224 1.28829
224 324 -0.38241
224 234 0.8776
224 225 -0.57398
225 325 1.20104
225 235 0.46181
225 226 0.88421
226 326 1.78472
226 236 0.78514
226 227 -2.05705
227 327 0.8892
227 237 -1.42159
227 228 -0.55439
228 328 0.35666
228 238 1.30574
228 229 0.16068
229 329 1.47162
229 239 1.80901
220 229 -1.23406
230 330 -0.1394
230 240 1.71115
230 231 0.6903
231 331 -0.16237
231 241 -0.80883
231 232 1.29321
232 332 1.08081
232 242 0.15267
232 233 -1.1828
233 333 -0.56144
233 243 -0.05072
233 234 -0.75254
234 334 1.10814
234 244 -1.28183
234 235 -0.05419
235 335 1.10249
235 245 0.27526
235 236 1.59101
236 336 0.84081
236 246 -1.77273
236 237 0.57055
237 337 1.98122
237 247 0.35662
237 238 1.23281
238 338 0.54715
238 248 -0.64352
238 239 -1.06962
239 339 0.76346
239 249 1.66483
230 239 -0.63535
240 340 0.69823
240 250 1.82426
240 241 0.43213
241 341 -0.56244
241 251 -1.03712
241 242 0.8477
242 342 0.66703
242 252 1.77161
242 243 0.02276
243 343 0.71216
243 253 0.21308
243 244 -0.53119
244 344 -0.50254
244 254 -0.02301
244 245 0.03626
245 345 0.27696
245 255 -1.50152
245 246 -1.03519
246 346 1.91782
246 256 -0.13556
246 247 0.21615
247 347 -0.74551
247 257 1.0745
247 248 0.44182
248 348 1.06138
248 258 -0.71849
248 249 -1.71167
249 349 0.50799
249 259 0.12863
240 249 -0.18356
250 350 -0.11424
250 260 -0.31999
250 251 -0.43406
251 351 1.69906
251 261 0.0429
251 252 -0.29303
252 352 1.7707
252 262 0.3685
252 253 0.08591
253 353 -0.57015
253 263 -0.01908
253 254 1.75925
254 354 -1.12502
254 264 -1.31524
254 255 -1.18555
255 355 0.98757
255 265 -0.4782
255 256 0.58438
256 356 -0.1936
256 266 -0.12358
256 257 0.19371
257 357 -0.65389
257 267 -0.6503
257 258 -2.04388
258 358 -0.88406
258 268 1.37246
258 259 0.35105
259 359 0.01056
259 269 0.11979
250 259 -0.65883
260 360 -1.49646
260 270 0.32022
260 261 -0.24601
261 361 -0.61682
261 271 -0.32298
261 262 0.34324
262 362 0.10727
262 272 1.82459
262 263 -1.47272
263 363 -0.82987
263 273 0.16769
263 264 -0.7654
264 364 -0.21924
264 274 0.93022
264 265 0.84165
265 365 0.63868
265 275 0.29023
265 266 -1.14904
266 366 -0.40834
266 276 -0.88729
266 267 0.46256
267 367 0.06793
267 277 0.20974
267 268 -0.60362
268 368 2.03894
268 278 -1.08171
268 269 0.95785
269 369 0.82965
269 279 -1.46965
260 269 -1.51453
270 370 0.25406
270 280 -0.95886
270 271 0.01105
271 371 0.35707
271 281 0.89933
271 272 1.63613
272 372 -0.50513
272 282 0.6567
272 273 1.94991
273 373 -1.10867
273 283 1.65837
273 274 0.12508
274 374 -0.44572
274 284 -0.00673
274 275 -0.45147
275 375 -0.16175
275 285 0.38412
275 276 -0.40562
276 376 -0.53288
276 286 0.78883
276 277 -0.01386
277 377 0.89699
277 287 -0.55287
277 278 0.93673
278 378 -0.0616
278 288 0.2805
278 279 -0.05531
279 379 0.30484
279 289 0.01376
270 279 0.18336
280 380 2.15776
280 290 1.72801
280 281 -0.08693
281 381 -1.3635
281 291 1.61886
281 282 -0.46879
282 382 1.01309
282 292 -1.22938
282 283 2.04679
283 383 1.18633
283 293 0.14071
283 284 0.82659
284 384 0.17671
284 294 0.1224
284 285 0.65771
285 385 -0.74086
285 295 -1.3668
285 286 3.16992
286 386 0.29365
286 296 -1.08464
286 287 0.15792
287 387 0.75118
287 297 1.54055
287 288 -0.5641
288 388 -0.63246
288 298 0.42347
288 289 1.73341
289 389 -0.50868
289 299 -1.79354
280 289 0.57118
290 390 0.53985
200 290 0.6829
290 291 -0.35151
291 391 -1.27528
201 291 0.40389
291 292 1.73046
292 392 -0.85127
202 292 0.83264
292 293 -0.46698
293 393 0.06016
203 293 2.38971
293 294 -0.56327
294 394 1.53632
204 294 -1.86188
294 295 -1.21308
295 395 1.39764
205 295 0.84819
295 296 -1.01181
296 396 0.29328
206 296 -1.43569
296 297 1.53956
297 397 0.72665
207 297 -0.35155
297 298 -0.73064
298 398 -0.7122
208 298 -1.37503
298 299 0.82249
299 399 -0.80407
209 299 0.8133
290 299 2.55156
300 400 -1.19439
300 310 -1.53195
300 301 0.16891
301 401 -0.80371
301 311 -0.48043
301 302 0.2295
302 402 -0.64533
302 312 0.26159
302 303 -1.5062
303 403 -0.93822
303 313 -0.55921
303 304 -1.65137
304 404 -1.28646
304 314 -0.7631
304 305 1.28637
305 405 -0.01519
305 315 -0.25643
305 306 1.79585
306 406 -0.40256
306 316 -0.90723
306 307 0.74269
307 407 -0.00774
307 317 0.11562
307 308 0.41037
308 408 -0.9956
308 318 0.52947
308 309 0.78514
309 409 -0.73741
309 319 -1.59222
300 309 -0.2978
310 410 -0.27724
310 320 0.67577
310 311 0.43156
311 411 -0.11739
311 321 2.33122
311 312 -0.29728
312 412 -0.39449
312 322 -1.3356
312 313 0.47357
313 413 1.13992
313 323 -0.82513
313 314 -1.24766
314 414 -1.38552
314 324 -0.06395
314 315 0.47088
315 415 -0.84258
315 325 0.30755
315 316 -1.38873
316 416 -0.03996
316 326 -1.04855
316 317 0.83108
317 417 0.30507
317 327 0.61399
317 318 0.1736
318 418 1.33092
318 328 1.41931
318 319 -0.40102
319 419 -1.46834
319 329 -1.12128
310 319 -1.06143
320 420 -0.94938
320 330 -1.58975
320 321 1.13127
321 421 1.15894
321 331 0.74056
321 322 0.3872
322 422 -1.70637
322 332 0.27909
322 323 1.60959
323 423 -2.02333
323 333 -1.1699
323 324 -0.78219
324 424 1.6389
324 334 0.93756
324 325 -0.26081
325 425 -0.93975
325 335 1.169
325 326 -0.94299
326 426 -0.04929
326 336 0.38322
326 327 0.88879
327 427 -0.28629
327 337 0.02518
327 328 0.83017
328 428 -1.44054
328 338 -1.22431
328 329 -1.35052
329 429 -1.44243
329 339 -1.41185
320 329 -0.36686
330 430 -0.33508
330 340 1.33968
330 331 0.44936
331 431 -0.20989
331 341 -0.20754
331 332 1.63228
332 432 -1.37569
332 342 -0.31677
332 333 -1.52104
333 433 1.20064
333 343 0.69327
333 334 1.24144
334 434 -0.24614
334 344 0.84461
334 335 -0.0117
335 435 1.16697
335 345 -0.26049
335 336 1.19004
336 436 -0.49158
336 346 -1.2301
336 337 -1.2795
337 437 -0.99891
337 347 1.36452
337 338 -0.42561
338 438 -0.77525
338 348 -0.00906
338 339 0.2529
339 439 1.69339
339 349 0.52951
330 339 -1.33438
340 440 0.31986
340 350 -0.60159
340 341 -0.63009
341 441 -0.34028
341 351 -0.51147
341 342 -0.12453
342 442 0.61217
342 352 -2.09196
342 343 -0.68091
343 443 0.94352
343 353 0.97119
343 344 1.37241
344 444 0.10211
344 354 -0.13495
344 345 0.72356
345 445 -1.61169
345 355 -1.2644
345 346 1.02317
346 446 -0.61995
346 356 0.00546
346 347 -0.4159
347 447 -0.17563
347 357 -0.85702
347 348 2.77531
348 448 -1.15192
348 358 0.22545
348 349 -1.08794
349 449 -0.28891
349 359 0.57526
340 349 -0.7882
350 450 0.43748
350 360 1.73716
350 351 1.82208
351 451 0.80449
351 361 0.4423
351 352 -0.3529
352 452 0.32204
352 362 -0.99564
352 353 1.78811
353 453 1.042
353 363 0.10829
353 354 0.24539
354 454 0.54695
354 364 -1.18194
354 355 0.0306
355 455 0.72352
355 365 0.25447
355 356 -0.29342
356 456 0.52874
356 366 1.25657
356 357 -0.62703
357 457 -0.35912
357 367 -1.05256
357 358 0.80675
358 458 1.24488
358 368 -0.58948
358 359 0.30476
359 459 0.1064
359 369 1.40859
350 359 -0.38453
360 460 -0.95908
360 370 -0.42174
360 361 -1.59121
361 461 0.03408
361 371 0.95293
361 362 -0.63369
362 462 0.28735
362 372 0.57856
362 363 0.10448
363 463 -0.41246
363 373 -0.45273
363 364 -0.56961
364 464 -0.78341
364 374 -1.10848
364 365 -0.85252
365 465 -0.65716
365 375 0.0826
365 366 0.44144
366 466 -1.65647
366 376 0.97365
366 367 -0.30951
367 467 -0.66713
367 377 0.19011
367 368 -0.95628
368 468 0.21916
368 378 0.34136
368 369 1.98337
369 469 0.84884
369 379 -0.34228
360 369 0.03713
370 470 0.09044
370 380 -0.56311
370 371 -0.36958
371 471 -0.68028
371 381 -0.48795
371 372 -0.1902
372 472 -1.74163
372 382 -0.07309
372 373 0.59798
373 473 -0.31437
373 383 -1.41232
373 374 1.51429
374 474 -0.49486
374 384 -0.47182
374 375 -1.08221
375 475 -1.5668
375 385 -1.07678
375 376 -0.32033
376 476 0.19185
376 386 -0.54214
376 377 1.99713
377 477 -0.14059
377 387 1.27857
377 378 1.62532
378 478 -0.96543
378 388 1.03962
378 379 -1.85229
379 479 -1.03701
379 389 -1.19716
370 379 -0.60945
380 480 0.38876
380 390 -0.05405
380 381 1.37645
381 481 -0.77498
381 391 1.59499
381 382 0.89387
382 482 -0.18741
382 392 -0.56693
382 383 -2.73192
383 483 -0.52042
383 393 -0.4351
383 384 1.18711
384 484 0.25544
384 394 -1.58951
384 385 0.13765
385 485 0.67056
385 395 -0.89932
385 386 -0.31648
386 486 1.15734
386 396 -0.94158
386 387 -0.30284
387 487 -0.26117
387 397 -1.13657
387 388 0.61092
388 488 1.00294
388 398 -0.17784
388 389 -1.15565
389 489 0.25398
389 399 -0.85526
380 389 1.08342
390 490 -0.61007
300 390 0.47866
390 391 -0.03913
391 491 0.35601
301 391 -1.59937
391 392 -1.47688
392 492 0.74923
302 392 -0.6609
392 393 -1.56272
393 493 -0.94213
303 393 -2.82761
393 394 -0.54727
394 494 1.2256
304 394 2.07188
394 395 0.58891
395 495 0.6134
305 395 0.49099
395 396 0.65818
396 496 -0.8321
306 396 1.58985
396 397 -0.18811
397 497 -0.15274
307 397 0.24255
397 398 -1.01138
398 498 -0.03587
308 398 -1.16927
398 399 -0.27417
399 499 0.98503
309 399 0.1723
390 399 0.87585
400 500 2.1702
400 410 -1.33857
400 401 -2.8049
401 501 0.60679
401 411 0.57063
401 402 -1.23375
402 502 -0.35059
402 412 -0.24296
402 403 -2.13584
403 503 0.67271
403 413 1.90597
403 404 -1.30162
404 504 0.18942
404 414 -0.73301
404 405 1.31321
405 505 0.31232
405 415 -1.43873
405 406 -1.16856
406 506 -1.50544
406 416 -0.76019
406 407 0.7312
407 507 -1.51667
407 417 0.74035
407 408 0.51297
408 508 -0.77999
408 418 0.267
408 409 -0.77749
409 509 0.969
409 419 -2.10348
400 409 0.96878
410 510 -1.86808
410 420 0.66808
410 411 1.86713
411 511 -1.38424
411 421 1.65778
411 412 1.43684
412 512 -0.23952
412 422 -0.94161
412 413 0.5766
413 513 -0.4339
413 423 0.04917
413 414 -0.07989
414 514 0.45539
414 424 -0.46507
414 415 -0.19088
415 515 -0.80564
415 425 0.08506
415 416 1.16316
416 516 1.59533
416 426 0.40441
416 417 -0.58999
417 517 1.09537
417 427 -0.25589
417 418 -1.0291
418 518 0.31085
418 428 0.47017
418 419 -0.13114
419 519 0.14332
419 429 -0.81076
410 419 1.36685
420 520 1.39654
420 430 0.61091
420 421 -1.4609
421 521 -0.11798
421 431 -1.03915
421 422 0.63601
422 522 0.14753
422 432 1.78464
422 423 0.68204
423 523 -1.07805
423 433 0.73681
423 424 -1.06265
424 524 -0.98457
424 434 0.2065
424 425 -1.10252
425 525 0.44566
425 435 -0.88825
425 426 -1.02018
426 526 -0.06924
426 436 0.3209
426 427 0.6144
427 527 -0.11381
427 437 -0.0136
427 428 -0.27928
428 528 0.61778
428 438 0.1869
428 429 -0.45091
429 529 -0.1082
429 439 -0.40613
420 429 1.4021
430 530 -0.57097
430 440 0.35207
430 431 -0.93412
431 531 0.69341
431 441 0.14974
431 432 -1.0984
432 532 1.0582
432 442 0.6017
432 433 -0.43983
433 533 2.39548
433 443 -1.05365
433 434 1.50326
434 534 2.47153
434 444 -0.42328
434 435 1.18739
435 535 0.04266
435 445 -0.07248
435 436 1.48607
436 536 -0.69439
436 446 0.34204
436 437 -0.05846
437 537 -0.99803
437 447 -0.68026
437 438 -1.12034
438 538 0.81099
438 448 2.69466
438 439 0.45143
439 539 0.51377
439 449 -1.10457
430 439 1.30113
440 540 -2.38654
440 450 1.28634
440 441 1.49279
441 541 -0.1731
441 451 -1.35955
441 442 1.29133
442 542 0.01029
442 452 -1.35783
442 443 -0.16101
443 543 1.73001
443 453 0.53623
443 444 -0.98592
444 544 -1.17198
444 454 -0.87705
444 445 1.09749
445 545 -0.65683
445 455 -1.6083
445 446 0.60091
446 546 0.03651
446 456 1.42024
446 447 -0.28607
447 547 0.26146
447 457 0.41101
447 448 -2.57388
448 548 1.10943
448 458 -1.18312
448 449 -0.71032
449 549 0.0324
449 459 0.0054
440 449 0.72909
450 550 -0.2431
450 460 -1.10105
450 451 -1.21273
451 551 -0.1953
451 461 -2.12019
451 452 0.09458
452 552 -0.22659
452 462 -1.13974
452 453 1.09078
453 553 -0.12895
453 463 0.93862
453 454 0.50436
454 554 0.59768
454 464 0.68454
454 455 -0.22534
455 555 1.48528
455 465 0.10657
455 456 0.41033
456 556 0.5276
456 466 -0.0782
456 457 -0.77568
457 557 -2.34566
457 467 -0.62747
457 458 -1.17059
458 558 -1.21849
458 468 1.26711
458 459 -0.01161
459 559 -1.247
459 469 0.33991
450 459 -1.84115
460 560 -0.08678
460 470 -2.02212
460 461 0.45262
461 561 0.09609
461 471 1.83413
461 462 -0.46426
462 562 0.42729
462 472 -0.19289
462 463 -0.70446
463 563 -2.65215
463 473 -0.37476
463 464 2.60465
464 564 -0.78368
464 474 0.06089
464 465 0.56846
465 565 1.77421
465 475 1.20861
465 466 -1.77679
466 566 1.09325
466 476 -0.38311
466 467 2.81914
467 567 0.92568
467 477 -0.76588
467 468 0.23956
468 568 0.07812
468 478 2.04049
468 469 0.49566
469 569 0.97873
469 479 1.12816
460 469 -0.15272
470 570 -0.27749
470 480 -1.26009
470 471 -1.82621
471 571 -0.85279
471 481 0.45112
471 472 -1.50088
472 572 -0.7699
472 482 0.18816
472 473 -0.37757
473 573 -0.51588
473 483 -0.78643
473 474 1.73733
474 574 1.11826
474 484 1.34415
474 475 0.08225
475 575 1.78442
475 485 1.18798
475 476 1.29703
476 576 -0.2939
476 486 -0.30203
476 477 0.03481
477 577 -0.41888
477 487 -1.04362
477 478 -1.32971
478 578 1.78908
478 488 0.88505
478 479 0.89416
479 579 -0.37831
479 489 -0.20549
470 479 -0.85573
480 580 -1.17731
480 490 0.43103
480 481 1.80288
481 581 0.4751
481 491 -0.59434
481 482 0.81245
482 582 1.11031
482 492 -0.57311
482 483 0.42202
483 583 0.12028
483 493 -0.69715
483 484 0.02194
484 584 -0.59624
484 494 -0.59622
484 485 0.08878
485 585 -1.02143
485 495 0.34841
485 486 -0.31926
486 586 0.11895
486 496 0.79703
486 487 -0.19877
487 587 -0.31473
487 497 1.71479
487 488 0.9361
488 588 -0.14821
488 498 0.77417
488 489 0.11846
489 589 0.83805
489 499 1.58917
480 489 -0.20813
490 590 -0.75328
400 490 2.25063
490 491 -0.51721
491 591 -0.96833
401 491 0.16153
491 492 0.98623
492 592 -1.09326
402 492 0.10042
492 493 0.84566
493 593 -0.39496
403 493 -1.15996
493 494 -2.59395
494 594 -0.1332
404 494 0.28112
494 495 0.4112
495 595 -0.34962
405 495 1.58718
495 496 -0.10153
496 596 -0.98397
406 496 -2.41774
496 497 -0.4722
497 597 0.90889
407 497 0.5585
497 498 -0.64687
498 598 -0.66882
408 498 -1.12907
498 499 0.65837
499 599 0.09061
409 499 0.79848
490 499 -0.63189
500 600 -0.46121
500 510 0.45781
500 501 -1.50722
501 601 0.68029
501 511 -0.49249
501 502 -0.339
502 602 -1.00068
502 512 -2.08522
502 503 0.98647
503 603 -1.39029
503 513 -1.2337
503 504 0.20667
504 604 1.41054
504 514 1.24151
504 505 0.75877
505 605 0.18029
505 515 0.27109
505 506 0.35313
506 606 0.63607
506 516 -0.15605
506 507 0.14631
507 607 0.68489
507 517 -0.71052
507 508 0.02646
508 608 0.06943
508 518 -0.78054
508 509 0.00765
509 609 -0.44654
509 519 -0.04426
500 509 -0.17025
510 610 1.03617
510 520 0.29934
510 511 -0.39893
511 611 -0.99592
511 521 0.58977
511 512 0.22252
512 612 0.28006
512 522 -1.78689
512 513 0.40872
513 613 0.18777
513 523 0.1142
513 514 0.25602
514 614 -1.45132
514 524 0.77829
514 515 1.41327
515 615 -0.03293
515 525 0.49591
515 516 0.78164
516 616 -0.40491
516 526 -1.78468
516 517 -0.38471
517 617 -0.99761
517 527 0.01245
517 518 0.00773
518 618 0.64716
518 528 1.31005
518 519 0.25134
519 619 -0.97419
519 529 -1.25979
510 519 -1.8774
520 620 1.06888
520 530 -0.46318
520 521 1.38169
521 621 -0.67502
521 531 -0.76191
521 522 0.45707
522 622 -1.61681
522 532 1.10438
522 523 0.70486
523 623 0.2595
523 533 0.85506
523 524 0.20507
524 624 0.39616
524 534 -0.96534
524 525 0.81353
525 625 1.71525
525 535 0.16116
525 526 1.64199
526 626 -0.42498
526 536 -0.77483
526 527 1.23127
527 627 0.41173
527 537 -0.11048
527 528 0.14008
528 628 1.18586
528 538 -1.26154
528 529 -0.82349
529 629 -0.70559
529 539 -1.2567
520 529 0.50337
530 630 0.22264
530 540 0.28558
530 531 1.62498
531 631 -0.38959
531 541 0.19878
531 532 0.06376
532 632 -0.56686
532 542 1.6675
532 533 -0.36526
533 633 1.53966
533 543 0.94931
533 534 0.60579
534 634 0.19182
534 544 -0.94445
534 535 0.63895
535 635 0.00638
535 545 0.47069
535 536 -0.16635
536 636 0.59722
536 546 0.01953
536 537 0.31565
537 637 0.15444
537 547 -1.23222
537 538 -1.81
538 638 -0.80106
538 548 -0.40524
538 539 0.37699
539 639 1.2457
539 549 -1.18161
530 539 0.94309
540 640 -1.49115
540 550 -0.39988
540 541 -0.5017
541 641 -0.23522
541 551 1.14874
541 542 -0.21404
542 642 -0.51128
542 552 -0.17054
542 543 1.40207
543 643 0.00596
543 553 -0.24096
543 544 -0.44788
544 644 -0.50019
544 554 -0.91472
544 545 -1.07926
545 645 0.27923
545 555 1.49362
545 546 0.35369
546 646 1.21297
546 556 -0.53808
546 547 0.52933
547 647 -0.50675
547 557 0.09239
547 548 -0.11104
548 648 0.36265
548 558 -0.03174
548 549 0.11713
549 649 -1.22994
549 559 1.49441
540 549 -0.64204
550 650 1.14336
550 560 -1.10402
550 551 -0.77282
551 651 0.82537
551 561 0.93608
551 552 -1.64981
552 652 1.47953
552 562 -1.11399
552 553 -0.58989
553 653 1.34429
553 563 0.85148
553 554 1.4059
554 654 0.37284
554 564 -0.1189
554 555 -1.16004
555 655 1.31802
555 565 -0.43102
555 556 0.40556
556 656 -1.36421
556 566 -0.8458
556 557 0.80949
557 657 1.07834
557 567 -0.533
557 558 1.18428
558 658 -0.89028
558 568 0.03095
558 559 0.99379
559 659 -0.68088
559 569 -0.57027
550 559 -0.29103
560 660 -0.90087
560 570 -3.43381
560 561 0.67953
561 661 -1.18848
561 571 3.00238
561 562 0.16265
562 662 -1.61649
562 572 0.68099
562 563 -0.36636
563 663 -1.05271
563 573 -1.06516
563 564 -0.39918
564 664 1.16038
564 574 -0.83485
564 565 0.98409
565 665 1.07846
565 575 0.65115
565 566 -0.13068
566 666 -2.20417
566 576 1.00916
566 567 -1.4028
567 667 -0.0251
567 577 -0.17388
567 568 -1.51124
568 668 0.24641
568 578 1.17434
568 569 -0.47016
569 669 1.73857
569 579 -0.57389
560 569 -0.64681
570 670 -0.44534
570 580 -0.05279
570 571 0.01484
571 671 -0.6586
571 581 -0.48407
571 572 2.02207
572 672 -0.1965
572 582 0.1518
572 573 0.02895
573 673 -0.05356
573 583 0.24292
573 574 -1.32937
574 674 -0.98728
574 584 0.91987
574 575 -0.25613
575 675 -1.72581
575 585 0.40385
575 576 -0.84214
576 676 -2.94495
576 586 0.9375
576 577 0.49971
577 677 -0.30347
577 587 -0.143
577 578 -2.49433
578 678 0.83531
578 588 -0.10703
578 579 -0.28087
579 679 -1.23071
579 589 0.92706
570 579 -0.85908
580 680 -1.92073
580 590 -0.81782
580 581 1.25201
581 681 -0.61729
581 591 -0.385
581 582 0.12788
582 682 -0.3355
582 592 -0.17598
582 583 -1.62506
583 683 0.31012
583 593 1.14693
583 584 0.52976
584 684 0.11285
584 594 -0.15552
584 585 -0.31834
585 685 1.40147
585 595 -1.3699
585 586 -0.549
586 686 -0.64263
586 596 0.06169
586 587 1.59723
587 687 -0.23078
587 597 1.24999
587 588 -0.5795
588 688 0.7791
588 598 2.30389
588 589 -0.71208
589 689 -0.15539
589 599 1.07387
580 589 0.17975
590 690 -0.20293
500 590 -1.48748
590 591 -0.57574
591 691 -0.80801
501 591 1.37165
591 592 -1.0324
592 692 -1.05322
502 592 -1.49782
592 593 0.79102
593 693 -0.1199
503 593 -0.101
593 594 -2.73534
594 694 -0.65322
504 594 0.79904
594 595 0.50495
595 695 -0.4843
505 595 0.95047
595 596 -0.22554
596 696 -0.03036
506 596 -1.32721
596 597 0.71355
597 697 0.57096
507 597 -0.90742
597 598 -0.33767
598 698 -0.6303
508 598 0.36644
598 599 -0.32814
599 699 -1.70396
509 599 -0.20664
590 599 -0.15735
600 700 -1.11373
600 610 -1.24513
600 601 1.23073
601 701 -1.59964
601 611 0.91865
601 602 0.45738
602 702 -0.63569
602 612 -1.74924
602 603 0.35178
603 703 -0.37487
603 613 -0.20609
603 604 -0.80635
604 704 0.7659
604 614 -1.65787
604 605 -0.73392
605 705 -0.0206
605 615 -0.27513
605 606 -0.5226
606 706 -0.53283
606 616 -0.47915
606 607 2.05866
607 707 -0.46125
607 617 0.63109
607 608 0.75848
608 708 0.60019
608 618 -0.11803
608 609 0.86188
609 709 -0.35181
609 619 2.12997
600 609 0.45753
610 710 -0.37917
610 620 1.10008
610 611 0.66271
611 711 -0.06438
611 621 -1.68055
611 612 0.35818
612 712 1.1237
612 622 -0.59722
612 613 -0.10025
613 713 0.76753
613 623 -0.97976
613 614 -0.32464
614 714 0.94061
614 624 0.56518
614 615 0.54621
615 715 0.71981
615 625 -1.28776
615 616 -0.68648
616 716 0.573
616 626 -1.57575
616 617 0.27112
617 717 -0.87843
617 627 -0.561
617 618 1.7791
618 718 -1.05855
618 628 -0.32913
618 619 -0.78561
619 719 0.18388
619 629 -0.47088
610 619 1.88502
620 720 0.21458
620 630 0.41
620 621 -0.37904
621 721 -1.06652
621 631 0.85335
621 622 -1.08875
622 722 -0.51583
622 632 0.58608
622 623 -1.99723
623 723 -1.93268
623 633 1.43978
623 624 0.33513
624 724 0.36573
624 634 -0.93451
624 625 -1.04574
625 725 -0.38191
625 635 -0.44836
625 626 0.3242
626 726 0.30806
626 636 -0.73965
626 627 0.87333
627 727 2.67656
627 637 -1.06492
627 628 0.94838
628 728 -1.39579
628 638 0.33046
628 629 -1.04116
629 729 -1.08329
629 639 0.89126
620 629 -1.28873
630 730 -1.4294
630 640 0.97644
630 631 1.9863
631 731 -1.3599
631 641 -0.505
631 632 -0.32039
632 732 0.60249
632 642 -0.39225
632 633 -1.43866
633 733 -1.041
633 643 -0.04735
633 634 -0.09914
634 734 -2.06185
634 644 0.9182
634 635 -1.19894
635 735 -0.44842
635 645 -0.05192
635 636 2.84193
636 736 -0.74941
636 646 1.02386
636 637 -0.8906
637 737 -0.82918
637 647 0.72317
637 638 -0.6286
638 738 0.2449
638 648 -1.36964
638 639 0.55666
639 739 0.36685
639 649 -0.46592
630 639 0.61131
640 740 0.80777
640 650 -0.31957
640 641 0.17072
641 741 0.35556
641 651 0.94239
641 642 -0.49417
642 742 0.30046
642 652 0.34423
642 643 -0.5316
643 743 0.83591
643 653 0.93627
643 644 0.14442
644 744 0.40755
644 654 -1.29211
644 645 0.78248
645 745 0.33635
645 655 -1.14364
645 646 0.15664
646 746 0.89267
646 656 -0.53427
646 647 -0.43796
647 747 0.1489
647 657 0.71715
647 648 -1.21546
648 748 1.16725
648 658 -0.90234
648 649 -1.10006
649 749 -0.89966
649 659 -0.07179
640 649 -0.81759
650 750 -1.27269
650 660 1.62673
650 651 1.25537
651 751 1.01093
651 661 0.2082
651 652 -1.89767
652 752 0.52656
652 662 0.3177
652 653 0.54511
653 753 1.13084
653 663 -0.79768
653 654 0.24362
654 754 0.20415
654 664 -0.54095
654 655 0.94252
655 755 0.7888
655 665 -1.36196
655 656 -0.93256
656 756 0.10499
656 666 -0.21938
656 657 1.40679
657 757 0.20083
657 667 -0.67719
657 658 -0.5158
658 758 1.73905
658 668 -0.47269
658 659 -0.46599
659 759 -1.63378
659 669 -1.74038
650 659 1.22013
660 760 0.10012
660 670 0.87317
660 661 -0.37019
661 761 0.57589
661 671 -0.32046
661 662 -0.69865
662 762 0.04826
662 672 -0.38245
662 663 0.89654
663 763 -0.72162
663 673 0.43452
663 664 0.84431
664 764 1.40257
664 674 1.04267
664 665 -0.19164
665 765 -0.98368
665 675 -1.8679
665 666 -0.49685
666 766 0.14106
666 676 1.10955
666 667 0.36139
667 767 0.9329
667 677 -0.80107
667 668 0.95
668 768 -0.5298
668 678 1.71306
668 669 2.4724
669 769 0.38528
669 679 0.21732
660 669 0.63075
670 770 -0.42403
670 680 -0.44137
670 671 -0.84094
671 771 -2.41735
671 681 1.22276
671 672 -0.92632
672 772 0.95982
672 682 1.1866
672 673 0.37519
673 773 -0.24075
673 683 1.02581
673 674 0.31376
674 774 -0.03458
674 684 -0.60363
674 675 0.33228
675 775 0.33449
675 685 -0.30475
675 676 0.69249
676 776 -1.48694
676 686 0.18926
676 677 -0.31039
677 777 1.97201
677 687 -1.43275
677 678 0.46504
678 778 -1.20514
678 688 0.08749
678 679 -0.41757
679 779 0.75806
679 689 -0.42162
670 679 -0.47009
680 780 1.48904
680 690 -0.38397
680 681 0.89217
681 781 1.66765
681 691 -0.0488
681 682 -0.34927
682 782 0.95619
682 692 -0.02808
682 683 1.8079
683 783 0.89808
683 693 1.48265
683 684 -0.72768
684 784 0.19915
684 694 -0.36381
684 685 -0.55627
685 785 0.76894
685 695 -0.44427
685 686 -0.40077
686 786 -0.34587
686 696 1.10492
686 687 0.25105
687 787 -0.56136
687 697 0.98878
687 688 -0.06195
688 788 1.88262
688 698 0.837
688 689 -0.73051
689 789 0.12124
689 699 -0.08333
680 689 -1.71577
690 790 -1.15636
600 690 0.50841
690 691 2.99469
691 791 -1.86318
601 691 -0.06831
691 692 0.02217
692 792 0.03008
602 692 1.45751
692 693 0.27911
693 793 0.38481
603 693 1.20839
693 694 2.44774
694 794 0.08473
604 694 -0.88602
694 695 0.97043
695 795 1.62967
605 695 0.53606
695 696 -1.1432
696 796 -0.08916
606 696 -0.25728
696 697 -1.48335
697 797 1.21139
607 697 0.08464
697 698 -0.52021
698 798 -0.7207
608 698 -0.31574
698 699 0.39875
699 799 -0.91877
609 699 0.17797
690 699 0.32091
700 800 0.15867
700 710 -1.64533
700 701 0.23347
701 801 -2.37555
701 711 -2.19296
701 702 0.94908
702 802 -0.04686
702 712 -0.29445
702 703 0.41714
703 803 -0.40419
703 713 -1.53366
703 704 0.77663
704 804 -0.54179
704 714 0.81872
704 705 -0.90629
705 805 -0.57661
705 715 -1.35963
705 706 0.84687
706 806 0.28468
706 716 0.59042
706 707 0.00833
707 807 -0.60878
707 717 -0.91453
707 708 -0.61895
708 808 -0.20435
708 718 -0.05794
708 709 0.40446
709 809 0.72508
709 719 2.30991
700 709 -0.17787
710 810 -0.86176
710 720 0.23365
710 711 0.57737
711 811 -0.47515
711 721 -0.22193
711 712 0.69031
712 812 2.09987
712 722 -1.29529
712 713 -0.43057
713 813 -0.51617
713 723 1.58833
713 714 0.92681
714 814 0.9852
714 724 0.67811
714 715 0.96109
715 815 0.44916
715 725 -0.18844
715 716 -0.87289
716 816 -1.62643
716 726 -1.13754
716 717 1.29917
717 817 1.13606
717 727 -0.38886
717 718 0.44707
718 818 0.04302
718 728 -0.52836
718 719 2.05745
719 819 0.25933
719 729 0.0406
710 719 0.07102
720 820 0.19225
720 730 -1.29527
720 721 0.08714
721 821 0.41098
721 731 1.19503
721 722 -1.33985
722 822 -0.33506
722 732 -0.33088
722 723 -2.19737
723 823 -1.21735
723 733 0.66153
723 724 -0.82843
724 824 -0.03366
724 734 -1.45554
724 725 1.08893
725 825 -0.07997
725 735 0.42204
725 726 -0.2299
726 826 -0.39502
726 736 1.24329
726 727 -0.97796
727 827 0.2636
727 737 -1.56428
727 728 -0.54113
728 828 1.42116
728 738 -1.16571
728 729 -1.83867
729 829 0.80392
729 739 0.62462
720 729 1.69058
730 830 0.92021
730 740 0.88539
730 731 -0.60299
731 831 -0.47377
731 741 -1.11293
731 732 0.87809
732 832 -0.40386
732 742 2.42939
732 733 1.40277
733 833 -0.14418
733 743 -1.16786
733 734 0.1322
734 834 1.45058
734 744 -1.31673
734 735 -1.1288
735 835 1.43944
735 745 1.17252
735 736 1.10848
736 836 0.59701
736 746 -0.42989
736 737 0.495
737 837 1.92344
737 747 0.14549
737 738 0.48188
738 838 0.28935
738 748 -1.10479
738 739 -0.59995
739 839 0.0929
739 749 1.71774
730 739 -0.85427
740 840 -0.62141
740 750 -2.11004
740 741 -0.90004
741 841 -1.30206
741 751 0.02216
741 742 -1.29909
742 842 1.84803
742 752 1.15643
742 743 1.45049
743 843 -1.54232
743 753 0.45323
743 744 0.20743
744 844 -0.18979
744 754 0.31051
744 745 0.58151
745 845 -0.18207
745 755 -0.73281
745 746 -0.25056
746 846 0.53432
746 756 1.67713
746 747 -0.97921
747 847 -0.9278
747 757 -0.1002
747 748 -0.1019
748 848 -1.10516
748 758 0.13959
748 749 0.27726
749 849 -1.75185
749 759 -0.43935
740 749 0.06611
750 850 0.71618
750 760 0.2977
750 751 1.7183
751 851 -0.36259
751 761 0.0877
751 752 0.23853
752 852 -0.56424
752 762 1.32657
752 753 0.14555
753 853 -0.08191
753 763 0.37058
753 754 -1.05436
754 854 0.22051
754 764 -1.36539
754 755 -0.53947
755 855 0.5739
755 765 -1.50717
755 756 -2.8365
756 856 -0.56846
756 766 -0.84474
756 757 -0.22622
757 857 0.54597
757 767 -1.91718
757 758 2.14207
758 858 1.49482
758 768 0.46834
758 759 1.02769
759 859 -1.43627
759 769 -0.78438
750 759 -1.89282
760 860 0.46113
760 770 0.45495
760 761 0.56064
761 861 0.9882
761 771 3.0811
761 762 -0.8901
762 862 1.28311
762 772 0.18164
762 763 0.26135
763 863 -0.83385
763 773 -0.84691
763 764 -0.30012
764 864 -0.85365
764 774 0.17167
764 765 -1.62816
765 865 -0.19158
765 775 0.45627
765 766 0.87052
766 866 -1.48502
766 776 0.06564
766 767 -0.37713
767 867 0.58566
767 777 0.6593
767 768 -0.19372
768 868 0.31595
768 778 0.22591
768 769 0.0605
769 869 1.45113
769 779 0.68864
760 769 -1.15597
770 870 -0.89546
770 780 -0.85163
770 771 -0.19982
771 871 0.29777
771 781 0.42062
771 772 0.65492
772 872 0.28735
772 782 -1.3635
772 773 1.30405
773 873 -1.79864
773 783 0.39978
773 774 -0.73791
774 874 0.68054
774 784 -1.18287
774 775 0.90147
775 875 -0.44007
775 785 0.72378
775 776 -0.00032
776 876 -0.95056
776 786 0.71077
776 777 0.0964
777 877 -1.17609
777 787 -0.90413
777 778 1.80414
778 878 0.85867
778 788 -0.36983
778 779 1.22379
779 879 -0.51121
779 789 1.02226
770 779 0.74909
780 880 0.73788
780 790 -0.60702
780 781 0.56628
781 881 -0.5093
781 791 0.99097
781 782 -0.33551
782 882 -0.0431
782 792 -0.31698
782 783 -1.73531
783 883 -0.442
783 793 -1.49426
783 784 -0.1889
784 884 -0.54047
784 794 0.54309
784 785 0.98955
785 885 -1.20265
785 795 1.65141
785 786 0.08129
786 886 -0.57187
786 796 -1.68345
786 787 0.76482
787 887 0.38832
787 797 0.92513
787 788 -2.46136
788 888 0.6076
788 798 -0.11685
788 789 0.83973
789 889 -0.18853
789 799 -0.01528
780 789 -0.08172
790 890 -0.50287
700 790 -0.72073
790 791 0.15918
791 891 0.44297
701 791 0.34889
791 792 -1.89824
792 892 1.4269
702 792 2.08627
792 793 -0.97889
793 893 -2.00978
703 793 1.38509
793 794 1.85294
794 894 2.93903
704 794 -0.9746
794 795 0.09932
795 895 -0.68951
705 795 0.46048
795 796 0.0326
796 896 -0.61713
706 796 0.70837
796 797 -0.85459
797 897 -1.7218
707 797 -0.40867
797 798 -1.61261
798 898 -0.48519
708 798 -1.02845
798 799 -0.52603
799 899 -0.46135
709 799 -1.02665
790 799 -0.43099
800 900 0.7698
800 810 -1.57926
800 801 -1.34308
801 901 -0.03228
801 811 0.21772
801 802 0.19635
802 902 -0.48272
802 812 -0.16035
802 803 0.415
803 903 -1.36377
803 813 -0.41159
803 804 -1.62067
804 904 -0.19856
804 814 1.15066
804 805 -1.57352
805 905 -0.60255
805 815 -1.29024
805 806 -0.59976
806 906 1.2777
806 816 0.30456
806 807 -0.04944
807 907 1.08522
807 817 -2.13808
807 808 -0.72739
808 908 0.03593
808 818 1.0565
808 809 0.98125
809 909 -0.56358
809 819 -1.21315
800 809 -1.72517
810 910 -1.10659
810 820 0.00799
810 811 -0.3171
811 911 -1.51815
811 821 -0.5746
811 812 1.04931
812 912 -0.76366
812 822 -0.70705
812 813 -1.01773
813 913 0.10596
813 823 -1.75479
813 814 -0.79074
814 914 0.64338
814 824 0.05267
814 815 0.90318
815 915 -0.6773
815 825 -0.75408
815 816 -0.19998
816 916 0.76906
816 826 -1.43723
816 817 0.93288
817 917 -1.23986
817 827 1.05677
817 818 0.09562
818 918 1.00702
818 828 -1.53286
818 819 1.82662
819 919 1.58382
819 829 -0.00758
810 819 1.68224
820 920 -0.78404
820 830 0.4582
820 821 -1.50517
821 921 -1.58603
821 831 -2.63598
821 822 1.20642
822 922 -1.0093
822 832 1.36592
822 823 -0.47091
823 923 -2.55855
823 833 0.84548
823 824 0.79604
824 924 1.04378
824 834 -0.59967
824 825 1.91282
825 925 0.16425
825 835 0.91362
825 826 -0.91816
826 926 0.84342
826 836 0.29324
826 827 0.16392
827 927 -0.74711
827 837 0.96256
827 828 0.8962
828 928 -1.09625
828 838 -0.85886
828 829 -1.11659
829 929 0.88137
829 839 -0.94133
820 829 0.07662
830 930 0.28607
830 840 -0.23971
830 831 0.60483
831 931 -0.15017
831 841 0.20292
831 832 0.11083
832 932 -0.25529
832 842 1.12832
832 833 -1.47431
833 933 -0.80754
833 843 0.1628
833 834 -0.36126
834 934 -1.59262
834 844 -0.0158
834 835 -0.33315
835 935 -0.2896
835 845 -0.9437
835 836 -2.11647
836 936 -2.04647
836 846 -0.37784
836 837 2.21219
837 937 0.76183
837 847 0.10036
837 838 -1.18035
838 938 -1.12606
838 848 1.66198
838 839 -0.8718
839 939 -0.52294
839 849 -1.46507
830 839 -0.35595
840 940 -0.65646
840 850 -0.68835
840 841 -2.30135
841 941 -2.67245
841 851 1.50743
841 842 -0.163
842 942 0.29601
842 852 1.28309
842 843 -0.58427
843 943 0.70813
843 853 -0.42531
843 844 1.21158
844 944 -0.39162
844 854 -1.27548
844 845 -0.92558
845 945 -1.97118
845 855 -1.37699
845 846 -0.39238
846 946 1.90658
846 856 0.17084
846 847 -0.67466
847 947 0.65689
847 857 -0.04621
847 848 -1.0006
848 948 0.51148
848 858 0.20217
848 849 0.5235
849 949 -1.05232
849 859 -0.00597
840 849 0.03725
850 950 1.09997
850 860 0.90524
850 851 1.44791
851 951 0.80567
851 861 0.0607
851 852 0.0442
852 952 -0.90097
852 862 0.92757
852 853 1.29565
853 953 -1.47335
853 863 0.04676
853 854 -0.54153
854 954 -2.19697
854 864 -0.07154
854 855 -1.54828
855 955 -0.87084
855 865 -1.53764
855 856 -0.11285
856 956 -0.45762
856 866 0.41942
856 857 1.82564
857 957 0.58919
857 867 -1.11625
857 858 -2.24542
858 958 1.07051
858 868 1.4249
858 859 -0.26031
859 959 -1.20776
859 869 1.33918
850 859 1.22607
860 960 -0.90076
860 870 -0.72993
860 861 -0.56725
861 961 -1.46403
861 871 0.69749
861 862 -0.59503
862 962 -0.20857
862 872 1.56977
862 863 0.22209
863 963 -0.42894
863 873 -0.87608
863 864 -0.05952
864 964 -1.75308
864 874 0.74628
864 865 -1.5168
865 965 1.89151
865 875 -0.60362
865 866 -1.38448
866 966 0.65047
866 876 -1.34951
866 867 0.3309
867 967 -1.46649
867 877 0.51979
867 868 -0.11072
868 968 -2.29533
868 878 0.71569
868 869 -1.43204
869 969 -0.65448
869 879 -0.67189
860 869 -2.14714
870 970 0.67919
870 880 -0.72198
870 871 -0.84524
871 971 -1.19319
871 881 -0.03447
871 872 0.15042
872 972 -0.41667
872 882 2.08896
872 873 0.25027
873 973 -0.18621
873 883 0.15746
873 874 -1.32384
874 974 -0.18251
874 884 -0.20624
874 875 -0.61324
875 975 0.4419
875 885 0.80528
875 876 0.54326
876 976 -0.21874
876 886 0.28389
876 877 0.52528
877 977 -0.61596
877 887 0.43795
877 878 -0.15004
878 978 -0.46048
878 888 -0.32268
878 879 -0.53453
879 979 -0.70879
879 889 0.66578
870 879 -0.53389
880 980 -1.21625
880 890 0.42883
880 881 0.88105
881 981 1.05028
881 891 -0.26777
881 882 1.67707
882 982 0.49412
882 892 0.6832
882 883 0.48392
883 983 -1.22132
883 893 0.07405
883 884 1.43118
884 984 -0.31672
884 894 1.7802
884 885 -0.41374
885 985 -1.76459
885 895 -0.48357
885 886 -2.01004
886 986 0.42399
886 896 -0.14865
886 887 -0.20384
887 987 -0.82232
887 897 0.2246
887 888 0.31504
888 988 1.14233
888 898 0.36594
888 889 0.68348
889 989 -1.87494
889 899 0.72209
880 889 0.52517
890 990 0.23587
800 890 -1.43218
890 891 0.22928
891 991 0.25546
801 891 1.11744
891 892 -2.04392
892 992 -1.14437
802 892 1.69201
892 893 0.78627
893 993 -0.70902
803 893 1.12877
893 894 0.19341
894 994 1.47441
804 894 3.1876
894 895 -1.22163
895 995 2.37047
805 895 0.64502
895 896 0.96598
896 996 -0.30315
806 896 1.77584
896 897 -1.72952
897 997 0.26656
807 897 -0.70759
897 898 -0.9348
898 998 0.62314
808 898 1.50716
898 899 -0.5938
899 999 1.63354
809 899 -0.58594
890 899 1.20876
0 900 -0.28403
900 910 0.13888
900 901 0.08404
1 901 -0.71934
901 911 0.13539
901 902 -0.18521
2 902 -0.40935
902 912 -0.91416
902 903 0.05675
3 903 -0.2266
903 913 1.51217
903 904 -0.91276
4 904 -0.70913
904 914 0.02436
904 905 -0.81277
5 905 0.07771
905 915 0.15616
905 906 -0.01964
6 906 0.00252
906 916 -0.79509
906 907 0.9357
7 907 -1.80848
907 917 -1.37501
907 908 0.77764
8 908 -1.73303
908 918 1.35203
908 909 -0.7734
9 909 -0.45907
909 919 1.78066
900 909 0.33712
10 910 1.28556
910 920 1.60722
910 911 -1.49196
11 911 -1.27632
911 921 0.02222
911 912 0.50695
12 912 -0.69074
912 922 -2.27832
912 913 0.65867
13 913 -0.46353
913 923 -0.34435
913 914 -1.42175
14 914 -0.29566
914 924 -0.82572
914 915 0.36625
15 915 0.80265
915 925 1.10047
915 916 -0.97601
16 916 -1.84276
916 926 0.35
916 917 0.3864
17 917 -0.53637
917 927 -1.11506
917 918 1.56496
18 918 -0.87018
918 928 1.62945
918 919 0.00848
19 919 1.86332
919 929 -1.81319
910 919 0.88559
20 920 -1.1189
920 930 1.47295
920 921 -0.55105
21 921 -1.31229
921 931 0.43256
921 922 -0.70467
22 922 -1.48284
922 932 -0.41185
922 923 0.99867
23 923 1.26945
923 933 -0.12742
923 924 0.03399
24 924 0.42217
924 934 0.1519
924 925 0.57898
25 925 -0.0117
925 935 0.41004
925 926 0.3228
26 926 -0.20611
926 936 -0.70807
926 927 -1.69786
27 927 -1.19
927 937 -0.45338
927 928 -0.5983
28 928 0.39675
928 938 0.37651
928 929 0.98628
29 929 1.53259
929 939 -0.65826
920 929 0.40908
30 930 0.42346
930 940 -0.06032
930 931 -0.38245
31 931 -1.32388
931 941 0.51388
931 932 1.13709
32 932 -0.61514
932 942 -0.26399
932 933 -1.03722
33 933 0.79135
933 943 -0.64289
933 934 -0.80404
34 934 -1.23195
934 944 0.37887
934 935 -1.09217
35 935 0.16219
935 945 -0.28819
935 936 -0.05851
36 936 -1.04132
936 946 1.6745
936 937 -1.51025
37 937 0.58043
937 947 -0.93042
937 938 -0.97616
38 938 1.00706
938 948 1.10583
938 939 0.25858
39 939 -0.42182
939 949 1.38485
930 939 0.15053
40 940 -1.77338
940 950 2.03637
940 941 -1.07062
41 941 0.02599
941 951 -0.87341
941 942 1.81851
42 942 0.25292
942 952 0.11329
942 943 -0.91507
43 943 -0.81185
943 953 1.04088
943 944 -0.46189
44 944 0.03827
944 954 -0.05817
944 945 0.52074
45 945 0.00493
945 955 0.58738
945 946 0.18657
46 946 0.65308
946 956 -1.78406
946 947 0.23335
47 947 -0.24116
947 957 0.71618
947 948 0.3238
48 948 1.09891
948 958 -0.5055
948 949 0.52917
49 949 1.35993
949 959 0.40291
940 949 -0.10672
50 950 0.46929
950 960 0.01111
950 951 0.22459
51 951 -1.41497
951 961 0.471
951 952 -0.56982
52 952 -0.71027
952 962 -1.23049
952 953 1.04741
53 953 -0.70859
953 963 2.29961
953 954 0.33067
54 954 1.18777
954 964 1.44369
954 955 -0.38152
55 955 1.68811
955 965 0.58698
955 956 2.31253
56 956 -1.03996
956 966 1.29972
956 957 0.03413
57 957 1.15516
957 967 0.10239
957 958 0.33142
58 958 -0.38209
958 968 0.48558
958 959 1.82186
59 959 -1.01001
959 969 -0.82237
950 959 -0.42313
60 960 0.46381
960 970 -2.7448
960 961 1.07366
61 961 -0.34883
961 971 0.47779
961 962 -0.50064
62 962 -1.39068
962 972 -1.3028
962 963 -1.14515
63 963 -0.43015
963 973 -0.22107
963 964 -0.50864
64 964 -0.59272
964 974 1.38782
964 965 -0.27449
65 965 -0.36525
965 975 -0.1005
965 966 0.699
66 966 -0.20627
966 976 1.14118
966 967 0.26697
67 967 0.30924
967 977 0.97546
967 968 0.99878
68 968 0.67784
968 978 -0.05692
968 969 -1.07332
69 969 -0.43608
969 979 0.96902
960 969 0.81536
70 970 -0.07997
970 980 1.4937
970 971 -0.23938
71 971 0.24619
971 981 -0.08143
971 972 -0.48872
72 972 -0.53743
972 982 -0.27453
972 973 0.51972
73 973 -0.22951
973 983 -0.26921
973 974 0.20464
74 974 0.31295
974 984 -0.59981
974 975 1.14092
75 975 0.04294
975 985 0.33459
975 976 -1.64082
76 976 -1.25983
976 986 0.25795
976 977 -0.41331
77 977 0.5719
977 987 0.42568
977 978 0.55503
78 978 1.1549
978 988 0.6247
978 979 1.02865
79 979 0.2234
979 989 -0.77353
970 979 0.57321
80 980 -1.80348
980 990 0.09102
980 981 -0.34321
81 981 1.07838
981 991 0.47558
981 982 0.57996
82 982 0.95839
982 992 -0.08879
982 983 -0.04844
83 983 0.9063
983 993 0.13527
983 984 0.06944
84 984 1.00249
984 994 -0.31185
984 985 0.00659
85 985 1.26265
985 995 0.02659
985 986 -0.45553
86 986 0.34265
986 996 -0.64564
986 987 -0.35457
87 987 -1.27896
987 997 0.39868
987 988 0.77712
88 988 -0.86732
988 998 -2.90772
988 989 -1.66217
89 989 1.80956
989 999 1.17391
980 989 0.75716
90 990 1.92757
900 990 0.48198
990 991 -0.5261
91 991 0.52625
901 991 0.02035
991 992 -0.97568
92 992 -0.62748
902 992 0.49517
992 993 0.44251
93 993 1.56648
903 993 -0.99173
993 994 -0.28591
94 994 0.21209
904 994 -1.23001
994 995 -0.43483
95 995 -1.15624
905 995 0.58432
995 996 -0.25542
96 996 -0.28685
906 996 1.25723
996 997 -0.47654
97 997 -0.07718
907 997 0.13582
997 998 0.29541
98 998 0.48592
908 998 -0.24556
998 999 1.05342
99 999 0.68625
909 999 -0.42979
990 999 -1.1716
