# model=ea3d N=1000 meanJ=0 seed=2608314917 distribution=gaussian field=0 num_fields=1000 num_couplings=3000
0 0
1 0
2 0
3 0
4 0
5 0
6 0
7 0
8 0
9 0
10 0
11 0
12 0
13 0
14 0
15 0
16 0
17 0
18 0
19 0
20 0
21 0
22 0
23 0
24 0
25 0
26 0
27 0
28 0
29 0
30 0
31 0
32 0
33 0
34 0
35 0
36 0
37 0
38 0
39 0
40 0
41 0
42 0
43 0
44 0
45 0
46 0
47 0
48 0
49 0
50 0
51 0
52 0
53 0
54 0
55 0
56 0
57 0
58 0
59 0
60 0
61 0
62 0
63 0
64 0
65 0
66 0
67 0
68 0
69 0
70 0
71 0
72 0
73 0
74 0
75 0
76 0
77 0
78 0
79 0
80 0
81 0
82 0
83 0
84 0
85 0
86 0
87 0
88 0
89 0
90 0
91 0
92 0
93 0
94 0
95 0
96 0
97 0
98 0
99 0
100 0
101 0
102 0
103 0
104 0
105 0
106 0
107 0
108 0
109 0
110 0
111 0
112 0
113 0
114 0
115 0
116 0
117 0
118 0
119 0
120 0
121 0
122 0
123 0
124 0
125 0
126 0
127 0
128 0
129 0
130 0
131 0
132 0
133 0
134 0
135 0
136 0
137 0
138 0
139 0
140 0
141 0
142 0
143 0
144 0
145 0
146 0
147 0
148 0
149 0
150 0
151 0
152 0
153 0
154 0
155 0
156 0
157 0
158 0
159 0
160 0
161 0
162 0
163 0
164 0
165 0
166 0
167 0
168 0
169 0
170 0
171 0
172 0
173 0
174 0
175 0
176 0
177 0
178 0
179 0
180 0
181 0
182 0
183 0
184 0
185 0
186 0
187 0
188 0
189 0
190 0
191 0
192 0
193 0
194 0
195 0
196 0
197 0
198 0
199 0
200 0
201 0
202 0
203 0
204 0
205 0
206 0
207 0
208 0
209 0
210 0
211 0
212 0
213 0
214 0
215 0
216 0
217 0
218 0
219 0
220 0
221 0
222 0
223 0
224 0
225 0
226 0
227 0
228 0
229 0
230 0
231 0
232 0
233 0
234 0
235 0
236 0
237 0
238 0
239 0
240 0
241 0
242 0
243 0
244 0
245 0
246 0
247 0
248 0
249 0
250 0
251 0
252 0
253 0
254 0
255 0
256 0
257 0
258 0
259 0
260 0
261 0
262 0
263 0
264 0
265 0
266 0
267 0
268 0
269 0
270 0
271 0
272 0
273 0
274 0
275 0
276 0
277 0
278 0
279 0
280 0
281 0
282 0
283 0
284 0
285 0
286 0
287 0
288 0
289 0
290 0
291 0
292 0
293 0
294 0
295 0
296 0
297 0
298 0
299 0
300 0
301 0
302 0
303 0
304 0
305 0
306 0
307 0
308 0
309 0
310 0
311 0
312 0
313 0
314 0
315 0
316 0
317 0
318 0
319 0
320 0
321 0
322 0
323 0
324 0
325 0
326 0
327 0
328 0
329 0
330 0
331 0
332 0
333 0
334 0
335 0
336 0
337 0
338 0
339 0
340 0
341 0
342 0
343 0
344 0
345 0
346 0
347 0
348 0
349 0
350 0
351 0
352 0
353 0
354 0
355 0
356 0
357 0
358 0
359 0
360 0
361 0
362 0
363 0
364 0
365 0
366 0
367 0
368 0
369 0
370 0
371 0
372 0
373 0
374 0
375 0
376 0
377 0
378 0
379 0
380 0
381 0
382 0
383 0
384 0
385 0
386 0
387 0
388 0
389 0
390 0
391 0
392 0
393 0
394 0
395 0
396 0
397 0
398 0
399 0
400 0
401 0
402 0
403 0
404 0
405 0
406 0
407 0
408 0
409 0
410 0
411 0
412 0
413 0
414 0
415 0
416 0
417 0
418 0
419 0
420 0
421 0
422 0
423 0
424 0
425 0
426 0
427 0
428 0
429 0
430 0
431 0
432 0
433 0
434 0
435 0
436 0
437 0
438 0
439 0
440 0
441 0
442 0
443 0
444 0
445 0
446 0
447 0
448 0
449 0
450 0
451 0
452 0
453 0
454 0
455 0
456 0
457 0
458 0
459 0
460 0
461 0
462 0
463 0
464 0
465 0
466 0
467 0
468 0
469 0
470 0
471 0
472 0
473 0
474 0
475 0
476 0
477 0
478 0
479 0
480 0
481 0
482 0
483 0
484 0
485 0
486 0
487 0
488 0
489 0
490 0
491 0
492 0
493 0
494 0
495 0
496 0
497 0
498 0
499 0
500 0
501 0
502 0
503 0
504 0
505 0
506 0
507 0
508 0
509 0
510 0
511 0
512 0
513 0
514 0
515 0
516 0
517 0
518 0
519 0
520 0
521 0
522 0
523 0
524 0
525 0
526 0
527 0
528 0
529 0
530 0
531 0
532 0
533 0
534 0
535 0
536 0
537 0
538 0
539 0
540 0
541 0
542 0
543 0
544 0
545 0
546 0
547 0
548 0
549 0
550 0
551 0
552 0
553 0
554 0
555 0
556 0
557 0
558 0
559 0
560 0
561 0
562 0
563 0
564 0
565 0
566 0
567 0
568 0
569 0
570 0
571 0
572 0
573 0
574 0
575 0
576 0
577 0
578 0
579 0
580 0
581 0
582 0
583 0
584 0
585 0
586 0
587 0
588 0
589 0
590 0
591 0
592 0
593 0
594 0
595 0
596 0
597 0
598 0
599 0
600 0
601 0
602 0
603 0
604 0
605 0
606 0
607 0
608 0
609 0
610 0
611 0
612 0
613 0
614 0
615 0
616 0
617 0
618 0
619 0
620 0
621 0
622 0
623 0
624 0
625 0
626 0
627 0
628 0
629 0
630 0
631 0
632 0
633 0
634 0
635 0
636 0
637 0
638 0
639 0
640 0
641 0
642 0
643 0
644 0
645 0
646 0
647 0
648 0
649 0
650 0
651 0
652 0
653 0
654 0
655 0
656 0
657 0
658 0
659 0
660 0
661 0
662 0
663 0
664 0
665 0
666 0
667 0
668 0
669 0
670 0
671 0
672 0
673 0
674 0
675 0
676 0
677 0
678 0
679 0
680 0
681 0
682 0
683 0
684 0
685 0
686 0
687 0
688 0
689 0
690 0
691 0
692 0
693 0
694 0
695 0
696 0
697 0
698 0
699 0
700 0
701 0
702 0
703 0
704 0
705 0
706 0
707 0
708 0
709 0
710 0
711 0
712 0
713 0
714 0
715 0
716 0
717 0
718 0
719 0
720 0
721 0
722 0
723 0
724 0
725 0
726 0
727 0
728 0
729 0
730 0
731 0
732 0
733 0
734 0
735 0
736 0
737 0
738 0
739 0
740 0
741 0
742 0
743 0
744 0
745 0
746 0
747 0
748 0
749 0
750 0
751 0
752 0
753 0
754 0
755 0
756 0
757 0
758 0
759 0
760 0
761 0
762 0
763 0
764 0
765 0
766 0
767 0
768 0
769 0
770 0
771 0
772 0
773 0
774 0
775 0
776 0
777 0
778 0
779 0
780 0
781 0
782 0
783 0
784 0
785 0
786 0
787 0
788 0
789 0
790 0
791 0
792 0
793 0
794 0
795 0
796 0
797 0
798 0
799 0
800 0
801 0
802 0
803 0
804 0
805 0
806 0
807 0
808 0
809 0
810 0
811 0
812 0
813 0
814 0
815 0
816 0
817 0
818 0
819 0
820 0
821 0
822 0
823 0
824 0
825 0
826 0
827 0
828 0
829 0
830 0
831 0
832 0
833 0
834 0
835 0
836 0
837 0
838 0
839 0
840 0
841 0
842 0
843 0
844 0
845 0
846 0
847 0
848 0
849 0
850 0
851 0
852 0
853 0
854 0
855 0
856 0
857 0
858 0
859 0
860 0
861 0
862 0
863 0
864 0
865 0
866 0
867 0
868 0
869 0
870 0
871 0
872 0
873 0
874 0
875 0
876 0
877 0
878 0
879 0
880 0
881 0
882 0
883 0
884 0
885 0
886 0
887 0
888 0
889 0
890 0
891 0
892 0
893 0
894 0
895 0
896 0
897 0
898 0
899 0
900 0
901 0
902 0
903 0
904 0
905 0
906 0
907 0
908 0
909 0
910 0
911 0
912 0
913 0
914 0
915 0
916 0
917 0
918 0
919 0
920 0
921 0
922 0
923 0
924 0
925 0
926 0
927 0
928 0
929 0
930 0
931 0
932 0
933 0
934 0
935 0
936 0
937 0
938 0
939 0
940 0
941 0
942 0
943 0
944 0
945 0
946 0
947 0
948 0
949 0
950 0
951 0
952 0
953 0
954 0
955 0
956 0
957 0
958 0
959 0
960 0
961 0
962 0
963 0
964 0
965 0
966 0
967 0
968 0
969 0
970 0
971 0
972 0
973 0
974 0
975 0
976 0
977 0
978 0
979 0
980 0
981 0
982 0
983 0
984 0
985 0
986 0
987 0
988 0
989 0
990 0
991 0
992 0
993 0
994 0
995 0
996 0
997 0
998 0
999 0
0 100 1.24864
0 10 -0.50531
0 1 1.19596
1 101 -1.15968
1 11 0.72384
1 2 -0.31455
2 102 0.21722
2 12 0.29751
2 3 -1.30443
3 103 -1.03997
3 13 -0.25715
3 4 -0.29724
4 104 -0.4593
4 14 0.04656
4 5 0.09543
5 105 0.07259
5 15 1.51736
5 6 -1.59432
6 106 0.1598
6 16 0.43719
6 7 -0.61123
7 107 -0.20677
7 17 1.08172
7 8 -1.87879
8 108 -0.51689
8 18 0.19652
8 9 1.70706
9 109 1.28887
9 19 -0.62101
0 9 0.15888
10 110 0.53862
10 20 0.33993
10 11 0.07166
11 111 0.2805
11 21 -0.41685
11 12 -0.90546
12 112 0.87576
12 22 0.09245
12 13 1.20412
13 113 0.45666
13 23 0.48158
13 14 1.11811
14 114 0.02781
14 24 1.93651
14 15 -0.08235
15 115 -0.19226
15 25 -0.00164
15 16 -1.04299
16 116 1.42601
16 26 1.00393
16 17 0.88816
17 117 0.38586
17 27 -1.89318
17 18 0.36184
18 118 -0.4835
18 28 1.23377
18 19 -0.25699
19 119 -0.43974
19 29 -0.59297
10 19 -0.01042
20 120 0.5818
20 30 -1.66525
20 21 -1.44957
21 121 -0.08919
21 31 1.23523
21 22 -0.59362
22 122 0.04792
22 32 -2.8587
22 23 -0.98952
23 123 1.08772
23 33 -0.62169
23 24 2.25244
24 124 -0.49716
24 34 0.73961
24 25 1.24593
25 125 0.40698
25 35 1.63173
25 26 -0.12521
26 126 -0.2875
26 36 0.21416
26 27 1.5384
27 127 0.77566
27 37 -0.96799
27 28 0.15321
28 128 1.33467
28 38 0.3402
28 29 -1.4297
29 129 1.27996
29 39 0.57635
20 29 0.91855
30 130 0.09247
30 40 0.83875
30 31 0.24077
31 131 0.42277
31 41 0.50402
31 32 -0.21454
32 132 0.6614
32 42 1.7598
32 33 0.62614
33 133 -0.21008
33 43 0.43632
33 34 0.31287
34 134 0.20364
34 44 -0.49103
34 35 0.44662
35 135 -0.52716
35 45 1.60347
35 36 -1.36911
36 136 -1.01442
36 46 -1.28965
36 37 0.68671
37 137 0.1893
37 47 -0.52069
37 38 -0.35705
38 138 1.75661
38 48 -1.72501
38 39 0.77551
39 139 -3.16809
39 49 -1.49418
30 39 0.21873
40 140 0.11765
40 50 -0.34036
40 41 2.06172
41 141 1.51055
41 51 1.78222
41 42 1.04746
42 142 1.28086
42 52 0.00453
42 43 -0.54913
43 143 -0.92596
43 53 0.70254
43 44 -1.30621
44 144 2.06561
44 54 -1.19812
44 45 -1.39355
45 145 2.70717
45 55 -1.81869
45 46 -0.69918
46 146 0.99658
46 56 0.22993
46 47 -1.48829
47 147 0.25473
47 57 -1.36464
47 48 -0.96732
48 148 0.3983
48 58 2.09327
48 49 0.19032
49 149 1.7633
49 59 2.9001
40 49 0.15673
50 150 -0.1716
50 60 -0.46347
50 51 0.73086
51 151 -0.51143
51 61 -0.07609
51 52 0.2415
52 152 0.68835
52 62 -1.6366
52 53 1.53963
53 153 -0.4169
53 63 -0.59864
53 54 -0.20734
54 154 0.21076
54 64 0.46602
54 55 1.19357
55 155 -0.41217
55 65 0.21954
55 56 -0.28003
56 156 -0.38188
56 66 2.06769
56 57 -0.19406
57 157 -0.17166
57 67 0.46883
57 58 -0.53982
58 158 -0.19355
58 68 -0.8685
58 59 -0.16142
59 159 -0.70427
59 69 -1.20049
50 59 -0.39721
60 160 0.35601
60 70 -1.82062
60 61 0.63686
61 161 0.8525
61 71 1.35619
61 62 -1.38585
62 162 -1.29908
62 72 -0.29374
62 63 -0.10341
63 163 0.78814
63 73 1.15432
63 64 -0.19139
64 164 -0.32448
64 74 -0.64199
64 65 -1.99946
65 165 0.89332
65 75 0.6214
65 66 0.05422
66 166 0.63702
66 76 -0.25842
66 67 -0.81553
67 167 -0.46783
67 77 -0.48782
67 68 -1.33202
68 168 -0.02546
68 78 0.02863
68 69 -0.31073
69 169 0.40952
69 79 0.04637
60 69 -1.03174
70 170 -0.24618
70 80 -0.2444
70 71 0.54373
71 171 0.30925
71 81 0.07506
71 72 1.02183
72 172 -0.76117
72 82 -0.08825
72 73 -2.3408
73 173 -0.78894
73 83 -1.73165
73 74 0.27828
74 174 0.80193
74 84 1.24584
74 75 -0.27826
75 175 -0.28521
75 85 -0.84994
75 76 1.15196
76 176 -0.4384
76 86 1.05243
76 77 0.97689
77 177 0.74695
77 87 -1.4201
77 78 0.03228
78 178 -1.13034
78 88 0.06556
78 79 -0.38146
79 179 -0.09873
79 89 -1.15554
70 79 0.01943
80 180 0.09808
80 90 -1.79648
80 81 1.24977
81 181 0.18587
81 91 -0.93146
81 82 0.56766
82 182 -0.09595
82 92 -1.06275
82 83 1.20338
83 183 0.49149
83 93 -2.44911
83 84 2.1901
84 184 0.91116
84 94 -0.93416
84 85 0.10352
85 185 0.74521
85 95 0.00778
85 86 -0.64915
86 186 0.53549
86 96 1.09555
86 87 0.41005
87 187 -1.06127
87 97 -2.49037
87 88 1.01559
88 188 -0.36231
88 98 -0.58134
88 89 1.18444
89 189 -0.12704
89 99 -1.58487
80 89 -0.28481
90 190 -0.64815
0 90 -0.94691
90 91 -0.7795
91 191 -2.02903
1 91 0.76139
91 92 -0.40767
92 192 0.70643
2 92 -1.22041
92 93 -0.98372
93 193 -0.84311
3 93 0.41172
93 94 -2.03967
94 194 -1.51105
4 94 0.45219
94 95 -0.57758
95 195 0.28175
5 95 -0.17053
95 96 0.32855
96 196 -0.56435
6 96 0.92336
96 97 0.26281
97 197 0.24944
7 97 0.15833
97 98 1.06688
98 198 1.26887
8 98 -0.85851
98 99 -0.19466
99 199 -0.075
9 99 1.56201
90 99 -0.95806
100 200 0.33533
100 110 -0.25695
100 101 -0.35431
101 201 -1.52812
101 111 0.91356
101 102 0.87891
102 202 -0.39029
102 112 0.83985
102 103 -0.81341
103 203 -0.54384
103 113 -0.41663
103 104 -1.51729
104 204 -0.03694
104 114 -1.211
104 105 0.36889
105 205 -1.20539
105 115 0.34855
105 106 -1.0898
106 206 -0.24519
106 116 -0.01768
106 107 0.44975
107 207 1.1657
107 117 0.49643
107 108 -0.69959
108 208 -3.05097
108 118 -0.54321
108 109 0.23143
109 209 -0.14057
109 119 -0.58737
100 109 -1.45813
110 210 0.72948
110 120 1.13859
110 111 0.17918
111 211 0.11261
111 121 -0.24209
111 112 0.82456
112 212 0.7039
112 122 -0.42634
112 113 -0.58669
113 213 -0.35
113 123 -0.26384
113 114 -0.09695
114 214 0.87106
114 124 1.0815
114 115 0.90414
115 215 -1.12449
115 125 1.45055
115 116 0.11651
116 216 0.83904
116 126 1.12349
116 117 1.2198
117 217 1.10277
117 127 -1.61743
117 118 0.5112
118 218 0.97355
118 128 0.69651
118 119 -1.02835
119 219 0.01429
119 129 -0.62968
110 119 -1.03768
120 220 1.43196
120 130 -0.48751
120 121 -0.19965
121 221 -0.67186
121 131 -0.94981
121 122 -2.16131
122 222 -0.3197
122 132 -1.23622
122 123 0.71276
123 223 1.55577
123 133 -0.9202
123 124 -0.37949
124 224 -0.1152
124 134 -0.66312
124 125 -1.71104
125 225 0.8667
125 135 0.69229
125 126 -0.65348
126 226 0.40085
126 136 1.12231
126 127 0.91329
127 227 0.57407
127 137 0.06056
127 128 -1.69402
128 228 0.74872
128 138 -0.39015
128 129 0.51801
129 229 -0.72776
129 139 0.81885
120 129 0.46093
130 230 -1.29789
130 140 -0.83336
130 131 0.8186
131 231 0.66179
131 141 -0.23948
131 132 -0.83029
132 232 0.34945
132 142 -0.28283
132 133 0.8042
133 233 0.41147
133 143 -0.8363
133 134 0.31078
134 234 -0.42499
134 144 1.21088
134 135 -1.96332
135 235 0.57585
135 145 -0.56746
135 136 -0.11967
136 236 -0.26085
136 146 1.61795
136 137 -0.16628
137 237 -0.04333
137 147 0.90971
137 138 -1.11623
138 238 -0.19478
138 148 0.50166
138 139 -2.09945
139 239 0.3528
139 149 -3.03337
130 139 1.19358
140 240 1.29985
140 150 -1.01424
140 141 -0.19089
141 241 -2.2001
141 151 0.72914
141 142 -0.33418
142 242 0.3041
142 152 -1.4402
142 143 0.37354
143 243 0.21445
143 153 1.03994
143 144 -0.29291
144 244 1.25783
144 154 2.02756
144 145 -1.23027
145 245 0.03356
145 155 0.32177
145 146 -0.30779
146 246 -1.25145
146 156 -0.12634
146 147 -0.07959
147 247 0.5197
147 157 0.56214
147 148 -1.59545
148 248 -0.88432
148 158 0.09694
148 149 0.47015
149 249 1.08386
149 159 -0.16895
140 149 0.88962
150 250 -2.4212
150 160 0.29745
150 151 -1.4483
151 251 0.43254
151 161 -1.5027
151 152 1.12478
152 252 0.69007
152 162 0.48654
152 153 -0.43534
153 253 -0.11677
153 163 -0.05342
153 154 0.18948
154 254 -0.65348
154 164 0.00591
154 155 -0.13765
155 255 0.02922
155 165 0.20771
155 156 1.29391
156 256 0.48576
156 166 0.35062
156 157 0.39819
157 257 0.66068
157 167 -0.41852
157 158 0.29921
158 258 0.49288
158 168 -0.49275
158 159 0.50785
159 259 0.29949
159 169 -1.04989
150 159 1.27974
160 260 0.67266
160 170 0.5581
160 161 -0.52244
161 261 -0.6304
161 171 -0.76603
161 162 -1.35916
162 262 -0.08869
162 172 0.79657
162 163 1.18383
163 263 -1.51523
163 173 0.94354
163 164 1.60992
164 264 -0.78899
164 174 0.83778
164 165 -1.5693
165 265 0.69212
165 175 0.98182
165 166 1.70748
166 266 -1.77842
166 176 0.56708
166 167 -2.26205
167 267 -3.05773
167 177 0.77728
167 168 0.58282
168 268 -0.75121
168 178 1.08604
168 169 -0.55194
169 269 0.98708
169 179 1.1152
160 169 2.20011
170 270 0.94117
170 180 0.26498
170 171 1.06425
171 271 -0.83187
171 181 0.21034
171 172 -0.88058
172 272 -1.10515
172 182 1.19092
172 173 -1.53124
173 273 0.60069
173 183 -0.06044
173 174 0.81818
174 274 0.40342
174 184 -1.56995
174 175 0.95663
175 275 -0.41055
175 185 1.3911
175 176 0.39058
176 276 0.80651
176 186 -1.62367
176 177 -0.46841
177 277 1.05436
177 187 0.75153
177 178 -1.08944
178 278 -0.49635
178 188 1.79112
178 179 0.612
179 279 -1.3012
179 189 -1.16773
170 179 0.50153
180 280 1.48393
180 190 -0.92742
180 181 0.29778
181 281 0.58817
181 191 -0.00275
181 182 -0.24708
182 282 0.36033
182 192 0.87824
182 183 -1.54866
183 283 -0.46943
183 193 -0.62383
183 184 1.08464
184 284 -0.52504
184 194 -1.78278
184 185 -0.22847
185 285 0.8448
185 195 -0.69584
185 186 0.27058
186 286 0.53435
186 196 0.75592
186 187 -0.66518
187 287 1.25408
187 197 1.64404
187 188 1.65031
188 288 0.75161
188 198 -0.77542
188 189 -0.00117
189 289 -0.50402
189 199 0.29844
180 189 1.4326
190 290 0.11449
100 190 -1.37938
190 191 -1.09787
191 291 0.33708
101 191 2.23924
191 192 0.04372
192 292 -1.33648
102 192 -2.21802
192 193 -0.14432
193 293 0.96286
103 193 -1.29297
193 194 1.42605
194 294 0.41606
104 194 -1.41608
194 195 -1.21216
195 295 0.12949
105 195 0.15853
195 196 -1.55497
196 296 0.08923
106 196 -0.88807
196 197 0.76395
197 297 0.77354
107 197 -0.25442
197 198 0.91817
198 298 1.4907
108 198 -1.14669
198 199 -0.86979
199 299 1.2189
109 199 1.40942
190 199 1.20748
200 300 -0.45897
200 210 -0.70761
200 201 1.24666
201 301 -0.89372
201 211 0.39032
201 202 -1.08955
202 302 -0.82538
202 212 -1.05217
202 203 0.88311
203 303 1.08045
203 213 0.21703
203 204 -0.26692
204 304 -2.09724
204 214 0.44859
204 205 0.59318
205 305 -0.2589
205 215 1.32642
205 206 0.21017
206 306 2.06948
206 216 1.11228
206 207 0.06891
207 307 2.4381
207 217 -0.62356
207 208 -0.25298
208 308 -0.09274
208 218 0.8573
208 209 0.10283
209 309 0.14796
209 219 -0.72878
200 209 -0.07389
210 310 -0.28926
210 220 -0.24738
210 211 0.93379
211 311 -0.98852
211 221 -1.70384
211 212 -0.09081
212 312 -1.0916
212 222 1.57602
212 213 -1.16787
213 313 0.47231
213 223 -0.04913
213 214 0.26325
214 314 1.40428
214 224 -1.53352
214 215 -1.81947
215 315 -0.26941
215 225 -0.36559
215 216 -2.07424
216 316 1.84614
216 226 -0.25361
216 217 -0.75678
217 317 0.32009
217 227 -0.69374
217 218 0.19929
218 318 -1.47356
218 228 2.35089
218 219 -1.45288
219 319 -1.07094
219 229 -0.51634
210 219 -0.47333
220 320 -0.11703
220 230 -0.47491
220 221 -0.51781
221 321 -0.18676
221 231 -0.53221
221 222 1.56196
222 322 0.93832
222 232 -0.77798
222 223 0.07207
223 323 -1.57281
223 233 -1.35088
223 224 -1.30667
224 324 -2.0851
224 234 -0.57977
224 225 -0.32469
225 325 -0.98244
225 235 1.34821
225 226 2.02789
226 326 1.2909
226 236 0.32523
226 227 -0.24152
227 327 0.81222
227 237 -0.73416
227 228 -0.27458
228 328 1.30775
228 238 0.85241
228 229 0.9422
229 329 0.52053
229 239 -0.58602
220 229 -0.34945
230 330 0.63655
230 240 0.87956
230 231 -3.08628
231 331 0.62338
231 241 0.00831
231 232 1.18392
232 332 0.02218
232 242 -0.17638
232 233 -0.70539
233 333 1.60789
233 243 0.71354
233 234 -0.99672
234 334 -0.30531
234 244 -1.27389
234 235 0.54563
235 335 -0.45983
235 245 -3.38777
235 236 1.31137
236 336 0.72927
236 246 1.90746
236 237 -0.65009
237 337 -0.51112
237 247 1.61237
237 238 -1.19617
238 338 -0.22382
238 248 -0.5936
238 239 -0.40576
239 339 -0.12161
239 249 1.23335
230 239 -0.87092
240 340 0.43025
240 250 0.95366
240 241 1.39383
241 341 -0.16576
241 251 0.26972
241 242 0.3344
242 342 1.38383
242 252 0.30881
242 243 -0.40383
243 343 1.45852
243 253 1.19406
243 244 0.17171
244 344 -0.98904
244 254 -0.74389
244 245 0.95524
245 345 0.04751
245 255 -0.39591
245 246 -0.00104
246 346 -0.94992
246 256 -0.22387
246 247 -1.08516
247 347 -1.21916
247 257 2.4875
247 248 0.99095
248 348 -0.22626
248 258 0.7634
248 249 0.9703
249 349 -0.47657
249 259 0.18409
240 249 0.85199
250 350 1.19835
250 260 0.54312
250 251 0.22249
251 351 -0.60773
251 261 -0.11887
251 252 2.14278
252 352 -0.53591
252 262 -1.55631
252 253 0.1786
253 353 0.42853
253 263 0.86744
253 254 0.075
254 354 -0.06655
254 264 0.66194
254 255 0.42664
255 355 0.35033
255 265 -0.76966
255 256 -2.22477
256 356 0.96556
256 266 -0.99313
256 257 -0.79537
257 357 -0.41733
257 267 -0.31766
257 258 -1.42107
258 358 -0.78793
258 268 -0.91206
258 259 -0.49399
259 359 1.94949
259 269 -0.33623
250 259 -0.28439
260 360 0.50278
260 270 0.58772
260 261 0.62175
261 361 0.24542
261 271 -1.25643
261 262 0.98709
262 362 1.61323
262 272 -0.0332
262 263 -0.51172
263 363 0.48799
263 273 -0.20335
263 264 -0.32837
264 364 -0.96035
264 274 0.11402
264 265 0.61666
265 365 1.98481
265 275 0.3748
265 266 0.27429
266 366 -0.3701
266 276 0.35452
266 267 0.92911
267 367 0.22174
267 277 -1.12842
267 268 0.45388
268 368 -0.06154
268 278 1.44512
268 269 -0.28301
269 369 1.27264
269 279 -0.31368
260 269 -0.85794
270 370 0.04065
270 280 1.70225
270 271 0.62844
271 371 0.08269
271 281 1.43698
271 272 -0.83073
272 372 -0.35121
272 282 -1.49451
272 273 0.05564
273 373 -1.13373
273 283 0.05878
273 274 0.45119
274 374 -0.04944
274 284 0.13065
274 275 0.30723
275 375 0.17843
275 285 0.42935
275 276 0.37458
276 376 -0.34908
276 286 0.34195
276 277 0.43623
277 377 -0.17025
277 287 0.76645
277 278 0.16236
278 378 -1.0757
278 288 3.1707
278 279 0.36277
279 379 -0.89675
279 289 0.92095
270 279 0.40815
280 380 -0.39197
280 290 -0.08157
280 281 0.85691
281 381 0.34008
281 291 0.14275
281 282 1.9298
282 382 0.06717
282 292 0.66954
282 283 -0.72443
283 383 1.11309
283 293 -0.6856
283 284 -0.9165
284 384 0.72716
284 294 -0.20826
284 285 -0.14921
285 385 0.29285
285 295 0.65365
285 286 -1.70057
286 386 0.71854
286 296 1.77252
286 287 0.37997
287 387 -0.32948
287 297 0.14613
287 288 1.87568
288 388 -0.32856
288 298 -0.40747
288 289 0.8377
289 389 0.18339
289 299 0.52503
280 289 -0.47449
290 390 -1.36304
200 290 1.71388
290 291 -1.45506
291 391 -0.15363
201 291 -1.28781
291 292 1.99696
292 392 0.36201
202 292 -0.65177
292 293 -0.38016
293 393 0.18165
203 293 -1.19717
293 294 -1.10036
294 394 -1.49475
204 294 -0.72484
294 295 -0.45831
295 395 -0.5303
205 295 0.53797
295 296 -0.62879
296 396 -0.16758
206 296 1.83091
296 297 -0.86203
297 397 -1.35411
207 297 0.30081
297 298 0.16713
298 398 -1.25489
208 298 1.02924
298 299 -0.64481
299 399 0.89629
209 299 -0.79826
290 299 0.6728
300 400 -1.50825
300 310 -0.12147
300 301 -0.37311
301 401 -0.97178
301 311 0.25407
301 302 0.70178
302 402 0.39583
302 312 0.71803
302 303 -0.01216
303 403 -1.28486
303 313 -0.19047
303 304 -0.11149
304 404 -0.18727
304 314 0.93352
304 305 1.3254
305 405 0.03096
305 315 -0.2631
305 306 -1.50283
306 406 -0.17734
306 316 -0.56514
306 307 0.97953
307 407 0.95801
307 317 -1.93957
307 308 0.13188
308 408 -1.13882
308 318 0.59747
308 309 -0.1354
309 409 0.26941
309 319 -1.37125
300 309 -0.41491
310 410 0.23174
310 320 1.89207
310 311 -0.67997
311 411 0.52408
311 321 1.75022
311 312 -1.60449
312 412 -0.14583
312 322 0.29182
312 313 -0.25447
313 413 -1.08961
313 323 0.47448
313 314 -0.36896
314 414 0.04342
314 324 0.2179
314 315 2.0278
315 415 -1.4406
315 325 0.7222
315 316 1.0303
316 416 -2.0831
316 326 0.48893
316 317 -0.65231
317 417 -0.71636
317 327 -0.9981
317 318 0.54331
318 418 -0.9178
318 328 0.5791
318 319 -1.7265
319 419 -0.558
319 329 0.26911
310 319 -0.43586
320 420 1.42831
320 330 0.30579
320 321 -0.7123
321 421 0.84906
321 331 2.97972
321 322 -0.49243
322 422 -0.4342
322 332 -0.59121
322 323 0.33077
323 423 -0.65982
323 333 0.55735
323 324 0.38306
324 424 0.18623
324 334 -1.0423
324 325 -0.23764
325 425 -1.21739
325 335 -1.66001
325 326 1.43511
326 426 0.02779
326 336 -0.2036
326 327 -0.3273
327 427 1.55274
327 337 0.94805
327 328 -0.99244
328 428 -2.10246
328 338 1.11846
328 329 -0.22297
329 429 0.94205
329 339 -0.78105
320 329 0.5649
330 430 -2.38081
330 340 -0.0981
330 331 -0.30446
331 431 -1.10617
331 341 -0.12219
331 332 1.01432
332 432 -0.09994
332 342 0.49418
332 333 -1.26144
333 433 -1.94776
333 343 0.09886
333 334 0.52122
334 434 -0.81335
334 344 -0.53949
334 335 2.369
335 435 0.15272
335 345 -2.65051
335 336 -1.0963
336 436 -0.38505
336 346 0.56817
336 337 0.24836
337 437 0.3659
337 347 -0.11029
337 338 0.40018
338 438 0.43279
338 348 0.9832
338 339 -2.32912
339 439 1.33308
339 349 1.61085
330 339 1.58293
340 440 1.93731
340 350 0.4013
340 341 0.454
341 441 0.7443
341 351 1.28965
341 342 -0.99996
342 442 -1.1315
342 352 0.87486
342 343 -1.06898
343 443 -0.70964
343 353 -0.22087
343 344 0.25479
344 444 -0.06031
344 354 0.82209
344 345 0.87173
345 445 0.17171
345 355 -0.62558
345 346 0.99059
346 446 0.34175
346 356 0.05379
346 347 1.6169
347 447 -0.09059
347 357 -0.27374
347 348 1.55954
348 448 2.13441
348 358 -0.41934
348 349 -1.50688
349 449 -1.74015
349 359 -0.98022
340 349 0.58675
350 450 2.54077
350 360 -0.96881
350 351 -0.15309
351 451 -0.10819
351 361 -1.12069
351 352 0.30117
352 452 -1.09322
352 362 1.70134
352 353 0.82547
353 453 0.15824
353 363 1.87579
353 354 1.12333
354 454 0.85834
354 364 0.01003
354 355 -0.4479
355 455 -0.02415
355 365 -0.61341
355 356 -0.36194
356 456 -0.23981
356 366 0.0299
356 357 -0.62826
357 457 1.47962
357 367 0.16996
357 358 1.17992
358 458 0.21333
358 368 -0.52573
358 359 1.67177
359 459 0.05553
359 369 -0.06072
350 359 -1.9548
360 460 0.21673
360 370 0.40106
360 361 -1.3759
361 461 0.06923
361 371 1.08799
361 362 -1.58633
362 462 0.03962
362 372 -1.87944
362 363 -0.18531
363 463 1.70782
363 373 -0.83622
363 364 -0.59426
364 464 0.61842
364 374 1.14323
364 365 -0.79979
365 465 -0.68046
365 375 -1.23328
365 366 -0.19877
366 466 -0.51629
366 376 0.58735
366 367 -0.22597
367 467 -2.18365
367 377 1.57828
367 368 0.60429
368 468 -1.30038
368 378 -0.3922
368 369 -0.00133
369 469 -0.40685
369 379 0.87842
360 369 2.18977
370 470 -0.61784
370 380 0.22407
370 371 1.25475
371 471 1.33044
371 381 0.49508
371 372 1.11981
372 472 1.0046
372 382 -0.64793
372 373 -1.7506
373 473 -0.54913
373 383 1.56091
373 374 0.01728
374 474 1.85976
374 384 1.26868
374 375 0.1663
375 475 0.55111
375 385 0.85326
375 376 -0.85093
376 476 -0.59931
376 386 0.56806
376 377 1.32026
377 477 1.77709
377 387 0.29181
377 378 -0.83526
378 478 0.00762
378 388 -1.10929
378 379 -1.18116
379 479 -0.39727
379 389 -0.60026
370 379 -1.19698
380 480 0.45685
380 390 -0.8424
380 381 0.52391
381 481 2.12736
381 391 0.84297
381 382 -0.36081
382 482 -0.36967
382 392 0.21117
382 383 -0.45392
383 483 0.19224
383 393 0.872
383 384 -1.01725
384 484 -1.38209
384 394 -0.3348
384 385 0.53375
385 485 0.11133
385 395 2.2292
385 386 0.19817
386 486 -0.47667
386 396 0.35172
386 387 -0.48317
387 487 0.82903
387 397 0.34336
387 388 0.17753
388 488 0.51088
388 398 -0.17246
388 389 -2.64279
389 489 -0.04023
389 399 -1.68414
380 389 -0.64233
390 490 -0.04549
300 390 -1.32745
390 391 0.44266
391 491 0.92104
301 391 -0.77482
391 392 0.50628
392 492 0.92398
302 392 1.23534
392 393 0.62949
393 493 -0.80878
303 393 1.43556
393 394 1.4245
394 494 0.16232
304 394 -0.18755
394 395 -1.16843
395 495 -0.3442
305 395 -0.18055
395 396 0.87931
396 496 1.39216
306 396 -0.61867
396 397 0.65565
397 497 0.95215
307 397 -0.37739
397 398 -1.3449
398 498 -1.21377
308 398 -0.24829
398 399 1.09931
399 499 0.57939
309 399 0.56598
390 399 1.21923
400 500 -1.1598
400 410 0.42159
400 401 1.12406
401 501 -0.26237
401 411 -1.14956
401 402 -0.80115
402 502 1.54304
402 412 -0.15803
402 403 1.0234
403 503 2.45031
403 413 -0.40062
403 404 -0.67896
404 504 0.13009
404 414 -0.12824
404 405 0.465
405 505 -1.37912
405 415 0.00324
405 406 0.06742
406 506 1.00953
406 416 -0.35182
406 407 -0.79168
407 507 -0.83352
407 417 1.53782
407 408 0.37566
408 508 0.00884
408 418 -0.62771
408 409 -0.98094
409 509 0.29074
409 419 -2.38396
400 409 -1.22596
410 510 0.54606
410 420 0.93549
410 411 0.00235
411 511 0.93643
411 421 0.47824
411 412 0.7353
412 512 -0.53433
412 422 -1.65543
412 413 -0.78095
413 513 -0.74336
413 423 -0.00734
413 414 -1.15824
414 514 -0.33796
414 424 0.72447
414 415 1.25731
415 515 -1.78777
415 425 1.23615
415 416 -1.00307
416 516 -1.03917
416 426 0.83938
416 417 0.99419
417 517 1.2161
417 427 0.1299
417 418 0.95982
418 518 -1.47855
418 428 -0.30821
418 419 1.34771
419 519 1.09862
419 429 1.77129
410 419 -0.61596
420 520 -0.34272
420 430 -0.46708
420 421 -0.70473
421 521 0.21383
421 431 -2.67396
421 422 1.07358
422 522 -0.29104
422 432 1.15211
422 423 -1.69054
423 523 -0.2977
423 433 1.64994
423 424 0.1897
424 524 -0.7827
424 434 -0.27859
424 425 -0.48735
425 525 -1.2039
425 435 -0.64924
425 426 0.15124
426 526 -1.47713
426 436 -1.31872
426 427 1.27389
427 527 0.66444
427 437 -0.85246
427 428 -1.20764
428 528 -0.91622
428 438 1.14231
428 429 -0.70742
429 529 -0.23773
429 439 -0.62992
420 429 -1.06036
430 530 0.1402
430 440 -0.05351
430 431 -0.15823
431 531 0.43027
431 441 0.95734
431 432 -0.49545
432 532 1.35585
432 442 0.10246
432 433 0.45318
433 533 -0.3952
433 443 1.24345
433 434 -0.88878
434 534 0.93089
434 444 -0.82153
434 435 0.1124
435 535 -0.8125
435 445 -1.82913
435 436 0.39362
436 536 -0.00803
436 446 0.10394
436 437 0.06621
437 537 -0.81022
437 447 -0.77049
437 438 2.15307
438 538 0.47581
438 448 0.5149
438 439 0.53399
439 539 -1.47894
439 449 -0.1911
430 439 0.50486
440 540 -0.56272
440 450 0.93054
440 441 0.08761
441 541 0.82274
441 451 -0.45867
441 442 -0.32876
442 542 -0.20027
442 452 3.62106
442 443 0.03032
443 543 -1.98369
443 453 0.27154
443 444 1.73439
444 544 0.1502
444 454 -2.00598
444 445 0.49112
445 545 0.53034
445 455 1.40904
445 446 -0.97068
446 546 -0.45371
446 456 -0.81606
446 447 1.31851
447 547 0.42653
447 457 -0.43608
447 448 -0.82693
448 548 -1.49724
448 458 0.48807
448 449 0.57255
449 549 1.07957
449 459 -1.30303
440 449 0.82085
450 550 0.50587
450 460 -1.01423
450 451 0.60411
451 551 1.40609
451 461 -0.12655
451 452 -0.49174
452 552 0.63718
452 462 -0.68271
452 453 -0.69471
453 553 0.4854
453 463 -0.40113
453 454 2.00807
454 554 -1.20124
454 464 0.80519
454 455 0.68074
455 555 -2.72361
455 465 0.96344
455 456 -1.43805
456 556 -0.66714
456 466 1.00325
456 457 -1.36788
457 557 -0.28142
457 467 1.81525
457 458 -0.71984
458 558 1.21182
458 468 -1.42787
458 459 -0.29574
459 559 -0.50882
459 469 0.64206
450 459 -1.20265
460 560 -0.54463
460 470 -0.20245
460 461 -0.15365
461 561 -0.22996
461 471 -0.59265
461 462 0.44665
462 562 -0.63774
462 472 -0.87783
462 463 0.06491
463 563 -2.23185
463 473 -1.70328
463 464 -0.00578
464 564 -0.97211
464 474 0.30397
464 465 1.07012
465 565 1.14439
465 475 -0.69137
465 466 -0.73225
466 566 1.16474
466 476 1.49814
466 467 0.53017
467 567 -0.55303
467 477 -0.79686
467 468 -0.33409
468 568 -0.4581
468 478 -1.04359
468 469 1.46072
469 569 -2.54538
469 479 -0.76349
460 469 0.37067
470 570 -0.13595
470 480 0.3784
470 471 1.01397
471 571 -0.83457
471 481 -0.68903
471 472 0.12253
472 572 0.54649
472 482 1.49539
472 473 -2.00538
473 573 0.51949
473 483 -0.52757
473 474 -1.34899
474 574 -0.00768
474 484 -1.11259
474 475 0.72358
475 575 -0.54363
475 485 1.08126
475 476 0.14828
476 576 -0.02829
476 486 -0.14792
476 477 -1.88409
477 577 -0.10986
477 487 0.20148
477 478 1.13746
478 578 -2.0086
478 488 0.51038
478 479 0.64861
479 579 0.93362
479 489 -0.68286
470 479 -0.41531
480 580 2.02768
480 490 -1.22351
480 481 1.58263
481 581 -0.68605
481 491 -0.76014
481 482 -0.57032
482 582 -1.03938
482 492 -0.65912
482 483 1.8379
483 583 -0.51929
483 493 1.84612
483 484 -0.003
484 584 0.51205
484 494 -0.68315
484 485 0.13765
485 585 -2.1477
485 495 -0.80238
485 486 1.83741
486 586 -0.09528
486 496 1.17117
486 487 -0.02212
487 587 1.15974
487 497 0.49714
487 488 -0.45985
488 588 0.94214
488 498 -0.8018
488 489 -1.1423
489 589 0.01264
489 499 1.45455
480 489 -0.292
490 590 -0.70324
400 490 0.08923
490 491 0.42153
491 591 -1.03588
401 491 -1.04613
491 492 0.82954
492 592 0.6515
402 492 0.3669
492 493 -1.37836
493 593 -1.64729
403 493 1.01151
493 494 -0.72803
494 594 2.35919
404 494 -1.60992
494 495 1.53956
495 595 0.50338
405 495 -0.07723
495 496 -0.07344
496 596 -0.05874
406 496 1.63961
496 497 0.97827
497 597 0.40809
407 497 0.71075
497 498 1.6358
498 598 0.83555
408 498 0.14522
498 499 -1.6664
499 599 1.61163
409 499 0.81687
490 499 0.80188
500 600 -0.11843
500 510 -0.33792
500 501 0.16122
501 601 -1.17104
501 511 -0.13406
501 502 -0.48943
502 602 1.00954
502 512 1.35856
502 503 -0.78731
503 603 2.29706
503 513 0.94072
503 504 0.96162
504 604 0.62986
504 514 0.45958
504 505 -0.82678
505 605 -2.59446
505 515 -1.30824
505 506 0.48591
506 606 0.5405
506 516 1.78495
506 507 0.96364
507 607 0.8568
507 517 1.13948
507 508 1.46723
508 608 0.17218
508 518 -0.28478
508 509 -1.03844
509 609 -0.56978
509 519 0.24139
500 509 3.10461
510 610 -1.48331
510 520 0.00227
510 511 1.11739
511 611 -0.43939
511 521 1.65993
511 512 -0.07991
512 612 -0.59363
512 522 -1.07287
512 513 -2.09012
513 613 -0.57742
513 523 -0.01794
513 514 0.72914
514 614 1.24681
514 524 0.34132
514 515 -0.49109
515 615 1.05495
515 525 -0.43292
515 516 0.27762
516 616 0.42979
516 526 -0.69821
516 517 -0.74533
517 617 0.54828
517 527 0.4308
517 518 0.24076
518 618 0.80246
518 528 -0.74702
518 519 1.12126
519 619 0.00439
519 529 0.49105
510 519 -1.40837
520 620 0.31712
520 530 0.63171
520 521 1.61791
521 621 0.68959
521 531 -0.52834
521 522 0.46006
522 622 -0.17796
522 532 -0.41951
522 523 -1.28838
523 623 1.2869
523 533 1.53268
523 524 0.51092
524 624 1.01939
524 534 0.23107
524 525 -2.12596
525 625 1.1266
525 535 1.01804
525 526 1.35498
526 626 -1.02991
526 536 -0.72237
526 527 0.54134
527 627 -0.58046
527 537 -0.06373
527 528 -1.02547
528 628 0.04438
528 538 -0.52891
528 529 1.11543
529 629 -1.67022
529 539 -0.6459
520 529 0.2702
530 630 0.26313
530 540 1.21548
530 531 -0.92669
531 631 0.43908
531 541 -1.31991
531 532 0.477
532 632 0.93799
532 542 1.33881
532 533 -0.60545
533 633 0.4396
533 543 -0.07941
533 534 -2.13225
534 634 1.37431
534 544 1.06129
534 535 0.8024
535 635 0.14693
535 545 0.74817
535 536 -0.46309
536 636 0.20095
536 546 0.92765
536 537 0.39516
537 637 0.19686
537 547 0.41856
537 538 1.45123
538 638 1.21425
538 548 -0.70877
538 539 0.65404
539 639 -0.84251
539 549 -0.53748
530 539 1.44293
540 640 -0.79693
540 550 -0.24187
540 541 0.716
541 641 -0.27809
541 551 -0.49107
541 542 -0.29791
542 642 -0.37913
542 552 0.06458
542 543 0.44809
543 643 -0.52672
543 553 0.00416
543 544 -0.46158
544 644 -0.39432
544 554 0.91915
544 545 -0.4811
545 645 -1.42747
545 555 1.49786
545 546 1.75104
546 646 2.73967
546 556 0.50037
546 547 0.54384
547 647 -0.995
547 557 0.37156
547 548 0.25993
548 648 0.47935
548 558 -0.00699
548 549 2.45411
549 649 0.46889
549 559 0.52259
540 549 0.95824
550 650 1.21889
550 560 0.30922
550 551 -0.32936
551 651 0.08235
551 561 -1.62611
551 552 -0.14333
552 652 -0.46255
552 562 -0.79583
552 553 -0.93139
553 653 0.95264
553 563 -0.18277
553 554 -0.57795
554 654 -0.83485
554 564 0.35111
554 555 -0.15748
555 655 0.36643
555 565 -0.86258
555 556 2.53963
556 656 -0.47688
556 566 -0.47869
556 557 1.2118
557 657 -0.89188
557 567 0.80566
557 558 -0.96847
558 658 2.08627
558 568 0.04269
558 559 -0.66425
559 659 1.393
559 569 -0.59172
550 559 -1.16029
560 660 0.12356
560 570 0.00129
560 561 0.33772
561 661 0.49897
561 571 -0.89414
561 562 -1.7473
562 662 0.0555
562 572 1.15057
562 563 -0.46865
563 663 0.63213
563 573 0.15149
563 564 -1.01958
564 664 -0.0226
564 574 1.0139
564 565 1.40758
565 665 -0.45237
565 575 -0.80582
565 566 1.81048
566 666 0.0884
566 576 0.35706
566 567 0.89335
567 667 0.26136
567 577 1.00307
567 568 -0.48558
568 668 -0.32989
568 578 -0.99164
568 569 1.01045
569 669 -0.77346
569 579 1.71737
560 569 -0.17739
570 670 0.13685
570 580 -0.15368
570 571 -0.11393
571 671 0.36908
571 581 1.29882
571 572 -0.98545
572 672 0.39463
572 582 0.43865
572 573 0.80452
573 673 0.76782
573 583 0.37926
573 574 0.1155
574 674 0.53962
574 584 0.0385
574 575 -0.63195
575 675 1.37097
575 585 0.78654
575 576 0.68028
576 676 -0.3523
576 586 0.11756
576 577 -1.16889
577 677 0.32124
577 587 -0.91973
577 578 0.61395
578 678 0.9496
578 588 0.8867
578 579 1.17893
579 679 0.01392
579 589 -0.1305
570 579 -1.30868
580 680 0.20605
580 590 0.10201
580 581 -0.15144
581 681 -0.0058
581 591 1.06144
581 582 -1.68266
582 682 -0.18705
582 592 0.35247
582 583 -0.17959
583 683 0.0061
583 593 1.40382
583 584 -0.20836
584 684 0.21575
584 594 -0.65536
584 585 0.0539
585 685 1.45437
585 595 0.96819
585 586 0.69646
586 686 0.51834
586 596 -0.6802
586 587 -0.29076
587 687 0.52612
587 597 -0.24004
587 588 0.30488
588 688 -0.91087
588 598 -0.58545
588 589 -0.09387
589 689 -0.40208
589 599 1.11615
580 589 -1.6726
590 690 0.68779
500 590 1.18874
590 591 -0.30114
591 691 -0.65922
501 591 -0.08447
591 592 -0.91531
592 692 0.35328
502 592 1.56846
592 593 -1.09156
593 693 0.37474
503 593 -0.04596
593 594 -1.31984
594 694 1.54465
504 594 -0.78135
594 595 -0.81161
595 695 -0.16266
505 595 0.33619
595 596 0.57966
596 696 1.34033
506 596 0.43471
596 597 0.04117
597 697 -0.07187
507 597 -0.38032
597 598 -1.23317
598 698 -0.8622
508 598 0.61338
598 599 -2.17073
599 699 -2.3866
509 599 -0.56519
590 599 0.4928
600 700 0.75112
600 610 -1.37279
600 601 -0.48056
601 701 0.20121
601 611 -0.61815
601 602 -0.90487
602 702 0.51495
602 612 0.14037
602 603 1.10926
603 703 -0.82184
603 613 -0.80372
603 604 0.66118
604 704 0.07899
604 614 -0.9072
604 605 -0.79459
605 705 -0.35926
605 615 -0.51182
605 606 0.09776
606 706 -0.16366
606 616 -0.16843
606 607 1.23192
607 707 -1.11506
607 617 0.14057
607 608 0.57598
608 708 1.27258
608 618 0.61357
608 609 0.21909
609 709 -0.58211
609 619 0.75792
600 609 -0.58397
610 710 -0.8271
610 620 0.83699
610 611 -0.56665
611 711 0.42439
611 621 -0.01403
611 612 -0.19036
612 712 1.57443
612 622 0.50706
612 613 -1.14543
613 713 0.41384
613 623 0.68832
613 614 -0.09987
614 714 -0.03555
614 624 -0.39691
614 615 -0.41925
615 715 -1.82053
615 625 -0.07148
615 616 0.21827
616 716 1.32292
616 626 -1.30359
616 617 0.11693
617 717 -0.93206
617 627 -0.04404
617 618 0.49443
618 718 -0.81091
618 628 -1.33639
618 619 1.64785
619 719 -1.14617
619 629 1.77887
610 619 1.54978
620 720 0.13436
620 630 -0.17392
620 621 -0.14621
621 721 0.33646
621 631 -0.13167
621 622 -0.95362
622 722 0.56199
622 632 -0.30424
622 623 0.24076
623 723 0.56613
623 633 -0.89917
623 624 0.85209
624 724 0.74496
624 634 0.434
624 625 -1.50537
625 725 -0.5123
625 635 1.09177
625 626 1.03462
626 726 2.09131
626 636 -1.27738
626 627 0.69146
627 727 -0.88127
627 637 2.12613
627 628 -0.30041
628 728 0.42574
628 638 0.21878
628 629 -0.85005
629 729 -0.62444
629 639 1.20894
620 629 -1.17321
630 730 -0.44724
630 640 -1.07112
630 631 -1.81352
631 731 0.85241
631 641 0.55319
631 632 -1.32282
632 732 -0.36031
632 642 0.24597
632 633 0.50126
633 733 0.51038
633 643 -0.23229
633 634 0.50632
634 734 2.25357
634 644 0.66614
634 635 -0.21845
635 735 1.07248
635 645 0.89139
635 636 0.05198
636 736 1.27916
636 646 0.64287
636 637 0.76802
637 737 -0.93834
637 647 -1.09838
637 638 0.72742
638 738 0.39728
638 648 0.33092
638 639 -0.96183
639 739 0.25481
639 649 1.84718
630 639 -1.61296
640 740 0.97391
640 650 1.78042
640 641 -0.00419
641 741 -0.65021
641 651 0.18313
641 642 -0.95131
642 742 -0.20647
642 652 0.89142
642 643 0.71525
643 743 -1.39866
643 653 -1.82891
643 644 0.22924
644 744 0.62999
644 654 -0.60605
644 645 -0.91766
645 745 2.16156
645 655 -0.33126
645 646 -0.07316
646 746 -0.08995
646 656 2.25504
646 647 1.32576
647 747 -0.25788
647 657 0.22245
647 648 0.30902
648 748 -1.21048
648 658 0.74964
648 649 1.19388
649 749 0.68905
649 659 -0.07925
640 649 0.57221
650 750 0.65665
650 660 -0.42
650 651 0.61596
651 751 0.09514
651 661 0.75756
651 652 0.82529
652 752 0.76292
652 662 -0.21039
652 653 1.68723
653 753 -1.17845
653 663 -1.52076
653 654 -0.06977
654 754 0.46617
654 664 -1.51616
654 655 -1.82571
655 755 -0.01058
655 665 -1.97654
655 656 2.25444
656 756 0.60961
656 666 0.05341
656 657 -0.78331
657 757 -0.09943
657 667 0.36326
657 658 0.42098
658 758 -0.95109
658 668 0.18226
658 659 0.64686
659 759 -0.36107
659 669 0.57543
650 659 0.048
660 760 1.47917
660 670 -0.9411
660 661 -0.52861
661 761 -2.4973
661 671 0.90447
661 662 0.17125
662 762 0.19623
662 672 -0.45352
662 663 -1.05241
663 763 0.95901
663 673 1.39191
663 664 1.28443
664 764 0.5474
664 674 -0.22957
664 665 -1.1554
665 765 -0.5282
665 675 -0.09208
665 666 -1.0899
666 766 -0.65061
666 676 -2.50185
666 667 0.0471
667 767 1.28552
667 677 0.70113
667 668 -0.16715
668 768 -0.73228
668 678 -1.58211
668 669 0.77936
669 769 -0.19215
669 679 -0.5196
660 669 0.60357
670 770 0.7138
670 680 0.90098
670 671 -1.77063
671 771 -1.35483
671 681 -0.63401
671 672 0.15244
672 772 0.36837
672 682 0.58627
672 673 -1.05875
673 773 -0.61341
673 683 -0.98103
673 674 0.11773
674 774 -1.25716
674 684 0.69492
674 675 -1.11382
675 775 0.52416
675 685 -0.74929
675 676 0.87566
676 776 -0.51665
676 686 0.38468
676 677 0.72291
677 777 -1.47131
677 687 -0.65802
677 678 -1.65794
678 778 0.52364
678 688 -0.46676
678 679 -0.79353
679 779 0.04746
679 689 0.81869
670 679 -0.64477
680 780 -0.47767
680 690 0.5035
680 681 1.10014
681 781 -1.6209
681 691 -0.0635
681 682 -0.81513
682 782 -1.56362
682 692 0.14893
682 683 0.73703
683 783 -1.00328
683 693 1.66979
683 684 0.61402
684 784 -0.65654
684 694 0.19523
684 685 -1.09176
685 785 -0.48757
685 695 -0.10051
685 686 1.96268
686 786 -0.4055
686 696 1.29528
686 687 1.75599
687 787 -0.02045
687 697 -0.70931
687 688 0.42593
688 788 0.83561
688 698 0.12704
688 689 1.41406
689 789 0.72504
689 699 0.33652
680 689 -0.48428
690 790 1.02849
600 690 -0.98556
690 691 -0.11867
691 791 1.57415
601 691 -1.10275
691 692 0.81298
692 792 -0.8621
602 692 -0.17131
692 693 -0.14808
693 793 0.69723
603 693 0.53578
693 694 -0.69784
694 794 1.04743
604 694 1.77066
694 695 -1.25236
695 795 0.77009
605 695 -0.34243
695 696 0.34825
696 796 -0.02795
606 696 1.58215
696 697 -0.05551
697 797 0.01141
607 697 -1.9426
697 698 1.7253
698 798 1.41459
608 698 -0.64117
698 699 1.42112
699 799 0.88017
609 699 -0.0924
690 699 -1.1827
700 800 -0.58515
700 710 -1.09466
700 701 -2.01956
701 801 -1.67906
701 711 0.79728
701 702 -0.79333
702 802 0.97502
702 712 0.40599
702 703 0.37023
703 803 -0.09033
703 713 -0.23026
703 704 -1.77947
704 804 0.42591
704 714 -0.28839
704 705 0.40704
705 805 0.57521
705 715 2.27433
705 706 -0.04777
706 806 -0.13325
706 716 0.81659
706 707 0.35774
707 807 0.23143
707 717 1.02554
707 708 0.20683
708 808 -0.41739
708 718 0.81402
708 709 -0.70342
709 809 0.40222
709 719 -1.69731
700 709 -1.75225
710 810 -1.9709
710 720 -0.93475
710 711 1.0394
711 811 -0.42531
711 721 -1.40133
711 712 -0.99953
712 812 -0.03923
712 722 1.85502
712 713 -1.11605
713 813 -1.12401
713 723 1.13543
713 714 0.33874
714 814 1.50135
714 724 0.60177
714 715 -1.14976
715 815 0.65756
715 725 0.01191
715 716 1.7719
716 816 0.47326
716 726 -2.88654
716 717 0.86123
717 817 -0.14618
717 727 -1.36121
717 718 -0.64408
718 818 0.62927
718 728 -2.22495
718 719 0.41763
719 819 -0.36593
719 729 -0.7536
710 719 0.01671
720 820 -1.95694
720 730 -0.18539
720 721 -1.38382
721 821 -1.30178
721 731 2.56125
721 722 -0.03724
722 822 0.79797
722 732 0.82988
722 723 0.16675
723 823 1.20741
723 733 0.90931
723 724 0.53009
724 824 -1.20479
724 734 0.87528
724 725 1.05773
725 825 -0.54119
725 735 -0.56594
725 726 0.78329
726 826 -2.03729
726 736 -0.33756
726 727 -0.31331
727 827 0.49245
727 737 -0.92761
727 728 -1.25824
728 828 0.58185
728 738 -0.91571
728 729 0.43109
729 829 0.16227
729 739 -1.31366
720 729 1.20616
730 830 1.05437
730 740 1.69554
730 731 -0.00867
731 831 0.16949
731 741 0.36235
731 732 0.73154
732 832 0.70073
732 742 -0.34189
732 733 -0.87975
733 833 -0.18063
733 743 0.65816
733 734 -1.54448
734 834 1.3439
734 744 1.31918
734 735 0.43089
735 835 -0.08183
735 745 -0.41661
735 736 -0.50377
736 836 0.20179
736 746 0.77753
736 737 -0.20121
737 837 -0.15165
737 747 1.34599
737 738 -0.92557
738 838 1.21954
738 748 0.50101
738 739 0.39254
739 839 -1.84586
739 749 -0.95682
730 739 -1.31334
740 840 0.66953
740 750 -0.1089
740 741 -0.58391
741 841 1.28492
741 751 -0.44418
741 742 0.70264
742 842 0.64342
742 752 -1.62934
742 743 1.00759
743 843 0.01619
743 753 -0.13167
743 744 -2.9408
744 844 1.75155
744 754 0.21064
744 745 -1.77752
745 845 0.19879
745 755 -0.96951
745 746 1.61061
746 846 0.07245
746 756 1.11312
746 747 -0.63778
747 847 1.58075
747 757 0.0085
747 748 0.52118
748 848 -0.14024
748 758 -0.54439
748 749 0.16017
749 849 -1.7045
749 759 -0.3051
740 749 0.17833
750 850 1.53865
750 760 0.13819
750 751 -1.96556
751 851 0.64745
751 761 0.53851
751 752 0.72892
752 852 -1.46274
752 762 -0.07865
752 753 -0.43402
753 853 -0.36781
753 763 -0.71602
753 754 0.98832
754 854 -0.58116
754 764 0.58981
754 755 0.21074
755 855 1.80787
755 765 0.94624
755 756 0.51424
756 856 -1.47444
756 766 -0.43943
756 757 0.74977
757 857 -3.49526
757 767 -0.03008
757 758 0.97605
758 858 -1.31043
758 768 -0.3808
758 759 -0.38412
759 859 0.33874
759 769 0.43307
750 759 -0.05469
760 860 -0.73129
760 770 0.53786
760 761 0.08884
761 861 -0.73468
761 771 -0.74644
761 762 0.37485
762 862 1.39323
762 772 -1.77636
762 763 -0.65861
763 863 0.41033
763 773 1.09502
763 764 -0.77527
764 864 -0.23042
764 774 0.08288
764 765 0.49762
765 865 0.80497
765 775 -0.49462
765 766 0.66103
766 866 -1.64891
766 776 0.60636
766 767 0.83109
767 867 0.02301
767 777 1.07923
767 768 0.42286
768 868 -0.48416
768 778 -0.54778
768 769 -0.67717
769 869 -0.69649
769 779 1.6058
760 769 1.13447
770 870 0.77991
770 780 0.06284
770 771 -0.20823
771 871 -1.14654
771 781 0.82762
771 772 -1.25373
772 872 -0.39204
772 782 -0.60706
772 773 0.64012
773 873 0.55326
773 783 -0.03467
773 774 -0.11968
774 874 -0.68287
774 784 0.9593
774 775 -1.13267
775 875 -0.02346
775 785 -0.03376
775 776 -0.77688
776 876 -1.90064
776 786 0.75943
776 777 -0.67292
777 877 1.29745
777 787 -0.19736
777 778 0.56736
778 878 -0.94301
778 788 1.04547
778 779 -0.2568
779 879 -0.29427
779 789 0.2581
770 779 0.84802
780 880 -0.56523
780 790 0.41442
780 781 0.07396
781 881 -1.15809
781 791 0.77732
781 782 0.24119
782 882 0.52646
782 792 0.71158
782 783 0.04664
783 883 -1.4325
783 793 -1.50562
783 784 -1.13211
784 884 2.06377
784 794 0.6893
784 785 0.60779
785 885 0.24858
785 795 -0.37113
785 786 -0.10558
786 886 0.36422
786 796 -0.33183
786 787 0.63715
787 887 1.53368
787 797 1.32799
787 788 -0.31711
788 888 -0.49566
788 798 -0.65388
788 789 0.25564
789 889 -0.65265
789 799 0.59222
780 789 0.11337
790 890 0.20716
700 790 0.02506
790 791 -1.34764
791 891 0.71888
701 791 -0.42925
791 792 1.17489
792 892 1.14037
702 792 -0.26185
792 793 -1.56993
793 893 -0.74412
703 793 -0.94648
793 794 -0.0216
794 894 -0.42354
704 794 0.88482
794 795 0.60691
795 895 -0.02017
705 795 0.30343
795 796 -0.66145
796 896 -0.37833
706 796 -1.725
796 797 1.15775
797 897 0.18814
707 797 1.54025
797 798 1.95396
798 898 0.22908
708 798 0.34507
798 799 0.88646
799 899 0.24554
709 799 -2.06215
790 799 -0.31194
800 900 0.45141
800 810 0.55381
800 801 -0.40047
801 901 0.89902
801 811 -0.39392
801 802 -1.66315
802 902 0.47687
802 812 -0.33445
802 803 -1.10916
803 903 -0.80599
803 813 0.47861
803 804 -0.01776
804 904 -0.02347
804 814 -0.76089
804 805 -0.202
805 905 0.17457
805 815 -0.15928
805 806 0.39482
806 906 1.2976
806 816 0.28948
806 807 1.42714
807 907 0.78598
807 817 0.09198
807 808 -1.55594
808 908 -0.61285
808 818 -0.25893
808 809 -0.84356
809 909 0.27638
809 819 -0.69252
800 809 0.53161
810 910 0.77383
810 820 -0.5178
810 811 -2.16867
811 911 0.04654
811 821 0.18909
811 812 1.72074
812 912 -0.32165
812 822 0.20745
812 813 -0.55322
813 913 0.14059
813 823 0.68976
813 814 0.97971
814 914 0.90791
814 824 -0.45302
814 815 -0.92923
815 915 0.08737
815 825 -2.03648
815 816 0.07247
816 916 0.52022
816 826 -0.60722
816 817 -0.30926
817 917 0.71581
817 827 -0.25282
817 818 0.78562
818 918 -1.04039
818 828 -0.91359
818 819 -1.70959
819 919 0.59294
819 829 0.14689
810 819 -0.59866
820 920 1.2857
820 830 -0.56893
820 821 0.43848
821 921 -1.80147
821 831 0.57221
821 822 0.08365
822 922 1.04044
822 832 -1.88035
822 823 -0.81123
823 923 -0.85763
823 833 -0.24246
823 824 0.42268
824 924 -0.17682
824 834 0.2611
824 825 -0.52621
825 925 -0.6585
825 835 0.32302
825 826 -0.79734
826 926 -0.4085
826 836 -0.98578
826 827 1.38381
827 927 -1.41563
827 837 -1.73986
827 828 0.51364
828 928 -0.58111
828 838 0.13562
828 829 -0.42605
829 929 -1.19988
829 839 -0.46176
820 829 0.87572
830 930 -0.39304
830 840 -1.1358
830 831 0.60029
831 931 1.18359
831 841 -0.29856
831 832 0.00674
832 932 0.7749
832 842 0.58235
832 833 0.01567
833 933 0.77876
833 843 0.7236
833 834 0.6524
834 934 1.17327
834 844 0.44567
834 835 0.38529
835 935 -0.76462
835 845 -1.55615
835 836 -2.12507
836 936 0.56198
836 846 1.82735
836 837 -1.32188
837 937 -0.8072
837 847 -0.71077
837 838 -0.1607
838 938 0.94464
838 848 1.95396
838 839 0.97116
839 939 -0.44893
839 849 -1.1152
830 839 -2.10291
840 940 0.94151
840 850 0.57143
840 841 -1.09578
841 941 -1.56417
841 851 0.36136
841 842 -2.34694
842 942 0.70775
842 852 -0.78472
842 843 0.05936
843 943 0.65323
843 853 -0.3366
843 844 1.3206
844 944 0.75244
844 854 0.37888
844 845 0.9956
845 945 0.3082
845 855 -1.1429
845 846 0.32055
846 946 0.01147
846 856 -0.43188
846 847 -0.48128
847 947 0.4022
847 857 -0.80672
847 848 -0.42297
848 948 0.89536
848 858 -0.0137
848 849 1.7163
849 949 -0.22766
849 859 0.97521
840 849 0.74033
850 950 0.61412
850 860 0.52758
850 851 -1.69739
851 951 1.40632
851 861 0.41588
851 852 0.31364
852 952 0.39486
852 862 -0.77956
852 853 1.9653
853 953 0.7526
853 863 0.31152
853 854 -1.17843
854 954 0.32205
854 864 -1.51071
854 855 -1.39369
855 955 1.25988
855 865 -0.83997
855 856 -0.8891
856 956 -0.15184
856 866 0.73252
856 857 -0.39932
857 957 -0.85891
857 867 0.46313
857 858 0.89694
858 958 1.07047
858 868 0.79937
858 859 0.91789
859 959 1.33536
859 869 0.77594
850 859 0.6903
860 960 0.60876
860 870 0.80163
860 861 -0.28087
861 961 1.23741
861 871 0.48056
861 862 2.1826
862 962 -0.77665
862 872 1.39471
862 863 -0.23282
863 963 -0.85208
863 873 2.85859
863 864 -0.6911
864 964 -1.38841
864 874 0.81012
864 865 0.48002
865 965 1.12802
865 875 -2.09164
865 866 -2.22436
866 966 0.92005
866 876 0.45345
866 867 1.16456
867 967 0.4617
867 877 0.34706
867 868 -0.48633
868 968 -1.22115
868 878 0.99024
868 869 0.29853
869 969 1.36463
869 879 -0.66344
860 869 -0.29524
870 970 -1.74971
870 880 -0.44437
870 871 2.31171
871 971 -0.53936
871 881 0.56851
871 872 -0.53089
872 972 -0.01238
872 882 1.89175
872 873 1.80477
873 973 -1.25821
873 883 -0.73003
873 874 0.52118
874 974 -0.71238
874 884 -2.11263
874 875 -1.37188
875 975 -0.98103
875 885 1.14707
875 876 -1.05889
876 976 -0.26743
876 886 -0.01832
876 877 -0.71753
877 977 -2.28946
877 887 0.9754
877 878 -0.10383
878 978 -2.24181
878 888 -0.40998
878 879 0.62125
879 979 0.68367
879 889 0.57891
870 879 2.50805
880 980 -0.614
880 890 1.34946
880 881 0.30255
881 981 -0.56883
881 891 0.50906
881 882 1.27049
882 982 0.48774
882 892 -1.53969
882 883 1.06033
883 983 -0.25515
883 893 -0.56472
883 884 0.30761
884 984 -0.57618
884 894 -1.33788
884 885 0.38424
885 985 0.39673
885 895 -0.94933
885 886 -0.62033
886 986 -1.78455
886 896 -2.15664
886 887 -0.78161
887 987 0.07293
887 897 -0.22845
887 888 -1.94587
888 988 1.76856
888 898 0.15582
888 889 -0.7841
889 989 -2.1046
889 899 -1.14557
880 889 -0.00468
890 990 0.43724
800 890 1.27895
890 891 -0.74064
891 991 0.98728
801 891 1.63494
891 892 -0.09929
892 992 0.41089
802 892 -0.52405
892 893 0.95194
893 993 -1.04213
803 893 -0.15125
893 894 1.30834
894 994 -1.67645
804 894 0.0905
894 895 0.37197
895 995 0.55315
805 895 -0.00895
895 896 0.08374
896 996 -0.78115
806 896 -0.41361
896 897 0.23211
897 997 -0.50633
807 897 1.74695
897 898 0.46779
898 998 -0.69797
808 898 -1.46567
898 899 -0.64682
899 999 -1.47376
809 899 1.23642
890 899 -0.27258
0 900 -1.25461
900 910 -0.694
900 901 0.8362
1 901 -0.2136
901 911 0.90644
901 902 -0.41168
2 902 -0.65534
902 912 0.03248
902 903 0.7018
3 903 0.4968
903 913 0.60639
903 904 -0.08169
4 904 0.76952
904 914 0.51354
904 905 -0.23598
5 905 0.55869
905 915 0.05633
905 906 -0.63839
6 906 0.30261
906 916 -1.10221
906 907 0.4874
7 907 0.96086
907 917 0.32624
907 908 -2.07236
8 908 0.82763
908 918 -0.98345
908 909 0.27659
9 909 0.1063
909 919 -0.01541
900 909 0.64307
10 910 0.43765
910 920 -0.21011
910 911 1.83348
11 911 -0.61285
911 921 0.5349
911 912 0.5617
12 912 -0.2569
912 922 0.41407
912 913 -0.49122
13 913 1.39197
913 923 0.7919
913 914 -0.08804
14 914 -0.79884
914 924 0.62983
914 915 -0.22358
15 915 -0.05829
915 925 1.30136
915 916 0.75564
16 916 0.46128
916 926 -0.74746
916 917 -1.17122
17 917 0.80427
917 927 0.63587
917 918 0.2427
18 918 -0.11236
918 928 1.0194
918 919 -0.48462
19 919 -0.0003
919 929 0.95692
910 919 0.49758
20 920 2.13507
920 930 -0.47592
920 921 -0.45896
21 921 -0.44476
921 931 0.61667
921 922 0.72505
22 922 -1.55566
922 932 1.42152
922 923 0.94421
23 923 -0.01901
923 933 -0.85298
923 924 -0.52876
24 924 0.66871
924 934 0.70886
924 925 -0.73417
25 925 -1.60065
925 935 0.02166
925 926 0.68646
26 926 1.74883
926 936 0.70777
926 927 0.26278
27 927 -0.90213
927 937 0.5267
927 928 -0.20892
28 928 0.40075
928 938 -1.53222
928 929 1.09467
29 929 -1.39346
929 939 0.22397
920 929 0.95889
30 930 0.81923
930 940 1.09219
930 931 0.43012
31 931 1.92094
931 941 -0.20323
931 932 0.88229
32 932 0.2624
932 942 -0.78118
932 933 0.45498
33 933 -1.19119
933 943 -0.66788
933 934 -1.0079
34 934 0.64454
934 944 -2.46772
934 935 0.04669
35 935 0.11121
935 945 -1.68827
935 936 0.33976
36 936 -0.90368
936 946 0.06064
936 937 1.66297
37 937 -1.39327
937 947 1.35206
937 938 -0.5635
38 938 1.52753
938 948 -0.3036
938 939 0.22292
39 939 1.63078
939 949 0.46407
930 939 0.52859
40 940 -0.4247
940 950 -0.1358
940 941 -0.66469
41 941 -0.44514
941 951 1.43924
941 942 -1.03817
42 942 -0.25058
942 952 0.13291
942 943 1.11909
43 943 0.93949
943 953 0.81672
943 944 0.87789
44 944 0.02944
944 954 -0.91918
944 945 2.19017
45 945 2.13885
945 955 0.361
945 946 0.35609
46 946 1.0484
946 956 -0.72502
946 947 -0.3626
47 947 1.39854
947 957 0.49945
947 948 0.57237
48 948 1.22043
948 958 0.21986
948 949 0.57889
49 949 2.11373
949 959 0.31131
940 949 -0.01093
50 950 -0.86259
950 960 -0.44538
950 951 1.17029
51 951 0.49785
951 961 0.58179
951 952 -0.75186
52 952 -0.65698
952 962 0.99783
952 953 0.95635
53 953 -0.15961
953 963 -1.14432
953 954 0.22184
54 954 0.76417
954 964 1.08493
954 955 0.76578
55 955 0.78722
955 965 -1.80589
955 956 -0.05112
56 956 -0.20207
956 966 -1.07369
956 957 0.91244
57 957 1.1503
957 967 1.67966
957 958 1.14111
58 958 0.86681
958 968 0.11854
958 959 0.88012
59 959 2.0089
959 969 1.00381
950 959 -0.15771
60 960 -0.42302
960 970 -0.34258
960 961 0.82197
61 961 1.08445
961 971 0.28552
961 962 0.85251
62 962 1.26616
962 972 1.12986
962 963 0.46168
63 963 0.0212
963 973 0.10215
963 964 1.99187
64 964 1.08796
964 974 0.66354
964 965 0.55961
65 965 -0.03233
965 975 0.50386
965 966 0.94747
66 966 0.59399
966 976 -0.46839
966 967 -0.61772
67 967 0.8834
967 977 -0.97356
967 968 0.41472
68 968 -0.19473
968 978 1.29636
968 969 -0.04028
69 969 0.86928
969 979 0.25003
960 969 -0.47379
70 970 0.34482
970 980 1.77813
970 971 3.12988
71 971 -0.07192
971 981 -0.94622
971 972 1.35815
72 972 -0.07569
972 982 2.14139
972 973 0.41693
73 973 -0.65553
973 983 -0.4551
973 974 1.11187
74 974 -0.11626
974 984 -0.99885
974 975 0.83112
75 975 0.55976
975 985 -0.05674
975 976 -0.51005
76 976 0.52271
976 986 0.01192
976 977 0.25639
77 977 1.66184
977 987 0.05569
977 978 -0.64601
78 978 -0.81401
978 988 2.51051
978 979 -1.15288
79 979 0.22365
979 989 -0.02
970 979 1.93052
80 980 -0.49728
980 990 0.26059
980 981 -2.12435
81 981 -1.2246
981 991 -2.38146
981 982 0.73081
82 982 0.07456
982 992 -0.51382
982 983 -0.46828
83 983 -0.00508
983 993 1.41912
983 984 0.75134
84 984 -1.23109
984 994 -0.73257
984 985 -0.81589
85 985 0.52845
985 995 -0.66045
985 986 0.04186
86 986 0.0794
986 996 -0.53679
986 987 -2.66947
87 987 0.09426
987 997 0.90486
987 988 -0.32786
88 988 -3.02106
988 998 -1.77929
988 989 0.18997
89 989 -1.15232
989 999 -0.56429
980 989 -1.5495
90 990 -0.86798
900 990 0.45659
990 991 -0.91799
91 991 -1.48285
901 991 0.28336
991 992 -0.89189
92 992 1.61735
902 992 1.36926
992 993 -1.96979
93 993 0.26455
903 993 -2.44827
993 994 0.13781
94 994 1.17422
904 994 -1.91698
994 995 -0.69272
95 995 0.34479
905 995 -1.05736
995 996 1.96149
96 996 -0.21283
906 996 1.01389
996 997 0.37119
97 997 -0.27533
907 997 -1.25731
997 998 1.75489
98 998 -0.88519
908 998 -1.57634
998 999 -0.24875
99 999 -1.72168
909 999 -0.61125
990 999 -0.1118
