# model=ea3d N=1000 meanJ=0 seed=984323260 distribution=gaussian field=0 num_fields=1000 num_couplings=3000
0 0
1 0
2 0
3 0
4 0
5 0
6 0
7 0
8 0
9 0
10 0
11 0
12 0
13 0
14 0
15 0
16 0
17 0
18 0
19 0
20 0
21 0
22 0
23 0
24 0
25 0
26 0
27 0
28 0
29 0
30 0
31 0
32 0
33 0
34 0
35 0
36 0
37 0
38 0
39 0
40 0
41 0
42 0
43 0
44 0
45 0
46 0
47 0
48 0
49 0
50 0
51 0
52 0
53 0
54 0
55 0
56 0
57 0
58 0
59 0
60 0
61 0
62 0
63 0
64 0
65 0
66 0
67 0
68 0
69 0
70 0
71 0
72 0
73 0
74 0
75 0
76 0
77 0
78 0
79 0
80 0
81 0
82 0
83 0
84 0
85 0
86 0
87 0
88 0
89 0
90 0
91 0
92 0
93 0
94 0
95 0
96 0
97 0
98 0
99 0
100 0
101 0
102 0
103 0
104 0
105 0
106 0
107 0
108 0
109 0
110 0
111 0
112 0
113 0
114 0
115 0
116 0
117 0
118 0
119 0
120 0
121 0
122 0
123 0
124 0
125 0
126 0
127 0
128 0
129 0
130 0
131 0
132 0
133 0
134 0
135 0
136 0
137 0
138 0
139 0
140 0
141 0
142 0
143 0
144 0
145 0
146 0
147 0
148 0
149 0
150 0
151 0
152 0
153 0
154 0
155 0
156 0
157 0
158 0
159 0
160 0
161 0
162 0
163 0
164 0
165 0
166 0
167 0
168 0
169 0
170 0
171 0
172 0
173 0
174 0
175 0
176 0
177 0
178 0
179 0
180 0
181 0
182 0
183 0
184 0
185 0
186 0
187 0
188 0
189 0
190 0
191 0
192 0
193 0
194 0
195 0
196 0
197 0
198 0
199 0
200 0
201 0
202 0
203 0
204 0
205 0
206 0
207 0
208 0
209 0
210 0
211 0
212 0
213 0
214 0
215 0
216 0
217 0
218 0
219 0
220 0
221 0
222 0
223 0
224 0
225 0
226 0
227 0
228 0
229 0
230 0
231 0
232 0
233 0
234 0
235 0
236 0
237 0
238 0
239 0
240 0
241 0
242 0
243 0
244 0
245 0
246 0
247 0
248 0
249 0
250 0
251 0
252 0
253 0
254 0
255 0
256 0
257 0
258 0
259 0
260 0
261 0
262 0
263 0
264 0
265 0
266 0
267 0
268 0
269 0
270 0
271 0
272 0
273 0
274 0
275 0
276 0
277 0
278 0
279 0
280 0
281 0
282 0
283 0
284 0
285 0
286 0
287 0
288 0
289 0
290 0
291 0
292 0
293 0
294 0
295 0
296 0
297 0
298 0
299 0
300 0
301 0
302 0
303 0
304 0
305 0
306 0
307 0
308 0
309 0
310 0
311 0
312 0
313 0
314 0
315 0
316 0
317 0
318 0
319 0
320 0
321 0
322 0
323 0
324 0
325 0
326 0
327 0
328 0
329 0
330 0
331 0
332 0
333 0
334 0
335 0
336 0
337 0
338 0
339 0
340 0
341 0
342 0
343 0
344 0
345 0
346 0
347 0
348 0
349 0
350 0
351 0
352 0
353 0
354 0
355 0
356 0
357 0
358 0
359 0
360 0
361 0
362 0
363 0
364 0
365 0
366 0
367 0
368 0
369 0
370 0
371 0
372 0
373 0
374 0
375 0
376 0
377 0
378 0
379 0
380 0
381 0
382 0
383 0
384 0
385 0
386 0
387 0
388 0
389 0
390 0
391 0
392 0
393 0
394 0
395 0
396 0
397 0
398 0
399 0
400 0
401 0
402 0
403 0
404 0
405 0
406 0
407 0
408 0
409 0
410 0
411 0
412 0
413 0
414 0
415 0
416 0
417 0
418 0
419 0
420 0
421 0
422 0
423 0
424 0
425 0
426 0
427 0
428 0
429 0
430 0
431 0
432 0
433 0
434 0
435 0
436 0
437 0
438 0
439 0
440 0
441 0
442 0
443 0
444 0
445 0
446 0
447 0
448 0
449 0
450 0
451 0
452 0
453 0
454 0
455 0
456 0
457 0
458 0
459 0
460 0
461 0
462 0
463 0
464 0
465 0
466 0
467 0
468 0
469 0
470 0
471 0
472 0
473 0
474 0
475 0
476 0
477 0
478 0
479 0
480 0
481 0
482 0
483 0
484 0
485 0
486 0
487 0
488 0
489 0
490 0
491 0
492 0
493 0
494 0
495 0
496 0
497 0
498 0
499 0
500 0
501 0
502 0
503 0
504 0
505 0
506 0
507 0
508 0
509 0
510 0
511 0
512 0
513 0
514 0
515 0
516 0
517 0
518 0
519 0
520 0
521 0
522 0
523 0
524 0
525 0
526 0
527 0
528 0
529 0
530 0
531 0
532 0
533 0
534 0
535 0
536 0
537 0
538 0
539 0
540 0
541 0
542 0
543 0
544 0
545 0
546 0
547 0
548 0
549 0
550 0
551 0
552 0
553 0
554 0
555 0
556 0
557 0
558 0
559 0
560 0
561 0
562 0
563 0
564 0
565 0
566 0
567 0
568 0
569 0
570 0
571 0
572 0
573 0
574 0
575 0
576 0
577 0
578 0
579 0
580 0
581 0
582 0
583 0
584 0
585 0
586 0
587 0
588 0
589 0
590 0
591 0
592 0
593 0
594 0
595 0
596 0
597 0
598 0
599 0
600 0
601 0
602 0
603 0
604 0
605 0
606 0
607 0
608 0
609 0
610 0
611 0
612 0
613 0
614 0
615 0
616 0
617 0
618 0
619 0
620 0
621 0
622 0
623 0
624 0
625 0
626 0
627 0
628 0
629 0
630 0
631 0
632 0
633 0
634 0
635 0
636 0
637 0
638 0
639 0
640 0
641 0
642 0
643 0
644 0
645 0
646 0
647 0
648 0
649 0
650 0
651 0
652 0
653 0
654 0
655 0
656 0
657 0
658 0
659 0
660 0
661 0
662 0
663 0
664 0
665 0
666 0
667 0
668 0
669 0
670 0
671 0
672 0
673 0
674 0
675 0
676 0
677 0
678 0
679 0
680 0
681 0
682 0
683 0
684 0
685 0
686 0
687 0
688 0
689 0
690 0
691 0
692 0
693 0
694 0
695 0
696 0
697 0
698 0
699 0
700 0
701 0
702 0
703 0
704 0
705 0
706 0
707 0
708 0
709 0
710 0
711 0
712 0
713 0
714 0
715 0
716 0
717 0
718 0
719 0
720 0
721 0
722 0
723 0
724 0
725 0
726 0
727 0
728 0
729 0
730 0
731 0
732 0
733 0
734 0
735 0
736 0
737 0
738 0
739 0
740 0
741 0
742 0
743 0
744 0
745 0
746 0
747 0
748 0
749 0
750 0
751 0
752 0
753 0
754 0
755 0
756 0
757 0
758 0
759 0
760 0
761 0
762 0
763 0
764 0
765 0
766 0
767 0
768 0
769 0
770 0
771 0
772 0
773 0
774 0
775 0
776 0
777 0
778 0
779 0
780 0
781 0
782 0
783 0
784 0
785 0
786 0
787 0
788 0
789 0
790 0
791 0
792 0
793 0
794 0
795 0
796 0
797 0
798 0
799 0
800 0
801 0
802 0
803 0
804 0
805 0
806 0
807 0
808 0
809 0
810 0
811 0
812 0
813 0
814 0
815 0
816 0
817 0
818 0
819 0
820 0
821 0
822 0
823 0
824 0
825 0
826 0
827 0
828 0
829 0
830 0
831 0
832 0
833 0
834 0
835 0
836 0
837 0
838 0
839 0
840 0
841 0
842 0
843 0
844 0
845 0
846 0
847 0
848 0
849 0
850 0
851 0
852 0
853 0
854 0
855 0
856 0
857 0
858 0
859 0
860 0
861 0
862 0
863 0
864 0
865 0
866 0
867 0
868 0
869 0
870 0
871 0
872 0
873 0
874 0
875 0
876 0
877 0
878 0
879 0
880 0
881 0
882 0
883 0
884 0
885 0
886 0
887 0
888 0
889 0
890 0
891 0
892 0
893 0
894 0
895 0
896 0
897 0
898 0
899 0
900 0
901 0
902 0
903 0
904 0
905 0
906 0
907 0
908 0
909 0
910 0
911 0
912 0
913 0
914 0
915 0
916 0
917 0
918 0
919 0
920 0
921 0
922 0
923 0
924 0
925 0
926 0
927 0
928 0
929 0
930 0
931 0
932 0
933 0
934 0
935 0
936 0
937 0
938 0
939 0
940 0
941 0
942 0
943 0
944 0
945 0
946 0
947 0
948 0
949 0
950 0
951 0
952 0
953 0
954 0
955 0
956 0
957 0
958 0
959 0
960 0
961 0
962 0
963 0
964 0
965 0
966 0
967 0
968 0
969 0
970 0
971 0
972 0
973 0
974 0
975 0
976 0
977 0
978 0
979 0
980 0
981 0
982 0
983 0
984 0
985 0
986 0
987 0
988 0
989 0
990 0
991 0
992 0
993 0
994 0
995 0
996 0
997 0
998 0
999 0
0 100 -1.76016
0 10 -0.76561
0 1 -0.74461
1 101 1.57701
1 11 -0.91061
1 2 -0.05389
2 102 -1.67513
2 12 0.57428
2 3 0.16399
3 103 0.44016
3 13 -0.23856
3 4 0.52789
4 104 1.2535
4 14 0.90107
4 5 -2.41389
5 105 0.19142
5 15 0.3294
5 6 -1.67621
6 106 -0.61312
6 16 0.38854
6 7 -0.26169
7 107 0.00244
7 17 -1.077
7 8 0.043
8 108 -0.61942
8 18 -2.23304
8 9 -0.6145
9 109 -0.66407
9 19 -0.09957
0 9 0.8168
10 110 1.01892
10 20 0.33217
10 11 1.55539
11 111 -1.18168
11 21 -0.42385
11 12 -0.30103
12 112 1.97432
12 22 -0.96568
12 13 0.62746
13 113 -1.20906
13 23 -0.96279
13 14 -0.01816
14 114 0.51645
14 24 -0.95743
14 15 -0.47789
15 115 -0.52981
15 25 -0.11219
15 16 1.98766
16 116 1.23323
16 26 -1.27068
16 17 -0.12012
17 117 0.61347
17 27 0.58266
17 18 0.70197
18 118 -0.89886
18 28 -0.87126
18 19 1.68515
19 119 0.9822
19 29 -0.54683
10 19 0.59728
20 120 0.74946
20 30 -0.52482
20 21 0.20334
21 121 0.31701
21 31 -1.71012
21 22 -0.6436
22 122 1.67766
22 32 0.12695
22 23 1.48874
23 123 -0.45144
23 33 0.81717
23 24 0.90692
24 124 -1.32299
24 34 -0.97975
24 25 0.39252
25 125 0.08008
25 35 -0.15247
25 26 0.7725
26 126 1.1064
26 36 -0.54125
26 27 0.53279
27 127 1.09213
27 37 -1.907
27 28 1.80199
28 128 1.12505
28 38 -1.50512
28 29 -1.08978
29 129 0.6913
29 39 -0.70414
20 29 -0.85153
30 130 0.55411
30 40 0.7083
30 31 -0.96762
31 131 -0.56863
31 41 -0.16114
31 32 -0.21418
32 132 0.6404
32 42 -1.07646
32 33 1.31315
33 133 0.20017
33 43 -1.09768
33 34 -0.90974
34 134 0.42483
34 44 -1.21517
34 35 1.84793
35 135 -0.55718
35 45 0.70394
35 36 0.83081
36 136 0.51127
36 46 -0.7808
36 37 -0.33779
37 137 0.45041
37 47 0.89111
37 38 0.24096
38 138 1.64651
38 48 -0.2961
38 39 0.01995
39 139 1.64513
39 49 0.61694
30 39 -0.26537
40 140 2.2295
40 50 -0.01025
40 41 0.19298
41 141 0.83417
41 51 1.91301
41 42 -0.53251
42 142 -0.33759
42 52 0.49776
42 43 1.0964
43 143 -0.33838
43 53 -2.08741
43 44 -1.14006
44 144 -1.67711
44 54 1.32923
44 45 -0.50215
45 145 0.52632
45 55 0.60535
45 46 0.67697
46 146 -1.27341
46 56 -0.18445
46 47 0.48929
47 147 -0.22276
47 57 -0.51159
47 48 0.66007
48 148 0.90346
48 58 1.2836
48 49 1.73936
49 149 0.18589
49 59 -0.464
40 49 0.94644
50 150 0.83887
50 60 -0.35767
50 51 -0.98503
51 151 -0.7443
51 61 1.14559
51 52 -0.67022
52 152 1.58003
52 62 -0.41558
52 53 1.24453
53 153 -0.62441
53 63 1.56463
53 54 0.27343
54 154 0.04836
54 64 -0.25446
54 55 1.05057
55 155 -0.25342
55 65 -0.68887
55 56 0.17827
56 156 1.72848
56 66 1.11736
56 57 -1.02068
57 157 -0.49726
57 67 0.24683
57 58 -1.50667
58 158 0.1076
58 68 -0.56859
58 59 1.18757
59 159 0.58617
59 69 -1.37995
50 59 1.2769
60 160 0.38839
60 70 -0.05575
60 61 0.1751
61 161 -0.34629
61 71 2.55953
61 62 0.11444
62 162 -0.28942
62 72 -0.32767
62 63 1.23751
63 163 -0.61182
63 73 -0.65456
63 64 -0.14424
64 164 -0.77045
64 74 0.9378
64 65 -0.5834
65 165 1.15638
65 75 -1.04655
65 66 -0.51952
66 166 1.13237
66 76 1.28565
66 67 -0.13942
67 167 -0.62489
67 77 0.81112
67 68 -1.21786
68 168 -0.81179
68 78 -0.75675
68 69 -0.17923
69 169 0.65058
69 79 -0.12886
60 69 1.33004
70 170 0.48606
70 80 -0.76688
70 71 -0.17886
71 171 0.65592
71 81 -0.56827
71 72 -0.9027
72 172 0.07218
72 82 0.61156
72 73 -0.29893
73 173 0.30387
73 83 -0.33128
73 74 -0.37929
74 174 -0.25765
74 84 0.49244
74 75 -0.50911
75 175 -0.92718
75 85 -0.66321
75 76 -0.32167
76 176 0.64947
76 86 1.12568
76 77 0.51181
77 177 0.36622
77 87 0.7722
77 78 -0.57027
78 178 0.99115
78 88 -0.71735
78 79 -0.36032
79 179 -0.07863
79 89 -0.47155
70 79 0.23852
80 180 0.29922
80 90 0.81622
80 81 1.42929
81 181 -1.64154
81 91 -1.17626
81 82 1.10268
82 182 0.41168
82 92 -0.04713
82 83 0.03336
83 183 -1.90693
83 93 0.65376
83 84 -0.10589
84 184 1.22545
84 94 -0.29456
84 85 -0.05427
85 185 1.1389
85 95 0.06842
85 86 0.77579
86 186 -0.75411
86 96 1.94796
86 87 -0.33017
87 187 -1.26208
87 97 -0.93661
87 88 0.18358
88 188 -0.41259
88 98 0.75302
88 89 0.55963
89 189 1.13437
89 99 -0.05967
80 89 -1.2053
90 190 1.21341
0 90 -0.26337
90 91 -0.1874
91 191 -0.90787
1 91 0.64137
91 92 1.88909
92 192 -0.35279
2 92 0.09588
92 93 0.3947
93 193 -0.6828
3 93 -2.65363
93 94 0.63283
94 194 -0.5177
4 94 0.18237
94 95 -0.23144
95 195 0.79635
5 95 -0.59363
95 96 1.16858
96 196 -0.84806
6 96 2.08744
96 97 -0.82828
97 197 -1.2565
7 97 -1.1979
97 98 -1.20241
98 198 0.67084
8 98 -0.63445
98 99 0.61283
99 199 0.74568
9 99 -0.03808
90 99 -0.40206
100 200 0.61761
100 110 0.46142
100 101 -0.02643
101 201 -0.08126
101 111 0.26849
101 102 0.00242
102 202 0.53801
102 112 -0.57315
102 103 0.27218
103 203 -0.46967
103 113 0.4445
103 104 0.2689
104 204 0.24072
104 114 -0.19166
104 105 -0.45384
105 205 -1.45096
105 115 -0.36948
105 106 -0.05846
106 206 -0.14204
106 116 -0.45383
106 107 -0.13458
107 207 0.58482
107 117 -1.17125
107 108 0.18321
108 208 0.73142
108 118 -1.29266
108 109 -0.13417
109 209 0.36682
109 119 0.48591
100 109 2.52364
110 210 -1.43505
110 120 1.6635
110 111 0.436
111 211 1.52368
111 121 -0.4817
111 112 0.93481
112 212 -1.74641
112 122 -0.59052
112 113 0.5294
113 213 -0.43547
113 123 0.1209
113 114 1.82308
114 214 0.29778
114 124 -0.51659
114 115 0.22249
115 215 -0.12462
115 125 1.91157
115 116 -0.6567
116 216 0.15371
116 126 -0.7315
116 117 0.34617
117 217 -0.60762
117 127 -1.05673
117 118 -0.44327
118 218 0.13311
118 128 -0.2253
118 119 0.4589
119 219 -1.72847
119 129 -0.1619
110 119 -1.3756
120 220 -0.48606
120 130 1.68075
120 121 1.51025
121 221 0.79536
121 131 1.3686
121 122 -2.38604
122 222 0.13484
122 132 -0.54457
122 123 -1.24034
123 223 -1.09364
123 133 -0.53827
123 124 2.24981
124 224 -0.45263
124 134 -0.27163
124 125 2.32284
125 225 -0.31587
125 135 0.17959
125 126 0.97281
126 226 1.07249
126 136 -0.49518
126 127 -0.74915
127 227 0.56448
127 137 -0.03088
127 128 0.60066
128 228 0.55079
128 138 -0.40323
128 129 -1.93658
129 229 0.6717
129 139 0.64715
120 129 -0.72608
130 230 -0.0507
130 140 0.03553
130 131 1.12895
131 231 3.36464
131 141 -0.84579
131 132 0.33185
132 232 0.67253
132 142 -0.59412
132 133 0.72172
133 233 1.9416
133 143 -1.14791
133 134 0.31672
134 234 -0.93566
134 144 -0.18608
134 135 -1.67295
135 235 1.5289
135 145 -0.92111
135 136 -0.71861
136 236 -0.17036
136 146 -0.55275
136 137 -0.15657
137 237 0.33161
137 147 -2.03876
137 138 -1.76313
138 238 -0.23522
138 148 0.14669
138 139 -0.68351
139 239 0.10391
139 149 1.29527
130 139 -1.74765
140 240 1.22911
140 150 0.577
140 141 1.22649
141 241 -1.61124
141 151 -0.90003
141 142 0.91293
142 242 -1.15271
142 152 -0.56962
142 143 0.15417
143 243 0.62255
143 153 0.61728
143 144 -1.79224
144 244 0.49688
144 154 1.93697
144 145 1.06759
145 245 -2.59057
145 155 1.40841
145 146 -1.27736
146 246 0.45856
146 156 0.07966
146 147 0.39774
147 247 -1.22682
147 157 1.39627
147 148 0.49618
148 248 1.32665
148 158 1.24962
148 149 -0.706
149 249 2.351
149 159 -0.70677
140 149 -0.36337
150 250 -1.99949
150 160 0.78934
150 151 -0.36838
151 251 -0.91926
151 161 -0.25969
151 152 -0.61671
152 252 -0.37227
152 162 -0.97134
152 153 -1.9899
153 253 0.71157
153 163 0.39598
153 154 -0.96192
154 254 -2.03268
154 164 -0.52122
154 155 -1.3184
155 255 0.56434
155 165 0.71783
155 156 -1.0313
156 256 0.31798
156 166 0.72004
156 157 1.95738
157 257 0.24242
157 167 -0.45651
157 158 -0.0018
158 258 0.4686
158 168 1.58815
158 159 0.27875
159 259 0.63348
159 169 -0.02213
150 159 -0.55862
160 260 0.56585
160 170 -0.61814
160 161 -0.88705
161 261 -0.08495
161 171 -0.43043
161 162 0.41159
162 262 -0.65562
162 172 -0.3703
162 163 0.47404
163 263 0.12722
163 173 1.44556
163 164 0.92872
164 264 -0.64356
164 174 -0.12466
164 165 0.64221
165 265 -1.35717
165 175 -1.41328
165 166 -0.05901
166 266 -0.63071
166 176 -1.77902
166 167 -1.01206
167 267 -0.5255
167 177 -0.84925
167 168 -0.59147
168 268 1.1159
168 178 0.17935
168 169 0.60502
169 269 -1.54164
169 179 1.89598
160 169 1.00061
170 270 -0.40137
170 180 0.21265
170 171 0.08624
171 271 0.07765
171 181 -1.47269
171 172 0.85875
172 272 -0.53501
172 182 -1.29109
172 173 -1.60815
173 273 1.19762
173 183 -0.10527
173 174 -0.44221
174 274 0.05204
174 184 -1.29221
174 175 1.78653
175 275 -0.3734
175 185 -0.71605
175 176 -0.13416
176 276 -0.87788
176 186 -1.85061
176 177 0.35499
177 277 1.06215
177 187 0.80399
177 178 0.26583
178 278 -0.49386
178 188 1.35379
178 179 -2.73608
179 279 -0.69818
179 189 0.40019
170 179 0.28569
180 280 -0.34082
180 190 -0.49081
180 181 1.76602
181 281 -0.10887
181 191 0.86338
181 182 -0.7015
182 282 0.63729
182 192 -0.12732
182 183 -0.07649
183 283 1.65522
183 193 0.04809
183 184 -0.09457
184 284 -0.03437
184 194 -0.69918
184 185 -0.47567
185 285 -0.88837
185 195 0.75642
185 186 1.03422
186 286 0.77392
186 196 1.1143
186 187 -0.24797
187 287 0.86434
187 197 0.20792
187 188 1.11212
188 288 1.63653
188 198 -0.24181
188 189 0.35482
189 289 -1.11346
189 199 0.18545
180 189 -0.49536
190 290 -0.899
100 190 0.55774
190 191 1.02199
191 291 1.24048
101 191 0.42259
191 192 0.15173
192 292 1.28661
102 192 0.77568
192 193 0.69213
193 293 1.29695
103 193 -1.82295
193 194 2.26808
194 294 0.31988
104 194 -1.18306
194 195 0.89744
195 295 -1.05151
105 195 0.09256
195 196 -1.31053
196 296 0.00593
106 196 0.6669
196 197 0.38266
197 297 1.13894
107 197 1.53768
197 198 1.71918
198 298 -0.82375
108 198 -0.20584
198 199 0.67617
199 299 -0.76482
109 199 0.0093
190 199 0.31563
200 300 0.63656
200 210 -0.07282
200 201 -1.48557
201 301 0.69397
201 211 1.91635
201 202 -0.52504
202 302 -0.20195
202 212 -0.09882
202 203 0.31546
203 303 -0.33729
203 213 -0.83042
203 204 -0.90037
204 304 -1.01168
204 214 -0.11691
204 205 -0.36919
205 305 0.94695
205 215 0.95279
205 206 -0.0861
206 306 0.61957
206 216 -2.02405
206 207 -0.46324
207 307 -0.09599
207 217 -0.37166
207 208 0.88319
208 308 -0.44003
208 218 -0.18682
208 209 1.28864
209 309 -0.76977
209 219 -0.53542
200 209 1.07903
210 310 -1.89833
210 220 0.38663
210 211 0.40465
211 311 -0.70018
211 221 -0.98164
211 212 1.01078
212 312 -0.64477
212 222 0.50115
212 213 0.35018
213 313 -0.45601
213 223 1.5197
213 214 1.87358
214 314 1.00449
214 224 -0.6351
214 215 1.58868
215 315 0.72358
215 225 -1.43714
215 216 0.46715
216 316 0.34337
216 226 -0.91279
216 217 -0.69619
217 317 0.66406
217 227 0.65694
217 218 0.32758
218 318 -0.00137
218 228 0.61698
218 219 -2.32978
219 319 -0.09825
219 229 -0.94644
210 219 0.51772
220 320 0.35871
220 230 -1.0169
220 221 -0.04359
221 321 -0.29881
221 231 0.29839
221 222 0.71156
222 322 -0.88633
222 232 -1.37804
222 223 0.13321
223 323 2.28979
223 233 -0.18927
223 224 0.08672
224 324 -1.71198
224 234 0.77788
224 225 -1.10937
225 325 1.18359
225 235 -1.10189
225 226 0.58871
226 326 -0.74899
226 236 -0.02565
226 227 -0.53512
227 327 -1.4974
227 237 -0.30304
227 228 -0.8904
228 328 0.05083
228 238 0.06734
228 229 -0.31531
229 329 0.09645
229 239 -0.56273
220 229 -0.80947
230 330 -1.96607
230 240 0.17581
230 231 -0.08626
231 331 0.87224
231 241 0.79505
231 232 -0.42924
232 332 -0.49888
232 242 0.89865
232 233 -0.27418
233 333 -0.27786
233 243 -0.19899
233 234 -0.6485
234 334 1.30511
234 244 0.305
234 235 0.75412
235 335 0.70983
235 245 0.08837
235 236 -0.27339
236 336 0.84919
236 246 1.15672
236 237 0.38933
237 337 0.07855
237 247 -1.59874
237 238 -0.07498
238 338 -0.58289
238 248 0.88365
238 239 0.28378
239 339 0.11524
239 249 -0.5519
230 239 -1.06418
240 340 -0.35267
240 250 -1.32793
240 241 -0.24211
241 341 -0.78612
241 251 0.23037
241 242 0.84506
242 342 -0.79594
242 252 0.6447
242 243 1.10078
243 343 0.55229
243 253 1.4129
243 244 -0.81906
244 344 0.76846
244 254 -0.80289
244 245 -0.60828
245 345 -0.89225
245 255 -0.6032
245 246 -0.21516
246 346 -1.05301
246 256 -2.30145
246 247 -0.10366
247 347 -0.09999
247 257 -1.52017
247 248 1.42223
248 348 -1.56384
248 258 -1.40821
248 249 -0.25377
249 349 0.08886
249 259 1.4616
240 249 0.24822
250 350 -0.29135
250 260 -0.24923
250 251 1.27202
251 351 -1.69615
251 261 -0.4365
251 252 -2.34713
252 352 0.42082
252 262 0.26678
252 253 1.02481
253 353 -1.51651
253 263 0.39533
253 254 0.02007
254 354 -0.30675
254 264 -2.42365
254 255 -0.54817
255 355 -0.80165
255 265 0.62442
255 256 -0.19862
256 356 -0.45791
256 266 0.48611
256 257 -1.37445
257 357 -0.46263
257 267 0.33956
257 258 0.60192
258 358 0.00165
258 268 -1.21269
258 259 0.44044
259 359 0.07023
259 269 -0.8048
250 259 -0.76777
260 360 0.23099
260 270 -1.3179
260 261 0.55573
261 361 -0.55643
261 271 0.27381
261 262 -0.88895
262 362 -1.06391
262 272 0.96613
262 263 0.25322
263 363 -1.13249
263 273 1.4673
263 264 -0.96615
264 364 -0.8053
264 274 -0.24757
264 265 -0.0667
265 365 1.42079
265 275 0.67536
265 266 -0.4441
266 366 -0.11815
266 276 -0.36357
266 267 0.30719
267 367 -1.12765
267 277 0.35102
267 268 -0.68259
268 368 0.26153
268 278 0.68937
268 269 0.55577
269 369 0.12084
269 279 1.18144
260 269 -0.84927
270 370 -0.60941
270 280 -0.98215
270 271 1.54465
271 371 1.66609
271 281 -0.26965
271 272 -1.20506
272 372 -0.34672
272 282 0.37061
272 273 1.18301
273 373 -0.15276
273 283 -1.17741
273 274 0.48513
274 374 2.06658
274 284 0.67981
274 275 -2.47471
275 375 -1.58576
275 285 -0.89722
275 276 1.12335
276 376 1.41236
276 286 0.08646
276 277 -0.2514
277 377 1.041
277 287 0.56912
277 278 1.20906
278 378 -0.29617
278 288 1.59
278 279 0.64113
279 379 0.23142
279 289 0.22912
270 279 -0.88992
280 380 -1.10374
280 290 -3.45296
280 281 0.32234
281 381 1.25386
281 291 0.73364
281 282 -0.13949
282 382 -1.52328
282 292 -0.29231
282 283 -0.76847
283 383 -1.03962
283 293 0.69491
283 284 -0.14539
284 384 0.98609
284 294 1.02247
284 285 -1.28658
285 385 -0.30879
285 295 -0.65684
285 286 1.00017
286 386 0.61272
286 296 0.70154
286 287 1.17755
287 387 -2.17019
287 297 -2.45542
287 288 0.63357
288 388 1.40439
288 298 -0.84342
288 289 0.41783
289 389 0.26367
289 299 -0.2077
280 289 -0.94186
290 390 -1.72954
200 290 -2.20529
290 291 0.86545
291 391 -0.31881
201 291 0.29521
291 292 -1.47793
292 392 -0.64117
202 292 -1.55789
292 293 0.84795
293 393 1.13253
203 293 -0.08738
293 294 -1.1306
294 394 -0.76928
204 294 -1.13138
294 295 -0.87442
295 395 0.74921
205 295 -0.74442
295 296 -0.76709
296 396 0.25759
206 296 -2.21166
296 297 0.66116
297 397 -0.99134
207 297 -0.14966
297 298 -1.21555
298 398 -0.3181
208 298 -0.57642
298 299 1.70541
299 399 1.25848
209 299 -0.46383
290 299 1.4135
300 400 -1.77111
300 310 -1.61437
300 301 -0.08519
301 401 -1.40133
301 311 -0.02914
301 302 -0.26831
302 402 -1.20178
302 312 1.21993
302 303 0.46187
303 403 0.9524
303 313 0.03599
303 304 -1.00471
304 404 0.67321
304 314 -0.32321
304 305 0.79511
305 405 -0.07731
305 315 -0.26904
305 306 -0.82175
306 406 1.55118
306 316 -0.05904
306 307 -0.28381
307 407 -1.31271
307 317 -0.47451
307 308 -1.4314
308 408 -1.04816
308 318 -0.6681
308 309 0.28859
309 409 -1.1837
309 319 0.31834
300 309 -0.41079
310 410 0.4004
310 320 0.0398
310 311 0.48872
311 411 -0.11355
311 321 -2.10004
311 312 -0.51019
312 412 2.74664
312 322 -0.2606
312 313 -0.6404
313 413 1.10689
313 323 0.30879
313 314 -0.27788
314 414 -0.03345
314 324 -1.12584
314 315 -1.27991
315 415 -1.21826
315 325 0.62293
315 316 -0.14895
316 416 0.28443
316 326 0.87689
316 317 2.04309
317 417 -0.78188
317 327 -1.11464
317 318 1.5137
318 418 -0.39791
318 328 1.81721
318 319 -0.66455
319 419 1.26691
319 329 0.83814
310 319 0.64278
320 420 -1.54963
320 330 0.18289
320 321 1.46941
321 421 1.74298
321 331 -0.81999
321 322 -0.1043
322 422 1.50105
322 332 1.05078
322 323 -1.65859
323 423 -1.26423
323 333 -0.64328
323 324 -0.29309
324 424 -0.34634
324 334 0.68201
324 325 0.83102
325 425 -0.77135
325 335 -0.40539
325 326 0.30837
326 426 -1.01104
326 336 -2.4113
326 327 0.18535
327 427 0.74368
327 337 -0.21526
327 328 1.18933
328 428 1.06605
328 338 0.02512
328 329 -0.72981
329 429 0.36893
329 339 0.09148
320 329 -0.30835
330 430 -0.57096
330 340 -0.74616
330 331 0.43739
331 431 1.56621
331 341 0.24521
331 332 0.50071
332 432 0.29015
332 342 0.04348
332 333 0.97539
333 433 -0.29178
333 343 0.19931
333 334 1.52876
334 434 -0.08089
334 344 -0.7662
334 335 2.04673
335 435 -0.49493
335 345 -0.16152
335 336 -2.32054
336 436 -0.12513
336 346 0.39847
336 337 0.10508
337 437 -0.54907
337 347 -0.04665
337 338 0.11306
338 438 0.84412
338 348 0.82321
338 339 1.21656
339 439 -1.00232
339 349 0.07296
330 339 -0.21702
340 440 -1.42771
340 350 -1.41701
340 341 -1.48299
341 441 -0.31454
341 351 -0.98037
341 342 0.42747
342 442 0.37664
342 352 0.93477
342 343 -0.27184
343 443 -0.88571
343 353 0.18418
343 344 -0.5836
344 444 -0.84326
344 354 -0.27965
344 345 0.37802
345 445 0.53152
345 355 -0.59
345 346 0.7125
346 446 -1.27506
346 356 -1.55381
346 347 -2.04038
347 447 -1.24659
347 357 -2.28221
347 348 -2.15718
348 448 0.92154
348 358 -2.28783
348 349 -1.29359
349 449 0.43645
349 359 -0.384
340 349 -0.36406
350 450 -0.25838
350 360 1.4014
350 351 -0.31746
351 451 1.84692
351 361 -0.06287
351 352 -1.66824
352 452 -0.01514
352 362 -0.74444
352 353 -0.04594
353 453 0.39245
353 363 -0.85681
353 354 0.879
354 454 0.51425
354 364 -1.5457
354 355 -0.56629
355 455 -0.19178
355 365 0.13163
355 356 -0.71652
356 456 -1.09527
356 366 0.81147
356 357 -0.67717
357 457 0.19403
357 367 -0.47128
357 358 -0.29139
358 458 0.63979
358 368 -0.27513
358 359 -1.14147
359 459 -2.49485
359 369 -0.74322
350 359 0.54646
360 460 0.81603
360 370 -0.90423
360 361 -0.45573
361 461 -1.87314
361 371 -0.57045
361 362 -0.14537
362 462 -0.19057
362 372 0.01939
362 363 -1.34306
363 463 -0.70168
363 373 1.38676
363 364 -0.60763
364 464 1.27782
364 374 1.86396
364 365 -0.4462
365 465 0.19068
365 375 -0.91372
365 366 -0.49571
366 466 -0.37516
366 376 1.05147
366 367 0.24556
367 467 0.15124
367 377 0.62029
367 368 -0.11125
368 468 -1.5091
368 378 -0.36579
368 369 -0.62421
369 469 -0.53952
369 379 -0.47687
360 369 1.08982
370 470 0.95482
370 380 -0.69895
370 371 1.11739
371 471 0.40116
371 381 -0.292
371 372 1.55576
372 472 0.43918
372 382 1.17358
372 373 1.16818
373 473 0.12139
373 383 -0.45848
373 374 0.07156
374 474 -1.02888
374 384 0.64442
374 375 1.36793
375 475 1.01413
375 385 -0.8272
375 376 0.92978
376 476 0.26277
376 386 0.84577
376 377 0.43628
377 477 1.63471
377 387 0.10681
377 378 0.0437
378 478 -0.20518
378 388 0.39829
378 379 -2.69779
379 479 -2.00298
379 389 0.06907
370 379 0.72903
380 480 -0.81268
380 390 -1.03643
380 381 0.24558
381 481 1.02997
381 391 0.43187
381 382 -0.592
382 482 -0.43569
382 392 -0.44915
382 383 0.25212
383 483 -0.28419
383 393 -0.62437
383 384 0.40442
384 484 -0.02443
384 394 -1.30466
384 385 1.67562
385 485 -1.00556
385 395 -0.8772
385 386 1.3961
386 486 1.45849
386 396 -1.13693
386 387 0.2715
387 487 0.38947
387 397 0.42255
387 388 -0.6998
388 488 -0.50311
388 398 -1.19591
388 389 0.12986
389 489 -1.95847
389 399 1.10179
380 389 -0.28278
390 490 -0.5238
300 390 -0.08407
390 391 0.19805
391 491 -0.30861
301 391 -1.7206
391 392 0.3526
392 492 -0.72993
302 392 -0.04859
392 393 0.33757
393 493 0.82923
303 393 1.0181
393 394 0.92587
394 494 0.11141
304 394 -0.01468
394 395 1.43041
395 495 -0.37688
305 395 -0.91867
395 396 -0.86528
396 496 1.72621
306 396 -1.90348
396 397 1.71063
397 497 -1.45396
307 397 0.2767
397 398 -0.12776
398 498 -2.69643
308 398 -1.6396
398 399 0.59315
399 499 0.99317
309 399 -0.3747
390 399 2.49258
400 500 -0.48367
400 410 -0.29926
400 401 -0.68978
401 501 0.7643
401 411 0.93775
401 402 1.01593
402 502 0.0547
402 412 -1.71202
402 403 -1.58251
403 503 -0.02355
403 413 -1.07935
403 404 0.93595
404 504 0.40882
404 414 -0.47997
404 405 1.26945
405 505 -0.6011
405 415 -1.07517
405 406 0.81501
406 506 -0.12525
406 416 -2.12701
406 407 0.23788
407 507 -0.52514
407 417 0.24498
407 408 -0.61196
408 508 0.99842
408 418 -0.45901
408 409 0.43845
409 509 0.28754
409 419 -0.16941
400 409 -0.18003
410 510 1.01476
410 420 0.7586
410 411 1.31277
411 511 -1.02239
411 421 -0.95476
411 412 -1.00049
412 512 -0.1404
412 422 0.59797
412 413 0.39942
413 513 0.48836
413 423 0.6636
413 414 -0.55203
414 514 0.05563
414 424 1.51443
414 415 0.01724
415 515 2.91347
415 425 -0.21431
415 416 -1.26297
416 516 0.38414
416 426 1.03068
416 417 0.9685
417 517 0.24622
417 427 -0.17674
417 418 -0.22489
418 518 0.16075
418 428 0.36966
418 419 -0.62768
419 519 0.83091
419 429 -1.10141
410 419 -0.75432
420 520 -1.55796
420 430 -0.88875
420 421 -0.87097
421 521 0.37155
421 431 1.60816
421 422 -1.53495
422 522 0.37489
422 432 1.28735
422 423 0.16491
423 523 -0.64744
423 433 1.7714
423 424 -1.21119
424 524 0.84375
424 434 -1.19779
424 425 -0.69366
425 525 0.13493
425 435 0.92219
425 426 -0.10231
426 526 -0.75884
426 436 0.48813
426 427 0.18325
427 527 -1.097
427 437 0.20263
427 428 0.80633
428 528 -0.41552
428 438 -0.15012
428 429 -0.51915
429 529 -0.4741
429 439 0.91461
420 429 -2.08521
430 530 0.90444
430 440 -1.52575
430 431 -1.22397
431 531 -1.60722
431 441 0.79791
431 432 2.44038
432 532 1.03768
432 442 -0.89284
432 433 -0.05343
433 533 -2.12264
433 443 0.84996
433 434 1.95432
434 534 0.01917
434 444 1.24273
434 435 -1.08483
435 535 -1.30418
435 445 1.25449
435 436 -1.01924
436 536 0.32484
436 446 1.35209
436 437 0.57457
437 537 0.96479
437 447 1.418
437 438 -0.32447
438 538 1.00669
438 448 0.81444
438 439 -1.54874
439 539 0.57182
439 449 -1.6968
430 439 1.80945
440 540 -1.09114
440 450 -0.95882
440 441 0.68231
441 541 0.07352
441 451 -1.32227
441 442 -1.92157
442 542 0.17934
442 452 0.38787
442 443 -0.30482
443 543 1.87995
443 453 0.11464
443 444 0.08765
444 544 0.18353
444 454 0.20014
444 445 -0.02219
445 545 -1.81749
445 455 0.45572
445 446 1.09262
446 546 -2.59476
446 456 -0.37225
446 447 0.23907
447 547 -0.80134
447 457 -1.88463
447 448 0.10391
448 548 1.22981
448 458 -1.24894
448 449 -0.57643
449 549 -0.2229
449 459 -0.74999
440 449 -0.14185
450 550 -0.32653
450 460 0.17245
450 451 0.42238
451 551 1.49899
451 461 0.02573
451 452 1.12446
452 552 -0.96669
452 462 0.42923
452 453 0.13586
453 553 2.62618
453 463 0.45604
453 454 -0.07952
454 554 0.91425
454 464 1.23361
454 455 -1.53161
455 555 -0.73989
455 465 -0.00743
455 456 -0.5197
456 556 -1.57138
456 466 -0.40022
456 457 -1.47469
457 557 -0.93182
457 467 1.40613
457 458 2.79986
458 558 -0.76012
458 468 -1.41707
458 459 -0.98284
459 559 -1.14762
459 469 0.05181
450 459 0.18895
460 560 0.75164
460 470 0.35258
460 461 -0.60412
461 561 1.52101
461 471 -1.37857
461 462 -0.34784
462 562 -0.41734
462 472 -0.02919
462 463 -0.96236
463 563 -0.30393
463 473 -0.00356
463 464 2.35617
464 564 -0.00048
464 474 0.04669
464 465 -0.20548
465 565 0.60954
465 475 -0.27199
465 466 -0.43936
466 566 0.19913
466 476 -0.75424
466 467 0.36329
467 567 1.38548
467 477 0.14459
467 468 -0.41801
468 568 -0.62025
468 478 0.06106
468 469 -0.39334
469 569 2.41641
469 479 0.05438
460 469 -0.35372
470 570 -0.03237
470 480 2.22267
470 471 -0.0254
471 571 0.16049
471 481 -0.12544
471 472 0.80318
472 572 -0.94838
472 482 -0.68288
472 473 -0.54439
473 573 -0.3046
473 483 0.1188
473 474 -2.00016
474 574 -1.0338
474 484 0.40576
474 475 2.16602
475 575 -0.01216
475 485 1.68735
475 476 -0.3765
476 576 0.84363
476 486 0.68727
476 477 1.37713
477 577 -0.84189
477 487 -0.42746
477 478 1.59798
478 578 -1.03867
478 488 0.74297
478 479 1.10744
479 579 1.84296
479 489 1.33139
470 479 0.68367
480 580 2.22305
480 490 -1.05596
480 481 -0.87228
481 581 -0.45358
481 491 -0.98718
481 482 0.9588
482 582 0.85151
482 492 -0.57299
482 483 -2.18282
483 583 0.94685
483 493 -0.21269
483 484 1.50292
484 584 -0.48838
484 494 -1.39008
484 485 0.19382
485 585 -0.33096
485 495 -0.82275
485 486 -1.07049
486 586 -0.8316
486 496 -0.00303
486 487 -0.39429
487 587 0.23392
487 497 -0.65727
487 488 0.61846
488 588 -0.5334
488 498 0.71017
488 489 0.33814
489 589 -0.38784
489 499 0.77834
480 489 -0.2242
490 590 0.79569
400 490 0.60518
490 491 0.46705
491 591 -2.14848
401 491 0.3353
491 492 -0.69813
492 592 0.6669
402 492 1.70671
492 493 1.03109
493 593 -0.4466
403 493 0.56087
493 494 -3.21477
494 594 0.12451
404 494 1.27642
494 495 -0.47214
495 595 -0.28421
405 495 0.60885
495 496 -1.02323
496 596 0.68698
406 496 -1.14992
496 497 -0.0213
497 597 1.4912
407 497 0.32478
497 498 0.56598
498 598 -1.10646
408 498 -0.98097
498 499 -1.54778
499 599 0.97364
409 499 -0.17571
490 499 0.55139
500 600 -2.03123
500 510 1.13941
500 501 1.76414
501 601 1.57498
501 511 -1.17611
501 502 -1.03402
502 602 1.77602
502 512 -0.30592
502 503 0.41534
503 603 0.9929
503 513 -0.70698
503 504 1.3817
504 604 -0.39842
504 514 0.34207
504 505 -0.90743
505 605 0.22153
505 515 0.33255
505 506 0.71157
506 606 2.67018
506 516 -0.24973
506 507 2.97683
507 607 0.63837
507 517 0.28162
507 508 -2.40105
508 608 -0.18925
508 518 -1.72381
508 509 1.64811
509 609 1.59995
509 519 0.62788
500 509 0.11471
510 610 0.12632
510 520 -0.48481
510 511 0.65945
511 611 -0.09054
511 521 -0.19615
511 512 1.59258
512 612 0.20604
512 522 0.7158
512 513 -0.8574
513 613 -0.61489
513 523 -0.29718
513 514 -0.68269
514 614 1.02575
514 524 -1.12891
514 515 0.63059
515 615 1.37241
515 525 -0.68261
515 516 -3.60137
516 616 -1.18686
516 526 1.75211
516 517 -1.34942
517 617 -0.59896
517 527 0.05123
517 518 -0.31023
518 618 -0.64264
518 528 1.67282
518 519 0.98749
519 619 -1.04302
519 529 -1.47427
510 519 0.17434
520 620 -0.97082
520 530 -0.44155
520 521 0.29504
521 621 0.87955
521 531 -1.02306
521 522 0.37545
522 622 1.29589
522 532 -0.87582
522 523 0.69357
523 623 -0.56533
523 533 0.329
523 524 1.09281
524 624 -0.92682
524 534 -0.5146
524 525 1.43928
525 625 0.18471
525 535 -2.15736
525 526 -1.51253
526 626 -0.30059
526 536 2.36191
526 527 0.12392
527 627 0.67283
527 537 0.44817
527 528 0.30146
528 628 0.90188
528 538 0.61095
528 529 2.20111
529 629 -0.21516
529 539 0.96025
520 529 -0.7896
530 630 1.47723
530 540 -0.79707
530 531 -1.54899
531 631 -1.62808
531 541 2.09656
531 532 0.02743
532 632 -0.03477
532 542 0.91688
532 533 -1.54181
533 633 0.48458
533 543 -0.28931
533 534 -0.7016
534 634 -0.71292
534 544 -0.79618
534 535 0.41407
535 635 -1.34784
535 545 -0.6851
535 536 -0.41988
536 636 -0.24835
536 546 1.013
536 537 -0.50992
537 637 -0.89108
537 547 0.64174
537 538 1.72607
538 638 -0.53582
538 548 0.70873
538 539 -0.37247
539 639 -1.28503
539 549 -0.19478
530 539 0.03926
540 640 -1.03023
540 550 -0.33449
540 541 0.32499
541 641 -0.74429
541 551 0.97889
541 542 -1.09509
542 642 -0.27126
542 552 0.74959
542 543 0.24767
543 643 0.18353
543 553 -2.02983
543 544 0.02474
544 644 2.7386
544 554 -0.23399
544 545 0.0687
545 645 -0.00136
545 555 -0.31927
545 546 1.73084
546 646 0.5148
546 556 -1.9877
546 547 -2.2565
547 647 -0.5363
547 557 -0.1519
547 548 -0.74776
548 648 -1.00786
548 558 0.07168
548 549 -0.2589
549 649 0.79542
549 559 -0.53396
540 549 0.12695
550 650 1.60195
550 560 0.44131
550 551 0.22757
551 651 -0.25547
551 561 0.18811
551 552 0.52604
552 652 -1.10257
552 562 1.08625
552 553 3.06042
553 653 -0.59227
553 563 -0.84308
553 554 0.37586
554 654 -0.60934
554 564 0.74444
554 555 1.30203
555 655 -1.76421
555 565 0.15152
555 556 -0.17469
556 656 -0.03479
556 566 0.29671
556 557 1.06497
557 657 -2.48151
557 567 -0.77669
557 558 -1.19944
558 658 -0.21455
558 568 -0.26401
558 559 0.49232
559 659 -0.4939
559 569 -1.14981
550 559 1.17945
560 660 -0.21822
560 570 0.97553
560 561 -0.07917
561 661 -0.03293
561 571 0.69675
561 562 1.20374
562 662 -1.56701
562 572 0.32088
562 563 0.37703
563 663 -0.25627
563 573 0.22888
563 564 -0.09032
564 664 -0.99718
564 574 -1.33884
564 565 -0.24573
565 665 -2.7885
565 575 1.37881
565 566 0.3692
566 666 -0.6646
566 576 -0.92827
566 567 -1.62654
567 667 0.64607
567 577 2.14579
567 568 -1.04891
568 668 -0.64142
568 578 -0.09001
568 569 -0.74164
569 669 0.66123
569 579 0.69379
560 569 0.83539
570 670 -0.97621
570 580 1.22704
570 571 -1.0241
571 671 -0.23593
571 581 -1.18574
571 572 1.72152
572 672 0.54966
572 582 -0.96342
572 573 1.1943
573 673 0.63088
573 583 -1.02552
573 574 0.91714
574 674 0.33413
574 584 0.1267
574 575 -1.26239
575 675 1.17461
575 585 -1.08929
575 576 0.97569
576 676 1.08683
576 586 0.8422
576 577 -1.06336
577 677 0.28496
577 587 -1.16348
577 578 -0.10672
578 678 0.89489
578 588 0.09638
578 579 -2.05674
579 679 0.25987
579 589 -1.77728
570 579 -0.75918
580 680 1.11321
580 590 0.32037
580 581 0.43231
581 681 -0.82653
581 591 -0.03209
581 582 1.64775
582 682 0.4252
582 592 -0.81221
582 583 -0.1027
583 683 0.17501
583 593 -0.8109
583 584 0.22384
584 684 0.2561
584 594 1.07887
584 585 2.09942
585 685 0.94145
585 595 -1.12144
585 586 0.9203
586 686 0.95355
586 596 -1.0267
586 587 -0.40966
587 687 0.42314
587 597 -0.59049
587 588 -0.60361
588 688 1.64747
588 598 -0.71898
588 589 -0.65247
589 689 0.73682
589 599 0.36538
580 589 -0.13439
590 690 -1.65753
500 590 -0.04539
590 591 0.3141
591 691 0.53659
501 591 -0.29818
591 592 1.10515
592 692 -0.19069
502 592 1.24901
592 593 -1.17257
593 693 -0.85148
503 593 -0.24853
593 594 0.05111
594 694 -0.81087
504 594 0.97023
594 595 -1.79434
595 695 0.95458
505 595 0.26579
595 596 -2.1594
596 696 0.28293
506 596 0.84446
596 597 -0.40331
597 697 0.42403
507 597 2.73129
597 598 -0.09383
598 698 0.9924
508 598 0.53399
598 599 -0.06237
599 699 0.60334
509 599 -0.83473
590 599 -0.38707
600 700 -0.70162
600 610 0.22376
600 601 0.26169
601 701 0.26036
601 611 -0.09411
601 602 0.0656
602 702 0.22479
602 612 -1.12313
602 603 0.22271
603 703 0.84768
603 613 1.50464
603 604 1.10744
604 704 -1.56036
604 614 0.51293
604 605 0.94375
605 705 1.56962
605 615 0.14761
605 606 1.18662
606 706 -0.47614
606 616 1.00916
606 607 0.36676
607 707 1.59816
607 617 0.36135
607 608 -0.81167
608 708 1.10287
608 618 -0.71086
608 609 1.389
609 709 -0.77845
609 619 -0.22893
600 609 0.49061
610 710 1.00003
610 620 0.63585
610 611 0.33281
611 711 -1.15133
611 621 -0.49126
611 612 0.18543
612 712 -0.84996
612 622 -0.25455
612 613 0.81409
613 713 -0.31611
613 623 1.49974
613 614 0.1066
614 714 -1.05174
614 624 2.64601
614 615 -1.26945
615 715 -1.42792
615 625 -0.1587
615 616 0.60366
616 716 1.25185
616 626 -1.90439
616 617 -0.14823
617 717 -1.17871
617 627 -0.99618
617 618 -1.62386
618 718 -0.37353
618 628 -0.53705
618 619 0.14042
619 719 -0.07168
619 629 -0.44848
610 619 -0.25049
620 720 0.57252
620 630 0.24947
620 621 -0.41481
621 721 1.36891
621 631 0.70213
621 622 -0.22299
622 722 -0.40196
622 632 0.1281
622 623 0.24678
623 723 1.70337
623 633 0.97021
623 624 -1.05364
624 724 0.57855
624 634 1.95351
624 625 0.90914
625 725 -0.49652
625 635 -1.48691
625 626 1.13227
626 726 0.69667
626 636 0.28215
626 627 -0.17941
627 727 -1.31317
627 637 -1.45624
627 628 -1.22241
628 728 0.51193
628 638 -1.18816
628 629 0.45944
629 729 -1.48946
629 639 -0.94278
620 629 1.00428
630 730 -0.26815
630 640 0.92337
630 631 0.40975
631 731 -0.41217
631 641 0.10862
631 632 -1.69767
632 732 -1.38655
632 642 1.64174
632 633 0.85576
633 733 0.13209
633 643 1.15065
633 634 -0.41755
634 734 1.00982
634 644 1.8726
634 635 0.10127
635 735 1.03514
635 645 -1.39946
635 636 1.21446
636 736 0.74516
636 646 -0.22235
636 637 0.75443
637 737 -1.47834
637 647 -1.70635
637 638 0.11058
638 738 -0.17017
638 648 -0.82479
638 639 -0.23219
639 739 -0.38484
639 649 -0.20212
630 639 -0.72158
640 740 -0.04517
640 650 0.84238
640 641 -0.72953
641 741 -0.28501
641 651 -1.54281
641 642 0.87026
642 742 0.52845
642 652 0.50486
642 643 0.17342
643 743 1.84387
643 653 -2.09786
643 644 -0.71937
644 744 0.53617
644 654 -1.13137
644 645 -0.94673
645 745 -0.01814
645 655 0.43169
645 646 -1.22691
646 746 -0.38538
646 656 0.83687
646 647 -0.89091
647 747 0.08306
647 657 0.60343
647 648 0.35449
648 748 1.39557
648 658 0.41137
648 649 -0.84459
649 749 1.28647
649 659 1.72832
640 649 -1.26662
650 750 0.88492
650 660 -0.03214
650 651 0.87179
651 751 -0.67061
651 661 -2.09287
651 652 0.45372
652 752 -0.41279
652 662 0.28636
652 653 1.96994
653 753 1.15543
653 663 1.49022
653 654 0.47831
654 754 1.35675
654 664 -1.81731
654 655 -0.74911
655 755 1.77656
655 665 0.49708
655 656 1.17239
656 756 0.34125
656 666 0.61244
656 657 1.03276
657 757 0.47125
657 667 -1.28597
657 658 -0.4238
658 758 -0.09014
658 668 0.022
658 659 1.4615
659 759 -1.0534
659 669 1.3499
650 659 0.54318
660 760 0.47675
660 670 1.03299
660 661 1.58032
661 761 -0.18953
661 671 -1.49059
661 662 0.18754
662 762 -0.04056
662 672 1.1195
662 663 -1.1158
663 763 -0.22664
663 673 0.57911
663 664 0.96016
664 764 -0.28681
664 674 0.08275
664 665 -1.64885
665 765 -0.23275
665 675 -2.00653
665 666 -1.17517
666 766 -0.17468
666 676 0.29893
666 667 2.2343
667 767 -1.33018
667 677 -0.54554
667 668 1.59885
668 768 -0.34305
668 678 0.01845
668 669 0.0394
669 769 0.5732
669 679 -0.17451
660 669 -1.05855
670 770 -2.30463
670 680 -0.43924
670 671 -1.03896
671 771 0.80009
671 681 -0.70965
671 672 1.11336
672 772 1.7936
672 682 1.09003
672 673 0.27008
673 773 -1.18241
673 683 0.13614
673 674 -0.61466
674 774 -0.77344
674 684 -0.8318
674 675 -0.57405
675 775 0.14259
675 685 -1.41478
675 676 -0.72408
676 776 -0.03157
676 686 2.22713
676 677 -0.30622
677 777 -1.23293
677 687 -0.08933
677 678 -1.02332
678 778 0.59827
678 688 -0.97962
678 679 -0.66112
679 779 -0.29167
679 689 1.44443
670 679 0.32517
680 780 0.31877
680 690 0.56927
680 681 0.35946
681 781 -0.63126
681 691 -1.59357
681 682 0.41411
682 782 1.22328
682 692 -0.52097
682 683 0.37559
683 783 1.50684
683 693 -0.01006
683 684 -0.28673
684 784 -0.55105
684 694 1.37766
684 685 -2.06438
685 785 -0.23809
685 695 1.11343
685 686 -0.76912
686 786 0.35709
686 696 -1.80169
686 687 0.10748
687 787 -0.46306
687 697 -0.43082
687 688 0.21769
688 788 -0.75664
688 698 0.84755
688 689 0.3365
689 789 0.3738
689 699 -0.75508
680 689 -0.46707
690 790 1.12685
600 690 1.70821
690 691 0.40493
691 791 1.18977
601 691 0.36903
691 692 0.57278
692 792 0.40343
602 692 0.67949
692 693 1.14736
693 793 0.31937
603 693 1.44022
693 694 0.09365
694 794 -0.00545
604 694 -0.18007
694 695 0.28681
695 795 0.59443
605 695 -0.22889
695 696 -0.86992
696 796 0.63542
606 696 -1.00964
696 697 -1.20262
697 797 -0.56353
607 697 0.19358
697 698 -0.59295
698 798 1.01428
608 698 0.38541
698 699 -1.15886
699 799 -1.3365
609 699 -0.10254
690 699 1.43907
700 800 0.58383
700 710 0.69283
700 701 -2.18083
701 801 1.16496
701 711 -0.40425
701 702 -1.14803
702 802 -0.02171
702 712 0.40939
702 703 -0.38284
703 803 -0.29231
703 713 0.4042
703 704 0.81244
704 804 1.99241
704 714 -0.25983
704 705 -0.57504
705 805 -2.5197
705 715 -1.0514
705 706 1.187
706 806 -0.28505
706 716 -0.47591
706 707 -0.22263
707 807 0.97807
707 717 0.99035
707 708 1.01285
708 808 0.7728
708 718 0.46304
708 709 -0.84857
709 809 -0.43727
709 719 -0.20029
700 709 0.07763
710 810 -1.16798
710 720 -1.80354
710 711 -0.08265
711 811 0.6988
711 721 -2.53453
711 712 1.62531
712 812 -0.75371
712 722 -0.20974
712 713 0.18318
713 813 -1.47083
713 723 -0.45032
713 714 0.3682
714 814 -1.11338
714 724 -0.45057
714 715 0.19346
715 815 0.23451
715 725 -0.09379
715 716 -1.14971
716 816 -0.01116
716 726 0.1155
716 717 -0.01151
717 817 0.88743
717 727 0.86818
717 718 -0.15144
718 818 0.46132
718 728 2.49661
718 719 -1.33794
719 819 -1.07709
719 729 0.55822
710 719 -0.38829
720 820 1.60103
720 730 -0.81091
720 721 -0.15662
721 821 0.31429
721 731 -0.11872
721 722 0.97813
722 822 0.31063
722 732 0.66965
722 723 2.20772
723 823 -1.35036
723 733 -1.64342
723 724 1.39966
724 824 0.97219
724 734 -0.37245
724 725 1.08077
725 825 -0.47304
725 735 0.35478
725 726 -0.79084
726 826 -1.19082
726 736 0.00725
726 727 0.77404
727 827 -1.36948
727 737 -0.57452
727 728 -0.10414
728 828 0.27214
728 738 -1.78335
728 729 -0.73036
729 829 -0.54278
729 739 0.13926
720 729 0.31984
730 830 -0.78693
730 740 -2.66703
730 731 1.03614
731 831 1.33482
731 741 -0.1568
731 732 2.34089
732 832 0.78673
732 742 0.7513
732 733 1.20541
733 833 0.82306
733 743 1.06854
733 734 0.4584
734 834 -0.79687
734 744 -2.19831
734 735 0.321
735 835 -0.15132
735 745 0.36788
735 736 -1.88863
736 836 1.77316
736 746 -0.20093
736 737 -1.92144
737 837 0.50822
737 747 1.40881
737 738 1.64766
738 838 0.01723
738 748 0.01226
738 739 1.85938
739 839 0.1303
739 749 0.3923
730 739 0.08788
740 840 1.53148
740 750 0.74545
740 741 -1.18258
741 841 0.01976
741 751 1.34607
741 742 -1.12274
742 842 -0.6557
742 752 0.76619
742 743 0.00052
743 843 0.06785
743 753 -0.18324
743 744 0.19148
744 844 -1.41415
744 754 1.7942
744 745 0.10051
745 845 0.01223
745 755 -1.22548
745 746 0.64586
746 846 -0.10521
746 756 -0.35038
746 747 0.88631
747 847 2.07607
747 757 1.92448
747 748 -2.96717
748 848 0.83184
748 758 0.68452
748 749 -0.82584
749 849 1.89834
749 759 1.86531
740 749 0.96717
750 850 -0.64817
750 760 1.20714
750 751 -0.32893
751 851 -0.31398
751 761 -0.63582
751 752 0.85448
752 852 -1.72367
752 762 0.34238
752 753 1.01909
753 853 1.19917
753 763 0.02226
753 754 0.59629
754 854 0.40517
754 764 -0.03186
754 755 -0.01265
755 855 1.94074
755 765 0.03386
755 756 0.98092
756 856 0.32867
756 766 0.86268
756 757 0.38579
757 857 -1.22625
757 767 1.24169
757 758 -0.43767
758 858 1.61851
758 768 0.08999
758 759 1.67894
759 859 1.16043
759 769 0.04108
750 759 0.67261
760 860 0.4597
760 770 -0.94705
760 761 1.52051
761 861 0.18613
761 771 -1.54998
761 762 -0.4289
762 862 -0.79937
762 772 -0.91174
762 763 -1.03623
763 863 -2.66614
763 773 -0.92149
763 764 1.79236
764 864 0.97223
764 774 -0.42082
764 765 -0.8766
765 865 -0.12898
765 775 -0.72249
765 766 -0.59155
766 866 -1.17275
766 776 -0.25523
766 767 -0.7828
767 867 2.74648
767 777 -0.57577
767 768 0.60465
768 868 -0.07599
768 778 0.38089
768 769 -0.01547
769 869 -0.62399
769 779 -0.09569
760 769 -1.28564
770 870 -0.64811
770 780 1.79649
770 771 -0.34756
771 871 -1.47791
771 781 -0.73912
771 772 -0.48412
772 872 -0.45848
772 782 0.24665
772 773 0.54917
773 873 -0.106
773 783 0.56733
773 774 -0.8707
774 874 1.32269
774 784 -0.58072
774 775 0.89689
775 875 0.41704
775 785 -0.08506
775 776 -0.29877
776 876 -0.43686
776 786 0.802
776 777 0.13933
777 877 -2.2212
777 787 0.62777
777 778 0.20526
778 878 -0.2647
778 788 1.04209
778 779 -0.69458
779 879 1.46897
779 789 -0.1112
770 779 -0.14697
780 880 -0.29163
780 790 1.19006
780 781 0.10544
781 881 1.3095
781 791 1.23608
781 782 -1.00634
782 882 -0.30775
782 792 -0.9175
782 783 -2.17599
783 883 0.54676
783 793 -0.20442
783 784 0.47517
784 884 0.0526
784 794 -1.55856
784 785 1.00839
785 885 -0.56831
785 795 2.05028
785 786 -1.76057
786 886 0.84643
786 796 -0.48394
786 787 0.66851
787 887 -0.09878
787 797 0.19774
787 788 1.25177
788 888 0.42409
788 798 0.14623
788 789 -1.54424
789 889 -0.61657
789 799 -0.43377
780 789 1.40243
790 890 0.35344
700 790 0.21762
790 791 0.72789
791 891 1.6681
701 791 -1.33234
791 792 -0.357
792 892 -0.05966
702 792 -0.03767
792 793 -1.24431
793 893 -0.94021
703 793 0.66903
793 794 -1.91285
794 894 -1.4725
704 794 1.06328
794 795 -0.65159
795 895 -0.457
705 795 1.22336
795 796 -0.6928
796 896 1.17495
706 796 -0.07626
796 797 -2.22247
797 897 -0.59886
707 797 0.1692
797 798 0.16318
798 898 -0.89753
708 798 -0.88424
798 799 -0.84903
799 899 -0.27761
709 799 1.00364
790 799 0.10433
800 900 -0.88385
800 810 -0.62636
800 801 0.11785
801 901 -2.01526
801 811 -0.34479
801 802 -0.47272
802 902 1.11207
802 812 0.92592
802 803 0.13051
803 903 -0.60402
803 813 -1.37346
803 804 1.93652
804 904 1.03415
804 814 0.75576
804 805 0.46628
805 905 -2.02226
805 815 0.70775
805 806 0.22946
806 906 -0.50185
806 816 3.48741
806 807 0.63342
807 907 -0.57187
807 817 0.10982
807 808 0.472
808 908 -1.0067
808 818 0.24666
808 809 1.42123
809 909 0.36025
809 819 -0.72922
800 809 -0.68643
810 910 0.72607
810 820 -0.69957
810 811 -1.50427
811 911 -0.0394
811 821 -0.21161
811 812 0.28897
812 912 -0.22341
812 822 -0.35334
812 813 -1.64093
813 913 -0.16167
813 823 0.10233
813 814 1.55581
814 914 -0.09924
814 824 0.90238
814 815 -0.39315
815 915 0.68516
815 825 0.50708
815 816 -0.57972
816 916 0.58268
816 826 1.8546
816 817 0.66033
817 917 1.01626
817 827 -1.12945
817 818 -0.20506
818 918 2.59775
818 828 -1.02129
818 819 -2.251
819 919 -0.44563
819 829 0.19126
810 819 0.49578
820 920 0.15072
820 830 0.3999
820 821 0.456
821 921 2.02301
821 831 -1.12703
821 822 0.04532
822 922 -0.8325
822 832 1.97135
822 823 -1.9753
823 923 0.42502
823 833 0.09369
823 824 -0.29584
824 924 0.53627
824 834 0.51798
824 825 0.19979
825 925 -1.13688
825 835 -0.31427
825 826 -0.86493
826 926 -0.96331
826 836 -0.78574
826 827 0.9874
827 927 -0.74872
827 837 -0.5823
827 828 -0.85546
828 928 1.19642
828 838 1.15571
828 829 1.50216
829 929 -0.81501
829 839 -0.4697
820 829 0.87326
830 930 -0.56969
830 840 2.16302
830 831 -0.52852
831 931 -0.68737
831 841 0.23536
831 832 -0.92945
832 932 1.32373
832 842 1.37646
832 833 -0.6158
833 933 0.33259
833 843 -0.97714
833 834 -1.91676
834 934 0.96702
834 844 0.6921
834 835 -1.13351
835 935 -0.84167
835 845 1.86098
835 836 -0.17434
836 936 1.95359
836 846 0.45246
836 837 2.2402
837 937 -0.41182
837 847 0.92486
837 838 -0.21171
838 938 -1.08655
838 848 -2.61949
838 839 0.82692
839 939 0.19793
839 849 -0.88438
830 839 1.26076
840 940 -1.02084
840 850 0.37388
840 841 0.56834
841 941 1.32662
841 851 0.62402
841 842 -1.35936
842 942 0.09418
842 852 -0.36115
842 843 0.25572
843 943 -0.24979
843 853 0.73043
843 844 0.28306
844 944 -2.00573
844 854 1.14349
844 845 -1.01558
845 945 -2.25362
845 855 0.31677
845 846 -0.75948
846 946 0.0805
846 856 -0.19654
846 847 -0.37957
847 947 -1.51721
847 857 0.13994
847 848 -0.53104
848 948 -0.33123
848 858 1.36027
848 849 -0.23224
849 949 0.59733
849 859 -0.44833
840 849 -1.40126
850 950 -0.76793
850 860 0.3274
850 851 -1.08197
851 951 0.45321
851 861 -0.47018
851 852 -2.6539
852 952 1.48004
852 862 0.45325
852 853 -0.32637
853 953 0.08736
853 863 -0.07683
853 854 -0.2297
854 954 -0.14398
854 864 0.79296
854 855 0.15541
855 955 2.00782
855 865 2.16003
855 856 -1.33302
856 956 0.17379
856 866 0.52975
856 857 0.10624
857 957 -1.61053
857 867 -0.37556
857 858 0.32671
858 958 -0.45196
858 868 0.41053
858 859 0.85222
859 959 -1.25187
859 869 -0.89651
850 859 -0.5128
860 960 0.62997
860 870 3.14909
860 861 1.79859
861 961 -0.41332
861 871 -0.57203
861 862 -1.64581
862 962 0.28913
862 872 0.25723
862 863 1.87037
863 963 -0.26657
863 873 0.96484
863 864 -0.84318
864 964 0.63814
864 874 0.39822
864 865 -1.48979
865 965 1.44608
865 875 -0.63618
865 866 -0.30683
866 966 -0.0176
866 876 -1.13654
866 867 1.238
867 967 -1.41285
867 877 -0.43919
867 868 -1.42139
868 968 1.28368
868 878 -0.61662
868 869 -0.0763
869 969 1.24671
869 879 -1.30844
860 869 0.6053
870 970 -0.69192
870 880 0.25765
870 871 0.18961
871 971 -1.46179
871 881 -0.66927
871 872 -1.00146
872 972 -0.34373
872 882 -0.92115
872 873 0.34837
873 973 1.95947
873 883 0.31213
873 874 -0.32395
874 974 -1.53243
874 884 -0.19491
874 875 -1.14222
875 975 0.53064
875 885 1.20929
875 876 2.61323
876 976 -0.62169
876 886 -0.18229
876 877 -0.18267
877 977 -1.00707
877 887 0.47149
877 878 -1.59999
878 978 -0.03649
878 888 -0.4543
878 879 2.14792
879 979 0.10991
879 889 0.31897
870 879 1.76258
880 980 0.10797
880 890 0.02405
880 881 1.14667
881 981 -0.70526
881 891 -2.04664
881 882 0.80345
882 982 1.4221
882 892 -1.18043
882 883 -0.69608
883 983 -0.04585
883 893 0.1201
883 884 -0.29973
884 984 0.53927
884 894 -0.8078
884 885 -0.57927
885 985 2.07153
885 895 -0.02729
885 886 0.4393
886 986 0.73306
886 896 0.34072
886 887 0.19438
887 987 0.74633
887 897 -0.50538
887 888 -0.52758
888 988 -0.96367
888 898 -1.28537
888 889 0.77287
889 989 0.71931
889 899 0.46764
880 889 0.78361
890 990 -0.2471
800 890 1.79153
890 891 -0.61512
891 991 -0.81229
801 891 -0.03611
891 892 1.71475
892 992 -0.35807
802 892 0.49471
892 893 0.2658
893 993 1.73059
803 893 -0.99091
893 894 -0.41782
894 994 -0.53217
804 894 -1.82552
894 895 -0.47101
895 995 0.19876
805 895 -0.8665
895 896 -0.60111
896 996 -0.54055
806 896 -0.66975
896 897 -0.51909
897 997 0.31627
807 897 1.32362
897 898 0.2806
898 998 0.92418
808 898 0.41958
898 899 -1.74472
899 999 -0.2237
809 899 1.36997
890 899 -0.89826
0 900 1.26382
900 910 -0.5368
900 901 -1.15472
1 901 0.23312
901 911 -0.0496
901 902 -0.34462
2 902 0.52401
902 912 -0.50433
902 903 -0.70158
3 903 0.81011
903 913 -2.2728
903 904 -0.0088
4 904 1.65534
904 914 -1.474
904 905 -0.19732
5 905 -0.43542
905 915 0.00031
905 906 -1.57114
6 906 0.2336
906 916 1.81955
906 907 -0.85201
7 907 -1.1587
907 917 -0.87197
907 908 1.18439
8 908 0.16957
908 918 -0.36507
908 909 0.34579
9 909 -2.32465
909 919 2.09535
900 909 -0.26948
10 910 -0.56042
910 920 -0.07884
910 911 -1.86937
11 911 0.50202
911 921 -1.92066
911 912 -0.46075
12 912 -0.06181
912 922 0.7218
912 913 -1.28441
13 913 1.12797
913 923 1.99987
913 914 0.56754
14 914 0.42078
914 924 0.19128
914 915 -0.05356
15 915 0.81379
915 925 -1.84412
915 916 -0.44335
16 916 -1.07949
916 926 1.11609
916 917 0.52029
17 917 -1.79713
917 927 0.082
917 918 -0.92029
18 918 -0.16308
918 928 0.32599
918 919 0.06473
19 919 0.6086
919 929 0.889
910 919 -0.29547
20 920 -0.37032
920 930 0.29656
920 921 1.67308
21 921 1.12535
921 931 0.25956
921 922 0.6893
22 922 -1.35617
922 932 -0.5841
922 923 -1.29131
23 923 -0.17802
923 933 1.19727
923 924 -0.79411
24 924 1.32314
924 934 0.44609
924 925 1.0462
25 925 -0.14194
925 935 -1.70431
925 926 -1.64965
26 926 -0.21003
926 936 1.1902
926 927 0.03994
27 927 0.82876
927 937 0.31799
927 928 -0.7798
28 928 -1.06469
928 938 1.19736
928 929 1.38991
29 929 -0.88112
929 939 0.63735
920 929 -0.65609
30 930 -0.25851
930 940 1.30212
930 931 0.13243
31 931 0.05002
931 941 1.24441
931 932 1.21427
32 932 1.53125
932 942 -0.02156
932 933 0.49428
33 933 -0.44992
933 943 0.98561
933 934 -0.03201
34 934 -0.9276
934 944 1.36881
934 935 -1.15724
35 935 -1.09128
935 945 0.66084
935 936 1.55733
36 936 1.07529
936 946 2.87882
936 937 -1.15585
37 937 0.54916
937 947 -0.39072
937 938 -1.01286
38 938 0.91457
938 948 0.46484
938 939 -0.7976
39 939 0.56126
939 949 0.00811
930 939 0.17635
40 940 -0.93552
940 950 -0.34005
940 941 0.33394
41 941 -1.55798
941 951 0.04516
941 942 0.0576
42 942 1.42316
942 952 -0.75942
942 943 0.25362
43 943 -0.45357
943 953 0.29723
943 944 0.73836
44 944 0.70552
944 954 -0.2445
944 945 -1.45617
45 945 -0.52359
945 955 1.08205
945 946 -0.16898
46 946 0.42631
946 956 0.54646
946 947 0.57047
47 947 -0.2591
947 957 0.511
947 948 0.94316
48 948 0.45233
948 958 0.88851
948 949 0.65047
49 949 0.08617
949 959 0.44414
940 949 1.60161
50 950 -0.39173
950 960 0.00279
950 951 -0.14201
51 951 -1.04274
951 961 0.81322
951 952 1.21992
52 952 0.44175
952 962 -0.71464
952 953 0.62563
53 953 -0.39847
953 963 1.09105
953 954 1.89997
54 954 0.87202
954 964 -0.30553
954 955 0.69649
55 955 -0.21603
955 965 -0.86558
955 956 -1.52259
56 956 0.68283
956 966 -0.35163
956 957 0.08333
57 957 -0.37899
957 967 2.2924
957 958 0.2688
58 958 0.50342
958 968 1.20366
958 959 -0.65924
59 959 0.01022
959 969 -0.04877
950 959 -0.90126
60 960 -0.67525
960 970 -0.18664
960 961 0.09862
61 961 0.88394
961 971 -1.08713
961 962 -1.59029
62 962 -1.3981
962 972 -2.10309
962 963 -1.11625
63 963 -0.46547
963 973 -0.00312
963 964 -0.74775
64 964 -0.73142
964 974 -0.41454
964 965 -0.94692
65 965 0.59649
965 975 -0.81091
965 966 -0.67375
66 966 0.69067
966 976 1.88777
966 967 0.28251
67 967 -1.02325
967 977 1.28025
967 968 -1.44057
68 968 0.38856
968 978 0.60663
968 969 1.09979
69 969 -0.32598
969 979 0.60972
960 969 0.03608
70 970 -0.95329
970 980 0.00968
970 971 0.32918
71 971 0.71358
971 981 0.05591
971 972 1.32079
72 972 0.2076
972 982 0.4085
972 973 -0.6143
73 973 0.95714
973 983 0.21384
973 974 1.18408
74 974 0.36406
974 984 -0.0676
974 975 0.42417
75 975 0.29086
975 985 -0.51173
975 976 -0.43353
76 976 -0.74239
976 986 -1.62001
976 977 0.49249
77 977 1.06846
977 987 -1.29888
977 978 -1.20061
78 978 -0.82999
978 988 -0.53747
978 979 -0.35595
79 979 -1.15025
979 989 2.00755
970 979 0.5161
80 980 -0.26437
980 990 -0.65263
980 981 0.88149
81 981 0.61829
981 991 -0.83233
981 982 -0.36133
82 982 0.54927
982 992 0.43627
982 983 0.00321
83 983 0.74573
983 993 0.32758
983 984 0.64288
84 984 0.62462
984 994 -0.71329
984 985 0.59193
85 985 0.30119
985 995 -1.13241
985 986 0.24304
86 986 1.39852
986 996 0.12068
986 987 -0.54761
87 987 -1.35697
987 997 -1.56049
987 988 0.20106
88 988 0.20149
988 998 0.23131
988 989 -0.1953
89 989 -0.591
989 999 -1.09401
980 989 -0.85992
90 990 -0.04129
900 990 2.18511
990 991 2.21166
91 991 -0.51725
901 991 -0.47164
991 992 -1.34415
92 992 1.02057
902 992 0.22682
992 993 1.79277
93 993 2.35302
903 993 -1.16758
993 994 1.0222
94 994 -0.57035
904 994 0.06319
994 995 -0.0903
95 995 0.15017
905 995 0.91081
995 996 1.54748
96 996 0.61538
906 996 0.72418
996 997 -1.52663
97 997 0.45032
907 997 -0.77739
997 998 1.40707
98 998 -0.74178
908 998 -0.96344
998 999 -1.50438
99 999 -0.45765
909 999 0.65448
990 999 -0.14179
