# model=sk N=100 meanJ=0 seed=3086221019 distribution=gaussian field=0 num_fields=100 num_couplings=4950
0 0
1 0
2 0
3 0
4 0
5 0
6 0
7 0
8 0
9 0
10 0
11 0
12 0
13 0
14 0
15 0
16 0
17 0
18 0
19 0
20 0
21 0
22 0
23 0
24 0
25 0
26 0
27 0
28 0
29 0
30 0
31 0
32 0
33 0
34 0
35 0
36 0
37 0
38 0
39 0
40 0
41 0
42 0
43 0
44 0
45 0
46 0
47 0
48 0
49 0
50 0
51 0
52 0
53 0
54 0
55 0
56 0
57 0
58 0
59 0
60 0
61 0
62 0
63 0
64 0
65 0
66 0
67 0
68 0
69 0
70 0
71 0
72 0
73 0
74 0
75 0
76 0
77 0
78 0
79 0
80 0
81 0
82 0
83 0
84 0
85 0
86 0
87 0
88 0
89 0
90 0
91 0
92 0
93 0
94 0
95 0
96 0
97 0
98 0
99 0
0 1 -0.01375
0 2 -0.09683
0 3 -0.04404
0 4 0.09527
0 5 0.10218
0 6 -0.01691
0 7 -0.06175
0 8 0.03872
0 9 0.00976
0 10 -0.11497
0 11 0.05576
0 12 0.0251
0 13 0.11054
0 14 0.08054
0 15 -0.0345
0 16 0.18465
0 17 0.04805
0 18 0.02221
0 19 0.10121
0 20 -0.0043
0 21 -0.07566
0 22 -0.11023
0 23 -0.03899
0 24 0.00956
0 25 0.0866
0 26 0.23131
0 27 -0.01897
0 28 0.06804
0 29 0.16489
0 30 0.02382
0 31 0.15921
0 32 -0.02217
0 33 0.01068
0 34 0.09143
0 35 -0.02559
0 36 0.05655
0 37 -0.12438
0 38 0.01099
0 39 0.00315
0 40 0.10291
0 41 0.10957
0 42 -0.16754
0 43 -0.03792
0 44 -0.06994
0 45 0.10353
0 46 0.02666
0 47 -0.09714
0 48 0.01139
0 49 0.21666
0 50 -0.03082
0 51 -0.16345
0 52 0.03033
0 53 0.03178
0 54 -0.05032
0 55 -0.13297
0 56 -0.05443
0 57 -0.0184
0 58 0.07212
0 59 -0.14976
0 60 -0.14691
0 61 0.06941
0 62 -0.03895
0 63 -0.0086
0 64 -0.1294
0 65 0.18679
0 66 0.05826
0 67 0.15544
0 68 0.11142
0 69 0.04846
0 70 0.01296
0 71 0.10852
0 72 -0.03103
0 73 -0.13559
0 74 0.18267
0 75 -0.09519
0 76 0.0233
0 77 0.03943
0 78 -0.1639
0 79 0.07247
0 80 0.07678
0 81 0.0282
0 82 0.15729
0 83 -0.06301
0 84 0.11939
0 85 -0.00467
0 86 -0.05876
0 87 0.09217
0 88 0.01474
0 89 -0.02552
0 90 0.00729
0 91 0.04004
0 92 0.03666
0 93 0.02185
0 94 0.1162
0 95 -0.03418
0 96 0.07572
0 97 -0.09366
0 98 -0.15523
0 99 0.19209
1 2 -0.05299
1 3 -0.0818
1 4 -0.01116
1 5 0.04779
1 6 0.15285
1 7 0.02717
1 8 -0.12985
1 9 0.11257
1 10 -0.08103
1 11 0.24631
1 12 0.02912
1 13 0.20719
1 14 -0.0027
1 15 0.02743
1 16 0.19539
1 17 -0.00159
1 18 0.01761
1 19 -0.0348
1 20 -0.03739
1 21 -0.08545
1 22 0.08939
1 23 0.11613
1 24 -0.11342
1 25 0.09218
1 26 -0.0013
1 27 -0.08616
1 28 0.09174
1 29 0.06193
1 30 0.03015
1 31 -0.04308
1 32 -0.18922
1 33 0.03921
1 34 -0.06793
1 35 -0.06733
1 36 0.06372
1 37 -0.04329
1 38 -0.14056
1 39 0.14446
1 40 -0.14556
1 41 -0.18816
1 42 -0.01433
1 43 -0.07988
1 44 0.00483
1 45 -0.01376
1 46 0.0274
1 47 0.01142
1 48 0.12311
1 49 -0.04194
1 50 -0.12351
1 51 -0.09033
1 52 0.10933
1 53 -0.11167
1 54 -0.07423
1 55 0.13475
1 56 0.12621
1 57 -0.05961
1 58 -0.04804
1 59 0.13025
1 60 0.02346
1 61 -0.05068
1 62 -0.01955
1 63 -0.0689
1 64 -0.20893
1 65 0.1961
1 66 -0.11828
1 67 0.1042
1 68 -0.04601
1 69 0.01802
1 70 0.0513
1 71 -0.12771
1 72 -0.09844
1 73 0.01667
1 74 -0.03202
1 75 -0.11933
1 76 -0.09908
1 77 -0.09096
1 78 -0.24698
1 79 -0.01209
1 80 0.01436
1 81 0.11706
1 82 0.05808
1 83 -0.39874
1 84 0.02157
1 85 -0.01429
1 86 -0.0403
1 87 0.16447
1 88 0.08152
1 89 0.00424
1 90 0.1177
1 91 0.14401
1 92 0.03325
1 93 -0.11989
1 94 0.11834
1 95 -0.03182
1 96 -0.06475
1 97 0.11056
1 98 -0.14681
1 99 0.16378
2 3 -0.05139
2 4 0.05618
2 5 -0.17886
2 6 -0.09234
2 7 0.07887
2 8 0.15855
2 9 0.05958
2 10 0.02847
2 11 -0.10093
2 12 -0.2044
2 13 -0.04791
2 14 0.22042
2 15 0.06477
2 16 -0.063
2 17 0.0135
2 18 -0.08844
2 19 -0.00514
2 20 0.00075
2 21 -0.01379
2 22 0.00634
2 23 0.00441
2 24 -0.19571
2 25 0.02438
2 26 -0.00157
2 27 -0.12947
2 28 0.12409
2 29 0.07223
2 30 0.01218
2 31 -0.19503
2 32 -0.01784
2 33 -0.19853
2 34 0.10899
2 35 0.0088
2 36 -0.01248
2 37 0.11178
2 38 -0.15568
2 39 0.1578
2 40 0.18144
2 41 0.05446
2 42 0.09074
2 43 0.0816
2 44 -0.0528
2 45 0.1098
2 46 0.0476
2 47 0.04824
2 48 -0.09683
2 49 0.18169
2 50 -0.1367
2 51 -0.06546
2 52 0.03941
2 53 0.01295
2 54 -0.05958
2 55 0.01118
2 56 -0.16021
2 57 -0.05274
2 58 -0.02005
2 59 0.07105
2 60 0.05678
2 61 0.00131
2 62 0.14433
2 63 -0.00766
2 64 0.17361
2 65 0.16192
2 66 -0.04954
2 67 0.0646
2 68 0.12814
2 69 0.06382
2 70 0.07113
2 71 -0.07747
2 72 0.02683
2 73 -0.00872
2 74 0.04589
2 75 0.08955
2 76 -0.17178
2 77 0.00276
2 78 -0.03871
2 79 -0.06485
2 80 -0.15399
2 81 0.11213
2 82 -0.12114
2 83 -0.00981
2 84 0.03358
2 85 -0.03294
2 86 -0.22196
2 87 0.00299
2 88 0.03623
2 89 -0.08409
2 90 0.0366
2 91 0.00337
2 92 0.04274
2 93 -0.065
2 94 -0.00516
2 95 -0.08689
2 96 0.02696
2 97 -0.08763
2 98 -0.00419
2 99 -0.04325
3 4 -0.00283
3 5 -0.11233
3 6 -0.16255
3 7 0.08332
3 8 -0.02941
3 9 0.02911
3 10 0.01716
3 11 -0.05714
3 12 -0.03889
3 13 0.10605
3 14 0.01759
3 15 -0.05201
3 16 0.00986
3 17 0.10511
3 18 0.00042
3 19 -0.06564
3 20 0.05531
3 21 0.06966
3 22 -0.21749
3 23 -0.0163
3 24 -0.04093
3 25 -0.21033
3 26 -0.16593
3 27 -0.08584
3 28 -0.04299
3 29 0.01021
3 30 0.12676
3 31 -0.02323
3 32 0.04779
3 33 -0.08494
3 34 -0.00462
3 35 -0.09587
3 36 -0.00075
3 37 0.05521
3 38 0.06261
3 39 -0.02094
3 40 -0.03101
3 41 0.10463
3 42 0.032
3 43 -0.10391
3 44 -0.19341
3 45 -0.065
3 46 0.00744
3 47 0.05538
3 48 -0.05042
3 49 -0.05023
3 50 0.06075
3 51 -0.02919
3 52 0.03639
3 53 -0.11708
3 54 0.05338
3 55 -0.02054
3 56 -0.03363
3 57 0.01699
3 58 -0.05953
3 59 0.00742
3 60 -0.14696
3 61 0.04878
3 62 -0.05931
3 63 -0.01497
3 64 -0.10651
3 65 -0.04782
3 66 0.01993
3 67 0.06922
3 68 -0.0961
3 69 0.06526
3 70 0.19533
3 71 -0.17091
3 72 0.08187
3 73 -0.2034
3 74 0.10839
3 75 0.20471
3 76 -0.03827
3 77 0.06645
3 78 -0.03978
3 79 -0.13069
3 80 0.03689
3 81 -0.09304
3 82 0.09058
3 83 -0.0031
3 84 -0.09928
3 85 0.06215
3 86 -0.02204
3 87 -0.0778
3 88 0.08946
3 89 -0.06594
3 90 0.13564
3 91 0.19337
3 92 -0.17156
3 93 -0.05311
3 94 -0.02929
3 95 -0.13893
3 96 -0.00416
3 97 -0.10554
3 98 0.14069
3 99 0.17256
4 5 -0.10543
4 6 0.08104
4 7 0.0272
4 8 -0.03415
4 9 0.03095
4 10 0.03963
4 11 0.05097
4 12 -0.20723
4 13 0.08582
4 14 0.05019
4 15 0.09091
4 16 -0.02938
4 17 -0.00992
4 18 0.00941
4 19 0.17013
4 20 0.03104
4 21 0.11778
4 22 0.12398
4 23 0.11903
4 24 -0.11494
4 25 0.06582
4 26 0.0649
4 27 0.08834
4 28 0.07784
4 29 0.0666
4 30 0.02244
4 31 0.07185
4 32 0.05522
4 33 0.07904
4 34 -0.11923
4 35 0.13431
4 36 -0.11963
4 37 0.04547
4 38 0.07477
4 39 -0.03962
4 40 -0.09406
4 41 0.06249
4 42 0.11274
4 43 -0.05607
4 44 -0.04864
4 45 0.0473
4 46 -0.09083
4 47 -0.10868
4 48 -0.13967
4 49 0.17959
4 50 0.18891
4 51 -0.12998
4 52 0.01995
4 53 -0.00594
4 54 0.00705
4 55 0.00151
4 56 0.05295
4 57 0.06961
4 58 0.01293
4 59 0.07094
4 60 -0.03734
4 61 0.09974
4 62 -0.066
4 63 -0.04791
4 64 0.22939
4 65 -0.01821
4 66 0.08329
4 67 0.00365
4 68 -0.14214
4 69 -0.00938
4 70 -0.17217
4 71 0.00928
4 72 -0.01975
4 73 0.1087
4 74 0.17001
4 75 -0.11338
4 76 0.08776
4 77 0.05405
4 78 0.11035
4 79 0.15667
4 80 0.09537
4 81 0.14483
4 82 0.05816
4 83 0.11304
4 84 -0.09912
4 85 -0.07533
4 86 0.06416
4 87 -0.03208
4 88 -0.04469
4 89 0.03711
4 90 -0.11003
4 91 -0.14691
4 92 0.02038
4 93 0.11754
4 94 -0.07761
4 95 0.0657
4 96 0.02246
4 97 -0.01502
4 98 -0.03558
4 99 -0.15582
5 6 -0.16797
5 7 0.08025
5 8 -0.01352
5 9 0.11416
5 10 0.00248
5 11 -0.05105
5 12 0.01928
5 13 0.00628
5 14 0.16988
5 15 -0.03411
5 16 0.01803
5 17 0.02003
5 18 -0.0363
5 19 0.0551
5 20 0.05767
5 21 0.10586
5 22 -0.00315
5 23 0.0275
5 24 -0.02348
5 25 -0.16816
5 26 0.10103
5 27 0.1964
5 28 0.2081
5 29 0.07986
5 30 0.02478
5 31 0.0903
5 32 -0.05209
5 33 -0.13254
5 34 -0.01522
5 35 0.0487
5 36 0.08379
5 37 0.1023
5 38 0.02365
5 39 -0.02995
5 40 0.19356
5 41 -0.0107
5 42 -0.07038
5 43 -0.17501
5 44 0.01628
5 45 0.16328
5 46 -0.01954
5 47 0.02517
5 48 0.05018
5 49 0.03394
5 50 0.10388
5 51 -0.19839
5 52 -0.04159
5 53 -0.01295
5 54 -0.13628
5 55 0.18717
5 56 0.14327
5 57 0.02913
5 58 -0.1812
5 59 -0.10971
5 60 -0.12407
5 61 0.05449
5 62 0.05776
5 63 -0.15379
5 64 -0.04422
5 65 -0.01108
5 66 -0.07358
5 67 0.05659
5 68 -0.07501
5 69 -0.00715
5 70 -0.1281
5 71 0.13851
5 72 0.03944
5 73 -0.01331
5 74 -0.02072
5 75 -0.04272
5 76 -0.0294
5 77 0.15332
5 78 -0.07609
5 79 0.15106
5 80 0.00174
5 81 -0.09748
5 82 -0.16043
5 83 0.06637
5 84 -0.07861
5 85 -0.21361
5 86 -0.01871
5 87 -0.05533
5 88 -0.1298
5 89 0.06389
5 90 -0.00471
5 91 -0.00697
5 92 0.0105
5 93 -0.09034
5 94 0.14163
5 95 -0.05588
5 96 0.04273
5 97 0.06349
5 98 -0.1566
5 99 -0.02688
6 7 0.08001
6 8 0.03973
6 9 -0.13833
6 10 0.11989
6 11 0.0041
6 12 -0.05177
6 13 0.18052
6 14 -0.02369
6 15 0.09674
6 16 -0.12058
6 17 -0.01478
6 18 -0.06317
6 19 0.11018
6 20 0.04848
6 21 -0.03049
6 22 0.04166
6 23 -0.00441
6 24 0.16215
6 25 0.25081
6 26 -0.08957
6 27 -0.04112
6 28 0.11311
6 29 0.00843
6 30 0.0025
6 31 0.11465
6 32 -0.00475
6 33 0.18442
6 34 -0.03164
6 35 -0.06898
6 36 0.0859
6 37 0.09129
6 38 -0.17493
6 39 0.16375
6 40 0.00305
6 41 0.09829
6 42 0.04026
6 43 0.02191
6 44 -0.13569
6 45 0.12306
6 46 -0.04196
6 47 -0.05799
6 48 0.12633
6 49 -0.05564
6 50 -0.18862
6 51 -0.02292
6 52 -0.0519
6 53 0.05079
6 54 0.01507
6 55 0.11932
6 56 -0.06459
6 57 0.13957
6 58 0.11579
6 59 0.09876
6 60 0.0704
6 61 -0.16814
6 62 0.13665
6 63 0.01745
6 64 -0.0893
6 65 -0.03327
6 66 -0.01478
6 67 0.00096
6 68 0.04125
6 69 0.10901
6 70 0.07337
6 71 0.15371
6 72 -0.01437
6 73 -0.01974
6 74 0.0208
6 75 -0.08982
6 76 0.11827
6 77 0.02946
6 78 0.21227
6 79 -0.04841
6 80 -0.11364
6 81 0.01543
6 82 0.07808
6 83 0.03863
6 84 -0.07895
6 85 -0.19685
6 86 -0.01117
6 87 0.03428
6 88 -0.03195
6 89 0.11123
6 90 0.08335
6 91 0.01222
6 92 -0.04968
6 93 0.18127
6 94 0.07851
6 95 -0.00114
6 96 -0.03755
6 97 0.01437
6 98 0.07663
6 99 0.03767
7 8 -0.06377
7 9 0.18265
7 10 0.18947
7 11 -0.08049
7 12 0.15874
7 13 -0.08124
7 14 0.01477
7 15 0.09695
7 16 -0.01874
7 17 -0.12639
7 18 0.0194
7 19 -0.12959
7 20 -0.1235
7 21 -0.02116
7 22 -0.02299
7 23 0.02704
7 24 -0.02654
7 25 0.02601
7 26 -0.07091
7 27 -0.06831
7 28 -0.01559
7 29 0.02782
7 30 -0.15795
7 31 0.05962
7 32 0.1788
7 33 0.09059
7 34 0.00173
7 35 -0.03666
7 36 -0.00039
7 37 0.1366
7 38 0.04005
7 39 0.01867
7 40 -0.02202
7 41 0.00867
7 42 -0.03163
7 43 -0.01695
7 44 0.00427
7 45 -0.18849
7 46 0.00902
7 47 -0.07365
7 48 -0.01743
7 49 0.00245
7 50 -0.00897
7 51 -0.12385
7 52 0.0539
7 53 0.12533
7 54 -0.03051
7 55 0.13548
7 56 -0.03346
7 57 -0.07551
7 58 0.07068
7 59 0.1313
7 60 0.18392
7 61 -0.06044
7 62 -0.18151
7 63 0.10829
7 64 -0.0667
7 65 -0.06228
7 66 -0.00664
7 67 0.04383
7 68 -0.00037
7 69 0.18214
7 70 0.01597
7 71 -0.16106
7 72 -0.04017
7 73 0.1592
7 74 0.0049
7 75 -0.10005
7 76 -0.04784
7 77 0.05178
7 78 0.05003
7 79 -0.03301
7 80 -0.11249
7 81 0.06102
7 82 0.10303
7 83 -0.03081
7 84 0.00096
7 85 -0.04423
7 86 -0.08496
7 87 0.18129
7 88 -0.06873
7 89 0.09501
7 90 0.10006
7 91 0.03024
7 92 -0.05416
7 93 0.03779
7 94 -0.11077
7 95 0.01097
7 96 0.09646
7 97 -0.03822
7 98 0.02497
7 99 -0.05123
8 9 0.13727
8 10 -0.00414
8 11 -0.21101
8 12 0.04222
8 13 0.09689
8 14 -0.1263
8 15 0.04392
8 16 0.22282
8 17 0.00455
8 18 0.07819
8 19 -0.20213
8 20 -0.03964
8 21 -0.04046
8 22 -0.08693
8 23 0.11155
8 24 -0.03151
8 25 0.02995
8 26 -0.04925
8 27 -0.00614
8 28 0.05192
8 29 0.07659
8 30 -0.0707
8 31 -0.09575
8 32 -0.1058
8 33 -0.15402
8 34 0.19328
8 35 -0.16355
8 36 -0.00305
8 37 -0.1256
8 38 0.02919
8 39 -0.16797
8 40 -0.0147
8 41 0.03068
8 42 0.00071
8 43 -0.03461
8 44 0.04976
8 45 0.0574
8 46 0.06358
8 47 -0.23248
8 48 -0.18155
8 49 0.02984
8 50 -0.02555
8 51 -0.22026
8 52 0.06016
8 53 0.02815
8 54 0.07324
8 55 -0.026
8 56 -0.00508
8 57 0.06103
8 58 0.16933
8 59 0.02458
8 60 0.08362
8 61 0.04467
8 62 0.12139
8 63 -0.0173
8 64 0.06447
8 65 0.03567
8 66 -0.18101
8 67 -0.00572
8 68 0.02709
8 69 -0.05071
8 70 -0.11904
8 71 0.03415
8 72 0.20623
8 73 -0.01014
8 74 0.05442
8 75 -0.0892
8 76 0.07843
8 77 -0.0258
8 78 0.11786
8 79 0.00565
8 80 0.11922
8 81 0.17524
8 82 -0.08049
8 83 0.05266
8 84 0.00465
8 85 -0.07712
8 86 -0.03263
8 87 -0.05033
8 88 0.06116
8 89 -0.00236
8 90 0.03732
8 91 0.03268
8 92 0.01885
8 93 0.0083
8 94 0.0712
8 95 0.00723
8 96 -0.01824
8 97 -0.04978
8 98 0.08439
8 99 -0.0801
9 10 -0.1657
9 11 0.25406
9 12 -0.11552
9 13 -0.06698
9 14 -0.07227
9 15 0.08056
9 16 -0.18082
9 17 0.08717
9 18 0.02743
9 19 -0.00568
9 20 0.06912
9 21 0.18647
9 22 -0.00627
9 23 -0.13073
9 24 -0.15081
9 25 -0.05026
9 26 0.11738
9 27 0.12515
9 28 -0.11711
9 29 0.17483
9 30 0.10103
9 31 -0.1461
9 32 0.06731
9 33 0.11727
9 34 -0.17148
9 35 -0.01943
9 36 0.00868
9 37 0.01949
9 38 -0.25075
9 39 -0.03068
9 40 0.05858
9 41 -0.02884
9 42 -0.02657
9 43 -0.03786
9 44 -0.03916
9 45 0.27172
9 46 -0.07227
9 47 0.03389
9 48 0.02068
9 49 0.09059
9 50 -0.05857
9 51 -0.03581
9 52 -0.04467
9 53 -0.08959
9 54 -0.04669
9 55 -0.07288
9 56 -0.10643
9 57 0.09563
9 58 0.02334
9 59 0.06545
9 60 0.01372
9 61 -0.00531
9 62 0.11628
9 63 0.05051
9 64 0.12108
9 65 -0.01136
9 66 -0.07497
9 67 -0.10316
9 68 0.06204
9 69 0.13721
9 70 0.15548
9 71 0.1292
9 72 0.06475
9 73 -0.13375
9 74 -0.07281
9 75 0.00675
9 76 -0.01216
9 77 -0.13321
9 78 0.04253
9 79 0.09061
9 80 0.07152
9 81 -0.06535
9 82 -0.04664
9 83 -0.21877
9 84 -0.01822
9 85 0.12678
9 86 -0.21029
9 87 -0.26522
9 88 -0.02646
9 89 0.05435
9 90 0.04174
9 91 -0.0244
9 92 0.12193
9 93 0.03903
9 94 -0.01328
9 95 -0.01715
9 96 0.02444
9 97 0.04117
9 98 0.02339
9 99 -0.02815
10 11 0.07725
10 12 -0.04914
10 13 -0.0268
10 14 -0.02282
10 15 0.05878
10 16 -0.12388
10 17 0.04959
10 18 0.00705
10 19 0.01854
10 20 -0.02972
10 21 -0.11472
10 22 -0.04548
10 23 -0.13916
10 24 -0.20921
10 25 -0.02742
10 26 -0.00568
10 27 -0.03994
10 28 0.03378
10 29 0.09319
10 30 -0.06455
10 31 -0.09004
10 32 0.00545
10 33 -0.03871
10 34 -0.13289
10 35 -0.00274
10 36 0.04407
10 37 -0.16661
10 38 -0.04275
10 39 0.10711
10 40 0.06884
10 41 0.01392
10 42 -0.00696
10 43 0.06373
10 44 -0.21742
10 45 -0.07737
10 46 -0.04206
10 47 -0.06399
10 48 0.03795
10 49 0.03621
10 50 0.06505
10 51 0.0954
10 52 0.03099
10 53 -0.00704
10 54 0.0071
10 55 0.09822
10 56 -0.08862
10 57 0.13899
10 58 0.00193
10 59 0.03425
10 60 -0.15387
10 61 -0.05789
10 62 0.13367
10 63 -0.06892
10 64 -0.03334
10 65 0.13416
10 66 -0.00568
10 67 0.0299
10 68 -0.0502
10 69 -0.08734
10 70 0.01625
10 71 -0.14417
10 72 0.01172
10 73 -0.12725
10 74 0.00833
10 75 -0.01445
10 76 0.07655
10 77 0.1586
10 78 0.01931
10 79 -0.15624
10 80 -0.01163
10 81 0.14817
10 82 -0.23585
10 83 0.02824
10 84 0.05961
10 85 0.09883
10 86 -0.02763
10 87 -0.03649
10 88 0.00548
10 89 -0.04088
10 90 0.05951
10 91 -0.05576
10 92 -0.04507
10 93 0.11525
10 94 -0.08515
10 95 -0.0052
10 96 0.14163
10 97 -0.04345
10 98 0.0314
10 99 -0.17174
11 12 0.10588
11 13 0.1403
11 14 0.02055
11 15 0.08518
11 16 -0.01764
11 17 -0.06996
11 18 -0.02252
11 19 0.14413
11 20 0.0731
11 21 -0.1082
11 22 -0.0001
11 23 0.01326
11 24 0.16728
11 25 -0.32611
11 26 0.10434
11 27 0.14235
11 28 -0.03612
11 29 0.16304
11 30 0.01872
11 31 0.01737
11 32 0.00811
11 33 0.05566
11 34 -0.09807
11 35 -0.08356
11 36 0.03781
11 37 -0.02651
11 38 0.10331
11 39 0.00489
11 40 0.06922
11 41 -0.09214
11 42 0.12031
11 43 0.02471
11 44 -0.02531
11 45 -0.06122
11 46 0.16769
11 47 -0.06755
11 48 0.16932
11 49 0.01634
11 50 0.10052
11 51 0.03166
11 52 0.02559
11 53 0.02711
11 54 -0.09147
11 55 0.08701
11 56 0.03293
11 57 -0.09993
11 58 -0.01015
11 59 0.13616
11 60 0.04519
11 61 -0.07029
11 62 -0.09416
11 63 -0.05329
11 64 0.13496
11 65 -0.00166
11 66 -0.09892
11 67 0.01267
11 68 0.08339
11 69 -0.07389
11 70 -0.0801
11 71 -0.03189
11 72 0.08197
11 73 0.07325
11 74 -0.06835
11 75 0.07923
11 76 -0.02463
11 77 -0.08984
11 78 0.10672
11 79 -0.07943
11 80 0.05264
11 81 0.05598
11 82 0.0937
11 83 -0.09786
11 84 -0.04819
11 85 -0.02831
11 86 -0.0741
11 87 -0.18356
11 88 -0.01173
11 89 0.17796
11 90 -0.04448
11 91 -0.03874
11 92 0.09852
11 93 -0.04309
11 94 0.14329
11 95 -0.07792
11 96 -0.02231
11 97 -0.14975
11 98 0.02151
11 99 0.01673
12 13 -0.24301
12 14 -0.00386
12 15 -0.06395
12 16 0.01513
12 17 0.0064
12 18 -0.1417
12 19 -0.14986
12 20 -0.01362
12 21 -0.07278
12 22 -0.16097
12 23 0.01138
12 24 -0.11587
12 25 -0.13937
12 26 0.02881
12 27 0.08064
12 28 0.01468
12 29 -0.14911
12 30 0.09703
12 31 0.0195
12 32 -0.04841
12 33 0.00224
12 34 0.17341
12 35 -0.06412
12 36 -0.00554
12 37 0.13961
12 38 0.1299
12 39 -0.14786
12 40 -0.0749
12 41 0.0463
12 42 -0.18206
12 43 -0.03087
12 44 -0.17032
12 45 0.00557
12 46 0.09831
12 47 0.06497
12 48 -0.01632
12 49 0.03046
12 50 -0.13848
12 51 -0.12062
12 52 0.081
12 53 -0.14706
12 54 -0.05664
12 55 0.01792
12 56 0.07599
12 57 0.02847
12 58 -0.09551
12 59 0.02339
12 60 -0.00172
12 61 0.03863
12 62 0.0451
12 63 0.16236
12 64 0.07826
12 65 0.0056
12 66 -0.01504
12 67 0.05276
12 68 0.01348
12 69 -0.14113
12 70 0.02182
12 71 -0.03319
12 72 0.05325
12 73 -0.00245
12 74 -0.01136
12 75 -0.08257
12 76 0.07663
12 77 0.01283
12 78 0.03882
12 79 -0.08991
12 80 -0.08916
12 81 0.15629
12 82 0.01659
12 83 0.0115
12 84 0.30066
12 85 -0.10963
12 86 0.11398
12 87 0.23446
12 88 -0.18467
12 89 -0.0651
12 90 0.24579
12 91 -0.0486
12 92 0.04524
12 93 -0.14358
12 94 -0.01941
12 95 0.10565
12 96 -0.10156
12 97 0.03568
12 98 -0.00744
12 99 0.00025
13 14 -0.12599
13 15 0.09534
13 16 -0.17846
13 17 -0.12642
13 18 0.15782
13 19 0.01796
13 20 -0.03094
13 21 -0.03372
13 22 -0.20342
13 23 0.19538
13 24 -0.02193
13 25 0.14546
13 26 0.01005
13 27 -0.04318
13 28 0.0825
13 29 -0.18184
13 30 -0.13921
13 31 0.01504
13 32 -0.08601
13 33 0.02639
13 34 -0.06393
13 35 0.06692
13 36 -0.06709
13 37 -0.03695
13 38 -0.08476
13 39 -0.1598
13 40 -0.00246
13 41 -0.04542
13 42 -0.08003
13 43 0.12642
13 44 -0.0257
13 45 -0.16058
13 46 -0.06483
13 47 -0.08727
13 48 0.11388
13 49 -0.06375
13 50 0.066
13 51 0.17513
13 52 -0.00675
13 53 -0.03254
13 54 -0.0263
13 55 0.08287
13 56 -0.00359
13 57 -0.1206
13 58 0.02787
13 59 0.01885
13 60 -0.10674
13 61 0.03482
13 62 -0.00592
13 63 0.02388
13 64 -0.14986
13 65 0.13273
13 66 -0.01998
13 67 -0.06322
13 68 0.01126
13 69 -0.01929
13 70 0.05089
13 71 0.04339
13 72 0.14208
13 73 0.00436
13 74 -0.06699
13 75 -0.03013
13 76 0.0073
13 77 0.18518
13 78 0.05516
13 79 -0.09762
13 80 -0.05533
13 81 -0.07592
13 82 0.01739
13 83 -0.19635
13 84 -0.01449
13 85 -0.02267
13 86 -0.07404
13 87 0.01076
13 88 -0.0822
13 89 -0.02758
13 90 -0.04148
13 91 -0.06731
13 92 -0.00799
13 93 -0.01637
13 94 -0.04513
13 95 -0.04273
13 96 0.02491
13 97 -0.06214
13 98 -0.0075
13 99 0.06757
14 15 -0.24846
14 16 0.07801
14 17 -0.04121
14 18 -0.01002
14 19 0.03654
14 20 0.14576
14 21 0.08643
14 22 0.00316
14 23 -0.00736
14 24 0.06791
14 25 0.01516
14 26 -0.05176
14 27 0.0973
14 28 0.08291
14 29 -0.07057
14 30 0.12456
14 31 0.04776
14 32 -0.06648
14 33 0.06996
14 34 0.12868
14 35 -0.06527
14 36 0.00912
14 37 -0.0361
14 38 0.05844
14 39 -0.12913
14 40 -0.02062
14 41 -0.06324
14 42 -0.08949
14 43 -0.01667
14 44 -0.20314
14 45 -0.08274
14 46 -0.06022
14 47 -0.02257
14 48 0.08294
14 49 -0.20038
14 50 -0.03146
14 51 -0.0318
14 52 0.04463
14 53 -0.17194
14 54 -0.13724
14 55 -0.00634
14 56 -0.0884
14 57 0.03043
14 58 -0.0424
14 59 -0.13885
14 60 -0.06645
14 61 -0.23218
14 62 0.01807
14 63 0.05291
14 64 0.11089
14 65 -0.09603
14 66 0.05072
14 67 0.02537
14 68 0.01513
14 69 -0.04233
14 70 -0.08676
14 71 0.09968
14 72 0.04737
14 73 -0.06952
14 74 -0.12109
14 75 0.03736
14 76 -0.04295
14 77 0.05187
14 78 0.19549
14 79 -0.20145
14 80 -0.07011
14 81 0.04477
14 82 -0.11554
14 83 0.09594
14 84 0.04132
14 85 -0.02218
14 86 0.04784
14 87 -0.03174
14 88 0.10041
14 89 -0.1033
14 90 0.079
14 91 0.05842
14 92 -0.03671
14 93 0.22121
14 94 0.07802
14 95 -0.02038
14 96 0.03348
14 97 0.05273
14 98 0.03881
14 99 -0.01528
15 16 0.19563
15 17 -0.01526
15 18 0.02661
15 19 -0.09746
15 20 0.16974
15 21 0.09011
15 22 0.01283
15 23 0.05586
15 24 0.0653
15 25 -0.09234
15 26 0.00887
15 27 0.07617
15 28 0.18927
15 29 0.20567
15 30 0.01627
15 31 0.05267
15 32 0.01035
15 33 -0.14101
15 34 0.06148
15 35 -0.0395
15 36 0.14547
15 37 -0.00076
15 38 -0.02431
15 39 -0.12744
15 40 -0.08872
15 41 -0.00531
15 42 0.08917
15 43 -0.09296
15 44 -0.05405
15 45 -0.02504
15 46 -0.1145
15 47 0.00525
15 48 0.02865
15 49 -0.13265
15 50 0.07104
15 51 0.12717
15 52 0.1103
15 53 0.06307
15 54 0.0192
15 55 0.10125
15 56 0.24036
15 57 -0.00383
15 58 -0.30443
15 59 0.02055
15 60 0.08296
15 61 0.07844
15 62 -0.11664
15 63 -0.05848
15 64 0.13488
15 65 -0.02783
15 66 -0.00579
15 67 0.11191
15 68 -0.08648
15 69 0.02491
15 70 -0.06231
15 71 0.01942
15 72 -0.11746
15 73 -0.10146
15 74 -0.05525
15 75 0.01911
15 76 0.05784
15 77 0.17552
15 78 -0.0287
15 79 0.08515
15 80 -0.00205
15 81 -0.10766
15 82 0.03002
15 83 -0.02124
15 84 0.10894
15 85 0.02701
15 86 -0.06918
15 87 -0.01836
15 88 0.0097
15 89 0.02855
15 90 -0.07345
15 91 -0.12961
15 92 0.10625
15 93 -0.07244
15 94 -0.00085
15 95 -0.01288
15 96 0.14017
15 97 -0.05411
15 98 -0.07561
15 99 0.02719
16 17 0.04415
16 18 -0.06552
16 19 0.04545
16 20 0.02355
16 21 -0.10197
16 22 0.05581
16 23 0.02311
16 24 0.0905
16 25 -0.1735
16 26 0.09467
16 27 -0.03767
16 28 -0.15912
16 29 -0.21092
16 30 -0.08929
16 31 0.18771
16 32 -0.20213
16 33 -0.0864
16 34 -0.11171
16 35 0.23432
16 36 0.08206
16 37 0.13362
16 38 0.13948
16 39 -0.04632
16 40 0.14126
16 41 0.15909
16 42 0.12488
16 43 0.04835
16 44 0.13096
16 45 0.06293
16 46 -0.1302
16 47 0.08551
16 48 0.1499
16 49 0.10489
16 50 0.0451
16 51 0.11656
16 52 0.07941
16 53 -0.07214
16 54 -0.05878
16 55 -0.19316
16 56 -0.08241
16 57 -0.06507
16 58 0.13598
16 59 -0.16851
16 60 0.11314
16 61 -0.02761
16 62 -0.01339
16 63 -0.10586
16 64 -0.05922
16 65 -0.09623
16 66 0.0798
16 67 -0.14716
16 68 -0.00567
16 69 -0.08385
16 70 0.06655
16 71 0.22238
16 72 -0.00227
16 73 -0.02347
16 74 0.0366
16 75 0.09525
16 76 0.10643
16 77 0.03028
16 78 -0.05646
16 79 -0.1114
16 80 0.08909
16 81 0.23266
16 82 -0.06183
16 83 -0.09949
16 84 -0.02181
16 85 -0.07187
16 86 -0.08568
16 87 -0.15313
16 88 0.1643
16 89 0.19165
16 90 0.06926
16 91 0.03299
16 92 0.05269
16 93 -0.16238
16 94 -0.03354
16 95 0.05626
16 96 0.06121
16 97 -0.18723
16 98 -0.11017
16 99 0.10026
17 18 0.15923
17 19 0.14228
17 20 -0.07182
17 21 -0.07437
17 22 -0.00752
17 23 -0.0501
17 24 -0.04395
17 25 0.02524
17 26 0.09681
17 27 0.07962
17 28 0.09853
17 29 0.06637
17 30 0.09025
17 31 0.09666
17 32 -0.0389
17 33 0.06956
17 34 0.10742
17 35 -0.0923
17 36 -0.07078
17 37 -0.05215
17 38 0.07843
17 39 0.18203
17 40 -0.16236
17 41 -0.11842
17 42 0.11415
17 43 -0.1073
17 44 0.10288
17 45 0.03592
17 46 0.06151
17 47 -0.02075
17 48 0.04042
17 49 0.15027
17 50 0.08772
17 51 -0.0722
17 52 -0.10217
17 53 0.05432
17 54 0.02342
17 55 0.02324
17 56 -0.17141
17 57 0.14675
17 58 -0.23061
17 59 -0.10379
17 60 0.05008
17 61 -0.02196
17 62 -0.00889
17 63 -0.17789
17 64 -0.03277
17 65 -0.06515
17 66 -0.11812
17 67 0.06559
17 68 0.0905
17 69 -0.04579
17 70 0.0231
17 71 -0.09914
17 72 0.04332
17 73 0.02798
17 74 0.08849
17 75 -0.05206
17 76 -0.08243
17 77 -0.0068
17 78 0.16361
17 79 0.01032
17 80 -0.01102
17 81 -0.13135
17 82 -0.13456
17 83 0.01949
17 84 0.07506
17 85 0.03986
17 86 0.20334
17 87 0.06403
17 88 -0.08526
17 89 -0.06487
17 90 -0.14698
17 91 -0.012
17 92 0.10591
17 93 -0.00172
17 94 -0.06318
17 95 0.07386
17 96 0.07413
17 97 0.07559
17 98 0.02932
17 99 0.20086
18 19 0.10467
18 20 0.0569
18 21 -0.07385
18 22 -0.11815
18 23 -0.00543
18 24 -0.13505
18 25 -0.1282
18 26 -0.12194
18 27 0.13959
18 28 0.09454
18 29 0.00892
18 30 0.00772
18 31 -0.05079
18 32 -0.13446
18 33 -0.03187
18 34 0.0466
18 35 -0.08992
18 36 0.04804
18 37 0.06884
18 38 0.11602
18 39 -0.07472
18 40 0.16446
18 41 -0.14568
18 42 -0.19763
18 43 0.19597
18 44 -0.1538
18 45 0.09493
18 46 0.02466
18 47 -0.11007
18 48 0.10132
18 49 0.03311
18 50 0.12986
18 51 0.11417
18 52 -0.12277
18 53 -0.07769
18 54 -0.0358
18 55 0.06291
18 56 -0.13195
18 57 -0.04591
18 58 0.04084
18 59 0.07462
18 60 -0.09542
18 61 -0.10203
18 62 0.00153
18 63 0.02317
18 64 -0.09105
18 65 -0.01694
18 66 0.11051
18 67 -0.09612
18 68 -0.07152
18 69 -0.01719
18 70 -0.07182
18 71 0.00501
18 72 0.04603
18 73 -0.13432
18 74 -0.00953
18 75 0.04649
18 76 0.11326
18 77 -0.06916
18 78 0.05376
18 79 0.19414
18 80 -0.09747
18 81 0.13874
18 82 -0.06878
18 83 0.04754
18 84 0.01757
18 85 -0.07762
18 86 -0.11216
18 87 -0.151
18 88 0.05931
18 89 -0.04859
18 90 -0.09137
18 91 0.1165
18 92 -0.01015
18 93 0.00735
18 94 -0.02967
18 95 0.02693
18 96 0.10333
18 97 -0.24549
18 98 0.02705
18 99 -0.01909
19 20 -0.00712
19 21 -0.00703
19 22 -0.13803
19 23 0.12677
19 24 0.02805
19 25 -0.0355
19 26 0.0744
19 27 0.11521
19 28 -0.12845
19 29 -0.04566
19 30 0.21168
19 31 0.1499
19 32 -0.03715
19 33 -0.05779
19 34 -0.13155
19 35 -0.09957
19 36 -0.01111
19 37 -0.08781
19 38 0.00608
19 39 -0.05574
19 40 0.00289
19 41 -0.12811
19 42 0.0443
19 43 -0.12794
19 44 -0.09763
19 45 0.0018
19 46 -0.10641
19 47 -0.0191
19 48 -0.0046
19 49 -0.01143
19 50 0.14534
19 51 0.08761
19 52 -0.05996
19 53 0.06007
19 54 -0.08012
19 55 0.01532
19 56 0.13373
19 57 0.14625
19 58 -0.04148
19 59 0.17085
19 60 -0.02812
19 61 0.06991
19 62 0.10899
19 63 0.12523
19 64 0.17763
19 65 0.08047
19 66 0.23435
19 67 -0.11064
19 68 0.04473
19 69 -0.02866
19 70 -0.0159
19 71 0.10455
19 72 0.03226
19 73 0.10657
19 74 -0.02765
19 75 0.12933
19 76 -0.02904
19 77 -0.03084
19 78 -0.05311
19 79 -0.05263
19 80 0.02749
19 81 0.04268
19 82 0.07424
19 83 -0.08093
19 84 0.14162
19 85 -0.11368
19 86 -0.15374
19 87 -0.01405
19 88 -0.02869
19 89 0.02197
19 90 0.20895
19 91 0.16919
19 92 0.02061
19 93 0.09613
19 94 -0.05398
19 95 0.02508
19 96 0.08911
19 97 -0.17505
19 98 -0.05002
19 99 -0.17345
20 21 0.08886
20 22 -0.16681
20 23 -0.08445
20 24 0.13909
20 25 0.05896
20 26 0.1675
20 27 0.09777
20 28 -0.19468
20 29 0.01058
20 30 0.03821
20 31 0.07749
20 32 0.02277
20 33 0.16328
20 34 -0.11001
20 35 0.11091
20 36 -0.05253
20 37 0.03384
20 38 -0.07703
20 39 0.00414
20 40 0.08253
20 41 -0.0451
20 42 -0.01061
20 43 -0.02094
20 44 0.03111
20 45 -0.06141
20 46 0.18327
20 47 0.06925
20 48 -0.00519
20 49 0.28326
20 50 -0.02548
20 51 -0.01631
20 52 0.00432
20 53 -0.04141
20 54 -0.0736
20 55 0.13324
20 56 -0.18324
20 57 0.05191
20 58 -0.02205
20 59 0.02473
20 60 0.05016
20 61 0.04354
20 62 0.07006
20 63 -0.03506
20 64 -0.08813
20 65 -0.07358
20 66 0.11711
20 67 0.04861
20 68 0.03894
20 69 -0.03284
20 70 -0.05805
20 71 0.00944
20 72 -0.02005
20 73 -0.0621
20 74 -0.0398
20 75 -0.07944
20 76 0.07102
20 77 -0.12603
20 78 -0.06471
20 79 -0.21023
20 80 0.02295
20 81 -0.00535
20 82 -0.0036
20 83 -0.08468
20 84 -0.01969
20 85 0.00846
20 86 0.02161
20 87 0.13541
20 88 -0.09541
20 89 0.03208
20 90 0.13405
20 91 -0.04495
20 92 0.13431
20 93 0.1682
20 94 -0.03735
20 95 0.08722
20 96 -0.08207
20 97 0.01678
20 98 -0.02377
20 99 0.13943
21 22 0.14422
21 23 0.20051
21 24 -0.03547
21 25 0.20882
21 26 0.06181
21 27 0.09072
21 28 -0.01126
21 29 -0.12787
21 30 0.17298
21 31 0.02323
21 32 0.08715
21 33 0.06255
21 34 -0.0954
21 35 0.01245
21 36 0.12832
21 37 0.11757
21 38 -0.04
21 39 0.05988
21 40 -0.13942
21 41 0.02008
21 42 0.02363
21 43 0.18598
21 44 0.10132
21 45 0.06873
21 46 0.07443
21 47 -0.02922
21 48 -0.12744
21 49 -0.05679
21 50 0.02198
21 51 0.06701
21 52 -0.15268
21 53 0.13698
21 54 0.06213
21 55 -0.16258
21 56 0.12577
21 57 0.1416
21 58 -0.13073
21 59 0.21547
21 60 -0.0618
21 61 -0.05056
21 62 -0.06538
21 63 0.14098
21 64 -0.04182
21 65 -0.10117
21 66 -0.16898
21 67 -0.00452
21 68 0.2697
21 69 0.17976
21 70 -0.15603
21 71 0.04075
21 72 0.13735
21 73 0.07722
21 74 -0.00494
21 75 0.0611
21 76 -0.10391
21 77 0.12202
21 78 0.01857
21 79 0.025
21 80 -0.04097
21 81 -0.10451
21 82 0.23059
21 83 0.01084
21 84 0.00663
21 85 -0.01397
21 86 0.31484
21 87 0.0604
21 88 0.03622
21 89 0.01126
21 90 -0.09895
21 91 0.04223
21 92 -0.0703
21 93 -0.04551
21 94 0.02902
21 95 -0.04901
21 96 0.10917
21 97 0.03899
21 98 -0.08307
21 99 0.05596
22 23 -0.27031
22 24 0.013
22 25 0.01968
22 26 0.01012
22 27 0.00962
22 28 -0.09865
22 29 -0.10426
22 30 -0.04566
22 31 0.05228
22 32 -0.01446
22 33 -0.09872
22 34 -0.09502
22 35 -0.12384
22 36 0.10873
22 37 -0.03471
22 38 0.03826
22 39 -0.01333
22 40 0.12244
22 41 0.04734
22 42 0.05693
22 43 -0.09863
22 44 -0.26896
22 45 0.08585
22 46 0.12127
22 47 -0.1217
22 48 0.01251
22 49 -0.01105
22 50 -0.12086
22 51 -0.08105
22 52 -0.04412
22 53 0.10833
22 54 -0.03014
22 55 0.10357
22 56 -0.00166
22 57 -0.02792
22 58 0.1365
22 59 0.03843
22 60 -0.02503
22 61 0.02543
22 62 0.01006
22 63 -0.04757
22 64 -0.05205
22 65 0.19343
22 66 -0.08387
22 67 -0.06727
22 68 0.10025
22 69 0.08312
22 70 -0.14392
22 71 -0.08397
22 72 0.04618
22 73 -0.02387
22 74 0.03089
22 75 -0.00597
22 76 0.01591
22 77 -0.08071
22 78 -0.12525
22 79 0.02454
22 80 0.10202
22 81 -0.07411
22 82 -0.18045
22 83 -0.10516
22 84 0.00509
22 85 0.0988
22 86 0.11786
22 87 0.10963
22 88 -0.0539
22 89 0.00134
22 90 0.09333
22 91 -0.09996
22 92 0.01603
22 93 -0.0393
22 94 -0.11569
22 95 0.11208
22 96 -0.04463
22 97 -0.0342
22 98 -0.02931
22 99 -0.08059
23 24 -0.17642
23 25 -0.00246
23 26 -0.06056
23 27 0.01223
23 28 -0.06484
23 29 -0.07807
23 30 -0.07108
23 31 -0.12896
23 32 -0.06096
23 33 -0.10968
23 34 -0.06496
23 35 0.00274
23 36 0.15046
23 37 0.13329
23 38 -0.1112
23 39 0.03538
23 40 -0.10453
23 41 0.08162
23 42 0.07819
23 43 0.1321
23 44 -0.03098
23 45 -0.07464
23 46 -0.13246
23 47 0.02128
23 48 0.01495
23 49 0.02453
23 50 -0.01912
23 51 -0.18148
23 52 -0.05531
23 53 0.11519
23 54 -0.00692
23 55 -0.09154
23 56 0.14914
23 57 -0.14137
23 58 -0.1874
23 59 -0.06204
23 60 -0.01398
23 61 -0.09014
23 62 -0.13646
23 63 -0.0568
23 64 -0.20289
23 65 -0.02099
23 66 0.08576
23 67 -0.03757
23 68 0.00772
23 69 0.01116
23 70 -0.09345
23 71 0.21091
23 72 0.15505
23 73 -0.19028
23 74 -0.0312
23 75 0.27167
23 76 -0.06638
23 77 0.03513
23 78 0.02892
23 79 0.03859
23 80 -0.0541
23 81 0.0242
23 82 -0.15757
23 83 0.04859
23 84 -0.03704
23 85 -0.0366
23 86 -0.02556
23 87 0.02443
23 88 0.11107
23 89 0.0604
23 90 -0.00505
23 91 0.07848
23 92 0.03155
23 93 0.06776
23 94 -0.0084
23 95 -0.04433
23 96 0.1818
23 97 0.01991
23 98 -0.04373
23 99 -0.01123
24 25 -0.10751
24 26 0.04511
24 27 0.12438
24 28 0.04874
24 29 -0.03862
24 30 -0.07002
24 31 -0.12603
24 32 -0.00787
24 33 0.08125
24 34 0.16771
24 35 -0.09261
24 36 -0.03333
24 37 0.09492
24 38 0.0326
24 39 0.20427
24 40 -0.03202
24 41 -0.00753
24 42 -0.08651
24 43 -0.00572
24 44 -0.10073
24 45 -0.08454
24 46 0.11424
24 47 0.15761
24 48 -0.02646
24 49 -0.08551
24 50 -0.06079
24 51 -0.1379
24 52 0.25244
24 53 -0.02593
24 54 -0.10935
24 55 -0.04125
24 56 -0.11832
24 57 -0.0514
24 58 0.01215
24 59 -0.04844
24 60 -0.03098
24 61 0.04745
24 62 0.17622
24 63 0.00762
24 64 0.11593
24 65 -0.07135
24 66 -0.0316
24 67 0.00836
24 68 0.06385
24 69 -0.04091
24 70 0.17572
24 71 0.21255
24 72 0.06523
24 73 0.04331
24 74 -0.04267
24 75 0.174
24 76 0.00912
24 77 -0.0552
24 78 0.03827
24 79 -0.02178
24 80 0.09173
24 81 -0.03854
24 82 0.04558
24 83 -0.10479
24 84 -0.16266
24 85 -0.01073
24 86 -0.1001
24 87 -0.15689
24 88 0.11263
24 89 0.23236
24 90 -0.09412
24 91 -0.0337
24 92 0.02733
24 93 -0.0115
24 94 -0.04035
24 95 -0.06644
24 96 -0.00864
24 97 0.01716
24 98 0.07694
24 99 -0.05307
25 26 0.10533
25 27 -0.11821
25 28 -0.06382
25 29 0.07713
25 30 0.03417
25 31 -0.01825
25 32 0.05595
25 33 -0.1325
25 34 -0.07375
25 35 -0.03466
25 36 -0.07927
25 37 -0.00141
25 38 -0.06817
25 39 -0.09395
25 40 -0.06927
25 41 -0.05248
25 42 -0.08997
25 43 -0.00884
25 44 0.10952
25 45 -0.13232
25 46 -0.08415
25 47 0.0122
25 48 -0.21156
25 49 0.06609
25 50 -0.05934
25 51 -0.01459
25 52 0.07122
25 53 0.15713
25 54 0.02724
25 55 0.19784
25 56 -0.04105
25 57 0.0024
25 58 0.10191
25 59 0.0231
25 60 -0.04056
25 61 -0.03815
25 62 -0.19083
25 63 -0.05308
25 64 0.02837
25 65 0.06398
25 66 -0.01415
25 67 0.11994
25 68 -0.09466
25 69 0.0887
25 70 -0.07753
25 71 0.12666
25 72 0.02785
25 73 0.06625
25 74 0.23726
25 75 0.18847
25 76 0.07658
25 77 -0.10316
25 78 -0.09957
25 79 -0.04546
25 80 0.03246
25 81 0.03163
25 82 -0.15664
25 83 0.06774
25 84 -0.13795
25 85 -0.00225
25 86 -0.03883
25 87 0.0245
25 88 -0.04947
25 89 -0.08352
25 90 -0.09333
25 91 -0.08446
25 92 0.07413
25 93 -0.08951
25 94 0.09905
25 95 0.12981
25 96 -0.06453
25 97 0.00191
25 98 0.02776
25 99 -0.07413
26 27 0.02604
26 28 0.00451
26 29 0.12622
26 30 -0.13581
26 31 0.01616
26 32 0.04543
26 33 -0.09261
26 34 0.01803
26 35 0.09599
26 36 -0.06556
26 37 -0.07296
26 38 0.13607
26 39 -0.0596
26 40 -0.03022
26 41 0.04882
26 42 -0.02615
26 43 -0.05632
26 44 -0.10342
26 45 0.04657
26 46 0.00735
26 47 0.08518
26 48 -0.0061
26 49 -0.06818
26 50 0.10102
26 51 0.04063
26 52 -0.05402
26 53 -0.10609
26 54 -0.13961
26 55 -0.11221
26 56 0.03913
26 57 0.06945
26 58 0.12701
26 59 -0.10946
26 60 -0.00002
26 61 -0.01919
26 62 -0.01274
26 63 0.09653
26 64 0.11134
26 65 -0.08312
26 66 0.20666
26 67 0.04646
26 68 -0.12064
26 69 -0.16432
26 70 -0.06811
26 71 0.019
26 72 -0.03847
26 73 0.05517
26 74 0.04161
26 75 -0.12892
26 76 -0.07543
26 77 0.00573
26 78 0.03091
26 79 0.12602
26 80 0.16534
26 81 -0.02015
26 82 -0.01194
26 83 -0.0398
26 84 0.08989
26 85 -0.03147
26 86 -0.01057
26 87 0.20551
26 88 0.1142
26 89 0.23292
26 90 0.08347
26 91 -0.06198
26 92 0.12545
26 93 0.00475
26 94 -0.05577
26 95 -0.09817
26 96 0.0043
26 97 -0.0178
26 98 -0.05486
26 99 -0.17042
27 28 0.04515
27 29 0.0099
27 30 0.0571
27 31 -0.10197
27 32 0.0339
27 33 0.11361
27 34 -0.09718
27 35 0.08135
27 36 -0.08216
27 37 0.12629
27 38 0.03966
27 39 0.04264
27 40 -0.12458
27 41 0.15334
27 42 -0.1154
27 43 0.03458
27 44 0.00365
27 45 -0.03898
27 46 0.02239
27 47 0.09231
27 48 -0.02544
27 49 0.05489
27 50 0.18749
27 51 -0.11374
27 52 -0.02174
27 53 0.00846
27 54 0.0796
27 55 -0.17718
27 56 -0.10922
27 57 -0.16702
27 58 -0.06541
27 59 -0.09349
27 60 0.25008
27 61 0.00871
27 62 -0.11144
27 63 0.06665
27 64 0.07398
27 65 0.11416
27 66 -0.07434
27 67 0.05903
27 68 -0.08232
27 69 0.04398
27 70 0.01089
27 71 0.23292
27 72 -0.04444
27 73 -0.13671
27 74 -0.30251
27 75 -0.08687
27 76 -0.03787
27 77 -0.03317
27 78 0.06624
27 79 0.18643
27 80 -0.00382
27 81 0.11719
27 82 0.03231
27 83 0.08559
27 84 -0.04247
27 85 0.03363
27 86 -0.0383
27 87 0.04838
27 88 -0.04255
27 89 -0.11629
27 90 -0.10274
27 91 0.05224
27 92 0.05267
27 93 -0.03126
27 94 -0.06555
27 95 -0.07441
27 96 0.12024
27 97 0.09265
27 98 0.02146
27 99 0.01985
28 29 0.10392
28 30 -0.03486
28 31 -0.16947
28 32 -0.21419
28 33 0.07991
28 34 -0.00063
28 35 -0.09621
28 36 0.10939
28 37 0.19419
28 38 0.06249
28 39 0.05104
28 40 0.05497
28 41 -0.00955
28 42 0.12273
28 43 -0.01858
28 44 0.09452
28 45 0.11901
28 46 0.0097
28 47 -0.00593
28 48 0.06906
28 49 -0.14337
28 50 0.21651
28 51 0.09144
28 52 0.06595
28 53 -0.0765
28 54 -0.07537
28 55 -0.0009
28 56 -0.08768
28 57 0.16606
28 58 -0.01052
28 59 -0.05417
28 60 0.19023
28 61 -0.05621
28 62 -0.07064
28 63 -0.01013
28 64 -0.14227
28 65 0.13473
28 66 -0.01338
28 67 0.03644
28 68 0.04606
28 69 0.04927
28 70 0.05942
28 71 0.0046
28 72 -0.14654
28 73 0.07537
28 74 0.06211
28 75 -0.09721
28 76 0.03438
28 77 -0.05861
28 78 0.06723
28 79 0.01837
28 80 0.01395
28 81 -0.12684
28 82 -0.05117
28 83 -0.00109
28 84 0.02878
28 85 -0.08114
28 86 -0.0017
28 87 -0.16547
28 88 -0.06387
28 89 -0.18323
28 90 0.03236
28 91 -0.07851
28 92 -0.12209
28 93 -0.14077
28 94 -0.13471
28 95 -0.2108
28 96 -0.06567
28 97 0.09763
28 98 -0.02834
28 99 0.09382
29 30 -0.01978
29 31 0.00088
29 32 -0.07138
29 33 -0.12837
29 34 -0.01109
29 35 0.15148
29 36 0.09056
29 37 0.20179
29 38 -0.05333
29 39 -0.00519
29 40 -0.06396
29 41 0.15136
29 42 0.13607
29 43 0.11323
29 44 -0.1588
29 45 0.11532
29 46 0.17538
29 47 0.05105
29 48 -0.01247
29 49 0.15627
29 50 -0.00694
29 51 0.08649
29 52 -0.03075
29 53 -0.1598
29 54 -0.23116
29 55 -0.05246
29 56 -0.03036
29 57 -0.0781
29 58 -0.0652
29 59 -0.01729
29 60 -0.05742
29 61 -0.21502
29 62 0.17138
29 63 0.06986
29 64 0.12025
29 65 -0.09181
29 66 -0.02505
29 67 0.05428
29 68 -0.05344
29 69 -0.01919
29 70 0.01253
29 71 0.18276
29 72 -0.12601
29 73 -0.00557
29 74 0.13761
29 75 -0.01763
29 76 0.03442
29 77 0.03558
29 78 0.20842
29 79 -0.0503
29 80 0.01061
29 81 -0.02877
29 82 0.15729
29 83 0.02627
29 84 0.10061
29 85 -0.17055
29 86 0.09204
29 87 -0.11509
29 88 -0.08337
29 89 0.05499
29 90 0.02861
29 91 0.07864
29 92 -0.04523
29 93 0.07741
29 94 0.06011
29 95 0.03349
29 96 -0.12585
29 97 0.06649
29 98 -0.08605
29 99 -0.0257
30 31 -0.06166
30 32 0.1685
30 33 -0.00461
30 34 0.18318
30 35 0.11936
30 36 0.05817
30 37 -0.06288
30 38 0.27099
30 39 -0.11628
30 40 -0.11402
30 41 0.02107
30 42 0.00022
30 43 0.02296
30 44 0.17903
30 45 0.00772
30 46 0.26848
30 47 0.07084
30 48 -0.02317
30 49 0.11726
30 50 -0.08846
30 51 -0.07617
30 52 0.03631
30 53 0.10116
30 54 -0.10629
30 55 -0.07417
30 56 -0.00611
30 57 0.03236
30 58 0.09461
30 59 -0.19791
30 60 -0.036
30 61 0.10492
30 62 -0.08383
30 63 -0.05391
30 64 -0.19455
30 65 0.22145
30 66 -0.14575
30 67 0.05136
30 68 0.00769
30 69 -0.12443
30 70 -0.16503
30 71 -0.10411
30 72 0.04517
30 73 -0.09537
30 74 0.07072
30 75 -0.03946
30 76 0.11434
30 77 0.11844
30 78 -0.05682
30 79 -0.15893
30 80 -0.051
30 81 -0.33762
30 82 0.01862
30 83 0.00833
30 84 -0.13909
30 85 -0.02179
30 86 -0.05942
30 87 0.13631
30 88 -0.19585
30 89 -0.0862
30 90 -0.03085
30 91 0.15678
30 92 0.14307
30 93 -0.13052
30 94 0.14091
30 95 0.22505
30 96 -0.0823
30 97 0.01716
30 98 0.00319
30 99 0.11163
31 32 -0.1327
31 33 -0.11691
31 34 -0.00895
31 35 0.00691
31 36 -0.13562
31 37 -0.09419
31 38 0.09227
31 39 -0.00453
31 40 0.02485
31 41 -0.01216
31 42 0.00692
31 43 0.01407
31 44 0.07536
31 45 0.06399
31 46 -0.07567
31 47 0.01287
31 48 -0.01731
31 49 0.02975
31 50 0.10216
31 51 0.00372
31 52 0.00606
31 53 -0.17593
31 54 0.1352
31 55 0.04327
31 56 0.06493
31 57 0.06244
31 58 0.02483
31 59 -0.02949
31 60 0.0576
31 61 0.04235
31 62 0.06688
31 63 -0.03912
31 64 -0.01288
31 65 0.03509
31 66 0.0329
31 67 -0.05474
31 68 -0.02257
31 69 -0.02953
31 70 0.19532
31 71 0.03863
31 72 0.13353
31 73 -0.05925
31 74 0.00533
31 75 0.06623
31 76 0.07802
31 77 0.09401
31 78 -0.08575
31 79 -0.12188
31 80 0.15916
31 81 -0.09882
31 82 -0.00013
31 83 -0.00118
31 84 -0.11184
31 85 -0.12536
31 86 0.03053
31 87 -0.15573
31 88 -0.10411
31 89 -0.07582
31 90 0.23176
31 91 0.05679
31 92 -0.06514
31 93 0.03284
31 94 0.14458
31 95 -0.12102
31 96 0.01614
31 97 -0.26973
31 98 -0.0212
31 99 0.13377
32 33 0.06591
32 34 0.1677
32 35 0.1132
32 36 -0.03949
32 37 0.02444
32 38 0.02161
32 39 -0.1467
32 40 0.04228
32 41 0.05964
32 42 0.02577
32 43 0.11301
32 44 -0.05856
32 45 0.02496
32 46 0.0876
32 47 -0.14568
32 48 -0.19223
32 49 0.00415
32 50 -0.02133
32 51 -0.061
32 52 -0.08018
32 53 0.00202
32 54 -0.06632
32 55 0.02766
32 56 0.00407
32 57 -0.14813
32 58 0.00712
32 59 0.10915
32 60 0.03638
32 61 -0.00317
32 62 0.05534
32 63 -0.04987
32 64 0.02094
32 65 0.1925
32 66 0.03477
32 67 -0.0643
32 68 0.00818
32 69 0.18145
32 70 -0.12038
32 71 0.00442
32 72 0.12222
32 73 -0.11424
32 74 -0.07155
32 75 -0.02513
32 76 -0.02503
32 77 0.14559
32 78 -0.12097
32 79 -0.0177
32 80 -0.11535
32 81 -0.19074
32 82 0.12499
32 83 -0.15112
32 84 -0.16417
32 85 0.01756
32 86 -0.1841
32 87 -0.04528
32 88 -0.12613
32 89 0.0488
32 90 -0.05782
32 91 0.08993
32 92 0.13203
32 93 -0.11665
32 94 0.08237
32 95 0.02616
32 96 0.03799
32 97 -0.06955
32 98 0.01257
32 99 0.07678
33 34 -0.05146
33 35 -0.01732
33 36 0.02261
33 37 0.01682
33 38 0.03136
33 39 0.2429
33 40 0.04483
33 41 0.15271
33 42 -0.00608
33 43 -0.22127
33 44 -0.01089
33 45 -0.11333
33 46 0.05728
33 47 0.16226
33 48 -0.01717
33 49 0.07302
33 50 -0.13631
33 51 0.07909
33 52 0.12068
33 53 0.25123
33 54 0.05409
33 55 0.12927
33 56 -0.10923
33 57 0.08612
33 58 -0.09396
33 59 -0.0312
33 60 0.07884
33 61 -0.02062
33 62 -0.00958
33 63 0.11911
33 64 0.23888
33 65 0.17042
33 66 0.042
33 67 0.21524
33 68 -0.13458
33 69 0.04289
33 70 0.08866
33 71 0.03718
33 72 -0.06043
33 73 -0.03063
33 74 0.05157
33 75 0.02103
33 76 0.11021
33 77 0.02563
33 78 -0.20921
33 79 -0.0411
33 80 0.03811
33 81 -0.12553
33 82 -0.12115
33 83 -0.03448
33 84 0.11741
33 85 -0.15127
33 86 -0.02191
33 87 0.00734
33 88 0.11847
33 89 0.10773
33 90 -0.00883
33 91 0.17482
33 92 -0.21626
33 93 0.06322
33 94 -0.21972
33 95 -0.15768
33 96 -0.06459
33 97 -0.06168
33 98 -0.13592
33 99 -0.03591
34 35 0.12487
34 36 0.10403
34 37 0.01586
34 38 0.11582
34 39 0.09638
34 40 -0.10184
34 41 -0.16405
34 42 0.30311
34 43 0.07043
34 44 -0.05779
34 45 0.13238
34 46 -0.08083
34 47 -0.04599
34 48 0.14108
34 49 0.01415
34 50 0.13726
34 51 0.01191
34 52 -0.14568
34 53 -0.04233
34 54 -0.07222
34 55 0.09977
34 56 -0.04658
34 57 -0.20552
34 58 0.04702
34 59 -0.03633
34 60 -0.04708
34 61 0.0832
34 62 0.16734
34 63 0.21855
34 64 -0.13495
34 65 0.09799
34 66 0.06899
34 67 0.07561
34 68 -0.03071
34 69 0.01905
34 70 0.01485
34 71 0.09364
34 72 -0.00411
34 73 -0.06933
34 74 0.03913
34 75 0.01487
34 76 0.13659
34 77 0.06046
34 78 0.08569
34 79 0.00754
34 80 0.05074
34 81 0.05125
34 82 0.08379
34 83 -0.04491
34 84 0.14527
34 85 0.12666
34 86 -0.04655
34 87 -0.23356
34 88 0.18055
34 89 -0.09919
34 90 -0.14754
34 91 0.00033
34 92 0.0467
34 93 -0.00979
34 94 0.01188
34 95 -0.05108
34 96 0.01464
34 97 0.02492
34 98 -0.09386
34 99 -0.13267
35 36 -0.00018
35 37 -0.08591
35 38 -0.04594
35 39 0.01592
35 40 0.04694
35 41 0.02476
35 42 0.03761
35 43 -0.0217
35 44 0.10227
35 45 0.20136
35 46 0.01278
35 47 0.03003
35 48 0.07463
35 49 0.06334
35 50 -0.03523
35 51 0.02859
35 52 -0.23869
35 53 0.16638
35 54 0.09189
35 55 0.01241
35 56 -0.04504
35 57 0.23958
35 58 -0.03097
35 59 -0.19172
35 60 0.2737
35 61 0.05062
35 62 -0.20598
35 63 -0.03216
35 64 -0.15339
35 65 -0.1262
35 66 -0.02974
35 67 -0.0287
35 68 0.08087
35 69 0.11717
35 70 -0.20358
35 71 -0.10296
35 72 -0.2043
35 73 0.18859
35 74 0.15351
35 75 0.12041
35 76 0.02779
35 77 -0.1317
35 78 0.03106
35 79 -0.05564
35 80 -0.0849
35 81 0.11935
35 82 0.10304
35 83 0.05782
35 84 0.18388
35 85 -0.09113
35 86 0.11795
35 87 -0.07271
35 88 -0.00605
35 89 -0.01594
35 90 0.14372
35 91 0.01918
35 92 0.02894
35 93 -0.32134
35 94 0.0103
35 95 0.13324
35 96 -0.09333
35 97 -0.05515
35 98 0.19711
35 99 -0.05796
36 37 0.03448
36 38 -0.0234
36 39 0.16272
36 40 -0.00941
36 41 0.06047
36 42 -0.08874
36 43 -0.14168
36 44 0.17532
36 45 0.08711
36 46 -0.04951
36 47 0.00803
36 48 -0.0484
36 49 0.16806
36 50 -0.0234
36 51 -0.0905
36 52 -0.12675
36 53 -0.13848
36 54 -0.13192
36 55 -0.10173
36 56 -0.07739
36 57 -0.03696
36 58 0.04022
36 59 -0.07885
36 60 0.02712
36 61 0.04767
36 62 0.05945
36 63 0.10251
36 64 0.04419
36 65 -0.08976
36 66 -0.16125
36 67 -0.14901
36 68 0.06158
36 69 -0.00947
36 70 0.03873
36 71 -0.00306
36 72 0.1301
36 73 -0.1185
36 74 0.03571
36 75 0.05919
36 76 -0.11671
36 77 -0.12114
36 78 -0.10246
36 79 -0.00372
36 80 0.03373
36 81 -0.09373
36 82 -0.15456
36 83 0.00423
36 84 -0.09062
36 85 0.10449
36 86 0.0604
36 87 -0.03446
36 88 -0.09637
36 89 -0.04752
36 90 -0.06165
36 91 0.0021
36 92 0.07057
36 93 -0.03852
36 94 -0.0797
36 95 -0.14582
36 96 0.12091
36 97 -0.15054
36 98 -0.13974
36 99 -0.03222
37 38 0.22927
37 39 0.09362
37 40 -0.0111
37 41 0.01787
37 42 -0.01345
37 43 -0.05765
37 44 0.14238
37 45 -0.04987
37 46 0.03613
37 47 -0.13783
37 48 -0.02056
37 49 0.11402
37 50 -0.06213
37 51 0.08927
37 52 -0.04567
37 53 0.03516
37 54 0.02887
37 55 0.03444
37 56 -0.07928
37 57 -0.1931
37 58 -0.00863
37 59 0.09331
37 60 -0.00136
37 61 0.16442
37 62 -0.02045
37 63 0.01835
37 64 0.11433
37 65 0.02727
37 66 0.09741
37 67 0.15715
37 68 -0.13921
37 69 -0.02539
37 70 0.06627
37 71 0.07802
37 72 -0.074
37 73 -0.23174
37 74 0.01733
37 75 -0.08206
37 76 0.05174
37 77 -0.02821
37 78 0.13073
37 79 0.05134
37 80 -0.00957
37 81 -0.1033
37 82 -0.0597
37 83 -0.00405
37 84 0.0026
37 85 0.04104
37 86 -0.04096
37 87 -0.01738
37 88 -0.03003
37 89 0.06521
37 90 -0.00259
37 91 0.20925
37 92 0.10777
37 93 0.14661
37 94 -0.04338
37 95 0.02189
37 96 -0.00309
37 97 0.0219
37 98 -0.15149
37 99 0.01741
38 39 0.04592
38 40 0.03628
38 41 0.02143
38 42 0.02261
38 43 -0.11694
38 44 0.07329
38 45 0.07149
38 46 0.18325
38 47 0.09603
38 48 0.00153
38 49 0.12359
38 50 0.22016
38 51 -0.14431
38 52 0.04364
38 53 0.1151
38 54 0.12266
38 55 0.06364
38 56 -0.03523
38 57 -0.08128
38 58 0.04575
38 59 0.11303
38 60 0.10122
38 61 0.06274
38 62 -0.19293
38 63 -0.07403
38 64 0.0129
38 65 0.09879
38 66 0.08322
38 67 0.0276
38 68 -0.05879
38 69 0.05958
38 70 -0.06296
38 71 -0.06375
38 72 0.0119
38 73 0.0379
38 74 -0.07779
38 75 0.03366
38 76 -0.05165
38 77 0.13433
38 78 0.05507
38 79 0.02621
38 80 -0.00365
38 81 0.03332
38 82 0.0366
38 83 -0.14142
38 84 0.02663
38 85 -0.04165
38 86 0.01724
38 87 -0.06077
38 88 0.03935
38 89 -0.00871
38 90 -0.0558
38 91 0.03496
38 92 -0.10126
38 93 -0.00341
38 94 0.00507
38 95 0.07999
38 96 -0.0912
38 97 -0.06708
38 98 0.02127
38 99 -0.0453
39 40 -0.04633
39 41 -0.00088
39 42 0.04319
39 43 0.11933
39 44 -0.03703
39 45 -0.05611
39 46 0.0204
39 47 -0.12012
39 48 -0.11501
39 49 0.04725
39 50 -0.23287
39 51 -0.04349
39 52 0.11495
39 53 -0.0836
39 54 0.00996
39 55 -0.00359
39 56 -0.00021
39 57 0.0602
39 58 -0.0126
39 59 0.01943
39 60 -0.11816
39 61 -0.12583
39 62 0.10609
39 63 0.07884
39 64 -0.04186
39 65 -0.00378
39 66 0.02833
39 67 0.21469
39 68 0.03008
39 69 -0.01573
39 70 -0.02699
39 71 -0.09417
39 72 -0.06176
39 73 -0.02338
39 74 0.04806
39 75 -0.07471
39 76 -0.01094
39 77 0.05794
39 78 -0.06399
39 79 0.1594
39 80 0.17532
39 81 -0.12975
39 82 -0.0052
39 83 -0.08527
39 84 -0.20982
39 85 0.1099
39 86 0.02425
39 87 0.04325
39 88 -0.11978
39 89 0.08822
39 90 -0.00018
39 91 0.12853
39 92 -0.0093
39 93 0.04138
39 94 0.05754
39 95 -0.01577
39 96 -0.03819
39 97 0.1335
39 98 0.05818
39 99 0.00755
40 41 -0.1188
40 42 -0.02411
40 43 -0.12845
40 44 -0.04105
40 45 0.03847
40 46 0.00202
40 47 0.08427
40 48 -0.0576
40 49 -0.03139
40 50 0.01255
40 51 -0.0171
40 52 0.06961
40 53 0.02622
40 54 -0.00337
40 55 -0.14232
40 56 0.00159
40 57 -0.17936
40 58 -0.06241
40 59 0.02629
40 60 -0.11911
40 61 -0.10066
40 62 -0.03318
40 63 -0.09243
40 64 -0.12212
40 65 0.0537
40 66 -0.1704
40 67 0.06878
40 68 0.10199
40 69 0.02008
40 70 -0.16196
40 71 -0.03646
40 72 -0.13999
40 73 -0.06052
40 74 0.07116
40 75 0.19692
40 76 -0.02343
40 77 0.02116
40 78 0.01067
40 79 0.02457
40 80 -0.03635
40 81 -0.06325
40 82 0.01615
40 83 -0.13851
40 84 0.11964
40 85 0.15493
40 86 0.13643
40 87 0.02668
40 88 0.08677
40 89 -0.00592
40 90 -0.00762
40 91 -0.01888
40 92 0.05026
40 93 -0.09037
40 94 -0.16945
40 95 -0.02183
40 96 0.0401
40 97 0.06032
40 98 0.02703
40 99 -0.0082
41 42 0.07305
41 43 0.03726
41 44 0.09366
41 45 -0.11973
41 46 -0.0458
41 47 -0.15373
41 48 -0.06236
41 49 -0.21499
41 50 0.10922
41 51 0.13122
41 52 0.06672
41 53 -0.11719
41 54 0.07086
41 55 -0.07193
41 56 0.05463
41 57 -0.04446
41 58 0.05463
41 59 0.05759
41 60 -0.22051
41 61 -0.15754
41 62 -0.17894
41 63 0.01111
41 64 0.01465
41 65 0.0182
41 66 0.18652
41 67 -0.07995
41 68 -0.03067
41 69 0.0265
41 70 -0.07866
41 71 -0.00811
41 72 -0.02261
41 73 -0.01054
41 74 -0.0594
41 75 0.12859
41 76 -0.01025
41 77 0.10657
41 78 0.01442
41 79 0.0102
41 80 -0.13616
41 81 -0.17018
41 82 -0.03912
41 83 -0.12514
41 84 -0.00692
41 85 0.08667
41 86 -0.13624
41 87 -0.02352
41 88 -0.01386
41 89 0.03638
41 90 0.08617
41 91 -0.0869
41 92 0.11168
41 93 0.28613
41 94 0.18568
41 95 0.12219
41 96 -0.13842
41 97 -0.03601
41 98 0.0016
41 99 0.02913
42 43 -0.04352
42 44 0.19009
42 45 -0.00422
42 46 0.10798
42 47 0.00154
42 48 -0.06933
42 49 -0.08369
42 50 0.12464
42 51 0.11427
42 52 -0.08284
42 53 0.0125
42 54 0.05777
42 55 0.04072
42 56 0.12785
42 57 -0.08566
42 58 -0.07748
42 59 -0.15545
42 60 0.00019
42 61 -0.0727
42 62 -0.07024
42 63 -0.08322
42 64 -0.01478
42 65 -0.16255
42 66 0.05047
42 67 0.0192
42 68 -0.10738
42 69 -0.12496
42 70 -0.02409
42 71 0.08211
42 72 0.10793
42 73 -0.05367
42 74 0.09505
42 75 0.09654
42 76 -0.11913
42 77 -0.00976
42 78 0.0128
42 79 0.10999
42 80 0.10392
42 81 -0.03223
42 82 -0.13021
42 83 -0.00097
42 84 -0.12154
42 85 0.13004
42 86 -0.21555
42 87 -0.18992
42 88 0.00908
42 89 -0.04614
42 90 0.09644
42 91 -0.09839
42 92 0.04484
42 93 -0.0568
42 94 0.00538
42 95 0.04126
42 96 -0.12872
42 97 -0.08646
42 98 -0.03418
42 99 -0.09502
43 44 0.03241
43 45 0.00073
43 46 0.13538
43 47 -0.08743
43 48 -0.00084
43 49 0.15959
43 50 0.02756
43 51 -0.12922
43 52 0.10993
43 53 -0.07006
43 54 0.05196
43 55 -0.11759
43 56 0.04206
43 57 0.03411
43 58 0.08783
43 59 0.09915
43 60 -0.10674
43 61 -0.08629
43 62 0.17989
43 63 -0.04142
43 64 -0.1032
43 65 0.07001
43 66 0.03982
43 67 -0.1513
43 68 0.15857
43 69 -0.05571
43 70 -0.08211
43 71 -0.18981
43 72 -0.0187
43 73 0.09992
43 74 0.12383
43 75 -0.09384
43 76 0.0318
43 77 0.07176
43 78 -0.06499
43 79 0.14823
43 80 0.11326
43 81 -0.09793
43 82 0.06162
43 83 0.02442
43 84 -0.0391
43 85 -0.26548
43 86 0.09661
43 87 -0.1828
43 88 0.03507
43 89 -0.08123
43 90 -0.07968
43 91 -0.16438
43 92 -0.06442
43 93 0.14222
43 94 0.01052
43 95 0.08055
43 96 0.03738
43 97 -0.01533
43 98 -0.07162
43 99 -0.06441
44 45 -0.10454
44 46 -0.11909
44 47 -0.00795
44 48 0.02519
44 49 0.14313
44 50 -0.02532
44 51 -0.17122
44 52 0.00704
44 53 0.04757
44 54 0.06742
44 55 -0.02919
44 56 -0.006
44 57 0.02449
44 58 0.00518
44 59 0.09105
44 60 -0.02864
44 61 0.08778
44 62 0.17146
44 63 -0.01387
44 64 -0.07577
44 65 -0.02195
44 66 -0.07893
44 67 0.04977
44 68 -0.06116
44 69 0.15323
44 70 -0.06179
44 71 0.05393
44 72 -0.05657
44 73 0.01585
44 74 0.12131
44 75 -0.07864
44 76 0.03997
44 77 0.11353
44 78 -0.05236
44 79 0.27912
44 80 -0.103
44 81 -0.04776
44 82 -0.02144
44 83 -0.12531
44 84 0.1472
44 85 -0.04484
44 86 -0.04758
44 87 -0.11766
44 88 -0.04729
44 89 0.0945
44 90 -0.02142
44 91 -0.05582
44 92 -0.09066
44 93 0.04694
44 94 0.03569
44 95 0.14905
44 96 0.08571
44 97 0.13246
44 98 -0.0549
44 99 -0.07592
45 46 0.18127
45 47 0.0395
45 48 0.03596
45 49 -0.06957
45 50 -0.08572
45 51 -0.16232
45 52 -0.01
45 53 0.00986
45 54 0.09326
45 55 -0.12793
45 56 -0.10636
45 57 -0.01034
45 58 0.17004
45 59 0.02701
45 60 -0.12823
45 61 -0.02086
45 62 -0.05065
45 63 0.02585
45 64 0.11522
45 65 -0.05741
45 66 0.05644
45 67 -0.11321
45 68 0.02365
45 69 -0.00278
45 70 0.04942
45 71 -0.13714
45 72 -0.09381
45 73 -0.08927
45 74 -0.0236
45 75 -0.00436
45 76 0.02399
45 77 0.07799
45 78 -0.11344
45 79 0.00878
45 80 0.13671
45 81 0.05171
45 82 0.00333
45 83 -0.13207
45 84 0.12878
45 85 -0.06216
45 86 -0.08284
45 87 -0.02929
45 88 0.19158
45 89 0.02924
45 90 0.14556
45 91 0.09891
45 92 -0.00969
45 93 -0.03521
45 94 0.09296
45 95 -0.02793
45 96 0.06354
45 97 0.15182
45 98 -0.01332
45 99 -0.02965
46 47 -0.02939
46 48 0.09084
46 49 0.06455
46 50 -0.25735
46 51 0.01293
46 52 -0.01328
46 53 -0.02551
46 54 0.00736
46 55 0.13567
46 56 -0.02748
46 57 0.21889
46 58 -0.03251
46 59 0.19455
46 60 0.06261
46 61 0.04188
46 62 0.14878
46 63 -0.06609
46 64 0.08067
46 65 -0.02539
46 66 -0.00128
46 67 -0.02602
46 68 0.07334
46 69 -0.01786
46 70 -0.15003
46 71 -0.1484
46 72 -0.08896
46 73 0.12442
46 74 0.12264
46 75 0.16412
46 76 0.07029
46 77 -0.00091
46 78 0.1359
46 79 0.13069
46 80 0.01671
46 81 0.01806
46 82 -0.00705
46 83 0.21459
46 84 -0.08651
46 85 0.05482
46 86 -0.02787
46 87 -0.22689
46 88 0.01909
46 89 -0.12715
46 90 0.03175
46 91 -0.04026
46 92 -0.04071
46 93 -0.21519
46 94 -0.08861
46 95 -0.17834
46 96 -0.0613
46 97 -0.24432
46 98 0.00544
46 99 0.09538
47 48 -0.01702
47 49 0.25106
47 50 -0.17665
47 51 0.10799
47 52 0.0372
47 53 0.00416
47 54 0.07313
47 55 0.01906
47 56 -0.17608
47 57 -0.07666
47 58 0.16111
47 59 -0.11203
47 60 0.11435
47 61 0.01812
47 62 -0.09147
47 63 -0.15068
47 64 0.04693
47 65 -0.06176
47 66 0.03923
47 67 -0.02243
47 68 -0.14967
47 69 0.04072
47 70 -0.06839
47 71 -0.10578
47 72 0.05138
47 73 0.06593
47 74 -0.03236
47 75 -0.13186
47 76 0.07196
47 77 -0.06673
47 78 0.0468
47 79 -0.06073
47 80 -0.09697
47 81 -0.03284
47 82 -0.03758
47 83 0.05968
47 84 -0.03161
47 85 -0.00689
47 86 0.11703
47 87 -0.14556
47 88 0.07462
47 89 0.04291
47 90 -0.01305
47 91 0.02824
47 92 0.06056
47 93 -0.10699
47 94 -0.14789
47 95 0.05695
47 96 -0.23099
47 97 -0.03116
47 98 0.00635
47 99 -0.01875
48 49 0.11627
48 50 0.15515
48 51 0.02124
48 52 -0.09463
48 53 0.05133
48 54 -0.00968
48 55 -0.11021
48 56 0.08206
48 57 -0.01602
48 58 -0.10638
48 59 -0.26761
48 60 -0.08921
48 61 -0.04963
48 62 0.01822
48 63 -0.01117
48 64 0.0186
48 65 -0.09395
48 66 0.17169
48 67 0.02477
48 68 -0.09552
48 69 0.08488
48 70 -0.0216
48 71 0.14337
48 72 -0.04557
48 73 0.03212
48 74 0.19229
48 75 0.19882
48 76 -0.02375
48 77 0.11527
48 78 -0.25229
48 79 0.02782
48 80 -0.03207
48 81 -0.19084
48 82 0.0297
48 83 -0.02291
48 84 0.21034
48 85 0.02426
48 86 0.21898
48 87 0.04188
48 88 0.0424
48 89 -0.14633
48 90 -0.07943
48 91 0.02784
48 92 0.04398
48 93 -0.07553
48 94 -0.03746
48 95 -0.04162
48 96 -0.04756
48 97 0.06938
48 98 -0.01488
48 99 -0.07298
49 50 0.1041
49 51 -0.03186
49 52 -0.06213
49 53 -0.35934
49 54 -0.09815
49 55 0.06297
49 56 0.22313
49 57 0.10181
49 58 -0.02579
49 59 0.05377
49 60 0.04418
49 61 -0.01466
49 62 0.02321
49 63 0.17706
49 64 0.1966
49 65 0.064
49 66 -0.03701
49 67 0.07756
49 68 0.10034
49 69 0.06869
49 70 -0.0462
49 71 -0.05673
49 72 0.0704
49 73 -0.02183
49 74 0.08552
49 75 0.11601
49 76 -0.01905
49 77 -0.02931
49 78 -0.0072
49 79 -0.09521
49 80 0.09275
49 81 0.02484
49 82 -0.09431
49 83 0.09836
49 84 0.10444
49 85 -0.1078
49 86 -0.07206
49 87 0.12838
49 88 0.08705
49 89 0.00475
49 90 0.00768
49 91 -0.06256
49 92 0.00053
49 93 0.05655
49 94 -0.06297
49 95 -0.08375
49 96 -0.06471
49 97 -0.10522
49 98 -0.07259
49 99 0.06611
50 51 -0.06695
50 52 0.11596
50 53 -0.05535
50 54 0.02285
50 55 0.01806
50 56 0.05804
50 57 -0.22543
50 58 -0.00345
50 59 0.07269
50 60 -0.02751
50 61 -0.06918
50 62 -0.21566
50 63 -0.08943
50 64 0.11282
50 65 -0.02065
50 66 0.10625
50 67 -0.09126
50 68 -0.24752
50 69 0.0039
50 70 -0.27844
50 71 -0.12678
50 72 -0.14683
50 73 0.06674
50 74 -0.04226
50 75 0.00007
50 76 0.01211
50 77 -0.10146
50 78 0.04449
50 79 -0.05608
50 80 0.0328
50 81 -0.01843
50 82 -0.08796
50 83 0.23864
50 84 -0.05499
50 85 -0.01146
50 86 -0.01742
50 87 0.01193
50 88 0.17832
50 89 0.0502
50 90 -0.0189
50 91 0.18696
50 92 0.09537
50 93 -0.10507
50 94 0.16003
50 95 0.06482
50 96 0.00386
50 97 -0.13935
50 98 -0.04868
50 99 -0.10408
51 52 0.03963
51 53 0.16263
51 54 0.11407
51 55 0.10604
51 56 0.06013
51 57 -0.19126
51 58 0.27621
51 59 0.13085
51 60 0.01836
51 61 0.07152
51 62 -0.09539
51 63 -0.22109
51 64 0.0245
51 65 -0.00166
51 66 -0.00789
51 67 0.0328
51 68 0.05759
51 69 -0.03774
51 70 0.05662
51 71 0.06443
51 72 0.1146
51 73 -0.03263
51 74 -0.08834
51 75 -0.03364
51 76 -0.13623
51 77 0.13986
51 78 -0.09886
51 79 -0.00728
51 80 0.0675
51 81 -0.04381
51 82 0.00644
51 83 0.03086
51 84 0.27085
51 85 0.03747
51 86 0.0032
51 87 0.10744
51 88 -0.02951
51 89 -0.01457
51 90 -0.06484
51 91 -0.03827
51 92 0.02931
51 93 -0.11657
51 94 0.12799
51 95 0.02794
51 96 -0.04829
51 97 0.12134
51 98 -0.024
51 99 -0.05543
52 53 0.00885
52 54 0.05711
52 55 0.06042
52 56 -0.03883
52 57 0.00711
52 58 0.00632
52 59 -0.0815
52 60 0.007
52 61 0.11115
52 62 -0.05827
52 63 0.01661
52 64 0.14916
52 65 0.05408
52 66 -0.08141
52 67 0.01191
52 68 0.09428
52 69 -0.13841
52 70 -0.03217
52 71 -0.02666
52 72 -0.25552
52 73 0.0505
52 74 -0.08834
52 75 0.01511
52 76 0.05636
52 77 -0.16384
52 78 -0.07838
52 79 0.056
52 80 -0.07796
52 81 0.00723
52 82 -0.0799
52 83 -0.02904
52 84 0.23974
52 85 -0.00704
52 86 0.02048
52 87 -0.0552
52 88 -0.09861
52 89 0.09802
52 90 -0.00266
52 91 0.17682
52 92 -0.03142
52 93 0.0641
52 94 -0.02814
52 95 0.04236
52 96 -0.04716
52 97 0.04101
52 98 0.08669
52 99 0.10905
53 54 0.06064
53 55 0.17108
53 56 -0.00527
53 57 0.11839
53 58 0.01825
53 59 0.00981
53 60 -0.0888
53 61 -0.03195
53 62 -0.03394
53 63 -0.05245
53 64 0.17387
53 65 0.21618
53 66 -0.04133
53 67 0.09288
53 68 0.07742
53 69 -0.09629
53 70 0.19005
53 71 -0.03264
53 72 -0.10812
53 73 -0.09653
53 74 0.11142
53 75 -0.06368
53 76 0.07113
53 77 0.09933
53 78 -0.17045
53 79 0.1109
53 80 -0.13358
53 81 -0.00049
53 82 0.00876
53 83 0.0219
53 84 -0.03232
53 85 0.00231
53 86 0.22308
53 87 -0.08176
53 88 0.20257
53 89 0.06785
53 90 0.01281
53 91 0.18142
53 92 -0.00072
53 93 0.04105
53 94 0.06948
53 95 -0.14844
53 96 -0.02386
53 97 0.13664
53 98 -0.09187
53 99 -0.00949
54 55 0.13438
54 56 -0.04926
54 57 0.07329
54 58 -0.15016
54 59 0.03575
54 60 0.07345
54 61 -0.19252
54 62 -0.04947
54 63 -0.07789
54 64 -0.07535
54 65 -0.0214
54 66 0.1825
54 67 -0.02826
54 68 0.0362
54 69 0.00198
54 70 0.02797
54 71 -0.06214
54 72 -0.04821
54 73 -0.06224
54 74 -0.12155
54 75 0.27372
54 76 0.09354
54 77 0.07923
54 78 -0.0194
54 79 -0.03205
54 80 0.0189
54 81 0.04366
54 82 0.01221
54 83 -0.09794
54 84 0.15971
54 85 -0.16967
54 86 0.30386
54 87 0.17922
54 88 0.04812
54 89 0.10311
54 90 -0.06137
54 91 0.13549
54 92 -0.01204
54 93 -0.02967
54 94 -0.13465
54 95 0.04161
54 96 0.18894
54 97 -0.11608
54 98 0.15944
54 99 0.16234
55 56 0.17082
55 57 0.03093
55 58 -0.08774
55 59 0.00059
55 60 -0.01996
55 61 -0.10736
55 62 0.0278
55 63 0.038
55 64 -0.07398
55 65 -0.02702
55 66 0.02072
55 67 -0.11377
55 68 0.05798
55 69 0.11907
55 70 -0.00736
55 71 0.06962
55 72 0.12027
55 73 -0.00766
55 74 -0.05521
55 75 0.00996
55 76 -0.02982
55 77 -0.09826
55 78 -0.02255
55 79 0.09773
55 80 0.06905
55 81 0.06669
55 82 -0.03421
55 83 0.01491
55 84 -0.0174
55 85 -0.00489
55 86 0.02439
55 87 -0.08974
55 88 -0.04181
55 89 -0.0148
55 90 -0.05694
55 91 -0.00492
55 92 -0.02342
55 93 0.27986
55 94 0.02942
55 95 0.10329
55 96 0.00735
55 97 -0.02613
55 98 -0.04341
55 99 -0.00067
56 57 0.02381
56 58 0.0002
56 59 -0.04891
56 60 0.0985
56 61 -0.10845
56 62 -0.21686
56 63 0.00897
56 64 0.11804
56 65 0.018
56 66 0.07251
56 67 -0.16255
56 68 0.07707
56 69 -0.02183
56 70 -0.1587
56 71 -0.11307
56 72 0.01891
56 73 0.05239
56 74 -0.1558
56 75 0.0866
56 76 0.09184
56 77 0.01346
56 78 0.00191
56 79 0.00038
56 80 0.03837
56 81 0.10474
56 82 0.02561
56 83 0.14312
56 84 0.04368
56 85 0.11642
56 86 0.15674
56 87 0.03422
56 88 -0.04222
56 89 -0.03028
56 90 0.03965
56 91 -0.05615
56 92 0.0063
56 93 -0.10141
56 94 0.03152
56 95 0.19023
56 96 0.02213
56 97 -0.12599
56 98 0.10487
56 99 -0.1779
57 58 -0.12047
57 59 0.00582
57 60 0.00082
57 61 -0.00143
57 62 -0.02468
57 63 -0.05025
57 64 0.11257
57 65 0.17536
57 66 0.06462
57 67 -0.11971
57 68 -0.13351
57 69 -0.16365
57 70 -0.11144
57 71 0.00212
57 72 -0.02172
57 73 0.0795
57 74 -0.10518
57 75 0.12064
57 76 0.11008
57 77 0.11897
57 78 0.09281
57 79 -0.02554
57 80 -0.01932
57 81 -0.0037
57 82 0.07931
57 83 0.00188
57 84 -0.10608
57 85 -0.04633
57 86 -0.03874
57 87 0.14124
57 88 -0.29317
57 89 -0.07664
57 90 0.02956
57 91 -0.14191
57 92 0.11983
57 93 0.0313
57 94 0.08141
57 95 0.09677
57 96 -0.01013
57 97 0.04589
57 98 0.0304
57 99 0.01021
58 59 -0.01533
58 60 -0.10107
58 61 0.02264
58 62 -0.12358
58 63 -0.02285
58 64 0.01256
58 65 -0.06299
58 66 -0.16351
58 67 -0.10551
58 68 -0.11577
58 69 0.22627
58 70 -0.17841
58 71 0.07391
58 72 -0.10379
58 73 -0.19189
58 74 0.02034
58 75 -0.03965
58 76 0.17996
58 77 0.0254
58 78 -0.05569
58 79 -0.00886
58 80 0.07507
58 81 0.10712
58 82 -0.08241
58 83 0.18166
58 84 0.11168
58 85 0.04311
58 86 -0.04742
58 87 -0.04645
58 88 0.0567
58 89 -0.1025
58 90 -0.07259
58 91 -0.00154
58 92 0.03714
58 93 -0.0255
58 94 0.03956
58 95 0.15712
58 96 -0.01264
58 97 -0.04623
58 98 -0.11436
58 99 -0.03328
59 60 0.02626
59 61 0.09462
59 62 -0.09386
59 63 -0.03187
59 64 -0.07741
59 65 0.07844
59 66 -0.04774
59 67 0.10372
59 68 0.08775
59 69 -0.01338
59 70 -0.07818
59 71 0.02802
59 72 0.09059
59 73 0.09354
59 74 0.00086
59 75 0.07175
59 76 -0.03804
59 77 0.08571
59 78 0.08205
59 79 0.00071
59 80 0.08033
59 81 -0.22072
59 82 -0.07314
59 83 -0.08998
59 84 0.1051
59 85 0.05807
59 86 -0.11996
59 87 0.03693
59 88 0.10051
59 89 0.04424
59 90 -0.00341
59 91 -0.04567
59 92 -0.18023
59 93 -0.10074
59 94 -0.12687
59 95 0.26042
59 96 0.20081
59 97 -0.09322
59 98 0.02237
59 99 0.12856
60 61 -0.0892
60 62 0.1256
60 63 -0.04674
60 64 -0.14715
60 65 -0.13948
60 66 -0.04146
60 67 0.04871
60 68 -0.02536
60 69 -0.07485
60 70 -0.13038
60 71 -0.04375
60 72 0.14251
60 73 -0.11686
60 74 0.03267
60 75 0.1225
60 76 -0.00869
60 77 0.06761
60 78 -0.11581
60 79 -0.01491
60 80 -0.05642
60 81 -0.09899
60 82 0.00046
60 83 -0.00822
60 84 0.09917
60 85 -0.03299
60 86 -0.0592
60 87 0.01643
60 88 0.07627
60 89 -0.08327
60 90 0.14731
60 91 -0.10363
60 92 -0.11796
60 93 -0.15508
60 94 0.14891
60 95 0.12154
60 96 0.1904
60 97 -0.05468
60 98 0.02936
60 99 0.09089
61 62 -0.04238
61 63 0.00674
61 64 -0.09513
61 65 0.12261
61 66 -0.0111
61 67 0.1798
61 68 -0.0783
61 69 -0.04544
61 70 0.07247
61 71 0.14069
61 72 -0.0324
61 73 0.03526
61 74 0.23731
61 75 0.03505
61 76 -0.13026
61 77 0.04247
61 78 0.09823
61 79 -0.13645
61 80 -0.08194
61 81 0.00555
61 82 -0.11241
61 83 0.03424
61 84 -0.09051
61 85 -0.05296
61 86 0.00639
61 87 0.00643
61 88 -0.07403
61 89 0.07488
61 90 0.14936
61 91 -0.05057
61 92 0.10703
61 93 0.17169
61 94 0.15219
61 95 0.02073
61 96 -0.0429
61 97 -0.0331
61 98 -0.00614
61 99 0.09636
62 63 0.04071
62 64 0.00736
62 65 0.06663
62 66 0.04431
62 67 0.16356
62 68 -0.03221
62 69 -0.12023
62 70 -0.04292
62 71 0.06125
62 72 -0.02816
62 73 0.00759
62 74 0.01742
62 75 -0.01708
62 76 -0.10761
62 77 0.21305
62 78 -0.00569
62 79 0.12907
62 80 0.02579
62 81 0.12648
62 82 0.01219
62 83 0.00046
62 84 0.08302
62 85 -0.04983
62 86 -0.04264
62 87 -0.03821
62 88 0.04932
62 89 -0.03739
62 90 -0.041
62 91 0.03486
62 92 -0.07102
62 93 0.01621
62 94 -0.00883
62 95 0.1164
62 96 0.05383
62 97 0.00513
62 98 0.08023
62 99 0.03574
63 64 0.05992
63 65 0.1631
63 66 0.03212
63 67 0.01076
63 68 0.18216
63 69 0.02809
63 70 0.11789
63 71 0.06865
63 72 -0.00416
63 73 0.01171
63 74 0.00156
63 75 0.15074
63 76 0.06153
63 77 0.00495
63 78 0.36015
63 79 0.13552
63 80 0.02689
63 81 0.05584
63 82 0.03364
63 83 0.13892
63 84 -0.09837
63 85 0.12388
63 86 -0.02712
63 87 0.00353
63 88 0.19744
63 89 0.01158
63 90 0.14649
63 91 -0.03296
63 92 0.00384
63 93 -0.0465
63 94 0.10897
63 95 0.02109
63 96 0.00686
63 97 0.05258
63 98 0.07341
63 99 0.08738
64 65 -0.01857
64 66 0.09123
64 67 -0.04895
64 68 -0.03495
64 69 -0.1092
64 70 -0.16584
64 71 -0.07114
64 72 0.05451
64 73 -0.08001
64 74 0.03893
64 75 -0.00971
64 76 0.01177
64 77 -0.03051
64 78 0.11329
64 79 -0.08042
64 80 0.11754
64 81 -0.21135
64 82 0.02028
64 83 -0.06743
64 84 -0.14247
64 85 -0.11612
64 86 0.17697
64 87 -0.17156
64 88 0.035
64 89 0.15213
64 90 0.15586
64 91 -0.19665
64 92 0.20954
64 93 -0.30323
64 94 -0.24586
64 95 -0.0444
64 96 -0.13624
64 97 0.03518
64 98 -0.07343
64 99 0.0022
65 66 -0.14351
65 67 0.15172
65 68 -0.0033
65 69 -0.1179
65 70 -0.02561
65 71 0.03198
65 72 -0.02729
65 73 0.27718
65 74 0.02356
65 75 0.00705
65 76 0.00101
65 77 0.15695
65 78 -0.07032
65 79 0.00425
65 80 0.07034
65 81 0.04822
65 82 0.04508
65 83 -0.04024
65 84 -0.10303
65 85 0.17696
65 86 0.06415
65 87 0.01716
65 88 0.10567
65 89 -0.12395
65 90 0.08537
65 91 -0.00627
65 92 0.05257
65 93 0.19784
65 94 0.05141
65 95 -0.12729
65 96 -0.11736
65 97 -0.02405
65 98 0.14451
65 99 -0.01647
66 67 -0.00562
66 68 0.12986
66 69 -0.12798
66 70 -0.03096
66 71 -0.11728
66 72 0.16695
66 73 -0.00989
66 74 -0.00522
66 75 0.00648
66 76 0.10661
66 77 0.02996
66 78 0.16139
66 79 -0.09615
66 80 -0.10172
66 81 -0.01036
66 82 0.14011
66 83 -0.06128
66 84 0.17778
66 85 0.16567
66 86 0.02914
66 87 0.03636
66 88 -0.01569
66 89 0.01222
66 90 0.02363
66 91 0.03263
66 92 0.09007
66 93 0.05902
66 94 0.06009
66 95 -0.07647
66 96 -0.077
66 97 -0.07811
66 98 -0.02052
66 99 0.18443
67 68 -0.03397
67 69 0.02453
67 70 -0.00392
67 71 0.00173
67 72 -0.15292
67 73 -0.024
67 74 0.11313
67 75 0.01552
67 76 -0.11068
67 77 -0.11688
67 78 -0.02373
67 79 0.06189
67 80 0.02398
67 81 -0.06913
67 82 0.14834
67 83 0.12758
67 84 0.07548
67 85 0.11675
67 86 0.10762
67 87 -0.04818
67 88 -0.02285
67 89 -0.12395
67 90 -0.10431
67 91 -0.0596
67 92 0.17846
67 93 -0.03501
67 94 0.03531
67 95 -0.15293
67 96 0.19061
67 97 0.07413
67 98 0.09068
67 99 0.02075
68 69 -0.23455
68 70 0.03343
68 71 0.14625
68 72 -0.13007
68 73 0.14466
68 74 0.07293
68 75 -0.13904
68 76 0.09553
68 77 0.11906
68 78 -0.07306
68 79 0.08838
68 80 0.06745
68 81 0.1635
68 82 0.00039
68 83 -0.11121
68 84 -0.01391
68 85 0.03946
68 86 -0.04663
68 87 0.10015
68 88 -0.00547
68 89 0.0489
68 90 -0.06685
68 91 0.19998
68 92 -0.07729
68 93 0.04052
68 94 0.11003
68 95 0.06924
68 96 -0.2391
68 97 -0.05606
68 98 0.18955
68 99 -0.04407
69 70 -0.00929
69 71 -0.03819
69 72 0.19322
69 73 0.07216
69 74 -0.08848
69 75 0.15349
69 76 -0.03301
69 77 -0.06644
69 78 -0.09864
69 79 0.15048
69 80 -0.00117
69 81 -0.04532
69 82 -0.02353
69 83 0.0796
69 84 0.01933
69 85 -0.01616
69 86 -0.16993
69 87 -0.21434
69 88 -0.02787
69 89 0.00958
69 90 -0.11303
69 91 0.05824
69 92 0.08147
69 93 -0.0346
69 94 0.15928
69 95 -0.0095
69 96 -0.14049
69 97 -0.08473
69 98 -0.10009
69 99 0.09876
70 71 -0.11819
70 72 0.03404
70 73 0.271
70 74 -0.00356
70 75 -0.07325
70 76 0.13288
70 77 -0.00282
70 78 -0.2221
70 79 -0.04701
70 80 -0.00582
70 81 0.25518
70 82 0.14009
70 83 -0.00941
70 84 -0.11906
70 85 0.13238
70 86 -0.14464
70 87 0.0256
70 88 -0.04479
70 89 0.04135
70 90 0.03847
70 91 -0.24552
70 92 0.0893
70 93 -0.02997
70 94 -0.00924
70 95 -0.15174
70 96 0.09901
70 97 0.16913
70 98 -0.18274
70 99 0.08815
71 72 -0.08703
71 73 0.0734
71 74 -0.00379
71 75 0.11401
71 76 -0.00676
71 77 0.05973
71 78 0.05889
71 79 0.09113
71 80 -0.07015
71 81 -0.10625
71 82 0.09348
71 83 0.06021
71 84 -0.09461
71 85 0.03086
71 86 -0.02127
71 87 -0.11679
71 88 0.16687
71 89 0.09816
71 90 0.00383
71 91 0.16858
71 92 0.06275
71 93 -0.10882
71 94 0.0021
71 95 -0.05844
71 96 0.00652
71 97 0.05465
71 98 -0.22589
71 99 -0.08586
72 73 0.11893
72 74 0.01346
72 75 -0.19603
72 76 -0.01213
72 77 -0.02291
72 78 0.07437
72 79 -0.06718
72 80 -0.09562
72 81 -0.07244
72 82 -0.07187
72 83 0.06609
72 84 0.04028
72 85 0.28991
72 86 0.17298
72 87 0.01029
72 88 0.06503
72 89 -0.03899
72 90 0.02433
72 91 0.01865
72 92 0.06519
72 93 0.05831
72 94 -0.12214
72 95 0.10361
72 96 -0.10652
72 97 -0.01954
72 98 0.11368
72 99 0.03879
73 74 -0.04948
73 75 0.20659
73 76 0.08052
73 77 -0.07051
73 78 0.12885
73 79 -0.0085
73 80 -0.14044
73 81 -0.09701
73 82 -0.04903
73 83 0.03079
73 84 0.11798
73 85 0.106
73 86 -0.02595
73 87 -0.0702
73 88 -0.24087
73 89 0.05204
73 90 -0.0394
73 91 0.02988
73 92 -0.08022
73 93 -0.1782
73 94 0.10131
73 95 -0.06585
73 96 -0.2075
73 97 -0.09314
73 98 -0.00947
73 99 -0.02019
74 75 0.0686
74 76 -0.01502
74 77 0.01601
74 78 -0.05481
74 79 -0.01315
74 80 -0.0651
74 81 0.05985
74 82 0.05662
74 83 0.20003
74 84 -0.12744
74 85 0.01233
74 86 -0.12427
74 87 0.19152
74 88 -0.07842
74 89 -0.14688
74 90 -0.02959
74 91 -0.10856
74 92 0.01176
74 93 -0.00852
74 94 0.0453
74 95 0.04061
74 96 -0.12726
74 97 0.04013
74 98 -0.1294
74 99 0.05806
75 76 0.0595
75 77 -0.03119
75 78 0.06557
75 79 -0.16328
75 80 -0.09483
75 81 0.0413
75 82 -0.10599
75 83 0.16509
75 84 0.06961
75 85 -0.00533
75 86 0.26158
75 87 0.05138
75 88 0.25644
75 89 0.12113
75 90 0.02792
75 91 -0.28651
75 92 0.07154
75 93 0.0348
75 94 -0.12199
75 95 -0.0206
75 96 -0.08757
75 97 0.06753
75 98 -0.01346
75 99 -0.03295
76 77 0.02024
76 78 0.00812
76 79 0.04581
76 80 0.14966
76 81 -0.06125
76 82 0.13929
76 83 -0.01381
76 84 -0.01707
76 85 -0.14084
76 86 -0.02022
76 87 -0.09725
76 88 0.00983
76 89 0.08388
76 90 -0.01322
76 91 0.07109
76 92 0.00553
76 93 0.02055
76 94 -0.03999
76 95 -0.04899
76 96 0.19987
76 97 0.22539
76 98 -0.16444
76 99 -0.04991
77 78 -0.14303
77 79 -0.15078
77 80 -0.09946
77 81 0.06972
77 82 0.17258
77 83 0.17187
77 84 -0.17473
77 85 -0.01954
77 86 0.0446
77 87 0.10668
77 88 -0.10304
77 89 -0.01761
77 90 0.04548
77 91 -0.00723
77 92 0.00949
77 93 0.12153
77 94 0.09269
77 95 -0.12694
77 96 -0.0602
77 97 0.01632
77 98 0.07953
77 99 -0.17675
78 79 -0.0955
78 80 0.0122
78 81 -0.21514
78 82 -0.11336
78 83 0.08467
78 84 0.20368
78 85 0.16625
78 86 0.06345
78 87 0.07802
78 88 -0.01205
78 89 0.14881
78 90 -0.16447
78 91 -0.05214
78 92 0.11145
78 93 -0.0529
78 94 -0.14842
78 95 -0.09994
78 96 0.04614
78 97 0.06441
78 98 0.0147
78 99 -0.14783
79 80 -0.12945
79 81 0.08588
79 82 -0.02754
79 83 0.03817
79 84 -0.13336
79 85 -0.00039
79 86 0.05032
79 87 0.06997
79 88 0.03179
79 89 0.02015
79 90 -0.07766
79 91 -0.07498
79 92 0.02746
79 93 0.18203
79 94 0.14001
79 95 0.13105
79 96 0.01443
79 97 -0.06451
79 98 -0.05206
79 99 0.01809
80 81 0.12238
80 82 -0.12099
80 83 -0.07427
80 84 -0.01487
80 85 0.01384
80 86 -0.11469
80 87 0.02243
80 88 -0.22887
80 89 0.00575
80 90 -0.07736
80 91 -0.02914
80 92 0.26616
80 93 0.02294
80 94 -0.08585
80 95 -0.09172
80 96 0.0446
80 97 -0.03635
80 98 -0.18041
80 99 -0.03441
81 82 0.08975
81 83 0.07607
81 84 0.01182
81 85 -0.00461
81 86 0.08879
81 87 -0.05719
81 88 -0.04738
81 89 0.02587
81 90 -0.0964
81 91 -0.05927
81 92 0.00842
81 93 0.09881
81 94 -0.01584
81 95 -0.18236
81 96 0.03323
81 97 0.0096
81 98 0.02978
81 99 -0.01591
82 83 0.00225
82 84 0.05729
82 85 0.00201
82 86 0.14856
82 87 -0.08128
82 88 -0.05479
82 89 0.05438
82 90 -0.0495
82 91 -0.01849
82 92 0.05924
82 93 0.05617
82 94 0.04706
82 95 -0.02724
82 96 -0.01332
82 97 0.0235
82 98 -0.05741
82 99 -0.07721
83 84 -0.00464
83 85 0.01413
83 86 0.07876
83 87 -0.00321
83 88 -0.04993
83 89 0.00406
83 90 -0.0044
83 91 0.06348
83 92 -0.00679
83 93 -0.08819
83 94 -0.0297
83 95 -0.09249
83 96 -0.04275
83 97 0.15757
83 98 0.07206
83 99 -0.00928
84 85 0.10093
84 86 -0.22183
84 87 0.17128
84 88 0.03984
84 89 0.03346
84 90 0.09996
84 91 -0.02849
84 92 -0.06416
84 93 0.17657
84 94 0.0384
84 95 0.13824
84 96 -0.03745
84 97 -0.09717
84 98 0.0334
84 99 -0.04228
85 86 0.03826
85 87 -0.06255
85 88 -0.08724
85 89 0.22731
85 90 0.00764
85 91 0.21848
85 92 0.13702
85 93 -0.14062
85 94 0.00107
85 95 -0.01388
85 96 0.11321
85 97 0.10612
85 98 0.08576
85 99 0.10791
86 87 -0.07739
86 88 0.02964
86 89 -0.09625
86 90 -0.0917
86 91 -0.12504
86 92 -0.10555
86 93 0.04669
86 94 0.01522
86 95 0.0939
86 96 0.02038
86 97 0.11503
86 98 -0.11625
86 99 0.08815
87 88 -0.0117
87 89 0.02509
87 90 0.13738
87 91 -0.08561
87 92 0.17018
87 93 -0.05828
87 94 -0.23792
87 95 -0.11644
87 96 0.02248
87 97 0.04895
87 98 -0.01069
87 99 -0.05368
88 89 0.19609
88 90 0.09707
88 91 -0.13275
88 92 -0.06818
88 93 0.14004
88 94 0.00918
88 95 0.02661
88 96 -0.21107
88 97 -0.02133
88 98 -0.05784
88 99 -0.05493
89 90 -0.02658
89 91 0.04448
89 92 -0.01465
89 93 -0.06204
89 94 0.00935
89 95 -0.03493
89 96 0.20541
89 97 -0.23108
89 98 0.11577
89 99 0.20801
90 91 -0.0067
90 92 -0.19157
90 93 0.04919
90 94 0.06142
90 95 -0.00497
90 96 -0.03475
90 97 0.01997
90 98 -0.04417
90 99 -0.05883
91 92 0.04728
91 93 -0.00049
91 94 0.02047
91 95 0.05603
91 96 -0.02415
91 97 -0.02172
91 98 -0.11749
91 99 0.00109
92 93 0.05293
92 94 -0.04569
92 95 0.06245
92 96 -0.14521
92 97 0.18294
92 98 -0.23594
92 99 0.04474
93 94 0.04317
93 95 0.06613
93 96 0.04711
93 97 -0.03186
93 98 0.07378
93 99 0.22307
94 95 0.04945
94 96 0.1278
94 97 -0.09564
94 98 0.0613
94 99 -0.09099
95 96 -0.06
95 97 0.04734
95 98 0.11025
95 99 0.22288
96 97 0.11352
96 98 -0.24584
96 99 -0.09546
97 98 -0.12495
97 99 -0.0731
98 99 0.08736
