# model=sk N=100 meanJ=0 seed=2334332455 distribution=gaussian field=0 num_fields=100 num_couplings=4950
0 0
1 0
2 0
3 0
4 0
5 0
6 0
7 0
8 0
9 0
10 0
11 0
12 0
13 0
14 0
15 0
16 0
17 0
18 0
19 0
20 0
21 0
22 0
23 0
24 0
25 0
26 0
27 0
28 0
29 0
30 0
31 0
32 0
33 0
34 0
35 0
36 0
37 0
38 0
39 0
40 0
41 0
42 0
43 0
44 0
45 0
46 0
47 0
48 0
49 0
50 0
51 0
52 0
53 0
54 0
55 0
56 0
57 0
58 0
59 0
60 0
61 0
62 0
63 0
64 0
65 0
66 0
67 0
68 0
69 0
70 0
71 0
72 0
73 0
74 0
75 0
76 0
77 0
78 0
79 0
80 0
81 0
82 0
83 0
84 0
85 0
86 0
87 0
88 0
89 0
90 0
91 0
92 0
93 0
94 0
95 0
96 0
97 0
98 0
99 0
0 1 0.12877
0 2 -0.00125
0 3 0.06042
0 4 -0.02
0 5 -0.0321
0 6 0.1027
0 7 0.04782
0 8 0.1125
0 9 0.06243
0 10 0.02983
0 11 -0.03571
0 12 0.08287
0 13 0.08438
0 14 -0.2201
0 15 0.00455
0 16 -0.05103
0 17 0.07047
0 18 -0.13902
0 19 -0.05294
0 20 -0.09068
0 21 -0.16868
0 22 0.24083
0 23 0.13813
0 24 -0.03842
0 25 0.13896
0 26 0.00259
0 27 -0.13462
0 28 0.04532
0 29 0.18743
0 30 -0.07802
0 31 0.18807
0 32 -0.0935
0 33 -0.1006
0 34 0.11189
0 35 0.12688
0 36 -0.0624
0 37 0.13369
0 38 -0.18853
0 39 0.15739
0 40 -0.02759
0 41 0.00342
0 42 -0.11851
0 43 0.13628
0 44 -0.02585
0 45 0.09576
0 46 -0.08723
0 47 0.03539
0 48 -0.00692
0 49 -0.03558
0 50 -0.03257
0 51 0.09668
0 52 0.04049
0 53 -0.02806
0 54 0.19859
0 55 -0.03852
0 56 0.13058
0 57 -0.02887
0 58 -0.06994
0 59 -0.18903
0 60 0.07723
0 61 -0.06131
0 62 0.10919
0 63 0.14187
0 64 -0.14152
0 65 0.1361
0 66 -0.06413
0 67 -0.11565
0 68 -0.10827
0 69 -0.08523
0 70 0.13001
0 71 0.24879
0 72 -0.00262
0 73 -0.08164
0 74 0.11783
0 75 -0.00006
0 76 0.00543
0 77 0.00619
0 78 -0.19278
0 79 -0.10986
0 80 0.27159
0 81 0.07051
0 82 -0.00472
0 83 -0.0291
0 84 0.09572
0 85 -0.09494
0 86 0.26684
0 87 -0.05036
0 88 -0.11286
0 89 0.14682
0 90 0.0329
0 91 0.10852
0 92 0.10281
0 93 -0.06764
0 94 0.01384
0 95 0.05472
0 96 0.16356
0 97 -0.08708
0 98 -0.10258
0 99 -0.05927
1 2 -0.1448
1 3 0.1232
1 4 0.15865
1 5 -0.12455
1 6 -0.24284
1 7 0.01236
1 8 -0.00457
1 9 -0.07901
1 10 -0.04397
1 11 -0.06448
1 12 -0.03866
1 13 0.21146
1 14 -0.13423
1 15 -0.00251
1 16 0.1105
1 17 0.07485
1 18 0.10023
1 19 -0.09456
1 20 -0.10817
1 21 0.07551
1 22 0.12079
1 23 -0.03712
1 24 0.06542
1 25 -0.01855
1 26 0.03563
1 27 -0.07994
1 28 -0.02519
1 29 0.02281
1 30 0.05038
1 31 0.03588
1 32 0.05373
1 33 0.13579
1 34 -0.1389
1 35 0.00225
1 36 -0.02786
1 37 -0.02407
1 38 0.00657
1 39 -0.01561
1 40 -0.0911
1 41 0.00232
1 42 0.19343
1 43 0.00108
1 44 -0.09364
1 45 -0.08619
1 46 0.0691
1 47 -0.10632
1 48 0.02499
1 49 0.01274
1 50 -0.06087
1 51 -0.06474
1 52 0.13728
1 53 0.14874
1 54 -0.09464
1 55 0.07177
1 56 0.06186
1 57 0.00454
1 58 0.13926
1 59 0.02042
1 60 -0.10736
1 61 0.07322
1 62 -0.24916
1 63 -0.10023
1 64 -0.04908
1 65 0.03312
1 66 -0.04266
1 67 0.1366
1 68 0.01334
1 69 -0.05318
1 70 -0.06796
1 71 -0.00167
1 72 -0.10012
1 73 -0.24612
1 74 -0.06891
1 75 -0.00149
1 76 -0.13688
1 77 0.00131
1 78 0.04128
1 79 -0.04604
1 80 0.14352
1 81 0.11272
1 82 0.20241
1 83 0.09023
1 84 -0.16511
1 85 0.08109
1 86 -0.02503
1 87 -0.08634
1 88 0.1321
1 89 -0.10176
1 90 -0.02358
1 91 0.02362
1 92 -0.11672
1 93 -0.13767
1 94 0.17617
1 95 0.0648
1 96 -0.00962
1 97 -0.09383
1 98 -0.07037
1 99 0.03497
2 3 0.14006
2 4 -0.00971
2 5 -0.00292
2 6 0.0346
2 7 -0.07448
2 8 0.04414
2 9 -0.00691
2 10 0.05627
2 11 0.08326
2 12 0.02314
2 13 0.07745
2 14 -0.13825
2 15 -0.02451
2 16 -0.18633
2 17 0.10001
2 18 -0.04703
2 19 -0.03082
2 20 0.00128
2 21 0.07914
2 22 -0.03844
2 23 -0.10215
2 24 0.01255
2 25 -0.05562
2 26 -0.09
2 27 0.07122
2 28 -0.05281
2 29 -0.1135
2 30 0.22033
2 31 -0.15939
2 32 0.08661
2 33 -0.05955
2 34 -0.0245
2 35 0.13289
2 36 0.1009
2 37 0.00206
2 38 0.04937
2 39 -0.03503
2 40 -0.02115
2 41 -0.02316
2 42 -0.0789
2 43 0.16319
2 44 0.08822
2 45 0.06121
2 46 -0.05461
2 47 0.00292
2 48 0.0294
2 49 0.07448
2 50 -0.03521
2 51 0.00492
2 52 -0.1125
2 53 -0.22186
2 54 -0.0748
2 55 0.09731
2 56 -0.03743
2 57 -0.00972
2 58 -0.17567
2 59 -0.03634
2 60 0.15817
2 61 -0.03161
2 62 0.15753
2 63 -0.02447
2 64 -0.09722
2 65 -0.07691
2 66 -0.01542
2 67 0.01011
2 68 -0.01203
2 69 0.07938
2 70 -0.02943
2 71 0.13449
2 72 0.18276
2 73 -0.02549
2 74 -0.17945
2 75 -0.03938
2 76 0.01679
2 77 0.17986
2 78 -0.14759
2 79 0.11327
2 80 0.03375
2 81 0.02921
2 82 -0.02652
2 83 0.11172
2 84 -0.08317
2 85 -0.00612
2 86 -0.08009
2 87 0.15739
2 88 0.03716
2 89 -0.04332
2 90 0.03714
2 91 -0.01266
2 92 -0.3833
2 93 -0.15533
2 94 0.02654
2 95 0.02656
2 96 -0.0524
2 97 0.07951
2 98 -0.11434
2 99 -0.09275
3 4 0.02313
3 5 -0.05792
3 6 0.04045
3 7 0.10816
3 8 0.19227
3 9 -0.00514
3 10 -0.04161
3 11 0.04635
3 12 0.03364
3 13 -0.14606
3 14 -0.12089
3 15 -0.06238
3 16 -0.24476
3 17 -0.14585
3 18 -0.03862
3 19 0.20471
3 20 0.03149
3 21 0.01291
3 22 -0.25054
3 23 -0.10052
3 24 -0.10097
3 25 -0.06819
3 26 -0.13712
3 27 0.08584
3 28 0.0526
3 29 0.14459
3 30 0.01721
3 31 0.01242
3 32 0.0047
3 33 0.03423
3 34 -0.08788
3 35 -0.00911
3 36 -0.0742
3 37 0.12565
3 38 -0.13218
3 39 -0.15402
3 40 -0.07249
3 41 0.00681
3 42 0.0048
3 43 -0.197
3 44 0.25058
3 45 0.08992
3 46 -0.02247
3 47 -0.07035
3 48 -0.06305
3 49 -0.02451
3 50 0.14868
3 51 0.07137
3 52 -0.16607
3 53 -0.0448
3 54 0.00765
3 55 -0.04193
3 56 -0.15134
3 57 -0.12408
3 58 -0.0166
3 59 -0.11598
3 60 0.02216
3 61 0.06407
3 62 -0.04025
3 63 -0.0304
3 64 -0.00796
3 65 -0.1303
3 66 -0.00083
3 67 -0.12106
3 68 -0.08305
3 69 0.08285
3 70 0.17536
3 71 -0.13278
3 72 0.06674
3 73 0.03364
3 74 0.04306
3 75 -0.16892
3 76 0.05708
3 77 -0.11643
3 78 0.00215
3 79 0.02326
3 80 0.11423
3 81 0.01233
3 82 0.19075
3 83 -0.01902
3 84 -0.16548
3 85 -0.06757
3 86 0.07308
3 87 0.00296
3 88 -0.06113
3 89 -0.06686
3 90 -0.1511
3 91 -0.06746
3 92 -0.15817
3 93 0.14497
3 94 -0.02872
3 95 0.08795
3 96 -0.06556
3 97 0.07012
3 98 -0.02892
3 99 0.00877
4 5 0.12785
4 6 -0.179
4 7 -0.12595
4 8 -0.06994
4 9 -0.03312
4 10 0.139
4 11 -0.01101
4 12 0.16307
4 13 0.09184
4 14 -0.15038
4 15 -0.01205
4 16 0.09023
4 17 0.16651
4 18 0.19973
4 19 0.04518
4 20 0.01833
4 21 0.00301
4 22 0.10757
4 23 0.18336
4 24 -0.07569
4 25 -0.03555
4 26 -0.072
4 27 -0.13143
4 28 -0.05441
4 29 -0.01961
4 30 0.05837
4 31 -0.11516
4 32 -0.01304
4 33 0.01589
4 34 0.06411
4 35 -0.07742
4 36 0.10062
4 37 -0.13787
4 38 -0.06989
4 39 0.19109
4 40 0.05728
4 41 0.09631
4 42 0.09929
4 43 0.01101
4 44 0.02313
4 45 0.02188
4 46 -0.15742
4 47 0.12014
4 48 -0.05403
4 49 -0.13064
4 50 0.0301
4 51 0.05262
4 52 0.08646
4 53 0.01978
4 54 0.02579
4 55 -0.04764
4 56 0.07873
4 57 -0.02129
4 58 -0.12081
4 59 -0.05223
4 60 -0.03262
4 61 0.01887
4 62 -0.09616
4 63 -0.22836
4 64 0.05294
4 65 0.03248
4 66 -0.12233
4 67 0.17111
4 68 -0.00136
4 69 -0.00563
4 70 -0.04
4 71 0.04636
4 72 -0.14569
4 73 -0.14382
4 74 0.19381
4 75 0.12737
4 76 0.11667
4 77 -0.09416
4 78 0.12137
4 79 -0.09118
4 80 0.02259
4 81 0.04117
4 82 0.14265
4 83 -0.03569
4 84 -0.06455
4 85 -0.04072
4 86 0.21249
4 87 0.13407
4 88 -0.10332
4 89 0.21357
4 90 -0.07209
4 91 0.09896
4 92 -0.02101
4 93 -0.04881
4 94 0.0192
4 95 -0.02141
4 96 0.22139
4 97 -0.08341
4 98 0.1096
4 99 -0.02109
5 6 0.13142
5 7 -0.07761
5 8 -0.08855
5 9 0.04988
5 10 -0.09514
5 11 0.02824
5 12 0.14116
5 13 0.05411
5 14 -0.10911
5 15 0.02422
5 16 0.12941
5 17 0.05437
5 18 0.08472
5 19 0.06819
5 20 0.00985
5 21 0.01715
5 22 -0.09738
5 23 -0.01042
5 24 0.11774
5 25 -0.03462
5 26 -0.03705
5 27 -0.12757
5 28 -0.24368
5 29 0.00066
5 30 -0.12504
5 31 0.04995
5 32 -0.01098
5 33 0.02845
5 34 -0.11033
5 35 -0.04406
5 36 -0.01386
5 37 -0.01909
5 38 0.04141
5 39 0.0612
5 40 0.16666
5 41 -0.03193
5 42 -0.10636
5 43 0.02477
5 44 -0.06123
5 45 0.12983
5 46 -0.08259
5 47 -0.09368
5 48 -0.1604
5 49 0.22675
5 50 0.20654
5 51 -0.01602
5 52 0.1365
5 53 0.05049
5 54 -0.01513
5 55 0.0874
5 56 0.05542
5 57 -0.083
5 58 -0.1449
5 59 0.0042
5 60 -0.16635
5 61 0.06047
5 62 0.03924
5 63 -0.05793
5 64 0.13461
5 65 -0.05908
5 66 0.07652
5 67 -0.15062
5 68 0.12288
5 69 -0.01025
5 70 -0.17198
5 71 0.1328
5 72 -0.0124
5 73 0.15833
5 74 0.06245
5 75 0.05257
5 76 -0.12117
5 77 -0.06303
5 78 -0.12337
5 79 0.03861
5 80 0.05255
5 81 -0.06398
5 82 0.02643
5 83 0.00199
5 84 0.2563
5 85 -0.02266
5 86 -0.0887
5 87 -0.00243
5 88 -0.15376
5 89 0.0512
5 90 0.02716
5 91 0.05653
5 92 0.11385
5 93 -0.05976
5 94 0.0044
5 95 0.04102
5 96 -0.04044
5 97 0.05507
5 98 -0.05588
5 99 -0.07483
6 7 -0.16844
6 8 -0.00391
6 9 -0.07967
6 10 -0.01481
6 11 0.08247
6 12 -0.12856
6 13 0.04504
6 14 -0.07244
6 15 -0.0559
6 16 0.12715
6 17 0.14201
6 18 0.00477
6 19 0.04043
6 20 -0.0642
6 21 0.09447
6 22 0.09899
6 23 0.03837
6 24 0.1692
6 25 0.08286
6 26 -0.09938
6 27 -0.25706
6 28 -0.15061
6 29 0.00919
6 30 -0.02341
6 31 -0.12052
6 32 -0.06137
6 33 -0.13112
6 34 0.02917
6 35 0.1851
6 36 -0.02779
6 37 -0.11092
6 38 -0.03649
6 39 -0.01957
6 40 0.06594
6 41 -0.08475
6 42 -0.12612
6 43 -0.08649
6 44 -0.05614
6 45 -0.14097
6 46 0.01322
6 47 -0.22735
6 48 -0.05971
6 49 -0.01936
6 50 0.04656
6 51 0.06059
6 52 -0.03216
6 53 -0.16486
6 54 0.04339
6 55 -0.03775
6 56 0.06803
6 57 0.00925
6 58 -0.05073
6 59 -0.11443
6 60 -0.02694
6 61 -0.08386
6 62 -0.0595
6 63 0.00777
6 64 -0.01401
6 65 -0.0092
6 66 0.13719
6 67 0.00744
6 68 0.00558
6 69 -0.04073
6 70 -0.13771
6 71 -0.04957
6 72 0.13343
6 73 -0.0509
6 74 0.0336
6 75 -0.00284
6 76 -0.02595
6 77 0.01117
6 78 0.19306
6 79 -0.02957
6 80 0.08106
6 81 -0.03436
6 82 0.07051
6 83 -0.06117
6 84 -0.08031
6 85 0.18964
6 86 -0.17675
6 87 0.15374
6 88 -0.11408
6 89 -0.07203
6 90 0.19196
6 91 0.05782
6 92 0.07357
6 93 -0.12986
6 94 0.10807
6 95 -0.09299
6 96 0.12156
6 97 -0.00208
6 98 -0.05271
6 99 -0.01703
7 8 -0.20611
7 9 0.1337
7 10 -0.07415
7 11 0.08838
7 12 -0.0476
7 13 0.104
7 14 0.13415
7 15 -0.19189
7 16 -0.01948
7 17 0.03848
7 18 0.14996
7 19 0.00878
7 20 -0.1927
7 21 -0.00011
7 22 0.03339
7 23 -0.00223
7 24 0.1086
7 25 0.2389
7 26 -0.05624
7 27 -0.17797
7 28 -0.01639
7 29 0.12976
7 30 -0.12342
7 31 0.02991
7 32 0.10574
7 33 -0.03585
7 34 0.02905
7 35 -0.028
7 36 0.07107
7 37 -0.15978
7 38 -0.01156
7 39 -0.11992
7 40 0.01731
7 41 -0.07189
7 42 -0.10102
7 43 0.09019
7 44 0.0718
7 45 -0.12478
7 46 0.02823
7 47 -0.01251
7 48 0.02186
7 49 0.1404
7 50 -0.02521
7 51 -0.05642
7 52 0.00232
7 53 -0.04695
7 54 0.01939
7 55 -0.07664
7 56 0.00271
7 57 -0.08489
7 58 0.23961
7 59 -0.02055
7 60 0.07327
7 61 0.07418
7 62 0.10933
7 63 0.07875
7 64 0.06354
7 65 -0.04232
7 66 0.07853
7 67 0.10913
7 68 0.10734
7 69 -0.1118
7 70 -0.01067
7 71 0.165
7 72 -0.05967
7 73 0.11124
7 74 0.06133
7 75 0.0166
7 76 0.0073
7 77 -0.19563
7 78 0.04479
7 79 0.07081
7 80 0.08432
7 81 -0.01368
7 82 0.12362
7 83 -0.02283
7 84 0.00901
7 85 -0.01717
7 86 -0.13445
7 87 -0.00474
7 88 -0.02493
7 89 -0.11138
7 90 0.00922
7 91 0.07112
7 92 0.00694
7 93 -0.03762
7 94 -0.17919
7 95 -0.04504
7 96 0.03076
7 97 -0.11392
7 98 -0.04689
7 99 -0.05854
8 9 0.01261
8 10 0.14003
8 11 0.00066
8 12 -0.09748
8 13 0.17444
8 14 -0.00999
8 15 -0.29365
8 16 -0.09658
8 17 -0.00975
8 18 0.0431
8 19 0.06538
8 20 0.1533
8 21 -0.07472
8 22 0.11667
8 23 0.00741
8 24 -0.05657
8 25 -0.12601
8 26 -0.12584
8 27 -0.02963
8 28 0.01791
8 29 0.08347
8 30 0.21681
8 31 -0.17186
8 32 0.07081
8 33 0.05237
8 34 0.00402
8 35 -0.00592
8 36 0.01098
8 37 0.07248
8 38 0.03687
8 39 -0.16457
8 40 0.04587
8 41 0.00924
8 42 -0.0378
8 43 0.0678
8 44 -0.1695
8 45 0.07159
8 46 0.01771
8 47 0.07856
8 48 0.0404
8 49 -0.02098
8 50 -0.17016
8 51 -0.00585
8 52 0.05635
8 53 0.11119
8 54 -0.17524
8 55 0.07313
8 56 0.05095
8 57 0.02665
8 58 -0.078
8 59 0.22502
8 60 0.03419
8 61 -0.02266
8 62 0.07404
8 63 0.19437
8 64 0.05223
8 65 -0.03861
8 66 0.05379
8 67 -0.06588
8 68 -0.10646
8 69 0.10338
8 70 -0.07565
8 71 -0.02658
8 72 -0.06168
8 73 0.10913
8 74 0.0837
8 75 0.06558
8 76 -0.19037
8 77 0.00875
8 78 -0.05635
8 79 0.13232
8 80 -0.06126
8 81 0.12411
8 82 0.08706
8 83 -0.04373
8 84 -0.03196
8 85 -0.04901
8 86 -0.02509
8 87 -0.05169
8 88 -0.03049
8 89 0.1907
8 90 -0.0897
8 91 0.0504
8 92 -0.03882
8 93 -0.17066
8 94 0.12119
8 95 -0.10887
8 96 -0.26152
8 97 0.07775
8 98 0.04813
8 99 0.03696
9 10 -0.11559
9 11 -0.00625
9 12 -0.19458
9 13 -0.12007
9 14 -0.02587
9 15 -0.02351
9 16 0.12247
9 17 0.15422
9 18 -0.0187
9 19 0.20516
9 20 -0.01464
9 21 -0.07709
9 22 -0.0775
9 23 0.03147
9 24 -0.00944
9 25 0.03038
9 26 0.06616
9 27 0.00733
9 28 0.00119
9 29 -0.00371
9 30 0.00531
9 31 0.00552
9 32 0.04833
9 33 -0.03871
9 34 0.15188
9 35 -0.08947
9 36 -0.17043
9 37 0.00041
9 38 0.01447
9 39 0.01041
9 40 0.10042
9 41 -0.0134
9 42 -0.15379
9 43 -0.07487
9 44 -0.05965
9 45 -0.35255
9 46 -0.14902
9 47 -0.11824
9 48 0.04342
9 49 0.07376
9 50 0.1344
9 51 0.14073
9 52 0.15359
9 53 -0.23834
9 54 0.0503
9 55 0.06476
9 56 0.18646
9 57 -0.04396
9 58 0.02664
9 59 -0.03034
9 60 -0.09604
9 61 0.079
9 62 0.02202
9 63 0.01035
9 64 0.04655
9 65 -0.06513
9 66 0.07537
9 67 -0.02573
9 68 0.19783
9 69 -0.1691
9 70 0.02942
9 71 -0.12471
9 72 0.0972
9 73 0.22819
9 74 -0.03542
9 75 -0.24345
9 76 -0.048
9 77 -0.14378
9 78 -0.12486
9 79 -0.02727
9 80 0.0494
9 81 0.04795
9 82 -0.15244
9 83 0.01768
9 84 -0.02045
9 85 -0.08704
9 86 -0.18515
9 87 -0.05371
9 88 -0.061
9 89 -0.07804
9 90 0.10423
9 91 0.03454
9 92 0.14936
9 93 0.06891
9 94 0.04664
9 95 0.06025
9 96 -0.05512
9 97 0.14319
9 98 0.0985
9 99 0.02492
10 11 0.07855
10 12 -0.0841
10 13 -0.00763
10 14 -0.22673
10 15 -0.01257
10 16 -0.07246
10 17 0.00748
10 18 0.01671
10 19 0.11314
10 20 0.07244
10 21 0.11175
10 22 0.12826
10 23 0.01946
10 24 0.02806
10 25 -0.17467
10 26 -0.0304
10 27 0.00922
10 28 0.16521
10 29 -0.0914
10 30 0.00009
10 31 -0.04148
10 32 0.07343
10 33 -0.09153
10 34 0.13543
10 35 -0.08882
10 36 -0.2117
10 37 0.03926
10 38 -0.09515
10 39 0.04893
10 40 0.09313
10 41 -0.07087
10 42 -0.04056
10 43 -0.13892
10 44 0.0463
10 45 -0.16649
10 46 0.0822
10 47 -0.09637
10 48 0.13705
10 49 0.04404
10 50 -0.18145
10 51 -0.12247
10 52 0.17269
10 53 -0.01977
10 54 0.01599
10 55 0.12499
10 56 -0.08776
10 57 0.06473
10 58 -0.02173
10 59 0.00521
10 60 -0.03558
10 61 0.07311
10 62 -0.25115
10 63 0.14614
10 64 0.08393
10 65 -0.19154
10 66 -0.05133
10 67 -0.16952
10 68 -0.08747
10 69 0.00049
10 70 -0.00557
10 71 -0.04651
10 72 0.13563
10 73 0.0975
10 74 0.08235
10 75 -0.03516
10 76 -0.02469
10 77 0.01645
10 78 0.04788
10 79 -0.01912
10 80 -0.11963
10 81 -0.08831
10 82 -0.03502
10 83 0.03203
10 84 0.00012
10 85 -0.05508
10 86 -0.08529
10 87 -0.25824
10 88 0.01559
10 89 0.01255
10 90 -0.15284
10 91 0.00563
10 92 0.00979
10 93 -0.03164
10 94 0.0902
10 95 0.3434
10 96 -0.26123
10 97 0.10392
10 98 0.00906
10 99 0.05889
11 12 0.11721
11 13 -0.0367
11 14 0.15017
11 15 0.04243
11 16 0.01395
11 17 0.20709
11 18 0.01799
11 19 0.06961
11 20 0.10784
11 21 -0.08136
11 22 -0.06768
11 23 -0.12615
11 24 -0.09407
11 25 0.06781
11 26 0.14967
11 27 -0.0057
11 28 -0.07595
11 29 -0.02178
11 30 -0.1995
11 31 0.08797
11 32 -0.00057
11 33 -0.00686
11 34 0.02028
11 35 -0.02282
11 36 -0.06992
11 37 -0.06748
11 38 0.125
11 39 0.14371
11 40 -0.03802
11 41 0.06761
11 42 -0.12694
11 43 -0.08917
11 44 0.19016
11 45 0.09618
11 46 0.10213
11 47 0.02786
11 48 0.06866
11 49 -0.11008
11 50 0.04957
11 51 0.21014
11 52 -0.01484
11 53 0.13671
11 54 -0.05696
11 55 -0.08246
11 56 -0.18516
11 57 -0.06441
11 58 -0.02922
11 59 -0.1086
11 60 -0.10181
11 61 -0.08642
11 62 -0.04203
11 63 -0.03543
11 64 -0.06079
11 65 -0.00152
11 66 0.08423
11 67 0.18336
11 68 -0.00912
11 69 0.19661
11 70 0.10896
11 71 -0.17124
11 72 0.03721
11 73 0.11288
11 74 -0.09983
11 75 -0.131
11 76 0.03311
11 77 0.252
11 78 -0.03386
11 79 -0.2064
11 80 -0.01531
11 81 -0.09428
11 82 -0.06528
11 83 -0.03857
11 84 0.00648
11 85 0.0067
11 86 -0.22184
11 87 -0.01181
11 88 0.02444
11 89 -0.09358
11 90 -0.05921
11 91 -0.01128
11 92 0.01376
11 93 -0.09514
11 94 0.19943
11 95 -0.0645
11 96 -0.07333
11 97 0.06981
11 98 -0.09108
11 99 -0.072
12 13 -0.06091
12 14 0.01125
12 15 -0.01529
12 16 0.18575
12 17 0.01618
12 18 -0.13167
12 19 -0.04036
12 20 0.01796
12 21 -0.08069
12 22 0.01312
12 23 0.07475
12 24 -0.07588
12 25 0.05924
12 26 -0.00362
12 27 -0.07482
12 28 -0.0329
12 29 0.34704
12 30 0.03085
12 31 0.09155
12 32 0.0207
12 33 0.14435
12 34 0.02893
12 35 -0.26855
12 36 0.05739
12 37 -0.05724
12 38 0.0248
12 39 0.10343
12 40 -0.02733
12 41 0.00075
12 42 -0.02166
12 43 -0.10448
12 44 0.04771
12 45 0.08439
12 46 -0.01555
12 47 0.02119
12 48 0.02235
12 49 0.16283
12 50 0.07018
12 51 -0.01563
12 52 -0.02644
12 53 0.19532
12 54 -0.04853
12 55 0.06017
12 56 0.11614
12 57 -0.05537
12 58 0.15944
12 59 -0.02657
12 60 -0.04125
12 61 -0.14146
12 62 0.11341
12 63 0.19912
12 64 -0.15437
12 65 0.08984
12 66 -0.17418
12 67 -0.12856
12 68 -0.16066
12 69 -0.06434
12 70 0.10096
12 71 0.11196
12 72 0.0551
12 73 0.08664
12 74 -0.22767
12 75 -0.02473
12 76 -0.0084
12 77 -0.07496
12 78 0.05654
12 79 0.03802
12 80 -0.00024
12 81 -0.07062
12 82 0.10568
12 83 -0.05802
12 84 -0.11252
12 85 0.13954
12 86 0.03479
12 87 0.09372
12 88 -0.02989
12 89 -0.04703
12 90 0.06809
12 91 -0.04381
12 92 0.09366
12 93 0.05463
12 94 0.07083
12 95 -0.05949
12 96 -0.05641
12 97 -0.02337
12 98 -0.06513
12 99 0.04348
13 14 0.07033
13 15 -0.04023
13 16 0.06975
13 17 0.01828
13 18 0.03085
13 19 -0.11879
13 20 -0.08138
13 21 0.06891
13 22 0.08802
13 23 -0.09407
13 24 0.01151
13 25 0.18727
13 26 0.01306
13 27 -0.11504
13 28 0.06591
13 29 0.14801
13 30 0.04481
13 31 -0.10131
13 32 0.08178
13 33 -0.08715
13 34 -0.03349
13 35 -0.09316
13 36 -0.09955
13 37 -0.14382
13 38 -0.03701
13 39 0.20245
13 40 0.06037
13 41 -0.13414
13 42 -0.18234
13 43 -0.0117
13 44 -0.00815
13 45 0.07802
13 46 -0.10821
13 47 -0.01377
13 48 -0.13477
13 49 -0.08019
13 50 -0.08251
13 51 -0.14996
13 52 -0.04023
13 53 0.12823
13 54 0.08644
13 55 0.02173
13 56 -0.10517
13 57 0.0692
13 58 0.06719
13 59 -0.01199
13 60 0.07841
13 61 0.0507
13 62 -0.01711
13 63 0.07222
13 64 -0.16785
13 65 -0.22355
13 66 -0.11391
13 67 0.19262
13 68 -0.17599
13 69 -0.01207
13 70 0.0264
13 71 0.03721
13 72 0.00125
13 73 -0.0246
13 74 0.0937
13 75 -0.06418
13 76 -0.05785
13 77 0.18697
13 78 0.06467
13 79 0.15317
13 80 -0.07369
13 81 -0.16062
13 82 -0.02683
13 83 -0.06237
13 84 0.03962
13 85 -0.04216
13 86 -0.07287
13 87 0.08502
13 88 -0.01388
13 89 -0.09895
13 90 0.01811
13 91 0.06611
13 92 -0.05099
13 93 0.03695
13 94 0.01094
13 95 0.0407
13 96 -0.02787
13 97 -0.01829
13 98 0.09342
13 99 -0.08485
14 15 0.01823
14 16 0.02699
14 17 -0.1359
14 18 0.04927
14 19 -0.03959
14 20 -0.06448
14 21 0.11904
14 22 0.04836
14 23 -0.07268
14 24 0.2258
14 25 -0.05161
14 26 0.01961
14 27 -0.05693
14 28 0.15046
14 29 -0.09491
14 30 -0.06854
14 31 -0.03405
14 32 0.11538
14 33 -0.12354
14 34 -0.11108
14 35 -0.18003
14 36 -0.03674
14 37 0.11026
14 38 -0.03101
14 39 0.00016
14 40 -0.14156
14 41 -0.13422
14 42 -0.02377
14 43 0.04212
14 44 0.07253
14 45 0.05464
14 46 0.02838
14 47 -0.06431
14 48 -0.00599
14 49 -0.09406
14 50 -0.07062
14 51 -0.05737
14 52 0.07166
14 53 -0.04929
14 54 -0.189
14 55 0.17701
14 56 0.05146
14 57 -0.11462
14 58 -0.05519
14 59 -0.24606
14 60 0.15894
14 61 -0.00813
14 62 -0.18478
14 63 0.04475
14 64 0.00713
14 65 -0.10844
14 66 -0.01501
14 67 0.06198
14 68 -0.05762
14 69 0.1582
14 70 0.22605
14 71 0.06849
14 72 -0.14745
14 73 -0.14468
14 74 -0.03914
14 75 0.17632
14 76 -0.30097
14 77 0.20433
14 78 -0.00146
14 79 -0.02884
14 80 -0.07481
14 81 -0.18577
14 82 -0.04338
14 83 0.13313
14 84 -0.1897
14 85 0.04014
14 86 -0.09828
14 87 0.10955
14 88 0.001
14 89 -0.00474
14 90 0.10874
14 91 -0.05184
14 92 -0.16744
14 93 0.13657
14 94 -0.00621
14 95 -0.01622
14 96 0.16767
14 97 -0.10879
14 98 0.02448
14 99 0.0049
15 16 0.01632
15 17 -0.07957
15 18 -0.05012
15 19 -0.0061
15 20 0.01379
15 21 0.05234
15 22 0.05638
15 23 -0.01412
15 24 -0.08867
15 25 0.01023
15 26 0.02396
15 27 -0.12421
15 28 0.09488
15 29 -0.0347
15 30 0.08378
15 31 0.054
15 32 0.05461
15 33 -0.18832
15 34 -0.08369
15 35 0.07752
15 36 -0.12074
15 37 -0.04398
15 38 0.08496
15 39 -0.0315
15 40 0.11426
15 41 0.11641
15 42 -0.128
15 43 0.01444
15 44 -0.00562
15 45 0.10754
15 46 -0.11003
15 47 -0.04988
15 48 -0.14061
15 49 -0.0043
15 50 -0.0808
15 51 0.16512
15 52 0.03611
15 53 0.06657
15 54 0.23841
15 55 -0.09208
15 56 0.04207
15 57 -0.00525
15 58 -0.05964
15 59 0.03847
15 60 -0.13436
15 61 -0.02709
15 62 0.06904
15 63 0.03995
15 64 0.04287
15 65 -0.03577
15 66 -0.13694
15 67 -0.08225
15 68 0.1088
15 69 0.12904
15 70 0.11806
15 71 0.08263
15 72 0.11427
15 73 -0.09055
15 74 -0.03056
15 75 0.12748
15 76 0.08943
15 77 0.02987
15 78 0.01168
15 79 0.09429
15 80 0.1282
15 81 -0.10485
15 82 -0.08972
15 83 -0.03666
15 84 -0.16776
15 85 -0.00852
15 86 0.17252
15 87 -0.07751
15 88 -0.23418
15 89 -0.08867
15 90 0.05031
15 91 0.10812
15 92 -0.17965
15 93 -0.00186
15 94 -0.12667
15 95 0.07287
15 96 0.06995
15 97 -0.11111
15 98 0.01855
15 99 -0.03568
16 17 -0.07229
16 18 0.07748
16 19 -0.05684
16 20 0.10972
16 21 -0.15715
16 22 -0.03962
16 23 -0.01718
16 24 -0.05592
16 25 -0.02735
16 26 0.03596
16 27 -0.07752
16 28 0.22922
16 29 -0.09357
16 30 -0.01952
16 31 0.00654
16 32 0.13454
16 33 -0.0517
16 34 -0.04031
16 35 -0.02775
16 36 0.07264
16 37 0.06866
16 38 -0.00762
16 39 0.12383
16 40 -0.04345
16 41 0.01021
16 42 0.07577
16 43 0.03997
16 44 -0.00819
16 45 -0.0437
16 46 0.04172
16 47 0.02918
16 48 -0.02343
16 49 0.14746
16 50 -0.1301
16 51 0.18154
16 52 -0.02123
16 53 -0.15377
16 54 0.085
16 55 -0.00404
16 56 0.08892
16 57 0.09445
16 58 -0.09892
16 59 -0.15278
16 60 0.09357
16 61 -0.21479
16 62 0.11343
16 63 -0.09951
16 64 0.05815
16 65 0.158
16 66 -0.05172
16 67 0.03206
16 68 -0.09187
16 69 -0.04504
16 70 0.11193
16 71 0.02587
16 72 0.00327
16 73 -0.14606
16 74 -0.0627
16 75 -0.03671
16 76 -0.06613
16 77 0.23059
16 78 0.08692
16 79 0.08102
16 80 -0.1284
16 81 -0.0307
16 82 0.01514
16 83 0.08605
16 84 0.05401
16 85 0.00486
16 86 -0.00677
16 87 -0.11708
16 88 -0.20833
16 89 0.09193
16 90 0.08006
16 91 0.03737
16 92 0.03146
16 93 0.11584
16 94 0.12976
16 95 -0.01578
16 96 0.01166
16 97 0.08126
16 98 -0.14136
16 99 -0.15921
17 18 -0.11697
17 19 -0.10253
17 20 0.03343
17 21 0.04279
17 22 0.05847
17 23 -0.2325
17 24 -0.05147
17 25 0.09663
17 26 -0.07501
17 27 0.10265
17 28 -0.08522
17 29 -0.03909
17 30 -0.03023
17 31 -0.01652
17 32 -0.02564
17 33 -0.09096
17 34 0.11553
17 35 0.00156
17 36 0.05915
17 37 0.01365
17 38 -0.10198
17 39 0.15545
17 40 0.06835
17 41 0.07197
17 42 0.06696
17 43 -0.09993
17 44 -0.02297
17 45 -0.04203
17 46 0.07034
17 47 -0.15602
17 48 -0.1328
17 49 -0.19085
17 50 0.0106
17 51 0.17058
17 52 -0.16605
17 53 -0.12873
17 54 0.16291
17 55 0.11442
17 56 0.03609
17 57 0.00914
17 58 0.07396
17 59 0.27083
17 60 0.03676
17 61 -0.20803
17 62 -0.16543
17 63 -0.04617
17 64 0.01924
17 65 -0.19814
17 66 0.05592
17 67 -0.1245
17 68 0.15414
17 69 -0.00299
17 70 -0.04175
17 71 -0.04816
17 72 -0.14718
17 73 0.20453
17 74 -0.09468
17 75 -0.07723
17 76 0.11009
17 77 0.16872
17 78 -0.02918
17 79 0.04855
17 80 -0.02642
17 81 -0.0463
17 82 0.09223
17 83 0.12602
17 84 0.03471
17 85 0.00898
17 86 0.1002
17 87 0.0325
17 88 -0.08228
17 89 0.19387
17 90 -0.06624
17 91 0.02093
17 92 -0.33691
17 93 0.16716
17 94 -0.16258
17 95 -0.21576
17 96 0.12239
17 97 -0.07552
17 98 -0.08639
17 99 0.04352
18 19 0.04253
18 20 0.07755
18 21 0.00157
18 22 -0.14387
18 23 -0.00865
18 24 0.11089
18 25 0.1016
18 26 0.11306
18 27 0.2261
18 28 0.08792
18 29 0.02894
18 30 0.06217
18 31 0.11549
18 32 -0.13548
18 33 -0.02482
18 34 -0.05229
18 35 -0.21997
18 36 0.09844
18 37 -0.06713
18 38 -0.04581
18 39 -0.08595
18 40 -0.07362
18 41 -0.06134
18 42 -0.11497
18 43 -0.11136
18 44 -0.03854
18 45 0.19449
18 46 -0.24495
18 47 0.04368
18 48 0.01242
18 49 -0.10296
18 50 -0.07359
18 51 0.01266
18 52 -0.06942
18 53 0.11462
18 54 -0.12139
18 55 -0.17013
18 56 -0.11338
18 57 0.1892
18 58 0.11994
18 59 0.26535
18 60 0.08337
18 61 0.15594
18 62 0.07544
18 63 0.06997
18 64 0.1876
18 65 -0.04584
18 66 0.04421
18 67 -0.04103
18 68 -0.01443
18 69 0.02102
18 70 0.08323
18 71 0.03371
18 72 -0.03582
18 73 0.07225
18 74 0.06865
18 75 -0.1496
18 76 -0.02175
18 77 0.08283
18 78 -0.13645
18 79 0.00501
18 80 0.19282
18 81 0.14065
18 82 -0.03928
18 83 0.0028
18 84 -0.11597
18 85 -0.13942
18 86 -0.10379
18 87 -0.03637
18 88 0.14351
18 89 -0.15493
18 90 -0.01211
18 91 -0.03132
18 92 0.08256
18 93 -0.12721
18 94 0.0281
18 95 -0.03999
18 96 0.059
18 97 -0.02664
18 98 -0.07103
18 99 -0.05157
19 20 -0.12904
19 21 0.08938
19 22 -0.08068
19 23 -0.05854
19 24 -0.12174
19 25 0.1014
19 26 0.12158
19 27 -0.03545
19 28 0.02653
19 29 0.0742
19 30 -0.13295
19 31 -0.09685
19 32 0.17942
19 33 -0.14288
19 34 0.09827
19 35 -0.03799
19 36 -0.12646
19 37 0.03442
19 38 0.05676
19 39 0.05919
19 40 0.07218
19 41 0.0839
19 42 -0.00445
19 43 -0.06921
19 44 -0.06327
19 45 0.0246
19 46 0.08845
19 47 -0.17437
19 48 0.15397
19 49 0.16261
19 50 0.03566
19 51 -0.03777
19 52 -0.0452
19 53 -0.06502
19 54 0.10883
19 55 -0.02422
19 56 -0.03618
19 57 0.04938
19 58 -0.01696
19 59 0.12872
19 60 0.30212
19 61 0.10562
19 62 -0.06115
19 63 -0.11633
19 64 0.07833
19 65 -0.05982
19 66 -0.05682
19 67 -0.05179
19 68 -0.08437
19 69 -0.08108
19 70 -0.00446
19 71 -0.04694
19 72 0.222
19 73 -0.08656
19 74 0.17074
19 75 -0.04166
19 76 -0.11651
19 77 0.12476
19 78 -0.08825
19 79 0.07359
19 80 -0.20332
19 81 0.07954
19 82 0.28747
19 83 -0.00827
19 84 0.07532
19 85 -0.07342
19 86 -0.15481
19 87 -0.09556
19 88 0.05207
19 89 0.13352
19 90 -0.10292
19 91 0.22087
19 92 0.07536
19 93 0.03741
19 94 -0.01857
19 95 0.06584
19 96 -0.0201
19 97 0.02149
19 98 -0.02429
19 99 -0.1323
20 21 0.07466
20 22 0.07168
20 23 0.00824
20 24 -0.04962
20 25 -0.10304
20 26 0.0467
20 27 0.01737
20 28 -0.04961
20 29 0.07568
20 30 0.17315
20 31 0.19202
20 32 0.20236
20 33 0.19792
20 34 -0.00787
20 35 -0.03372
20 36 -0.07495
20 37 -0.00639
20 38 0.0476
20 39 0.20325
20 40 -0.03912
20 41 -0.05702
20 42 -0.15338
20 43 -0.04715
20 44 -0.11435
20 45 0.04065
20 46 -0.18046
20 47 0.0169
20 48 -0.30874
20 49 0.00876
20 50 0.10528
20 51 0.0361
20 52 0.02573
20 53 -0.11637
20 54 -0.06675
20 55 0.06928
20 56 -0.14201
20 57 0.18411
20 58 0.19222
20 59 0.13808
20 60 -0.01782
20 61 0.08053
20 62 0.14828
20 63 -0.16422
20 64 0.07612
20 65 0.0588
20 66 0.23717
20 67 -0.03216
20 68 -0.01481
20 69 0.07589
20 70 -0.02842
20 71 -0.01623
20 72 -0.15927
20 73 -0.04572
20 74 -0.14362
20 75 -0.07375
20 76 0.0137
20 77 0.14529
20 78 0.00586
20 79 -0.01365
20 80 0.17666
20 81 -0.2877
20 82 -0.10959
20 83 0.19324
20 84 -0.1432
20 85 0.0234
20 86 0.10894
20 87 -0.00487
20 88 -0.05208
20 89 0.09875
20 90 0.03626
20 91 0.20089
20 92 -0.24551
20 93 -0.07009
20 94 0.04602
20 95 0.03649
20 96 -0.04304
20 97 -0.24454
20 98 0.00152
20 99 -0.03067
21 22 0.00849
21 23 0.15007
21 24 0.10577
21 25 -0.01328
21 26 0.06255
21 27 0.03069
21 28 0.11388
21 29 -0.08734
21 30 -0.09755
21 31 0.04038
21 32 0.03868
21 33 0.0916
21 34 -0.11
21 35 -0.12768
21 36 0.07732
21 37 0.24543
21 38 0.03612
21 39 -0.02178
21 40 0.08586
21 41 0.22046
21 42 -0.20247
21 43 0.12125
21 44 0.01153
21 45 -0.05091
21 46 0.06239
21 47 -0.05556
21 48 -0.04666
21 49 -0.20712
21 50 -0.07668
21 51 -0.02107
21 52 0.17689
21 53 0.03892
21 54 0.02089
21 55 0.07638
21 56 0.05151
21 57 -0.13641
21 58 0.07901
21 59 -0.10323
21 60 0.11176
21 61 -0.19569
21 62 0.04836
21 63 -0.04063
21 64 0.1373
21 65 0.01477
21 66 0.17303
21 67 0.1363
21 68 0.18734
21 69 -0.03979
21 70 -0.07119
21 71 0.0932
21 72 -0.15633
21 73 0.15325
21 74 -0.14073
21 75 -0.22483
21 76 -0.06605
21 77 0.14539
21 78 -0.03052
21 79 0.09758
21 80 0.00425
21 81 0.00404
21 82 -0.02681
21 83 -0.01962
21 84 -0.11396
21 85 0.037
21 86 0.05493
21 87 0.00269
21 88 0.04367
21 89 0.02217
21 90 -0.04227
21 91 -0.10884
21 92 -0.1141
21 93 0.06799
21 94 0.04991
21 95 -0.07052
21 96 -0.15476
21 97 -0.20941
21 98 -0.11172
21 99 0.10602
22 23 -0.09036
22 24 0.04357
22 25 -0.05389
22 26 0.00105
22 27 -0.00371
22 28 0.05902
22 29 -0.08249
22 30 0.12143
22 31 0.00626
22 32 0.08855
22 33 -0.05029
22 34 -0.01458
22 35 0.02272
22 36 0.06989
22 37 -0.1471
22 38 -0.09909
22 39 -0.07029
22 40 0.00769
22 41 0.10057
22 42 -0.08282
22 43 -0.06885
22 44 -0.15107
22 45 -0.18834
22 46 -0.05031
22 47 0.03418
22 48 0.1208
22 49 0.04512
22 50 -0.04049
22 51 -0.11896
22 52 0.09519
22 53 0.01496
22 54 0.05574
22 55 0.01318
22 56 -0.04487
22 57 0.15844
22 58 -0.01502
22 59 -0.0424
22 60 -0.11331
22 61 -0.01932
22 62 0.26971
22 63 0.18855
22 64 -0.00357
22 65 -0.03005
22 66 -0.04487
22 67 0.00171
22 68 0.06643
22 69 0.0681
22 70 0.11822
22 71 0.06774
22 72 -0.03449
22 73 -0.1525
22 74 -0.00998
22 75 0.01044
22 76 -0.00811
22 77 0.25298
22 78 0.12317
22 79 -0.02371
22 80 -0.18949
22 81 -0.11116
22 82 0.00949
22 83 -0.23453
22 84 -0.10554
22 85 0.08683
22 86 -0.05169
22 87 0.00502
22 88 -0.07971
22 89 -0.21384
22 90 0.09156
22 91 0.01175
22 92 -0.11856
22 93 -0.02704
22 94 0.12259
22 95 0.04312
22 96 -0.05475
22 97 -0.00173
22 98 -0.12993
22 99 0.07446
23 24 -0.07208
23 25 0.12413
23 26 -0.20343
23 27 0.01729
23 28 -0.03338
23 29 -0.17428
23 30 -0.08199
23 31 0.07859
23 32 0.21889
23 33 0.17928
23 34 -0.16246
23 35 0.07247
23 36 -0.00398
23 37 -0.01738
23 38 -0.00876
23 39 -0.22885
23 40 0.21264
23 41 0.07045
23 42 0.14134
23 43 0.05652
23 44 0.12907
23 45 0.00378
23 46 -0.18184
23 47 -0.11966
23 48 -0.07988
23 49 -0.21425
23 50 0.09471
23 51 -0.11625
23 52 -0.06814
23 53 0.05767
23 54 -0.11325
23 55 -0.02149
23 56 -0.0672
23 57 -0.1387
23 58 0.12965
23 59 -0.1824
23 60 -0.1293
23 61 0.11292
23 62 -0.05472
23 63 -0.06979
23 64 -0.03123
23 65 0.02577
23 66 0.14704
23 67 0.01272
23 68 0.09048
23 69 0.01022
23 70 0.12139
23 71 -0.02738
23 72 0.00763
23 73 -0.1418
23 74 -0.04228
23 75 -0.06426
23 76 -0.02912
23 77 -0.12106
23 78 -0.01195
23 79 0.02499
23 80 0.02142
23 81 -0.13302
23 82 0.04955
23 83 -0.11756
23 84 0.06958
23 85 -0.25369
23 86 0.04964
23 87 0.05025
23 88 0.11037
23 89 0.0209
23 90 -0.01496
23 91 -0.06261
23 92 0.00635
23 93 -0.08377
23 94 0.11546
23 95 0.03551
23 96 0.03865
23 97 -0.04037
23 98 0.02234
23 99 0.06057
24 25 -0.04666
24 26 -0.02801
24 27 -0.05794
24 28 0.04257
24 29 -0.13554
24 30 -0.01483
24 31 -0.01214
24 32 -0.01519
24 33 -0.00059
24 34 0.00635
24 35 -0.0426
24 36 0.01681
24 37 -0.08959
24 38 -0.05876
24 39 0.10354
24 40 -0.1309
24 41 -0.23662
24 42 -0.13708
24 43 0.05064
24 44 -0.04088
24 45 0.02868
24 46 -0.07671
24 47 -0.04333
24 48 -0.08416
24 49 -0.044
24 50 0.06002
24 51 0.03089
24 52 0.02162
24 53 -0.00899
24 54 -0.07452
24 55 -0.04235
24 56 -0.0522
24 57 0.15244
24 58 0.04599
24 59 0.19052
24 60 -0.02481
24 61 0.00688
24 62 0.05967
24 63 0.08193
24 64 0.17513
24 65 0.03764
24 66 -0.09771
24 67 0.0442
24 68 -0.06004
24 69 0.01011
24 70 -0.20645
24 71 0.26272
24 72 0.1626
24 73 0.04777
24 74 -0.03582
24 75 0.10955
24 76 -0.01376
24 77 0.10197
24 78 0.05713
24 79 0.07098
24 80 0.01715
24 81 0.08636
24 82 0.26762
24 83 -0.11718
24 84 0.02724
24 85 -0.00953
24 86 0.1857
24 87 0.06494
24 88 -0.0233
24 89 0.11755
24 90 0.17712
24 91 -0.05137
24 92 0.22539
24 93 0.06131
24 94 -0.02095
24 95 0.02778
24 96 -0.12377
24 97 0.01444
24 98 -0.11691
24 99 -0.02529
25 26 -0.02475
25 27 -0.06241
25 28 0.01843
25 29 -0.27167
25 30 -0.15453
25 31 -0.07997
25 32 0.04431
25 33 0.03448
25 34 -0.09825
25 35 0.11258
25 36 -0.00752
25 37 0.01073
25 38 0.1942
25 39 0.02428
25 40 -0.05971
25 41 -0.08572
25 42 -0.02251
25 43 -0.03037
25 44 0.06518
25 45 0.08717
25 46 0.07324
25 47 0.10992
25 48 -0.11675
25 49 -0.02616
25 50 -0.02963
25 51 -0.03364
25 52 0.06276
25 53 -0.08519
25 54 -0.1253
25 55 -0.01488
25 56 0.00913
25 57 -0.05779
25 58 -0.03925
25 59 -0.21395
25 60 0.01716
25 61 -0.15644
25 62 -0.11093
25 63 -0.00036
25 64 -0.01282
25 65 -0.06771
25 66 -0.02305
25 67 0.09679
25 68 -0.13442
25 69 -0.12625
25 70 0.03714
25 71 -0.02219
25 72 0.04745
25 73 -0.02774
25 74 -0.09641
25 75 -0.04719
25 76 0.05149
25 77 -0.17122
25 78 0.16556
25 79 -0.06896
25 80 -0.05337
25 81 0.15061
25 82 -0.09407
25 83 -0.07267
25 84 -0.01732
25 85 -0.05031
25 86 -0.06018
25 87 0.00037
25 88 0.05596
25 89 -0.04208
25 90 -0.10853
25 91 -0.03119
25 92 -0.21135
25 93 0.07082
25 94 -0.17131
25 95 -0.03012
25 96 -0.07967
25 97 0.01156
25 98 0.16376
25 99 -0.08003
26 27 -0.03719
26 28 0.15082
26 29 0.05597
26 30 0.27035
26 31 -0.09946
26 32 -0.01226
26 33 0.11824
26 34 0.04748
26 35 0.06273
26 36 0.02094
26 37 -0.05124
26 38 0.0192
26 39 -0.11873
26 40 -0.12722
26 41 0.07517
26 42 0.20231
26 43 -0.06114
26 44 -0.02678
26 45 0.01699
26 46 -0.10408
26 47 0.01578
26 48 0.03076
26 49 0.14589
26 50 0.051
26 51 -0.15177
26 52 -0.11475
26 53 -0.1711
26 54 0.14529
26 55 0.10319
26 56 -0.14455
26 57 -0.04112
26 58 0.03238
26 59 0.14867
26 60 0.11125
26 61 0.03662
26 62 -0.12101
26 63 -0.14371
26 64 0.10455
26 65 -0.04621
26 66 -0.05009
26 67 0.05413
26 68 0.12745
26 69 -0.04272
26 70 -0.11607
26 71 0.14724
26 72 0.05446
26 73 0.07243
26 74 0.01894
26 75 -0.03934
26 76 0.10448
26 77 0.14809
26 78 -0.07545
26 79 0.11359
26 80 0.09009
26 81 0.02628
26 82 -0.08817
26 83 0.03689
26 84 -0.13394
26 85 0.04988
26 86 -0.00775
26 87 -0.15523
26 88 -0.01403
26 89 -0.09758
26 90 -0.10117
26 91 0.02359
26 92 0.00483
26 93 0.0314
26 94 0.13175
26 95 -0.0675
26 96 -0.02139
26 97 -0.10139
26 98 0.1794
26 99 0.01837
27 28 0.06223
27 29 -0.14553
27 30 0.0585
27 31 -0.04304
27 32 0.0551
27 33 -0.05728
27 34 0.13467
27 35 0.21125
27 36 -0.08902
27 37 -0.03322
27 38 0.30613
27 39 -0.08772
27 40 -0.14901
27 41 0.19247
27 42 0.13015
27 43 0.03148
27 44 0.10078
27 45 0.05204
27 46 0.09931
27 47 -0.01825
27 48 0.14522
27 49 -0.16972
27 50 -0.07316
27 51 -0.06372
27 52 -0.07642
27 53 -0.06601
27 54 -0.00499
27 55 -0.09718
27 56 0.0552
27 57 -0.03384
27 58 0.05282
27 59 0.01694
27 60 -0.08222
27 61 -0.06613
27 62 0.02046
27 63 -0.1362
27 64 0.02432
27 65 0.07221
27 66 0.04926
27 67 0.13244
27 68 0.01027
27 69 -0.04423
27 70 0.03441
27 71 0.13126
27 72 0.00547
27 73 0.01728
27 74 0.04879
27 75 0.07245
27 76 0.08268
27 77 -0.03027
27 78 0.13106
27 79 0.06158
27 80 0.02206
27 81 0.02022
27 82 -0.0583
27 83 -0.23492
27 84 -0.022
27 85 -0.01335
27 86 -0.06359
27 87 0.0331
27 88 -0.15701
27 89 -0.22945
27 90 0.00906
27 91 -0.20281
27 92 0.10743
27 93 0.05161
27 94 -0.0581
27 95 0.10042
27 96 0.08242
27 97 -0.14681
27 98 -0.08291
27 99 -0.05404
28 29 -0.11297
28 30 0.13017
28 31 0.01392
28 32 0.00774
28 33 0.04535
28 34 -0.03795
28 35 0.09764
28 36 -0.02872
28 37 0.05516
28 38 0.01825
28 39 0.03474
28 40 0.05529
28 41 0.06718
28 42 -0.03292
28 43 0.1822
28 44 0.05147
28 45 -0.00309
28 46 0.02676
28 47 0.01999
28 48 0.00447
28 49 0.09588
28 50 -0.05325
28 51 -0.1408
28 52 0.22279
28 53 -0.15921
28 54 -0.24177
28 55 -0.0917
28 56 -0.08671
28 57 0.02176
28 58 0.0922
28 59 -0.00236
28 60 0.05794
28 61 -0.09661
28 62 -0.0075
28 63 -0.07914
28 64 -0.13953
28 65 0.08228
28 66 0.1412
28 67 0.12522
28 68 0.15039
28 69 -0.02784
28 70 -0.27067
28 71 0.00796
28 72 0.0458
28 73 -0.02246
28 74 0.09565
28 75 -0.10279
28 76 0.07001
28 77 -0.02894
28 78 -0.23154
28 79 0.08471
28 80 -0.00228
28 81 -0.00799
28 82 0.09704
28 83 -0.13657
28 84 0.06526
28 85 0.14306
28 86 0.08074
28 87 0.00064
28 88 -0.1274
28 89 -0.07046
28 90 0.09805
28 91 -0.05516
28 92 0.13184
28 93 0.03441
28 94 -0.08248
28 95 -0.08066
28 96 0.08766
28 97 -0.08373
28 98 -0.09372
28 99 -0.11297
29 30 -0.12144
29 31 0.04686
29 32 -0.02444
29 33 -0.05531
29 34 0.14896
29 35 -0.27199
29 36 -0.05097
29 37 0.24006
29 38 -0.10167
29 39 -0.02226
29 40 -0.08092
29 41 0.04056
29 42 0.15038
29 43 -0.12237
29 44 -0.08805
29 45 0.14639
29 46 0.17105
29 47 0.06166
29 48 -0.0045
29 49 -0.04103
29 50 0.01622
29 51 0.10815
29 52 0.02948
29 53 -0.00375
29 54 -0.06474
29 55 -0.14675
29 56 -0.06436
29 57 0.05033
29 58 0.10701
29 59 0.00422
29 60 0.05307
29 61 -0.07461
29 62 -0.0899
29 63 -0.05768
29 64 0.1147
29 65 0.02939
29 66 -0.00979
29 67 0.05141
29 68 0.02861
29 69 0.14141
29 70 0.03723
29 71 0.01269
29 72 -0.00785
29 73 -0.00672
29 74 0.09775
29 75 0.02982
29 76 -0.00699
29 77 0.08918
29 78 0.12818
29 79 0.05782
29 80 0.19694
29 81 0.02171
29 82 0.01364
29 83 0.1108
29 84 -0.02225
29 85 0.03356
29 86 0.09802
29 87 -0.11291
29 88 0.01245
29 89 -0.01564
29 90 0.01355
29 91 0.18131
29 92 -0.11383
29 93 0.04326
29 94 -0.16411
29 95 0.10989
29 96 0.00736
29 97 -0.01388
29 98 0.00956
29 99 -0.0108
30 31 -0.10166
30 32 0.00889
30 33 0.01611
30 34 -0.13159
30 35 -0.10005
30 36 -0.04724
30 37 -0.16889
30 38 -0.02104
30 39 -0.01785
30 40 0.00751
30 41 -0.0456
30 42 -0.00125
30 43 0.32815
30 44 -0.1957
30 45 0.01198
30 46 0.0002
30 47 -0.00134
30 48 -0.11083
30 49 0.00258
30 50 -0.02209
30 51 0.06688
30 52 0.08495
30 53 0.03574
30 54 0.05195
30 55 0.00708
30 56 0.15805
30 57 0.04945
30 58 -0.0175
30 59 -0.19501
30 60 -0.20853
30 61 0.1348
30 62 0.04259
30 63 -0.06703
30 64 0.01204
30 65 -0.17214
30 66 0.13872
30 67 0.15093
30 68 0.21276
30 69 -0.09006
30 70 -0.19466
30 71 0.03214
30 72 -0.04282
30 73 0.01632
30 74 0.0632
30 75 -0.23063
30 76 -0.02902
30 77 -0.13518
30 78 0.09208
30 79 0.04509
30 80 -0.04176
30 81 0.01653
30 82 -0.09119
30 83 -0.21593
30 84 0.14749
30 85 0.0624
30 86 0.02135
30 87 -0.02651
30 88 -0.26005
30 89 -0.00452
30 90 0.10497
30 91 -0.02566
30 92 -0.15876
30 93 -0.05737
30 94 -0.05557
30 95 -0.25678
30 96 -0.11908
30 97 -0.05666
30 98 -0.05952
30 99 0.14167
31 32 0.0137
31 33 -0.0066
31 34 -0.01592
31 35 0.03721
31 36 0.16901
31 37 0.03711
31 38 -0.03265
31 39 0.00639
31 40 -0.05179
31 41 -0.09604
31 42 -0.06531
31 43 0.04804
31 44 -0.14455
31 45 0.00146
31 46 0.09495
31 47 0.33737
31 48 0.06552
31 49 -0.08288
31 50 0.00058
31 51 -0.0199
31 52 0.02163
31 53 0.0268
31 54 -0.06782
31 55 -0.14351
31 56 0.04142
31 57 -0.06794
31 58 -0.00839
31 59 0.16295
31 60 -0.02703
31 61 0.0949
31 62 -0.06199
31 63 -0.02408
31 64 -0.0413
31 65 0.01341
31 66 0.05395
31 67 0.07861
31 68 -0.09404
31 69 -0.05047
31 70 0.07599
31 71 0.02292
31 72 0.06934
31 73 -0.166
31 74 -0.04262
31 75 0.22246
31 76 0.0253
31 77 0.02831
31 78 0.03405
31 79 0.02416
31 80 -0.03812
31 81 0.02622
31 82 0.15248
31 83 0.10424
31 84 0.12888
31 85 -0.02984
31 86 0.07633
31 87 -0.07274
31 88 -0.08767
31 89 -0.13572
31 90 0.0197
31 91 0.12055
31 92 0.14975
31 93 0.00844
31 94 0.22794
31 95 -0.03742
31 96 -0.13042
31 97 0.14131
31 98 -0.04966
31 99 -0.01204
32 33 -0.04726
32 34 0.08845
32 35 0.02865
32 36 -0.14138
32 37 0.1005
32 38 -0.02428
32 39 -0.13089
32 40 0.21745
32 41 -0.19357
32 42 0.11417
32 43 0.04995
32 44 0.06861
32 45 0.08773
32 46 0.01606
32 47 0.01268
32 48 0.08878
32 49 0.0679
32 50 -0.03677
32 51 -0.14623
32 52 0.07435
32 53 -0.03138
32 54 -0.04429
32 55 -0.03328
32 56 -0.05871
32 57 -0.05937
32 58 0.14548
32 59 0.12551
32 60 0.17978
32 61 -0.05139
32 62 -0.06743
32 63 0.00775
32 64 0.04452
32 65 -0.15263
32 66 0.06027
32 67 -0.04784
32 68 0.09177
32 69 0.16819
32 70 -0.20935
32 71 -0.07968
32 72 -0.03841
32 73 -0.00973
32 74 0.01542
32 75 0.0172
32 76 -0.03785
32 77 0.18092
32 78 -0.02571
32 79 -0.00564
32 80 -0.05356
32 81 0.11059
32 82 -0.05649
32 83 0.04612
32 84 0.02206
32 85 0.10419
32 86 0.04891
32 87 -0.06919
32 88 -0.07037
32 89 -0.10867
32 90 -0.06557
32 91 0.13022
32 92 -0.12717
32 93 0.16516
32 94 0.0157
32 95 0.08249
32 96 0.06197
32 97 -0.05271
32 98 0.03702
32 99 -0.21758
33 34 0.07002
33 35 0.14145
33 36 0.1122
33 37 -0.02687
33 38 0.01627
33 39 0.07982
33 40 -0.07823
33 41 0.06679
33 42 0.14665
33 43 0.11241
33 44 -0.07047
33 45 -0.03699
33 46 0.0675
33 47 -0.01308
33 48 0.02661
33 49 -0.02611
33 50 0.07032
33 51 -0.12293
33 52 -0.06649
33 53 0.06716
33 54 0.00971
33 55 0.1415
33 56 0.07066
33 57 -0.05421
33 58 0.05511
33 59 -0.07419
33 60 -0.07236
33 61 0.08443
33 62 -0.03269
33 63 0.03578
33 64 -0.10166
33 65 -0.14373
33 66 -0.01767
33 67 -0.00034
33 68 -0.11086
33 69 0.12754
33 70 -0.07217
33 71 -0.05555
33 72 0.25255
33 73 0.14092
33 74 -0.05783
33 75 0.09239
33 76 0.04292
33 77 0.05426
33 78 -0.15598
33 79 0.06474
33 80 -0.02714
33 81 -0.03442
33 82 -0.1203
33 83 -0.14496
33 84 0.10075
33 85 -0.04769
33 86 0.06762
33 87 -0.01306
33 88 0.03751
33 89 -0.08086
33 90 -0.07707
33 91 0.02372
33 92 0.11485
33 93 0.12117
33 94 -0.05623
33 95 -0.09297
33 96 -0.07089
33 97 0.03591
33 98 0.02973
33 99 0.01339
34 35 0.00314
34 36 -0.08697
34 37 0.11403
34 38 0.09358
34 39 0.1072
34 40 0.14108
34 41 -0.06917
34 42 0.08552
34 43 -0.16741
34 44 0.08062
34 45 0.01225
34 46 -0.06862
34 47 -0.04497
34 48 -0.01008
34 49 0.10557
34 50 -0.04825
34 51 0.07002
34 52 0.16115
34 53 -0.11409
34 54 0.04009
34 55 -0.12597
34 56 -0.04293
34 57 0.00495
34 58 -0.02239
34 59 -0.10768
34 60 0.01314
34 61 0.07382
34 62 -0.15232
34 63 -0.00741
34 64 -0.24992
34 65 -0.09535
34 66 0.02688
34 67 0.00681
34 68 0.01591
34 69 -0.19123
34 70 0.03986
34 71 -0.00036
34 72 -0.14615
34 73 -0.04859
34 74 -0.06757
34 75 0.03294
34 76 0.0899
34 77 0.01015
34 78 -0.13037
34 79 -0.01167
34 80 0.03152
34 81 0.08597
34 82 -0.09332
34 83 0.00674
34 84 -0.01443
34 85 0.03774
34 86 -0.04101
34 87 0.0693
34 88 0.13816
34 89 0.02551
34 90 -0.1409
34 91 0.11642
34 92 -0.16061
34 93 0.10146
34 94 0.07416
34 95 -0.2361
34 96 0.01446
34 97 0.10918
34 98 0.17928
34 99 0.07905
35 36 0.1561
35 37 0.19849
35 38 0.05316
35 39 0.04602
35 40 0.08071
35 41 -0.0697
35 42 0.04812
35 43 -0.07283
35 44 0.18822
35 45 -0.10953
35 46 -0.07381
35 47 0.05787
35 48 0.14103
35 49 -0.10247
35 50 -0.0272
35 51 -0.21257
35 52 0.04595
35 53 0.04772
35 54 -0.09295
35 55 -0.02507
35 56 0.05244
35 57 0.06612
35 58 -0.14927
35 59 0.15044
35 60 -0.06198
35 61 -0.01374
35 62 -0.02636
35 63 -0.03029
35 64 0.14648
35 65 -0.02099
35 66 0.17127
35 67 -0.09199
35 68 0.08493
35 69 0.01145
35 70 0.09823
35 71 -0.17655
35 72 -0.03454
35 73 -0.07951
35 74 0.0668
35 75 -0.14584
35 76 -0.02285
35 77 -0.00416
35 78 -0.07466
35 79 -0.14578
35 80 -0.17535
35 81 0.09633
35 82 -0.02028
35 83 0.15819
35 84 0.07512
35 85 0.08223
35 86 -0.0188
35 87 0.21307
35 88 0.13659
35 89 -0.10402
35 90 -0.01157
35 91 -0.12136
35 92 0.06251
35 93 0.09142
35 94 -0.12955
35 95 -0.11243
35 96 -0.20354
35 97 0.19746
35 98 0.0352
35 99 -0.03313
36 37 -0.03475
36 38 0.18213
36 39 0.06703
36 40 0.11954
36 41 -0.20347
36 42 -0.1945
36 43 -0.08318
36 44 -0.07284
36 45 -0.04659
36 46 -0.00192
36 47 0.0525
36 48 -0.13258
36 49 0.08785
36 50 0.01368
36 51 -0.07088
36 52 0.02924
36 53 0.09377
36 54 0.04168
36 55 -0.06495
36 56 0.08738
36 57 -0.0288
36 58 0.09308
36 59 0.06492
36 60 -0.14105
36 61 0.12414
36 62 0.12211
36 63 -0.17198
36 64 0.08375
36 65 0.00592
36 66 0.01557
36 67 0.05828
36 68 -0.18569
36 69 0.05137
36 70 -0.03092
36 71 -0.0795
36 72 0.07987
36 73 0.00342
36 74 -0.01023
36 75 -0.03149
36 76 -0.05814
36 77 0.05412
36 78 -0.02577
36 79 -0.01665
36 80 0.10411
36 81 -0.06071
36 82 0.05857
36 83 0.13713
36 84 -0.09484
36 85 -0.02041
36 86 -0.03378
36 87 0.23042
36 88 -0.09804
36 89 0.12045
36 90 -0.03272
36 91 0.10551
36 92 -0.15507
36 93 -0.05524
36 94 -0.03058
36 95 0.04201
36 96 -0.28217
36 97 -0.09358
36 98 0.08575
36 99 -0.22345
37 38 0.09021
37 39 -0.0072
37 40 0.00731
37 41 0.00759
37 42 -0.01619
37 43 0.03362
37 44 0.20936
37 45 -0.03957
37 46 -0.08924
37 47 0.09115
37 48 0.11811
37 49 0.10032
37 50 -0.03939
37 51 -0.02197
37 52 0.06291
37 53 -0.0893
37 54 0.02112
37 55 0.00514
37 56 -0.13851
37 57 0.01346
37 58 0.20153
37 59 -0.04874
37 60 -0.012
37 61 0.16789
37 62 -0.10124
37 63 0.09939
37 64 0.06537
37 65 -0.02763
37 66 0.04373
37 67 0.08269
37 68 -0.0041
37 69 -0.07169
37 70 -0.04891
37 71 0.11535
37 72 0.08689
37 73 0.0809
37 74 -0.04867
37 75 0.13681
37 76 -0.02773
37 77 0.00797
37 78 0.08066
37 79 -0.06921
37 80 -0.07103
37 81 0.0496
37 82 -0.12044
37 83 -0.10511
37 84 0.18339
37 85 -0.12846
37 86 -0.00261
37 87 0.0486
37 88 0.02661
37 89 -0.00916
37 90 0.12137
37 91 0.20987
37 92 -0.15654
37 93 0.00317
37 94 0.01754
37 95 -0.04018
37 96 -0.12033
37 97 -0.06571
37 98 -0.13939
37 99 -0.01611
38 39 -0.08782
38 40 0.1162
38 41 -0.0019
38 42 0.00983
38 43 0.13206
38 44 0.09276
38 45 -0.16427
38 46 -0.02017
38 47 -0.07952
38 48 0.06562
38 49 -0.08157
38 50 0.04323
38 51 -0.14672
38 52 -0.05558
38 53 0.1325
38 54 0.18277
38 55 -0.10094
38 56 -0.02221
38 57 0.01628
38 58 -0.14198
38 59 -0.10311
38 60 -0.02656
38 61 0.10706
38 62 0.22799
38 63 0.26408
38 64 -0.08867
38 65 0.12552
38 66 0.03707
38 67 -0.07906
38 68 -0.07057
38 69 -0.04839
38 70 -0.12106
38 71 0.1056
38 72 -0.13358
38 73 -0.13117
38 74 0.01336
38 75 0.02881
38 76 0.05555
38 77 -0.09741
38 78 0.02966
38 79 -0.15645
38 80 -0.10762
38 81 -0.16595
38 82 0.07912
38 83 0.07518
38 84 -0.02727
38 85 -0.04265
38 86 -0.05412
38 87 0.06822
38 88 -0.03969
38 89 0.06875
38 90 0.00052
38 91 0.08702
38 92 0.17815
38 93 -0.00579
38 94 -0.18183
38 95 0.01325
38 96 -0.00515
38 97 0.08527
38 98 0.18347
38 99 0.03055
39 40 0.01848
39 41 -0.1363
39 42 0.05789
39 43 -0.02996
39 44 0.04706
39 45 -0.12425
39 46 0.14345
39 47 -0.08958
39 48 -0.00866
39 49 0.04428
39 50 0.0437
39 51 -0.09655
39 52 0.00098
39 53 0.12167
39 54 -0.06176
39 55 0.07086
39 56 -0.02691
39 57 -0.06235
39 58 -0.02784
39 59 -0.03738
39 60 0.09439
39 61 -0.16464
39 62 0.22767
39 63 0.06697
39 64 0.02277
39 65 -0.01051
39 66 -0.11049
39 67 -0.13613
39 68 0.04116
39 69 -0.04
39 70 -0.02807
39 71 0.00269
39 72 -0.10643
39 73 -0.00598
39 74 -0.06019
39 75 -0.08297
39 76 -0.1377
39 77 0.0603
39 78 0.02555
39 79 -0.10641
39 80 0.20186
39 81 0.06587
39 82 0.07546
39 83 0.1719
39 84 -0.0758
39 85 -0.16999
39 86 0.16527
39 87 -0.13969
39 88 0.11685
39 89 -0.1235
39 90 -0.03411
39 91 0.11493
39 92 0.11738
39 93 0.07739
39 94 -0.08244
39 95 -0.13819
39 96 -0.14539
39 97 0.05387
39 98 0.05813
39 99 -0.0795
40 41 0.01813
40 42 -0.02676
40 43 0.02709
40 44 -0.04283
40 45 0.09845
40 46 0.09239
40 47 0.04861
40 48 -0.10357
40 49 0.15299
40 50 -0.00651
40 51 0.09242
40 52 0.18665
40 53 -0.04736
40 54 -0.16281
40 55 -0.06708
40 56 0.05991
40 57 0.11724
40 58 -0.11115
40 59 -0.02115
40 60 0.06408
40 61 -0.01687
40 62 -0.11439
40 63 0.04067
40 64 -0.05481
40 65 -0.07969
40 66 -0.02634
40 67 -0.05237
40 68 0.05475
40 69 0.01386
40 70 -0.06711
40 71 0.08012
40 72 -0.03566
40 73 -0.11747
40 74 0.03397
40 75 -0.11471
40 76 -0.09227
40 77 0.06163
40 78 -0.12606
40 79 0.11328
40 80 0.03336
40 81 0.14387
40 82 -0.03154
40 83 -0.04798
40 84 0.02258
40 85 0.20936
40 86 0.1199
40 87 -0.04121
40 88 0.05447
40 89 -0.00325
40 90 0.02673
40 91 0.02925
40 92 0.00171
40 93 -0.06432
40 94 0.02231
40 95 0.11995
40 96 -0.07139
40 97 0.00071
40 98 -0.04288
40 99 0.10234
41 42 0.05104
41 43 -0.0621
41 44 -0.12914
41 45 0.12776
41 46 0.0272
41 47 0.22457
41 48 0.08237
41 49 -0.0173
41 50 -0.00878
41 51 -0.04404
41 52 -0.11933
41 53 -0.14478
41 54 0.02124
41 55 -0.10248
41 56 -0.04415
41 57 -0.06062
41 58 0.05376
41 59 0.13594
41 60 0.18586
41 61 -0.06078
41 62 -0.15624
41 63 0.15151
41 64 -0.11804
41 65 0.09565
41 66 -0.18061
41 67 0.05771
41 68 -0.02388
41 69 -0.08553
41 70 -0.0042
41 71 -0.02435
41 72 -0.16809
41 73 0.13274
41 74 0.10644
41 75 -0.10395
41 76 -0.02242
41 77 0.01668
41 78 -0.07198
41 79 -0.16528
41 80 0.07729
41 81 0.06324
41 82 -0.26672
41 83 -0.15893
41 84 0.03165
41 85 0.06258
41 86 0.05811
41 87 0.02367
41 88 -0.01119
41 89 0.10852
41 90 0.07422
41 91 0.06416
41 92 -0.12601
41 93 -0.07718
41 94 -0.04947
41 95 0.13438
41 96 -0.1136
41 97 -0.13993
41 98 0.06393
41 99 -0.13018
42 43 0.0078
42 44 -0.11373
42 45 0.0282
42 46 0.03119
42 47 0.25178
42 48 -0.05248
42 49 0.10565
42 50 0.08939
42 51 -0.09773
42 52 -0.04385
42 53 0.00252
42 54 -0.06866
42 55 -0.14304
42 56 0.06231
42 57 0.00598
42 58 -0.11398
42 59 -0.03845
42 60 -0.15321
42 61 -0.21462
42 62 -0.20393
42 63 0.02306
42 64 -0.03346
42 65 0.04034
42 66 -0.02287
42 67 0.14267
42 68 0.07958
42 69 0.09723
42 70 -0.17822
42 71 -0.07514
42 72 0.04617
42 73 0.20782
42 74 -0.2125
42 75 0.0481
42 76 -0.00906
42 77 -0.00555
42 78 0.0268
42 79 0.05989
42 80 0.01865
42 81 -0.03216
42 82 -0.02139
42 83 0.07432
42 84 0.02798
42 85 0.04272
42 86 -0.01764
42 87 0.09305
42 88 0.02599
42 89 -0.02048
42 90 -0.12135
42 91 -0.05538
42 92 -0.08735
42 93 -0.05941
42 94 -0.09035
42 95 -0.0885
42 96 0.0705
42 97 0.05213
42 98 -0.12808
42 99 0.01032
43 44 0.0388
43 45 -0.05183
43 46 -0.07423
43 47 -0.02958
43 48 0.201
43 49 0.01066
43 50 0.06272
43 51 0.09309
43 52 0.1537
43 53 0.05026
43 54 -0.09867
43 55 0.01254
43 56 -0.03382
43 57 -0.15434
43 58 -0.01953
43 59 0.04155
43 60 0.16795
43 61 -0.00766
43 62 0.06511
43 63 -0.03307
43 64 0.25381
43 65 -0.0452
43 66 0.01626
43 67 -0.2689
43 68 0.22463
43 69 0.27441
43 70 -0.09275
43 71 -0.06456
43 72 0.03972
43 73 0.02773
43 74 0.22349
43 75 0.02698
43 76 -0.0795
43 77 -0.19508
43 78 0.02536
43 79 0.04803
43 80 0.08877
43 81 -0.13434
43 82 -0.08088
43 83 -0.02301
43 84 0.0887
43 85 -0.08344
43 86 -0.07476
43 87 0.03025
43 88 -0.08076
43 89 -0.00853
43 90 0.22772
43 91 0.17659
43 92 0.09061
43 93 -0.34904
43 94 -0.17693
43 95 -0.07253
43 96 -0.11118
43 97 -0.01131
43 98 0.01214
43 99 -0.04384
44 45 -0.03762
44 46 0.15386
44 47 -0.12066
44 48 -0.07554
44 49 0.03763
44 50 -0.08034
44 51 0.12438
44 52 0.01722
44 53 0.01267
44 54 0.06938
44 55 -0.00089
44 56 -0.16928
44 57 -0.11729
44 58 -0.07808
44 59 -0.02922
44 60 -0.12759
44 61 0.02252
44 62 0.09515
44 63 -0.04673
44 64 0.16377
44 65 0.0029
44 66 0.00178
44 67 0.09934
44 68 0.01842
44 69 -0.08254
44 70 -0.01509
44 71 -0.24965
44 72 0.23104
44 73 0.01278
44 74 0.11409
44 75 0.07148
44 76 -0.11074
44 77 0.08015
44 78 -0.01593
44 79 -0.03576
44 80 0.21245
44 81 0.09759
44 82 -0.06243
44 83 0.15061
44 84 0.07063
44 85 -0.00073
44 86 -0.04197
44 87 0.07759
44 88 0.03576
44 89 -0.1279
44 90 -0.09739
44 91 -0.09663
44 92 0.06453
44 93 0.03967
44 94 -0.04518
44 95 0.04242
44 96 -0.00229
44 97 0.03741
44 98 -0.11945
44 99 -0.02075
45 46 0.04732
45 47 0.00636
45 48 -0.01087
45 49 -0.1411
45 50 -0.00114
45 51 0.02502
45 52 0.10875
45 53 -0.06888
45 54 0.14608
45 55 -0.07816
45 56 0.24995
45 57 -0.14679
45 58 0.12844
45 59 0.08792
45 60 0.02531
45 61 -0.09212
45 62 -0.10428
45 63 0.00903
45 64 0.07459
45 65 -0.08206
45 66 -0.18757
45 67 -0.07921
45 68 0.07359
45 69 -0.13902
45 70 0.12079
45 71 0.06053
45 72 -0.1006
45 73 -0.01147
45 74 0.04802
45 75 0.09569
45 76 -0.00821
45 77 0.02968
45 78 0.10266
45 79 0.12231
45 80 -0.17254
45 81 0.01201
45 82 -0.07364
45 83 0.07676
45 84 0.03819
45 85 -0.07846
45 86 0.12815
45 87 0.29431
45 88 -0.10257
45 89 -0.00598
45 90 -0.1228
45 91 -0.09544
45 92 0.14862
45 93 -0.04084
45 94 -0.00258
45 95 -0.01935
45 96 0.09326
45 97 0.12
45 98 0.01429
45 99 -0.04091
46 47 -0.07179
46 48 0.1922
46 49 -0.0911
46 50 -0.11897
46 51 0.03078
46 52 -0.05845
46 53 -0.08077
46 54 -0.00793
46 55 0.02553
46 56 0.17344
46 57 0.07355
46 58 0.01256
46 59 -0.1698
46 60 0.13972
46 61 0.07019
46 62 -0.08324
46 63 0.11551
46 64 0.24285
46 65 0.13552
46 66 0.03304
46 67 -0.14342
46 68 -0.12121
46 69 -0.06492
46 70 -0.01179
46 71 0.09266
46 72 -0.07313
46 73 -0.01495
46 74 -0.07777
46 75 0.14526
46 76 -0.11233
46 77 0.19224
46 78 0.01259
46 79 0.06368
46 80 0.02336
46 81 0.00783
46 82 -0.08451
46 83 0.04868
46 84 0.04196
46 85 -0.12497
46 86 -0.09068
46 87 -0.09673
46 88 -0.15825
46 89 0.12143
46 90 -0.00378
46 91 -0.09143
46 92 -0.07869
46 93 -0.00476
46 94 0.10612
46 95 -0.01831
46 96 -0.00195
46 97 -0.0754
46 98 -0.01025
46 99 0.0908
47 48 0.00131
47 49 -0.03109
47 50 -0.05882
47 51 0.03475
47 52 0.00928
47 53 -0.03867
47 54 0.02065
47 55 0.07045
47 56 0.02329
47 57 0.06978
47 58 0.04015
47 59 0.16956
47 60 -0.0703
47 61 -0.09694
47 62 -0.11737
47 63 -0.00983
47 64 0.02631
47 65 0.06239
47 66 -0.07966
47 67 0.01877
47 68 -0.02136
47 69 0.00653
47 70 -0.00882
47 71 0.00823
47 72 0.00456
47 73 -0.17034
47 74 -0.05293
47 75 0.05618
47 76 0.09221
47 77 0.0922
47 78 0.02115
47 79 0.22529
47 80 -0.12228
47 81 0.14427
47 82 0.10879
47 83 -0.14076
47 84 -0.11507
47 85 -0.08903
47 86 -0.21152
47 87 0.12202
47 88 -0.08558
47 89 0.0028
47 90 -0.02132
47 91 0.0027
47 92 0.06962
47 93 0.03037
47 94 -0.03096
47 95 0.06905
47 96 -0.10261
47 97 -0.12854
47 98 -0.10472
47 99 0.13384
48 49 0.07035
48 50 -0.03635
48 51 0.15973
48 52 0.1652
48 53 -0.09053
48 54 -0.00835
48 55 -0.01428
48 56 -0.00665
48 57 -0.09964
48 58 -0.06617
48 59 -0.06588
48 60 0.00269
48 61 -0.0554
48 62 -0.04336
48 63 0.09083
48 64 -0.03028
48 65 -0.13622
48 66 -0.18931
48 67 0.06204
48 68 -0.12319
48 69 -0.12403
48 70 -0.00802
48 71 0.13341
48 72 0.16664
48 73 0.02608
48 74 -0.17182
48 75 -0.10604
48 76 0.04932
48 77 0.02561
48 78 -0.10913
48 79 -0.03861
48 80 0.13313
48 81 -0.06084
48 82 -0.11701
48 83 -0.10708
48 84 -0.10507
48 85 -0.10699
48 86 0.00717
48 87 -0.02391
48 88 0.08853
48 89 0.02584
48 90 0.10155
48 91 0.06874
48 92 -0.13669
48 93 -0.11075
48 94 -0.07222
48 95 -0.02603
48 96 0.2214
48 97 -0.08738
48 98 0.11259
48 99 0.00406
49 50 -0.07777
49 51 -0.16119
49 52 0.08731
49 53 0.03437
49 54 -0.11937
49 55 0.05076
49 56 0.11814
49 57 0.15114
49 58 0.07001
49 59 -0.09679
49 60 -0.08662
49 61 0.15992
49 62 0.04584
49 63 0.04949
49 64 0.04698
49 65 -0.19254
49 66 -0.02034
49 67 0.06171
49 68 0.17642
49 69 0.03121
49 70 0.10533
49 71 -0.00694
49 72 -0.14664
49 73 0.35671
49 74 -0.03006
49 75 -0.02566
49 76 0.06955
49 77 -0.19728
49 78 -0.09529
49 79 -0.22919
49 80 0.02852
49 81 -0.07382
49 82 -0.1648
49 83 -0.06139
49 84 -0.01373
49 85 0.05868
49 86 -0.05536
49 87 -0.07161
49 88 -0.00063
49 89 -0.08872
49 90 0.07049
49 91 -0.08164
49 92 0.07887
49 93 -0.1149
49 94 0.10099
49 95 0.0453
49 96 0.05473
49 97 0.0524
49 98 -0.23212
49 99 0.06261
50 51 -0.00186
50 52 0.03795
50 53 0.04941
50 54 -0.02316
50 55 0.00062
50 56 0.02233
50 57 0.13538
50 58 0.13887
50 59 0.05761
50 60 -0.00038
50 61 0.1117
50 62 0.11916
50 63 -0.10201
50 64 0.02079
50 65 -0.28282
50 66 -0.05693
50 67 -0.0015
50 68 0.13852
50 69 0.27513
50 70 -0.04233
50 71 0.07827
50 72 -0.04423
50 73 0.03382
50 74 0.21616
50 75 0.03913
50 76 0.05676
50 77 -0.05324
50 78 -0.08759
50 79 -0.0278
50 80 0.10535
50 81 -0.03574
50 82 0.05887
50 83 -0.05957
50 84 0.06535
50 85 -0.01137
50 86 0.16723
50 87 -0.05779
50 88 -0.18781
50 89 0.06586
50 90 -0.04606
50 91 -0.16
50 92 -0.0644
50 93 -0.15176
50 94 -0.08023
50 95 0.02528
50 96 -0.04794
50 97 0.19107
50 98 -0.14157
50 99 -0.12914
51 52 -0.14803
51 53 0.03713
51 54 0.09234
51 55 -0.09449
51 56 0.00628
51 57 0.05623
51 58 -0.02707
51 59 0.09023
51 60 -0.05792
51 61 0.05767
51 62 -0.06599
51 63 0.16657
51 64 -0.13549
51 65 -0.03613
51 66 -0.00471
51 67 0.00537
51 68 0.07775
51 69 -0.01031
51 70 0.07713
51 71 0.17095
51 72 -0.29356
51 73 -0.04405
51 74 0.09637
51 75 0.00873
51 76 -0.07571
51 77 0.08376
51 78 0.02528
51 79 0.04159
51 80 0.23326
51 81 -0.06665
51 82 0.15044
51 83 0.12293
51 84 0.04204
51 85 0.09882
51 86 -0.0942
51 87 -0.22268
51 88 -0.00163
51 89 0.12742
51 90 0.00706
51 91 -0.13381
51 92 0.04707
51 93 0.05987
51 94 -0.11599
51 95 0.14808
51 96 -0.04709
51 97 -0.11611
51 98 0.16861
51 99 0.01246
52 53 -0.19046
52 54 -0.02619
52 55 -0.01174
52 56 0.01636
52 57 -0.03329
52 58 -0.00869
52 59 -0.14512
52 60 -0.15571
52 61 0.09896
52 62 -0.1105
52 63 -0.00829
52 64 -0.014
52 65 0.08553
52 66 -0.00733
52 67 -0.15278
52 68 -0.02073
52 69 0.10272
52 70 -0.1745
52 71 0.01545
52 72 -0.13097
52 73 0.01113
52 74 -0.16525
52 75 -0.04373
52 76 0.00359
52 77 0.07593
52 78 -0.18714
52 79 -0.23575
52 80 -0.092
52 81 0.07349
52 82 -0.15509
52 83 -0.05773
52 84 -0.03663
52 85 0.11964
52 86 -0.18363
52 87 -0.04104
52 88 -0.23262
52 89 0.05208
52 90 -0.12741
52 91 -0.01863
52 92 0.16538
52 93 -0.00649
52 94 -0.06148
52 95 -0.09975
52 96 -0.00341
52 97 0.16519
52 98 -0.07288
52 99 0.11972
53 54 0.0888
53 55 -0.10418
53 56 0.04077
53 57 0.16591
53 58 -0.16394
53 59 0.16992
53 60 0.07425
53 61 -0.19368
53 62 0.13194
53 63 0.04892
53 64 -0.1592
53 65 -0.11149
53 66 0.0625
53 67 0.21587
53 68 0.06487
53 69 -0.10589
53 70 -0.04193
53 71 -0.00002
53 72 -0.10711
53 73 0.02544
53 74 -0.06789
53 75 0.01646
53 76 -0.03948
53 77 0.0556
53 78 0.21343
53 79 0.14025
53 80 0.02278
53 81 -0.17313
53 82 -0.16497
53 83 -0.06479
53 84 0.04533
53 85 0.01002
53 86 -0.03488
53 87 -0.0125
53 88 -0.09963
53 89 -0.03471
53 90 -0.03853
53 91 0.0212
53 92 -0.0093
53 93 -0.0206
53 94 0.0479
53 95 0.02796
53 96 0.09332
53 97 -0.14601
53 98 0.08887
53 99 -0.01395
54 55 -0.00898
54 56 -0.07425
54 57 -0.07773
54 58 -0.11993
54 59 0.08357
54 60 -0.0144
54 61 -0.06798
54 62 -0.03915
54 63 -0.0618
54 64 0.00184
54 65 0.08497
54 66 0.12472
54 67 0.16367
54 68 -0.01977
54 69 0.02357
54 70 0.05981
54 71 0.11342
54 72 -0.08032
54 73 0.061
54 74 -0.10074
54 75 0.03117
54 76 0.04837
54 77 -0.10223
54 78 -0.00784
54 79 -0.05859
54 80 -0.0765
54 81 -0.12582
54 82 0.08423
54 83 0.15154
54 84 -0.01123
54 85 0.00844
54 86 -0.09474
54 87 -0.10737
54 88 -0.11406
54 89 0.15553
54 90 -0.07422
54 91 0.04319
54 92 0.00634
54 93 -0.0069
54 94 -0.01761
54 95 0.12086
54 96 0.02755
54 97 0.10579
54 98 -0.02832
54 99 -0.17876
55 56 -0.02618
55 57 0.01042
55 58 0.0416
55 59 0.02468
55 60 -0.14524
55 61 0.00102
55 62 -0.00415
55 63 -0.05729
55 64 0.17347
55 65 0.07174
55 66 0.11543
55 67 -0.07214
55 68 0.28083
55 69 -0.11089
55 70 -0.03087
55 71 0.00984
55 72 -0.11441
55 73 -0.21509
55 74 -0.03931
55 75 0.05727
55 76 -0.02105
55 77 0.0406
55 78 0.08807
55 79 0.03691
55 80 0.00178
55 81 0.08299
55 82 0.04043
55 83 0.18084
55 84 0.06665
55 85 0.23088
55 86 -0.15022
55 87 -0.17787
55 88 0.17255
55 89 0.00839
55 90 -0.01371
55 91 -0.12528
55 92 -0.19261
55 93 0.29918
55 94 0.06336
55 95 -0.12913
55 96 -0.06818
55 97 -0.02653
55 98 -0.0925
55 99 -0.08947
56 57 0.09641
56 58 -0.05255
56 59 0.17305
56 60 -0.03003
56 61 -0.06814
56 62 -0.07618
56 63 0.14245
56 64 -0.02213
56 65 -0.20905
56 66 -0.02912
56 67 0.12468
56 68 0.00656
56 69 -0.02274
56 70 0.0035
56 71 -0.05825
56 72 0.07535
56 73 -0.0097
56 74 -0.02315
56 75 0.07416
56 76 0.11822
56 77 0.00024
56 78 0.08895
56 79 -0.03292
56 80 -0.12659
56 81 0.18183
56 82 0.08346
56 83 0.03074
56 84 0.03664
56 85 0.04345
56 86 0.00399
56 87 0.08254
56 88 0.13257
56 89 0.0686
56 90 -0.09406
56 91 0.0563
56 92 -0.08581
56 93 0.05694
56 94 0.0497
56 95 -0.0596
56 96 -0.06009
56 97 -0.00082
56 98 -0.08762
56 99 -0.02465
57 58 0.04403
57 59 0.01871
57 60 -0.14567
57 61 -0.03054
57 62 -0.01955
57 63 0.15182
57 64 0.09574
57 65 0.06147
57 66 -0.0482
57 67 -0.10467
57 68 -0.21869
57 69 -0.152
57 70 0.12518
57 71 0.21603
57 72 -0.13103
57 73 -0.08234
57 74 -0.08633
57 75 0.0578
57 76 0.0601
57 77 -0.22523
57 78 0.02942
57 79 -0.09724
57 80 -0.12418
57 81 0.13171
57 82 -0.00165
57 83 0.07765
57 84 -0.04168
57 85 0.11227
57 86 -0.07051
57 87 -0.14579
57 88 0.10029
57 89 -0.03424
57 90 0.10187
57 91 -0.02911
57 92 -0.14548
57 93 0.00978
57 94 0.0284
57 95 0.0624
57 96 -0.07154
57 97 0.0527
57 98 -0.09581
57 99 -0.11393
58 59 -0.15669
58 60 -0.07974
58 61 0.04109
58 62 0.06943
58 63 -0.11636
58 64 -0.06619
58 65 0.02043
58 66 0.04077
58 67 -0.02896
58 68 0.09188
58 69 -0.00002
58 70 -0.12837
58 71 0.15717
58 72 0.06921
58 73 -0.03594
58 74 0.0316
58 75 0.06559
58 76 0.00789
58 77 0.01872
58 78 -0.0225
58 79 0.00197
58 80 0.11766
58 81 -0.02786
58 82 0.03067
58 83 0.28605
58 84 -0.00046
58 85 0.08693
58 86 0.08834
58 87 0.11417
58 88 -0.01041
58 89 -0.03408
58 90 -0.0679
58 91 0.08357
58 92 0.09874
58 93 0.09804
58 94 -0.16877
58 95 -0.103
58 96 -0.04485
58 97 0.02939
58 98 -0.00194
58 99 -0.03129
59 60 -0.07349
59 61 -0.02628
59 62 0.04598
59 63 0.02661
59 64 -0.04847
59 65 0.09527
59 66 0.03001
59 67 -0.04083
59 68 0.18407
59 69 -0.09371
59 70 0.18157
59 71 -0.06942
59 72 -0.02829
59 73 0.05093
59 74 0.15671
59 75 -0.06124
59 76 -0.09948
59 77 0.20235
59 78 0.03829
59 79 0.05787
59 80 -0.06326
59 81 0.07835
59 82 0.11648
59 83 0.12629
59 84 -0.17234
59 85 -0.07218
59 86 0.10708
59 87 -0.01598
59 88 0.12036
59 89 0.04329
59 90 -0.07694
59 91 0.09148
59 92 0.04554
59 93 -0.04068
59 94 -0.0179
59 95 0.20128
59 96 -0.19827
59 97 0.10608
59 98 -0.02836
59 99 0.05564
60 61 -0.07678
60 62 -0.09023
60 63 0.08827
60 64 0.08806
60 65 0.08191
60 66 0.04636
60 67 -0.1671
60 68 0.12203
60 69 -0.0137
60 70 -0.13071
60 71 0.0025
60 72 -0.04007
60 73 0.01496
60 74 0.02496
60 75 0.05865
60 76 -0.22628
60 77 -0.08672
60 78 -0.06295
60 79 -0.02457
60 80 0.14985
60 81 -0.07589
60 82 0.01658
60 83 0.15303
60 84 -0.09499
60 85 -0.07333
60 86 0.13255
60 87 -0.06306
60 88 -0.03484
60 89 -0.07038
60 90 0.09436
60 91 0.01649
60 92 0.13017
60 93 0.16525
60 94 0.1633
60 95 0.07648
60 96 0.00693
60 97 0.10827
60 98 -0.00386
60 99 -0.13341
61 62 -0.07257
61 63 0.09114
61 64 -0.01066
61 65 -0.01243
61 66 0.19234
61 67 -0.05662
61 68 -0.15355
61 69 -0.11217
61 70 -0.09589
61 71 -0.02426
61 72 -0.11912
61 73 0.05237
61 74 -0.07036
61 75 0.08385
61 76 0.1247
61 77 -0.02792
61 78 0.09012
61 79 -0.05231
61 80 0.0229
61 81 0.06749
61 82 -0.04356
61 83 0.18792
61 84 0.15186
61 85 -0.08216
61 86 0.18204
61 87 -0.16375
61 88 0.0316
61 89 0.12265
61 90 0.14769
61 91 -0.02784
61 92 0.14746
61 93 -0.04104
61 94 0.02618
61 95 0.07119
61 96 0.05848
61 97 0.12402
61 98 -0.29418
61 99 0.01921
62 63 -0.06626
62 64 -0.06402
62 65 0.05169
62 66 0.03468
62 67 -0.0189
62 68 -0.0721
62 69 0.06674
62 70 -0.0256
62 71 0.03727
62 72 -0.06807
62 73 0.04575
62 74 0.02772
62 75 -0.10376
62 76 0.14028
62 77 -0.04595
62 78 -0.03024
62 79 -0.06598
62 80 -0.12502
62 81 0.01742
62 82 0.05503
62 83 0.05472
62 84 0.15753
62 85 -0.08868
62 86 0.08406
62 87 0.08729
62 88 0.0283
62 89 0.04699
62 90 0.02699
62 91 -0.02694
62 92 0.09595
62 93 0.01121
62 94 -0.02042
62 95 -0.14059
62 96 0.01045
62 97 0.09847
62 98 0.04383
62 99 -0.04278
63 64 -0.14136
63 65 0.03759
63 66 -0.01175
63 67 0.03679
63 68 -0.18979
63 69 0.0199
63 70 0.04403
63 71 -0.11025
63 72 0.16877
63 73 0.01737
63 74 -0.10116
63 75 -0.21419
63 76 -0.00674
63 77 0.02057
63 78 0.15427
63 79 -0.08899
63 80 -0.23559
63 81 0.1377
63 82 0.0072
63 83 0.19439
63 84 -0.20379
63 85 0.02017
63 86 0.03341
63 87 -0.09596
63 88 -0.11453
63 89 -0.11529
63 90 -0.07159
63 91 -0.13872
63 92 0.05312
63 93 0.07831
63 94 -0.07132
63 95 0.12462
63 96 0.02276
63 97 0.1636
63 98 0.07899
63 99 0.11161
64 65 -0.0955
64 66 0.21067
64 67 0.11978
64 68 0.06388
64 69 -0.05498
64 70 0.08259
64 71 0.02603
64 72 0.21565
64 73 -0.12645
64 74 -0.04032
64 75 -0.01562
64 76 -0.03221
64 77 -0.05871
64 78 0.0905
64 79 -0.01948
64 80 -0.14859
64 81 -0.15695
64 82 0.12701
64 83 0.05217
64 84 0.0538
64 85 -0.06128
64 86 0.13182
64 87 0.02215
64 88 -0.05839
64 89 0.06182
64 90 -0.10612
64 91 0.02818
64 92 -0.12164
64 93 0.06601
64 94 -0.08671
64 95 -0.04749
64 96 0.06687
64 97 -0.05341
64 98 -0.00065
64 99 0.03553
65 66 0.16791
65 67 -0.27966
65 68 0.12872
65 69 -0.06657
65 70 -0.10322
65 71 0.06682
65 72 0.04117
65 73 0.18155
65 74 -0.00043
65 75 -0.02334
65 76 0.08074
65 77 -0.15822
65 78 -0.00252
65 79 -0.03271
65 80 -0.02186
65 81 -0.1274
65 82 0.16105
65 83 0.01389
65 84 -0.00384
65 85 0.07274
65 86 0.03184
65 87 0.02146
65 88 0.08471
65 89 -0.03084
65 90 -0.08305
65 91 -0.0225
65 92 0.00083
65 93 0.05004
65 94 -0.00612
65 95 0.02596
65 96 -0.00934
65 97 0.0828
65 98 -0.02032
65 99 -0.01568
66 67 -0.0298
66 68 -0.05952
66 69 -0.05868
66 70 0.01063
66 71 0.06114
66 72 0.08476
66 73 -0.0737
66 74 0.10477
66 75 -0.07718
66 76 -0.09306
66 77 -0.07714
66 78 -0.00845
66 79 -0.02547
66 80 0.11078
66 81 -0.2306
66 82 -0.10749
66 83 -0.00378
66 84 -0.04503
66 85 0.07926
66 86 -0.22361
66 87 -0.13352
66 88 -0.04763
66 89 -0.17177
66 90 -0.03195
66 91 -0.06572
66 92 -0.00708
66 93 -0.00762
66 94 -0.05607
66 95 0.02718
66 96 -0.04773
66 97 -0.04947
66 98 -0.08648
66 99 -0.05287
67 68 0.08295
67 69 0.07227
67 70 0.092
67 71 0.07007
67 72 -0.04515
67 73 -0.1191
67 74 -0.04398
67 75 -0.01858
67 76 0.09069
67 77 -0.01064
67 78 0.06007
67 79 0.11934
67 80 0.0677
67 81 -0.18575
67 82 -0.04319
67 83 -0.0142
67 84 0.05713
67 85 -0.0094
67 86 0.08016
67 87 0.006
67 88 0.04757
67 89 -0.10082
67 90 0.08893
67 91 0.11301
67 92 0.08912
67 93 -0.1668
67 94 0.06408
67 95 0.15472
67 96 -0.04086
67 97 -0.13663
67 98 0.0824
67 99 0.12873
68 69 -0.14294
68 70 -0.12596
68 71 -0.14052
68 72 0.0835
68 73 -0.0043
68 74 -0.01963
68 75 0.10389
68 76 -0.07357
68 77 -0.09331
68 78 -0.09428
68 79 -0.07157
68 80 -0.07646
68 81 -0.14093
68 82 -0.03564
68 83 -0.03008
68 84 0.06908
68 85 0.13076
68 86 0.26277
68 87 -0.12036
68 88 0.02587
68 89 0.17531
68 90 0.05296
68 91 -0.04003
68 92 -0.05774
68 93 0.18611
68 94 -0.04945
68 95 -0.19281
68 96 -0.09864
68 97 0.03955
68 98 -0.12907
68 99 0.08277
69 70 -0.05588
69 71 0.00395
69 72 -0.07518
69 73 -0.16433
69 74 -0.06294
69 75 0.00411
69 76 -0.06128
69 77 -0.10152
69 78 -0.03238
69 79 0.1985
69 80 0.13826
69 81 -0.04508
69 82 -0.09471
69 83 0.15027
69 84 0.01044
69 85 0.20391
69 86 -0.12194
69 87 0.06546
69 88 0.03617
69 89 0.1485
69 90 0.0581
69 91 -0.07137
69 92 0.01584
69 93 0.0443
69 94 0.16235
69 95 -0.07366
69 96 0.12475
69 97 0.04216
69 98 0.08926
69 99 -0.26126
70 71 -0.0293
70 72 -0.00694
70 73 0.08691
70 74 0.09335
70 75 -0.09053
70 76 0.14549
70 77 -0.1248
70 78 0.11372
70 79 0.01758
70 80 -0.31677
70 81 0.05438
70 82 -0.13411
70 83 -0.02976
70 84 -0.19858
70 85 0.03662
70 86 -0.08348
70 87 0.127
70 88 0.11771
70 89 0.09051
70 90 -0.02605
70 91 -0.04482
70 92 0.08456
70 93 -0.06207
70 94 0.16074
70 95 -0.18103
70 96 -0.06069
70 97 -0.04899
70 98 -0.01194
70 99 0.01264
71 72 0.05455
71 73 -0.03373
71 74 0.04322
71 75 -0.05893
71 76 -0.06445
71 77 -0.1274
71 78 0.0453
71 79 0.08048
71 80 -0.13203
71 81 -0.05417
71 82 0.17929
71 83 -0.07437
71 84 -0.05817
71 85 0.06369
71 86 -0.14724
71 87 0.11798
71 88 -0.13389
71 89 0.02237
71 90 0.07837
71 91 0.20033
71 92 0.08006
71 93 0.07978
71 94 0.18265
71 95 0.01724
71 96 -0.04285
71 97 -0.09972
71 98 0.03443
71 99 0.02948
72 73 -0.0447
72 74 0.06328
72 75 -0.05207
72 76 0.15623
72 77 0.06683
72 78 0.15836
72 79 0.04653
72 80 0.07167
72 81 0.0297
72 82 0.00644
72 83 -0.0055
72 84 0.03647
72 85 0.19156
72 86 0.04817
72 87 -0.0695
72 88 0.01408
72 89 -0.15937
72 90 -0.08889
72 91 -0.05761
72 92 0.03893
72 93 -0.02181
72 94 0.08986
72 95 -0.02962
72 96 0.04719
72 97 -0.00228
72 98 0.11796
72 99 0.14985
73 74 0.05323
73 75 -0.05305
73 76 -0.03461
73 77 0.10982
73 78 -0.22058
73 79 0.05237
73 80 0.12027
73 81 0.01637
73 82 -0.2497
73 83 0.06645
73 84 -0.03697
73 85 0.05642
73 86 0.03981
73 87 -0.02991
73 88 -0.09008
73 89 0.11508
73 90 -0.12878
73 91 -0.03391
73 92 0.02383
73 93 0.07871
73 94 -0.07596
73 95 0.02587
73 96 -0.03489
73 97 0.17474
73 98 0.01618
73 99 -0.12936
74 75 0.07557
74 76 -0.1176
74 77 0.15851
74 78 -0.03588
74 79 -0.11081
74 80 0.17627
74 81 0.1917
74 82 0.09523
74 83 0.00638
74 84 -0.09103
74 85 -0.00934
74 86 -0.12695
74 87 0.08041
74 88 -0.15649
74 89 -0.11375
74 90 -0.02498
74 91 -0.03382
74 92 0.13845
74 93 -0.0074
74 94 0.01655
74 95 0.09917
74 96 -0.03551
74 97 -0.12152
74 98 -0.15059
74 99 -0.04955
75 76 -0.10551
75 77 -0.17337
75 78 0.1183
75 79 -0.13439
75 80 0.0164
75 81 0.10189
75 82 -0.12575
75 83 0.01129
75 84 -0.03147
75 85 -0.03729
75 86 0.00599
75 87 0.07679
75 88 -0.06159
75 89 0.0546
75 90 -0.13538
75 91 0.14853
75 92 0.03109
75 93 0.08365
75 94 0.23731
75 95 -0.10693
75 96 -0.03601
75 97 0.09129
75 98 -0.07136
75 99 -0.02195
76 77 -0.0165
76 78 -0.20839
76 79 0.06418
76 80 -0.06627
76 81 -0.08718
76 82 0.12976
76 83 -0.02006
76 84 -0.02478
76 85 0.04649
76 86 -0.16264
76 87 0.12222
76 88 0.01301
76 89 -0.07933
76 90 0.03494
76 91 -0.19717
76 92 -0.16263
76 93 0.11754
76 94 -0.0659
76 95 0.09653
76 96 -0.05648
76 97 -0.16575
76 98 0.01846
76 99 0.04725
77 78 0.05027
77 79 0.06601
77 80 0.02342
77 81 0.06517
77 82 0.02497
77 83 -0.01393
77 84 -0.02309
77 85 -0.08763
77 86 -0.12474
77 87 0.10153
77 88 -0.05031
77 89 -0.01938
77 90 -0.00989
77 91 -0.11114
77 92 0.0507
77 93 0.09538
77 94 -0.17799
77 95 0.15249
77 96 0.27027
77 97 -0.04087
77 98 -0.04342
77 99 -0.01749
78 79 0.05363
78 80 -0.01815
78 81 -0.10436
78 82 -0.04388
78 83 -0.00241
78 84 -0.17244
78 85 -0.15543
78 86 -0.13449
78 87 0.03453
78 88 -0.05144
78 89 -0.08465
78 90 -0.0154
78 91 0.08641
78 92 -0.02919
78 93 0.078
78 94 -0.0162
78 95 -0.03334
78 96 -0.01367
78 97 0.05822
78 98 -0.06768
78 99 0.11616
79 80 0.19126
79 81 0.06225
79 82 0.00567
79 83 0.01944
79 84 0.04408
79 85 0.03456
79 86 -0.13298
79 87 0.12924
79 88 -0.0485
79 89 -0.08495
79 90 0.09201
79 91 0.06471
79 92 -0.01772
79 93 -0.05155
79 94 -0.02867
79 95 -0.10049
79 96 0.06678
79 97 0.11702
79 98 -0.10103
79 99 0.13449
80 81 -0.20726
80 82 0.04392
80 83 0.12924
80 84 0.02974
80 85 0.00976
80 86 0.10342
80 87 0.00225
80 88 -0.0145
80 89 0.07905
80 90 0.12507
80 91 -0.12044
80 92 -0.08984
80 93 -0.08253
80 94 -0.03883
80 95 -0.01038
80 96 -0.06958
80 97 -0.08142
80 98 -0.02046
80 99 -0.13991
81 82 -0.16089
81 83 0.0368
81 84 -0.08415
81 85 -0.01546
81 86 -0.04586
81 87 -0.01394
81 88 0.00324
81 89 0.00816
81 90 0.05577
81 91 0.06467
81 92 0.06274
81 93 -0.00752
81 94 0.23414
81 95 0.13188
81 96 -0.00848
81 97 0.02954
81 98 -0.13247
81 99 -0.01248
82 83 -0.03994
82 84 -0.13465
82 85 0.20637
82 86 0.1741
82 87 0.00659
82 88 0.04846
82 89 0.05488
82 90 0.06118
82 91 0.05293
82 92 -0.05728
82 93 -0.01991
82 94 0.03861
82 95 -0.06713
82 96 0.08959
82 97 -0.07232
82 98 -0.00289
82 99 -0.04395
83 84 0.03168
83 85 0.04577
83 86 -0.04199
83 87 -0.05099
83 88 -0.14924
83 89 -0.0189
83 90 0.02753
83 91 0.1382
83 92 0.13374
83 93 -0.14711
83 94 -0.1206
83 95 0.03276
83 96 -0.12365
83 97 0.2544
83 98 0.04889
83 99 0.18039
84 85 -0.05097
84 86 0.07909
84 87 0.01129
84 88 -0.05732
84 89 -0.05256
84 90 -0.06574
84 91 -0.1711
84 92 0.14484
84 93 -0.03678
84 94 -0.11046
84 95 -0.04032
84 96 0.11232
84 97 -0.01816
84 98 -0.01922
84 99 0.01942
85 86 0.04729
85 87 -0.00853
85 88 0.00039
85 89 -0.02501
85 90 0.11904
85 91 -0.19737
85 92 -0.0913
85 93 -0.02072
85 94 0.1076
85 95 -0.0385
85 96 0.09212
85 97 0.10012
85 98 -0.08046
85 99 -0.03836
86 87 -0.00476
86 88 -0.11299
86 89 -0.03942
86 90 -0.21858
86 91 -0.03178
86 92 -0.04213
86 93 -0.02405
86 94 0.02139
86 95 0.06128
86 96 -0.00462
86 97 -0.0192
86 98 -0.00072
86 99 -0.0104
87 88 -0.08173
87 89 0.05102
87 90 0.01871
87 91 -0.01178
87 92 -0.03533
87 93 0.00659
87 94 0.2168
87 95 0.04979
87 96 -0.07669
87 97 0.10854
87 98 -0.15185
87 99 -0.0279
88 89 -0.00296
88 90 0.02986
88 91 0.05511
88 92 0.19834
88 93 0.10009
88 94 0.20106
88 95 0.21205
88 96 -0.01073
88 97 0.17597
88 98 -0.06147
88 99 0.11322
89 90 -0.03389
89 91 0.20276
89 92 0.08987
89 93 -0.086
89 94 -0.10617
89 95 0.02475
89 96 -0.1712
89 97 -0.1407
89 98 0.02343
89 99 0.114
90 91 -0.08435
90 92 -0.06553
90 93 -0.0181
90 94 0.18789
90 95 0.01944
90 96 -0.11487
90 97 -0.15271
90 98 0.06369
90 99 0.06788
91 92 0.01361
91 93 -0.01473
91 94 -0.00892
91 95 0.06634
91 96 -0.01646
91 97 0.14764
91 98 0.0572
91 99 0.17404
92 93 0.03446
92 94 0.11496
92 95 0.07978
92 96 -0.07475
92 97 -0.09262
92 98 -0.01105
92 99 0.15551
93 94 -0.04144
93 95 0.04745
93 96 0.16715
93 97 -0.19366
93 98 -0.13231
93 99 -0.11343
94 95 0.20139
94 96 0.02064
94 97 0.05544
94 98 -0.02316
94 99 0.04104
95 96 -0.02481
95 97 0.07968
95 98 -0.04058
95 99 -0.00061
96 97 0.10026
96 98 -0.12344
96 99 0.02184
97 98 -0.17656
97 99 0.0227
98 99 -0.0337
