# model=ea3d N=512 meanJ=0 seed=931731106 distribution=gaussian field=0 num_fields=512 num_couplings=1536
0 0
1 0
2 0
3 0
4 0
5 0
6 0
7 0
8 0
9 0
10 0
11 0
12 0
13 0
14 0
15 0
16 0
17 0
18 0
19 0
20 0
21 0
22 0
23 0
24 0
25 0
26 0
27 0
28 0
29 0
30 0
31 0
32 0
33 0
34 0
35 0
36 0
37 0
38 0
39 0
40 0
41 0
42 0
43 0
44 0
45 0
46 0
47 0
48 0
49 0
50 0
51 0
52 0
53 0
54 0
55 0
56 0
57 0
58 0
59 0
60 0
61 0
62 0
63 0
64 0
65 0
66 0
67 0
68 0
69 0
70 0
71 0
72 0
73 0
74 0
75 0
76 0
77 0
78 0
79 0
80 0
81 0
82 0
83 0
84 0
85 0
86 0
87 0
88 0
89 0
90 0
91 0
92 0
93 0
94 0
95 0
96 0
97 0
98 0
99 0
100 0
101 0
102 0
103 0
104 0
105 0
106 0
107 0
108 0
109 0
110 0
111 0
112 0
113 0
114 0
115 0
116 0
117 0
118 0
119 0
120 0
121 0
122 0
123 0
124 0
125 0
126 0
127 0
128 0
129 0
130 0
131 0
132 0
133 0
134 0
135 0
136 0
137 0
138 0
139 0
140 0
141 0
142 0
143 0
144 0
145 0
146 0
147 0
148 0
149 0
150 0
151 0
152 0
153 0
154 0
155 0
156 0
157 0
158 0
159 0
160 0
161 0
162 0
163 0
164 0
165 0
166 0
167 0
168 0
169 0
170 0
171 0
172 0
173 0
174 0
175 0
176 0
177 0
178 0
179 0
180 0
181 0
182 0
183 0
184 0
185 0
186 0
187 0
188 0
189 0
190 0
191 0
192 0
193 0
194 0
195 0
196 0
197 0
198 0
199 0
200 0
201 0
202 0
203 0
204 0
205 0
206 0
207 0
208 0
209 0
210 0
211 0
212 0
213 0
214 0
215 0
216 0
217 0
218 0
219 0
220 0
221 0
222 0
223 0
224 0
225 0
226 0
227 0
228 0
229 0
230 0
231 0
232 0
233 0
234 0
235 0
236 0
237 0
238 0
239 0
240 0
241 0
242 0
243 0
244 0
245 0
246 0
247 0
248 0
249 0
250 0
251 0
252 0
253 0
254 0
255 0
256 0
257 0
258 0
259 0
260 0
261 0
262 0
263 0
264 0
265 0
266 0
267 0
268 0
269 0
270 0
271 0
272 0
273 0
274 0
275 0
276 0
277 0
278 0
279 0
280 0
281 0
282 0
283 0
284 0
285 0
286 0
287 0
288 0
289 0
290 0
291 0
292 0
293 0
294 0
295 0
296 0
297 0
298 0
299 0
300 0
301 0
302 0
303 0
304 0
305 0
306 0
307 0
308 0
309 0
310 0
311 0
312 0
313 0
314 0
315 0
316 0
317 0
318 0
319 0
320 0
321 0
322 0
323 0
324 0
325 0
326 0
327 0
328 0
329 0
330 0
331 0
332 0
333 0
334 0
335 0
336 0
337 0
338 0
339 0
340 0
341 0
342 0
343 0
344 0
345 0
346 0
347 0
348 0
349 0
350 0
351 0
352 0
353 0
354 0
355 0
356 0
357 0
358 0
359 0
360 0
361 0
362 0
363 0
364 0
365 0
366 0
367 0
368 0
369 0
370 0
371 0
372 0
373 0
374 0
375 0
376 0
377 0
378 0
379 0
380 0
381 0
382 0
383 0
384 0
385 0
386 0
387 0
388 0
389 0
390 0
391 0
392 0
393 0
394 0
395 0
396 0
397 0
398 0
399 0
400 0
401 0
402 0
403 0
404 0
405 0
406 0
407 0
408 0
409 0
410 0
411 0
412 0
413 0
414 0
415 0
416 0
417 0
418 0
419 0
420 0
421 0
422 0
423 0
424 0
425 0
426 0
427 0
428 0
429 0
430 0
431 0
432 0
433 0
434 0
435 0
436 0
437 0
438 0
439 0
440 0
441 0
442 0
443 0
444 0
445 0
446 0
447 0
448 0
449 0
450 0
451 0
452 0
453 0
454 0
455 0
456 0
457 0
458 0
459 0
460 0
461 0
462 0
463 0
464 0
465 0
466 0
467 0
468 0
469 0
470 0
471 0
472 0
473 0
474 0
475 0
476 0
477 0
478 0
479 0
480 0
481 0
482 0
483 0
484 0
485 0
486 0
487 0
488 0
489 0
490 0
491 0
492 0
493 0
494 0
495 0
496 0
497 0
498 0
499 0
500 0
501 0
502 0
503 0
504 0
505 0
506 0
507 0
508 0
509 0
510 0
511 0
0 64 0.60871
0 8 -1.30106
0 1 1.65007
1 65 -0.00118
1 9 -0.24991
1 2 -0.29315
2 66 -0.04366
2 10 0.35093
2 3 -1.52005
3 67 -1.18984
3 11 -0.36983
3 4 1.17027
4 68 0.72531
4 12 -0.87511
4 5 1.77086
5 69 -2.77479
5 13 1.27846
5 6 -0.03732
6 70 0.52977
6 14 0.50318
6 7 -0.55234
7 71 1.44127
7 15 0.70436
0 7 1.05136
8 72 -1.24333
8 16 -0.56387
8 9 0.1473
9 73 -0.58953
9 17 0.54914
9 10 -0.82185
10 74 -1.35636
10 18 -0.04461
10 11 -0.08553
11 75 0.26642
11 19 -0.57616
11 12 -0.3736
12 76 -0.47273
12 20 0.14258
12 13 -0.19757
13 77 -0.62207
13 21 -1.46432
13 14 0.58497
14 78 1.01974
14 22 1.68724
14 15 -1.06761
15 79 0.63128
15 23 -0.30237
8 15 1.19736
16 80 0.64166
16 24 -0.73673
16 17 -0.16461
17 81 0.77852
17 25 0.11422
17 18 0.06563
18 82 -0.46763
18 26 -0.97094
18 19 0.04864
19 83 -0.17642
19 27 -0.28464
19 20 -0.66365
20 84 0.09441
20 28 -0.16355
20 21 0.35005
21 85 0.36996
21 29 1.11061
21 22 -1.27989
22 86 1.95108
22 30 -0.57611
22 23 -0.399
23 87 0.67516
23 31 1.10572
16 23 1.84867
24 88 0.76658
24 32 -0.89263
24 25 -0.30928
25 89 0.18232
25 33 1.15199
25 26 0.07622
26 90 1.38931
26 34 -1.18725
26 27 -1.64624
27 91 -0.65593
27 35 -0.75026
27 28 -0.65034
28 92 -0.60438
28 36 -0.00677
28 29 -0.363
29 93 0.01685
29 37 1.09691
29 30 -1.26578
30 94 1.11016
30 38 0.7678
30 31 -2.14246
31 95 1.11162
31 39 -1.10448
24 31 0.11321
32 96 0.85317
32 40 0.58065
32 33 -1.46947
33 97 -1.00881
33 41 0.31474
33 34 -0.2889
34 98 -1.08167
34 42 1.00789
34 35 0.32361
35 99 1.6577
35 43 -1.66368
35 36 -1.50376
36 100 -0.65926
36 44 -1.2688
36 37 1.01309
37 101 1.46396
37 45 -0.86121
37 38 1.04716
38 102 1.2241
38 46 3.04709
38 39 -1.13752
39 103 -0.83725
39 47 -1.10802
32 39 1.64479
40 104 0.58448
40 48 1.23874
40 41 -0.70404
41 105 0.08637
41 49 -0.07225
41 42 -0.0969
42 106 -0.7034
42 50 -0.85477
42 43 -1.59985
43 107 -0.38545
43 51 -0.75141
43 44 -0.23766
44 108 -0.94291
44 52 -1.39704
44 45 -0.0626
45 109 1.50341
45 53 -0.6368
45 46 0.15101
46 110 -0.29619
46 54 -1.47377
46 47 -0.79923
47 111 -0.52994
47 55 0.56595
40 47 -1.89529
48 112 0.03725
48 56 0.8659
48 49 0.65889
49 113 -0.85224
49 57 -0.32392
49 50 -1.80175
50 114 -1.64976
50 58 -2.31816
50 51 -0.82018
51 115 -0.11859
51 59 1.28346
51 52 -1.45024
52 116 0.91876
52 60 0.91123
52 53 0.42449
53 117 -0.60945
53 61 1.20475
53 54 -0.82852
54 118 -0.6696
54 62 -1.38913
54 55 -1.91184
55 119 -0.65399
55 63 -1.14921
48 55 0.44576
56 120 1.20213
0 56 -1.11804
56 57 0.27965
57 121 0.28354
1 57 0.30947
57 58 -0.83096
58 122 1.26515
2 58 1.33492
58 59 -0.64029
59 123 1.02461
3 59 0.77139
59 60 1.08767
60 124 -0.56496
4 60 -0.2105
60 61 1.13404
61 125 -2.26355
5 61 -0.23302
61 62 -0.37878
62 126 0.86445
6 62 -0.08529
62 63 -0.74387
63 127 -0.38769
7 63 -0.18479
56 63 -0.52906
64 128 0.18314
64 72 -1.13901
64 65 -0.87104
65 129 -0.43017
65 73 -0.81742
65 66 0.67612
66 130 -0.10167
66 74 -0.39552
66 67 0.02551
67 131 0.62274
67 75 -0.57141
67 68 -0.2909
68 132 -0.62407
68 76 -1.64007
68 69 0.34144
69 133 1.39592
69 77 -0.58671
69 70 -1.35955
70 134 -1.6057
70 78 -0.4344
70 71 0.38897
71 135 1.19485
71 79 0.01709
64 71 0.17922
72 136 -1.81138
72 80 -0.20574
72 73 0.08055
73 137 0.94317
73 81 0.48743
73 74 -0.48791
74 138 -0.47636
74 82 -0.49102
74 75 -1.0237
75 139 1.90496
75 83 -0.39473
75 76 0.95223
76 140 -1.63525
76 84 0.58945
76 77 1.44664
77 141 0.19629
77 85 0.6332
77 78 0.35346
78 142 -0.35431
78 86 0.78075
78 79 0.38019
79 143 2.25646
79 87 0.24746
72 79 -0.46942
80 144 0.49153
80 88 2.02219
80 81 -1.75548
81 145 -1.7253
81 89 -0.80665
81 82 -0.28135
82 146 0.91228
82 90 -1.20401
82 83 0.51151
83 147 -0.60705
83 91 -0.90138
83 84 -0.49443
84 148 0.39027
84 92 -0.22622
84 85 0.05772
85 149 -0.08061
85 93 -0.8381
85 86 -0.39031
86 150 -0.18641
86 94 -0.98629
86 87 1.02979
87 151 -1.03785
87 95 -1.15464
80 87 -0.63957
88 152 -0.65749
88 96 0.60253
88 89 0.24632
89 153 0.88924
89 97 0.97042
89 90 0.16562
90 154 -0.51291
90 98 -2.74214
90 91 1.02434
91 155 1.63754
91 99 -0.48793
91 92 -1.42128
92 156 -1.21985
92 100 -0.0785
92 93 -2.03701
93 157 -0.36803
93 101 -0.90289
93 94 1.21314
94 158 0.29366
94 102 -0.19114
94 95 -0.69499
95 159 0.52592
95 103 0.09607
88 95 -0.85363
96 160 -1.13429
96 104 0.80547
96 97 -0.41027
97 161 1.77403
97 105 0.07932
97 98 -1.16616
98 162 -1.26919
98 106 -1.28614
98 99 -0.4652
99 163 -0.50406
99 107 -0.3963
99 100 1.26199
100 164 0.71422
100 108 1.01649
100 101 -0.65192
101 165 -1.49916
101 109 -0.35124
101 102 -0.76791
102 166 -0.21448
102 110 -0.0216
102 103 0.25418
103 167 -0.0117
103 111 -1.86005
96 103 1.38758
104 168 0.2519
104 112 1.12398
104 105 -0.42487
105 169 -1.16719
105 113 0.99076
105 106 -0.06223
106 170 -0.47111
106 114 -0.49915
106 107 -0.61625
107 171 0.21932
107 115 -0.41471
107 108 0.55665
108 172 1.02758
108 116 -0.11746
108 109 -0.22135
109 173 0.30196
109 117 0.88275
109 110 -1.31682
110 174 0.2309
110 118 -1.21486
110 111 -0.08846
111 175 3.08107
111 119 0.03295
104 111 0.58088
112 176 0.58244
112 120 0.60915
112 113 -0.5642
113 177 0.42399
113 121 0.72008
113 114 0.72419
114 178 -1.66512
114 122 -0.08989
114 115 0.2107
115 179 -0.02724
115 123 -1.21111
115 116 1.3284
116 180 -0.62547
116 124 -0.91576
116 117 0.39809
117 181 0.61302
117 125 1.04606
117 118 0.22367
118 182 0.09347
118 126 0.18754
118 119 -0.06139
119 183 -0.42735
119 127 1.49855
112 119 1.03945
120 184 1.62861
64 120 0.64541
120 121 -1.46956
121 185 -0.82604
65 121 -1.16232
121 122 0.21283
122 186 -1.05159
66 122 0.24296
122 123 -0.21304
123 187 -0.35876
67 123 0.94425
123 124 1.70579
124 188 -0.89529
68 124 0.18571
124 125 0.91937
125 189 -0.49926
69 125 1.46887
125 126 0.06113
126 190 0.07144
70 126 -0.32878
126 127 -0.32791
127 191 -1.15188
71 127 -2.43132
120 127 1.87779
128 192 -0.55099
128 136 -0.48315
128 129 -0.2256
129 193 0.09541
129 137 0.47676
129 130 1.92703
130 194 -0.4346
130 138 0.21611
130 131 -0.83284
131 195 0.44661
131 139 -1.57445
131 132 1.58694
132 196 0.19906
132 140 0.72151
132 133 0.14758
133 197 0.86586
133 141 0.8165
133 134 -1.77572
134 198 -0.65982
134 142 1.40242
134 135 0.29288
135 199 -0.01338
135 143 -1.38159
128 135 -0.59661
136 200 0.97478
136 144 -0.66479
136 137 -1.75098
137 201 0.94306
137 145 0.25821
137 138 0.02353
138 202 0.74068
138 146 2.63754
138 139 0.20829
139 203 2.32146
139 147 2.24869
139 140 2.34795
140 204 0.33213
140 148 0.41582
140 141 0.12608
141 205 -1.12165
141 149 0.62071
141 142 -1.41287
142 206 0.06025
142 150 1.9903
142 143 0.4406
143 207 -0.72187
143 151 -0.35175
136 143 1.03515
144 208 -0.26559
144 152 -1.58002
144 145 0.11528
145 209 -1.55891
145 153 1.75599
145 146 0.27937
146 210 -0.61228
146 154 1.51062
146 147 0.96668
147 211 0.96524
147 155 0.45258
147 148 0.91813
148 212 0.86175
148 156 -1.01899
148 149 0.19999
149 213 -0.22142
149 157 0.12579
149 150 -0.21822
150 214 -0.09721
150 158 0.14169
150 151 -0.82246
151 215 0.48887
151 159 -0.04545
144 151 2.36
152 216 0.69091
152 160 0.31865
152 153 -1.66363
153 217 -1.53745
153 161 -0.64536
153 154 2.2129
154 218 1.91205
154 162 -0.21481
154 155 -0.4222
155 219 -0.59889
155 163 0.14506
155 156 1.57632
156 220 -1.07936
156 164 1.5462
156 157 1.23627
157 221 -1.05
157 165 -1.58847
157 158 0.26914
158 222 0.60646
158 166 2.38746
158 159 -0.25928
159 223 0.57851
159 167 -0.99664
152 159 -1.12536
160 224 -1.29152
160 168 -0.00026
160 161 0.25266
161 225 1.84267
161 169 -0.45521
161 162 2.25117
162 226 -0.46268
162 170 -0.96396
162 163 -1.24321
163 227 0.87161
163 171 0.3721
163 164 -0.30991
164 228 -0.65596
164 172 -1.34229
164 165 -1.09375
165 229 -1.1425
165 173 0.70922
165 166 0.38514
166 230 0.11363
166 174 -0.95545
166 167 -0.26437
167 231 1.31038
167 175 -0.6776
160 167 -1.61841
168 232 -0.21784
168 176 -2.19039
168 169 0.12588
169 233 -0.59903
169 177 1.85493
169 170 0.22951
170 234 0.50234
170 178 -0.72657
170 171 0.21992
171 235 0.71506
171 179 -0.32308
171 172 0.57802
172 236 -0.37513
172 180 -0.7611
172 173 0.0377
173 237 -0.03607
173 181 2.44924
173 174 0.44459
174 238 -1.41246
174 182 0.06903
174 175 -1.36892
175 239 1.75172
175 183 0.86431
168 175 0.29405
176 240 -0.77103
176 184 0.70145
176 177 1.98298
177 241 1.5269
177 185 -0.45339
177 178 0.04461
178 242 0.06136
178 186 1.53935
178 179 2.21063
179 243 -0.34096
179 187 0.24465
179 180 1.39646
180 244 -0.05745
180 188 -0.83503
180 181 -1.98755
181 245 0.25399
181 189 -0.42689
181 182 0.60819
182 246 -0.03661
182 190 0.79659
182 183 -0.4871
183 247 -0.02746
183 191 0.01841
176 183 -1.19983
184 248 -0.07631
128 184 -0.8487
184 185 0.30306
185 249 -1.76461
129 185 0.39114
185 186 0.71503
186 250 1.31822
130 186 -0.57042
186 187 0.85362
187 251 0.25752
131 187 0.68102
187 188 -0.80915
188 252 -0.88552
132 188 -0.97516
188 189 -0.5454
189 253 0.4595
133 189 -0.76932
189 190 0.94882
190 254 0.21588
134 190 1.30001
190 191 0.65372
191 255 1.05062
135 191 -0.54255
184 191 -1.90153
192 256 1.11649
192 200 -1.74602
192 193 2.00626
193 257 -1.85885
193 201 -0.2291
193 194 -1.3003
194 258 -0.62141
194 202 0.42287
194 195 0.289
195 259 0.40984
195 203 1.65416
195 196 -1.19697
196 260 0.17475
196 204 0.62325
196 197 0.47852
197 261 0.07833
197 205 -0.56409
197 198 0.69625
198 262 -0.63051
198 206 0.59786
198 199 -0.62124
199 263 -1.64343
199 207 0.23273
192 199 -0.3394
200 264 -0.13217
200 208 -0.58377
200 201 -0.33115
201 265 2.27249
201 209 -1.81377
201 202 0.0453
202 266 1.53639
202 210 -1.26235
202 203 -1.29202
203 267 0.94488
203 211 0.37574
203 204 1.09309
204 268 0.33415
204 212 2.29106
204 205 -1.02879
205 269 0.18011
205 213 0.91268
205 206 -1.93624
206 270 1.56429
206 214 0.32955
206 207 -0.12926
207 271 0.42748
207 215 -0.17368
200 207 0.08868
208 272 -0.80962
208 216 0.8364
208 209 -0.39156
209 273 0.02891
209 217 -2.29646
209 210 -1.06432
210 274 0.47843
210 218 0.67806
210 211 0.37994
211 275 -0.65617
211 219 -0.37636
211 212 0.07813
212 276 0.58661
212 220 0.31998
212 213 -0.90536
213 277 -0.75085
213 221 -0.73411
213 214 1.41314
214 278 -0.53806
214 222 1.49181
214 215 -1.43116
215 279 -0.53275
215 223 0.68101
208 215 1.14926
216 280 0.69666
216 224 -0.64199
216 217 -0.45053
217 281 1.37285
217 225 1.05332
217 218 1.10323
218 282 0.97961
218 226 0.38108
218 219 0.51505
219 283 0.83746
219 227 0.92944
219 220 2.57502
220 284 -0.58846
220 228 0.9704
220 221 -0.93104
221 285 -0.26006
221 229 1.10786
221 222 0.09994
222 286 -0.75036
222 230 -0.99356
222 223 -1.67895
223 287 0.36094
223 231 -0.1385
216 223 -0.44364
224 288 0.29529
224 232 0.28478
224 225 -0.67872
225 289 0.01359
225 233 -1.00694
225 226 -0.68232
226 290 0.447
226 234 1.81204
226 227 -0.46148
227 291 -0.76889
227 235 0.07762
227 228 0.5521
228 292 1.73883
228 236 0.91645
228 229 0.24516
229 293 -1.62816
229 237 1.4152
229 230 -0.40513
230 294 -0.20068
230 238 2.24718
230 231 0.98005
231 295 1.61148
231 239 -1.22387
224 231 -1.00677
232 296 1.23097
232 240 -0.20874
232 233 0.472
233 297 0.71401
233 241 -0.95771
233 234 -0.73269
234 298 -0.32222
234 242 1.65924
234 235 -0.84885
235 299 -0.02364
235 243 -0.83336
235 236 0.06551
236 300 -0.1918
236 244 0.51664
236 237 -1.11028
237 301 -0.14986
237 245 -0.74902
237 238 -0.57181
238 302 -2.42554
238 246 1.68266
238 239 -0.42517
239 303 -0.11668
239 247 -0.66382
232 239 1.0955
240 304 0.83089
240 248 -0.38619
240 241 0.17954
241 305 -1.57877
241 249 1.18423
241 242 -0.44222
242 306 0.43651
242 250 -0.00357
242 243 -0.44096
243 307 -1.44067
243 251 1.2517
243 244 -0.37309
244 308 -0.16948
244 252 0.44241
244 245 2.29578
245 309 -1.10073
245 253 -1.49458
245 246 -0.34975
246 310 -1.12404
246 254 0.70351
246 247 -0.03206
247 311 -0.07874
247 255 -0.31548
240 247 -0.12219
248 312 -0.87806
192 248 -1.80931
248 249 0.60583
249 313 0.011
193 249 0.60145
249 250 1.5247
250 314 -0.29017
194 250 1.84387
250 251 0.23479
251 315 -0.21628
195 251 -0.00773
251 252 1.21926
252 316 1.88129
196 252 0.44919
252 253 -1.46587
253 317 -0.02457
197 253 -1.79802
253 254 1.43047
254 318 0.94569
198 254 0.21274
254 255 0.67551
255 319 0.24323
199 255 0.3676
248 255 -0.26845
256 320 0.04178
256 264 0.42384
256 257 -1.23438
257 321 0.71315
257 265 2.83432
257 258 -0.53456
258 322 0.26341
258 266 -1.86813
258 259 0.66149
259 323 -0.21588
259 267 -0.60888
259 260 0.71175
260 324 0.14509
260 268 1.28282
260 261 -0.17355
261 325 0.50571
261 269 0.00744
261 262 1.13477
262 326 -0.33722
262 270 -0.41365
262 263 -3.14476
263 327 0.41232
263 271 -0.98176
256 263 1.15996
264 328 0.62297
264 272 -0.84645
264 265 -0.08916
265 329 0.48314
265 273 0.94627
265 266 -2.42864
266 330 1.45941
266 274 0.95492
266 267 -1.16438
267 331 -0.03075
267 275 0.76703
267 268 0.72232
268 332 0.31434
268 276 1.28394
268 269 -1.39064
269 333 0.11497
269 277 0.5976
269 270 -2.23443
270 334 -0.23279
270 278 -0.26459
270 271 0.40888
271 335 1.5541
271 279 -0.57265
264 271 0.21795
272 336 -1.01436
272 280 -0.56662
272 273 2.24734
273 337 1.39177
273 281 -0.54787
273 274 -0.40566
274 338 -0.79561
274 282 0.03816
274 275 -0.81073
275 339 0.40785
275 283 1.45957
275 276 -0.0224
276 340 -0.25144
276 284 -1.33949
276 277 -0.65746
277 341 -1.99009
277 285 0.00494
277 278 -0.5647
278 342 -0.62243
278 286 0.3307
278 279 -1.58159
279 343 0.80004
279 287 -1.23503
272 279 0.98591
280 344 -1.0926
280 288 -0.66077
280 281 -1.564
281 345 0.40833
281 289 -0.4569
281 282 0.20579
282 346 0.91095
282 290 -0.16584
282 283 2.02243
283 347 0.09109
283 291 -0.68972
283 284 -0.56891
284 348 1.95491
284 292 -0.40334
284 285 -0.24535
285 349 0.27834
285 293 -0.01938
285 286 0.50441
286 350 1.44055
286 294 -0.37157
286 287 -1.0686
287 351 0.23287
287 295 0.83506
280 287 0.24365
288 352 -0.95137
288 296 1.09682
288 289 -0.0619
289 353 1.70201
289 297 -0.82466
289 290 1.1697
290 354 -0.77447
290 298 0.23123
290 291 0.16588
291 355 0.86865
291 299 0.0137
291 292 -0.8733
292 356 0.42373
292 300 -0.27579
292 293 0.36829
293 357 -0.24575
293 301 -1.01516
293 294 0.95401
294 358 2.11844
294 302 -1.88739
294 295 -0.58114
295 359 -0.53077
295 303 -0.86465
288 295 0.58971
296 360 -0.48176
296 304 1.96776
296 297 -0.02549
297 361 0.17358
297 305 -0.04201
297 298 -0.76856
298 362 1.07068
298 306 -1.21324
298 299 -0.19567
299 363 0.24064
299 307 1.43732
299 300 -0.05767
300 364 1.37819
300 308 -0.94245
300 301 0.8662
301 365 -1.15846
301 309 -0.46628
301 302 0.28682
302 366 -0.2485
302 310 2.13909
302 303 -0.67698
303 367 -0.28475
303 311 -0.37028
296 303 0.67044
304 368 0.99546
304 312 -1.05994
304 305 -0.84632
305 369 -1.2183
305 313 0.46943
305 306 1.26032
306 370 1.92267
306 314 1.46675
306 307 -0.13002
307 371 0.03378
307 315 -0.06593
307 308 -1.18749
308 372 0.53176
308 316 -0.94734
308 309 0.61451
309 373 -0.74196
309 317 -1.30127
309 310 -1.76685
310 374 -2.41618
310 318 0.17513
310 311 0.89539
311 375 -1.45005
311 319 -1.7046
304 311 -0.49376
312 376 1.99072
256 312 -0.20931
312 313 -2.08691
313 377 0.34168
257 313 -0.9645
313 314 0.43604
314 378 -0.28401
258 314 -1.42914
314 315 0.83989
315 379 -0.36372
259 315 -1.79917
315 316 0.41266
316 380 -0.28393
260 316 1.8998
316 317 1.61038
317 381 -0.74957
261 317 -0.27158
317 318 -0.34569
318 382 0.61029
262 318 -0.51492
318 319 0.22824
319 383 0.33553
263 319 -1.02355
312 319 0.73601
320 384 0.99244
320 328 0.83837
320 321 0.00704
321 385 -0.00444
321 329 -1.22668
321 322 -1.04037
322 386 -0.34623
322 330 1.25554
322 323 0.72122
323 387 0.64115
323 331 1.22238
323 324 -0.88888
324 388 -0.59684
324 332 -0.18638
324 325 1.08971
325 389 -0.76456
325 333 0.47296
325 326 -1.31517
326 390 -0.06359
326 334 0.89242
326 327 -1.54759
327 391 0.06972
327 335 -0.86838
320 327 -0.75529
328 392 -0.21791
328 336 0.02176
328 329 -0.32614
329 393 -0.85582
329 337 1.44543
329 330 0.05913
330 394 1.36877
330 338 0.32951
330 331 -0.56197
331 395 0.38431
331 339 -0.45347
331 332 -0.93329
332 396 -0.21827
332 340 -1.05537
332 333 -0.87139
333 397 0.69883
333 341 -1.60118
333 334 -1.15262
334 398 -1.32865
334 342 -1.683
334 335 0.85745
335 399 -1.76553
335 343 2.05785
328 335 0.00503
336 400 0.34467
336 344 0.33228
336 337 -2.4757
337 401 1.30568
337 345 -0.17746
337 338 -0.42772
338 402 -0.65266
338 346 -2.10932
338 339 -0.37912
339 403 0.8361
339 347 1.12959
339 340 -0.24893
340 404 -0.22278
340 348 -1.97108
340 341 0.66023
341 405 0.16319
341 349 0.64807
341 342 -1.83752
342 406 -0.91464
342 350 -0.05512
342 343 -1.62011
343 407 -0.08796
343 351 2.13543
336 343 0.37811
344 408 -0.3066
344 352 -0.12142
344 345 0.15111
345 409 0.79446
345 353 -1.42683
345 346 0.96916
346 410 0.1952
346 354 1.9228
346 347 0.28773
347 411 -2.30958
347 355 1.61663
347 348 -1.0678
348 412 1.67706
348 356 -0.59496
348 349 0.26106
349 413 1.09416
349 357 0.49866
349 350 -0.64841
350 414 0.34468
350 358 0.79447
350 351 -0.18854
351 415 -0.23039
351 359 0.58809
344 351 1.11832
352 416 0.31615
352 360 0.01122
352 353 1.04953
353 417 -1.76642
353 361 0.62062
353 354 -0.02091
354 418 0.12324
354 362 0.51825
354 355 0.58258
355 419 -1.00034
355 363 0.57365
355 356 -0.39664
356 420 -0.18251
356 364 -1.38471
356 357 -0.72131
357 421 0.51771
357 365 0.46142
357 358 -1.21533
358 422 0.47771
358 366 1.57534
358 359 -0.78351
359 423 1.66928
359 367 -0.16896
352 359 -0.66642
360 424 -0.03323
360 368 -0.24953
360 361 -0.36325
361 425 -0.18817
361 369 0.09354
361 362 -1.24854
362 426 -0.17353
362 370 0.13368
362 363 -0.62711
363 427 0.58718
363 371 -1.87527
363 364 -0.51763
364 428 -0.04417
364 372 0.14017
364 365 0.00464
365 429 0.64703
365 373 0.22304
365 366 -0.94163
366 430 -0.56569
366 374 -1.27043
366 367 0.37885
367 431 -0.60787
367 375 0.5303
360 367 -2.0516
368 432 -0.4103
368 376 -1.41237
368 369 1.24761
369 433 0.30248
369 377 0.12184
369 370 -2.27535
370 434 1.06784
370 378 0.0645
370 371 1.91479
371 435 2.54904
371 379 -0.78089
371 372 0.15199
372 436 -0.00061
372 380 0.49282
372 373 -0.6149
373 437 1.49386
373 381 -0.77901
373 374 -0.76357
374 438 1.99509
374 382 1.20574
374 375 -1.29766
375 439 -0.13855
375 383 -1.03411
368 375 2.18361
376 440 1.19355
320 376 -0.0241
376 377 -0.70223
377 441 -0.35991
321 377 0.33589
377 378 0.29541
378 442 0.30942
322 378 0.16801
378 379 -0.9992
379 443 0.31982
323 379 -0.37158
379 380 -1.10318
380 444 0.12136
324 380 -1.56204
380 381 -0.81499
381 445 -1.81139
325 381 2.07468
381 382 -0.31265
382 446 -1.00152
326 382 1.30947
382 383 0.74125
383 447 -0.93374
327 383 0.30471
376 383 0.52909
384 448 -1.55513
384 392 0.30404
384 385 0.34229
385 449 0.75345
385 393 -0.13303
385 386 -0.98437
386 450 0.0523
386 394 -0.53316
386 387 -0.1292
387 451 1.77669
387 395 0.47178
387 388 -0.03217
388 452 1.70389
388 396 1.17498
388 389 1.85487
389 453 1.20963
389 397 -0.54113
389 390 -0.47672
390 454 1.00626
390 398 -0.97341
390 391 0.66658
391 455 -1.23578
391 399 0.42742
384 391 0.53496
392 456 0.13548
392 400 -0.16568
392 393 -2.11459
393 457 -0.37129
393 401 -0.30746
393 394 1.4142
394 458 0.0893
394 402 1.22995
394 395 0.87569
395 459 1.57413
395 403 0.45444
395 396 -0.46362
396 460 1.60013
396 404 -1.20012
396 397 0.3393
397 461 -1.65784
397 405 -1.89457
397 398 0.60791
398 462 0.60674
398 406 1.07065
398 399 -0.41727
399 463 -0.06647
399 407 -1.03878
392 399 0.72444
400 464 0.72345
400 408 1.11618
400 401 -0.86368
401 465 -0.77444
401 409 -0.51463
401 402 -0.25382
402 466 -0.82599
402 410 0.079
402 403 -0.91979
403 467 0.18113
403 411 0.72286
403 404 -1.11353
404 468 -0.6658
404 412 0.17753
404 405 1.18628
405 469 -0.05708
405 413 0.01581
405 406 -0.64013
406 470 0.29012
406 414 0.6743
406 407 0.73909
407 471 0.73125
407 415 -0.46534
400 407 2.31252
408 472 -0.40943
408 416 0.03269
408 409 -0.03287
409 473 1.02645
409 417 -1.04253
409 410 -1.19042
410 474 -0.97742
410 418 -0.33515
410 411 -2.15021
411 475 1.45119
411 419 -0.78486
411 412 -0.30621
412 476 -0.19493
412 420 -2.40668
412 413 -0.36975
413 477 1.18746
413 421 1.82182
413 414 1.1423
414 478 -0.20239
414 422 1.09891
414 415 0.40868
415 479 -1.10413
415 423 0.86805
408 415 -0.8395
416 480 -0.98084
416 424 -0.84949
416 417 -0.25614
417 481 -0.15842
417 425 -1.11326
417 418 0.4738
418 482 -0.30687
418 426 0.23234
418 419 1.1115
419 483 -1.4259
419 427 0.01026
419 420 0.12543
420 484 -2.37793
420 428 0.33055
420 421 -0.47947
421 485 0.62295
421 429 -0.20371
421 422 -0.08187
422 486 -0.51691
422 430 0.36659
422 423 -0.43742
423 487 -0.36145
423 431 1.06546
416 423 -1.77578
424 488 -2.1732
424 432 -0.07818
424 425 0.66558
425 489 1.05549
425 433 0.44458
425 426 0.03323
426 490 0.99514
426 434 0.53667
426 427 1.03044
427 491 -1.6616
427 435 -0.87712
427 428 0.26019
428 492 -0.59732
428 436 1.98281
428 429 1.0785
429 493 -0.54047
429 437 1.25222
429 430 0.57235
430 494 -0.20856
430 438 0.62823
430 431 -1.12149
431 495 -0.63864
431 439 0.47097
424 431 -0.4481
432 496 0.18812
432 440 0.4546
432 433 0.51727
433 497 -0.15394
433 441 -0.02143
433 434 0.03022
434 498 1.96198
434 442 0.38078
434 435 -1.07492
435 499 2.41508
435 443 0.46334
435 436 1.44455
436 500 0.14001
436 444 0.29125
436 437 0.57192
437 501 0.27501
437 445 -2.44512
437 438 -2.25312
438 502 -0.37025
438 446 0.16793
438 439 0.68212
439 503 -0.92527
439 447 0.37889
432 439 -0.89766
440 504 -1.07859
384 440 -0.33652
440 441 1.74691
441 505 1.27762
385 441 0.14242
441 442 -1.90805
442 506 -0.99175
386 442 -0.16522
442 443 0.43497
443 507 -1.50495
387 443 0.67158
443 444 -0.09057
444 508 0.02616
388 444 1.68949
444 445 -1.16576
445 509 -1.77726
389 445 -0.68815
445 446 0.08344
446 510 -0.1629
390 446 0.62844
446 447 -0.9471
447 511 -2.2191
391 447 0.26804
440 447 -0.12395
0 448 1.37074
448 456 -0.15926
448 449 0.20044
1 449 1.24821
449 457 -0.3858
449 450 -2.8584
2 450 1.19206
450 458 0.78475
450 451 0.77613
3 451 0.93921
451 459 -0.67959
451 452 1.23608
4 452 0.88669
452 460 0.47605
452 453 -0.40979
5 453 -1.9003
453 461 0.87823
453 454 -0.3062
6 454 -0.6114
454 462 0.10289
454 455 1.99358
7 455 0.1216
455 463 -0.74312
448 455 0.64759
8 456 -0.01226
456 464 0.14577
456 457 -0.099
9 457 1.03979
457 465 -1.07056
457 458 -0.26218
10 458 0.49615
458 466 1.18586
458 459 -0.26629
11 459 -1.53529
459 467 -0.76797
459 460 0.35354
12 460 0.42789
460 468 -0.38995
460 461 -0.48501
13 461 0.57897
461 469 -0.60311
461 462 1.84435
14 462 -0.10899
462 470 1.21923
462 463 0.37718
15 463 0.42265
463 471 0.90492
456 463 1.03961
16 464 0.50649
464 472 -0.32963
464 465 0.10932
17 465 0.24093
465 473 -0.09449
465 466 -0.64172
18 466 -0.73251
466 474 -0.31186
466 467 -1.35696
19 467 0.4644
467 475 0.05452
467 468 -0.30662
20 468 -2.26999
468 476 -0.96114
468 469 0.70927
21 469 -1.24899
469 477 -0.00872
469 470 -1.03637
22 470 -0.02404
470 478 0.8286
470 471 -0.94955
23 471 1.26417
471 479 -0.25595
464 471 -2.12228
24 472 0.87591
472 480 -0.45109
472 473 -1.26975
25 473 -0.32936
473 481 -0.06416
473 474 1.79877
26 474 0.56671
474 482 -2.05211
474 475 -0.1599
27 475 0.87991
475 483 0.45597
475 476 2.1824
28 476 0.46301
476 484 0.18153
476 477 1.89623
29 477 -1.58219
477 485 -0.59469
477 478 0.03223
30 478 1.69599
478 486 -0.36918
478 479 0.81687
31 479 -0.23974
479 487 -0.16471
472 479 0.60515
32 480 -1.46194
480 488 2.16884
480 481 -0.02313
33 481 -0.9813
481 489 1.14266
481 482 1.10223
34 482 0.00809
482 490 0.96537
482 483 0.73519
35 483 -0.95447
483 491 -2.17556
483 484 -0.91655
36 484 -1.55859
484 492 0.34761
484 485 0.1385
37 485 0.18901
485 493 0.84226
485 486 -0.02048
38 486 -0.37058
486 494 -0.70295
486 487 -0.60697
39 487 2.66754
487 495 0.00064
480 487 0.58211
40 488 0.41723
488 496 0.33941
488 489 1.78688
41 489 -0.51833
489 497 0.88348
489 490 0.35025
42 490 0.20425
490 498 0.54247
490 491 -0.33457
43 491 -0.26872
491 499 -2.11783
491 492 0.48848
44 492 -0.52681
492 500 0.88536
492 493 1.04388
45 493 0.81067
493 501 -0.21975
493 494 -0.54517
46 494 -0.44532
494 502 0.2046
494 495 0.45793
47 495 0.12795
495 503 -0.78037
488 495 -0.86049
48 496 -2.19631
496 504 1.50864
496 497 0.20063
49 497 1.205
497 505 0.82578
497 498 -0.11904
50 498 0.59687
498 506 0.60555
498 499 -0.62001
51 499 -0.07178
499 507 -0.39884
499 500 1.25035
52 500 0.97352
500 508 -0.11583
500 501 0.33013
53 501 0.65769
501 509 0.94167
501 502 1.06301
54 502 -0.4456
502 510 0.84687
502 503 -0.06524
55 503 -1.53941
503 511 -0.59209
496 503 -0.25392
56 504 -1.4682
448 504 0.16817
504 505 0.43495
57 505 1.00773
449 505 1.76568
505 506 -0.26867
58 506 -0.64785
450 506 0.17226
506 507 -0.01996
59 507 1.611
451 507 -0.20746
507 508 -0.51751
60 508 0.10288
452 508 -0.12038
508 509 0.97234
61 509 0.46602
453 509 -0.88694
509 510 1.91116
62 510 2.0715
454 510 -0.41734
510 511 1.52346
63 511 -1.58708
455 511 -1.33569
504 511 1.73542
