# model=ea2d N=1024 meanJ=0 seed=106721351 distribution=gaussian field=0 num_fields=1024 num_couplings=2048
0 0
1 0
2 0
3 0
4 0
5 0
6 0
7 0
8 0
9 0
10 0
11 0
12 0
13 0
14 0
15 0
16 0
17 0
18 0
19 0
20 0
21 0
22 0
23 0
24 0
25 0
26 0
27 0
28 0
29 0
30 0
31 0
32 0
33 0
34 0
35 0
36 0
37 0
38 0
39 0
40 0
41 0
42 0
43 0
44 0
45 0
46 0
47 0
48 0
49 0
50 0
51 0
52 0
53 0
54 0
55 0
56 0
57 0
58 0
59 0
60 0
61 0
62 0
63 0
64 0
65 0
66 0
67 0
68 0
69 0
70 0
71 0
72 0
73 0
74 0
75 0
76 0
77 0
78 0
79 0
80 0
81 0
82 0
83 0
84 0
85 0
86 0
87 0
88 0
89 0
90 0
91 0
92 0
93 0
94 0
95 0
96 0
97 0
98 0
99 0
100 0
101 0
102 0
103 0
104 0
105 0
106 0
107 0
108 0
109 0
110 0
111 0
112 0
113 0
114 0
115 0
116 0
117 0
118 0
119 0
120 0
121 0
122 0
123 0
124 0
125 0
126 0
127 0
128 0
129 0
130 0
131 0
132 0
133 0
134 0
135 0
136 0
137 0
138 0
139 0
140 0
141 0
142 0
143 0
144 0
145 0
146 0
147 0
148 0
149 0
150 0
151 0
152 0
153 0
154 0
155 0
156 0
157 0
158 0
159 0
160 0
161 0
162 0
163 0
164 0
165 0
166 0
167 0
168 0
169 0
170 0
171 0
172 0
173 0
174 0
175 0
176 0
177 0
178 0
179 0
180 0
181 0
182 0
183 0
184 0
185 0
186 0
187 0
188 0
189 0
190 0
191 0
192 0
193 0
194 0
195 0
196 0
197 0
198 0
199 0
200 0
201 0
202 0
203 0
204 0
205 0
206 0
207 0
208 0
209 0
210 0
211 0
212 0
213 0
214 0
215 0
216 0
217 0
218 0
219 0
220 0
221 0
222 0
223 0
224 0
225 0
226 0
227 0
228 0
229 0
230 0
231 0
232 0
233 0
234 0
235 0
236 0
237 0
238 0
239 0
240 0
241 0
242 0
243 0
244 0
245 0
246 0
247 0
248 0
249 0
250 0
251 0
252 0
253 0
254 0
255 0
256 0
257 0
258 0
259 0
260 0
261 0
262 0
263 0
264 0
265 0
266 0
267 0
268 0
269 0
270 0
271 0
272 0
273 0
274 0
275 0
276 0
277 0
278 0
279 0
280 0
281 0
282 0
283 0
284 0
285 0
286 0
287 0
288 0
289 0
290 0
291 0
292 0
293 0
294 0
295 0
296 0
297 0
298 0
299 0
300 0
301 0
302 0
303 0
304 0
305 0
306 0
307 0
308 0
309 0
310 0
311 0
312 0
313 0
314 0
315 0
316 0
317 0
318 0
319 0
320 0
321 0
322 0
323 0
324 0
325 0
326 0
327 0
328 0
329 0
330 0
331 0
332 0
333 0
334 0
335 0
336 0
337 0
338 0
339 0
340 0
341 0
342 0
343 0
344 0
345 0
346 0
347 0
348 0
349 0
350 0
351 0
352 0
353 0
354 0
355 0
356 0
357 0
358 0
359 0
360 0
361 0
362 0
363 0
364 0
365 0
366 0
367 0
368 0
369 0
370 0
371 0
372 0
373 0
374 0
375 0
376 0
377 0
378 0
379 0
380 0
381 0
382 0
383 0
384 0
385 0
386 0
387 0
388 0
389 0
390 0
391 0
392 0
393 0
394 0
395 0
396 0
397 0
398 0
399 0
400 0
401 0
402 0
403 0
404 0
405 0
406 0
407 0
408 0
409 0
410 0
411 0
412 0
413 0
414 0
415 0
416 0
417 0
418 0
419 0
420 0
421 0
422 0
423 0
424 0
425 0
426 0
427 0
428 0
429 0
430 0
431 0
432 0
433 0
434 0
435 0
436 0
437 0
438 0
439 0
440 0
441 0
442 0
443 0
444 0
445 0
446 0
447 0
448 0
449 0
450 0
451 0
452 0
453 0
454 0
455 0
456 0
457 0
458 0
459 0
460 0
461 0
462 0
463 0
464 0
465 0
466 0
467 0
468 0
469 0
470 0
471 0
472 0
473 0
474 0
475 0
476 0
477 0
478 0
479 0
480 0
481 0
482 0
483 0
484 0
485 0
486 0
487 0
488 0
489 0
490 0
491 0
492 0
493 0
494 0
495 0
496 0
497 0
498 0
499 0
500 0
501 0
502 0
503 0
504 0
505 0
506 0
507 0
508 0
509 0
510 0
511 0
512 0
513 0
514 0
515 0
516 0
517 0
518 0
519 0
520 0
521 0
522 0
523 0
524 0
525 0
526 0
527 0
528 0
529 0
530 0
531 0
532 0
533 0
534 0
535 0
536 0
537 0
538 0
539 0
540 0
541 0
542 0
543 0
544 0
545 0
546 0
547 0
548 0
549 0
550 0
551 0
552 0
553 0
554 0
555 0
556 0
557 0
558 0
559 0
560 0
561 0
562 0
563 0
564 0
565 0
566 0
567 0
568 0
569 0
570 0
571 0
572 0
573 0
574 0
575 0
576 0
577 0
578 0
579 0
580 0
581 0
582 0
583 0
584 0
585 0
586 0
587 0
588 0
589 0
590 0
591 0
592 0
593 0
594 0
595 0
596 0
597 0
598 0
599 0
600 0
601 0
602 0
603 0
604 0
605 0
606 0
607 0
608 0
609 0
610 0
611 0
612 0
613 0
614 0
615 0
616 0
617 0
618 0
619 0
620 0
621 0
622 0
623 0
624 0
625 0
626 0
627 0
628 0
629 0
630 0
631 0
632 0
633 0
634 0
635 0
636 0
637 0
638 0
639 0
640 0
641 0
642 0
643 0
644 0
645 0
646 0
647 0
648 0
649 0
650 0
651 0
652 0
653 0
654 0
655 0
656 0
657 0
658 0
659 0
660 0
661 0
662 0
663 0
664 0
665 0
666 0
667 0
668 0
669 0
670 0
671 0
672 0
673 0
674 0
675 0
676 0
677 0
678 0
679 0
680 0
681 0
682 0
683 0
684 0
685 0
686 0
687 0
688 0
689 0
690 0
691 0
692 0
693 0
694 0
695 0
696 0
697 0
698 0
699 0
700 0
701 0
702 0
703 0
704 0
705 0
706 0
707 0
708 0
709 0
710 0
711 0
712 0
713 0
714 0
715 0
716 0
717 0
718 0
719 0
720 0
721 0
722 0
723 0
724 0
725 0
726 0
727 0
728 0
729 0
730 0
731 0
732 0
733 0
734 0
735 0
736 0
737 0
738 0
739 0
740 0
741 0
742 0
743 0
744 0
745 0
746 0
747 0
748 0
749 0
750 0
751 0
752 0
753 0
754 0
755 0
756 0
757 0
758 0
759 0
760 0
761 0
762 0
763 0
764 0
765 0
766 0
767 0
768 0
769 0
770 0
771 0
772 0
773 0
774 0
775 0
776 0
777 0
778 0
779 0
780 0
781 0
782 0
783 0
784 0
785 0
786 0
787 0
788 0
789 0
790 0
791 0
792 0
793 0
794 0
795 0
796 0
797 0
798 0
799 0
800 0
801 0
802 0
803 0
804 0
805 0
806 0
807 0
808 0
809 0
810 0
811 0
812 0
813 0
814 0
815 0
816 0
817 0
818 0
819 0
820 0
821 0
822 0
823 0
824 0
825 0
826 0
827 0
828 0
829 0
830 0
831 0
832 0
833 0
834 0
835 0
836 0
837 0
838 0
839 0
840 0
841 0
842 0
843 0
844 0
845 0
846 0
847 0
848 0
849 0
850 0
851 0
852 0
853 0
854 0
855 0
856 0
857 0
858 0
859 0
860 0
861 0
862 0
863 0
864 0
865 0
866 0
867 0
868 0
869 0
870 0
871 0
872 0
873 0
874 0
875 0
876 0
877 0
878 0
879 0
880 0
881 0
882 0
883 0
884 0
885 0
886 0
887 0
888 0
889 0
890 0
891 0
892 0
893 0
894 0
895 0
896 0
897 0
898 0
899 0
900 0
901 0
902 0
903 0
904 0
905 0
906 0
907 0
908 0
909 0
910 0
911 0
912 0
913 0
914 0
915 0
916 0
917 0
918 0
919 0
920 0
921 0
922 0
923 0
924 0
925 0
926 0
927 0
928 0
929 0
930 0
931 0
932 0
933 0
934 0
935 0
936 0
937 0
938 0
939 0
940 0
941 0
942 0
943 0
944 0
945 0
946 0
947 0
948 0
949 0
950 0
951 0
952 0
953 0
954 0
955 0
956 0
957 0
958 0
959 0
960 0
961 0
962 0
963 0
964 0
965 0
966 0
967 0
968 0
969 0
970 0
971 0
972 0
973 0
974 0
975 0
976 0
977 0
978 0
979 0
980 0
981 0
982 0
983 0
984 0
985 0
986 0
987 0
988 0
989 0
990 0
991 0
992 0
993 0
994 0
995 0
996 0
997 0
998 0
999 0
1000 0
1001 0
1002 0
1003 0
1004 0
1005 0
1006 0
1007 0
1008 0
1009 0
1010 0
1011 0
1012 0
1013 0
1014 0
1015 0
1016 0
1017 0
1018 0
1019 0
1020 0
1021 0
1022 0
1023 0
0 32 0.93193
0 1 0.1666
1 33 -0.05949
1 2 -0.61204
2 34 0.08458
2 3 0.08489
3 35 0.69046
3 4 -1.04835
4 36 1.07274
4 5 -1.79994
5 37 -0.16209
5 6 -0.336
6 38 -1.05752
6 7 -0.75872
7 39 -1.57048
7 8 1.63363
8 40 -0.45822
8 9 0.35767
9 41 -0.74352
9 10 0.11255
10 42 0.89
10 11 0.30577
11 43 -0.95348
11 12 -0.67343
12 44 -1.48809
12 13 0.91435
13 45 0.98027
13 14 -0.88596
14 46 -1.99671
14 15 0.08107
15 47 -0.25172
15 16 -0.82062
16 48 -0.76232
16 17 2.14019
17 49 0.09296
17 18 0.38643
18 50 0.58302
18 19 -0.96374
19 51 -0.65726
19 20 -0.2419
20 52 -3.10148
20 21 -0.44813
21 53 -0.86881
21 22 0.76286
22 54 0.09603
22 23 0.01718
23 55 0.16056
23 24 0.33568
24 56 0.82497
24 25 0.8392
25 57 -0.69584
25 26 -0.38003
26 58 -0.61333
26 27 1.29378
27 59 0.85412
27 28 0.43494
28 60 -0.92465
28 29 1.04311
29 61 -0.0721
29 30 1.22475
30 62 1.07443
30 31 -0.1019
31 63 0.29965
0 31 0.25452
32 64 0.76962
32 33 0.4667
33 65 0.43092
33 34 -0.372
34 66 -1.92725
34 35 -0.14348
35 67 -1.2368
35 36 1.14767
36 68 -0.48431
36 37 -0.93543
37 69 0.6741
37 38 0.01525
38 70 -0.24819
38 39 -0.84169
39 71 0.09419
39 40 1.51182
40 72 -0.77488
40 41 -1.69878
41 73 -1.58672
41 42 0.13656
42 74 -0.49822
42 43 0.93149
43 75 -0.49464
43 44 1.49502
44 76 -2.14645
44 45 0.94411
45 77 -1.02654
45 46 1.45221
46 78 -1.10383
46 47 0.83645
47 79 -1.03194
47 48 -0.14851
48 80 -0.87116
48 49 0.28043
49 81 0.22916
49 50 -0.4202
50 82 0.63513
50 51 1.99356
51 83 1.29176
51 52 -0.29461
52 84 -2.69118
52 53 0.35187
53 85 -1.87058
53 54 -0.05738
54 86 2.14557
54 55 0.52176
55 87 0.15086
55 56 -0.19685
56 88 -0.34649
56 57 -0.85282
57 89 -0.20099
57 58 -1.78145
58 90 0.72019
58 59 -0.88299
59 91 -1.0963
59 60 -2.27109
60 92 0.92863
60 61 0.1313
61 93 1.17073
61 62 1.89574
62 94 0.51555
62 63 0.47285
63 95 -0.05106
32 63 -0.67121
64 96 0.27897
64 65 -0.90957
65 97 0.14752
65 66 0.29397
66 98 1.09383
66 67 0.59317
67 99 1.17845
67 68 -0.1979
68 100 1.24338
68 69 -0.07626
69 101 -2.03666
69 70 -0.1004
70 102 -0.85756
70 71 0.95201
71 103 1.73144
71 72 1.45219
72 104 -1.08314
72 73 1.90724
73 105 0.70381
73 74 -1.48268
74 106 -0.00497
74 75 -0.3694
75 107 -0.61288
75 76 0.08689
76 108 -1.11514
76 77 1.36027
77 109 0.08386
77 78 -0.50199
78 110 -0.22067
78 79 -0.07331
79 111 0.05055
79 80 0.22415
80 112 -0.47249
80 81 -0.94752
81 113 -0.99124
81 82 -1.09617
82 114 0.63452
82 83 0.3773
83 115 0.47966
83 84 -0.34632
84 116 -0.26538
84 85 0.1627
85 117 -1.29737
85 86 -0.95291
86 118 0.45971
86 87 1.59206
87 119 0.37493
87 88 -0.55843
88 120 -0.05974
88 89 -0.82891
89 121 0.65983
89 90 0.78404
90 122 0.66618
90 91 0.85268
91 123 0.69281
91 92 -1.33593
92 124 -0.88044
92 93 -0.34127
93 125 1.9716
93 94 1.40821
94 126 -0.44335
94 95 -0.12572
95 127 -0.3409
64 95 1.226
96 128 0.35221
96 97 -0.13375
97 129 1.1711
97 98 0.01877
98 130 2.01765
98 99 -2.50207
99 131 -0.42187
99 100 1.05328
100 132 -0.85111
100 101 0.61614
101 133 -0.82292
101 102 0.14485
102 134 0.72963
102 103 1.2559
103 135 -0.59791
103 104 -0.3463
104 136 0.17093
104 105 -1.11047
105 137 -1.25671
105 106 1.56955
106 138 1.69283
106 107 -1.64905
107 139 0.60323
107 108 -0.72985
108 140 -0.61549
108 109 2.24539
109 141 1.13016
109 110 -0.09617
110 142 -0.04422
110 111 0.80129
111 143 0.34875
111 112 0.59063
112 144 -1.56391
112 113 2.10906
113 145 0.95133
113 114 0.64196
114 146 -1.00482
114 115 1.45419
115 147 2.18876
115 116 -0.40733
116 148 -0.55135
116 117 -1.70609
117 149 -0.35829
117 118 -0.59785
118 150 -1.22093
118 119 -0.3925
119 151 1.03279
119 120 -1.97659
120 152 -0.18755
120 121 -0.4406
121 153 -0.76269
121 122 0.24409
122 154 -0.68123
122 123 0.36714
123 155 -0.63056
123 124 1.31829
124 156 0.84229
124 125 -0.84315
125 157 0.5066
125 126 -1.91338
126 158 -0.88693
126 127 -0.28572
127 159 2.32478
96 127 1.32874
128 160 -0.69659
128 129 0.02395
129 161 -0.1223
129 130 -0.04163
130 162 0.93242
130 131 -1.36571
131 163 -0.4825
131 132 0.31778
132 164 0.10934
132 133 0.5688
133 165 -0.38707
133 134 -0.45987
134 166 -0.55834
134 135 0.07994
135 167 -0.25331
135 136 0.18056
136 168 0.34721
136 137 0.16822
137 169 -0.47504
137 138 -0.66626
138 170 0.75676
138 139 -0.48911
139 171 -1.00621
139 140 0.70185
140 172 -1.4524
140 141 0.79752
141 173 0.6596
141 142 -0.27052
142 174 -1.02691
142 143 -0.2883
143 175 0.79264
143 144 -0.43524
144 176 0.37891
144 145 1.68486
145 177 0.94533
145 146 -0.1026
146 178 0.56832
146 147 1.19313
147 179 0.07885
147 148 -1.11324
148 180 1.74821
148 149 -0.13034
149 181 -0.05739
149 150 -1.04329
150 182 -0.13665
150 151 0.84909
151 183 0.85255
151 152 1.01833
152 184 0.2013
152 153 -1.49536
153 185 -0.86376
153 154 -0.55526
154 186 -1.04506
154 155 0.35922
155 187 -1.04089
155 156 0.19345
156 188 0.10766
156 157 0.2937
157 189 -0.32704
157 158 0.99357
158 190 -0.0605
158 159 1.1243
159 191 1.82445
128 159 0.18662
160 192 1.25694
160 161 -1.13796
161 193 -0.24595
161 162 -0.20793
162 194 -0.7574
162 163 -0.6112
163 195 0.37885
163 164 -0.04242
164 196 0.85038
164 165 -1.13687
165 197 0.28789
165 166 -0.35265
166 198 -0.44025
166 167 0.63514
167 199 -1.47955
167 168 -0.65724
168 200 0.11399
168 169 0.17875
169 201 -0.63586
169 170 -1.75784
170 202 -1.01683
170 171 0.1498
171 203 -0.37277
171 172 1.77698
172 204 0.66853
172 173 1.10642
173 205 -1.15172
173 174 -0.40058
174 206 0.85455
174 175 0.32079
175 207 -0.85018
175 176 -0.97682
176 208 0.03483
176 177 0.06328
177 209 -1.21054
177 178 -0.37461
178 210 1.60188
178 179 -0.98429
179 211 -1.71864
179 180 2.23421
180 212 -0.00861
180 181 -1.02769
181 213 -0.05353
181 182 2.62007
182 214 -0.16594
182 183 -0.31671
183 215 -1.73279
183 184 -0.36052
184 216 0.07664
184 185 -0.93352
185 217 -0.96182
185 186 -0.0715
186 218 -0.47367
186 187 -0.34861
187 219 -0.31941
187 188 0.04394
188 220 0.4963
188 189 -0.27553
189 221 -0.3822
189 190 0.42593
190 222 -0.6406
190 191 0.80709
191 223 -0.94199
160 191 1.40184
192 224 -0.0607
192 193 0.85373
193 225 -1.83502
193 194 -1.45357
194 226 -1.08655
194 195 -0.2611
195 227 -0.45135
195 196 1.12118
196 228 -0.33056
196 197 0.18159
197 229 0.83274
197 198 -0.45559
198 230 -0.93163
198 199 0.26032
199 231 -0.14172
199 200 -0.02273
200 232 -0.28766
200 201 -0.26269
201 233 0.06706
201 202 -0.69054
202 234 -0.60902
202 203 1.0686
203 235 0.60787
203 204 -0.61673
204 236 -0.41514
204 205 -0.96577
205 237 -1.83452
205 206 0.50336
206 238 0.36632
206 207 -1.47725
207 239 1.7545
207 208 -0.65601
208 240 0.6754
208 209 0.56692
209 241 0.24313
209 210 0.75005
210 242 -0.22345
210 211 -2.69788
211 243 -0.90207
211 212 0.74861
212 244 -0.16809
212 213 0.30609
213 245 0.5059
213 214 -0.1605
214 246 0.68871
214 215 -0.47173
215 247 1.18819
215 216 -0.81994
216 248 -0.55385
216 217 -1.33861
217 249 -0.39659
217 218 0.14147
218 250 0.04913
218 219 0.10093
219 251 -0.16802
219 220 0.11514
220 252 -0.91612
220 221 0.19856
221 253 0.24742
221 222 0.53859
222 254 0.20012
222 223 -1.27628
223 255 0.20125
192 223 -2.015
224 256 0.20335
224 225 -0.64012
225 257 -1.10802
225 226 -0.69929
226 258 0.07657
226 227 -0.11548
227 259 0.78343
227 228 1.94252
228 260 1.51115
228 229 -0.42216
229 261 -0.88137
229 230 0.55969
230 262 0.07114
230 231 -0.46492
231 263 -0.2459
231 232 0.17286
232 264 -1.84211
232 233 -0.66245
233 265 -0.86248
233 234 -0.22646
234 266 -0.85989
234 235 -0.36624
235 267 2.21585
235 236 -1.11283
236 268 0.19422
236 237 -1.51252
237 269 -0.59641
237 238 1.14701
238 270 0.1209
238 239 -0.70809
239 271 0.78077
239 240 -0.89201
240 272 0.21696
240 241 -1.19991
241 273 -1.66293
241 242 0.58565
242 274 1.21795
242 243 -0.40874
243 275 -0.81282
243 244 0.23676
244 276 1.45749
244 245 1.62103
245 277 -0.72132
245 246 -1.13344
246 278 0.37738
246 247 -1.07925
247 279 0.96645
247 248 0.26091
248 280 1.5187
248 249 0.38106
249 281 -1.16559
249 250 -0.46261
250 282 -1.27297
250 251 -0.47096
251 283 1.13482
251 252 0.71812
252 284 -1.54899
252 253 -0.30661
253 285 0.69885
253 254 -1.82857
254 286 -0.22262
254 255 -0.61198
255 287 -1.68819
224 255 0.12154
256 288 0.17624
256 257 0.33385
257 289 -1.59195
257 258 -0.60927
258 290 -1.47398
258 259 0.37931
259 291 0.03669
259 260 0.72278
260 292 1.59432
260 261 -0.99619
261 293 0.21053
261 262 -0.17004
262 294 -1.57183
262 263 -0.10862
263 295 -0.41902
263 264 -0.82082
264 296 0.51963
264 265 -0.55268
265 297 -0.18952
265 266 -0.63214
266 298 -0.41423
266 267 -0.583
267 299 1.35768
267 268 1.40434
268 300 -0.66994
268 269 0.28982
269 301 2.63407
269 270 1.26814
270 302 -1.52632
270 271 1.0203
271 303 -1.9937
271 272 1.3131
272 304 -0.81205
272 273 -0.70577
273 305 1.03883
273 274 1.65851
274 306 1.26602
274 275 0.86655
275 307 0.22692
275 276 0.23072
276 308 -0.25362
276 277 -1.0383
277 309 -0.79057
277 278 -1.45274
278 310 0.86199
278 279 0.24634
279 311 0.17831
279 280 2.35607
280 312 -1.0324
280 281 1.02599
281 313 -1.54757
281 282 -1.36628
282 314 0.74512
282 283 1.92175
283 315 -0.93339
283 284 -0.23665
284 316 -0.54299
284 285 -0.84284
285 317 -1.31551
285 286 -0.94703
286 318 -1.94848
286 287 0.37305
287 319 1.19584
256 287 -1.81293
288 320 -1.69733
288 289 -0.88599
289 321 0.32626
289 290 -1.87926
290 322 -0.38189
290 291 1.62731
291 323 0.46226
291 292 -0.8089
292 324 -1.03016
292 293 0.91925
293 325 -1.37617
293 294 0.39857
294 326 0.30728
294 295 -0.43528
295 327 -1.65246
295 296 -1.72857
296 328 0.22236
296 297 -0.8421
297 329 -0.13281
297 298 -1.8779
298 330 -1.55687
298 299 -0.09649
299 331 0.98217
299 300 0.43005
300 332 -0.38999
300 301 -0.52398
301 333 -1.15632
301 302 -0.57913
302 334 0.85908
302 303 -0.19747
303 335 1.5428
303 304 0.45613
304 336 -0.446
304 305 -1.57238
305 337 2.15921
305 306 0.98119
306 338 -0.56345
306 307 0.62332
307 339 -0.55151
307 308 0.40022
308 340 0.59153
308 309 0.00011
309 341 -1.21396
309 310 0.69893
310 342 -0.03948
310 311 -0.64368
311 343 -0.57477
311 312 1.11749
312 344 2.94914
312 313 -0.8572
313 345 1.01132
313 314 0.89584
314 346 1.05665
314 315 0.62201
315 347 -0.25135
315 316 0.63845
316 348 -0.31071
316 317 1.32618
317 349 -1.45453
317 318 0.16171
318 350 0.74138
318 319 -0.71546
319 351 1.0654
288 319 0.90403
320 352 -0.31146
320 321 0.55157
321 353 -2.18252
321 322 -0.04353
322 354 0.42536
322 323 -0.98618
323 355 -0.18314
323 324 1.45685
324 356 0.19821
324 325 -0.20437
325 357 1.5822
325 326 -0.03186
326 358 0.55948
326 327 1.35567
327 359 2.40451
327 328 -0.4183
328 360 -1.34044
328 329 0.91087
329 361 0.13287
329 330 -0.89955
330 362 2.14642
330 331 -0.12865
331 363 -1.64104
331 332 0.01977
332 364 1.77037
332 333 -0.19826
333 365 1.53838
333 334 -0.21998
334 366 -0.0202
334 335 -0.91799
335 367 -0.15276
335 336 0.55972
336 368 0.35284
336 337 -0.71892
337 369 0.34561
337 338 -1.08763
338 370 -0.69034
338 339 1.66675
339 371 -0.94222
339 340 0.9002
340 372 -1.08367
340 341 0.81858
341 373 -0.70662
341 342 -2.10523
342 374 -0.87058
342 343 0.06995
343 375 1.02602
343 344 -1.19052
344 376 -0.56354
344 345 -0.19527
345 377 0.10309
345 346 0.0201
346 378 1.01356
346 347 0.31546
347 379 -0.57496
347 348 -0.26996
348 380 -0.35319
348 349 -0.27249
349 381 0.65044
349 350 -0.86298
350 382 -0.3706
350 351 -0.26934
351 383 -1.60173
320 351 -1.17087
352 384 1.12809
352 353 1.66879
353 385 -0.83481
353 354 0.7167
354 386 2.37024
354 355 0.36921
355 387 -0.62296
355 356 -0.46823
356 388 -0.18536
356 357 0.18752
357 389 1.06051
357 358 -0.8315
358 390 0.3853
358 359 -0.55804
359 391 -0.11831
359 360 0.41465
360 392 -0.74515
360 361 -0.9584
361 393 2.16838
361 362 -0.1755
362 394 2.06487
362 363 1.05492
363 395 -1.79805
363 364 0.60053
364 396 -0.35337
364 365 -0.93063
365 397 0.51512
365 366 -0.4611
366 398 -0.0741
366 367 1.08099
367 399 0.98054
367 368 0.21065
368 400 -0.86454
368 369 -0.91284
369 401 1.37968
369 370 0.64003
370 402 -0.70518
370 371 -0.73542
371 403 -0.1364
371 372 0.47353
372 404 -0.25911
372 373 -1.01043
373 405 0.28747
373 374 -0.17685
374 406 -0.41281
374 375 1.4174
375 407 -0.6189
375 376 1.18166
376 408 0.31065
376 377 -0.11694
377 409 0.81426
377 378 1.14314
378 410 -1.48777
378 379 -0.92046
379 411 0.34794
379 380 -0.20876
380 412 0.14657
380 381 -0.4383
381 413 -0.56642
381 382 -0.77842
382 414 0.87116
382 383 -0.83936
383 415 0.11634
352 383 0.48008
384 416 -0.92221
384 385 -0.04822
385 417 -0.76951
385 386 -0.33315
386 418 -1.58377
386 387 -0.58946
387 419 0.00791
387 388 0.24036
388 420 0.06069
388 389 1.03273
389 421 0.55316
389 390 1.5649
390 422 -0.77643
390 391 1.53968
391 423 -0.29161
391 392 -0.6695
392 424 0.41606
392 393 0.6512
393 425 1.761
393 394 -0.94653
394 426 -0.29293
394 395 -0.21004
395 427 -0.01761
395 396 -0.56486
396 428 1.53479
396 397 -0.09452
397 429 -0.73594
397 398 0.88707
398 430 -0.05313
398 399 1.44713
399 431 0.03756
399 400 -2.77016
400 432 -0.79047
400 401 0.64415
401 433 -1.44263
401 402 -0.73635
402 434 -0.03573
402 403 -0.49544
403 435 1.77146
403 404 0.49499
404 436 -0.28533
404 405 1.1019
405 437 -1.52977
405 406 0.42023
406 438 -0.37607
406 407 -0.05974
407 439 -1.52387
407 408 -0.41236
408 440 -1.61367
408 409 -2.20696
409 441 0.53099
409 410 0.74511
410 442 0.39985
410 411 1.52148
411 443 0.94552
411 412 1.47231
412 444 -1.26099
412 413 0.48836
413 445 -0.78622
413 414 0.49769
414 446 0.78038
414 415 -0.936
415 447 0.04533
384 415 0.17407
416 448 0.23549
416 417 1.40298
417 449 0.76759
417 418 -2.00385
418 450 -0.66825
418 419 1.09926
419 451 -0.22469
419 420 0.03291
420 452 -1.99517
420 421 -0.26754
421 453 -1.99495
421 422 0.27063
422 454 -0.54415
422 423 -0.13663
423 455 -0.18524
423 424 -0.01631
424 456 0.64913
424 425 0.28755
425 457 1.52173
425 426 -1.33122
426 458 0.33016
426 427 0.18082
427 459 -0.13516
427 428 -0.00439
428 460 0.77253
428 429 1.35107
429 461 -2.29287
429 430 -0.09164
430 462 -0.78481
430 431 -2.05799
431 463 0.31846
431 432 0.09755
432 464 0.89497
432 433 -1.91665
433 465 -1.22062
433 434 -1.70707
434 466 -0.06671
434 435 -0.43101
435 467 -0.04501
435 436 1.92916
436 468 -0.18598
436 437 -0.94471
437 469 1.15615
437 438 -1.24332
438 470 -1.23875
438 439 1.16949
439 471 -0.54348
439 440 0.73246
440 472 0.53328
440 441 0.8289
441 473 2.06508
441 442 0.01675
442 474 -0.29939
442 443 0.78106
443 475 0.90114
443 444 0.17338
444 476 -1.59249
444 445 -0.21425
445 477 -0.53305
445 446 0.24549
446 478 -0.49337
446 447 0.21601
447 479 -0.03467
416 447 -0.02775
448 480 -0.29408
448 449 0.82679
449 481 -0.97235
449 450 0.70651
450 482 0.56718
450 451 0.38105
451 483 -0.99215
451 452 -0.67558
452 484 0.71807
452 453 1.09926
453 485 1.76231
453 454 -1.20343
454 486 0.19151
454 455 -0.8322
455 487 0.01001
455 456 -0.74462
456 488 0.76106
456 457 0.48377
457 489 -0.85929
457 458 -2.08661
458 490 -1.5972
458 459 -0.96862
459 491 -2.02996
459 460 0.95181
460 492 0.75028
460 461 -1.03801
461 493 -1.31855
461 462 -0.3823
462 494 0.16248
462 463 0.41622
463 495 2.09214
463 464 0.49946
464 496 0.4009
464 465 0.3653
465 497 -0.82118
465 466 1.86523
466 498 0.39226
466 467 -1.45584
467 499 -1.71454
467 468 -0.76656
468 500 -0.32987
468 469 -0.23048
469 501 -1.14838
469 470 1.78223
470 502 -0.13845
470 471 1.00489
471 503 -2.69635
471 472 0.30118
472 504 0.1564
472 473 1.18981
473 505 1.05652
473 474 -0.69947
474 506 0.6247
474 475 0.90913
475 507 1.47259
475 476 1.40889
476 508 -0.11494
476 477 -0.31954
477 509 -0.84476
477 478 1.79481
478 510 -0.63168
478 479 0.56699
479 511 -1.50283
448 479 1.02961
480 512 -0.37769
480 481 0.78398
481 513 0.74161
481 482 -0.04162
482 514 2.95172
482 483 0.72232
483 515 0.13635
483 484 0.21535
484 516 -0.79061
484 485 -1.19587
485 517 -0.68267
485 486 -0.115
486 518 -0.97832
486 487 -2.03819
487 519 -0.34724
487 488 1.79703
488 520 0.29596
488 489 1.4239
489 521 2.42097
489 490 1.71192
490 522 -0.83777
490 491 1.19961
491 523 -0.47823
491 492 0.85531
492 524 0.53704
492 493 0.29557
493 525 -3.12194
493 494 0.64783
494 526 -0.59671
494 495 0.6245
495 527 -0.02007
495 496 1.26954
496 528 1.45854
496 497 -0.0092
497 529 -0.58526
497 498 0.1004
498 530 -0.08645
498 499 0.42391
499 531 0.43105
499 500 -0.29755
500 532 1.77093
500 501 0.09448
501 533 -0.08496
501 502 0.89465
502 534 0.27202
502 503 -1.33346
503 535 -0.9014
503 504 0.47314
504 536 -0.63248
504 505 -1.47114
505 537 0.64852
505 506 0.40972
506 538 -0.04909
506 507 -0.48938
507 539 0.34198
507 508 -2.50202
508 540 -1.6813
508 509 -0.45751
509 541 -0.0658
509 510 -0.88194
510 542 0.80938
510 511 -0.06141
511 543 0.90036
480 511 1.24977
512 544 -0.32036
512 513 -2.09265
513 545 0.99607
513 514 1.30573
514 546 -0.34795
514 515 0.92292
515 547 0.99253
515 516 0.1547
516 548 -0.05792
516 517 0.11095
517 549 -0.51833
517 518 -0.37706
518 550 -0.24466
518 519 0.26364
519 551 -0.30188
519 520 -0.0944
520 552 -1.11577
520 521 0.56234
521 553 0.00294
521 522 -1.23296
522 554 0.87866
522 523 0.39506
523 555 -0.76306
523 524 0.16683
524 556 -0.36171
524 525 1.2375
525 557 1.13923
525 526 -0.22844
526 558 0.76076
526 527 0.39262
527 559 1.73068
527 528 -0.22325
528 560 -0.96887
528 529 -0.93954
529 561 -0.91877
529 530 -0.66367
530 562 -1.69848
530 531 -0.42182
531 563 -0.48874
531 532 0.27958
532 564 -1.24755
532 533 0.4322
533 565 -0.19486
533 534 1.59665
534 566 1.06511
534 535 1.0847
535 567 -1.08019
535 536 0.19345
536 568 -0.33647
536 537 -1.02736
537 569 1.1595
537 538 -0.13008
538 570 -0.96928
538 539 -0.01005
539 571 -1.20735
539 540 0.04899
540 572 -1.24541
540 541 0.32243
541 573 0.76722
541 542 0.10522
542 574 0.51345
542 543 -1.18986
543 575 -0.06177
512 543 -0.26115
544 576 -0.03373
544 545 1.53179
545 577 -0.16468
545 546 0.44435
546 578 0.85436
546 547 1.9758
547 579 0.05608
547 548 0.10562
548 580 0.42048
548 549 -1.00565
549 581 -0.75412
549 550 -0.801
550 582 -0.4842
550 551 0.87988
551 583 -0.28543
551 552 0.77217
552 584 -1.57558
552 553 0.25061
553 585 0.11223
553 554 -1.45776
554 586 0.86664
554 555 0.71603
555 587 0.42867
555 556 0.3376
556 588 0.86987
556 557 1.29281
557 589 -1.21902
557 558 0.69691
558 590 0.69547
558 559 1.13696
559 591 1.92677
559 560 0.08067
560 592 -1.22935
560 561 -1.33964
561 593 -0.60395
561 562 -1.03782
562 594 0.6678
562 563 0.71955
563 595 -1.59751
563 564 -0.13408
564 596 1.51746
564 565 1.40926
565 597 0.80995
565 566 1.70395
566 598 1.02413
566 567 1.59504
567 599 -0.11978
567 568 -1.92028
568 600 -2.72655
568 569 1.88585
569 601 -0.55092
569 570 -1.50582
570 602 -1.65291
570 571 1.48075
571 603 0.7279
571 572 1.15416
572 604 0.50165
572 573 0.80943
573 605 -1.81704
573 574 -0.76642
574 606 -1.43642
574 575 -0.96726
575 607 -0.37861
544 575 -0.61098
576 608 0.75065
576 577 -0.02356
577 609 -0.30289
577 578 -0.84801
578 610 -0.05059
578 579 0.83778
579 611 0.92677
579 580 -0.38189
580 612 1.25025
580 581 0.44249
581 613 -2.35383
581 582 1.36091
582 614 -0.14171
582 583 -0.00541
583 615 0.83068
583 584 0.18174
584 616 0.18215
584 585 0.88686
585 617 1.26119
585 586 0.19959
586 618 0.01454
586 587 -0.33323
587 619 0.93592
587 588 -0.94782
588 620 -0.44793
588 589 -0.89258
589 621 -1.43044
589 590 -1.66494
590 622 -0.48941
590 591 -0.3209
591 623 -0.78367
591 592 0.06148
592 624 1.84367
592 593 0.68952
593 625 -0.90785
593 594 -0.81347
594 626 0.83176
594 595 1.07213
595 627 0.49733
595 596 -0.87849
596 628 0.96115
596 597 -0.02792
597 629 0.90818
597 598 -0.02865
598 630 1.04138
598 599 -0.61646
599 631 -0.32247
599 600 1.13572
600 632 1.60125
600 601 0.39162
601 633 0.65702
601 602 0.52404
602 634 -1.96863
602 603 1.35004
603 635 -0.70612
603 604 -0.48477
604 636 -0.72452
604 605 -1.0721
605 637 -0.27633
605 606 -0.76589
606 638 -0.04362
606 607 0.1405
607 639 -0.1889
576 607 0.22762
608 640 -0.45388
608 609 0.76646
609 641 2.09701
609 610 0.33794
610 642 -0.21363
610 611 -0.40112
611 643 -0.026
611 612 -0.78517
612 644 0.15775
612 613 0.437
613 645 0.48223
613 614 1.15216
614 646 -0.49301
614 615 0.15189
615 647 -0.27121
615 616 0.75872
616 648 -0.61071
616 617 0.25732
617 649 -0.01709
617 618 -0.46624
618 650 -0.56705
618 619 -1.37002
619 651 0.40811
619 620 0.64895
620 652 0.22777
620 621 0.50817
621 653 1.10087
621 622 0.45437
622 654 0.93624
622 623 -0.1222
623 655 -0.3668
623 624 1.50735
624 656 0.02033
624 625 -2.5428
625 657 -0.49633
625 626 0.79457
626 658 -0.80103
626 627 -1.96238
627 659 1.97338
627 628 2.36866
628 660 0.91684
628 629 -0.54608
629 661 1.41875
629 630 0.53599
630 662 -1.07264
630 631 -0.25161
631 663 0.13386
631 632 1.45724
632 664 -1.20645
632 633 -0.69461
633 665 0.99974
633 634 0.86637
634 666 -0.39465
634 635 0.35166
635 667 -1.25633
635 636 0.77321
636 668 -0.15663
636 637 0.34705
637 669 0.51749
637 638 -0.29895
638 670 -0.28781
638 639 -0.05119
639 671 1.23654
608 639 -0.72835
640 672 -0.30463
640 641 -0.92073
641 673 0.93822
641 642 -1.22885
642 674 1.06007
642 643 -1.52028
643 675 -0.55297
643 644 1.78945
644 676 1.62867
644 645 -2.14526
645 677 1.68247
645 646 -0.55074
646 678 -1.67938
646 647 -0.24243
647 679 0.57752
647 648 -0.71918
648 680 0.69103
648 649 0.72336
649 681 -0.1678
649 650 1.63732
650 682 -0.22611
650 651 -1.16003
651 683 0.37807
651 652 -0.01062
652 684 -0.82332
652 653 -0.00685
653 685 -1.21898
653 654 0.89084
654 686 -1.23304
654 655 0.63659
655 687 1.07725
655 656 -1.47219
656 688 0.86659
656 657 0.55413
657 689 -1.78901
657 658 1.09313
658 690 0.11274
658 659 1.45636
659 691 -0.01131
659 660 -1.28044
660 692 0.35351
660 661 0.60138
661 693 -0.76015
661 662 -0.54472
662 694 0.5665
662 663 0.76613
663 695 1.15216
663 664 1.24884
664 696 -1.55867
664 665 -0.19267
665 697 -0.17221
665 666 -0.72515
666 698 0.71283
666 667 1.82906
667 699 -0.13332
667 668 0.16504
668 700 -1.42608
668 669 -0.59922
669 701 0.56449
669 670 0.87649
670 702 -1.26446
670 671 0.95976
671 703 0.68432
640 671 -1.26401
672 704 -0.48842
672 673 -1.08803
673 705 -0.78368
673 674 0.82339
674 706 1.18073
674 675 -0.08949
675 707 -0.11987
675 676 -0.24269
676 708 0.79136
676 677 0.38825
677 709 1.24962
677 678 -0.19935
678 710 0.72492
678 679 -1.15157
679 711 -0.03836
679 680 1.64285
680 712 0.25552
680 681 -0.25019
681 713 1.06578
681 682 0.62368
682 714 -0.74424
682 683 0.53164
683 715 0.05745
683 684 1.03086
684 716 -1.08887
684 685 -0.62591
685 717 -1.40746
685 686 0.23862
686 718 2.12864
686 687 0.64821
687 719 0.88168
687 688 0.01656
688 720 -0.70417
688 689 -1.05887
689 721 0.76541
689 690 -0.6583
690 722 -2.05516
690 691 -1.9208
691 723 1.826
691 692 1.26679
692 724 0.6074
692 693 -2.42429
693 725 -0.10357
693 694 1.17341
694 726 -1.54464
694 695 -0.64797
695 727 0.4698
695 696 0.02791
696 728 -0.29706
696 697 0.72205
697 729 1.15253
697 698 -1.04686
698 730 -0.02238
698 699 -2.16949
699 731 -1.03332
699 700 1.60484
700 732 -1.03102
700 701 -0.21485
701 733 1.33617
701 702 0.09292
702 734 -0.16158
702 703 0.17822
703 735 -0.05642
672 703 1.38899
704 736 0.96086
704 705 -0.29053
705 737 0.67677
705 706 -2.23989
706 738 0.75265
706 707 -2.32804
707 739 0.66984
707 708 0.70249
708 740 1.16237
708 709 0.87521
709 741 -0.73474
709 710 0.16565
710 742 -0.24351
710 711 0.57469
711 743 -0.52625
711 712 -0.29379
712 744 -0.46262
712 713 0.64454
713 745 -0.67584
713 714 0.63663
714 746 0.80252
714 715 1.80681
715 747 0.79641
715 716 -0.26307
716 748 -0.17747
716 717 -0.81153
717 749 0.27015
717 718 2.15807
718 750 0.96733
718 719 -1.42812
719 751 -0.64984
719 720 1.40602
720 752 -0.53234
720 721 -0.51963
721 753 0.01787
721 722 -1.28931
722 754 1.14181
722 723 -1.65573
723 755 -0.38869
723 724 -1.24415
724 756 -0.51953
724 725 -0.11069
725 757 -0.04429
725 726 -0.57277
726 758 0.07891
726 727 1.56348
727 759 -0.64473
727 728 -1.15484
728 760 0.11632
728 729 1.06049
729 761 0.27065
729 730 -0.50662
730 762 -0.26724
730 731 0.57782
731 763 -0.4616
731 732 0.70566
732 764 0.64727
732 733 0.86295
733 765 0.92167
733 734 -1.22607
734 766 -1.09964
734 735 0.39042
735 767 1.22628
704 735 -0.53506
736 768 0.53559
736 737 0.25156
737 769 -2.86682
737 738 -1.08688
738 770 -0.72223
738 739 -0.12854
739 771 0.82553
739 740 -1.15667
740 772 -1.50656
740 741 0.86902
741 773 -0.08916
741 742 -0.49151
742 774 1.13863
742 743 -1.47794
743 775 2.6915
743 744 -0.70663
744 776 -1.03909
744 745 -1.0447
745 777 1.65634
745 746 0.10721
746 778 -0.28719
746 747 -0.44999
747 779 -0.88557
747 748 1.03808
748 780 1.37511
748 749 -0.66248
749 781 -1.61752
749 750 -0.53784
750 782 -0.26469
750 751 -0.20957
751 783 -0.63154
751 752 0.81849
752 784 1.8563
752 753 0.86235
753 785 0.30585
753 754 -1.35907
754 786 -1.04575
754 755 0.23974
755 787 0.45634
755 756 0.95611
756 788 -0.40375
756 757 -1.40745
757 789 0.92068
757 758 -0.51703
758 790 -1.25746
758 759 0.92296
759 791 0.74989
759 760 -0.95771
760 792 -2.11707
760 761 -0.29421
761 793 -0.69771
761 762 -0.27965
762 794 0.43905
762 763 -0.00844
763 795 -0.24958
763 764 0.61166
764 796 0.46465
764 765 1.41521
765 797 -0.26447
765 766 0.23444
766 798 0.2493
766 767 0.36351
767 799 -0.21052
736 767 -0.79532
768 800 -0.68975
768 769 0.30786
769 801 0.10196
769 770 0.76395
770 802 2.29394
770 771 -0.4932
771 803 -0.03754
771 772 0.64908
772 804 -0.30439
772 773 -0.13766
773 805 0.89153
773 774 -1.13812
774 806 -0.81913
774 775 -2.7128
775 807 0.49399
775 776 -0.38227
776 808 0.43557
776 777 -0.27883
777 809 0.15862
777 778 -1.03054
778 810 -2.23885
778 779 1.20036
779 811 -2.11952
779 780 1.93474
780 812 -0.0882
780 781 0.5135
781 813 -0.7485
781 782 0.62846
782 814 1.51381
782 783 -0.66284
783 815 0.16637
783 784 1.11248
784 816 -0.4486
784 785 -0.62152
785 817 2.57143
785 786 0.52403
786 818 -0.08304
786 787 0.14504
787 819 1.25701
787 788 -0.62052
788 820 0.39221
788 789 1.04798
789 821 -1.52526
789 790 1.8758
790 822 -1.59573
790 791 -2.46079
791 823 -0.32696
791 792 -0.20789
792 824 0.25923
792 793 -0.49298
793 825 0.37937
793 794 0.48088
794 826 -1.79293
794 795 0.72917
795 827 0.45029
795 796 -1.03801
796 828 0.7992
796 797 -0.09449
797 829 -0.76461
797 798 0.91441
798 830 0.3918
798 799 1.21425
799 831 0.63126
768 799 -1.78943
800 832 0.64699
800 801 0.49445
801 833 0.0088
801 802 -0.16396
802 834 -1.23149
802 803 0.20996
803 835 -0.05823
803 804 0.15883
804 836 -1.05797
804 805 0.01285
805 837 0.53182
805 806 -0.19642
806 838 0.46902
806 807 -0.51078
807 839 0.37756
807 808 -0.98509
808 840 0.1713
808 809 -0.38704
809 841 0.52283
809 810 -0.83068
810 842 0.95897
810 811 0.9031
811 843 -0.32674
811 812 -0.979
812 844 -0.22953
812 813 -1.92918
813 845 -0.81436
813 814 -0.71008
814 846 1.34787
814 815 -1.04406
815 847 0.72605
815 816 1.41295
816 848 0.14251
816 817 -0.2643
817 849 -1.63925
817 818 -1.88393
818 850 -1.84249
818 819 -1.82805
819 851 0.46401
819 820 -0.38758
820 852 -0.1573
820 821 -0.15876
821 853 0.56936
821 822 0.03026
822 854 0.53716
822 823 -0.64332
823 855 -0.44762
823 824 0.26451
824 856 -0.16398
824 825 -0.60151
825 857 -0.1382
825 826 -1.60682
826 858 2.31672
826 827 -1.10433
827 859 0.15633
827 828 2.25284
828 860 -1.03502
828 829 -0.17068
829 861 0.97086
829 830 -0.11958
830 862 -0.66994
830 831 0.15776
831 863 -0.11883
800 831 -0.49761
832 864 -0.01095
832 833 -1.71163
833 865 -1.24405
833 834 -0.70323
834 866 0.71145
834 835 0.14956
835 867 1.68122
835 836 -0.11786
836 868 0.31005
836 837 -0.30108
837 869 -0.9693
837 838 -0.9646
838 870 1.50545
838 839 1.11278
839 871 0.42478
839 840 -0.67265
840 872 0.03247
840 841 -0.76428
841 873 -0.58514
841 842 0.72993
842 874 0.81503
842 843 0.59727
843 875 0.16269
843 844 0.01192
844 876 -0.82683
844 845 1.44313
845 877 -1.52732
845 846 -2.38844
846 878 0.43637
846 847 -0.4892
847 879 -0.36307
847 848 -0.47264
848 880 -0.10617
848 849 0.53072
849 881 -0.76306
849 850 -0.58763
850 882 1.20827
850 851 -0.42515
851 883 1.48235
851 852 -0.29141
852 884 -1.10699
852 853 -1.42753
853 885 -0.89563
853 854 -0.11302
854 886 0.81428
854 855 1.47389
855 887 -1.39671
855 856 2.36111
856 888 -0.63981
856 857 0.37179
857 889 0.75098
857 858 -0.68699
858 890 -0.78446
858 859 -1.12525
859 891 0.27378
859 860 -0.14688
860 892 -0.27396
860 861 -0.81985
861 893 1.35799
861 862 1.2483
862 894 1.80868
862 863 -0.91555
863 895 -0.1452
832 863 -1.83716
864 896 -0.40394
864 865 0.12186
865 897 -0.4529
865 866 1.79586
866 898 1.76854
866 867 -1.8114
867 899 1.52664
867 868 0.61637
868 900 -0.39428
868 869 0.29236
869 901 0.35899
869 870 0.94427
870 902 1.757
870 871 0.38951
871 903 2.62538
871 872 -0.32535
872 904 0.35989
872 873 0.38427
873 905 0.03634
873 874 -1.8567
874 906 0.1149
874 875 -0.95611
875 907 -0.83934
875 876 -0.65107
876 908 0.18353
876 877 -0.79309
877 909 -2.42245
877 878 -0.92244
878 910 0.85398
878 879 0.48013
879 911 -2.20337
879 880 2.231
880 912 -0.47064
880 881 0.52451
881 913 0.35252
881 882 0.38888
882 914 -0.14226
882 883 -1.44848
883 915 -1.86026
883 884 0.50979
884 916 -0.15359
884 885 1.53477
885 917 0.59807
885 886 0.01954
886 918 0.78677
886 887 0.46892
887 919 0.2825
887 888 -0.16103
888 920 -0.33414
888 889 -1.24278
889 921 -0.52075
889 890 0.96832
890 922 0.78182
890 891 -0.033
891 923 1.35778
891 892 0.36519
892 924 -0.7528
892 893 0.50753
893 925 -1.09965
893 894 -0.60485
894 926 -0.61212
894 895 -1.42959
895 927 0.46688
864 895 1.03017
896 928 0.003
896 897 -1.39493
897 929 0.68924
897 898 -1.4136
898 930 -0.9485
898 899 -0.2138
899 931 1.38579
899 900 -1.29398
900 932 -0.47526
900 901 -0.63919
901 933 0.72429
901 902 0.17637
902 934 0.17139
902 903 -1.94472
903 935 -1.19075
903 904 -1.68235
904 936 1.4069
904 905 -0.9578
905 937 -1.41403
905 906 -1.52248
906 938 -1.07545
906 907 -1.80292
907 939 -0.06783
907 908 0.95046
908 940 0.99916
908 909 0.18501
909 941 -0.08963
909 910 0.778
910 942 -1.15524
910 911 -0.43048
911 943 0.51518
911 912 -0.54485
912 944 1.09865
912 913 -0.59136
913 945 -1.24766
913 914 -1.53426
914 946 0.29512
914 915 -0.9342
915 947 -1.25734
915 916 -0.48921
916 948 0.85446
916 917 2.84669
917 949 -0.86352
917 918 0.70536
918 950 0.981
918 919 0.31407
919 951 2.23971
919 920 -2.16146
920 952 -0.75139
920 921 0.16484
921 953 1.08649
921 922 1.76377
922 954 -1.77528
922 923 1.15592
923 955 -0.31165
923 924 0.98955
924 956 0.229
924 925 -1.70002
925 957 -0.04929
925 926 -0.99993
926 958 0.63856
926 927 -0.75634
927 959 -0.54113
896 927 -1.04535
928 960 -0.63849
928 929 1.57434
929 961 -2.33063
929 930 -2.50918
930 962 -0.18551
930 931 -2.95022
931 963 0.8145
931 932 -0.09091
932 964 -0.59206
932 933 -1.75745
933 965 0.56701
933 934 0.32656
934 966 -0.25882
934 935 -0.97075
935 967 0.42636
935 936 -0.53694
936 968 0.00627
936 937 1.1356
937 969 0.03022
937 938 0.26864
938 970 -0.08451
938 939 -0.42384
939 971 -0.0759
939 940 -0.3609
940 972 0.22859
940 941 0.76553
941 973 0.48667
941 942 -0.07823
942 974 1.03356
942 943 -0.26981
943 975 0.16941
943 944 -0.97681
944 976 -0.88414
944 945 -0.10987
945 977 -0.05114
945 946 0.53669
946 978 0.87906
946 947 -0.71626
947 979 -1.01264
947 948 0.40504
948 980 1.07392
948 949 -1.00906
949 981 -0.91503
949 950 -0.18613
950 982 -0.13049
950 951 -2.05226
951 983 0.06649
951 952 0.4673
952 984 -1.58569
952 953 1.13001
953 985 2.20102
953 954 -0.25494
954 986 -0.38325
954 955 -1.85771
955 987 -0.4588
955 956 0.87358
956 988 0.16727
956 957 0.322
957 989 -1.31665
957 958 0.69771
958 990 -0.41879
958 959 0.53943
959 991 1.76261
928 959 -1.8728
960 992 -0.71914
960 961 -0.28877
961 993 0.32658
961 962 -0.45751
962 994 0.75482
962 963 0.91782
963 995 0.49838
963 964 1.37783
964 996 -1.13886
964 965 -0.413
965 997 1.56509
965 966 -0.88268
966 998 -0.93541
966 967 1.46095
967 999 -1.03901
967 968 0.23862
968 1000 1.48942
968 969 0.44695
969 1001 1.38847
969 970 -0.19647
970 1002 -0.18383
970 971 -0.09538
971 1003 -0.15352
971 972 1.50973
972 1004 1.21343
972 973 1.73413
973 1005 -0.40321
973 974 -0.18701
974 1006 -0.58819
974 975 0.11866
975 1007 0.19538
975 976 -0.77088
976 1008 1.02145
976 977 0.41477
977 1009 -0.07221
977 978 -0.89735
978 1010 1.08159
978 979 -0.36304
979 1011 -2.11081
979 980 -0.26211
980 1012 -1.98361
980 981 0.38273
981 1013 0.76546
981 982 1.32923
982 1014 1.23312
982 983 -0.36204
983 1015 -0.58132
983 984 -1.78632
984 1016 0.76071
984 985 -1.19504
985 1017 -1.45523
985 986 -0.25512
986 1018 1.10292
986 987 -1.72792
987 1019 -0.37826
987 988 0.30858
988 1020 -0.70754
988 989 -0.70003
989 1021 0.47493
989 990 1.20193
990 1022 -0.73697
990 991 0.21101
991 1023 -1.14153
960 991 -1.16461
0 992 0.20896
992 993 -1.04462
1 993 -1.60797
993 994 -1.04789
2 994 0.5744
994 995 -0.32778
3 995 -0.58594
995 996 0.51814
4 996 -0.28042
996 997 -1.65679
5 997 0.59778
997 998 2.85127
6 998 -0.40028
998 999 0.01623
7 999 -0.154
999 1000 -1.81708
8 1000 -1.46262
1000 1001 1.34823
9 1001 0.04526
1001 1002 0.68837
10 1002 1.9683
1002 1003 0.31253
11 1003 1.36443
1003 1004 0.58378
12 1004 0.11573
1004 1005 0.27232
13 1005 0.49953
1005 1006 -0.32723
14 1006 -0.83505
1006 1007 -1.14593
15 1007 0.86984
1007 1008 -0.38631
16 1008 0.60671
1008 1009 -0.5972
17 1009 0.89937
1009 1010 -1.24221
18 1010 -0.04161
1010 1011 0.03267
19 1011 -1.01933
1011 1012 -0.356
20 1012 0.05949
1012 1013 0.93916
21 1013 -2.05952
1013 1014 1.13708
22 1014 0.20197
1014 1015 1.40117
23 1015 -1.68969
1015 1016 0.33606
24 1016 0.36141
1016 1017 0.21248
25 1017 0.57243
1017 1018 -1.97929
26 1018 0.36329
1018 1019 0.20368
27 1019 0.88083
1019 1020 0.89284
28 1020 -1.7931
1020 1021 -0.01342
29 1021 -1.46248
1021 1022 0.80482
30 1022 0.37269
1022 1023 0.65396
31 1023 0.08097
992 1023 0.66481
