# model=ea2d N=1024 meanJ=0 seed=2330027907 distribution=gaussian field=0 num_fields=1024 num_couplings=2048
0 0
1 0
2 0
3 0
4 0
5 0
6 0
7 0
8 0
9 0
10 0
11 0
12 0
13 0
14 0
15 0
16 0
17 0
18 0
19 0
20 0
21 0
22 0
23 0
24 0
25 0
26 0
27 0
28 0
29 0
30 0
31 0
32 0
33 0
34 0
35 0
36 0
37 0
38 0
39 0
40 0
41 0
42 0
43 0
44 0
45 0
46 0
47 0
48 0
49 0
50 0
51 0
52 0
53 0
54 0
55 0
56 0
57 0
58 0
59 0
60 0
61 0
62 0
63 0
64 0
65 0
66 0
67 0
68 0
69 0
70 0
71 0
72 0
73 0
74 0
75 0
76 0
77 0
78 0
79 0
80 0
81 0
82 0
83 0
84 0
85 0
86 0
87 0
88 0
89 0
90 0
91 0
92 0
93 0
94 0
95 0
96 0
97 0
98 0
99 0
100 0
101 0
102 0
103 0
104 0
105 0
106 0
107 0
108 0
109 0
110 0
111 0
112 0
113 0
114 0
115 0
116 0
117 0
118 0
119 0
120 0
121 0
122 0
123 0
124 0
125 0
126 0
127 0
128 0
129 0
130 0
131 0
132 0
133 0
134 0
135 0
136 0
137 0
138 0
139 0
140 0
141 0
142 0
143 0
144 0
145 0
146 0
147 0
148 0
149 0
150 0
151 0
152 0
153 0
154 0
155 0
156 0
157 0
158 0
159 0
160 0
161 0
162 0
163 0
164 0
165 0
166 0
167 0
168 0
169 0
170 0
171 0
172 0
173 0
174 0
175 0
176 0
177 0
178 0
179 0
180 0
181 0
182 0
183 0
184 0
185 0
186 0
187 0
188 0
189 0
190 0
191 0
192 0
193 0
194 0
195 0
196 0
197 0
198 0
199 0
200 0
201 0
202 0
203 0
204 0
205 0
206 0
207 0
208 0
209 0
210 0
211 0
212 0
213 0
214 0
215 0
216 0
217 0
218 0
219 0
220 0
221 0
222 0
223 0
224 0
225 0
226 0
227 0
228 0
229 0
230 0
231 0
232 0
233 0
234 0
235 0
236 0
237 0
238 0
239 0
240 0
241 0
242 0
243 0
244 0
245 0
246 0
247 0
248 0
249 0
250 0
251 0
252 0
253 0
254 0
255 0
256 0
257 0
258 0
259 0
260 0
261 0
262 0
263 0
264 0
265 0
266 0
267 0
268 0
269 0
270 0
271 0
272 0
273 0
274 0
275 0
276 0
277 0
278 0
279 0
280 0
281 0
282 0
283 0
284 0
285 0
286 0
287 0
288 0
289 0
290 0
291 0
292 0
293 0
294 0
295 0
296 0
297 0
298 0
299 0
300 0
301 0
302 0
303 0
304 0
305 0
306 0
307 0
308 0
309 0
310 0
311 0
312 0
313 0
314 0
315 0
316 0
317 0
318 0
319 0
320 0
321 0
322 0
323 0
324 0
325 0
326 0
327 0
328 0
329 0
330 0
331 0
332 0
333 0
334 0
335 0
336 0
337 0
338 0
339 0
340 0
341 0
342 0
343 0
344 0
345 0
346 0
347 0
348 0
349 0
350 0
351 0
352 0
353 0
354 0
355 0
356 0
357 0
358 0
359 0
360 0
361 0
362 0
363 0
364 0
365 0
366 0
367 0
368 0
369 0
370 0
371 0
372 0
373 0
374 0
375 0
376 0
377 0
378 0
379 0
380 0
381 0
382 0
383 0
384 0
385 0
386 0
387 0
388 0
389 0
390 0
391 0
392 0
393 0
394 0
395 0
396 0
397 0
398 0
399 0
400 0
401 0
402 0
403 0
404 0
405 0
406 0
407 0
408 0
409 0
410 0
411 0
412 0
413 0
414 0
415 0
416 0
417 0
418 0
419 0
420 0
421 0
422 0
423 0
424 0
425 0
426 0
427 0
428 0
429 0
430 0
431 0
432 0
433 0
434 0
435 0
436 0
437 0
438 0
439 0
440 0
441 0
442 0
443 0
444 0
445 0
446 0
447 0
448 0
449 0
450 0
451 0
452 0
453 0
454 0
455 0
456 0
457 0
458 0
459 0
460 0
461 0
462 0
463 0
464 0
465 0
466 0
467 0
468 0
469 0
470 0
471 0
472 0
473 0
474 0
475 0
476 0
477 0
478 0
479 0
480 0
481 0
482 0
483 0
484 0
485 0
486 0
487 0
488 0
489 0
490 0
491 0
492 0
493 0
494 0
495 0
496 0
497 0
498 0
499 0
500 0
501 0
502 0
503 0
504 0
505 0
506 0
507 0
508 0
509 0
510 0
511 0
512 0
513 0
514 0
515 0
516 0
517 0
518 0
519 0
520 0
521 0
522 0
523 0
524 0
525 0
526 0
527 0
528 0
529 0
530 0
531 0
532 0
533 0
534 0
535 0
536 0
537 0
538 0
539 0
540 0
541 0
542 0
543 0
544 0
545 0
546 0
547 0
548 0
549 0
550 0
551 0
552 0
553 0
554 0
555 0
556 0
557 0
558 0
559 0
560 0
561 0
562 0
563 0
564 0
565 0
566 0
567 0
568 0
569 0
570 0
571 0
572 0
573 0
574 0
575 0
576 0
577 0
578 0
579 0
580 0
581 0
582 0
583 0
584 0
585 0
586 0
587 0
588 0
589 0
590 0
591 0
592 0
593 0
594 0
595 0
596 0
597 0
598 0
599 0
600 0
601 0
602 0
603 0
604 0
605 0
606 0
607 0
608 0
609 0
610 0
611 0
612 0
613 0
614 0
615 0
616 0
617 0
618 0
619 0
620 0
621 0
622 0
623 0
624 0
625 0
626 0
627 0
628 0
629 0
630 0
631 0
632 0
633 0
634 0
635 0
636 0
637 0
638 0
639 0
640 0
641 0
642 0
643 0
644 0
645 0
646 0
647 0
648 0
649 0
650 0
651 0
652 0
653 0
654 0
655 0
656 0
657 0
658 0
659 0
660 0
661 0
662 0
663 0
664 0
665 0
666 0
667 0
668 0
669 0
670 0
671 0
672 0
673 0
674 0
675 0
676 0
677 0
678 0
679 0
680 0
681 0
682 0
683 0
684 0
685 0
686 0
687 0
688 0
689 0
690 0
691 0
692 0
693 0
694 0
695 0
696 0
697 0
698 0
699 0
700 0
701 0
702 0
703 0
704 0
705 0
706 0
707 0
708 0
709 0
710 0
711 0
712 0
713 0
714 0
715 0
716 0
717 0
718 0
719 0
720 0
721 0
722 0
723 0
724 0
725 0
726 0
727 0
728 0
729 0
730 0
731 0
732 0
733 0
734 0
735 0
736 0
737 0
738 0
739 0
740 0
741 0
742 0
743 0
744 0
745 0
746 0
747 0
748 0
749 0
750 0
751 0
752 0
753 0
754 0
755 0
756 0
757 0
758 0
759 0
760 0
761 0
762 0
763 0
764 0
765 0
766 0
767 0
768 0
769 0
770 0
771 0
772 0
773 0
774 0
775 0
776 0
777 0
778 0
779 0
780 0
781 0
782 0
783 0
784 0
785 0
786 0
787 0
788 0
789 0
790 0
791 0
792 0
793 0
794 0
795 0
796 0
797 0
798 0
799 0
800 0
801 0
802 0
803 0
804 0
805 0
806 0
807 0
808 0
809 0
810 0
811 0
812 0
813 0
814 0
815 0
816 0
817 0
818 0
819 0
820 0
821 0
822 0
823 0
824 0
825 0
826 0
827 0
828 0
829 0
830 0
831 0
832 0
833 0
834 0
835 0
836 0
837 0
838 0
839 0
840 0
841 0
842 0
843 0
844 0
845 0
846 0
847 0
848 0
849 0
850 0
851 0
852 0
853 0
854 0
855 0
856 0
857 0
858 0
859 0
860 0
861 0
862 0
863 0
864 0
865 0
866 0
867 0
868 0
869 0
870 0
871 0
872 0
873 0
874 0
875 0
876 0
877 0
878 0
879 0
880 0
881 0
882 0
883 0
884 0
885 0
886 0
887 0
888 0
889 0
890 0
891 0
892 0
893 0
894 0
895 0
896 0
897 0
898 0
899 0
900 0
901 0
902 0
903 0
904 0
905 0
906 0
907 0
908 0
909 0
910 0
911 0
912 0
913 0
914 0
915 0
916 0
917 0
918 0
919 0
920 0
921 0
922 0
923 0
924 0
925 0
926 0
927 0
928 0
929 0
930 0
931 0
932 0
933 0
934 0
935 0
936 0
937 0
938 0
939 0
940 0
941 0
942 0
943 0
944 0
945 0
946 0
947 0
948 0
949 0
950 0
951 0
952 0
953 0
954 0
955 0
956 0
957 0
958 0
959 0
960 0
961 0
962 0
963 0
964 0
965 0
966 0
967 0
968 0
969 0
970 0
971 0
972 0
973 0
974 0
975 0
976 0
977 0
978 0
979 0
980 0
981 0
982 0
983 0
984 0
985 0
986 0
987 0
988 0
989 0
990 0
991 0
992 0
993 0
994 0
995 0
996 0
997 0
998 0
999 0
1000 0
1001 0
1002 0
1003 0
1004 0
1005 0
1006 0
1007 0
1008 0
1009 0
1010 0
1011 0
1012 0
1013 0
1014 0
1015 0
1016 0
1017 0
1018 0
1019 0
1020 0
1021 0
1022 0
1023 0
0 32 0.55246
0 1 -0.1427
1 33 -1.32083
1 2 -1.88606
2 34 0.23253
2 3 -0.60415
3 35 0.59345
3 4 0.61392
4 36 -1.50711
4 5 -0.6776
5 37 -1.15162
5 6 -0.05459
6 38 0.87016
6 7 0.10629
7 39 1.38248
7 8 0.45208
8 40 -0.62679
8 9 0.81718
9 41 -0.80658
9 10 0.20942
10 42 -1.29788
10 11 0.13508
11 43 -0.1586
11 12 0.42313
12 44 1.73071
12 13 0.55475
13 45 -1.0657
13 14 0.18559
14 46 -0.14428
14 15 0.66676
15 47 0.82721
15 16 0.32361
16 48 0.79102
16 17 1.25424
17 49 -0.78627
17 18 -0.55075
18 50 -0.85853
18 19 -1.32196
19 51 2.06337
19 20 0.82816
20 52 -0.02047
20 21 0.79702
21 53 -1.00673
21 22 -2.0579
22 54 0.42242
22 23 -0.02428
23 55 -0.32687
23 24 0.00351
24 56 0.36686
24 25 -1.2247
25 57 -0.32282
25 26 0.4
26 58 -0.30235
26 27 -0.31171
27 59 0.06651
27 28 -0.5414
28 60 -0.64457
28 29 0.36832
29 61 0.73855
29 30 -0.98405
30 62 -0.78162
30 31 0.59424
31 63 -0.54148
0 31 -1.01996
32 64 -1.66928
32 33 0.10912
33 65 0.45434
33 34 1.17246
34 66 -1.0037
34 35 0.79134
35 67 -0.67137
35 36 -0.90244
36 68 0.76169
36 37 -0.82483
37 69 -1.80292
37 38 -1.45414
38 70 0.80516
38 39 -0.09721
39 71 0.10486
39 40 -0.21168
40 72 0.14568
40 41 0.3819
41 73 -1.14838
41 42 0.57721
42 74 -1.37659
42 43 -0.26494
43 75 1.26411
43 44 -0.3521
44 76 0.32223
44 45 -0.77662
45 77 0.95064
45 46 -0.68286
46 78 0.4548
46 47 0.87228
47 79 -0.72778
47 48 1.43956
48 80 0.33863
48 49 -0.58814
49 81 1.33682
49 50 0.2972
50 82 1.72201
50 51 -0.86491
51 83 -1.28147
51 52 -0.4407
52 84 0.49332
52 53 -0.36831
53 85 2.02489
53 54 -0.68619
54 86 -1.88663
54 55 0.73734
55 87 -1.447
55 56 -0.48759
56 88 -0.62
56 57 -0.92554
57 89 0.82214
57 58 0.62127
58 90 -1.45094
58 59 0.06495
59 91 -1.05013
59 60 0.8408
60 92 -0.22397
60 61 -0.09013
61 93 0.39722
61 62 0.3491
62 94 0.63056
62 63 -0.99362
63 95 0.8073
32 63 0.46405
64 96 -0.99139
64 65 -0.75402
65 97 -0.13596
65 66 0.06331
66 98 -0.14026
66 67 -0.73577
67 99 -1.36456
67 68 0.55396
68 100 0.35626
68 69 0.64694
69 101 -0.56364
69 70 1.04218
70 102 -0.45773
70 71 0.0256
71 103 -0.58225
71 72 -0.22772
72 104 1.5327
72 73 -0.51386
73 105 -0.32953
73 74 0.34041
74 106 0.34418
74 75 -1.58745
75 107 -0.96534
75 76 -0.6399
76 108 0.35897
76 77 -0.28586
77 109 1.29813
77 78 2.32242
78 110 -1.07636
78 79 -0.63505
79 111 1.05423
79 80 -0.62988
80 112 -1.11988
80 81 -1.50449
81 113 1.34385
81 82 0.37454
82 114 -0.89951
82 83 1.30493
83 115 0.22173
83 84 1.23845
84 116 -0.03086
84 85 -0.83199
85 117 0.3211
85 86 -1.00624
86 118 0.82381
86 87 0.66714
87 119 0.66868
87 88 0.67186
88 120 -0.49257
88 89 -0.57096
89 121 -0.64419
89 90 0.96083
90 122 -0.54009
90 91 0.09799
91 123 -0.5653
91 92 0.24619
92 124 -0.81783
92 93 0.6071
93 125 2.03798
93 94 -0.56432
94 126 1.51029
94 95 -1.58579
95 127 -1.97029
64 95 -0.97133
96 128 1.13287
96 97 0.83877
97 129 -0.64668
97 98 -0.81291
98 130 1.0195
98 99 -0.62061
99 131 -0.19211
99 100 -1.12692
100 132 -1.85163
100 101 0.22783
101 133 0.90061
101 102 -0.14152
102 134 0.08475
102 103 -0.77117
103 135 -1.41364
103 104 -0.14046
104 136 -0.31841
104 105 -0.15955
105 137 -1.10576
105 106 -0.50809
106 138 0.71819
106 107 -0.58377
107 139 -0.5035
107 108 1.12233
108 140 -0.79379
108 109 -0.60168
109 141 0.08331
109 110 -0.7534
110 142 -2.06314
110 111 -0.58007
111 143 0.5317
111 112 0.05791
112 144 2.37027
112 113 -0.51849
113 145 1.26774
113 114 1.78548
114 146 -1.84593
114 115 1.82319
115 147 0.22875
115 116 1.18861
116 148 0.49039
116 117 -0.12079
117 149 1.27709
117 118 -0.2265
118 150 1.68868
118 119 -0.31327
119 151 -0.56022
119 120 -0.42427
120 152 -0.27283
120 121 -0.51625
121 153 0.23693
121 122 1.3225
122 154 -0.58973
122 123 -0.00926
123 155 0.3073
123 124 0.18488
124 156 1.79371
124 125 -1.48761
125 157 -2.29455
125 126 -0.32737
126 158 -0.85026
126 127 0.17694
127 159 -1.38157
96 127 -1.27997
128 160 2.12349
128 129 0.48673
129 161 0.56151
129 130 -0.5575
130 162 -1.00438
130 131 -0.35437
131 163 -1.22862
131 132 1.87368
132 164 0.35505
132 133 -0.44863
133 165 0.3212
133 134 -0.72499
134 166 1.08781
134 135 -0.81841
135 167 -0.0088
135 136 0.66655
136 168 -0.4719
136 137 -0.49277
137 169 -0.72749
137 138 -2.18347
138 170 0.36117
138 139 0.77522
139 171 -2.72522
139 140 -0.57538
140 172 0.15613
140 141 -1.70448
141 173 1.25224
141 142 -0.16625
142 174 0.81369
142 143 2.10344
143 175 -0.72568
143 144 0.44687
144 176 -2.08656
144 145 0.89907
145 177 -0.74826
145 146 -0.09524
146 178 -0.15182
146 147 0.53488
147 179 0.65602
147 148 0.50766
148 180 -0.56844
148 149 -0.16629
149 181 1.88163
149 150 0.1814
150 182 -0.81234
150 151 -1.30057
151 183 0.37428
151 152 1.00684
152 184 -1.27242
152 153 -0.86293
153 185 -0.39795
153 154 0.54975
154 186 0.82382
154 155 -1.81746
155 187 0.55504
155 156 -0.19989
156 188 -1.79081
156 157 0.33863
157 189 -0.45868
157 158 -0.2774
158 190 -0.10514
158 159 0.1526
159 191 0.20908
128 159 -1.255
160 192 1.79333
160 161 -0.73414
161 193 -0.31133
161 162 0.08479
162 194 1.88553
162 163 0.32311
163 195 1.12617
163 164 1.10442
164 196 1.24806
164 165 -0.84061
165 197 -0.23057
165 166 0.74195
166 198 -1.2991
166 167 0.30822
167 199 0.97002
167 168 1.31104
168 200 -1.63109
168 169 -0.87553
169 201 -0.14771
169 170 -0.53564
170 202 -1.84466
170 171 0.7764
171 203 1.77614
171 172 0.3116
172 204 1.3852
172 173 1.05106
173 205 -0.20491
173 174 -0.90828
174 206 -0.45104
174 175 -0.30761
175 207 0.31832
175 176 1.57563
176 208 2.36144
176 177 0.57987
177 209 -1.63864
177 178 -0.16619
178 210 1.17946
178 179 -0.0915
179 211 -0.64521
179 180 0.51488
180 212 -0.44373
180 181 -1.31846
181 213 1.52877
181 182 0.38421
182 214 -1.01236
182 183 1.26162
183 215 -1.67164
183 184 1.6346
184 216 1.09963
184 185 0.60357
185 217 0.52564
185 186 -0.67939
186 218 -1.0343
186 187 1.57439
187 219 0.95052
187 188 -0.46558
188 220 -0.31936
188 189 1.50777
189 221 1.0221
189 190 0.59201
190 222 1.11184
190 191 0.05461
191 223 1.04324
160 191 -0.09217
192 224 1.12056
192 193 0.26736
193 225 -0.34631
193 194 -0.64766
194 226 0.39048
194 195 -1.35868
195 227 -0.06745
195 196 -0.71951
196 228 0.91947
196 197 -0.5556
197 229 -0.13081
197 198 -0.41475
198 230 -0.84302
198 199 -0.38165
199 231 1.57439
199 200 2.50794
200 232 0.85957
200 201 -0.48467
201 233 -0.79763
201 202 -0.14562
202 234 -0.61821
202 203 0.85459
203 235 0.31023
203 204 1.72397
204 236 -0.8728
204 205 -0.40448
205 237 -0.3596
205 206 0.64741
206 238 0.59789
206 207 0.31872
207 239 -0.77172
207 208 -0.58263
208 240 0.70381
208 209 0.52744
209 241 -0.881
209 210 0.9909
210 242 0.3836
210 211 0.02656
211 243 0.69344
211 212 0.37722
212 244 -0.25047
212 213 0.32041
213 245 0.43471
213 214 -0.10675
214 246 -0.50447
214 215 0.40009
215 247 0.00039
215 216 -0.1524
216 248 1.07809
216 217 0.03942
217 249 -0.348
217 218 1.42257
218 250 -0.56048
218 219 0.09423
219 251 -0.70633
219 220 -1.00806
220 252 -0.8125
220 221 -0.40802
221 253 1.02607
221 222 -0.63571
222 254 0.24151
222 223 -0.61534
223 255 -0.54635
192 223 -0.17292
224 256 0.31089
224 225 0.1749
225 257 -0.09576
225 226 1.22192
226 258 -0.75352
226 227 0.06644
227 259 -1.03334
227 228 -1.18122
228 260 1.23152
228 229 1.01249
229 261 -0.77921
229 230 0.97305
230 262 -1.40117
230 231 -0.86544
231 263 2.19634
231 232 -0.95063
232 264 1.23034
232 233 -1.69969
233 265 -1.2673
233 234 0.88948
234 266 1.13344
234 235 -0.48678
235 267 -1.29627
235 236 0.01602
236 268 -0.65658
236 237 -0.58336
237 269 1.54727
237 238 -0.70208
238 270 -1.18148
238 239 -0.23319
239 271 0.08725
239 240 -1.15407
240 272 2.80635
240 241 -0.36345
241 273 -0.68582
241 242 -0.37811
242 274 -1.03378
242 243 0.82162
243 275 1.79604
243 244 -1.04231
244 276 0.40109
244 245 -0.03009
245 277 -1.17835
245 246 -0.79294
246 278 1.31249
246 247 -0.4511
247 279 -1.07854
247 248 -0.52568
248 280 -0.49234
248 249 0.12996
249 281 1.052
249 250 -0.84921
250 282 -1.69544
250 251 0.12196
251 283 -0.58023
251 252 -1.28846
252 284 -0.81179
252 253 -1.73335
253 285 -1.30806
253 254 0.44357
254 286 -1.09505
254 255 0.59436
255 287 0.11375
224 255 0.19672
256 288 -0.88422
256 257 0.71604
257 289 -1.10627
257 258 2.42811
258 290 -1.48093
258 259 0.94805
259 291 -1.46746
259 260 -0.63115
260 292 -2.57764
260 261 -1.50071
261 293 -0.87866
261 262 1.03024
262 294 0.46064
262 263 -0.25973
263 295 -1.07323
263 264 0.96553
264 296 -0.04428
264 265 0.13904
265 297 0.43979
265 266 -0.72379
266 298 1.30709
266 267 -1.52575
267 299 1.81791
267 268 0.64103
268 300 -0.19266
268 269 -1.15938
269 301 -0.08615
269 270 0.43734
270 302 -0.06929
270 271 -1.67551
271 303 0.26839
271 272 -0.77069
272 304 0.25863
272 273 0.33113
273 305 -0.70853
273 274 -0.84296
274 306 0.50839
274 275 -0.30017
275 307 0.18808
275 276 -0.46131
276 308 1.50608
276 277 0.19718
277 309 0.08166
277 278 -1.15562
278 310 -0.74423
278 279 -0.43956
279 311 0.84396
279 280 0.14194
280 312 -2.50666
280 281 -1.01872
281 313 -0.99993
281 282 0.76361
282 314 1.46385
282 283 -0.17632
283 315 -0.39467
283 284 -1.56945
284 316 -1.56297
284 285 -1.70489
285 317 0.35286
285 286 -0.28945
286 318 -0.35766
286 287 0.27171
287 319 -1.27721
256 287 -1.19036
288 320 1.71782
288 289 -0.43493
289 321 0.06762
289 290 0.85062
290 322 -1.14385
290 291 -0.33874
291 323 0.51621
291 292 2.13337
292 324 0.82339
292 293 -0.52413
293 325 -0.12981
293 294 -0.06107
294 326 -1.12803
294 295 0.15907
295 327 1.91486
295 296 -0.91753
296 328 1.30994
296 297 -1.77025
297 329 -0.16711
297 298 0.60786
298 330 0.76209
298 299 0.48878
299 331 -0.0819
299 300 1.43421
300 332 0.1615
300 301 0.85922
301 333 -0.73869
301 302 0.79484
302 334 0.45734
302 303 -0.03077
303 335 -1.45339
303 304 -1.28735
304 336 -1.87262
304 305 1.90363
305 337 0.65636
305 306 0.65385
306 338 -0.45205
306 307 0.17035
307 339 -0.00021
307 308 -1.50491
308 340 1.11814
308 309 0.07428
309 341 0.06596
309 310 -0.10527
310 342 0.31655
310 311 0.5615
311 343 0.90584
311 312 0.71524
312 344 -1.65881
312 313 -0.76306
313 345 -0.5003
313 314 1.83001
314 346 -0.34476
314 315 -1.02616
315 347 0.53997
315 316 0.95192
316 348 -0.29982
316 317 -3.01383
317 349 -2.50785
317 318 0.68171
318 350 0.76852
318 319 -0.45268
319 351 0.43551
288 319 1.30698
320 352 1.27434
320 321 -0.78432
321 353 -1.19888
321 322 1.20825
322 354 0.43736
322 323 -0.7818
323 355 -0.0835
323 324 -0.05142
324 356 1.1133
324 325 -0.21538
325 357 -0.25079
325 326 0.81617
326 358 -1.06211
326 327 1.07805
327 359 1.0173
327 328 -0.27274
328 360 -0.37896
328 329 1.27455
329 361 0.87874
329 330 0.43864
330 362 0.49255
330 331 -0.60764
331 363 0.21141
331 332 1.73443
332 364 0.13431
332 333 0.78618
333 365 1.16998
333 334 1.40397
334 366 -0.61558
334 335 1.98796
335 367 -0.88463
335 336 -1.38761
336 368 -0.62386
336 337 -0.34259
337 369 0.68738
337 338 0.81736
338 370 0.59003
338 339 -1.57864
339 371 -0.14341
339 340 0.86804
340 372 -2.55326
340 341 1.04819
341 373 0.56177
341 342 -0.0227
342 374 -1.66039
342 343 0.06063
343 375 0.17464
343 344 -0.04021
344 376 0.24212
344 345 1.86416
345 377 1.63906
345 346 0.30493
346 378 -0.10743
346 347 0.54538
347 379 -1.31849
347 348 -0.20239
348 380 0.12453
348 349 -1.03442
349 381 -0.97906
349 350 -1.03434
350 382 0.06953
350 351 1.24753
351 383 0.79929
320 351 0.8827
352 384 -0.28593
352 353 1.86416
353 385 0.53779
353 354 -0.85735
354 386 -0.53589
354 355 -3.06487
355 387 -0.59066
355 356 1.12121
356 388 -0.45052
356 357 -0.64967
357 389 -0.34128
357 358 -0.69324
358 390 -1.68071
358 359 -0.73036
359 391 -0.63579
359 360 1.66217
360 392 0.26803
360 361 0.30139
361 393 -0.19965
361 362 -0.06544
362 394 -1.13932
362 363 -1.68265
363 395 0.08182
363 364 0.14547
364 396 1.95399
364 365 -0.99687
365 397 -2.15993
365 366 -0.53824
366 398 0.44576
366 367 -1.13026
367 399 -1.97962
367 368 -0.17657
368 400 0.03312
368 369 -0.00413
369 401 -0.72463
369 370 -0.90253
370 402 1.20015
370 371 -0.61099
371 403 0.04312
371 372 -0.91123
372 404 -1.52154
372 373 -1.71469
373 405 -0.30956
373 374 0.20766
374 406 0.51528
374 375 1.16326
375 407 -1.35769
375 376 1.60886
376 408 -0.65451
376 377 -0.45601
377 409 -0.86729
377 378 0.84878
378 410 0.04957
378 379 -1.63718
379 411 -1.81232
379 380 0.89142
380 412 -0.88446
380 381 -0.77406
381 413 -0.367
381 382 -1.14179
382 414 1.51546
382 383 -0.40221
383 415 -2.79212
352 383 1.32324
384 416 0.67142
384 385 -0.21096
385 417 0.33788
385 386 0.30826
386 418 0.58968
386 387 0.19232
387 419 -0.91458
387 388 -0.26798
388 420 -0.56135
388 389 -0.20306
389 421 -1.59621
389 390 -0.3082
390 422 0.06145
390 391 -1.16022
391 423 -0.79475
391 392 -0.84685
392 424 1.35406
392 393 0.73765
393 425 -0.29147
393 394 -0.54164
394 426 0.19801
394 395 0.15854
395 427 -0.72918
395 396 -0.75931
396 428 0.54074
396 397 0.04176
397 429 1.35943
397 398 1.12037
398 430 0.72857
398 399 -0.5168
399 431 -0.81847
399 400 -0.54889
400 432 -0.07596
400 401 0.71083
401 433 1.12004
401 402 0.54037
402 434 0.71702
402 403 0.63262
403 435 0.03295
403 404 -0.63978
404 436 -1.28641
404 405 2.29206
405 437 0.82783
405 406 -0.52968
406 438 -1.37593
406 407 0.24674
407 439 -0.42554
407 408 -0.31658
408 440 0.4005
408 409 -0.31386
409 441 -0.19542
409 410 -1.26767
410 442 -0.71846
410 411 -1.81856
411 443 -1.92533
411 412 -0.79638
412 444 -0.33863
412 413 0.0921
413 445 1.12229
413 414 1.02466
414 446 1.22977
414 415 -0.49172
415 447 -1.60077
384 415 -0.69845
416 448 1.71028
416 417 -0.14235
417 449 -0.23216
417 418 -0.44716
418 450 1.0302
418 419 -0.62428
419 451 -0.72927
419 420 0.14311
420 452 0.7952
420 421 -0.64786
421 453 0.64801
421 422 0.17975
422 454 -0.16385
422 423 1.20702
423 455 0.75119
423 424 -0.61294
424 456 1.18944
424 425 -1.33482
425 457 0.2164
425 426 2.23142
426 458 0.72992
426 427 -0.32068
427 459 0.88651
427 428 -0.06253
428 460 -2.21937
428 429 -0.71047
429 461 -0.26664
429 430 -1.14075
430 462 0.62749
430 431 -1.17835
431 463 -2.10665
431 432 -0.23742
432 464 -0.9801
432 433 -0.72506
433 465 -0.37439
433 434 -0.17422
434 466 0.54928
434 435 0.25304
435 467 -0.30141
435 436 -1.16767
436 468 -0.06785
436 437 -1.61026
437 469 -0.43039
437 438 -0.16423
438 470 -0.69453
438 439 1.10701
439 471 -0.04872
439 440 0.56443
440 472 0.80749
440 441 0.8124
441 473 0.60669
441 442 -1.09031
442 474 0.0933
442 443 0.1145
443 475 1.37129
443 444 -0.23012
444 476 -1.48653
444 445 1.28672
445 477 -0.97833
445 446 1.60053
446 478 0.64406
446 447 -2.11693
447 479 -1.37172
416 447 0.58382
448 480 0.52274
448 449 -0.55798
449 481 -1.03666
449 450 -0.31632
450 482 -0.17514
450 451 1.48698
451 483 0.92249
451 452 1.41102
452 484 1.18153
452 453 -1.4182
453 485 2.07149
453 454 0.37435
454 486 0.72815
454 455 -0.2468
455 487 1.21042
455 456 1.93014
456 488 -0.24067
456 457 -0.06071
457 489 -0.217
457 458 -2.09988
458 490 0.02167
458 459 -0.09627
459 491 -1.37848
459 460 -0.65347
460 492 -0.60227
460 461 0.01522
461 493 0.34492
461 462 -0.80307
462 494 -0.93047
462 463 -0.45692
463 495 0.59945
463 464 -0.23675
464 496 -0.32407
464 465 0.87207
465 497 -0.84682
465 466 -1.31224
466 498 -1.48258
466 467 1.16008
467 499 1.91408
467 468 0.61404
468 500 -1.38332
468 469 1.31167
469 501 -0.0024
469 470 0.12171
470 502 0.75974
470 471 1.55811
471 503 0.20066
471 472 1.4182
472 504 0.35531
472 473 0.84698
473 505 -1.05617
473 474 0.2598
474 506 0.4952
474 475 -1.15066
475 507 1.44068
475 476 -0.47891
476 508 -1.42075
476 477 0.07351
477 509 -1.09874
477 478 0.50589
478 510 0.04874
478 479 -0.34634
479 511 -1.11189
448 479 2.16624
480 512 -0.14095
480 481 0.54098
481 513 -1.69932
481 482 -0.11581
482 514 -1.55245
482 483 -1.8657
483 515 -0.47671
483 484 -0.6341
484 516 -0.41832
484 485 -0.14209
485 517 -1.34603
485 486 -0.05649
486 518 0.30241
486 487 2.16265
487 519 -0.37446
487 488 -0.32317
488 520 -0.82259
488 489 -0.10987
489 521 -0.09022
489 490 0.5651
490 522 -0.07181
490 491 -1.98684
491 523 0.16178
491 492 0.47686
492 524 -0.25498
492 493 0.01542
493 525 -1.47368
493 494 -1.38757
494 526 1.28486
494 495 -0.80071
495 527 -0.87081
495 496 -0.1381
496 528 0.89347
496 497 1.31501
497 529 -0.41219
497 498 0.05794
498 530 0.33037
498 499 1.20635
499 531 1.85319
499 500 1.3972
500 532 0.16289
500 501 -0.82473
501 533 -0.65598
501 502 -0.51941
502 534 -1.04918
502 503 0.87853
503 535 0.70383
503 504 0.72891
504 536 0.26594
504 505 -0.12357
505 537 -2.26641
505 506 0.1285
506 538 0.13357
506 507 1.66088
507 539 -1.41811
507 508 0.64833
508 540 0.35839
508 509 -0.11059
509 541 0.05623
509 510 -0.3819
510 542 -0.12863
510 511 1.61717
511 543 -0.25088
480 511 0.79586
512 544 0.50354
512 513 0.03114
513 545 0.13918
513 514 1.36241
514 546 0.13262
514 515 0.10591
515 547 -0.74878
515 516 -1.27336
516 548 -0.17018
516 517 0.24726
517 549 0.93404
517 518 -0.74744
518 550 0.4949
518 519 -0.49283
519 551 0.07449
519 520 1.48531
520 552 1.57015
520 521 0.76104
521 553 0.21055
521 522 0.84493
522 554 -0.91645
522 523 -0.8099
523 555 -0.03333
523 524 0.51218
524 556 0.71358
524 525 0.92711
525 557 0.4746
525 526 -0.52903
526 558 -1.3307
526 527 -2.40677
527 559 0.40031
527 528 -1.50817
528 560 -1.09864
528 529 0.35763
529 561 -0.16715
529 530 0.12997
530 562 1.09774
530 531 0.09936
531 563 -0.95078
531 532 -0.75269
532 564 0.01111
532 533 -0.8604
533 565 0.63797
533 534 -0.01192
534 566 -2.66783
534 535 0.09692
535 567 -1.39926
535 536 0.63989
536 568 1.56749
536 537 0.55604
537 569 -0.16381
537 538 0.95129
538 570 -0.12189
538 539 -0.50654
539 571 1.44003
539 540 -0.87331
540 572 -0.01052
540 541 -1.16901
541 573 -0.7224
541 542 1.65674
542 574 -0.85384
542 543 -1.48066
543 575 -1.31146
512 543 -0.90133
544 576 -0.06508
544 545 1.48535
545 577 -0.82149
545 546 0.5484
546 578 -0.44859
546 547 0.61455
547 579 2.97745
547 548 -1.9376
548 580 -0.23671
548 549 0.63688
549 581 -0.08512
549 550 -1.78732
550 582 0.43074
550 551 -0.42912
551 583 0.00078
551 552 -0.72251
552 584 -1.55343
552 553 -1.44988
553 585 1.721
553 554 -1.91721
554 586 0.71299
554 555 0.33516
555 587 -0.12759
555 556 0.06063
556 588 1.36868
556 557 -0.73044
557 589 1.75989
557 558 1.98461
558 590 0.36843
558 559 -0.75243
559 591 1.33535
559 560 0.67297
560 592 -1.15876
560 561 0.80659
561 593 -0.28057
561 562 0.22637
562 594 0.26674
562 563 1.184
563 595 0.05218
563 564 -1.17375
564 596 0.1536
564 565 0.16515
565 597 0.18411
565 566 -1.46807
566 598 -0.20029
566 567 0.62673
567 599 -0.6681
567 568 -0.98738
568 600 0.46421
568 569 1.32883
569 601 -2.05979
569 570 1.39647
570 602 -0.27048
570 571 0.96328
571 603 -1.62892
571 572 0.17084
572 604 0.95033
572 573 0.53451
573 605 -0.91875
573 574 -1.04567
574 606 -1.64005
574 575 1.30574
575 607 1.71736
544 575 0.14063
576 608 0.92425
576 577 -1.86966
577 609 0.45473
577 578 -0.26855
578 610 0.07376
578 579 0.07133
579 611 -0.39146
579 580 2.27576
580 612 -1.02064
580 581 0.63269
581 613 0.64649
581 582 2.38584
582 614 0.94873
582 583 0.29832
583 615 -0.36552
583 584 -0.18972
584 616 -0.02322
584 585 2.10662
585 617 0.75884
585 586 2.34403
586 618 0.14281
586 587 0.06894
587 619 -0.00293
587 588 2.44515
588 620 0.07337
588 589 -0.9122
589 621 0.11677
589 590 -0.15235
590 622 -0.09709
590 591 -2.60683
591 623 -1.05062
591 592 -1.68942
592 624 -1.86001
592 593 -0.43257
593 625 1.70559
593 594 -1.92512
594 626 -0.5304
594 595 0.098
595 627 -0.23295
595 596 -0.19558
596 628 -1.93527
596 597 -1.76772
597 629 -0.69525
597 598 2.056
598 630 -0.15485
598 599 0.41649
599 631 0.77842
599 600 1.06984
600 632 -1.52065
600 601 -0.13087
601 633 -1.26535
601 602 -0.60541
602 634 -0.11406
602 603 0.9614
603 635 1.22542
603 604 0.57633
604 636 -0.7315
604 605 -0.73405
605 637 0.89015
605 606 -0.71634
606 638 -0.31702
606 607 1.21421
607 639 -0.23052
576 607 -0.80226
608 640 -2.12866
608 609 -1.39327
609 641 0.64002
609 610 -1.43225
610 642 1.50846
610 611 -0.63918
611 643 1.59354
611 612 -0.20944
612 644 -0.11882
612 613 -0.00262
613 645 -0.21599
613 614 -0.557
614 646 -0.79027
614 615 0.19058
615 647 1.09494
615 616 0.14687
616 648 -2.40855
616 617 -0.10593
617 649 1.16408
617 618 -0.41727
618 650 -0.01165
618 619 -1.76816
619 651 0.09976
619 620 -0.08338
620 652 -1.30236
620 621 1.37436
621 653 0.74692
621 622 0.08639
622 654 -0.92361
622 623 -0.83193
623 655 0.19137
623 624 -0.77171
624 656 0.57967
624 625 -1.10855
625 657 0.70664
625 626 -1.05103
626 658 0.51871
626 627 -0.75673
627 659 0.18621
627 628 -0.13219
628 660 -1.21721
628 629 0.57212
629 661 0.10743
629 630 1.55346
630 662 -2.07238
630 631 -0.15435
631 663 1.44267
631 632 1.30573
632 664 -0.87821
632 633 1.0197
633 665 -0.92513
633 634 0.07275
634 666 -0.46306
634 635 0.68793
635 667 0.27662
635 636 -0.96543
636 668 0.9719
636 637 -1.07378
637 669 0.1155
637 638 -0.67714
638 670 -0.45974
638 639 1.02752
639 671 -1.38578
608 639 1.75012
640 672 0.67884
640 641 -2.2263
641 673 1.54586
641 642 -1.16371
642 674 1.53886
642 643 -1.41842
643 675 -1.22156
643 644 -0.14987
644 676 -2.01711
644 645 1.95032
645 677 0.44785
645 646 0.8714
646 678 -1.48268
646 647 -0.73713
647 679 0.36373
647 648 0.63977
648 680 0.55978
648 649 2.53733
649 681 -1.27469
649 650 1.68654
650 682 -1.22372
650 651 0.01732
651 683 -0.3699
651 652 1.96507
652 684 0.61682
652 653 -0.19714
653 685 0.97969
653 654 1.25902
654 686 -1.23335
654 655 -0.76521
655 687 -0.02337
655 656 0.20359
656 688 0.75484
656 657 0.01087
657 689 -0.57791
657 658 -0.49952
658 690 -0.64834
658 659 2.68278
659 691 0.9717
659 660 -0.27716
660 692 -0.66623
660 661 0.28544
661 693 0.64495
661 662 -0.35095
662 694 0.33328
662 663 1.85267
663 695 0.50346
663 664 2.0244
664 696 -0.6837
664 665 -0.57168
665 697 -0.34671
665 666 -0.80107
666 698 -0.21478
666 667 -0.58804
667 699 2.31862
667 668 -0.27394
668 700 0.90187
668 669 0.65639
669 701 -0.44771
669 670 -1.17568
670 702 0.14166
670 671 -1.93112
671 703 0.85212
640 671 -1.17008
672 704 0.49258
672 673 -0.51187
673 705 0.70647
673 674 -0.53766
674 706 0.27335
674 675 -0.01966
675 707 0.64142
675 676 0.89585
676 708 -0.20634
676 677 -1.10417
677 709 0.89932
677 678 1.21662
678 710 -2.61683
678 679 -1.84807
679 711 2.14293
679 680 1.41916
680 712 0.59674
680 681 -0.92862
681 713 0.35897
681 682 0.80079
682 714 0.48239
682 683 0.46231
683 715 -1.32125
683 684 -0.50758
684 716 -1.26693
684 685 -0.58851
685 717 -0.34935
685 686 -2.75522
686 718 0.59924
686 687 1.07961
687 719 0.64479
687 688 2.14992
688 720 0.11836
688 689 -0.25963
689 721 -0.58744
689 690 -1.23257
690 722 0.5514
690 691 -0.0443
691 723 -0.83247
691 692 -0.33887
692 724 0.56872
692 693 -0.02763
693 725 1.13599
693 694 -0.30764
694 726 0.34819
694 695 1.22762
695 727 -0.75373
695 696 -1.55884
696 728 -0.78452
696 697 0.53647
697 729 1.51045
697 698 0.80523
698 730 1.32614
698 699 -1.22362
699 731 0.70942
699 700 -0.81387
700 732 -1.69794
700 701 -0.2475
701 733 2.20178
701 702 1.15042
702 734 -0.31459
702 703 -0.05267
703 735 -1.06652
672 703 -0.12204
704 736 -0.12493
704 705 1.25023
705 737 1.15821
705 706 -1.42544
706 738 1.75847
706 707 -2.61415
707 739 1.16716
707 708 0.54392
708 740 -2.53858
708 709 0.94354
709 741 0.60451
709 710 0.3083
710 742 0.17613
710 711 -1.89293
711 743 -1.0614
711 712 -1.3497
712 744 -1.07989
712 713 -0.8247
713 745 -0.34116
713 714 0.4878
714 746 0.25213
714 715 0.28589
715 747 0.49958
715 716 0.21964
716 748 0.36368
716 717 0.49991
717 749 -0.59546
717 718 1.57911
718 750 0.0714
718 719 0.60453
719 751 0.86165
719 720 -0.16655
720 752 1.54134
720 721 0.66301
721 753 -0.04635
721 722 0.66629
722 754 0.50637
722 723 0.50475
723 755 -1.336
723 724 -1.74282
724 756 2.05317
724 725 -0.52367
725 757 0.86129
725 726 0.60214
726 758 1.14
726 727 1.49171
727 759 -1.79673
727 728 -0.4611
728 760 -0.18179
728 729 0.36629
729 761 0.41044
729 730 -0.43254
730 762 2.33167
730 731 0.58124
731 763 1.29909
731 732 0.06547
732 764 0.10927
732 733 0.41569
733 765 -0.50367
733 734 -0.26257
734 766 1.54533
734 735 -0.63117
735 767 0.7032
704 735 -0.18277
736 768 2.49966
736 737 0.42113
737 769 0.80164
737 738 -0.39876
738 770 -0.60266
738 739 -0.76733
739 771 -2.0123
739 740 0.0929
740 772 0.93268
740 741 -1.46732
741 773 -0.31479
741 742 -1.40495
742 774 1.04377
742 743 -0.2099
743 775 1.30304
743 744 -0.88244
744 776 -1.81902
744 745 0.32274
745 777 0.75865
745 746 0.00029
746 778 -0.84996
746 747 -0.45315
747 779 -0.70053
747 748 0.15911
748 780 0.2537
748 749 -1.05101
749 781 0.11091
749 750 1.39703
750 782 -0.01713
750 751 0.53088
751 783 1.26857
751 752 -0.78383
752 784 -0.46886
752 753 1.93483
753 785 0.9334
753 754 -0.00976
754 786 -1.25544
754 755 0.74375
755 787 1.51361
755 756 0.68887
756 788 0.58379
756 757 -0.09667
757 789 0.62402
757 758 -0.50663
758 790 0.76535
758 759 -0.53032
759 791 -0.0747
759 760 1.30505
760 792 -0.99819
760 761 -0.14637
761 793 -0.76238
761 762 1.41021
762 794 0.46574
762 763 1.45953
763 795 0.30068
763 764 -1.55067
764 796 -1.1587
764 765 0.18236
765 797 1.01867
765 766 0.83941
766 798 0.43681
766 767 -1.01359
767 799 -1.14264
736 767 0.58611
768 800 -1.16065
768 769 -0.09531
769 801 0.63345
769 770 -2.99279
770 802 0.55209
770 771 -0.55973
771 803 -0.10831
771 772 -0.06788
772 804 1.04601
772 773 1.99057
773 805 -1.60316
773 774 -0.0861
774 806 -0.39051
774 775 0.6456
775 807 0.74273
775 776 -0.35164
776 808 2.09169
776 777 -0.00311
777 809 0.71123
777 778 0.7169
778 810 1.04682
778 779 1.38706
779 811 1.7642
779 780 -0.47582
780 812 -0.67654
780 781 -0.09118
781 813 -2.30205
781 782 1.0374
782 814 0.01107
782 783 0.12027
783 815 0.30729
783 784 -1.30591
784 816 -2.21175
784 785 0.54066
785 817 -0.1175
785 786 -1.03422
786 818 -0.3038
786 787 -0.75802
787 819 0.93759
787 788 0.65104
788 820 1.49502
788 789 -1.58051
789 821 -1.37236
789 790 0.40955
790 822 -0.37568
790 791 -0.0959
791 823 1.31468
791 792 0.24689
792 824 1.86142
792 793 1.1794
793 825 -1.19998
793 794 1.77445
794 826 -0.04575
794 795 -0.47351
795 827 -0.08804
795 796 -0.63368
796 828 -0.11319
796 797 -1.09121
797 829 -0.53714
797 798 -2.2022
798 830 -1.24673
798 799 -0.85079
799 831 -0.32739
768 799 0.57634
800 832 -0.89676
800 801 -0.11396
801 833 0.42938
801 802 -0.04065
802 834 -0.77967
802 803 1.77557
803 835 -0.20206
803 804 -1.08655
804 836 -0.21691
804 805 1.30066
805 837 -0.02502
805 806 0.15987
806 838 -2.9545
806 807 1.1714
807 839 -1.07844
807 808 -1.07974
808 840 -0.11701
808 809 -0.40717
809 841 0.63623
809 810 -0.57488
810 842 -0.02643
810 811 1.56278
811 843 0.57837
811 812 -0.58344
812 844 0.51903
812 813 0.83199
813 845 -0.10438
813 814 -0.34678
814 846 1.74345
814 815 1.37617
815 847 1.18729
815 816 -1.10015
816 848 0.01631
816 817 0.13549
817 849 -0.39692
817 818 -0.16053
818 850 -1.68736
818 819 -0.56441
819 851 -1.19025
819 820 -1.02971
820 852 0.11412
820 821 -0.08567
821 853 -1.68819
821 822 -0.92936
822 854 1.49613
822 823 0.84946
823 855 -0.57053
823 824 -0.55218
824 856 -0.65304
824 825 0.376
825 857 0.08022
825 826 0.90452
826 858 -0.13996
826 827 -0.99735
827 859 0.61275
827 828 0.39909
828 860 0.01507
828 829 -0.60801
829 861 -0.73734
829 830 0.19817
830 862 -1.00641
830 831 -0.4402
831 863 -1.13057
800 831 -1.04985
832 864 -0.36615
832 833 -0.34387
833 865 1.25559
833 834 -0.66076
834 866 -1.12376
834 835 0.84793
835 867 -1.12885
835 836 0.73056
836 868 -0.01305
836 837 0.42979
837 869 1.32336
837 838 -0.65262
838 870 1.94772
838 839 -0.98542
839 871 -0.99261
839 840 0.35565
840 872 0.79619
840 841 1.22306
841 873 0.65369
841 842 2.22065
842 874 -0.55555
842 843 -0.18469
843 875 -0.93108
843 844 1.82408
844 876 2.04898
844 845 -0.29842
845 877 0.28221
845 846 1.43444
846 878 -1.30893
846 847 1.39505
847 879 -1.10972
847 848 -0.03667
848 880 1.51768
848 849 1.12834
849 881 0.22977
849 850 -0.25588
850 882 1.31286
850 851 -0.39752
851 883 0.82732
851 852 -1.50198
852 884 -1.27341
852 853 -1.77519
853 885 -0.74975
853 854 -0.33562
854 886 0.87265
854 855 -2.56137
855 887 0.51872
855 856 -0.77431
856 888 -0.98466
856 857 -0.2737
857 889 -1.2084
857 858 -0.24657
858 890 1.10446
858 859 2.21648
859 891 0.58394
859 860 -0.59199
860 892 0.23748
860 861 1.56611
861 893 -0.10928
861 862 -0.50456
862 894 1.22091
862 863 -0.23538
863 895 0.23683
832 863 0.53464
864 896 0.39156
864 865 -1.53267
865 897 1.35198
865 866 -0.71482
866 898 -0.46076
866 867 1.21235
867 899 0.56194
867 868 -0.35016
868 900 -0.3619
868 869 -2.1696
869 901 -0.23234
869 870 1.36966
870 902 0.74972
870 871 -0.30494
871 903 0.33799
871 872 1.95414
872 904 0.591
872 873 -0.1808
873 905 -0.33262
873 874 -0.17503
874 906 -0.98987
874 875 -0.45458
875 907 0.95248
875 876 0.64599
876 908 -2.3089
876 877 -0.24894
877 909 -0.71398
877 878 0.24991
878 910 -0.63815
878 879 0.25958
879 911 0.82233
879 880 -0.0869
880 912 0.25421
880 881 0.24232
881 913 1.88335
881 882 0.26653
882 914 0.73341
882 883 -0.828
883 915 1.06828
883 884 0.37563
884 916 -0.86837
884 885 0.20035
885 917 -0.09313
885 886 0.60983
886 918 0.51107
886 887 0.86169
887 919 -0.16035
887 888 0.0661
888 920 0.5351
888 889 -0.05082
889 921 0.02661
889 890 1.18997
890 922 0.26172
890 891 -0.49006
891 923 1.92498
891 892 -0.67563
892 924 2.26067
892 893 0.56685
893 925 -0.65638
893 894 -0.96238
894 926 -0.92572
894 895 0.77752
895 927 -0.78059
864 895 -0.66422
896 928 0.66648
896 897 -0.8658
897 929 -0.29408
897 898 -0.30198
898 930 -2.55083
898 899 -0.39309
899 931 0.4128
899 900 0.05456
900 932 -1.19002
900 901 -0.29425
901 933 -0.50209
901 902 -1.31365
902 934 -0.12511
902 903 -1.0036
903 935 -2.26472
903 904 -1.10623
904 936 -1.08314
904 905 0.68314
905 937 0.50633
905 906 2.45167
906 938 1.0021
906 907 0.70372
907 939 1.87971
907 908 1.83959
908 940 -0.04034
908 909 2.28194
909 941 -0.76113
909 910 1.82047
910 942 0.73973
910 911 1.33695
911 943 -1.14156
911 912 1.55671
912 944 -0.99816
912 913 -1.49986
913 945 1.33847
913 914 0.62204
914 946 -1.26816
914 915 -0.29073
915 947 -1.85331
915 916 -0.93551
916 948 0.48137
916 917 -0.95362
917 949 0.43969
917 918 0.3064
918 950 0.27697
918 919 1.1628
919 951 0.31836
919 920 1.42267
920 952 0.47357
920 921 -0.00368
921 953 0.55494
921 922 -0.95592
922 954 -0.62455
922 923 0.2896
923 955 0.83586
923 924 -0.28205
924 956 -0.56754
924 925 -1.38639
925 957 -0.36847
925 926 0.92723
926 958 -0.53448
926 927 0.46738
927 959 -1.71264
896 927 0.20917
928 960 -0.12243
928 929 0.11665
929 961 0.65673
929 930 -1.1753
930 962 -1.07485
930 931 0.215
931 963 -0.61285
931 932 0.74715
932 964 2.27977
932 933 -0.90378
933 965 -0.84081
933 934 -0.21796
934 966 0.26798
934 935 0.23328
935 967 0.83835
935 936 -0.61878
936 968 0.33363
936 937 -0.14015
937 969 1.35531
937 938 0.27271
938 970 0.4574
938 939 1.80742
939 971 -0.07044
939 940 -2.91091
940 972 -0.22035
940 941 -0.09126
941 973 0.89591
941 942 1.00568
942 974 -0.01627
942 943 1.17718
943 975 -1.29283
943 944 -1.25326
944 976 -0.3177
944 945 -1.26432
945 977 -0.56844
945 946 0.13999
946 978 0.06748
946 947 -0.47728
947 979 0.12442
947 948 -0.42501
948 980 -1.76764
948 949 2.11599
949 981 0.2568
949 950 -0.54981
950 982 0.33341
950 951 0.62991
951 983 0.45448
951 952 -0.75406
952 984 0.17785
952 953 0.3244
953 985 -1.08641
953 954 -1.70451
954 986 1.10315
954 955 0.86275
955 987 1.10758
955 956 0.40653
956 988 -0.31842
956 957 -0.47632
957 989 -0.31563
957 958 -0.1527
958 990 -0.5812
958 959 2.40372
959 991 1.61834
928 959 -1.18941
960 992 1.88455
960 961 -0.4433
961 993 -1.29047
961 962 1.28447
962 994 3.04849
962 963 0.32062
963 995 -1.04908
963 964 0.73204
964 996 -0.48741
964 965 -0.67377
965 997 -0.16008
965 966 0.34516
966 998 -2.16766
966 967 1.42489
967 999 -0.82197
967 968 0.94488
968 1000 -0.07339
968 969 0.32248
969 1001 -0.14229
969 970 0.74026
970 1002 1.03017
970 971 -0.82971
971 1003 2.11867
971 972 -0.19614
972 1004 -0.07552
972 973 0.12163
973 1005 -0.43064
973 974 0.01989
974 1006 1.37778
974 975 0.46351
975 1007 -0.0951
975 976 0.85357
976 1008 -0.22479
976 977 -1.30768
977 1009 -1.50919
977 978 -0.97981
978 1010 -1.53482
978 979 1.16334
979 1011 -0.69627
979 980 -0.06692
980 1012 -1.36676
980 981 1.08645
981 1013 -1.05691
981 982 -0.12856
982 1014 0.36146
982 983 -0.97028
983 1015 -0.25823
983 984 -1.68346
984 1016 -0.22003
984 985 -3.22336
985 1017 -1.58345
985 986 -0.71893
986 1018 -1.03379
986 987 -1.39895
987 1019 -0.87338
987 988 -0.46625
988 1020 0.58146
988 989 -2.48801
989 1021 -0.13535
989 990 -0.87547
990 1022 -0.10003
990 991 -0.52185
991 1023 -1.62714
960 991 0.05449
0 992 -0.86483
992 993 1.1492
1 993 -0.01085
993 994 1.18674
2 994 -0.69827
994 995 -0.48066
3 995 0.79829
995 996 0.20334
4 996 -0.03284
996 997 1.31316
5 997 0.27001
997 998 -1.15265
6 998 -0.12512
998 999 -0.10555
7 999 0.06572
999 1000 -0.77258
8 1000 0.73962
1000 1001 2.0954
9 1001 0.96471
1001 1002 -1.21284
10 1002 -0.57936
1002 1003 -0.49195
11 1003 0.85254
1003 1004 2.09556
12 1004 0.82077
1004 1005 -0.48534
13 1005 -2.08212
1005 1006 -0.49259
14 1006 1.4047
1006 1007 -1.37866
15 1007 -1.70905
1007 1008 0.24185
16 1008 0.1198
1008 1009 1.47727
17 1009 1.00304
1009 1010 -0.77938
18 1010 1.1155
1010 1011 -0.82595
19 1011 0.86323
1011 1012 0.22494
20 1012 0.96133
1012 1013 -1.51921
21 1013 0.129
1013 1014 -1.13222
22 1014 -2.24643
1014 1015 -0.61602
23 1015 0.48848
1015 1016 0.43687
24 1016 1.05897
1016 1017 -1.18341
25 1017 0.12311
1017 1018 -0.33299
26 1018 0.42275
1018 1019 -0.49655
27 1019 0.41243
1019 1020 -0.06879
28 1020 -0.08476
1020 1021 -0.12717
29 1021 -0.50531
1021 1022 0.92846
30 1022 0.36869
1022 1023 -0.8424
31 1023 1.21107
992 1023 1.29825
