# model=ea2d N=1024 meanJ=0 seed=3017511151 distribution=gaussian field=0 num_fields=1024 num_couplings=2048
0 0
1 0
2 0
3 0
4 0
5 0
6 0
7 0
8 0
9 0
10 0
11 0
12 0
13 0
14 0
15 0
16 0
17 0
18 0
19 0
20 0
21 0
22 0
23 0
24 0
25 0
26 0
27 0
28 0
29 0
30 0
31 0
32 0
33 0
34 0
35 0
36 0
37 0
38 0
39 0
40 0
41 0
42 0
43 0
44 0
45 0
46 0
47 0
48 0
49 0
50 0
51 0
52 0
53 0
54 0
55 0
56 0
57 0
58 0
59 0
60 0
61 0
62 0
63 0
64 0
65 0
66 0
67 0
68 0
69 0
70 0
71 0
72 0
73 0
74 0
75 0
76 0
77 0
78 0
79 0
80 0
81 0
82 0
83 0
84 0
85 0
86 0
87 0
88 0
89 0
90 0
91 0
92 0
93 0
94 0
95 0
96 0
97 0
98 0
99 0
100 0
101 0
102 0
103 0
104 0
105 0
106 0
107 0
108 0
109 0
110 0
111 0
112 0
113 0
114 0
115 0
116 0
117 0
118 0
119 0
120 0
121 0
122 0
123 0
124 0
125 0
126 0
127 0
128 0
129 0
130 0
131 0
132 0
133 0
134 0
135 0
136 0
137 0
138 0
139 0
140 0
141 0
142 0
143 0
144 0
145 0
146 0
147 0
148 0
149 0
150 0
151 0
152 0
153 0
154 0
155 0
156 0
157 0
158 0
159 0
160 0
161 0
162 0
163 0
164 0
165 0
166 0
167 0
168 0
169 0
170 0
171 0
172 0
173 0
174 0
175 0
176 0
177 0
178 0
179 0
180 0
181 0
182 0
183 0
184 0
185 0
186 0
187 0
188 0
189 0
190 0
191 0
192 0
193 0
194 0
195 0
196 0
197 0
198 0
199 0
200 0
201 0
202 0
203 0
204 0
205 0
206 0
207 0
208 0
209 0
210 0
211 0
212 0
213 0
214 0
215 0
216 0
217 0
218 0
219 0
220 0
221 0
222 0
223 0
224 0
225 0
226 0
227 0
228 0
229 0
230 0
231 0
232 0
233 0
234 0
235 0
236 0
237 0
238 0
239 0
240 0
241 0
242 0
243 0
244 0
245 0
246 0
247 0
248 0
249 0
250 0
251 0
252 0
253 0
254 0
255 0
256 0
257 0
258 0
259 0
260 0
261 0
262 0
263 0
264 0
265 0
266 0
267 0
268 0
269 0
270 0
271 0
272 0
273 0
274 0
275 0
276 0
277 0
278 0
279 0
280 0
281 0
282 0
283 0
284 0
285 0
286 0
287 0
288 0
289 0
290 0
291 0
292 0
293 0
294 0
295 0
296 0
297 0
298 0
299 0
300 0
301 0
302 0
303 0
304 0
305 0
306 0
307 0
308 0
309 0
310 0
311 0
312 0
313 0
314 0
315 0
316 0
317 0
318 0
319 0
320 0
321 0
322 0
323 0
324 0
325 0
326 0
327 0
328 0
329 0
330 0
331 0
332 0
333 0
334 0
335 0
336 0
337 0
338 0
339 0
340 0
341 0
342 0
343 0
344 0
345 0
346 0
347 0
348 0
349 0
350 0
351 0
352 0
353 0
354 0
355 0
356 0
357 0
358 0
359 0
360 0
361 0
362 0
363 0
364 0
365 0
366 0
367 0
368 0
369 0
370 0
371 0
372 0
373 0
374 0
375 0
376 0
377 0
378 0
379 0
380 0
381 0
382 0
383 0
384 0
385 0
386 0
387 0
388 0
389 0
390 0
391 0
392 0
393 0
394 0
395 0
396 0
397 0
398 0
399 0
400 0
401 0
402 0
403 0
404 0
405 0
406 0
407 0
408 0
409 0
410 0
411 0
412 0
413 0
414 0
415 0
416 0
417 0
418 0
419 0
420 0
421 0
422 0
423 0
424 0
425 0
426 0
427 0
428 0
429 0
430 0
431 0
432 0
433 0
434 0
435 0
436 0
437 0
438 0
439 0
440 0
441 0
442 0
443 0
444 0
445 0
446 0
447 0
448 0
449 0
450 0
451 0
452 0
453 0
454 0
455 0
456 0
457 0
458 0
459 0
460 0
461 0
462 0
463 0
464 0
465 0
466 0
467 0
468 0
469 0
470 0
471 0
472 0
473 0
474 0
475 0
476 0
477 0
478 0
479 0
480 0
481 0
482 0
483 0
484 0
485 0
486 0
487 0
488 0
489 0
490 0
491 0
492 0
493 0
494 0
495 0
496 0
497 0
498 0
499 0
500 0
501 0
502 0
503 0
504 0
505 0
506 0
507 0
508 0
509 0
510 0
511 0
512 0
513 0
514 0
515 0
516 0
517 0
518 0
519 0
520 0
521 0
522 0
523 0
524 0
525 0
526 0
527 0
528 0
529 0
530 0
531 0
532 0
533 0
534 0
535 0
536 0
537 0
538 0
539 0
540 0
541 0
542 0
543 0
544 0
545 0
546 0
547 0
548 0
549 0
550 0
551 0
552 0
553 0
554 0
555 0
556 0
557 0
558 0
559 0
560 0
561 0
562 0
563 0
564 0
565 0
566 0
567 0
568 0
569 0
570 0
571 0
572 0
573 0
574 0
575 0
576 0
577 0
578 0
579 0
580 0
581 0
582 0
583 0
584 0
585 0
586 0
587 0
588 0
589 0
590 0
591 0
592 0
593 0
594 0
595 0
596 0
597 0
598 0
599 0
600 0
601 0
602 0
603 0
604 0
605 0
606 0
607 0
608 0
609 0
610 0
611 0
612 0
613 0
614 0
615 0
616 0
617 0
618 0
619 0
620 0
621 0
622 0
623 0
624 0
625 0
626 0
627 0
628 0
629 0
630 0
631 0
632 0
633 0
634 0
635 0
636 0
637 0
638 0
639 0
640 0
641 0
642 0
643 0
644 0
645 0
646 0
647 0
648 0
649 0
650 0
651 0
652 0
653 0
654 0
655 0
656 0
657 0
658 0
659 0
660 0
661 0
662 0
663 0
664 0
665 0
666 0
667 0
668 0
669 0
670 0
671 0
672 0
673 0
674 0
675 0
676 0
677 0
678 0
679 0
680 0
681 0
682 0
683 0
684 0
685 0
686 0
687 0
688 0
689 0
690 0
691 0
692 0
693 0
694 0
695 0
696 0
697 0
698 0
699 0
700 0
701 0
702 0
703 0
704 0
705 0
706 0
707 0
708 0
709 0
710 0
711 0
712 0
713 0
714 0
715 0
716 0
717 0
718 0
719 0
720 0
721 0
722 0
723 0
724 0
725 0
726 0
727 0
728 0
729 0
730 0
731 0
732 0
733 0
734 0
735 0
736 0
737 0
738 0
739 0
740 0
741 0
742 0
743 0
744 0
745 0
746 0
747 0
748 0
749 0
750 0
751 0
752 0
753 0
754 0
755 0
756 0
757 0
758 0
759 0
760 0
761 0
762 0
763 0
764 0
765 0
766 0
767 0
768 0
769 0
770 0
771 0
772 0
773 0
774 0
775 0
776 0
777 0
778 0
779 0
780 0
781 0
782 0
783 0
784 0
785 0
786 0
787 0
788 0
789 0
790 0
791 0
792 0
793 0
794 0
795 0
796 0
797 0
798 0
799 0
800 0
801 0
802 0
803 0
804 0
805 0
806 0
807 0
808 0
809 0
810 0
811 0
812 0
813 0
814 0
815 0
816 0
817 0
818 0
819 0
820 0
821 0
822 0
823 0
824 0
825 0
826 0
827 0
828 0
829 0
830 0
831 0
832 0
833 0
834 0
835 0
836 0
837 0
838 0
839 0
840 0
841 0
842 0
843 0
844 0
845 0
846 0
847 0
848 0
849 0
850 0
851 0
852 0
853 0
854 0
855 0
856 0
857 0
858 0
859 0
860 0
861 0
862 0
863 0
864 0
865 0
866 0
867 0
868 0
869 0
870 0
871 0
872 0
873 0
874 0
875 0
876 0
877 0
878 0
879 0
880 0
881 0
882 0
883 0
884 0
885 0
886 0
887 0
888 0
889 0
890 0
891 0
892 0
893 0
894 0
895 0
896 0
897 0
898 0
899 0
900 0
901 0
902 0
903 0
904 0
905 0
906 0
907 0
908 0
909 0
910 0
911 0
912 0
913 0
914 0
915 0
916 0
917 0
918 0
919 0
920 0
921 0
922 0
923 0
924 0
925 0
926 0
927 0
928 0
929 0
930 0
931 0
932 0
933 0
934 0
935 0
936 0
937 0
938 0
939 0
940 0
941 0
942 0
943 0
944 0
945 0
946 0
947 0
948 0
949 0
950 0
951 0
952 0
953 0
954 0
955 0
956 0
957 0
958 0
959 0
960 0
961 0
962 0
963 0
964 0
965 0
966 0
967 0
968 0
969 0
970 0
971 0
972 0
973 0
974 0
975 0
976 0
977 0
978 0
979 0
980 0
981 0
982 0
983 0
984 0
985 0
986 0
987 0
988 0
989 0
990 0
991 0
992 0
993 0
994 0
995 0
996 0
997 0
998 0
999 0
1000 0
1001 0
1002 0
1003 0
1004 0
1005 0
1006 0
1007 0
1008 0
1009 0
1010 0
1011 0
1012 0
1013 0
1014 0
1015 0
1016 0
1017 0
1018 0
1019 0
1020 0
1021 0
1022 0
1023 0
0 32 0.88939
0 1 -0.28936
1 33 -0.18385
1 2 1.12225
2 34 1.60718
2 3 1.61888
3 35 -0.27598
3 4 -0.55065
4 36 -1.74962
4 5 1.10991
5 37 1.10684
5 6 -0.58815
6 38 0.50548
6 7 -0.05042
7 39 -0.24649
7 8 0.06047
8 40 1.58194
8 9 -0.66638
9 41 -1.01728
9 10 -1.33202
10 42 0.53213
10 11 0.44576
11 43 1.4771
11 12 1.3335
12 44 0.30025
12 13 -0.76023
13 45 -0.02107
13 14 0.29159
14 46 0.61988
14 15 -0.60851
15 47 -1.59142
15 16 0.76452
16 48 -0.07049
16 17 -1.43445
17 49 1.06292
17 18 2.04961
18 50 0.18362
18 19 0.35414
19 51 1.10548
19 20 -0.20875
20 52 0.03528
20 21 -0.13655
21 53 -1.13365
21 22 0.34995
22 54 0.13649
22 23 -0.94967
23 55 2.79339
23 24 0.0057
24 56 -0.67828
24 25 0.87329
25 57 0.31814
25 26 1.30489
26 58 2.49879
26 27 -1.65254
27 59 0.97202
27 28 0.58494
28 60 1.13557
28 29 0.11044
29 61 0.19232
29 30 1.44338
30 62 -0.71008
30 31 -0.49178
31 63 -1.36263
0 31 -0.28172
32 64 -2.11796
32 33 1.55496
33 65 -0.34549
33 34 -0.10577
34 66 0.8984
34 35 1.41105
35 67 -0.68502
35 36 -0.44526
36 68 1.72247
36 37 -0.05152
37 69 -0.61753
37 38 -0.72483
38 70 -0.88243
38 39 0.73035
39 71 -0.504
39 40 1.17289
40 72 -1.238
40 41 -0.23711
41 73 -1.75936
41 42 -0.36815
42 74 -0.77125
42 43 -0.15499
43 75 0.96852
43 44 0.35874
44 76 -0.73706
44 45 1.21361
45 77 0.37194
45 46 -0.45486
46 78 -1.80384
46 47 -0.12987
47 79 -0.66515
47 48 -0.49815
48 80 -1.04756
48 49 -1.82191
49 81 -1.23123
49 50 -0.94753
50 82 -0.29358
50 51 0.04387
51 83 -0.68497
51 52 -1.32175
52 84 0.37074
52 53 -0.91677
53 85 -0.59924
53 54 -0.37576
54 86 0.78463
54 55 1.2398
55 87 0.91437
55 56 1.46925
56 88 0.32161
56 57 0.28649
57 89 -0.85227
57 58 -0.01353
58 90 -0.98656
58 59 0.25481
59 91 -0.16738
59 60 1.03981
60 92 -0.28929
60 61 0.3511
61 93 -0.90501
61 62 -0.70185
62 94 -1.10504
62 63 2.20244
63 95 0.58447
32 63 0.49722
64 96 -1.71782
64 65 0.44475
65 97 0.23241
65 66 -2.00382
66 98 0.17616
66 67 -1.96249
67 99 0.78183
67 68 -0.11612
68 100 1.0407
68 69 -1.27586
69 101 -0.23413
69 70 0.10279
70 102 1.23465
70 71 -1.26124
71 103 -0.16786
71 72 -2.1119
72 104 0.89161
72 73 0.52829
73 105 -1.4129
73 74 -0.44162
74 106 -1.23616
74 75 -0.94242
75 107 0.7545
75 76 -0.73961
76 108 1.72937
76 77 -0.59085
77 109 -1.48438
77 78 1.44506
78 110 1.13323
78 79 -0.78873
79 111 -0.64058
79 80 -0.97996
80 112 -0.37442
80 81 -0.8648
81 113 0.53212
81 82 0.65481
82 114 1.06177
82 83 0.3916
83 115 -1.07891
83 84 0.61794
84 116 0.50486
84 85 -2.0878
85 117 -1.34702
85 86 -1.49083
86 118 0.34355
86 87 0.97418
87 119 -0.00854
87 88 0.90904
88 120 0.32442
88 89 -0.64794
89 121 -0.9756
89 90 0.12052
90 122 0.07529
90 91 -0.12599
91 123 -1.75298
91 92 0.54221
92 124 -1.23467
92 93 -0.45918
93 125 1.53398
93 94 -0.8938
94 126 0.01371
94 95 -0.69206
95 127 0.14623
64 95 -1.39572
96 128 0.40275
96 97 -2.45622
97 129 0.29563
97 98 -0.36542
98 130 -1.21549
98 99 -0.88321
99 131 1.92033
99 100 0.09717
100 132 -0.44171
100 101 0.01339
101 133 -1.57667
101 102 -0.24192
102 134 -0.72787
102 103 0.12384
103 135 -0.68237
103 104 0.45185
104 136 -1.60888
104 105 0.93605
105 137 -0.8799
105 106 0.95872
106 138 -1.46214
106 107 -1.2232
107 139 -0.18665
107 108 0.53417
108 140 0.29056
108 109 -1.655
109 141 1.18495
109 110 -0.38169
110 142 -0.35125
110 111 0.57211
111 143 -1.69711
111 112 -0.6285
112 144 -0.61807
112 113 0.8123
113 145 -2.29945
113 114 1.53981
114 146 0.50599
114 115 0.82904
115 147 0.18764
115 116 -0.1934
116 148 -1.27036
116 117 0.55624
117 149 1.71437
117 118 -0.41982
118 150 -1.2854
118 119 1.91745
119 151 1.35204
119 120 -0.74382
120 152 2.15571
120 121 0.74963
121 153 0.11006
121 122 1.01075
122 154 0.26348
122 123 -0.56499
123 155 -2.43059
123 124 0.66625
124 156 -0.65754
124 125 -0.47106
125 157 -0.37802
125 126 -1.90606
126 158 0.15815
126 127 -0.56147
127 159 -0.26202
96 127 2.58372
128 160 -0.53535
128 129 0.39925
129 161 -0.07212
129 130 -0.42285
130 162 0.59832
130 131 0.74598
131 163 0.18995
131 132 1.16409
132 164 0.075
132 133 0.87649
133 165 1.31772
133 134 -0.12606
134 166 0.27198
134 135 -0.79086
135 167 -0.4473
135 136 2.29379
136 168 -0.38997
136 137 -1.91278
137 169 -0.08116
137 138 1.29632
138 170 -0.28606
138 139 0.05091
139 171 -0.40783
139 140 0.72888
140 172 1.16151
140 141 0.6725
141 173 -1.2981
141 142 1.85669
142 174 -1.11193
142 143 0.23785
143 175 0.32333
143 144 -0.90925
144 176 -1.06393
144 145 -0.65497
145 177 1.48624
145 146 -1.69785
146 178 1.73447
146 147 0.83262
147 179 -0.38465
147 148 -1.18422
148 180 1.54389
148 149 0.79659
149 181 -0.71555
149 150 -1.07707
150 182 -0.68626
150 151 0.98465
151 183 -0.98017
151 152 1.14027
152 184 0.01375
152 153 -1.5391
153 185 -0.42929
153 154 0.39145
154 186 1.18088
154 155 1.59859
155 187 -0.41538
155 156 0.50714
156 188 -0.04189
156 157 2.12289
157 189 -1.12788
157 158 0.7387
158 190 -0.36172
158 159 -2.42168
159 191 0.35599
128 159 0.30557
160 192 0.40441
160 161 0.99735
161 193 0.24838
161 162 -1.40172
162 194 -0.06259
162 163 0.40899
163 195 -0.69414
163 164 0.45351
164 196 -1.21656
164 165 -0.51016
165 197 0.84174
165 166 0.87662
166 198 -0.21369
166 167 -1.03619
167 199 -1.28797
167 168 1.35762
168 200 0.4965
168 169 -0.20157
169 201 1.37263
169 170 -1.08374
170 202 1.23435
170 171 0.44908
171 203 -0.99175
171 172 -0.41238
172 204 2.82178
172 173 0.23274
173 205 0.12829
173 174 -0.42271
174 206 0.0279
174 175 0.67536
175 207 -0.01672
175 176 -1.77844
176 208 0.11034
176 177 0.09836
177 209 -0.50932
177 178 -0.16709
178 210 -0.3569
178 179 -0.25787
179 211 -0.93094
179 180 -0.44352
180 212 -0.25259
180 181 0.86808
181 213 0.95999
181 182 0.92164
182 214 -0.30121
182 183 -0.77169
183 215 -0.53507
183 184 0.60545
184 216 -1.21055
184 185 -1.33375
185 217 -0.76889
185 186 1.99999
186 218 -0.9002
186 187 1.3004
187 219 -0.50563
187 188 -0.43408
188 220 -0.29373
188 189 1.18568
189 221 -1.02953
189 190 0.17241
190 222 -1.83892
190 191 -1.3301
191 223 -0.59616
160 191 0.97504
192 224 -1.0011
192 193 -0.99582
193 225 0.04419
193 194 1.31666
194 226 0.38963
194 195 2.08896
195 227 -0.43266
195 196 -1.48677
196 228 -0.95526
196 197 -1.63332
197 229 1.24628
197 198 -0.61384
198 230 -0.89534
198 199 0.26793
199 231 0.92174
199 200 0.76296
200 232 -0.30877
200 201 -1.34508
201 233 0.08609
201 202 -1.3594
202 234 -0.92928
202 203 0.61735
203 235 0.08323
203 204 0.91068
204 236 -1.14049
204 205 0.11393
205 237 0.11491
205 206 1.14476
206 238 0.32636
206 207 0.77939
207 239 -1.5677
207 208 -1.43829
208 240 -0.29945
208 209 -0.16368
209 241 0.95482
209 210 1.49619
210 242 -0.81509
210 211 1.44967
211 243 0.9225
211 212 0.17379
212 244 -0.22465
212 213 0.12782
213 245 -0.38556
213 214 -0.54223
214 246 -1.81608
214 215 0.91007
215 247 -0.31179
215 216 0.77471
216 248 -1.67508
216 217 -0.06589
217 249 0.4538
217 218 -1.57786
218 250 -1.44668
218 219 -0.02524
219 251 -0.03241
219 220 -1.29002
220 252 -0.80811
220 221 0.41828
221 253 -0.01317
221 222 0.29064
222 254 0.49267
222 223 0.53517
223 255 0.43322
192 223 -1.27456
224 256 1.64448
224 225 1.49699
225 257 0.06191
225 226 -0.99518
226 258 0.53289
226 227 1.07347
227 259 -0.27353
227 228 -0.0098
228 260 0.0364
228 229 0.57389
229 261 -1.12171
229 230 0.92919
230 262 0.03467
230 231 0.15874
231 263 0.14307
231 232 2.47443
232 264 0.96949
232 233 -1.51739
233 265 -0.15655
233 234 -1.60274
234 266 -0.21038
234 235 -0.25328
235 267 -0.31494
235 236 -0.22735
236 268 -1.38645
236 237 0.42453
237 269 0.88667
237 238 0.61303
238 270 -0.99
238 239 1.5012
239 271 -0.84106
239 240 -0.07351
240 272 0.02242
240 241 -1.86433
241 273 1.26781
241 242 -0.33414
242 274 0.33372
242 243 -0.55915
243 275 -0.07359
243 244 0.69458
244 276 0.30292
244 245 1.28593
245 277 -0.05262
245 246 -0.08826
246 278 0.92649
246 247 0.58931
247 279 0.21297
247 248 0.00667
248 280 0.38217
248 249 -0.72419
249 281 0.7089
249 250 -0.28655
250 282 -1.22178
250 251 0.03732
251 283 0.58468
251 252 1.77528
252 284 -1.03584
252 253 -1.64249
253 285 -1.02215
253 254 0.47777
254 286 -2.08304
254 255 0.16061
255 287 -0.699
224 255 -0.96136
256 288 0.06656
256 257 0.4093
257 289 -0.00589
257 258 -1.35331
258 290 0.48747
258 259 1.38521
259 291 0.11256
259 260 -0.2989
260 292 1.10377
260 261 -1.75173
261 293 0.97098
261 262 -0.75085
262 294 -0.43933
262 263 1.22951
263 295 -0.18267
263 264 -1.10828
264 296 0.02786
264 265 -1.36044
265 297 1.36414
265 266 -0.60505
266 298 2.96374
266 267 -0.41728
267 299 0.46225
267 268 0.12139
268 300 -0.03029
268 269 -1.00605
269 301 -2.01353
269 270 0.54474
270 302 -1.01206
270 271 0.54059
271 303 -0.41826
271 272 1.44369
272 304 -0.46004
272 273 -1.04767
273 305 -1.5948
273 274 0.168
274 306 -1.2595
274 275 0.90115
275 307 -0.35823
275 276 0.19439
276 308 0.66796
276 277 0.25917
277 309 0.1376
277 278 1.10933
278 310 -0.70579
278 279 0.733
279 311 2.21122
279 280 1.20189
280 312 1.18809
280 281 0.50374
281 313 -0.62326
281 282 -0.65114
282 314 -1.67277
282 283 0.23767
283 315 -0.18125
283 284 -0.18226
284 316 -1.56306
284 285 -0.00085
285 317 -0.24463
285 286 1.98056
286 318 0.95023
286 287 0.36688
287 319 -2.23136
256 287 -1.57543
288 320 1.25958
288 289 0.65047
289 321 0.57468
289 290 1.25483
290 322 1.30049
290 291 -0.03966
291 323 1.36264
291 292 0.47505
292 324 2.18461
292 293 -1.13308
293 325 0.77444
293 294 0.63374
294 326 0.48449
294 295 0.45229
295 327 0.9192
295 296 1.28485
296 328 2.24406
296 297 -1.56608
297 329 -0.98805
297 298 1.09789
298 330 -0.36262
298 299 -0.55897
299 331 0.84602
299 300 -2.30572
300 332 0.53497
300 301 0.30253
301 333 -1.18884
301 302 -0.06173
302 334 -0.31167
302 303 2.56212
303 335 1.21105
303 304 -0.04832
304 336 -0.84039
304 305 -0.87992
305 337 -0.88591
305 306 -0.38607
306 338 0.03926
306 307 -0.70502
307 339 -0.47824
307 308 0.37061
308 340 -0.17851
308 309 -0.24982
309 341 0.25398
309 310 -1.23701
310 342 0.35347
310 311 -0.14597
311 343 -0.77172
311 312 0.54764
312 344 0.43425
312 313 0.47701
313 345 -0.90165
313 314 1.17538
314 346 -1.48373
314 315 -0.9869
315 347 -0.01974
315 316 -0.54125
316 348 0.01972
316 317 -0.08686
317 349 -0.98058
317 318 0.51005
318 350 -1.83292
318 319 1.26698
319 351 1.21135
288 319 1.59248
320 352 1.16223
320 321 0.35989
321 353 0.59047
321 322 -0.67259
322 354 0.46714
322 323 -0.73285
323 355 -0.38845
323 324 -0.24767
324 356 0.35085
324 325 -0.10555
325 357 0.4883
325 326 -0.44158
326 358 0.43469
326 327 -0.088
327 359 -1.36126
327 328 -1.10058
328 360 1.07695
328 329 -0.32016
329 361 0.09088
329 330 0.25236
330 362 -0.20793
330 331 1.69579
331 363 2.53764
331 332 0.57678
332 364 0.13625
332 333 -0.24498
333 365 0.59854
333 334 0.49565
334 366 0.60918
334 335 0.70532
335 367 0.42924
335 336 0.85477
336 368 -1.33047
336 337 -0.36062
337 369 -0.32167
337 338 -0.78752
338 370 -0.67082
338 339 -1.64973
339 371 0.30405
339 340 -0.83638
340 372 0.01562
340 341 0.01724
341 373 0.77872
341 342 0.36007
342 374 2.85094
342 343 -0.92918
343 375 0.09511
343 344 -1.40757
344 376 0.78059
344 345 -0.30751
345 377 -0.3973
345 346 1.01554
346 378 -0.12163
346 347 0.42082
347 379 -0.75039
347 348 -0.80832
348 380 0.18566
348 349 -0.81941
349 381 1.25397
349 350 -0.39336
350 382 1.17584
350 351 -0.58484
351 383 2.10394
320 351 -2.55352
352 384 -0.31467
352 353 0.32282
353 385 -1.49202
353 354 -0.55257
354 386 -0.13027
354 355 -0.34145
355 387 0.44917
355 356 -1.6568
356 388 -0.27082
356 357 -1.06336
357 389 0.80665
357 358 0.14751
358 390 0.52434
358 359 0.68757
359 391 -0.92871
359 360 -0.77008
360 392 -2.82236
360 361 1.24897
361 393 0.87351
361 362 -0.68717
362 394 -0.52589
362 363 0.6866
363 395 1.07268
363 364 0.62322
364 396 0.01443
364 365 0.62826
365 397 1.38946
365 366 -0.479
366 398 0.91908
366 367 0.52201
367 399 1.46409
367 368 -0.23053
368 400 -1.49552
368 369 2.79581
369 401 -0.13002
369 370 0.92271
370 402 0.71207
370 371 -0.23689
371 403 -0.70919
371 372 -2.03051
372 404 -0.42509
372 373 0.46685
373 405 -0.07634
373 374 1.73585
374 406 1.61208
374 375 -0.31677
375 407 0.22725
375 376 0.66986
376 408 -2.12604
376 377 1.29374
377 409 1.70257
377 378 -0.78728
378 410 0.0815
378 379 0.19296
379 411 -0.28221
379 380 -0.78578
380 412 -0.51972
380 381 0.4982
381 413 0.19319
381 382 -0.70134
382 414 0.77783
382 383 0.28138
383 415 -1.37212
352 383 0.10411
384 416 1.48355
384 385 0.6019
385 417 -1.34594
385 386 -2.14739
386 418 -0.34406
386 387 -0.45622
387 419 0.92723
387 388 0.78479
388 420 -0.32526
388 389 0.48198
389 421 -1.11477
389 390 -0.93001
390 422 0.87064
390 391 -0.21591
391 423 0.23588
391 392 0.71086
392 424 1.55244
392 393 0.32468
393 425 1.7281
393 394 -0.67839
394 426 -0.04949
394 395 -0.66035
395 427 -0.37489
395 396 -0.04454
396 428 0.29975
396 397 0.91487
397 429 1.33244
397 398 -0.33187
398 430 1.21311
398 399 0.82749
399 431 1.81684
399 400 0.33637
400 432 -1.47979
400 401 -0.10755
401 433 -1.21436
401 402 0.69645
402 434 -0.35744
402 403 1.36085
403 435 -0.21083
403 404 1.87071
404 436 1.23267
404 405 -0.25785
405 437 -1.13393
405 406 0.40986
406 438 -1.17988
406 407 -1.44426
407 439 0.55488
407 408 1.57152
408 440 -0.00818
408 409 0.3632
409 441 -0.31452
409 410 -1.05689
410 442 -0.62696
410 411 0.14616
411 443 -1.39586
411 412 0.59873
412 444 -1.12779
412 413 0.63639
413 445 -0.08842
413 414 0.5201
414 446 1.93628
414 415 -0.44883
415 447 -1.93667
384 415 0.14097
416 448 -2.07911
416 417 0.14841
417 449 2.09264
417 418 -0.81405
418 450 0.12132
418 419 0.18909
419 451 0.59893
419 420 0.77097
420 452 -0.68028
420 421 -1.01285
421 453 0.12679
421 422 1.16079
422 454 1.11996
422 423 1.0542
423 455 -1.64826
423 424 -0.73851
424 456 -1.44876
424 425 0.03021
425 457 0.96861
425 426 -0.03609
426 458 0.35952
426 427 -0.45651
427 459 -0.20199
427 428 -0.15178
428 460 -0.57948
428 429 -1.46786
429 461 0.28372
429 430 0.77178
430 462 0.34879
430 431 1.69304
431 463 0.2719
431 432 0.80932
432 464 1.10528
432 433 -0.23457
433 465 -2.4908
433 434 0.25675
434 466 0.55372
434 435 1.18915
435 467 -0.75867
435 436 0.25863
436 468 0.111
436 437 0.31866
437 469 0.6325
437 438 -0.40394
438 470 0.48608
438 439 0.37132
439 471 -0.62351
439 440 -1.33034
440 472 -0.64963
440 441 -0.00089
441 473 0.40728
441 442 0.83562
442 474 -2.56919
442 443 -2.367
443 475 1.16414
443 444 0.45664
444 476 0.59327
444 445 -0.07434
445 477 1.25266
445 446 0.70438
446 478 0.60203
446 447 -0.88215
447 479 -0.92577
416 447 0.30072
448 480 0.13152
448 449 -0.75797
449 481 1.57841
449 450 -0.65461
450 482 -2.05355
450 451 -0.83353
451 483 -0.09474
451 452 -0.56824
452 484 0.4994
452 453 0.46452
453 485 -0.0494
453 454 0.99174
454 486 -1.23292
454 455 -0.01896
455 487 0.8581
455 456 -0.29716
456 488 0.03095
456 457 0.57424
457 489 -0.29155
457 458 1.58742
458 490 -2.33049
458 459 -0.78126
459 491 -0.92748
459 460 1.73947
460 492 0.77667
460 461 1.94089
461 493 -1.0206
461 462 -0.03163
462 494 -1.01599
462 463 -0.52231
463 495 -1.01196
463 464 0.23988
464 496 -0.56063
464 465 0.57893
465 497 0.63323
465 466 0.77706
466 498 -0.73597
466 467 0.66485
467 499 -0.87379
467 468 0.253
468 500 -0.3385
468 469 -1.62343
469 501 1.77566
469 470 1.36127
470 502 0.95946
470 471 -1.13655
471 503 -1.79783
471 472 2.04598
472 504 0.9309
472 473 -0.00083
473 505 -0.03342
473 474 0.69432
474 506 -2.01015
474 475 1.48191
475 507 0.13299
475 476 -0.44302
476 508 -0.18492
476 477 -0.63162
477 509 0.2527
477 478 1.39172
478 510 0.08968
478 479 -0.01381
479 511 0.10448
448 479 -0.51533
480 512 -1.1372
480 481 -0.65484
481 513 0.78647
481 482 -0.4538
482 514 -1.46166
482 483 0.98401
483 515 -1.02871
483 484 0.04985
484 516 0.23833
484 485 0.60814
485 517 -2.22471
485 486 -0.88462
486 518 -0.20413
486 487 2.03891
487 519 -0.24961
487 488 1.00428
488 520 0.43738
488 489 0.05197
489 521 0.38949
489 490 0.02179
490 522 1.51104
490 491 -0.08653
491 523 -1.23756
491 492 -1.01921
492 524 -0.67181
492 493 0.91668
493 525 -0.36987
493 494 -0.32565
494 526 0.32834
494 495 0.28621
495 527 -1.03721
495 496 -2.80045
496 528 -0.69126
496 497 -1.03518
497 529 -0.88243
497 498 1.63295
498 530 0.91601
498 499 -1.04957
499 531 0.21221
499 500 -1.69864
500 532 0.0673
500 501 -0.23816
501 533 -0.88038
501 502 -0.21745
502 534 -0.24205
502 503 0.35795
503 535 1.68604
503 504 1.43035
504 536 0.65492
504 505 -0.57307
505 537 -0.42523
505 506 -0.23372
506 538 -1.68837
506 507 0.54446
507 539 -0.55749
507 508 -2.37823
508 540 -0.25534
508 509 0.90363
509 541 -0.33382
509 510 -0.31496
510 542 -0.79052
510 511 0.58424
511 543 0.24626
480 511 -0.6109
512 544 -0.34958
512 513 -1.94378
513 545 0.38142
513 514 -1.07434
514 546 -1.01687
514 515 -1.104
515 547 -2.06141
515 516 0.17275
516 548 -1.21662
516 517 -0.02864
517 549 -0.59972
517 518 -1.22384
518 550 1.36949
518 519 0.01934
519 551 -0.51462
519 520 -0.57614
520 552 -0.04873
520 521 0.24045
521 553 0.27695
521 522 0.58088
522 554 1.79717
522 523 0.26134
523 555 -0.33886
523 524 -0.15637
524 556 -0.1725
524 525 -0.18452
525 557 0.14636
525 526 1.02641
526 558 1.07663
526 527 0.15529
527 559 -0.20652
527 528 0.74215
528 560 0.35667
528 529 -0.99179
529 561 -0.07247
529 530 0.26837
530 562 -3.43573
530 531 1.80807
531 563 1.82898
531 532 -3.71111
532 564 -0.75725
532 533 -0.38111
533 565 -0.50374
533 534 0.53613
534 566 0.04111
534 535 1.33939
535 567 -1.78497
535 536 0.75582
536 568 -0.89444
536 537 0.82938
537 569 -1.93644
537 538 1.14792
538 570 -1.31052
538 539 0.88868
539 571 -0.6632
539 540 0.05848
540 572 -1.17449
540 541 0.08359
541 573 0.40366
541 542 -0.29693
542 574 0.72943
542 543 -1.00942
543 575 -0.08192
512 543 -0.97951
544 576 0.20763
544 545 -0.42196
545 577 0.89721
545 546 -0.12423
546 578 -4.07134
546 547 -1.58742
547 579 -0.35627
547 548 0.32614
548 580 1.12639
548 549 0.54466
549 581 1.2422
549 550 -0.38808
550 582 0.81032
550 551 2.65317
551 583 1.45725
551 552 0.65637
552 584 2.2435
552 553 -1.18288
553 585 -0.16864
553 554 -0.33373
554 586 1.55227
554 555 -0.11359
555 587 0.1171
555 556 -2.13466
556 588 -1.52602
556 557 -1.05563
557 589 0.09876
557 558 -0.07951
558 590 1.32267
558 559 0.8945
559 591 1.31099
559 560 0.03528
560 592 -1.02691
560 561 0.54816
561 593 -2.78343
561 562 0.88517
562 594 0.37369
562 563 0.70961
563 595 -0.44589
563 564 1.99148
564 596 -1.4194
564 565 -0.48227
565 597 -0.50531
565 566 -1.30516
566 598 0.30387
566 567 -0.72395
567 599 0.60685
567 568 1.10892
568 600 -0.39746
568 569 -0.45327
569 601 -0.58939
569 570 0.60981
570 602 -0.36072
570 571 -0.82327
571 603 -0.43925
571 572 0.45031
572 604 1.4264
572 573 0.50696
573 605 0.52177
573 574 0.89073
574 606 -0.31149
574 575 -0.15885
575 607 0.36836
544 575 -0.26503
576 608 -1.29832
576 577 0.12393
577 609 0.03193
577 578 -0.56002
578 610 -1.53882
578 579 0.46777
579 611 -1.49413
579 580 1.65405
580 612 1.2224
580 581 0.56267
581 613 -0.25071
581 582 1.06785
582 614 -0.12105
582 583 -0.54343
583 615 -0.01058
583 584 1.26644
584 616 -0.69259
584 585 0.84545
585 617 0.85716
585 586 0.50145
586 618 0.56306
586 587 0.84076
587 619 -0.54587
587 588 -2.26885
588 620 -1.4307
588 589 0.10981
589 621 1.11254
589 590 1.49261
590 622 0.92251
590 591 0.00716
591 623 -1.16012
591 592 0.4569
592 624 -1.51091
592 593 -0.25268
593 625 1.17136
593 594 0.48351
594 626 -2.03989
594 595 -2.11813
595 627 0.11706
595 596 0.15444
596 628 0.53331
596 597 -0.088
597 629 0.10015
597 598 -1.95873
598 630 0.98911
598 599 -0.42764
599 631 -1.18617
599 600 -0.767
600 632 -0.20442
600 601 -1.80957
601 633 -0.39829
601 602 0.32566
602 634 -1.28235
602 603 -0.68109
603 635 -0.27119
603 604 -0.3287
604 636 1.15107
604 605 0.58808
605 637 0.50869
605 606 0.64557
606 638 1.12906
606 607 0.33237
607 639 -0.59438
576 607 -0.89784
608 640 0.81301
608 609 0.07473
609 641 0.5863
609 610 -0.25338
610 642 -1.05934
610 611 -0.68552
611 643 0.02604
611 612 -0.99916
612 644 -1.24194
612 613 -1.92535
613 645 1.6554
613 614 -0.68702
614 646 0.10123
614 615 1.32047
615 647 0.32066
615 616 1.30746
616 648 -0.7469
616 617 -0.40346
617 649 -0.94774
617 618 0.24436
618 650 -1.68154
618 619 0.44153
619 651 -0.18422
619 620 1.08314
620 652 -0.60183
620 621 -0.19638
621 653 0.07494
621 622 0.01865
622 654 0.81076
622 623 -0.42943
623 655 0.20346
623 624 0.84077
624 656 1.22977
624 625 -1.40081
625 657 -1.11828
625 626 -0.11038
626 658 1.57822
626 627 0.70482
627 659 -2.01669
627 628 -0.74714
628 660 -0.773
628 629 0.05873
629 661 -0.64073
629 630 0.66827
630 662 0.80958
630 631 -0.8372
631 663 0.86651
631 632 -0.13946
632 664 0.4939
632 633 -0.6678
633 665 -0.55372
633 634 0.66533
634 666 0.63665
634 635 0.94898
635 667 -1.33112
635 636 -0.48623
636 668 -1.25009
636 637 -1.81016
637 669 -0.12391
637 638 1.89657
638 670 -1.29673
638 639 -0.04589
639 671 0.38688
608 639 1.92713
640 672 1.77219
640 641 -0.75373
641 673 -0.6603
641 642 -0.12574
642 674 -0.05798
642 643 -0.20353
643 675 -1.42182
643 644 0.71287
644 676 0.58624
644 645 1.08782
645 677 -1.11704
645 646 0.56228
646 678 1.27516
646 647 0.43571
647 679 -1.90566
647 648 -0.60352
648 680 -2.0564
648 649 0.07446
649 681 -0.74319
649 650 0.12684
650 682 0.37008
650 651 -0.6033
651 683 -0.66601
651 652 -0.98774
652 684 -0.83883
652 653 1.1086
653 685 -1.47234
653 654 -0.53406
654 686 0.00735
654 655 -0.50494
655 687 0.99162
655 656 0.06815
656 688 0.61332
656 657 -1.11387
657 689 -1.16031
657 658 2.19804
658 690 1.61172
658 659 0.58375
659 691 -0.25056
659 660 0.44466
660 692 -0.67408
660 661 -1.62803
661 693 -0.29137
661 662 0.83168
662 694 -0.37176
662 663 -1.65542
663 695 0.24659
663 664 0.60924
664 696 0.14126
664 665 0.81868
665 697 0.57558
665 666 1.54843
666 698 -0.69811
666 667 -0.02894
667 699 0.96454
667 668 -0.52415
668 700 1.07851
668 669 -0.41122
669 701 -0.59468
669 670 -0.56385
670 702 -0.23766
670 671 0.65043
671 703 1.9497
640 671 -1.20462
672 704 0.21049
672 673 -1.19619
673 705 1.33514
673 674 1.72986
674 706 1.2212
674 675 -0.7109
675 707 1.55953
675 676 -0.65906
676 708 0.23986
676 677 -1.5195
677 709 -0.84723
677 678 -0.79926
678 710 1.02346
678 679 0.42948
679 711 0.41182
679 680 0.46528
680 712 0.39038
680 681 0.88277
681 713 2.46212
681 682 2.20424
682 714 -0.62868
682 683 -1.91614
683 715 0.27102
683 684 0.09172
684 716 -1.28652
684 685 0.5273
685 717 -0.47355
685 686 -0.38954
686 718 -1.47699
686 687 -0.58622
687 719 -0.04287
687 688 -1.06367
688 720 0.36821
688 689 -0.20106
689 721 -0.8512
689 690 0.25748
690 722 0.67333
690 691 -2.32358
691 723 -0.50682
691 692 -0.69644
692 724 -1.3506
692 693 -1.50958
693 725 -0.91054
693 694 0.34144
694 726 1.59647
694 695 1.25537
695 727 2.25666
695 696 -0.47885
696 728 -0.31294
696 697 1.23509
697 729 1.42924
697 698 -1.2468
698 730 0.74796
698 699 1.09949
699 731 0.25939
699 700 2.34996
700 732 0.50571
700 701 0.7445
701 733 0.52831
701 702 1.21246
702 734 -0.21082
702 703 0.24462
703 735 0.05496
672 703 -0.14725
704 736 -0.39269
704 705 1.01723
705 737 1.04359
705 706 -1.3062
706 738 -1.27196
706 707 -0.56956
707 739 -0.5253
707 708 -1.03999
708 740 -0.6441
708 709 -1.07261
709 741 -0.34742
709 710 -1.12799
710 742 -0.1767
710 711 -0.74871
711 743 -1.22328
711 712 -0.11823
712 744 -0.22682
712 713 -0.80237
713 745 -0.68147
713 714 -0.00003
714 746 -0.34448
714 715 -0.48256
715 747 0.94005
715 716 1.33983
716 748 -0.42867
716 717 -1.56764
717 749 -0.72244
717 718 -0.97136
718 750 -0.11331
718 719 0.70512
719 751 -1.1089
719 720 1.51341
720 752 0.31259
720 721 -1.3721
721 753 1.46374
721 722 -0.42308
722 754 -0.46219
722 723 -0.5407
723 755 -0.3571
723 724 -0.14507
724 756 0.64962
724 725 -0.08315
725 757 0.6973
725 726 2.39357
726 758 0.04273
726 727 1.70297
727 759 0.5438
727 728 -1.55571
728 760 0.60996
728 729 -0.68202
729 761 0.07214
729 730 0.06595
730 762 -0.13329
730 731 0.50873
731 763 -0.30332
731 732 1.55929
732 764 1.02013
732 733 0.02867
733 765 -0.28287
733 734 -1.19935
734 766 0.82294
734 735 0.11719
735 767 0.13883
704 735 0.49287
736 768 -0.26232
736 737 0.02792
737 769 0.79067
737 738 1.62603
738 770 0.39153
738 739 1.4449
739 771 -0.82694
739 740 0.53277
740 772 0.21598
740 741 0.16158
741 773 1.01374
741 742 0.25887
742 774 0.25096
742 743 1.18358
743 775 1.05747
743 744 -0.60531
744 776 -0.27069
744 745 -1.57733
745 777 0.23954
745 746 0.18661
746 778 -0.38286
746 747 0.53757
747 779 -0.77391
747 748 0.20702
748 780 1.54367
748 749 -1.93835
749 781 -0.74017
749 750 1.56621
750 782 0.49859
750 751 -0.36559
751 783 0.94407
751 752 -0.56071
752 784 -0.96715
752 753 0.96016
753 785 1.50859
753 754 0.17268
754 786 2.31348
754 755 1.09999
755 787 -0.73032
755 756 0.12957
756 788 1.15323
756 757 0.05059
757 789 -0.69644
757 758 1.22137
758 790 -0.87567
758 759 1.48799
759 791 0.67521
759 760 -0.70965
760 792 0.60403
760 761 -0.93795
761 793 0.00399
761 762 0.59261
762 794 1.45273
762 763 -0.95002
763 795 -1.04916
763 764 0.00623
764 796 -0.00245
764 765 0.02955
765 797 -0.25991
765 766 0.59728
766 798 -0.56043
766 767 0.38318
767 799 -0.24841
736 767 1.09862
768 800 0.14641
768 769 -0.48155
769 801 3.56411
769 770 1.53188
770 802 -1.2582
770 771 0.08298
771 803 -0.63452
771 772 -0.15547
772 804 -0.45644
772 773 -0.38433
773 805 -0.31905
773 774 -0.44608
774 806 0.36354
774 775 -1.40724
775 807 0.36657
775 776 -0.29873
776 808 1.22508
776 777 -0.28443
777 809 1.86285
777 778 -0.77751
778 810 0.33259
778 779 1.96555
779 811 0.07731
779 780 0.99329
780 812 -0.15529
780 781 0.48416
781 813 0.3657
781 782 2.22663
782 814 -0.4358
782 783 1.66338
783 815 -0.59152
783 784 -0.26363
784 816 -0.29642
784 785 -1.54843
785 817 -0.06242
785 786 0.38822
786 818 -0.9991
786 787 0.44606
787 819 -1.6326
787 788 -0.13141
788 820 1.54739
788 789 1.20976
789 821 -1.31848
789 790 -0.28595
790 822 -0.40492
790 791 0.13347
791 823 1.68518
791 792 1.19006
792 824 -0.60251
792 793 -0.74054
793 825 -0.12474
793 794 -1.50158
794 826 -0.46088
794 795 -1.29403
795 827 0.35068
795 796 0.28897
796 828 0.66162
796 797 -1.96892
797 829 0.0965
797 798 0.16187
798 830 -1.22581
798 799 -0.53725
799 831 -0.74705
768 799 -1.48935
800 832 -0.00141
800 801 0.10668
801 833 0.63863
801 802 -1.02926
802 834 0.87702
802 803 -0.55833
803 835 -0.96644
803 804 -1.08499
804 836 -0.1968
804 805 -0.34086
805 837 0.29332
805 806 -0.62957
806 838 1.91859
806 807 1.31742
807 839 -1.0164
807 808 0.54269
808 840 0.43694
808 809 0.85083
809 841 -0.15759
809 810 -0.28747
810 842 0.9462
810 811 -1.01664
811 843 0.36869
811 812 -0.29725
812 844 1.13653
812 813 -0.55709
813 845 1.29737
813 814 0.44497
814 846 0.27915
814 815 0.04188
815 847 1.90613
815 816 0.90675
816 848 -0.48899
816 817 1.65538
817 849 0.50345
817 818 0.36641
818 850 -0.63159
818 819 -0.76178
819 851 1.88751
819 820 -0.31025
820 852 1.06002
820 821 -1.35805
821 853 0.38001
821 822 -0.66467
822 854 -1.49204
822 823 -0.33286
823 855 1.00313
823 824 0.94973
824 856 -0.07273
824 825 -0.43589
825 857 0.55793
825 826 1.66464
826 858 -0.74649
826 827 -1.1808
827 859 -0.24592
827 828 0.21517
828 860 0.0564
828 829 0.09084
829 861 0.72526
829 830 0.62
830 862 -0.77724
830 831 0.62072
831 863 -0.34572
800 831 0.34237
832 864 1.95459
832 833 -1.20586
833 865 0.40436
833 834 0.80356
834 866 -0.56248
834 835 -0.47858
835 867 -0.83083
835 836 -0.40251
836 868 0.06227
836 837 0.26299
837 869 1.36236
837 838 -0.40978
838 870 0.58965
838 839 0.34562
839 871 -0.02765
839 840 0.52619
840 872 1.20352
840 841 -0.46039
841 873 0.15436
841 842 0.52054
842 874 1.13158
842 843 -0.05461
843 875 -1.42816
843 844 -2.3825
844 876 -0.27027
844 845 0.65245
845 877 -0.92795
845 846 -0.46172
846 878 -0.90481
846 847 0.7036
847 879 -1.09802
847 848 -0.17433
848 880 -1.84706
848 849 0.97153
849 881 -0.05288
849 850 -3.61279
850 882 -0.45752
850 851 1.39559
851 883 2.06057
851 852 0.72961
852 884 1.80064
852 853 0.62214
853 885 -0.35798
853 854 -1.07317
854 886 -0.55114
854 855 -1.51347
855 887 0.33931
855 856 0.25855
856 888 -0.84421
856 857 0.27881
857 889 -1.01991
857 858 -1.05145
858 890 -0.4652
858 859 -1.05231
859 891 2.58637
859 860 -0.49296
860 892 1.41555
860 861 -0.12537
861 893 1.1918
861 862 -0.854
862 894 -1.39172
862 863 -1.28397
863 895 0.03098
832 863 -1.85035
864 896 0.85246
864 865 -1.34649
865 897 -1.17214
865 866 1.40369
866 898 -0.09797
866 867 -0.1661
867 899 0.28978
867 868 0.03891
868 900 1.71895
868 869 -0.15836
869 901 -0.6262
869 870 0.37683
870 902 0.71636
870 871 0.33375
871 903 0.27086
871 872 1.25022
872 904 -0.82967
872 873 -0.9908
873 905 -0.08514
873 874 1.61816
874 906 2.47066
874 875 0.86219
875 907 -1.87076
875 876 2.18563
876 908 -0.04875
876 877 -0.72543
877 909 0.72612
877 878 -0.93244
878 910 -0.58066
878 879 -0.85558
879 911 1.51239
879 880 -0.22662
880 912 0.70382
880 881 -0.47808
881 913 0.03829
881 882 0.38556
882 914 -1.81012
882 883 -0.07721
883 915 0.52015
883 884 -1.56148
884 916 0.75672
884 885 0.43315
885 917 0.33759
885 886 -0.39079
886 918 -1.27764
886 887 -0.09933
887 919 -0.43741
887 888 0.28841
888 920 1.00509
888 889 0.92081
889 921 -0.72689
889 890 2.25639
890 922 -0.56244
890 891 0.15959
891 923 1.35343
891 892 -1.41485
892 924 -2.25499
892 893 0.00986
893 925 0.9981
893 894 1.1297
894 926 0.62403
894 895 0.08771
895 927 -1.23844
864 895 -1.25374
896 928 -1.12842
896 897 -0.83907
897 929 1.41301
897 898 1.35858
898 930 1.48943
898 899 -0.56638
899 931 2.04189
899 900 0.69453
900 932 0.35675
900 901 0.38439
901 933 -0.92643
901 902 -0.40109
902 934 -0.54524
902 903 0.782
903 935 -1.98618
903 904 0.09049
904 936 -0.35172
904 905 0.04591
905 937 1.43888
905 906 -0.22976
906 938 -0.20387
906 907 0.74934
907 939 -0.7114
907 908 -0.88817
908 940 -0.80805
908 909 0.31348
909 941 -1.03501
909 910 0.21855
910 942 0.37301
910 911 1.75887
911 943 -0.62127
911 912 -2.65135
912 944 0.74808
912 913 -0.71422
913 945 0.24985
913 914 -0.11495
914 946 0.75818
914 915 0.8629
915 947 -0.77395
915 916 -0.36161
916 948 0.35306
916 917 -0.85552
917 949 -0.23332
917 918 0.30309
918 950 -0.3007
918 919 1.13747
919 951 -0.13914
919 920 0.30946
920 952 0.40546
920 921 0.9129
921 953 -0.8442
921 922 -0.64049
922 954 0.88339
922 923 -0.01092
923 955 1.99504
923 924 1.57566
924 956 0.51332
924 925 0.61313
925 957 0.52041
925 926 0.27273
926 958 0.72147
926 927 -0.38808
927 959 1.68669
896 927 1.60514
928 960 -0.22762
928 929 -0.87818
929 961 0.15536
929 930 1.33242
930 962 -0.54915
930 931 -1.58633
931 963 0.15556
931 932 1.062
932 964 1.67421
932 933 0.70319
933 965 0.20787
933 934 2.21566
934 966 1.28611
934 935 0.81333
935 967 -0.04064
935 936 -0.54821
936 968 0.18544
936 937 0.64601
937 969 -0.14742
937 938 -0.991
938 970 -1.08959
938 939 -0.86734
939 971 -0.22077
939 940 0.05069
940 972 1.71236
940 941 0.92736
941 973 0.08637
941 942 1.18325
942 974 0.71418
942 943 -0.82203
943 975 1.96735
943 944 -1.18388
944 976 -1.01008
944 945 1.75666
945 977 0.96538
945 946 1.21726
946 978 1.72764
946 947 0.42335
947 979 0.26555
947 948 1.62324
948 980 -0.56212
948 949 -0.19927
949 981 -1.20487
949 950 -1.19767
950 982 0.12671
950 951 -1.06225
951 983 2.38536
951 952 0.74822
952 984 -0.3629
952 953 -0.39253
953 985 0.53322
953 954 -1.24932
954 986 -1.25525
954 955 -0.51651
955 987 0.41036
955 956 -0.34679
956 988 -0.92869
956 957 -0.31219
957 989 -2.04896
957 958 -0.01913
958 990 0.4179
958 959 0.36838
959 991 0.09136
928 959 -2.23688
960 992 0.09537
960 961 -0.1213
961 993 1.27995
961 962 -0.68209
962 994 0.02469
962 963 -1.74239
963 995 0.04309
963 964 -1.19266
964 996 0.67102
964 965 -0.01778
965 997 -2.03976
965 966 -1.73793
966 998 -0.22285
966 967 -0.56038
967 999 0.27704
967 968 -0.9255
968 1000 -0.89157
968 969 0.17441
969 1001 1.15915
969 970 -0.9796
970 1002 1.32229
970 971 -0.96472
971 1003 -1.60989
971 972 -0.91667
972 1004 -1.59289
972 973 1.17854
973 1005 -2.76484
973 974 0.30901
974 1006 0.44592
974 975 1.03531
975 1007 -0.35348
975 976 1.23673
976 1008 2.06831
976 977 -0.54053
977 1009 -1.42258
977 978 -1.27667
978 1010 -0.27686
978 979 1.17733
979 1011 -0.35126
979 980 -0.48028
980 1012 1.13123
980 981 0.38051
981 1013 0.2944
981 982 1.07615
982 1014 -1.62173
982 983 1.19879
983 1015 0.44795
983 984 -0.08233
984 1016 -0.58731
984 985 -1.34099
985 1017 0.29764
985 986 -0.44306
986 1018 -0.45625
986 987 -0.39643
987 1019 -0.11174
987 988 -0.72941
988 1020 0.71273
988 989 0.80095
989 1021 0.48663
989 990 0.36971
990 1022 -0.32623
990 991 1.38561
991 1023 0.52849
960 991 -0.2559
0 992 -0.61662
992 993 -0.28195
1 993 -0.7226
993 994 -2.50181
2 994 -0.41104
994 995 -0.99568
3 995 -0.25643
995 996 0.80908
4 996 0.18508
996 997 0.64242
5 997 -0.19087
997 998 -0.9323
6 998 -0.46566
998 999 1.88486
7 999 -2.07105
999 1000 -0.36819
8 1000 0.21791
1000 1001 -0.4815
9 1001 -0.51666
1001 1002 0.51397
10 1002 0.57214
1002 1003 -0.16474
11 1003 -1.43325
1003 1004 1.17797
12 1004 -0.48825
1004 1005 0.5892
13 1005 0.51936
1005 1006 0.20124
14 1006 0.28078
1006 1007 0.52605
15 1007 0.88015
1007 1008 -0.12534
16 1008 -1.03265
1008 1009 -1.57264
17 1009 0.6887
1009 1010 -0.16163
18 1010 1.59712
1010 1011 -0.94129
19 1011 0.26899
1011 1012 0.37614
20 1012 0.04437
1012 1013 -0.13043
21 1013 0.67909
1013 1014 -0.80513
22 1014 0.36469
1014 1015 -0.23038
23 1015 1.01857
1015 1016 -0.72006
24 1016 0.15022
1016 1017 -0.82526
25 1017 -0.10777
1017 1018 0.71999
26 1018 0.60461
1018 1019 0.43209
27 1019 -0.83943
1019 1020 1.84262
28 1020 -0.31916
1020 1021 0.90841
29 1021 1.46931
1021 1022 0.51211
30 1022 -1.05946
1022 1023 -0.83867
31 1023 -1.34657
992 1023 -0.74339
