# model=ea2d N=1024 meanJ=0 seed=1683931258 distribution=gaussian field=0 num_fields=1024 num_couplings=2048
0 0
1 0
2 0
3 0
4 0
5 0
6 0
7 0
8 0
9 0
10 0
11 0
12 0
13 0
14 0
15 0
16 0
17 0
18 0
19 0
20 0
21 0
22 0
23 0
24 0
25 0
26 0
27 0
28 0
29 0
30 0
31 0
32 0
33 0
34 0
35 0
36 0
37 0
38 0
39 0
40 0
41 0
42 0
43 0
44 0
45 0
46 0
47 0
48 0
49 0
50 0
51 0
52 0
53 0
54 0
55 0
56 0
57 0
58 0
59 0
60 0
61 0
62 0
63 0
64 0
65 0
66 0
67 0
68 0
69 0
70 0
71 0
72 0
73 0
74 0
75 0
76 0
77 0
78 0
79 0
80 0
81 0
82 0
83 0
84 0
85 0
86 0
87 0
88 0
89 0
90 0
91 0
92 0
93 0
94 0
95 0
96 0
97 0
98 0
99 0
100 0
101 0
102 0
103 0
104 0
105 0
106 0
107 0
108 0
109 0
110 0
111 0
112 0
113 0
114 0
115 0
116 0
117 0
118 0
119 0
120 0
121 0
122 0
123 0
124 0
125 0
126 0
127 0
128 0
129 0
130 0
131 0
132 0
133 0
134 0
135 0
136 0
137 0
138 0
139 0
140 0
141 0
142 0
143 0
144 0
145 0
146 0
147 0
148 0
149 0
150 0
151 0
152 0
153 0
154 0
155 0
156 0
157 0
158 0
159 0
160 0
161 0
162 0
163 0
164 0
165 0
166 0
167 0
168 0
169 0
170 0
171 0
172 0
173 0
174 0
175 0
176 0
177 0
178 0
179 0
180 0
181 0
182 0
183 0
184 0
185 0
186 0
187 0
188 0
189 0
190 0
191 0
192 0
193 0
194 0
195 0
196 0
197 0
198 0
199 0
200 0
201 0
202 0
203 0
204 0
205 0
206 0
207 0
208 0
209 0
210 0
211 0
212 0
213 0
214 0
215 0
216 0
217 0
218 0
219 0
220 0
221 0
222 0
223 0
224 0
225 0
226 0
227 0
228 0
229 0
230 0
231 0
232 0
233 0
234 0
235 0
236 0
237 0
238 0
239 0
240 0
241 0
242 0
243 0
244 0
245 0
246 0
247 0
248 0
249 0
250 0
251 0
252 0
253 0
254 0
255 0
256 0
257 0
258 0
259 0
260 0
261 0
262 0
263 0
264 0
265 0
266 0
267 0
268 0
269 0
270 0
271 0
272 0
273 0
274 0
275 0
276 0
277 0
278 0
279 0
280 0
281 0
282 0
283 0
284 0
285 0
286 0
287 0
288 0
289 0
290 0
291 0
292 0
293 0
294 0
295 0
296 0
297 0
298 0
299 0
300 0
301 0
302 0
303 0
304 0
305 0
306 0
307 0
308 0
309 0
310 0
311 0
312 0
313 0
314 0
315 0
316 0
317 0
318 0
319 0
320 0
321 0
322 0
323 0
324 0
325 0
326 0
327 0
328 0
329 0
330 0
331 0
332 0
333 0
334 0
335 0
336 0
337 0
338 0
339 0
340 0
341 0
342 0
343 0
344 0
345 0
346 0
347 0
348 0
349 0
350 0
351 0
352 0
353 0
354 0
355 0
356 0
357 0
358 0
359 0
360 0
361 0
362 0
363 0
364 0
365 0
366 0
367 0
368 0
369 0
370 0
371 0
372 0
373 0
374 0
375 0
376 0
377 0
378 0
379 0
380 0
381 0
382 0
383 0
384 0
385 0
386 0
387 0
388 0
389 0
390 0
391 0
392 0
393 0
394 0
395 0
396 0
397 0
398 0
399 0
400 0
401 0
402 0
403 0
404 0
405 0
406 0
407 0
408 0
409 0
410 0
411 0
412 0
413 0
414 0
415 0
416 0
417 0
418 0
419 0
420 0
421 0
422 0
423 0
424 0
425 0
426 0
427 0
428 0
429 0
430 0
431 0
432 0
433 0
434 0
435 0
436 0
437 0
438 0
439 0
440 0
441 0
442 0
443 0
444 0
445 0
446 0
447 0
448 0
449 0
450 0
451 0
452 0
453 0
454 0
455 0
456 0
457 0
458 0
459 0
460 0
461 0
462 0
463 0
464 0
465 0
466 0
467 0
468 0
469 0
470 0
471 0
472 0
473 0
474 0
475 0
476 0
477 0
478 0
479 0
480 0
481 0
482 0
483 0
484 0
485 0
486 0
487 0
488 0
489 0
490 0
491 0
492 0
493 0
494 0
495 0
496 0
497 0
498 0
499 0
500 0
501 0
502 0
503 0
504 0
505 0
506 0
507 0
508 0
509 0
510 0
511 0
512 0
513 0
514 0
515 0
516 0
517 0
518 0
519 0
520 0
521 0
522 0
523 0
524 0
525 0
526 0
527 0
528 0
529 0
530 0
531 0
532 0
533 0
534 0
535 0
536 0
537 0
538 0
539 0
540 0
541 0
542 0
543 0
544 0
545 0
546 0
547 0
548 0
549 0
550 0
551 0
552 0
553 0
554 0
555 0
556 0
557 0
558 0
559 0
560 0
561 0
562 0
563 0
564 0
565 0
566 0
567 0
568 0
569 0
570 0
571 0
572 0
573 0
574 0
575 0
576 0
577 0
578 0
579 0
580 0
581 0
582 0
583 0
584 0
585 0
586 0
587 0
588 0
589 0
590 0
591 0
592 0
593 0
594 0
595 0
596 0
597 0
598 0
599 0
600 0
601 0
602 0
603 0
604 0
605 0
606 0
607 0
608 0
609 0
610 0
611 0
612 0
613 0
614 0
615 0
616 0
617 0
618 0
619 0
620 0
621 0
622 0
623 0
624 0
625 0
626 0
627 0
628 0
629 0
630 0
631 0
632 0
633 0
634 0
635 0
636 0
637 0
638 0
639 0
640 0
641 0
642 0
643 0
644 0
645 0
646 0
647 0
648 0
649 0
650 0
651 0
652 0
653 0
654 0
655 0
656 0
657 0
658 0
659 0
660 0
661 0
662 0
663 0
664 0
665 0
666 0
667 0
668 0
669 0
670 0
671 0
672 0
673 0
674 0
675 0
676 0
677 0
678 0
679 0
680 0
681 0
682 0
683 0
684 0
685 0
686 0
687 0
688 0
689 0
690 0
691 0
692 0
693 0
694 0
695 0
696 0
697 0
698 0
699 0
700 0
701 0
702 0
703 0
704 0
705 0
706 0
707 0
708 0
709 0
710 0
711 0
712 0
713 0
714 0
715 0
716 0
717 0
718 0
719 0
720 0
721 0
722 0
723 0
724 0
725 0
726 0
727 0
728 0
729 0
730 0
731 0
732 0
733 0
734 0
735 0
736 0
737 0
738 0
739 0
740 0
741 0
742 0
743 0
744 0
745 0
746 0
747 0
748 0
749 0
750 0
751 0
752 0
753 0
754 0
755 0
756 0
757 0
758 0
759 0
760 0
761 0
762 0
763 0
764 0
765 0
766 0
767 0
768 0
769 0
770 0
771 0
772 0
773 0
774 0
775 0
776 0
777 0
778 0
779 0
780 0
781 0
782 0
783 0
784 0
785 0
786 0
787 0
788 0
789 0
790 0
791 0
792 0
793 0
794 0
795 0
796 0
797 0
798 0
799 0
800 0
801 0
802 0
803 0
804 0
805 0
806 0
807 0
808 0
809 0
810 0
811 0
812 0
813 0
814 0
815 0
816 0
817 0
818 0
819 0
820 0
821 0
822 0
823 0
824 0
825 0
826 0
827 0
828 0
829 0
830 0
831 0
832 0
833 0
834 0
835 0
836 0
837 0
838 0
839 0
840 0
841 0
842 0
843 0
844 0
845 0
846 0
847 0
848 0
849 0
850 0
851 0
852 0
853 0
854 0
855 0
856 0
857 0
858 0
859 0
860 0
861 0
862 0
863 0
864 0
865 0
866 0
867 0
868 0
869 0
870 0
871 0
872 0
873 0
874 0
875 0
876 0
877 0
878 0
879 0
880 0
881 0
882 0
883 0
884 0
885 0
886 0
887 0
888 0
889 0
890 0
891 0
892 0
893 0
894 0
895 0
896 0
897 0
898 0
899 0
900 0
901 0
902 0
903 0
904 0
905 0
906 0
907 0
908 0
909 0
910 0
911 0
912 0
913 0
914 0
915 0
916 0
917 0
918 0
919 0
920 0
921 0
922 0
923 0
924 0
925 0
926 0
927 0
928 0
929 0
930 0
931 0
932 0
933 0
934 0
935 0
936 0
937 0
938 0
939 0
940 0
941 0
942 0
943 0
944 0
945 0
946 0
947 0
948 0
949 0
950 0
951 0
952 0
953 0
954 0
955 0
956 0
957 0
958 0
959 0
960 0
961 0
962 0
963 0
964 0
965 0
966 0
967 0
968 0
969 0
970 0
971 0
972 0
973 0
974 0
975 0
976 0
977 0
978 0
979 0
980 0
981 0
982 0
983 0
984 0
985 0
986 0
987 0
988 0
989 0
990 0
991 0
992 0
993 0
994 0
995 0
996 0
997 0
998 0
999 0
1000 0
1001 0
1002 0
1003 0
1004 0
1005 0
1006 0
1007 0
1008 0
1009 0
1010 0
1011 0
1012 0
1013 0
1014 0
1015 0
1016 0
1017 0
1018 0
1019 0
1020 0
1021 0
1022 0
1023 0
0 32 -0.34385
0 1 0.1346
1 33 0.20291
1 2 0.29303
2 34 -0.19794
2 3 -0.79246
3 35 0.08669
3 4 -0.44698
4 36 1.99166
4 5 0.91053
5 37 0.44633
5 6 0.7667
6 38 1.1182
6 7 -0.53058
7 39 -0.38461
7 8 0.12537
8 40 1.25788
8 9 0.18511
9 41 -1.07556
9 10 -0.7634
10 42 -0.35938
10 11 -0.05171
11 43 0.71711
11 12 -0.96095
12 44 -1.74282
12 13 -0.39469
13 45 0.35309
13 14 0.53658
14 46 -0.90422
14 15 -1.63172
15 47 1.81024
15 16 0.03977
16 48 0.576
16 17 -1.29861
17 49 -0.19139
17 18 0.57974
18 50 0.00257
18 19 -1.06319
19 51 0.45493
19 20 -1.33603
20 52 0.1224
20 21 1.19953
21 53 0.11772
21 22 -1.01212
22 54 -0.08883
22 23 0.07433
23 55 -0.45344
23 24 -1.97628
24 56 1.38067
24 25 -1.98922
25 57 0.91621
25 26 0.026
26 58 0.3891
26 27 0.44846
27 59 0.18006
27 28 -0.74607
28 60 -1.32957
28 29 -2.49494
29 61 -0.8344
29 30 -1.08384
30 62 -0.64743
30 31 0.29179
31 63 1.378
0 31 -0.83682
32 64 -0.70667
32 33 -1.22297
33 65 -0.18875
33 34 0.5876
34 66 -0.85012
34 35 -0.35998
35 67 0.93933
35 36 -0.17155
36 68 -0.7365
36 37 -1.08974
37 69 -0.04884
37 38 -0.56894
38 70 -1.34129
38 39 -0.02569
39 71 0.32646
39 40 0.92669
40 72 0.17447
40 41 0.14849
41 73 0.01643
41 42 2.61797
42 74 -0.13071
42 43 0.26239
43 75 -1.14407
43 44 -0.33864
44 76 -1.23128
44 45 0.9445
45 77 0.63463
45 46 -0.36423
46 78 0.32141
46 47 0.19647
47 79 0.58076
47 48 -0.88238
48 80 -1.07387
48 49 -0.24658
49 81 0.49689
49 50 1.6142
50 82 1.04291
50 51 -0.03614
51 83 -0.86133
51 52 1.28823
52 84 -0.74193
52 53 1.41081
53 85 0.26757
53 54 0.70455
54 86 -0.28504
54 55 0.10379
55 87 0.9468
55 56 -1.62267
56 88 -2.03287
56 57 2.60356
57 89 -1.25888
57 58 2.42671
58 90 0.78882
58 59 -0.33221
59 91 -1.28476
59 60 -0.83706
60 92 -0.17944
60 61 1.15627
61 93 -0.31328
61 62 -0.8027
62 94 -0.88756
62 63 -1.98705
63 95 -0.48221
32 63 1.15541
64 96 0.56397
64 65 -1.24864
65 97 -0.2734
65 66 0.14878
66 98 0.27932
66 67 -0.60513
67 99 0.80688
67 68 -0.15073
68 100 0.51415
68 69 0.21147
69 101 0.77214
69 70 -0.29729
70 102 -0.62621
70 71 -0.82232
71 103 1.58248
71 72 -0.57893
72 104 0.4693
72 73 -1.26907
73 105 -0.75983
73 74 -0.22817
74 106 0.48107
74 75 1.27622
75 107 1.2533
75 76 1.03097
76 108 1.16062
76 77 -0.81324
77 109 1.777
77 78 -0.66192
78 110 0.94196
78 79 -2.25225
79 111 -1.20421
79 80 -1.34671
80 112 -0.96648
80 81 -1.11637
81 113 0.35858
81 82 -1.05957
82 114 -0.2362
82 83 -0.97598
83 115 0.61065
83 84 -0.1619
84 116 -1.63628
84 85 -0.55666
85 117 0.18999
85 86 -1.51557
86 118 -1.01857
86 87 0.68222
87 119 -0.39462
87 88 1.38597
88 120 0.47829
88 89 0.73281
89 121 -0.16789
89 90 0.28526
90 122 0.62659
90 91 0.60675
91 123 -0.1273
91 92 -0.89672
92 124 0.74692
92 93 0.06802
93 125 1.15387
93 94 -0.54439
94 126 0.4298
94 95 0.70022
95 127 0.64028
64 95 -1.60602
96 128 0.20678
96 97 -1.52777
97 129 -0.68514
97 98 0.56707
98 130 0.72705
98 99 1.40814
99 131 -1.4556
99 100 -0.2232
100 132 -0.5298
100 101 0.29315
101 133 -0.24109
101 102 0.91849
102 134 -0.32371
102 103 -1.06405
103 135 -1.66793
103 104 -0.38843
104 136 0.62427
104 105 1.26528
105 137 -0.20082
105 106 -1.20497
106 138 -1.02371
106 107 -1.26425
107 139 -1.01642
107 108 0.42519
108 140 1.33869
108 109 1.23934
109 141 -1.4837
109 110 -0.04379
110 142 -1.23318
110 111 -0.44139
111 143 -0.06741
111 112 0.7422
112 144 0.92872
112 113 0.63653
113 145 1.02346
113 114 -1.17243
114 146 -0.78472
114 115 -0.58153
115 147 -1.39548
115 116 -2.36809
116 148 -1.03345
116 117 -1.50004
117 149 0.19963
117 118 1.13366
118 150 -0.72818
118 119 -0.06237
119 151 -0.24512
119 120 -1.45429
120 152 1.45566
120 121 -0.51802
121 153 1.20017
121 122 0.18055
122 154 1.94654
122 123 -0.46326
123 155 1.03404
123 124 0.78234
124 156 -1.14591
124 125 1.254
125 157 -0.43976
125 126 -0.14248
126 158 0.14653
126 127 1.09784
127 159 0.09735
96 127 0.21139
128 160 1.22322
128 129 -0.6309
129 161 0.25245
129 130 -0.5674
130 162 -1.26045
130 131 -0.16955
131 163 -0.68322
131 132 1.73246
132 164 -0.2652
132 133 0.42546
133 165 -1.718
133 134 -0.89337
134 166 -0.78678
134 135 0.26749
135 167 -0.99773
135 136 1.37118
136 168 -1.38274
136 137 1.50813
137 169 1.0858
137 138 0.07263
138 170 0.10788
138 139 1.26864
139 171 -1.22936
139 140 0.37812
140 172 1.18288
140 141 -0.33703
141 173 -0.26317
141 142 -0.38826
142 174 -2.03369
142 143 -0.22322
143 175 -0.46725
143 144 0.28082
144 176 -0.29094
144 145 0.18311
145 177 -0.40052
145 146 0.24033
146 178 -0.28503
146 147 0.34442
147 179 -0.46556
147 148 0.74132
148 180 -1.1811
148 149 1.58529
149 181 -0.42995
149 150 -0.5808
150 182 -0.98374
150 151 0.45484
151 183 -0.33212
151 152 -0.45871
152 184 0.58089
152 153 -0.93701
153 185 0.67981
153 154 0.64595
154 186 -2.60805
154 155 1.39321
155 187 -1.99282
155 156 -1.15837
156 188 -0.51153
156 157 -0.34825
157 189 1.80692
157 158 -0.16921
158 190 -0.98854
158 159 -1.16123
159 191 0.31712
128 159 -0.16669
160 192 -0.23304
160 161 0.97565
161 193 0.4176
161 162 0.44259
162 194 0.26864
162 163 0.64636
163 195 -0.32497
163 164 0.42317
164 196 -1.15515
164 165 2.67471
165 197 -1.21058
165 166 -0.64835
166 198 1.07696
166 167 -0.16597
167 199 -0.53329
167 168 -1.56932
168 200 -0.80022
168 169 1.54176
169 201 -0.74983
169 170 -0.99689
170 202 0.81606
170 171 -0.48766
171 203 -0.51695
171 172 1.33914
172 204 1.23865
172 173 -0.31211
173 205 -1.96722
173 174 1.79894
174 206 2.27261
174 175 0.192
175 207 1.71588
175 176 1.26323
176 208 -0.95207
176 177 1.99542
177 209 -0.69938
177 178 -1.81902
178 210 1.10287
178 179 -0.11705
179 211 1.21101
179 180 -0.25733
180 212 -0.93846
180 181 -3.08146
181 213 0.68319
181 182 -1.07234
182 214 -0.68957
182 183 -1.00569
183 215 0.13394
183 184 -0.30653
184 216 2.14271
184 185 -0.75926
185 217 -0.49923
185 186 0.76915
186 218 -0.98104
186 187 1.10061
187 219 -0.87767
187 188 0.62919
188 220 -1.22102
188 189 0.57153
189 221 -0.59087
189 190 -1.03945
190 222 0.2388
190 191 0.27368
191 223 -0.74922
160 191 0.3547
192 224 0.55012
192 193 0.09069
193 225 0.04212
193 194 1.37849
194 226 -0.75203
194 195 -1.00032
195 227 1.42132
195 196 0.97955
196 228 0.94461
196 197 -0.28982
197 229 0.63364
197 198 1.88575
198 230 0.32628
198 199 1.4535
199 231 -0.65708
199 200 0.23436
200 232 -0.79914
200 201 0.89422
201 233 -0.64211
201 202 0.86966
202 234 -0.25658
202 203 0.3613
203 235 1.36093
203 204 0.71261
204 236 2.33706
204 205 -0.56182
205 237 -0.39157
205 206 0.0795
206 238 0.40766
206 207 -0.554
207 239 0.93726
207 208 0.98432
208 240 -1.31695
208 209 -0.02491
209 241 1.17738
209 210 0.91297
210 242 -1.1704
210 211 -0.58067
211 243 1.39645
211 212 -0.75926
212 244 1.56116
212 213 -1.05393
213 245 0.85582
213 214 -0.75473
214 246 -0.64115
214 215 0.94217
215 247 -1.46614
215 216 0.0926
216 248 -1.58586
216 217 -0.05973
217 249 1.59994
217 218 0.06806
218 250 -1.60254
218 219 1.563
219 251 1.36511
219 220 0.93122
220 252 0.3135
220 221 0.39775
221 253 0.54449
221 222 1.34032
222 254 -0.96448
222 223 1.20412
223 255 0.19338
192 223 -0.53658
224 256 -1.95671
224 225 1.66863
225 257 -0.52026
225 226 0.2612
226 258 0.01213
226 227 -1.60259
227 259 -0.67414
227 228 1.64061
228 260 3.13158
228 229 -0.34926
229 261 -1.66395
229 230 0.49833
230 262 0.90609
230 231 2.09193
231 263 0.022
231 232 -0.0144
232 264 -0.02747
232 233 -0.40861
233 265 0.95654
233 234 -1.42452
234 266 -0.88309
234 235 -0.52834
235 267 1.09449
235 236 0.74948
236 268 0.45647
236 237 -0.03323
237 269 0.151
237 238 -0.48974
238 270 -0.19242
238 239 0.05905
239 271 -1.39966
239 240 -0.76106
240 272 0.23299
240 241 -1.03024
241 273 1.30948
241 242 -1.33298
242 274 2.12852
242 243 2.38289
243 275 -0.47606
243 244 0.51121
244 276 -1.27394
244 245 0.85641
245 277 -0.35413
245 246 0.86168
246 278 0.52092
246 247 -0.03217
247 279 -2.49012
247 248 -1.01196
248 280 -0.35831
248 249 -1.03128
249 281 -1.87088
249 250 1.13033
250 282 -0.41649
250 251 -0.30725
251 283 0.06602
251 252 0.23087
252 284 -1.85413
252 253 0.6915
253 285 0.40779
253 254 0.15186
254 286 -0.51425
254 255 1.59817
255 287 1.7718
224 255 -0.19269
256 288 1.2907
256 257 0.32602
257 289 -0.7289
257 258 1.99195
258 290 -0.72018
258 259 -0.87609
259 291 0.1758
259 260 -0.201
260 292 -0.45236
260 261 0.01548
261 293 -0.08195
261 262 0.2173
262 294 0.44795
262 263 -1.86802
263 295 0.37449
263 264 -2.03967
264 296 0.77512
264 265 -0.94757
265 297 -0.21083
265 266 0.56666
266 298 -0.7211
266 267 0.93832
267 299 1.14485
267 268 0.10961
268 300 0.42672
268 269 0.65259
269 301 -2.54846
269 270 -0.25974
270 302 0.16634
270 271 1.2227
271 303 -0.93229
271 272 0.79887
272 304 0.70968
272 273 0.01466
273 305 -2.53754
273 274 -0.15253
274 306 0.28027
274 275 -1.06283
275 307 1.1352
275 276 -0.48714
276 308 -0.17057
276 277 1.14749
277 309 -0.06522
277 278 -1.11053
278 310 -0.39984
278 279 0.52756
279 311 -0.41279
279 280 0.87795
280 312 0.08165
280 281 -1.17064
281 313 -0.54295
281 282 -0.82516
282 314 0.97722
282 283 -1.17378
283 315 1.75223
283 284 0.90619
284 316 -0.06289
284 285 1.27542
285 317 0.4432
285 286 1.09623
286 318 -0.54937
286 287 0.85038
287 319 -1.06919
256 287 -2.80116
288 320 1.05267
288 289 -0.96923
289 321 -0.53843
289 290 0.07935
290 322 -0.01291
290 291 1.25507
291 323 -0.02539
291 292 0.73323
292 324 -0.05911
292 293 -0.49933
293 325 -0.12655
293 294 0.77306
294 326 -0.77088
294 295 -0.92922
295 327 -0.49164
295 296 0.04945
296 328 -1.09711
296 297 -0.41244
297 329 0.1023
297 298 0.89619
298 330 1.00794
298 299 1.88158
299 331 -0.83324
299 300 -0.80718
300 332 0.78988
300 301 0.02499
301 333 -1.58932
301 302 -0.59675
302 334 1.11469
302 303 -0.34876
303 335 -0.80136
303 304 -0.34856
304 336 1.90184
304 305 -0.23689
305 337 1.36771
305 306 0.44316
306 338 0.21437
306 307 1.34279
307 339 -0.74349
307 308 0.40222
308 340 -0.63355
308 309 -1.08183
309 341 -1.08598
309 310 0.27342
310 342 -1.04294
310 311 -0.05114
311 343 -1.70167
311 312 -0.04984
312 344 -0.99766
312 313 0.52889
313 345 1.80862
313 314 -0.01818
314 346 -0.52388
314 315 0.24497
315 347 -1.69043
315 316 1.4174
316 348 -0.78637
316 317 0.72523
317 349 0.73885
317 318 -1.17318
318 350 -0.96589
318 319 0.26273
319 351 2.59078
288 319 -1.69107
320 352 -0.31582
320 321 0.82242
321 353 -2.66879
321 322 -0.89669
322 354 -0.04948
322 323 -0.90184
323 355 0.24352
323 324 0.87333
324 356 -1.13974
324 325 -1.31465
325 357 2.13155
325 326 -0.75827
326 358 1.41144
326 327 0.60256
327 359 -0.38968
327 328 0.09312
328 360 1.26729
328 329 0.2159
329 361 0.8433
329 330 -0.8055
330 362 1.04904
330 331 0.07779
331 363 0.54352
331 332 -1.80756
332 364 -0.08249
332 333 0.95852
333 365 0.50775
333 334 -0.01142
334 366 1.44678
334 335 0.43627
335 367 -1.69876
335 336 -1.87294
336 368 0.20013
336 337 -0.70815
337 369 -0.11126
337 338 -0.11576
338 370 0.49196
338 339 0.32336
339 371 1.23668
339 340 -1.06485
340 372 -0.98259
340 341 -0.40925
341 373 0.65291
341 342 -1.16629
342 374 0.5012
342 343 -0.64038
343 375 0.05277
343 344 -0.49708
344 376 -0.36292
344 345 -0.81566
345 377 -1.32826
345 346 -1.83094
346 378 0.39456
346 347 0.18244
347 379 0.46515
347 348 -0.1126
348 380 0.91732
348 349 1.47611
349 381 -0.41233
349 350 0.53795
350 382 -0.32693
350 351 -1.57669
351 383 0.41992
320 351 0.18722
352 384 -0.65876
352 353 -0.78851
353 385 0.37458
353 354 0.68428
354 386 -0.12431
354 355 -0.21879
355 387 -1.1325
355 356 -1.31574
356 388 0.80815
356 357 -0.94939
357 389 1.54433
357 358 -1.4003
358 390 1.60074
358 359 0.51854
359 391 2.07476
359 360 -1.20014
360 392 0.24794
360 361 0.82717
361 393 0.72126
361 362 -1.05329
362 394 -0.62423
362 363 0.2939
363 395 -0.78966
363 364 -0.56364
364 396 -0.2643
364 365 0.7717
365 397 0.63116
365 366 -0.86549
366 398 -1.89041
366 367 0.23364
367 399 -0.80221
367 368 -0.49535
368 400 1.41906
368 369 -1.01626
369 401 -0.87338
369 370 1.40805
370 402 -0.7129
370 371 0.06156
371 403 0.80625
371 372 1.34552
372 404 1.51196
372 373 0.44705
373 405 -0.19987
373 374 0.20386
374 406 -0.77566
374 375 0.4105
375 407 -0.99804
375 376 -1.50875
376 408 -0.27767
376 377 0.91145
377 409 0.32748
377 378 -1.36118
378 410 -1.04991
378 379 -1.25196
379 411 -0.53919
379 380 -0.54076
380 412 0.22043
380 381 0.82002
381 413 -1.66803
381 382 0.81051
382 414 0.46119
382 383 1.09004
383 415 -0.43452
352 383 -0.57778
384 416 0.80658
384 385 0.2556
385 417 -1.44391
385 386 0.75341
386 418 0.75879
386 387 0.96302
387 419 0.00253
387 388 -1.45622
388 420 0.13044
388 389 1.33449
389 421 0.06215
389 390 -0.43409
390 422 0.3947
390 391 0.61688
391 423 -0.90954
391 392 0.10731
392 424 -0.38442
392 393 1.47937
393 425 -0.05295
393 394 1.38423
394 426 1.73473
394 395 0.38837
395 427 0.74316
395 396 -1.62217
396 428 0.34165
396 397 -1.08939
397 429 -0.07542
397 398 0.71345
398 430 0.23711
398 399 0.48768
399 431 1.09258
399 400 0.52718
400 432 0.50818
400 401 -0.87372
401 433 0.36759
401 402 -0.85246
402 434 1.24094
402 403 0.8089
403 435 0.62172
403 404 0.66408
404 436 0.49428
404 405 -0.73185
405 437 -1.22308
405 406 1.33041
406 438 -0.42148
406 407 1.05516
407 439 -2.11724
407 408 0.49045
408 440 -1.73468
408 409 -1.29172
409 441 -1.87795
409 410 2.17559
410 442 1.08146
410 411 -1.41714
411 443 -0.33923
411 412 -0.03012
412 444 -0.37392
412 413 0.51278
413 445 1.06305
413 414 1.83934
414 446 -0.93568
414 415 0.65296
415 447 -0.56798
384 415 1.79479
416 448 1.88491
416 417 -0.29327
417 449 1.05635
417 418 0.68259
418 450 -0.36937
418 419 0.75743
419 451 0.50421
419 420 -1.65192
420 452 -1.46158
420 421 0.62006
421 453 0.62635
421 422 -1.59196
422 454 -1.85261
422 423 -1.07125
423 455 0.09584
423 424 -0.79833
424 456 -2.06089
424 425 -0.70257
425 457 0.40221
425 426 0.3767
426 458 0.35068
426 427 2.33807
427 459 -0.1756
427 428 0.48459
428 460 1.13348
428 429 1.00578
429 461 -1.27182
429 430 -0.05561
430 462 -1.05128
430 431 2.62902
431 463 0.73665
431 432 -0.78198
432 464 1.17129
432 433 0.8568
433 465 -0.11281
433 434 0.5589
434 466 -1.24373
434 435 0.01784
435 467 0.70501
435 436 0.03262
436 468 0.39455
436 437 0.9364
437 469 0.15823
437 438 0.67105
438 470 -1.30001
438 439 -1.84853
439 471 -0.75831
439 440 -1.12216
440 472 -0.60004
440 441 -0.88141
441 473 -1.41483
441 442 -0.13141
442 474 -0.16338
442 443 0.68481
443 475 -0.62968
443 444 -1.14408
444 476 1.72531
444 445 -0.18626
445 477 -0.552
445 446 -0.06335
446 478 -0.14126
446 447 -0.14296
447 479 0.16003
416 447 -0.09324
448 480 -0.14161
448 449 -0.57339
449 481 -0.90855
449 450 0.01909
450 482 -1.24871
450 451 -0.34759
451 483 0.43391
451 452 1.734
452 484 0.74139
452 453 -1.09988
453 485 -0.33632
453 454 -1.42658
454 486 -0.2006
454 455 -0.83707
455 487 -0.99483
455 456 0.16198
456 488 -0.03383
456 457 0.52432
457 489 1.14945
457 458 1.12794
458 490 1.49594
458 459 -0.35561
459 491 -0.73165
459 460 -1.20561
460 492 -0.02876
460 461 -1.15895
461 493 0.82311
461 462 -0.38453
462 494 0.50164
462 463 -0.53301
463 495 -0.04642
463 464 -1.29591
464 496 -0.46713
464 465 0.92432
465 497 0.03502
465 466 0.60705
466 498 1.47874
466 467 0.25925
467 499 0.44233
467 468 -2.1087
468 500 -0.06908
468 469 -2.50309
469 501 -0.58842
469 470 0.81833
470 502 0.91748
470 471 -0.90126
471 503 -1.14091
471 472 0.14053
472 504 0.47368
472 473 -0.71465
473 505 -1.46137
473 474 0.43227
474 506 -1.51853
474 475 0.00794
475 507 0.22994
475 476 -1.05511
476 508 2.00285
476 477 0.26984
477 509 -0.96258
477 478 1.37996
478 510 -1.69674
478 479 -0.11433
479 511 -1.01056
448 479 0.85715
480 512 -2.19197
480 481 1.48034
481 513 0.16351
481 482 2.54223
482 514 -0.26882
482 483 0.34669
483 515 -0.71119
483 484 -0.87499
484 516 -0.43066
484 485 0.71289
485 517 0.03249
485 486 0.12531
486 518 -0.68909
486 487 -0.74018
487 519 -1.04322
487 488 0.39809
488 520 -0.51645
488 489 -0.70006
489 521 -0.04393
489 490 0.20321
490 522 -0.14326
490 491 -0.32552
491 523 -0.87757
491 492 0.73289
492 524 0.67489
492 493 1.35098
493 525 -0.56461
493 494 -1.27028
494 526 -0.307
494 495 1.33553
495 527 -0.88298
495 496 -2.4222
496 528 0.32634
496 497 -0.54985
497 529 0.72511
497 498 -1.64647
498 530 -0.48258
498 499 -0.4854
499 531 -0.40635
499 500 -0.61108
500 532 -0.42674
500 501 0.58008
501 533 1.46463
501 502 0.45309
502 534 0.30891
502 503 -1.07684
503 535 -0.40694
503 504 0.59277
504 536 0.41416
504 505 -0.90698
505 537 0.91416
505 506 0.65488
506 538 -1.33267
506 507 1.79732
507 539 1.08696
507 508 1.10108
508 540 0.21749
508 509 0.24028
509 541 -0.2782
509 510 3.48899
510 542 -1.23917
510 511 0.07227
511 543 -2.9183
480 511 1.58661
512 544 0.31744
512 513 -0.8617
513 545 -0.5922
513 514 0.25894
514 546 -0.01257
514 515 -0.68796
515 547 -0.52639
515 516 -0.407
516 548 -1.38374
516 517 1.16024
517 549 1.97033
517 518 0.1668
518 550 1.14943
518 519 0.81326
519 551 0.08306
519 520 -1.59519
520 552 -0.0662
520 521 -0.02333
521 553 -0.0973
521 522 -1.01948
522 554 -1.16682
522 523 -0.15811
523 555 1.13585
523 524 -1.00521
524 556 -0.77195
524 525 -0.95707
525 557 0.90819
525 526 -1.3286
526 558 0.22983
526 527 1.26744
527 559 -0.42465
527 528 -0.58804
528 560 -0.80095
528 529 -0.09924
529 561 -0.61462
529 530 -0.19524
530 562 0.08899
530 531 0.13893
531 563 -0.38374
531 532 -0.01685
532 564 0.5374
532 533 0.73205
533 565 1.19107
533 534 -2.3343
534 566 0.24917
534 535 -0.99536
535 567 -0.62394
535 536 0.5727
536 568 -0.09356
536 537 -0.25037
537 569 0.48319
537 538 -1.07627
538 570 0.82265
538 539 1.86202
539 571 0.34136
539 540 0.04655
540 572 -1.70819
540 541 -0.89423
541 573 -0.04511
541 542 0.30967
542 574 -1.16079
542 543 -0.57839
543 575 -1.26673
512 543 -0.97607
544 576 -0.83107
544 545 0.40403
545 577 -2.37816
545 546 0.72703
546 578 0.77376
546 547 -0.37272
547 579 -0.05919
547 548 -0.52885
548 580 -1.88458
548 549 0.53537
549 581 -0.69007
549 550 -0.66581
550 582 -0.69003
550 551 1.87185
551 583 0.38285
551 552 -0.19058
552 584 -0.28507
552 553 0.86812
553 585 -0.68504
553 554 -0.13873
554 586 1.47883
554 555 1.28068
555 587 0.51887
555 556 -1.05377
556 588 0.44149
556 557 1.0746
557 589 1.11668
557 558 0.55056
558 590 -0.07485
558 559 -0.81373
559 591 0.14855
559 560 1.0478
560 592 0.95308
560 561 -0.10291
561 593 -0.92988
561 562 -0.05286
562 594 -1.23979
562 563 1.37745
563 595 0.22384
563 564 -1.49296
564 596 -0.23194
564 565 -0.2694
565 597 -1.55893
565 566 0.87903
566 598 1.26324
566 567 -0.23637
567 599 0.13023
567 568 -1.86058
568 600 0.70379
568 569 0.91388
569 601 1.62894
569 570 -2.26621
570 602 3.53541
570 571 0.14656
571 603 -0.04632
571 572 1.49871
572 604 -1.0874
572 573 -1.75034
573 605 -0.84479
573 574 -1.11065
574 606 0.75664
574 575 -0.65423
575 607 -0.31192
544 575 0.13823
576 608 -0.53802
576 577 -0.93089
577 609 -2.5532
577 578 0.28925
578 610 0.66382
578 579 0.36747
579 611 0.29028
579 580 0.08059
580 612 0.38934
580 581 -0.04501
581 613 0.83796
581 582 -0.32669
582 614 0.6736
582 583 -1.80342
583 615 -1.01179
583 584 -0.04559
584 616 -0.78914
584 585 -0.11
585 617 0.06966
585 586 0.15716
586 618 2.02367
586 587 -0.10859
587 619 0.32609
587 588 0.75959
588 620 0.1496
588 589 0.29697
589 621 -0.42043
589 590 0.31467
590 622 -1.04159
590 591 -1.08889
591 623 1.32509
591 592 0.84978
592 624 0.73728
592 593 -1.42332
593 625 0.20634
593 594 0.08017
594 626 -1.87559
594 595 1.68183
595 627 -0.08539
595 596 0.58023
596 628 0.24263
596 597 0.97706
597 629 -0.94636
597 598 0.87808
598 630 -0.83196
598 599 -0.79243
599 631 -1.69341
599 600 1.31295
600 632 0.08448
600 601 -1.19577
601 633 -1.09556
601 602 -0.34671
602 634 -1.24149
602 603 -0.33176
603 635 -0.03398
603 604 -0.84488
604 636 0.13565
604 605 0.75622
605 637 -0.77526
605 606 -0.81322
606 638 0.72235
606 607 -0.04897
607 639 0.50057
576 607 0.73889
608 640 -0.81216
608 609 0.00979
609 641 1.02659
609 610 -0.5055
610 642 -0.59463
610 611 1.7103
611 643 2.4716
611 612 0.59891
612 644 -1.60287
612 613 0.40974
613 645 0.72832
613 614 0.71855
614 646 0.33973
614 615 1.02876
615 647 -0.58351
615 616 1.32746
616 648 -0.10701
616 617 -0.16426
617 649 -0.98215
617 618 0.37456
618 650 -0.06399
618 619 0.02277
619 651 0.15425
619 620 0.55051
620 652 -0.26033
620 621 0.8046
621 653 -0.98752
621 622 -0.69769
622 654 -0.59567
622 623 -2.34235
623 655 0.00403
623 624 -0.58766
624 656 0.04397
624 625 -0.58561
625 657 -0.44422
625 626 -0.74253
626 658 -0.51107
626 627 0.25223
627 659 0.21485
627 628 0.532
628 660 0.06502
628 629 1.27254
629 661 0.66683
629 630 2.54542
630 662 -0.91417
630 631 -0.22157
631 663 0.31144
631 632 -1.39571
632 664 1.71228
632 633 0.95923
633 665 -0.66634
633 634 0.09532
634 666 -0.33917
634 635 -1.40593
635 667 1.15354
635 636 1.05103
636 668 -0.04444
636 637 -0.63915
637 669 -0.33322
637 638 0.56177
638 670 -1.6807
638 639 -0.27766
639 671 -0.57452
608 639 -1.44313
640 672 -0.83111
640 641 0.8319
641 673 -0.34479
641 642 -0.68986
642 674 0.22149
642 643 1.39314
643 675 1.31256
643 644 -0.44268
644 676 0.60452
644 645 1.09285
645 677 0.76759
645 646 -1.70496
646 678 -0.19153
646 647 -2.71553
647 679 1.03392
647 648 -0.38732
648 680 -1.21163
648 649 0.26284
649 681 0.89759
649 650 0.32797
650 682 0.43709
650 651 -0.45572
651 683 0.0558
651 652 1.24313
652 684 -0.72755
652 653 0.61586
653 685 0.28386
653 654 -1.2197
654 686 -0.21334
654 655 0.27799
655 687 -0.265
655 656 -0.341
656 688 1.27431
656 657 -0.29768
657 689 -0.53942
657 658 -0.39225
658 690 -1.29176
658 659 -1.0803
659 691 -0.32004
659 660 -0.34043
660 692 -1.93568
660 661 -1.46644
661 693 0.76477
661 662 0.25045
662 694 1.02065
662 663 -1.37663
663 695 0.79966
663 664 -0.23681
664 696 -0.6666
664 665 0.9622
665 697 1.15579
665 666 0.31895
666 698 -1.21463
666 667 -0.13717
667 699 1.61627
667 668 -0.94711
668 700 1.78916
668 669 0.20581
669 701 1.49244
669 670 0.14012
670 702 -0.90151
670 671 0.95097
671 703 0.25228
640 671 -0.48314
672 704 -0.13725
672 673 -1.53495
673 705 -0.83529
673 674 0.01371
674 706 -0.41127
674 675 -2.17113
675 707 0.84937
675 676 0.40654
676 708 0.42225
676 677 -0.82138
677 709 -0.20638
677 678 0.13741
678 710 1.53073
678 679 -0.27519
679 711 -0.8842
679 680 0.96636
680 712 -1.47795
680 681 0.5073
681 713 0.08427
681 682 0.101
682 714 2.2014
682 683 -0.46672
683 715 0.3042
683 684 -0.22749
684 716 1.02718
684 685 1.84132
685 717 0.81688
685 686 -1.35765
686 718 0.06782
686 687 -0.69166
687 719 0.06246
687 688 -1.52817
688 720 0.40709
688 689 0.62815
689 721 1.71869
689 690 0.28377
690 722 -0.18635
690 691 2.31432
691 723 0.72638
691 692 -0.17758
692 724 -1.35276
692 693 -1.40111
693 725 -0.40116
693 694 -1.30477
694 726 -0.90103
694 695 0.99817
695 727 0.18637
695 696 -1.10587
696 728 -0.46097
696 697 0.36187
697 729 1.76626
697 698 0.13478
698 730 -0.60451
698 699 -1.13523
699 731 0.02521
699 700 -0.65278
700 732 -0.83687
700 701 -1.08996
701 733 0.08408
701 702 -0.76874
702 734 -1.72543
702 703 0.18204
703 735 -1.19537
672 703 0.86013
704 736 0.21367
704 705 1.0569
705 737 -1.85954
705 706 0.66688
706 738 0.53108
706 707 0.44162
707 739 1.20594
707 708 -0.20599
708 740 -0.25563
708 709 -0.19108
709 741 1.28222
709 710 -0.42668
710 742 0.87226
710 711 -0.61486
711 743 2.03877
711 712 1.01166
712 744 -1.93383
712 713 0.75916
713 745 -0.7837
713 714 -1.19378
714 746 -1.12415
714 715 1.30806
715 747 0.55589
715 716 0.0276
716 748 0.19269
716 717 -0.74893
717 749 -0.52981
717 718 0.43518
718 750 -0.65347
718 719 -0.23711
719 751 -0.85888
719 720 0.89402
720 752 1.66564
720 721 1.36211
721 753 0.64728
721 722 1.32339
722 754 -1.00999
722 723 1.53747
723 755 0.84827
723 724 -1.7975
724 756 0.07609
724 725 -1.15621
725 757 -0.20121
725 726 1.43049
726 758 -1.64544
726 727 1.26999
727 759 0.42936
727 728 0.44977
728 760 -1.18269
728 729 0.94374
729 761 0.28697
729 730 -0.62589
730 762 1.10191
730 731 0.21631
731 763 -0.63311
731 732 -0.39037
732 764 -0.26903
732 733 1.75378
733 765 0.94771
733 734 -0.20524
734 766 0.66255
734 735 0.26315
735 767 0.28724
704 735 -0.74007
736 768 -0.34846
736 737 0.5481
737 769 0.18919
737 738 0.3177
738 770 -1.03389
738 739 -1.28495
739 771 0.38526
739 740 0.21305
740 772 -0.3423
740 741 0.14783
741 773 0.6434
741 742 -0.89369
742 774 0.07111
742 743 0.73276
743 775 -2.05065
743 744 0.41998
744 776 -0.24648
744 745 -0.19861
745 777 -0.79801
745 746 0.17067
746 778 -0.19429
746 747 1.23128
747 779 0.02529
747 748 0.93935
748 780 -0.74774
748 749 0.21788
749 781 0.69012
749 750 -0.68298
750 782 0.81328
750 751 0.03483
751 783 0.8101
751 752 -0.25349
752 784 1.48761
752 753 0.88929
753 785 -0.19417
753 754 0.24369
754 786 -3.14279
754 755 0.41671
755 787 -1.61885
755 756 -0.31023
756 788 -0.45371
756 757 -0.35718
757 789 1.1814
757 758 1.63122
758 790 0.02295
758 759 1.71594
759 791 0.60146
759 760 -0.13692
760 792 -0.13676
760 761 -0.00803
761 793 -0.49666
761 762 -1.13448
762 794 0.54732
762 763 0.4891
763 795 -0.11384
763 764 -0.82902
764 796 0.86359
764 765 -0.70005
765 797 0.47326
765 766 1.6816
766 798 0.93342
766 767 -0.4083
767 799 -0.83014
736 767 0.74769
768 800 0.96944
768 769 -0.85569
769 801 -0.02558
769 770 -0.26385
770 802 0.61336
770 771 -0.82413
771 803 -0.89135
771 772 -0.54397
772 804 -0.59397
772 773 -1.57948
773 805 -0.21181
773 774 -0.547
774 806 -1.1306
774 775 -0.2464
775 807 2.37203
775 776 0.73312
776 808 -1.3012
776 777 1.13629
777 809 0.72931
777 778 -0.14794
778 810 -1.41438
778 779 1.28107
779 811 0.31614
779 780 -1.11382
780 812 -1.2588
780 781 -1.50999
781 813 -1.28096
781 782 -1.18481
782 814 -0.13384
782 783 -1.51476
783 815 -1.77949
783 784 1.67151
784 816 1.42977
784 785 0.22534
785 817 -1.00968
785 786 -0.55492
786 818 0.22748
786 787 1.89691
787 819 0.13834
787 788 1.38591
788 820 -1.74232
788 789 -0.77793
789 821 -1.74926
789 790 0.03018
790 822 -1.87063
790 791 0.723
791 823 -1.01256
791 792 -0.6875
792 824 -0.14918
792 793 0.55129
793 825 -0.00339
793 794 -0.68447
794 826 -0.71348
794 795 0.01083
795 827 0.54691
795 796 0.73926
796 828 0.0798
796 797 -0.68251
797 829 -1.7147
797 798 -0.76295
798 830 0.8756
798 799 -0.70472
799 831 0.31683
768 799 0.79488
800 832 -0.84323
800 801 1.30907
801 833 -0.29539
801 802 0.23925
802 834 1.9704
802 803 -0.77856
803 835 1.49567
803 804 -0.40496
804 836 1.21903
804 805 0.2699
805 837 1.79647
805 806 1.56657
806 838 -0.38974
806 807 -0.26037
807 839 0.75479
807 808 0.91283
808 840 -1.69977
808 809 -0.12827
809 841 0.52552
809 810 -0.49169
810 842 0.97347
810 811 0.11937
811 843 0.36246
811 812 0.25337
812 844 -0.4932
812 813 -0.8611
813 845 0.46038
813 814 -0.87489
814 846 -1.89971
814 815 -0.2838
815 847 -0.80018
815 816 0.89113
816 848 0.06837
816 817 0.87027
817 849 -0.35899
817 818 -0.84356
818 850 -0.91639
818 819 0.13716
819 851 -0.03866
819 820 1.25377
820 852 0.56482
820 821 -0.15394
821 853 0.35829
821 822 0.66787
822 854 0.65554
822 823 -1.21852
823 855 0.94554
823 824 -0.30184
824 856 -2.65906
824 825 0.18151
825 857 2.96053
825 826 0.16212
826 858 -0.58384
826 827 -0.1255
827 859 -0.0517
827 828 -0.1358
828 860 1.13998
828 829 0.29132
829 861 -0.19989
829 830 -0.45714
830 862 -2.07392
830 831 1.33896
831 863 1.4991
800 831 -0.69849
832 864 0.01753
832 833 0.48178
833 865 1.01922
833 834 1.07506
834 866 -0.68963
834 835 -0.2864
835 867 -0.39098
835 836 -1.74425
836 868 -0.70534
836 837 0.60395
837 869 0.60482
837 838 0.11624
838 870 -0.98745
838 839 2.74926
839 871 0.46365
839 840 -0.19885
840 872 -0.91806
840 841 1.08746
841 873 0.81799
841 842 -0.26869
842 874 -0.74713
842 843 -1.67702
843 875 0.82131
843 844 0.51463
844 876 0.07628
844 845 0.4601
845 877 -2.58552
845 846 0.88044
846 878 -0.18356
846 847 -0.59387
847 879 -2.1431
847 848 1.29016
848 880 0.29989
848 849 -0.3494
849 881 -0.72384
849 850 -1.28216
850 882 -0.69208
850 851 1.05078
851 883 -0.10331
851 852 -0.27712
852 884 -0.80152
852 853 0.41897
853 885 -0.80372
853 854 -0.70106
854 886 0.15097
854 855 -1.44575
855 887 1.03056
855 856 -0.31549
856 888 -0.22449
856 857 -0.26891
857 889 0.8846
857 858 0.51355
858 890 0.88871
858 859 0.34523
859 891 -0.77377
859 860 0.26372
860 892 0.85259
860 861 -1.27127
861 893 -0.84446
861 862 -0.81405
862 894 0.61068
862 863 -1.89835
863 895 0.55682
832 863 2.59339
864 896 0.02144
864 865 -1.00553
865 897 -0.58928
865 866 -0.3943
866 898 -1.91073
866 867 -0.67807
867 899 0.00555
867 868 -1.70574
868 900 -1.15594
868 869 -0.45798
869 901 0.92942
869 870 1.39796
870 902 -0.91729
870 871 -0.89917
871 903 1.38996
871 872 1.06279
872 904 -0.09559
872 873 0.89311
873 905 -0.43324
873 874 -0.06091
874 906 -0.96111
874 875 -0.20336
875 907 -1.5178
875 876 1.32717
876 908 -0.01149
876 877 -0.66002
877 909 -0.44701
877 878 -1.17725
878 910 -0.39984
878 879 -0.45624
879 911 -0.66057
879 880 -1.22712
880 912 -1.19651
880 881 1.93364
881 913 -2.20911
881 882 1.603
882 914 -0.83148
882 883 -1.64519
883 915 0.67509
883 884 -1.15423
884 916 1.03404
884 885 0.40755
885 917 0.09978
885 886 -0.15167
886 918 -0.90728
886 887 0.13828
887 919 -0.55082
887 888 0.55142
888 920 -0.16518
888 889 2.30472
889 921 -1.19913
889 890 0.78885
890 922 0.42366
890 891 -1.21961
891 923 -0.40467
891 892 0.45826
892 924 -1.97193
892 893 -1.09208
893 925 -0.72899
893 894 -0.78463
894 926 -0.37187
894 895 1.55455
895 927 -1.03329
864 895 1.34264
896 928 -0.2016
896 897 -1.21638
897 929 -2.08372
897 898 -1.09315
898 930 1.074
898 899 -1.6339
899 931 -2.15951
899 900 1.51305
900 932 0.75095
900 901 -1.6358
901 933 -0.44645
901 902 -1.01646
902 934 0.01321
902 903 -0.54253
903 935 0.85392
903 904 0.66674
904 936 -1.42864
904 905 0.22306
905 937 1.5471
905 906 -0.72323
906 938 0.92693
906 907 -1.65331
907 939 1.39337
907 908 1.6335
908 940 -0.36806
908 909 0.26101
909 941 0.31335
909 910 -0.48212
910 942 1.53574
910 911 -0.48351
911 943 0.36078
911 912 1.83447
912 944 0.93794
912 913 -0.17887
913 945 -1.23123
913 914 1.07844
914 946 0.90887
914 915 0.02254
915 947 0.8063
915 916 1.01664
916 948 -0.55053
916 917 -0.56744
917 949 -0.99306
917 918 0.64851
918 950 1.32502
918 919 0.30164
919 951 1.12678
919 920 0.43666
920 952 -0.42021
920 921 -1.70496
921 953 1.24771
921 922 0.29204
922 954 -1.63218
922 923 -0.99347
923 955 1.27419
923 924 2.58517
924 956 0.6664
924 925 0.25795
925 957 -0.44332
925 926 0.11466
926 958 -0.52546
926 927 -0.35204
927 959 -0.17221
896 927 -0.88773
928 960 -1.25589
928 929 -0.64135
929 961 -0.80529
929 930 -0.37998
930 962 0.78983
930 931 1.68781
931 963 -0.50581
931 932 0.61445
932 964 0.34402
932 933 -2.03849
933 965 -1.04061
933 934 1.44624
934 966 1.03374
934 935 0.10322
935 967 0.04242
935 936 0.28948
936 968 0.29685
936 937 -0.00042
937 969 0.67992
937 938 1.81355
938 970 0.45577
938 939 2.03658
939 971 1.42089
939 940 -0.58705
940 972 -0.37911
940 941 -0.51854
941 973 0.10995
941 942 -0.47094
942 974 1.72226
942 943 0.83401
943 975 -0.62507
943 944 0.62296
944 976 1.35882
944 945 -1.49653
945 977 0.0204
945 946 -1.2402
946 978 -0.03317
946 947 -0.18613
947 979 1.52377
947 948 1.05202
948 980 0.87142
948 949 -0.33169
949 981 -1.15551
949 950 -1.25317
950 982 -0.21067
950 951 1.57
951 983 0.30392
951 952 -1.22479
952 984 -0.20657
952 953 1.46658
953 985 0.17833
953 954 -0.74371
954 986 0.84413
954 955 0.66911
955 987 0.34274
955 956 1.31526
956 988 -1.65608
956 957 -0.80318
957 989 2.29894
957 958 -0.86294
958 990 -1.20887
958 959 0.71883
959 991 0.76527
928 959 -2.21349
960 992 -1.92935
960 961 1.19028
961 993 -0.1747
961 962 -1.15352
962 994 -2.13985
962 963 -2.3969
963 995 -0.80635
963 964 -1.11823
964 996 0.44504
964 965 -0.4197
965 997 1.3769
965 966 0.12247
966 998 -0.32719
966 967 -0.10778
967 999 1.03386
967 968 0.94735
968 1000 0.73583
968 969 -0.18504
969 1001 -0.86873
969 970 -0.90191
970 1002 -0.58569
970 971 0.28529
971 1003 -0.06807
971 972 1.92214
972 1004 1.6024
972 973 -1.74782
973 1005 -0.68921
973 974 0.22285
974 1006 1.28565
974 975 1.33899
975 1007 0.51222
975 976 -0.36996
976 1008 0.31472
976 977 0.29715
977 1009 0.46166
977 978 0.54435
978 1010 -0.72381
978 979 -0.62458
979 1011 -0.95906
979 980 -0.47698
980 1012 0.91768
980 981 2.41287
981 1013 -0.58876
981 982 1.0398
982 1014 0.19734
982 983 1.04835
983 1015 -0.15468
983 984 -0.58185
984 1016 0.03787
984 985 0.42875
985 1017 -1.26089
985 986 -1.25936
986 1018 -0.96008
986 987 -0.8349
987 1019 -1.39383
987 988 -1.00901
988 1020 0.40265
988 989 0.07473
989 1021 -0.36365
989 990 -0.47634
990 1022 -1.64326
990 991 -0.05787
991 1023 1.10291
960 991 0.52456
0 992 0.10537
992 993 0.87386
1 993 0.87688
993 994 -1.13355
2 994 -0.01448
994 995 -2.05157
3 995 1.01643
995 996 0.97006
4 996 0.40905
996 997 0.05508
5 997 0.10598
997 998 0.59414
6 998 -1.18019
998 999 -0.21976
7 999 0.46007
999 1000 0.35037
8 1000 -0.20524
1000 1001 0.56887
9 1001 0.21977
1001 1002 0.41413
10 1002 -1.08109
1002 1003 1.31053
11 1003 -0.58985
1003 1004 1.36906
12 1004 -0.9509
1004 1005 0.43855
13 1005 -0.47297
1005 1006 -0.62954
14 1006 1.42314
1006 1007 0.7759
15 1007 -1.81493
1007 1008 -0.85631
16 1008 -0.25809
1008 1009 -0.64602
17 1009 0.90085
1009 1010 0.87434
18 1010 -1.14517
1010 1011 0.25979
19 1011 0.69564
1011 1012 -0.8864
20 1012 -1.0075
1012 1013 -1.53956
21 1013 -1.16989
1013 1014 0.0554
22 1014 -0.46481
1014 1015 -0.30095
23 1015 -1.14119
1015 1016 1.45893
24 1016 0.3362
1016 1017 0.59174
25 1017 0.67538
1017 1018 -0.36382
26 1018 -0.42005
1018 1019 1.39723
27 1019 -0.47968
1019 1020 0.69767
28 1020 -2.46798
1020 1021 -1.46133
29 1021 -0.55316
1021 1022 0.8461
30 1022 -0.86925
1022 1023 0.40755
31 1023 1.27102
992 1023 0.06912
