# model=rrg N=150 meanJ=0 seed=2036526836 distribution=gaussian field=0 num_fields=150 num_couplings=225
0 0
1 0
2 0
3 0
4 0
5 0
6 0
7 0
8 0
9 0
10 0
11 0
12 0
13 0
14 0
15 0
16 0
17 0
18 0
19 0
20 0
21 0
22 0
23 0
24 0
25 0
26 0
27 0
28 0
29 0
30 0
31 0
32 0
33 0
34 0
35 0
36 0
37 0
38 0
39 0
40 0
41 0
42 0
43 0
44 0
45 0
46 0
47 0
48 0
49 0
50 0
51 0
52 0
53 0
54 0
55 0
56 0
57 0
58 0
59 0
60 0
61 0
62 0
63 0
64 0
65 0
66 0
67 0
68 0
69 0
70 0
71 0
72 0
73 0
74 0
75 0
76 0
77 0
78 0
79 0
80 0
81 0
82 0
83 0
84 0
85 0
86 0
87 0
88 0
89 0
90 0
91 0
92 0
93 0
94 0
95 0
96 0
97 0
98 0
99 0
100 0
101 0
102 0
103 0
104 0
105 0
106 0
107 0
108 0
109 0
110 0
111 0
112 0
113 0
114 0
115 0
116 0
117 0
118 0
119 0
120 0
121 0
122 0
123 0
124 0
125 0
126 0
127 0
128 0
129 0
130 0
131 0
132 0
133 0
134 0
135 0
136 0
137 0
138 0
139 0
140 0
141 0
142 0
143 0
144 0
145 0
146 0
147 0
148 0
149 0
0 49 -1.8435489657979349
0 83 0.181461783112915
0 100 -0.32963436259939211
1 38 1.0212742354409969
1 102 -0.10255872063128489
1 124 1.669255697470484
2 10 -0.42583926689001694
2 91 -1.4120112086614729
2 125 -0.056470323860377036
3 59 0.30777063097747309
3 64 -0.68272738494501817
3 67 -1.6965133199762754
4 82 0.95946415130231955
4 95 1.2154803356493313
4 100 0.76252913444893355
5 52 0.65069362042541523
5 81 -1.7956078600170251
5 93 0.26654762718744635
6 12 0.46556820575776342
6 127 -0.53129442453663711
6 147 1.0886285023424969
7 8 -0.87290730624085711
7 55 -0.6345944399858664
7 116 0.97375780407972601
8 11 1.8212316200783245
8 56 -1.1029817189979829
9 29 1.4936152677868106
9 31 -0.29124842682291846
9 45 1.4600344729329677
10 89 -1.7053222320545227
10 120 0.58756726263486903
11 43 2.6151177708361151
11 116 -0.47330285138892525
12 110 -1.3969423195814969
12 119 -1.036911314985417
13 17 -0.71445480183314003
13 69 -1.1871150284596039
13 84 1.763446503115309
14 65 -0.45992428372706312
14 79 0.45543675942158113
14 88 1.8385608081070364
15 19 -0.39609621803438599
15 30 0.47766989045800584
15 138 -2.7202613982480646
16 40 -0.50252742463467659
16 101 1.8895338666757413
16 118 -0.63195740357672714
17 48 1.2097136729581917
17 141 -0.82632910823848149
18 39 0.23654080930202998
18 78 0.54805889114763451
18 82 -1.1525401131967246
19 104 -2.2368915164401288
19 133 0.53997946066000069
20 21 -0.39228338109547323
20 139 0.82897953445194184
20 142 -0.12468032177258713
21 55 0.01515265540858146
21 60 0.22219283911764132
22 99 -0.62368767199158726
22 106 0.14399030915962682
22 112 -2.098474927501051
23 55 -0.46579006281426372
23 109 0.28731481757869998
23 129 -0.2828844072372359
24 86 -0.61682658782556543
24 98 0.92155051672854738
24 119 -1.8271921740986474
25 34 -0.43788294891180191
25 52 0.92302361313103531
25 99 -0.87079146834829491
26 42 -0.65590355277502954
26 46 -0.18899167701790687
26 106 0.084807618989444486
27 72 -0.30399331366133386
27 89 2.538124458585342
27 131 1.2692912676511496
28 57 0.5044191761810326
28 124 -0.64103110492347704
28 136 -1.5511286182794275
29 37 -0.39266797612026766
29 52 -0.80003843707439359
30 54 -0.68098781719039858
30 122 0.45878605194796868
31 79 0.065365128532275454
31 145 -1.2697395662620168
32 49 -0.14177942981138514
32 61 0.20088019262973877
32 63 -1.0507920855254769
33 61 1.8282104586587453
33 101 -1.5442989918585308
33 141 -0.19635017089658902
34 35 -0.46428013814292268
34 114 -1.3400401475169088
35 56 0.95535125599777215
35 71 -0.54539946543163076
36 41 0.72123066000467151
36 115 -1.1795475847153329
36 136 -0.34243618374696649
37 50 -0.97059252625529968
37 145 0.67123043518103076
38 105 0.15858774141371335
38 135 0.69596467202893064
39 104 -0.30763157892476228
39 131 0.47830419551469883
40 74 0.39443089417679561
40 130 -0.28792503541635472
41 44 0.17043807428622185
41 134 0.77885457331813246
42 121 0.43697520712201854
42 127 -0.41550477103491584
43 87 0.57465813902040075
43 122 0.24955977816931643
44 126 -1.1364669174022772
44 137 -2.2587220360623395
45 87 -0.43178371604929172
45 106 -1.0072904146419124
46 117 0.59988131432525349
46 146 -1.5638108943736313
47 98 -1.0534033194084245
47 116 -0.6194210012646727
47 135 -1.415221667668046
48 112 -0.49248920581611749
48 140 -0.32134330133642608
49 109 -1.8197425058761818
50 77 -0.44386017767986474
50 123 1.0896210086849765
51 68 0.23013786267209593
51 70 0.68036634223061687
51 71 -0.30612519775722435
53 62 -1.7643588648706392
53 138 -0.73210037474170175
53 149 0.2306635707891278
54 85 -0.9040110445151518
54 95 -2.1803178993243715
56 89 0.65116513416993071
57 64 0.11938466312017397
57 94 -1.1715692397102271
58 76 -0.03647247646108745
58 111 -3.5011626215064449
58 120 -0.21258487786166597
59 91 0.58801494304665014
59 101 0.29552481328392677
60 136 -0.44207761291936692
60 145 0.52593321111277913
61 140 -1.3926244058583235
62 93 0.35877658925651834
62 140 -0.52855235886919705
63 73 0.038689785121812495
63 80 -0.48733189005657362
64 85 -0.19813415332955558
65 66 1.729371799132722
65 129 1.5616698494624217
66 90 0.55802449965430079
66 114 0.26776839255847801
67 77 -0.22332724452004754
67 108 -0.37720490947694907
68 73 0.58741817880641867
68 143 -0.16887230623910376
69 102 -1.0044846242124494
69 123 -0.54050058545609025
70 121 0.26071505660820504
70 123 -1.259407930915077
71 107 -0.130274893803911
72 97 -0.45867197678474497
72 131 -1.0375221188744654
73 118 -1.5674123464529366
74 126 0.62263174554803924
74 148 -2.1106539880528778
75 108 1.5046783984201075
75 129 1.4281889160279218
75 142 -1.6852452787400414
76 78 -0.2651295357870434
76 90 -0.84411480950533369
77 144 -0.63870172948209925
78 133 -1.0978414837543722
79 118 -0.57228467551037709
80 81 0.29304809697645956
80 111 0.26496211174200679
81 146 -1.0210139797936333
82 99 -0.85234859358163795
83 91 -0.50317434549514484
83 111 0.26731006446324174
84 92 0.19309608220228869
84 103 0.1860902581428788
85 96 0.29052199732158779
86 94 0.37813738804714042
86 146 -0.94316640857922207
87 107 0.95551367429729472
88 135 -1.7288189444795024
88 149 -3.0172917200585201
90 139 2.3382163988021047
92 109 -0.42213138654966625
92 144 0.81347063686970889
93 149 -1.8544220572464534
94 143 -0.21971483009784701
95 103 -0.34774522628960186
96 98 -0.43495383966495421
96 147 -0.71446544534754186
97 110 -1.5395821167311703
97 132 0.0091495651452800034
100 130 -0.71890442622472694
102 108 2.0951305021649453
103 105 0.34604035130408983
104 113 0.37932985337123409
105 144 0.65759304848286793
107 134 0.87982545072857721
110 113 -0.7426710481850296
112 147 -2.4309915315326736
113 137 -1.5886959628672195
114 119 -0.69506448577146185
115 127 0.52526317324363547
115 148 2.0822889348166087
117 128 0.38147001925254259
117 139 -0.93482551556458182
120 128 -1.043461088317269
121 138 -1.3911139741630323
122 143 0.28540586057534878
124 142 0.27149108383352233
125 128 0.02179925873609509
125 137 0.38628408835882022
126 134 0.010830597293203712
130 141 0.36109524098947265
132 133 -0.71917228261466659
132 148 0.1137540885897141
