# model=rrg N=300 meanJ=0 seed=1105924414 distribution=gaussian field=0 num_fields=300 num_couplings=450
0 0
1 0
2 0
3 0
4 0
5 0
6 0
7 0
8 0
9 0
10 0
11 0
12 0
13 0
14 0
15 0
16 0
17 0
18 0
19 0
20 0
21 0
22 0
23 0
24 0
25 0
26 0
27 0
28 0
29 0
30 0
31 0
32 0
33 0
34 0
35 0
36 0
37 0
38 0
39 0
40 0
41 0
42 0
43 0
44 0
45 0
46 0
47 0
48 0
49 0
50 0
51 0
52 0
53 0
54 0
55 0
56 0
57 0
58 0
59 0
60 0
61 0
62 0
63 0
64 0
65 0
66 0
67 0
68 0
69 0
70 0
71 0
72 0
73 0
74 0
75 0
76 0
77 0
78 0
79 0
80 0
81 0
82 0
83 0
84 0
85 0
86 0
87 0
88 0
89 0
90 0
91 0
92 0
93 0
94 0
95 0
96 0
97 0
98 0
99 0
100 0
101 0
102 0
103 0
104 0
105 0
106 0
107 0
108 0
109 0
110 0
111 0
112 0
113 0
114 0
115 0
116 0
117 0
118 0
119 0
120 0
121 0
122 0
123 0
124 0
125 0
126 0
127 0
128 0
129 0
130 0
131 0
132 0
133 0
134 0
135 0
136 0
137 0
138 0
139 0
140 0
141 0
142 0
143 0
144 0
145 0
146 0
147 0
148 0
149 0
150 0
151 0
152 0
153 0
154 0
155 0
156 0
157 0
158 0
159 0
160 0
161 0
162 0
163 0
164 0
165 0
166 0
167 0
168 0
169 0
170 0
171 0
172 0
173 0
174 0
175 0
176 0
177 0
178 0
179 0
180 0
181 0
182 0
183 0
184 0
185 0
186 0
187 0
188 0
189 0
190 0
191 0
192 0
193 0
194 0
195 0
196 0
197 0
198 0
199 0
200 0
201 0
202 0
203 0
204 0
205 0
206 0
207 0
208 0
209 0
210 0
211 0
212 0
213 0
214 0
215 0
216 0
217 0
218 0
219 0
220 0
221 0
222 0
223 0
224 0
225 0
226 0
227 0
228 0
229 0
230 0
231 0
232 0
233 0
234 0
235 0
236 0
237 0
238 0
239 0
240 0
241 0
242 0
243 0
244 0
245 0
246 0
247 0
248 0
249 0
250 0
251 0
252 0
253 0
254 0
255 0
256 0
257 0
258 0
259 0
260 0
261 0
262 0
263 0
264 0
265 0
266 0
267 0
268 0
269 0
270 0
271 0
272 0
273 0
274 0
275 0
276 0
277 0
278 0
279 0
280 0
281 0
282 0
283 0
284 0
285 0
286 0
287 0
288 0
289 0
290 0
291 0
292 0
293 0
294 0
295 0
296 0
297 0
298 0
299 0
0 169 -0.64551325032974549
0 225 2.0418594807053978
0 247 0.25889110329834281
1 136 0.97340185927634537
1 219 -0.35210275391055168
1 220 -0.13747486333231154
2 13 -0.6201010951854764
2 122 0.12382646943751346
2 253 1.3927273646702079
3 25 0.40714455250955101
3 58 -1.4625681387779599
3 96 -0.30369767190564084
4 28 0.19599488685698913
4 89 0.82685261299993629
4 207 0.29482816125193173
5 89 0.37966711213115495
5 130 -0.1490215438495173
5 262 0.91227607586010151
6 83 0.019574432157685128
6 109 -1.5605124655336704
6 166 0.80983664891862339
7 134 1.8454346842038838
7 167 0.077818487300741812
7 269 1.153809635152391
8 71 0.15000371407868202
8 114 -0.46114687695702494
8 163 0.083014452562069782
9 23 -0.26965159907636732
9 108 -2.1862781576301882
9 196 -0.89348861540971813
10 186 -0.3924473058611147
10 214 1.0572394307955095
10 298 0.10578600961473025
11 82 -0.37351799392093488
11 232 -0.50039941463461979
11 297 -0.82071812948126277
12 188 -0.53005407944644245
12 201 -0.097806155743660805
12 288 1.019502868455106
13 144 -0.10288152828276784
13 168 -0.2035948718014661
14 111 1.4177985090137801
14 236 -1.3099895864394222
14 268 -0.85870916412717224
15 59 1.2841125758335317
15 170 -0.037731955767443044
15 223 -0.28425665300461073
16 94 0.34449036800247801
16 150 1.0634595786251542
16 280 -0.05934894288947537
17 83 -0.95987976434463906
17 104 -0.41509984393678423
17 282 -0.47794292408510497
18 140 -1.2906491979803714
18 197 1.0475314148131232
18 287 -1.7846914693352058
19 24 -0.2362719455755671
19 140 0.47456714913161729
19 261 1.1184745304796815
20 37 -0.96433813293365223
20 65 0.40959566925828472
20 98 0.25490360650539023
21 175 0.12169850250037965
21 240 1.1158311024505989
21 289 -0.21799932226417082
22 64 -0.26732008234702176
22 112 0.18018131755254041
22 233 0.1125482916710243
23 54 -0.78512553855485834
23 257 -0.15320571404195152
24 192 -1.4940004090254895
24 221 -0.40793754331626442
25 157 -0.18355384856907231
25 230 0.21856829020852828
26 56 -0.41106335567328156
26 195 0.23285847500156395
26 276 1.9539786145542914
27 125 -0.46370759405505552
27 146 0.93030653046915912
27 297 0.24751386866576011
28 29 2.6141758084978286
28 250 -0.38566652738203228
29 59 -0.33984114213887689
29 187 0.059303067703130125
30 122 0.39961908933457035
30 172 2.4019513292121997
30 192 -0.5961848923162778
31 98 1.1277007502236944
31 255 0.465233965993607
31 291 0.45331510528104929
32 239 1.1836765985650297
32 244 -0.53765274439126398
32 294 -0.14753700899428657
33 38 -0.0025259324014965433
33 64 -1.006379024810929
33 226 -0.61398465620066001
34 138 -0.052017144779531933
34 206 -0.9543225717302406
34 276 -2.167093123982228
35 73 -0.31360056602620368
35 185 -1.8274006373416147
35 287 -0.43420048098886294
36 210 0.70817223000631957
36 254 0.12314589999582881
36 293 -0.4691526038409452
37 110 0.17068206391828586
37 210 -0.94262388395618646
38 76 0.43431149306245787
38 139 0.040964992916841948
39 70 1.320838666518598
39 178 0.033249672647324015
39 296 -0.063600687580235224
40 155 -0.17744092272560463
40 225 -0.43728309558430484
40 260 0.3944938964179503
41 49 0.38185018166504142
41 163 -0.73706356803930217
41 266 -0.31439254809283551
42 156 -0.93083640202493034
42 168 0.97674799898521403
42 208 0.090694903343360125
43 242 -1.8818838545349239
43 264 -1.5360099798978637
43 297 0.61196216077586019
44 62 0.80082153631195352
44 84 -0.9915089442911752
44 101 -0.45357550035659777
45 102 -0.021690591215435998
45 132 0.92623525904602122
45 274 1.0889220072703343
46 136 -0.76830668989951578
46 197 0.12815698235667405
46 296 0.65257126144145094
47 71 -0.51941692150000196
47 171 -0.57564545643000775
47 252 0.59588782531158091
48 50 0.86828979016688035
48 176 -1.9871322572476477
48 247 1.1843606891260872
49 76 2.0180627507327711
49 110 0.11588425562202118
50 155 0.83136992325293813
50 284 -0.59193549965265302
51 174 -0.80267443358032664
51 176 -0.76181163118346618
51 203 -0.54821677552890591
52 53 1.1082066680884983
52 235 0.671288620775635
52 295 0.26430889168578531
53 64 0.35718642549890861
53 166 0.019175688482008565
54 125 -0.71422095052754841
54 263 -1.5209967897738472
55 133 0.24352270719407382
55 161 0.19609014510429645
55 261 2.0139676523424384
56 73 0.42473871094416898
56 191 0.14322263843914751
57 145 0.82686031121440973
57 148 1.3207719677165808
57 191 -1.1043035691011307
58 66 -0.86444034939983183
58 150 -0.088371209421900951
59 286 0.3397019258797544
60 77 -0.97835409662262429
60 140 0.6280963566648643
60 246 0.10675001652543209
61 174 -3.2795005920847498
61 217 0.0090419423723714053
61 222 0.4342047603429347
62 201 1.0431124631397783
62 288 -0.73806669981973794
63 92 1.8836931032108506
63 152 0.42244140090887772
63 255 -1.4637114444812722
65 148 -0.67488083323408843
65 154 -1.186368597684117
66 100 -1.3800067155522477
66 197 -1.0911902270724834
67 75 -0.72223357528085086
67 149 -0.84841544770317345
67 216 1.2489408995299944
68 114 -0.9332020370900993
68 152 -0.093987253343583391
68 218 -0.80999312044825411
69 169 1.9149666536004797
69 190 -0.58202839118243443
69 257 0.001621290828218372
70 168 1.292509245609881
70 257 0.77241481596720452
71 253 -0.020694728582885426
72 150 0.49090211081398305
72 193 -0.98741569418365716
72 239 0.91952691698720945
73 92 0.64231572482065991
74 84 -0.54450402741280679
74 105 0.41769074027362724
74 289 -1.3929079724928106
75 134 -0.39083261773594757
75 269 0.3969025027192884
76 277 -0.27062629522551784
77 96 -0.11201164461032417
77 147 0.053350915419034084
78 82 -0.64252998471910117
78 131 0.37940592018050823
78 141 -0.23030255361209148
79 85 0.8122719586447652
79 107 -1.3210750311536097
79 160 -0.16081149806202691
80 119 0.9093493821645432
80 132 0.45515202518139836
80 249 1.6390482970885292
81 125 -0.82467632730423501
81 175 0.47706128735740316
81 284 0.81103151740789992
82 229 1.1141585455208147
83 264 -0.49729569840636734
84 206 2.4506073878798045
85 102 1.1395436416751876
85 113 0.13327045821251082
86 117 -1.2736391073896109
86 165 -1.1211491663050512
86 270 1.0595226041790946
87 160 0.30964225609817597
87 177 1.1468538571836884
87 294 -0.15896056072267345
88 167 0.61354949509321621
88 256 1.5152196995123057
88 259 0.19752198645502334
89 252 0.10398976686650137
90 97 0.40005157376334805
90 133 -0.24173327554702584
90 202 0.39520402722648673
91 198 1.0065904870451203
91 237 0.24174486955633132
91 274 -0.24388486389501404
92 291 0.39672048290619855
93 121 -1.4054988366020491
93 123 -0.019227703269670045
93 286 1.9826760017006506
94 108 -0.23719187255458998
94 181 0.54808695146645448
95 100 0.45495143270113342
95 142 -1.4559886589714015
95 260 -1.6576713665911222
96 171 0.89609518425583634
97 174 -0.31778235446848868
97 275 -1.6101290274971725
98 243 -0.50925507650933388
99 129 0.16752030496498485
99 235 -1.847994832697603
99 295 -0.22044344449615769
100 231 -0.069110891052571094
101 226 -0.2631915263729494
101 278 1.86392231152062
102 283 -0.49791474268785468
103 146 2.4802276141891899
103 172 0.98901729636597657
103 230 0.41667097502946387
104 145 -0.016118049855556468
104 224 -0.91650113114703491
105 199 -0.49295173196258341
105 222 -0.088548360785433433
106 114 -0.33876442383010869
106 216 0.92874707007426549
106 228 -0.063008895340252516
107 248 0.76568788756618511
107 252 1.8777068917726811
108 214 -1.1426606381280351
109 112 2.4392261993218556
109 201 0.75193978489157265
110 132 1.0126477070086088
111 144 1.2374482889549423
111 202 -1.9928516518994421
112 116 0.62982788486743779
113 187 0.58608312787907924
113 196 2.6462401204888804
115 148 0.73536005508326963
115 160 0.22129801955918585
115 211 -0.028239941654800545
116 184 0.70814660059560597
116 277 -2.1423798311584785
117 119 -0.36104365627548657
117 280 2.914160256893342
118 144 -2.3780145651179687
118 279 -1.262867051039174
118 299 -0.76000188308381578
119 268 -1.5113179958366065
120 203 0.53989564828924752
120 246 -0.30522868356213562
120 273 -1.2662622214566883
121 126 2.3003825443505215
121 212 -0.75375898238885708
122 200 -1.2322613547248535
123 159 -0.3987868524968961
123 213 2.1383329709197985
124 178 0.23900175816569974
124 238 -0.68423687644901499
124 241 0.843927293419094
126 128 -0.79166457833912973
126 229 -0.38556946478643617
127 179 1.5651134125345438
127 206 -1.4238647802651909
127 248 0.89050651065738817
128 232 0.29092290321429515
128 240 -0.28389229416726169
129 170 -1.4201838293959608
129 258 0.2880853087994083
130 233 -0.13437081002303805
130 272 1.7356834691040792
131 199 -1.4112459336823446
131 262 0.30857196153738842
133 273 0.33096792243973905
134 212 0.31373693898121002
135 143 1.9156293019098138
135 156 0.71033245318058258
135 193 -1.0335876122920509
136 227 0.53432780530436597
137 141 0.32154433446747349
137 180 0.12263015498488829
137 234 -0.098917520475707815
138 181 -1.026984728376557
138 202 -0.85440942313267765
139 242 0.47354547059305524
139 272 0.31998746854835636
141 210 -0.64378536825015475
142 159 -1.4907578781138631
142 267 1.4669782756592142
143 162 1.2265836284345599
143 254 -0.15197559353174336
145 260 0.75114140029647702
146 246 -1.0384991426758128
147 245 0.42138816241251453
147 283 0.6196654442400672
149 156 0.45827868026469332
149 228 1.0989199612414329
151 177 -0.62879716202323721
151 231 1.6358327723705055
151 291 0.67229986803226038
152 256 0.051345140803915418
153 217 1.3811483339669102
153 245 -0.83857634789468016
153 282 2.756126435324294
154 209 0.77244851098024914
154 267 -0.21037778019766354
155 179 0.46876185129300146
157 219 -1.2368656884098488
157 288 -1.1283055855039759
158 205 -0.066778496023908521
158 213 1.9896979111805364
158 285 -0.071733334178872968
159 162 -0.55204317465929642
161 247 -0.21379029563127372
161 279 -3.1197539270944041
162 211 0.42330057175100544
163 277 0.022271453543252585
164 181 -1.2030061866558865
164 266 0.13145446964624402
164 299 -0.14619822180560654
165 183 -1.7754159254347159
165 285 -0.33572241917319312
166 223 -0.878289129420459
167 209 -0.10312137365815141
169 253 -0.16308548114344351
170 295 0.074449827920650705
171 207 -1.3943770812199552
172 224 0.73269497845525045
173 186 -1.0538709917191285
173 265 0.24500813235998434
173 271 -0.79364768858059065
175 184 -0.44163628870502986
176 234 -0.32339274612454894
177 215 0.39541740604169107
178 285 -0.022391000193540914
179 217 0.36627418659669297
180 199 -0.012341877502413867
180 251 -0.038494566018878219
182 221 -0.75506423774232945
182 251 0.45048208443485016
182 275 -0.37200895191732175
183 188 -0.28976749442170735
183 230 -1.2019235725175637
184 267 -0.98131588188920238
185 237 -0.75723598961749827
185 251 1.122137052379736
186 198 0.25546730675503859
187 220 0.83772131407524886
188 220 2.1929729554562196
189 216 -0.65929848252919498
189 228 2.3250341598416941
189 233 -0.0040568390376897684
190 245 -2.285788272704933
190 269 0.15538464201962537
191 194 0.63881436413903447
192 214 -0.77023515910563112
193 232 0.33703899689088568
194 204 0.28014559925012639
194 274 -0.23822369651889586
195 244 -0.63960174296216832
195 282 -0.63854069118874601
196 227 1.7907593513247535
198 221 1.5240573137940405
200 243 0.39777539023957426
200 289 1.8151458316066182
203 290 -1.4216007229538512
204 241 -0.77650820435143031
204 298 0.92343362715583432
205 254 0.20055828073142684
205 262 -0.58387342580131452
207 270 -0.63410627011012999
208 209 -0.45414032441112251
208 249 -1.6719213299680007
211 263 0.14675411738195873
212 293 0.38349366063736023
213 296 -1.443837817066528
215 264 -0.26853506444246972
215 281 1.7722579345783633
218 226 -0.049759838826311645
218 292 1.294125796179344
219 278 0.4277873220155245
222 270 1.1921412718880795
223 237 0.18991342408303816
224 243 0.98036884397610213
225 255 -0.75174572780521309
227 239 0.55926289415805275
229 258 1.1253188681764739
231 283 -1.0232570178541489
234 236 -0.23529829140574704
235 238 -0.38150344490034699
236 249 0.66956175884794278
238 268 -1.0815333888457004
240 299 0.76488781965545638
241 265 -0.038299547445061186
242 284 0.80322303327753775
244 293 0.069128265116713383
248 259 0.93527861523405287
250 258 1.1180981575088014
250 272 -0.038657149711766106
256 265 1.8435339606048629
259 261 -0.14479842758354458
263 271 -0.41438916425752981
266 294 -0.1378605656827234
271 281 0.18803293538942881
273 278 -0.22832398081110136
275 280 0.43273209272867719
276 281 -0.4389984055585423
279 292 0.25029280183552061
286 290 1.37477515439742
287 298 -1.2451176701341613
290 292 -0.83106562661816208
