# model=rrg N=200 meanJ=0 seed=1337026247 distribution=gaussian field=0 num_fields=200 num_couplings=300
0 0
1 0
2 0
3 0
4 0
5 0
6 0
7 0
8 0
9 0
10 0
11 0
12 0
13 0
14 0
15 0
16 0
17 0
18 0
19 0
20 0
21 0
22 0
23 0
24 0
25 0
26 0
27 0
28 0
29 0
30 0
31 0
32 0
33 0
34 0
35 0
36 0
37 0
38 0
39 0
40 0
41 0
42 0
43 0
44 0
45 0
46 0
47 0
48 0
49 0
50 0
51 0
52 0
53 0
54 0
55 0
56 0
57 0
58 0
59 0
60 0
61 0
62 0
63 0
64 0
65 0
66 0
67 0
68 0
69 0
70 0
71 0
72 0
73 0
74 0
75 0
76 0
77 0
78 0
79 0
80 0
81 0
82 0
83 0
84 0
85 0
86 0
87 0
88 0
89 0
90 0
91 0
92 0
93 0
94 0
95 0
96 0
97 0
98 0
99 0
100 0
101 0
102 0
103 0
104 0
105 0
106 0
107 0
108 0
109 0
110 0
111 0
112 0
113 0
114 0
115 0
116 0
117 0
118 0
119 0
120 0
121 0
122 0
123 0
124 0
125 0
126 0
127 0
128 0
129 0
130 0
131 0
132 0
133 0
134 0
135 0
136 0
137 0
138 0
139 0
140 0
141 0
142 0
143 0
144 0
145 0
146 0
147 0
148 0
149 0
150 0
151 0
152 0
153 0
154 0
155 0
156 0
157 0
158 0
159 0
160 0
161 0
162 0
163 0
164 0
165 0
166 0
167 0
168 0
169 0
170 0
171 0
172 0
173 0
174 0
175 0
176 0
177 0
178 0
179 0
180 0
181 0
182 0
183 0
184 0
185 0
186 0
187 0
188 0
189 0
190 0
191 0
192 0
193 0
194 0
195 0
196 0
197 0
198 0
199 0
0 35 -1.2781278518142556
0 169 0.028202823054897967
0 194 -0.84936870853397151
1 12 1.8314376669667327
1 48 -0.83021728901221759
1 157 1.6541666330755918
2 45 1.8573932624075575
2 53 1.4978518318478007
2 160 0.18800332726917582
3 45 -1.198085478291778
3 149 1.7479948840609099
3 196 -0.31330728007289793
4 19 1.181615128795896
4 116 0.85699601836339667
4 151 0.89099637692446088
5 136 -0.45472128426768149
5 191 2.1834989553555864
5 194 0.028057182204577341
6 42 -0.87049705810960665
6 81 0.33559583749223437
6 103 -1.1117878521398277
7 116 1.4527331961675545
7 143 0.2003338198770907
7 161 -0.46416062620470622
8 23 0.084601990254773871
8 39 1.0601333177598291
8 93 0.17792177566884279
9 57 -1.7202294473577129
9 111 0.94485371594725764
9 198 -0.5718731474894917
10 19 -1.7370678537092255
10 183 0.45968295912919516
10 197 0.028294611740063178
11 74 0.16921509124781209
11 106 1.4860954836401763
11 110 0.69204471938988554
12 178 1.2343444678901032
12 197 -0.80016284628330603
13 59 0.21646652166983432
13 103 0.64283979970245475
13 141 -1.7328512844634953
14 36 1.0120735707952104
14 72 0.039363451572866193
14 91 -1.0446170714096858
15 91 0.85472846556752202
15 193 -0.29275241042904815
15 199 -0.076815265920927453
16 81 1.3544652600718146
16 113 -1.4644655889077889
16 151 0.88797281640600467
17 32 -0.88006967150674364
17 96 -0.37369954690704466
17 196 0.89095351498530828
18 144 -0.37165542271551072
18 146 -2.1668358731759167
18 187 1.0479049979249038
19 102 -0.075508071659221979
20 122 0.48226774794689181
20 142 1.2899959736833706
20 166 1.4221462825563553
21 105 -0.6444725421669929
21 171 -2.4163754217778313
21 199 1.3211096142082364
22 127 1.4999094597676803
22 139 0.5342439861302023
22 161 0.29307265997284443
23 107 -0.8394327452999707
23 176 0.15361893456091602
24 88 -0.4209497492264283
24 97 1.3412705653773722
24 190 -0.28938064903100574
25 85 -0.31538856053203762
25 154 0.31344122297558474
25 173 0.15846318504945589
26 130 -0.74885735583301183
26 166 -1.3948758068392753
26 192 -0.082354136212479598
27 31 0.8973600984840604
27 70 1.5346082916127814
27 185 1.2801239026532365
28 58 -0.85403702914859148
28 109 1.2948093944265153
28 127 -0.30367929303863894
29 42 0.87402384083829165
29 124 1.1075562194152839
29 142 1.7628271716734423
30 90 -0.020570863015361072
30 153 0.29704089513956899
30 169 0.14665451695058876
31 75 -0.91493430308864643
31 84 -1.0907554893887463
32 36 -0.38898470114391165
32 75 -0.096432527424565206
33 71 -0.219219133641749
33 80 -0.072457960063283214
33 194 0.90062463815230742
34 81 1.4754193614394775
34 89 0.55764700223455932
34 139 -0.041024387920912224
35 74 0.45712454010293541
35 157 1.3687406830615623
36 83 1.6579816549227766
37 101 -1.3549565712699527
37 135 -0.1230807979322578
37 171 0.44202781598948387
38 42 -0.042327846700211058
38 163 0.41398355267821552
38 181 1.0756010071565272
39 60 1.0946793370618113
39 79 -0.42084528796739962
40 55 -0.035660132300306749
40 151 0.10871130729996566
40 188 0.15204106690738436
41 128 1.2704861223374582
41 186 -1.3427610548172331
41 188 1.8341131811531668
43 44 -0.18654674306401844
43 113 -0.70125259743209201
43 134 -0.48212384715661283
44 102 -1.6171925725362097
44 188 -0.30695040309821464
45 125 0.50731334467518707
46 113 -0.76068125708285539
46 158 -0.66525508036485881
46 163 0.84937576269000681
47 51 -0.92254259176714493
47 99 0.57052074634539174
47 173 0.9948593342261266
48 101 -0.31024217785933689
48 162 -1.6720729279080326
49 77 -0.16274923732473001
49 108 -0.22759808043310614
49 180 0.64457634267869213
50 61 -0.37983791011297041
50 72 -1.2657207591958279
50 111 -0.81907203160701936
51 118 0.49848107630238803
51 152 1.0504840556211443
52 131 -0.77714782479372635
52 144 0.83165012373230851
52 146 -0.15884026409351676
53 105 1.0832556721189406
53 174 0.15442443138745129
54 78 0.11395421462007953
54 170 -2.1686854866304501
54 195 -2.2061548415335142
55 97 0.23310449982242082
55 154 -0.22318193091171953
56 79 0.78230970616041706
56 141 1.0104865559123497
56 190 -1.403384234542598
57 94 1.3594342412394886
57 152 -0.64202733993463745
58 120 1.2298764292129039
58 192 -2.2971925037196264
59 71 0.22820340480342236
59 145 1.5607035825522995
60 110 0.51144014474446142
60 149 -0.30442161161497439
61 80 0.96631655548659778
61 120 0.065365278717752801
62 86 1.3525311732303338
62 94 0.096443049195763825
62 186 -0.46239785527707034
63 66 -1.38173461565379
63 76 -0.87812240960460053
63 156 0.030306697572824459
64 70 -1.7764551280831729
64 162 -0.50145439395594305
64 197 -1.5673919712950923
65 69 -0.57902553375361954
65 101 -0.79473127673948452
65 180 -0.26708208435780539
66 142 0.72009088582411906
66 168 1.0056033505279214
67 104 1.2627152241609132
67 161 -0.34656381326334951
67 191 -1.779626439061881
68 84 0.079571948763963132
68 155 0.36379582415566225
68 178 -0.82484513955290739
69 114 -0.88510479796282782
69 148 2.0309244187458564
70 190 1.836843662222799
71 165 0.042476684372245554
72 181 -1.4674046128649849
73 88 0.95517000486630443
73 160 0.64251170740994024
73 184 -0.20734103168035786
74 141 -1.1432466986914906
75 83 0.65466155550942662
76 177 0.57910967929396473
76 180 0.30667172627066641
77 86 -1.8149663720016682
77 114 0.39773670670327144
78 87 1.9571242121682255
78 157 -1.2706217097807797
79 182 1.1642995728987648
80 138 -0.84982021276724806
82 92 0.24832855270945087
82 125 1.2827314702283079
82 131 -0.71572946458132958
83 98 1.3847011493257007
84 150 0.84375832312644028
85 88 -1.1936620124294208
85 133 -0.42490002726428655
86 126 -1.2692055687205281
87 90 0.10158588216892529
87 150 0.66261418317368348
89 96 0.90941757222076325
89 121 0.35593495361838129
90 164 1.600911788561967
91 130 1.2219604049075945
92 123 -0.97376810031978689
92 170 -0.2903736145629589
93 109 -1.2467958237475745
93 154 -1.1426411639259999
94 114 0.87096459787311131
95 133 1.222401745587248
95 165 0.91947954556095113
95 182 -0.48671683376244362
96 128 1.2618766060977862
97 125 -1.6092909930657129
98 108 0.645334877266458
98 134 0.45107635187823419
99 110 1.7712043314891799
99 131 0.46778546342939226
100 107 -0.51692752594130498
100 118 -0.17432269810495146
100 175 0.23125330123494769
102 168 0.9500123312034976
103 137 0.33046766121608229
104 130 -1.4196682776368879
104 136 0.31843947367405623
105 170 1.0709230700936649
106 127 0.37993384354777893
106 153 -0.038385786057555452
107 132 -0.67199646868202156
108 172 -0.19161616785599506
109 155 -0.21509637787542724
111 143 -0.49632118036831024
112 156 -0.16151600059407961
112 162 -0.49244526984024245
112 167 -1.3088388341020005
115 158 2.0828963454089613
115 192 -0.66083222524570739
115 199 -0.24530999488915969
116 147 -0.93966803067086246
117 119 -0.50550979665321905
117 177 -0.60250391235796397
117 189 -1.6478933342222042
118 149 0.49929264663139972
119 121 -0.55856730791411413
119 184 0.1623079243906731
120 167 1.253424918817164
121 134 -0.90709452764132537
122 129 0.026456346262769811
122 185 -0.13930369493327541
123 126 -0.30626008830350443
123 183 1.1540098805906855
124 176 -1.0712296320598196
124 185 0.043691302779331385
126 129 -2.0533686992713966
128 189 0.036460415258597001
129 174 -0.64778361269446572
132 159 0.15198826181411321
132 175 0.74556996684599552
133 135 0.71740284469083471
135 137 1.019407537510473
136 160 0.302377396843727
137 163 0.80737268530876904
138 147 -1.8776605829995874
138 198 0.086693777193411509
139 189 0.16579915679646201
140 147 1.0135972080828655
140 148 -2.6397483981912306
140 164 1.6825207099832726
143 195 -0.27205136599553653
144 178 -0.34894971484912085
145 177 -0.18295338791347215
145 186 -0.41039157254127789
146 172 -0.6245694705243392
148 172 -1.0474379902903928
150 156 0.26227031985572047
152 184 0.94837261934561357
153 183 0.50791184845260207
155 187 0.44446015074197426
158 159 0.17940180989568963
159 179 0.73472981861391706
164 174 0.097429564207900332
165 181 1.1064082958445955
166 179 -1.5703042003157206
167 169 -0.49472367266249334
168 196 1.0605307693885788
171 175 0.87490114560085519
173 179 2.4431513856267668
176 182 -2.2165568272457645
187 195 -0.74752497798529094
191 193 0.51103177014402301
193 198 -0.3301484011238755
