# model=rrg N=200 meanJ=0 seed=203499406 distribution=gaussian field=0 num_fields=200 num_couplings=300
0 0
1 0
2 0
3 0
4 0
5 0
6 0
7 0
8 0
9 0
10 0
11 0
12 0
13 0
14 0
15 0
16 0
17 0
18 0
19 0
20 0
21 0
22 0
23 0
24 0
25 0
26 0
27 0
28 0
29 0
30 0
31 0
32 0
33 0
34 0
35 0
36 0
37 0
38 0
39 0
40 0
41 0
42 0
43 0
44 0
45 0
46 0
47 0
48 0
49 0
50 0
51 0
52 0
53 0
54 0
55 0
56 0
57 0
58 0
59 0
60 0
61 0
62 0
63 0
64 0
65 0
66 0
67 0
68 0
69 0
70 0
71 0
72 0
73 0
74 0
75 0
76 0
77 0
78 0
79 0
80 0
81 0
82 0
83 0
84 0
85 0
86 0
87 0
88 0
89 0
90 0
91 0
92 0
93 0
94 0
95 0
96 0
97 0
98 0
99 0
100 0
101 0
102 0
103 0
104 0
105 0
106 0
107 0
108 0
109 0
110 0
111 0
112 0
113 0
114 0
115 0
116 0
117 0
118 0
119 0
120 0
121 0
122 0
123 0
124 0
125 0
126 0
127 0
128 0
129 0
130 0
131 0
132 0
133 0
134 0
135 0
136 0
137 0
138 0
139 0
140 0
141 0
142 0
143 0
144 0
145 0
146 0
147 0
148 0
149 0
150 0
151 0
152 0
153 0
154 0
155 0
156 0
157 0
158 0
159 0
160 0
161 0
162 0
163 0
164 0
165 0
166 0
167 0
168 0
169 0
170 0
171 0
172 0
173 0
174 0
175 0
176 0
177 0
178 0
179 0
180 0
181 0
182 0
183 0
184 0
185 0
186 0
187 0
188 0
189 0
190 0
191 0
192 0
193 0
194 0
195 0
196 0
197 0
198 0
199 0
0 28 0.095431718090377107
0 32 1.6983832053117551
0 86 0.51011702874620102
1 38 -1.5416455046791775
1 147 0.37824848865943433
1 198 -0.77965423138845291
2 21 -1.3441827955721943
2 64 0.68265259724058758
2 133 0.32336632272093335
3 32 -1.4373688542600538
3 44 -1.0497920946630492
3 129 -0.15031015069416831
4 41 1.460263213091314
4 97 -0.2435329217070335
4 140 0.55415365382552573
5 12 0.28482499531687594
5 116 -0.71266199552524434
5 157 -0.30161619880070595
6 18 -2.6491209145894956
6 106 -0.91793053031082628
6 161 -0.75650198445507899
7 50 -0.76027024044882618
7 51 -0.99181589141436144
7 168 -1.0628470381478656
8 19 0.43860901385857121
8 26 0.14532116744461357
8 79 0.36412836100438351
9 35 -1.0787936959448123
9 81 -1.5428529303546981
9 117 -0.50556001072684009
10 84 0.66673745563807829
10 92 0.090320995661713532
10 103 -0.29664040610103809
11 30 -2.1473678671413787
11 172 1.6352158814361271
11 186 -1.2223769808638387
12 44 3.2806633730141583
12 120 -0.51290680643808617
13 82 2.0446387416496505
13 100 -1.0088613835122737
13 174 0.81015901307820548
14 36 3.3348333721715009
14 100 0.85999922060783129
14 184 -0.51345394709842063
15 18 -1.9153753058717884
15 90 -1.2403246396206464
15 185 -1.7415651063461843
16 27 1.7658870962735935
16 171 1.1219351023354431
16 176 0.84133825413842589
17 82 1.4258557632926128
17 105 -0.011211528377200774
17 176 2.1322791790933504
18 114 0.057187129475978205
19 71 -1.5922118670872534
19 74 -1.2527924621643864
20 65 -1.7524295828647452
20 83 -0.70751744642883319
20 133 0.82661101065719833
21 94 0.299809775918011
21 179 0.58610906018936326
22 83 -0.42419260294911965
22 114 1.2943153151599753
22 130 -0.23496501271812592
23 97 1.0088389853614139
23 102 -2.3524005979373923
23 131 -0.77929392156048438
24 34 0.42336597432635564
24 138 0.046530912422345402
24 159 -0.77199699409268197
25 62 0.28720915450569218
25 151 -0.025712177851873547
25 155 2.6855371937204713
26 93 -1.323748321602128
26 126 0.22536169688764524
27 46 -1.0049178152322817
27 114 -0.50792850576352
28 123 -0.63805034339949973
28 164 0.33179778757846651
29 40 -0.94831145775152303
29 107 0.72932205300791397
29 121 -0.10090954773689313
30 47 -0.28258362219610234
30 109 -0.024477956642524376
31 91 -0.088503679357271089
31 130 0.59938319669783513
31 141 1.0825142619710162
32 56 -0.75461658792212027
33 59 -0.92103184891933421
33 115 -0.097630667527461246
33 151 0.49329874882643104
34 46 0.056437040553440954
34 123 0.048965524975009549
35 41 -0.11245287718628129
35 126 -0.90947534883378123
36 70 -0.71487219236887822
36 142 0.66841252825724662
37 58 -0.028092461074208604
37 186 -1.0354885200082122
37 193 0.92986061441969958
38 64 1.9293273903275912
38 198 0.031740980061899411
39 40 1.0715191886549089
39 67 -0.048844042307367497
39 183 0.13402880874448497
40 138 0.067040074785511897
41 45 1.3116384686075444
42 46 0.70372795241675479
42 104 1.7133610748260595
42 130 0.0039596020906712166
43 77 0.48415692293489287
43 99 1.4959128855309829
43 124 0.19794584714926045
44 167 0.30493564677510082
45 93 -0.53015377404606678
45 143 -0.44664111226314662
47 52 1.5418517981696209
47 158 0.9580793164323812
48 80 0.34386613799371468
48 115 -0.50648825408749276
48 129 0.045636242235832555
49 108 0.37362493901011579
49 197 0.57417747897630489
49 199 -0.92702001952265478
50 53 0.27297756788199906
50 163 -0.45570463831999486
51 88 0.36947895474392561
51 178 2.1455761487624563
52 75 -1.8542888093494811
52 108 -1.0053858762417585
53 58 0.24731412889984897
53 124 -0.18256260434002725
54 110 -0.2321945497225924
54 145 -0.4467120015585197
54 189 0.32347327705314993
55 80 -1.3446242544756783
55 128 0.59875618461558044
55 181 0.52320910985579849
56 133 -0.52678842887355626
56 177 0.011061500475594324
57 60 -0.32389895793268819
57 165 0.36649415919694889
57 172 0.13443434775479546
58 87 -0.27499258250296521
59 96 0.30415543235441445
59 137 -0.12887178430204563
60 94 -0.092162563942976547
60 158 -0.42296958700008996
61 122 0.84613500536866704
61 150 0.97363086771705543
61 196 -0.43343929861205543
62 134 1.0908419484526921
62 154 1.119610847567494
63 99 0.82202550396899632
63 101 1.1846208577303785
63 189 -0.37171995891432763
64 99 0.36194866483343396
65 165 -1.4086733365790414
65 185 -0.45482639312483569
66 142 -0.42023985115393159
66 144 -0.26395525297544226
66 162 -0.75328296182047227
67 72 0.16534360358705483
67 109 2.3685257597180756
68 113 2.2777870379380603
68 139 1.1925047347237097
68 174 1.5839134352244753
69 148 -0.72576429856934033
69 196 -0.46806540220090753
69 199 -0.80666464170958097
70 111 0.15473145864331594
70 115 0.16941220313316152
71 102 0.5529939068474663
71 120 -0.75014152398671086
72 73 0.27614920079155125
72 166 -0.67621703380238318
73 125 0.46407405711835847
73 192 0.4704910846990078
74 142 -1.1825253677560386
74 185 -0.053390076981810392
75 128 1.247552916868609
75 171 0.43847520635192638
76 119 0.45839727990035606
76 124 -0.12069881796813445
76 140 0.14221421741526991
77 177 -0.30934777629506038
77 197 1.675020919977759
78 123 -1.2837205881960212
78 139 -1.3310317859851757
78 146 1.258513814593643
79 103 -0.67456413249907632
79 162 2.4620103289300683
80 131 -0.72216461433703028
81 163 -0.067485335000410387
81 190 0.47520394781520703
82 120 1.5123835713271756
83 187 -1.7359094537455841
84 113 -1.2102289406342768
84 118 -0.56845715405433095
85 111 -0.40158838256004625
85 157 1.6385107999212869
85 169 -0.20751755549635667
86 95 -2.1613283645869386
86 199 0.52416843351970355
87 102 0.84179218762222707
87 151 -1.1782874135876666
88 103 0.54810422802992942
88 161 -0.079716763419827502
89 127 -0.13765319488803474
89 131 0.85749205521852501
89 148 0.16586501074597512
90 116 1.2350224648087067
90 193 0.094857149911467958
91 105 1.2304793959276339
91 177 1.4696716645108854
92 156 1.1936042308925547
92 173 0.14832137109334451
93 181 1.1566553685271013
94 138 0.43319243855491157
95 136 -0.068844098341946103
95 173 0.81050953451751462
96 146 0.84309681438692385
96 181 -0.67792179383030582
97 111 0.045050327501983824
98 101 -0.83032730118735087
98 146 0.42271574079017815
98 157 -0.55136338200153334
100 196 -1.3656737348640282
101 132 0.87784179446158317
104 105 0.85437829595370862
104 191 -0.30328867455735314
106 128 0.055206437588455247
106 173 0.025755466702806751
107 182 -1.0570985190352129
107 198 -2.4996783499461159
108 154 0.3459340387735641
109 153 0.28459668944734279
110 148 -0.14851491160702221
110 166 0.23480391505786458
112 141 -1.0149664362967434
112 174 -0.83037024938517889
112 192 1.2918017743547667
113 139 0.50928610323541301
116 195 -0.52653571939922483
117 153 -0.76964952395417774
117 154 0.31092197853009607
118 122 1.1038377009280989
118 194 1.5792021455272185
119 122 -1.1192878628008427
119 165 -0.74415736313282166
121 141 -1.5803055406843742
121 191 -0.9937620610112935
125 167 0.22368613322105951
125 183 -0.084417878524168169
126 149 -0.25194697108917929
127 149 0.30097338949382296
127 180 -0.014338346513680524
129 162 -2.2766080196603315
132 160 2.1944440015315094
132 188 0.45129504027574324
134 155 0.23529048008093242
134 170 1.1757974039698482
135 178 -1.8532212896892615
135 183 0.486482144379278
135 194 1.5220891963160492
136 156 -0.50308344362051038
136 186 0.28469367527783568
137 170 -0.46347251699287739
137 195 0.33966813934344525
140 184 0.095380425384559694
143 150 -0.065771286169930859
143 175 -0.91186132862717706
144 158 0.42010274436720418
144 160 0.84529367863068416
145 155 0.91208671649867978
145 168 -0.19483623050161175
147 152 -0.38702417388033811
147 153 0.030312845244855294
149 187 -0.55881009217503508
150 191 -0.31482148829564077
152 159 -1.6245927585888069
152 164 -0.23499354343143586
156 167 1.9756693538574772
159 176 -1.0784783531595497
160 180 0.47441604439417195
161 179 0.0053919872298763931
163 190 0.24907249687599525
164 171 -0.91334266981962453
166 182 -0.46567345647881392
168 189 2.1664312723737957
169 175 -0.66479874750071866
169 195 0.46388793753532653
170 193 -0.27598897778921549
172 178 1.5577672893378653
175 197 -0.89261739988554556
179 182 -1.0370622877066422
180 190 0.062617771629066246
184 188 -2.4604180890293357
187 192 -1.5108414801005767
188 194 -1.4126074904203969
