# model=rrg N=300 meanJ=0 seed=2577110375 distribution=gaussian field=0 num_fields=300 num_couplings=450
0 0
1 0
2 0
3 0
4 0
5 0
6 0
7 0
8 0
9 0
10 0
11 0
12 0
13 0
14 0
15 0
16 0
17 0
18 0
19 0
20 0
21 0
22 0
23 0
24 0
25 0
26 0
27 0
28 0
29 0
30 0
31 0
32 0
33 0
34 0
35 0
36 0
37 0
38 0
39 0
40 0
41 0
42 0
43 0
44 0
45 0
46 0
47 0
48 0
49 0
50 0
51 0
52 0
53 0
54 0
55 0
56 0
57 0
58 0
59 0
60 0
61 0
62 0
63 0
64 0
65 0
66 0
67 0
68 0
69 0
70 0
71 0
72 0
73 0
74 0
75 0
76 0
77 0
78 0
79 0
80 0
81 0
82 0
83 0
84 0
85 0
86 0
87 0
88 0
89 0
90 0
91 0
92 0
93 0
94 0
95 0
96 0
97 0
98 0
99 0
100 0
101 0
102 0
103 0
104 0
105 0
106 0
107 0
108 0
109 0
110 0
111 0
112 0
113 0
114 0
115 0
116 0
117 0
118 0
119 0
120 0
121 0
122 0
123 0
124 0
125 0
126 0
127 0
128 0
129 0
130 0
131 0
132 0
133 0
134 0
135 0
136 0
137 0
138 0
139 0
140 0
141 0
142 0
143 0
144 0
145 0
146 0
147 0
148 0
149 0
150 0
151 0
152 0
153 0
154 0
155 0
156 0
157 0
158 0
159 0
160 0
161 0
162 0
163 0
164 0
165 0
166 0
167 0
168 0
169 0
170 0
171 0
172 0
173 0
174 0
175 0
176 0
177 0
178 0
179 0
180 0
181 0
182 0
183 0
184 0
185 0
186 0
187 0
188 0
189 0
190 0
191 0
192 0
193 0
194 0
195 0
196 0
197 0
198 0
199 0
200 0
201 0
202 0
203 0
204 0
205 0
206 0
207 0
208 0
209 0
210 0
211 0
212 0
213 0
214 0
215 0
216 0
217 0
218 0
219 0
220 0
221 0
222 0
223 0
224 0
225 0
226 0
227 0
228 0
229 0
230 0
231 0
232 0
233 0
234 0
235 0
236 0
237 0
238 0
239 0
240 0
241 0
242 0
243 0
244 0
245 0
246 0
247 0
248 0
249 0
250 0
251 0
252 0
253 0
254 0
255 0
256 0
257 0
258 0
259 0
260 0
261 0
262 0
263 0
264 0
265 0
266 0
267 0
268 0
269 0
270 0
271 0
272 0
273 0
274 0
275 0
276 0
277 0
278 0
279 0
280 0
281 0
282 0
283 0
284 0
285 0
286 0
287 0
288 0
289 0
290 0
291 0
292 0
293 0
294 0
295 0
296 0
297 0
298 0
299 0
0 93 -1.0653425263010057
0 149 -0.056166070839278735
0 155 1.7233193353026799
1 74 -0.67577498579273487
1 77 1.0187501844407143
1 217 -0.4857893962254935
2 144 -0.7352240441300506
2 224 1.0550222980150556
2 241 0.65163509614502102
3 10 1.136013810153983
3 188 1.4723370030486604
3 204 0.011377514271495685
4 143 -0.43783841597983736
4 275 0.47538607354783768
4 295 0.43002262763770571
5 90 0.68285640364038747
5 178 -1.5403817839972065
5 267 -1.5355377604758345
6 71 0.16473416045310138
6 121 0.3497207534159314
6 202 -0.058732655714233896
7 14 -0.64909965977852702
7 158 0.66498404370790742
7 194 -2.130512883222798
8 19 -0.55297419376063361
8 105 -1.5900070049678365
8 211 -0.46738300774994357
9 39 -0.64717656231067988
9 219 0.63101139447885013
9 297 0.42341775367135537
10 203 -0.7227179727603168
10 205 0.98320774414539835
11 24 0.3427464459256106
11 155 0.78045217017475987
11 179 0.18257762252487497
12 61 2.4383294088486651
12 156 0.27638406159915219
12 261 -1.2359722348607107
13 89 -0.61667378229110947
13 172 0.24530426229184954
13 281 1.0483720817903668
14 68 1.0050755281476573
14 82 -0.2737432680856976
15 223 1.1268659210734644
15 232 0.0023097876243641105
15 252 -1.1881993184636839
16 18 -1.415897254098835
16 60 1.3479139121526968
16 233 -0.51364576292494557
17 91 0.85719110594692527
17 229 0.69204997862606499
17 246 1.6706189488098953
18 57 0.12341584964005393
18 114 -0.82654738472503508
19 167 -0.7495442014844349
19 266 -1.0950631274569487
20 76 0.61582082586762577
20 233 -0.84813682722591766
20 261 0.28366942155716512
21 46 -0.90587515304717858
21 124 -0.73135130080658217
21 259 2.175154426662476
22 160 0.23625624076623808
22 192 -0.16258020422136779
22 204 0.27540201437208472
23 45 -0.73641148193989603
23 70 1.9791601443501237
23 283 0.93490438197107262
24 29 1.4348955525591081
24 279 -0.40165428913258316
25 117 0.43883486202195382
25 231 -0.47807255666849402
25 247 0.8067565123539101
26 82 0.40550645357937265
26 91 -1.6138777552566475
26 122 0.094311925616876666
27 43 -0.88668489912430537
27 73 0.43778466683708384
27 125 0.71056061408901017
28 178 -0.32224038653472237
28 208 0.9590308943832111
28 237 -0.5446461407782015
29 68 0.81920525403781497
29 285 1.290327980618843
30 44 0.74397007854831265
30 191 1.6355755763599107
30 234 -1.8318657806848977
31 79 1.6000250602832866
31 132 0.24954292174456494
31 266 -0.57730327843999463
32 161 -0.93925550939630775
32 170 2.8124928951632615
32 213 -1.0173687257536443
33 58 -0.25086295479160969
33 136 -0.1399426003817523
33 187 0.81594602378997672
34 87 0.73444974216649361
34 234 -1.2642522341893838
34 251 0.44110372032813877
35 87 1.8821957730453946
35 96 -1.3171513740077885
35 229 -0.31177842468585409
36 112 1.6242876343136843
36 191 1.9259653351506516
36 242 0.77246162384660666
37 63 -0.49829910777606995
37 223 0.4894191789177964
37 296 0.49982961118799513
38 44 0.4187619106815943
38 75 -0.46974980288890766
38 112 -1.4293394735131371
39 171 -1.1503605777619916
39 244 -1.958636238642494
40 136 1.3746866499794159
40 228 0.80951333978758633
40 296 -0.8260649318588722
41 74 0.015403036389603759
41 280 -0.16149996579482612
41 282 -1.727348963913983
42 64 -0.17229997555428375
42 86 0.95401266760009673
42 186 0.6478577941277891
43 77 -2.7194992167857035
43 195 1.2230862451229048
44 96 1.0078526589365531
45 135 -0.77597371653271607
45 176 0.86041615985534137
46 110 0.12465513836299695
46 139 -1.0843969078396087
47 165 -1.4219144429638626
47 174 -0.16798487965363409
47 252 2.293574047611695
48 67 -0.17937487422196552
48 236 1.1913880213841732
48 268 -0.50945737978860628
49 186 1.3559492680149876
49 222 1.2293001056789619
49 253 -0.38222933356922678
50 200 0.024796784815139489
50 262 0.48336124691344207
50 269 -0.056969880268442054
51 85 -0.04282895379258507
51 201 -1.0110866208513511
51 216 -1.1814323535666234
52 159 -0.54816069668627831
52 170 0.86799931488982796
52 242 -0.95911097894837349
53 87 -0.34999375475385924
53 134 0.55939071986240596
53 180 -1.1267631234905437
54 73 0.21424989582886186
54 182 -0.39316849685928557
54 258 2.6195805983709408
55 58 0.22854122535868532
55 65 -0.80387318729799362
55 185 1.0780754298329227
56 64 -1.1921960507907918
56 128 -2.1672107634963536
56 253 0.92565696742697168
57 109 -1.9634718092034602
57 273 0.77076486647609532
58 232 -0.61741744036292434
59 135 -0.68284950111546461
59 287 -1.2011798556876876
59 294 -1.1829464219196135
60 169 0.76371142438426964
60 270 0.59513040371221515
61 165 0.31447197204945915
61 173 0.57659455463955411
62 80 -0.7302333895991816
62 230 1.3073391303864546
62 298 0.8112809504350319
63 94 -0.68867969835973297
63 181 -1.5464568258450981
64 141 0.81984175447652197
65 190 0.70732063722419503
65 282 0.70095096914982313
66 102 1.3498752019980365
66 168 1.1711678924437496
66 219 0.56998080585980315
67 140 0.18293010210604341
67 237 -1.0098251007491441
68 148 -0.55059796367697877
69 102 0.076253972226186059
69 168 0.54737093459468633
69 254 -1.2648737488666171
70 179 0.61647400806538466
70 181 -1.2336934203056782
71 266 -0.83155790299354726
71 277 -0.27876203839289193
72 89 1.7868335663613404
72 211 0.54703429056023145
72 228 0.53653225768880963
73 159 0.40917508841232308
74 284 0.0018807807771082756
75 205 -1.5692965774067078
75 297 1.9857559778081131
76 104 0.10489171739315828
76 106 0.31565344111298815
77 139 -0.71093014093916862
78 223 0.46108883973151527
78 231 -1.7965597288632336
78 242 -0.22296553973154903
79 195 0.65096204944216873
79 197 -0.26207296784734113
80 137 0.36477677950468751
80 272 -1.4590604815728707
81 151 -1.1020557335315437
81 189 -0.32457362205495632
81 265 1.8031103271017734
82 198 -1.7035367833465171
83 86 -0.39338047352583161
83 144 0.14804610675814034
83 272 -1.2034404837284258
84 140 1.9876761155169567
84 145 -1.5565926093336042
84 151 -0.95624577190448456
85 193 -0.26940461349003303
85 214 -0.019116118644642736
86 153 -0.19435598777096888
88 150 -1.0928368374629909
88 200 -0.20111551718131579
88 259 0.41858011135018969
89 185 0.43838763848580853
90 126 -0.34005578244784251
90 212 0.21724498293132175
91 166 1.5081652248508244
92 120 -1.4142331763219425
92 149 1.080244006059522
92 254 1.3338328611446693
93 148 -0.21059177132813744
93 190 -1.1798652912014052
94 123 0.35416711023691105
94 186 1.0727788181110256
95 146 0.53132425079094425
95 167 0.96034890945339291
95 239 -0.87034045039401142
96 299 0.29415227576130681
97 170 1.5442080730750074
97 178 -2.9586352859415812
97 285 0.28529513944107898
98 212 1.209084443501673
98 238 -0.81401437982570923
98 256 1.7589318108688072
99 163 0.78211410672966819
99 246 1.2668785835978216
99 294 -1.0007895998353271
100 160 -1.1846797377723672
100 244 0.65927713396192311
100 285 1.4986555498036371
101 134 0.75566300741791315
101 214 -1.5887349147934169
101 229 0.6534280714529459
102 163 -0.094025074429389524
103 108 -1.6733133767023307
103 286 -1.3086733793258603
103 295 0.29684212756037126
104 115 -0.2697081277606096
104 290 -1.0651017080556209
105 158 0.78742044236767683
105 214 -0.35876649356958717
106 225 0.43928173476333077
106 248 0.59544009420197808
107 118 0.069579514567492132
107 240 1.4119857090537533
107 288 1.2134054468072739
108 121 -0.11399102693471928
108 173 0.83924488298348221
109 138 1.3699351008373974
109 192 -0.49479589687020625
110 209 0.094277090610431116
110 263 -0.46566187784031021
111 127 2.080521941200598
111 147 -0.70880495200908378
111 255 0.81203828138766421
112 220 -0.70882816460196663
113 207 1.570744621329244
113 249 0.0020351158481054245
113 258 -1.0255287632686489
114 201 -0.232513327879868
114 264 -0.69944222654102683
115 151 0.56550964803072479
115 251 -0.13894679189345041
116 146 0.034797505996467144
116 256 -0.03666787770716446
116 264 -0.46034513521316572
117 192 -0.91674629106818639
117 199 0.57743705459388461
118 131 -0.57800022770330983
118 220 -0.06131795950078734
119 213 -0.21201209094802631
119 277 -0.86963597356820022
119 289 -1.2357630397920201
120 126 0.36760383549018638
120 193 -0.47032062293452515
121 197 0.22020475367334028
122 164 -0.3681611133124264
122 165 -0.75522057592116365
123 181 0.46446578160972968
123 182 -1.4381640788561489
124 150 -0.19174870792515913
124 197 0.78232621653897938
125 271 -0.95152473385954184
125 287 0.56038523423796183
126 238 -0.3334917196429012
127 138 -0.43464569196746888
127 221 0.88107602183744416
128 143 0.26061471868574881
128 230 0.69088963331000519
129 164 1.0260230632098606
129 252 0.125140470477902
129 278 -0.85294749795449032
130 143 0.58086352115727091
130 155 -2.1998008814895984
130 299 -1.2007702966283493
131 162 0.57442578733270155
131 206 0.65223456490827825
132 241 -0.0048187252477058448
132 247 0.2102028103802569
133 137 1.6333743264943126
133 199 -0.25467341636450941
133 270 0.61009561199482787
134 198 -0.70533734213097576
135 164 -0.91842312975573992
136 215 -1.135856765429847
137 210 -0.92671924678352802
138 195 1.2245033786268247
139 276 0.50453252552933792
140 175 0.6317667593368762
141 168 0.99752831636464512
141 268 -0.62282466117913626
142 263 0.37101793052795928
142 276 -0.64586877572523438
142 293 -0.90804842284916076
144 236 0.98472563811909286
145 153 -1.4914464624736918
145 196 0.11613210891376918
146 245 1.0399530971143343
147 207 -0.65385790594855875
147 230 -0.12603059068945854
148 249 -0.24310221693121753
149 291 -0.60086572130665161
150 275 0.55020828690474821
152 254 0.53287117935740147
152 280 -1.4493412535325878
152 295 -0.52002773012126147
153 175 1.5087067220541976
154 180 0.082471133638420943
154 188 -0.65022318196630779
154 272 0.50099053915603087
156 226 0.18179387890788704
156 251 -1.898056935185142
157 212 0.056043270856317558
157 221 -0.11819936839516024
157 222 -0.1856698654211944
158 183 -2.3169936686322155
159 244 -0.76880934418519309
160 267 0.52323860776778053
161 227 -0.027286865414241853
161 280 1.3445141196085926
162 245 -0.94225826132867485
162 250 0.91291645244637964
163 209 2.0864210754653514
166 268 1.2433636119807396
166 269 0.058803945854023335
167 209 0.14299064361488706
169 184 -0.57736235120141088
169 259 0.14995599789998504
171 240 -1.4710094660984518
171 290 -0.36657523691688826
172 179 0.72068879554441978
172 235 1.5720922578673793
173 177 0.70289127131031737
174 202 -0.1845577551882831
174 234 0.11919872716835661
175 233 -1.0276607813676228
176 243 0.13650603340682529
176 248 0.88887143057007767
177 196 0.18585850673281731
177 262 -2.1097050949450131
180 204 -2.2735021106032076
182 205 -1.3988305016615143
183 208 0.21623656779624975
183 260 1.1101078784136575
184 193 1.611274424781582
184 218 0.5457728417202925
185 210 -0.40173899309651728
187 203 1.9268188869224003
187 293 -0.3531902927402108
188 286 1.9944699714372034
189 226 0.36236590414560771
189 287 0.65206182323688933
190 225 -0.20442658587771215
191 257 -1.3879958665656273
194 203 1.4239245271441261
194 271 0.61871979547699851
196 215 1.4480765329841798
198 219 1.1425695806295344
199 255 -1.0047312842247966
200 235 0.21124191599394471
201 238 -1.0564541347309568
202 292 -0.82361928721348421
206 218 0.28838485263614599
206 247 -0.055551730486574268
207 277 -1.7451097432376852
208 222 -0.037877320600937979
210 246 -1.0300266399422189
211 273 0.76587871307692101
213 294 0.64342984790041879
215 292 0.6114141564814024
216 224 0.66820371518854582
216 298 -1.4526091677432935
217 255 1.2122702073507803
217 289 0.64104254490221679
218 227 -0.66744666361635763
220 298 0.0087597783509903923
221 274 -0.49851069022308109
224 270 0.21058804788754956
225 269 -0.79324045816502931
226 274 0.93241882865246972
227 291 -0.74714406200504335
228 250 -0.23665796733240391
231 264 -0.57114704202918276
232 284 0.60631363412343453
235 265 -1.1364052028062968
236 262 0.15246464889065278
237 241 0.31072091950253444
239 284 -2.7163327274748199
239 297 0.047778397152387762
240 260 1.2970647147962686
243 293 0.87849372878459731
243 299 -0.6349836613789186
245 291 0.15262481510720194
248 274 -0.25161873703377785
249 260 1.7638528623496026
250 288 -0.96001320259671097
253 282 0.081008061416269372
256 257 0.1520304892045817
257 281 -0.55093254150329574
258 283 -0.10721023390773046
261 278 -1.1560819143933578
263 292 1.0603443253767026
265 275 -0.56395688541089717
267 273 0.065430320301539058
271 279 -0.39043123985981332
276 290 0.56308659151608687
278 283 0.014946209186573836
279 289 0.81781505194054127
281 288 -0.31215414812458353
286 296 -1.2258127098563518
