# model=rrg N=100 meanJ=0 seed=1402926220 distribution=gaussian field=0 num_fields=100 num_couplings=150
0 0
1 0
2 0
3 0
4 0
5 0
6 0
7 0
8 0
9 0
10 0
11 0
12 0
13 0
14 0
15 0
16 0
17 0
18 0
19 0
20 0
21 0
22 0
23 0
24 0
25 0
26 0
27 0
28 0
29 0
30 0
31 0
32 0
33 0
34 0
35 0
36 0
37 0
38 0
39 0
40 0
41 0
42 0
43 0
44 0
45 0
46 0
47 0
48 0
49 0
50 0
51 0
52 0
53 0
54 0
55 0
56 0
57 0
58 0
59 0
60 0
61 0
62 0
63 0
64 0
65 0
66 0
67 0
68 0
69 0
70 0
71 0
72 0
73 0
74 0
75 0
76 0
77 0
78 0
79 0
80 0
81 0
82 0
83 0
84 0
85 0
86 0
87 0
88 0
89 0
90 0
91 0
92 0
93 0
94 0
95 0
96 0
97 0
98 0
99 0
0 31 -0.12494891004582408
0 43 1.4630584502043318
0 49 -0.87390780144911562
1 72 1.2882804187737831
1 77 -2.6390421854682904
1 95 1.5281740707963405
2 59 -1.2640561246134241
2 61 0.17614927519396628
2 77 -0.58139031890216442
3 73 -1.5358069664037521
3 82 1.2633711264678924
3 87 -1.6044796522738307
4 37 -1.1755060959047137
4 61 0.036751128190989329
4 63 0.30298388859993458
5 23 -0.25959563766548993
5 55 0.30617328207237449
5 60 -0.52861943368195541
6 28 -0.96552258137519542
6 50 1.3836999315135934
6 70 -1.5030156279808626
7 22 -0.14297567823839777
7 34 -0.66592474663940704
7 43 -0.90858393947049498
8 36 -0.42126352091888358
8 37 0.89331196589613004
8 85 -1.3675305558198314
9 13 1.4285330406368808
9 25 0.29636022627547426
9 51 -0.74166892102762882
10 31 0.8176633011968758
10 91 -0.33713801700518209
10 97 1.1373656927737146
11 12 -0.85218495813058193
11 39 -0.25749524915840227
11 56 -1.4366188582966342
12 42 -0.48693379368403361
12 96 -0.87376285630786665
13 65 1.2802375334381979
13 71 1.8885734344680969
14 16 -0.59627285319727552
14 70 1.7131653703649219
14 84 0.50609719539205544
15 28 1.0655736172471195
15 30 0.36099786923928584
15 76 -0.0056991770345469154
16 32 1.451450929890864
16 95 -0.63994750409333301
17 21 0.38529394381390569
17 32 0.57131879401186825
17 92 0.4120560580576651
18 37 0.29856709991777913
18 47 -0.053866509015456726
18 55 -0.43035868995433174
19 23 -0.41656381069076831
19 25 -2.2333835929731931
19 34 -0.61377839887529417
20 79 0.47293828145219952
20 86 -0.072178446844401598
20 87 2.3366679865818698
21 32 1.1058476526012206
21 76 -0.74636129464592804
22 54 0.6365658947896593
22 59 -0.83903939628042079
23 76 -2.2538224648105309
24 41 -0.41072435623241615
24 69 -0.87440881042459428
24 74 0.43244592468839443
25 45 0.16086538236781955
26 28 -1.6974528672765929
26 63 1.2820022738792411
26 83 -1.0242453902651592
27 48 0.052807091488743838
27 60 -0.044875843761781352
27 94 -0.94392774074527952
29 41 -1.2809310484924381
29 49 1.2853317891282987
29 75 -1.1521287142900978
30 54 -1.6897035886203144
30 94 0.96433713017454947
31 39 0.12494922113618977
33 60 0.23647320046686512
33 67 -0.025732157430295548
33 87 1.2687119372637299
34 91 -0.42422446939809405
35 46 1.0068150811849685
35 58 -0.87456929195961974
35 80 0.23348322307712296
36 72 0.32970372272898851
36 81 -0.9212685506656354
38 58 1.0605259558739148
38 66 0.075630241043315782
38 89 0.11935855698065533
39 96 0.2154165515854701
40 46 -0.34780235810589133
40 65 0.44190165716516489
40 73 -0.27592995283946808
41 59 2.7594553975621321
42 70 -0.57811884222854049
42 94 -1.3873987573035509
43 92 -2.0837932912774355
44 47 0.73382641404624038
44 58 -0.75231258966121395
44 89 -0.076028066469720157
45 64 2.3892182602604719
45 72 0.57574908651631351
46 71 0.79495890297970806
47 68 0.1962122562697444
48 56 -0.20518510795271855
48 57 0.65439959446656004
49 64 0.79459981629749743
50 84 -0.83250003998669619
50 93 -1.2971904781805492
51 81 -0.073881506146869627
51 86 0.65815987469377379
52 63 0.39566657561332497
52 65 0.91647081742669201
52 69 0.65342456125310666
53 73 -0.42499740976705425
53 75 0.89765962865959747
53 99 1.676183163847109
54 67 2.0609450842983774
55 97 0.25487149587891905
56 93 -1.6870377302247226
57 74 -0.61529809157622539
57 83 1.3848667587015628
61 67 0.48475953508258046
62 82 0.50438493720548383
62 84 0.30893471492880192
62 92 0.1949296438755509
64 75 1.0712308310907419
66 88 1.923540573996084
66 91 1.5311738694778552
68 98 -0.21717574221063662
68 99 0.3627227511496855
69 74 -1.6190150378144414
71 88 0.54864962683487339
77 97 0.1894179306944733
78 85 -0.12091848009919974
78 98 0.028456453933349255
78 99 -0.2293021895239393
79 86 -0.52954269823425759
79 98 -0.021067368372557765
80 85 -2.2307799333368683
80 95 0.43652519828950753
81 90 1.3852753608751467
82 90 -1.070226577336612
83 88 -0.94660101649234063
89 90 -0.49310737629647006
93 96 0.6039444373503986
