# model=rrg N=200 meanJ=0 seed=2960618772 distribution=gaussian field=0 num_fields=200 num_couplings=300
0 0
1 0
2 0
3 0
4 0
5 0
6 0
7 0
8 0
9 0
10 0
11 0
12 0
13 0
14 0
15 0
16 0
17 0
18 0
19 0
20 0
21 0
22 0
23 0
24 0
25 0
26 0
27 0
28 0
29 0
30 0
31 0
32 0
33 0
34 0
35 0
36 0
37 0
38 0
39 0
40 0
41 0
42 0
43 0
44 0
45 0
46 0
47 0
48 0
49 0
50 0
51 0
52 0
53 0
54 0
55 0
56 0
57 0
58 0
59 0
60 0
61 0
62 0
63 0
64 0
65 0
66 0
67 0
68 0
69 0
70 0
71 0
72 0
73 0
74 0
75 0
76 0
77 0
78 0
79 0
80 0
81 0
82 0
83 0
84 0
85 0
86 0
87 0
88 0
89 0
90 0
91 0
92 0
93 0
94 0
95 0
96 0
97 0
98 0
99 0
100 0
101 0
102 0
103 0
104 0
105 0
106 0
107 0
108 0
109 0
110 0
111 0
112 0
113 0
114 0
115 0
116 0
117 0
118 0
119 0
120 0
121 0
122 0
123 0
124 0
125 0
126 0
127 0
128 0
129 0
130 0
131 0
132 0
133 0
134 0
135 0
136 0
137 0
138 0
139 0
140 0
141 0
142 0
143 0
144 0
145 0
146 0
147 0
148 0
149 0
150 0
151 0
152 0
153 0
154 0
155 0
156 0
157 0
158 0
159 0
160 0
161 0
162 0
163 0
164 0
165 0
166 0
167 0
168 0
169 0
170 0
171 0
172 0
173 0
174 0
175 0
176 0
177 0
178 0
179 0
180 0
181 0
182 0
183 0
184 0
185 0
186 0
187 0
188 0
189 0
190 0
191 0
192 0
193 0
194 0
195 0
196 0
197 0
198 0
199 0
0 36 -0.26984672263063886
0 42 -0.41105568455555497
0 114 0.4250780453691308
1 32 1.5538496125656245
1 44 -1.1371294779240673
1 84 -0.44147985775320592
2 77 1.5062152003345743
2 162 0.62627869632930444
2 175 1.2277077718878386
3 38 0.44594880457126013
3 96 0.36292238794105652
3 179 -2.8757674200900918
4 23 1.3312931031189807
4 94 -0.98603819715591001
4 169 0.24760727545811845
5 79 0.42104494305339885
5 86 -0.43636153208598305
5 87 -2.0586814822846895
6 21 -0.023766654874071293
6 83 -0.54658049011778465
6 119 -0.31462437918737962
7 75 -0.041874815420627202
7 90 0.14914026315141166
7 135 -1.7190377162918229
8 59 -0.86456352049869467
8 161 0.39641075477255089
8 182 1.0629230926068585
9 96 -0.21064848661218313
9 173 1.1682184207895745
9 184 -0.18805338714700204
10 34 1.625317270286444
10 44 0.98950802849232711
10 95 -0.94040125179469514
11 111 -2.240189428839976
11 123 -1.3107127889388108
11 134 -0.14271904561586191
12 81 1.9379976681183546
12 129 1.1750240490986521
12 152 0.83732587469741726
13 150 0.16966444364222907
13 158 0.50715471873714901
13 179 -1.214327092629137
14 109 -0.81614783488833431
14 141 0.66485505789195276
14 154 0.83656319863075579
15 24 1.1870794845003447
15 33 -0.019326799494330037
15 171 -1.6014180839987182
16 80 -0.23136081916174683
16 98 0.065617301779935716
16 188 -0.73554620861044406
17 112 -0.075875223856272822
17 120 -0.15379256702357169
17 153 -1.1357307766814035
18 23 0.4953470030788969
18 121 0.8335093962305713
18 145 -0.85531721488842116
19 34 -0.88957210208239623
19 121 0.92377916777539859
19 146 -2.051956795395637
20 25 0.39536914738387519
20 27 2.9129498343552176
20 55 -0.46679482561041924
21 124 0.60529539288097911
21 141 -0.75159875577659596
22 70 -0.38530089823089425
22 145 1.6163194210739493
22 164 0.91135865640639069
23 192 -0.526211671917303
24 143 -0.10649150971596906
24 183 -1.1960763191074082
25 43 0.46588131095699264
25 135 0.10582321085100516
26 45 0.10574566076876674
26 98 -0.77632219154204229
26 124 -0.55488831804212546
27 46 -0.47695214350780274
27 152 -1.3476034098132645
28 108 0.57017056320729842
28 112 -2.2185521173424179
28 196 -1.6793705983022262
29 37 -1.0755391333099216
29 94 0.054660748268321506
29 170 0.2208109739230357
30 76 -0.28068463085113116
30 89 -0.75153595157043585
30 146 0.89542972663019205
31 48 -0.72213995311744106
31 78 -0.16509241546256839
31 199 -0.300409020444804
32 67 0.61971532716166866
32 87 -0.50785868597188144
33 64 1.263619226671999
33 121 -1.8972178736079024
34 136 0.51741712521695327
35 60 0.53086747834913395
35 97 0.17422780685588779
35 165 2.2440730650255327
36 70 -1.5051749944878465
36 190 -0.55526735310051778
37 43 0.20557178021839398
37 142 0.29768845120233883
38 58 0.45366038149165705
38 62 0.55914149811353497
39 94 1.0950442823235902
39 110 0.28331444064938754
39 144 0.15173322214090726
40 88 -0.70668842690774614
40 95 0.78613797737064317
40 167 3.0597129524493267
41 78 -0.54350523264472739
41 157 2.0341625690503862
41 177 1.9264211818405024
42 137 1.3984151536090332
42 138 -0.97516675228387406
43 164 -2.1738774113613344
44 119 -0.375912462745433
45 63 0.10713098778695901
45 172 -2.0277379654911423
46 76 1.2779232502255988
46 167 1.0901444098807191
47 103 -0.50553418733096067
47 123 -0.63199029555477415
47 181 -0.96813912494909249
48 129 0.33228926912885592
48 153 0.51126489558778554
49 131 -2.3123940913935614
49 136 0.47971241475909637
49 150 -1.3639736571197423
50 56 0.66179057566103727
50 135 0.34739587982885772
50 185 -0.74965561319474805
51 74 -0.16840073031489219
51 107 1.3335786246205223
51 139 1.1409479157109963
52 113 -1.0169244520853362
52 131 0.10512657140202709
52 173 0.56481101866329686
53 166 -0.20497866272105564
53 177 -0.73215647113554738
53 198 -1.020174882021184
54 68 0.60973971770695889
54 115 0.3405121759186796
54 125 0.070245407133117055
55 172 0.60914251293189148
55 186 -0.038389261577376078
56 76 0.56175983231484283
56 102 -0.64054287544757549
57 115 -1.6571344473138447
57 122 -1.314221327155265
57 156 0.056839301152371971
58 78 -0.35478127647308916
58 160 -0.051484883417021829
59 70 0.52737124666702606
59 150 -0.59998794394554489
60 64 0.70237101182643691
60 139 1.5353090358302224
61 138 0.30589277402181636
61 156 0.3665361515229037
61 174 0.46021447455436626
62 105 -0.88592838948085506
62 127 0.45114050720619059
63 102 -0.88498960688636441
63 140 -0.88477329521126713
64 71 -2.4826702112436112
65 93 1.6931365918813173
65 165 0.41207231106626041
65 166 1.3554964598277826
66 74 0.31854123471450368
66 136 0.70412550420893527
66 155 0.09985667950592976
67 111 0.39872796070423883
67 118 -1.923263876948905
68 131 0.25379756135613357
68 160 -1.3478869381279639
69 79 0.19762934166003207
69 110 -0.56306696057012695
69 126 -1.0516945717841382
71 89 1.0164867426075301
71 190 -0.18562680835684539
72 92 -0.59669221690090402
72 116 1.0760514608807887
72 144 0.19301057307215558
73 87 1.1626133713367743
73 114 0.92658524010256138
73 146 -0.0031786835956802528
74 132 0.63277692194253232
75 162 1.4694431055679738
75 185 -0.59257869121004492
77 98 -0.95488247101885249
77 178 -1.4575063148066871
79 83 -1.5061838432453756
80 173 -0.99993658945717512
80 193 0.39245696497333543
81 93 2.0006203349293821
81 103 -0.77549972710839743
82 84 -0.78643381443533222
82 147 -1.2049457155307
82 148 1.3251990070854638
83 149 -0.29152103512777289
84 128 -1.3308054473287203
85 90 -0.58173278289226138
85 106 -0.67341467230502172
85 118 1.0018003745990451
86 100 0.33262128197456614
86 199 -0.32468697523992368
88 115 1.0483175064573353
88 137 0.40200658970133346
89 192 -0.19949478891753292
90 125 -0.53052589486557955
91 186 1.0274133792242273
91 193 1.8484514383538575
91 197 1.5632395099594631
92 177 -0.44112820032129874
92 181 1.217696180601626
93 172 -1.267512454770656
95 163 -0.2859525850905465
96 189 0.95453930956384503
97 149 1.6340790514256311
97 180 0.47948899499300429
99 106 -0.062360284330334852
99 123 -0.51692918456856074
99 133 -0.4079024787296745
100 104 0.14279382797213824
100 105 -0.47346528394875748
101 105 0.2764231381583141
101 171 -0.3252111783885131
101 194 0.98496190945942241
102 198 -0.092610383542405195
103 130 1.2630867704154403
104 140 -0.016076099643131506
104 159 0.72550355469524097
106 124 -0.42343492573391023
107 142 0.015093193742793052
107 151 -0.61076929867837337
108 127 -1.3369679378038808
108 130 -0.081308876541798053
109 122 -0.84423416930009387
109 134 -1.7088645571776679
110 183 -0.87330623413003294
111 196 -0.19975041402779717
112 147 -0.26627454923731136
113 114 0.77504269690066885
113 188 0.14973817065085845
116 195 -0.39800819297963153
116 196 -1.5124167688757846
117 140 0.18391054392385922
117 170 0.74402892890015226
117 187 -1.3416048421296674
118 178 -0.90470531881135874
119 157 0.8851343497109726
120 168 0.11981913101818144
120 180 0.99836575543065686
122 132 -0.93780959833873678
125 164 -0.45123194656560739
126 175 0.016130864585017227
126 194 0.31209836334318142
127 153 0.11873829730124177
128 133 -0.6303580713576814
128 176 0.34311273431776007
129 159 -0.0031804159934952915
130 158 1.2101372693360912
132 174 -0.31915310040581141
133 137 -0.68305199330615729
134 191 0.51017995407273209
138 149 -1.2774364860468463
139 157 0.81355680316537615
141 190 -0.23287316641121522
142 151 -1.4837851476336801
143 179 0.4930028550796704
143 191 1.5357812185849868
144 184 1.633504437880491
145 163 0.062313783368269135
147 161 0.45445628893156037
148 160 -0.24261620952230639
148 165 0.47162534233141001
151 194 -0.30650756593615436
152 183 -0.56921294121693666
154 178 0.12424952954112256
154 181 0.50840565976458385
155 159 1.9013298425208354
155 189 -0.43283280352389247
156 182 0.35782291316838583
158 195 -0.84640913023429709
161 168 0.34611555582714532
162 187 -1.0150877957187949
163 199 1.3750322803783916
166 168 0.37549410231702984
167 192 -1.2938628126348128
169 171 2.2824545511968459
169 187 1.3284162882323907
170 189 -0.14253654381087538
174 182 1.5380901331690175
175 185 -0.67611965534903051
176 186 -0.21866989901676806
176 193 -1.8894557002072447
180 197 0.56828384012280742
184 195 0.51145023130302436
188 191 -0.46156035889130559
197 198 -0.10197746741944587
