# model=rrg N=150 meanJ=0 seed=3127512675 distribution=gaussian field=0 num_fields=150 num_couplings=225
0 0
1 0
2 0
3 0
4 0
5 0
6 0
7 0
8 0
9 0
10 0
11 0
12 0
13 0
14 0
15 0
16 0
17 0
18 0
19 0
20 0
21 0
22 0
23 0
24 0
25 0
26 0
27 0
28 0
29 0
30 0
31 0
32 0
33 0
34 0
35 0
36 0
37 0
38 0
39 0
40 0
41 0
42 0
43 0
44 0
45 0
46 0
47 0
48 0
49 0
50 0
51 0
52 0
53 0
54 0
55 0
56 0
57 0
58 0
59 0
60 0
61 0
62 0
63 0
64 0
65 0
66 0
67 0
68 0
69 0
70 0
71 0
72 0
73 0
74 0
75 0
76 0
77 0
78 0
79 0
80 0
81 0
82 0
83 0
84 0
85 0
86 0
87 0
88 0
89 0
90 0
91 0
92 0
93 0
94 0
95 0
96 0
97 0
98 0
99 0
100 0
101 0
102 0
103 0
104 0
105 0
106 0
107 0
108 0
109 0
110 0
111 0
112 0
113 0
114 0
115 0
116 0
117 0
118 0
119 0
120 0
121 0
122 0
123 0
124 0
125 0
126 0
127 0
128 0
129 0
130 0
131 0
132 0
133 0
134 0
135 0
136 0
137 0
138 0
139 0
140 0
141 0
142 0
143 0
144 0
145 0
146 0
147 0
148 0
149 0
0 75 1.7476628101551783
0 89 -0.54427761448835366
0 117 0.21249039035849857
1 67 -0.94897331212722691
1 91 -1.2621039935394571
1 96 -0.63399692961487197
2 23 -2.4666872282746866
2 28 -1.731883576730509
2 120 -0.089593611713271806
3 14 2.2023788311131791
3 77 -0.81006669933253628
3 112 1.485593713602364
4 22 -0.18035259320959082
4 121 -0.47915335703335221
4 131 1.269014651095415
5 18 -1.108654865518157
5 113 1.0623245025579602
5 118 -0.53481239490908705
6 66 -1.3164898806680208
6 126 -0.4413904873891038
6 135 -0.27014598278039936
7 61 -0.35660118238559851
7 101 -1.4244987725665885
7 122 -0.40107609069100914
8 62 0.73885015897617812
8 64 -1.6512278626681067
8 109 0.82575035001396657
9 18 1.5374340156646153
9 39 0.50981844391374831
9 71 -0.82706674421069082
10 57 0.35212380635532392
10 100 -0.58054578448136973
10 114 -1.4159683202762439
11 36 -0.4753626552797674
11 98 0.26296658220729385
11 148 -0.29187803503600385
12 27 -1.5960811605486556
12 36 1.0271289605241476
12 42 0.23182253053347815
13 16 0.089623480427835966
13 126 -0.15453761352250614
13 138 -0.74021361395492913
14 52 0.12574795160035618
14 53 0.55798967002372091
15 70 -0.64277398629006155
15 109 1.5851567148897183
15 110 -0.50419368322691693
16 30 -1.0032347428988084
16 120 0.76818872054610898
17 54 0.64387615634102791
17 117 1.0649400092038999
17 138 -0.56160888000872189
18 102 0.61553929463738766
19 46 0.29183423512577544
19 90 0.15130021884641523
19 111 -0.2695209059152901
20 52 0.93146996006092864
20 113 -1.3537200764803428
20 135 -0.46629873351744322
21 24 0.17403358020015289
21 75 -0.71814767909349631
21 136 -2.2808670736248775
22 50 -1.1829469932846222
22 86 -0.79098442536017599
23 35 1.7865008132475368
23 111 0.46534653129053527
24 92 0.38602441164816648
24 96 -0.53118270510877685
25 39 0.22622372158137519
25 80 1.5028677552617713
25 146 0.94363843782812662
26 67 0.4303484610460962
26 91 1.5760264004682436
26 132 -2.1399303043237081
27 125 1.1066517818166073
27 138 -1.6441855134828613
28 58 0.56852508681370084
28 84 0.10679079725501837
29 45 0.21185882575599277
29 128 -1.0990548430369382
29 137 -0.20925612570342086
30 49 -1.2781374453027721
30 105 1.1744698739255313
31 84 -0.36140201513360554
31 129 0.3596839006292562
31 140 1.7813344042548158
32 64 -0.2835566752081633
32 71 1.4206224034761894
32 133 -0.42989865559553225
33 63 0.3090543098213151
33 142 -0.48695376253767952
33 148 -0.69157701382274173
34 44 -0.88407027061633647
34 125 -0.46314329339418975
34 146 -0.70881119270235471
35 37 -0.17041769056752293
35 44 -0.053529748419656825
36 130 0.96120088652150759
37 83 1.0305098999209088
37 141 0.070103806716989098
38 49 -0.5537560836985248
38 56 1.3879580817006147
38 123 -0.68867788084687742
39 149 -0.10308759920198329
40 41 1.5590723841796494
40 100 -0.49124814543288725
40 121 0.22622774112659225
41 125 -0.65820555578739515
41 141 1.0291908843830642
42 87 1.9379914623130887
42 95 -0.092383338998051512
43 112 0.40805364213707551
43 124 0.98326628433838104
43 136 0.052324073656398185
44 131 -1.8097043279517471
45 48 -0.91232481329220938
45 115 -0.15041878359039965
46 54 0.13059398217482576
46 103 0.25324954660202503
47 70 -1.0352990641946382
47 83 0.58429428067823042
47 102 0.48825128643691512
48 59 0.83473600942892057
48 88 -1.0607569447283649
49 119 -0.76112691535969723
50 69 1.424566267057485
50 98 -0.022016596982569865
51 92 -0.13553276933488559
51 104 0.21973028373427175
51 118 -0.10249285150895002
52 83 -0.34638862292568767
53 87 0.69542320305821836
53 121 -0.11164357815124314
54 128 -0.43949231898643731
55 95 -0.49933503607704655
55 145 0.39809990394635947
55 147 -0.99044992068327986
56 82 1.3394869548850832
56 104 -0.93379330728795873
57 93 0.21991288098144079
57 103 0.099182119088127671
58 86 0.37576226442533966
58 97 -0.108438925168792
59 79 -0.70706041240429562
59 99 0.44775040764502944
60 71 -0.0686994017128114
60 99 -0.02726892226573728
60 126 -1.1424300984949394
61 69 0.37344570101993813
61 135 0.70590720271392171
62 103 -0.71153280247777995
62 147 -1.0764453711076207
63 129 -0.37425717755285531
63 133 0.26053227534736889
64 97 0.47111211968109529
65 78 -1.103710508141506
65 116 1.4103259996802251
65 137 0.12698577610744999
66 94 -0.19788626185350952
66 131 1.0107807905932795
67 73 0.57709186605068252
68 73 -0.29197556132310637
68 141 0.85791655678254952
68 148 0.47783725983309533
69 91 1.828392766561882
70 133 -0.65661126430393513
72 119 -0.73064266689887047
72 122 -1.010391267503963
72 123 0.21388798853412549
73 119 0.40532422223151587
74 101 0.66285085803438804
74 106 -0.33626198486841569
74 116 -0.20937354910398626
75 115 -1.3740710276108472
76 78 -0.49466527156731577
76 106 -0.029503581811685626
76 114 -1.5991106772781938
77 78 -0.032307200954525626
77 86 -0.27418987026811387
79 95 -0.88111957647890604
79 144 -0.90647735256877038
80 105 -1.3838931148377374
80 124 0.058076567017053042
81 101 1.2540543107053044
81 122 0.25888205649669971
81 123 -2.336139004866943
82 94 -0.037755165539040104
82 118 0.81769849914068571
84 134 -0.76215572904723961
85 90 -0.21672547393856603
85 92 -0.046557731527586216
85 112 -1.0563525412743058
87 134 1.1980610291576634
88 115 -0.83533047973707808
88 149 -0.80624609030597438
89 97 0.82064569069185467
89 145 0.59397839031422295
90 145 -0.12970885012043384
93 108 -0.8133174932752989
93 127 1.1250295370628614
94 130 -0.26130862012162082
96 113 -1.0949603011631097
98 120 0.34009218955467757
99 140 -0.3989405295944855
100 129 1.2382722947575455
102 127 -1.5518345205171737
104 144 2.8123955518075929
105 110 1.5791037299137543
106 111 -0.73973920827437178
107 108 -0.27119237456076017
107 137 -0.75047082954661215
107 142 -0.45052678232357102
108 144 0.4187359340391219
109 136 0.9306310318436416
110 132 -0.062686099799336994
114 139 -2.1298897041508051
116 139 -0.45686718974969925
117 130 -0.061325825740926626
124 143 0.90000893036491703
127 143 -1.1645100804800272
128 132 -1.3049731018376669
134 142 -0.47814177804087232
139 140 0.91277192097070348
143 149 1.4248723143858664
146 147 -0.76309516708189362
