# model=rrg N=150 meanJ=0 seed=2887310774 distribution=gaussian field=0 num_fields=150 num_couplings=225
0 0
1 0
2 0
3 0
4 0
5 0
6 0
7 0
8 0
9 0
10 0
11 0
12 0
13 0
14 0
15 0
16 0
17 0
18 0
19 0
20 0
21 0
22 0
23 0
24 0
25 0
26 0
27 0
28 0
29 0
30 0
31 0
32 0
33 0
34 0
35 0
36 0
37 0
38 0
39 0
40 0
41 0
42 0
43 0
44 0
45 0
46 0
47 0
48 0
49 0
50 0
51 0
52 0
53 0
54 0
55 0
56 0
57 0
58 0
59 0
60 0
61 0
62 0
63 0
64 0
65 0
66 0
67 0
68 0
69 0
70 0
71 0
72 0
73 0
74 0
75 0
76 0
77 0
78 0
79 0
80 0
81 0
82 0
83 0
84 0
85 0
86 0
87 0
88 0
89 0
90 0
91 0
92 0
93 0
94 0
95 0
96 0
97 0
98 0
99 0
100 0
101 0
102 0
103 0
104 0
105 0
106 0
107 0
108 0
109 0
110 0
111 0
112 0
113 0
114 0
115 0
116 0
117 0
118 0
119 0
120 0
121 0
122 0
123 0
124 0
125 0
126 0
127 0
128 0
129 0
130 0
131 0
132 0
133 0
134 0
135 0
136 0
137 0
138 0
139 0
140 0
141 0
142 0
143 0
144 0
145 0
146 0
147 0
148 0
149 0
0 30 1.0109572992896361
0 95 0.90463232929875803
0 141 0.73697144876967025
1 57 -0.1929587919903385
1 109 -0.3060024864923625
1 130 -0.65257795903035509
2 3 0.49755029198879736
2 48 1.8136239202033395
2 79 0.26201068193998689
3 90 0.84532685431475252
3 129 -0.86313303902915162
4 44 -0.10483177252278854
4 123 0.23999536485745382
4 140 2.0653873177093236
5 13 1.7616491924494235
5 26 -1.4487504911272364
5 65 2.5474516005374523
6 28 0.53788481212824235
6 67 0.66769957480060105
6 104 0.048246074825906267
7 14 -1.2391958240271059
7 22 -0.409750158064905
7 32 -0.27243639848880463
8 93 -0.14160968121058234
8 120 2.6464204172093959
8 129 0.18695106637039641
9 16 -0.063628647276183947
9 18 -0.53297979501043569
9 41 0.78447329665156262
10 25 0.19787022417263964
10 91 0.12198404367901715
10 116 -1.4446165726809548
11 21 -1.1908607179538044
11 37 0.70895628760146279
11 117 0.33135428298931197
12 102 0.87575285518179691
12 106 -0.85884778252553007
12 140 1.4075327153006012
13 35 0.92469537686905268
13 111 1.3498903556447783
14 48 -1.4711743953232721
14 124 0.44020533524986971
15 31 0.49816403025717843
15 59 0.062136105657458786
15 122 -0.4097039965825533
16 26 -0.87369655236349897
16 70 1.5180914486939285
17 20 -1.4888435271154421
17 55 1.0782500071824179
17 99 -1.5719391529279687
18 123 0.73323028259855205
18 137 -0.17182315458914235
19 34 -2.0861561324572824
19 101 -0.59642742750688404
19 132 -0.2420094965639599
20 25 -0.42006962520512764
20 51 -0.90200808491444928
21 62 0.63444314617461872
21 110 -1.6409324601872239
22 99 0.15259093079882668
22 112 -1.9885025735324877
23 31 -0.78626886282883091
23 40 -1.8895762594828962
23 61 1.534091534555901
24 107 -0.36213121867206677
24 110 0.82716501789841557
24 121 -1.0745233483453038
25 61 -0.94977924501302113
26 127 1.0917155870627946
27 81 0.58115047209162451
27 136 -0.84624520296522454
27 139 -0.56716543210660908
28 58 -0.041439858582013468
28 111 -0.64288227822661992
29 42 0.43211731865570591
29 81 -0.8500038692872266
29 107 0.51537340147720023
30 127 -0.18471670445671406
30 147 0.56774830971799206
31 74 0.098058806666524695
32 50 -0.32628121443309799
32 130 0.70208371244086687
33 44 0.058306915567993119
33 83 -1.2377879885598209
33 131 -0.098755593919901768
34 62 -0.56785135918579777
34 75 -0.12339109964337681
35 37 0.77844340896064279
35 91 0.42885085359871311
36 104 -0.59729294418952805
36 118 0.4175763037931382
36 128 0.65697661494716764
37 53 0.27867040445921909
38 44 0.51519840212207091
38 50 2.4257372072298042
38 60 -0.62164848912504056
39 52 -0.64961055077345675
39 83 -0.53137491152124527
39 102 -0.64503836347058996
40 55 -0.98412717260317439
40 134 -0.19322313343876618
41 45 -0.5119825972169717
41 70 0.28607640628047876
42 85 0.2822057182147783
42 104 0.30348237116770582
43 50 1.2398645318290293
43 62 -0.052162206712451489
43 77 0.26099980200689205
45 74 -1.3878465858267184
45 149 0.058863925868982175
46 103 -0.29890225920031205
46 111 0.35011947132175986
46 118 -0.75421868382580781
47 64 -1.1361667595334808
47 86 0.54222777550785395
47 145 -1.7467565054391783
48 143 -0.44249268336841807
49 79 1.1678568654081252
49 80 1.3555754200402048
49 108 -0.023283971059908523
51 73 -0.44073924338777709
51 84 0.15484351844066305
52 78 0.8335494445394469
52 112 0.94955481996699587
53 65 -0.28419209392651495
53 144 -0.14667483569706088
54 63 0.065695177268178612
54 99 1.0121720480524641
54 115 0.90738203021295827
55 106 -1.0825217853957372
56 100 -1.3666060844996972
56 117 -0.47065156224002919
56 136 -0.25845595158331636
57 87 0.61925839499113122
57 114 1.7986193036441975
58 103 -0.41213733207440856
58 146 -1.4836578619245222
59 72 -1.2509510471507246
59 134 0.57275190190934999
60 120 -0.44873122221446676
60 144 1.2389231735306467
61 110 0.66417145825053969
63 132 -0.9496394484827626
63 133 -0.58242517282896311
64 108 0.85784086901107548
64 124 0.74699640753655572
65 148 0.52908021494489155
66 87 -1.2974168608884047
66 119 0.42838112869657646
66 143 -0.75310106321792181
67 93 -0.1299063692956911
67 138 -1.0718029806882452
68 82 0.26738379492643549
68 85 0.34034633933228781
68 101 -0.1929329367911711
69 84 -1.1254852382043707
69 94 -1.3587355019903369
69 125 1.6456703906585741
70 80 -0.68928647370573626
71 92 -1.1699634939629699
71 107 0.53692751167350949
71 143 0.001689112148319341
72 93 -0.26714001050633274
72 149 1.0735462590414921
73 113 -0.84871336181619128
73 129 0.32949092308554379
74 98 0.97380424012588973
75 88 -0.28560596273874816
75 97 0.56807590494629412
76 92 -0.91859689092051267
76 98 0.21492505205994622
76 109 -1.1624974018483432
77 94 -1.7211816552698089
77 126 -1.2688745328882796
78 135 -0.38679789304647355
78 138 -0.0035830290693815115
79 103 1.4957219375403199
80 86 0.11391318414512595
81 142 -0.023431178930270209
82 122 -0.15160669040515157
82 147 -0.80472469439620486
83 121 -1.4238437059766902
84 95 -0.091576250599501086
85 120 1.5261774286175009
86 116 -1.2327293749219925
87 115 1.3214560074365409
88 96 1.4034528586986166
88 137 -1.2903565899022651
89 97 2.481159331502492
89 115 0.9770167138529231
89 139 0.62332598184801147
90 142 -0.62710769667426625
90 147 -2.1747248283107528
91 98 -0.160417605914245
92 137 0.42214476282985797
94 136 -2.2469872608091097
95 125 1.3389582273823595
96 109 0.0204789345579467
96 116 0.9059851889360776
97 112 0.036642641049514979
100 118 0.73962010595465588
100 127 -0.73219486410495238
101 114 0.018781710302229335
102 133 -0.99907775132227239
105 108 0.25151571284915131
105 128 0.69269092909513674
105 148 0.17486813347161248
106 138 -1.3552512878046739
113 134 -0.9675915900845552
113 149 -0.2767064304772861
114 144 0.74761426258135477
117 141 -0.17751841572947918
119 135 0.34237575909512796
119 146 0.85439115507921448
121 126 0.18451972091084909
122 133 -0.8384985988512228
123 126 -0.20313973645275388
124 145 0.48075131669669818
125 132 0.34012364220974556
128 130 0.52280401280497557
131 139 -0.65924704159575054
131 145 1.0256095680643564
135 140 0.41004522020963785
141 142 -0.071040225463943493
146 148 -1.6725697315374779
