# model=rrg N=100 meanJ=0 seed=46152582 distribution=gaussian field=0 num_fields=100 num_couplings=150
0 0
1 0
2 0
3 0
4 0
5 0
6 0
7 0
8 0
9 0
10 0
11 0
12 0
13 0
14 0
15 0
16 0
17 0
18 0
19 0
20 0
21 0
22 0
23 0
24 0
25 0
26 0
27 0
28 0
29 0
30 0
31 0
32 0
33 0
34 0
35 0
36 0
37 0
38 0
39 0
40 0
41 0
42 0
43 0
44 0
45 0
46 0
47 0
48 0
49 0
50 0
51 0
52 0
53 0
54 0
55 0
56 0
57 0
58 0
59 0
60 0
61 0
62 0
63 0
64 0
65 0
66 0
67 0
68 0
69 0
70 0
71 0
72 0
73 0
74 0
75 0
76 0
77 0
78 0
79 0
80 0
81 0
82 0
83 0
84 0
85 0
86 0
87 0
88 0
89 0
90 0
91 0
92 0
93 0
94 0
95 0
96 0
97 0
98 0
99 0
0 23 0.56904811336563343
0 51 -0.18559402286659124
0 84 0.069814548228583476
1 3 -0.2506385060742935
1 6 -0.70047814525865193
1 88 -1.2369236383889166
2 24 -1.4318097175260347
2 51 1.5719697130595234
2 96 1.430997484627099
3 6 -1.5495627290806122
3 87 0.22937537286049922
4 14 1.5436750069392908
4 66 0.54032368332970881
4 98 -0.088431347179011285
5 35 -1.0296718765700124
5 39 -0.47049649408043404
5 46 -0.855961938404047
6 45 2.2303291000603345
7 57 0.33428162742025924
7 85 -0.74082869598796752
7 92 0.43091127318481753
8 23 0.18720736213529421
8 60 -0.1626798051539475
8 96 0.81740344125792941
9 55 -0.71865768673581665
9 65 0.28591101537220415
9 80 -0.81776032052743097
10 61 -2.2340259656437023
10 78 -0.35003819523499158
10 93 -1.6147759913058948
11 31 0.48691596915736829
11 41 -1.7299374221654613
11 67 -0.50498213854115037
12 34 0.048735625767503087
12 76 0.29612016933823132
12 96 -0.21323712099328002
13 41 0.63614385696609033
13 76 -0.2622232223022038
13 94 0.24220928961512461
14 39 0.51455331511756985
14 46 -0.94882220729691136
15 64 -1.1346191566252726
15 91 0.56615836397217434
15 99 1.6071863373845134
16 41 -0.10936333718946568
16 75 -0.27137356466383911
16 85 0.44714317252859853
17 37 0.12546108409351345
17 54 1.1512599699042996
17 68 -0.22975484251866854
18 19 -1.5077697447960192
18 63 -0.12807929517508584
18 78 0.84085662117582205
19 31 0.070852132354218639
19 42 -1.1705086061912742
20 30 1.0916434912719453
20 54 0.91930415035157587
20 97 -0.62161022413883904
21 43 0.8360485456461253
21 67 0.16849344097773086
21 98 -0.060051585538617475
22 45 1.0451609233838668
22 66 0.87024406254960673
22 86 0.49011392113211044
23 56 -1.2392179947015312
24 27 0.85184124661580751
24 29 2.0723080405055629
25 44 0.11102351892931706
25 91 1.1597864842335988
25 99 -0.19944603186354978
26 40 -0.20173296280308725
26 61 0.56662575600031739
26 90 -1.8851638363449601
27 79 1.3984588637328657
27 92 -2.3279062237003338
28 51 0.85386165486745047
28 64 0.70605230049316314
28 69 -0.72688953804995982
29 49 0.38099388515780047
29 59 -0.21490672771196637
30 80 0.43308068604296079
30 83 0.12787892551885363
31 35 -2.6479711611196941
32 74 0.77216282473183173
32 75 0.41271754995092608
32 87 1.2829015433351327
33 76 -1.1723996227475426
33 89 1.7695184644760322
33 95 -0.95133629694388711
34 38 0.10481921817475273
34 55 0.38623044445285332
35 78 0.44253394595703399
36 45 -1.3091116131390022
36 57 -1.17835662384203
36 83 -1.1611779506881934
37 93 0.74327402087398076
37 98 0.96705700796189786
38 55 1.40015402956209
38 63 1.2701877705227684
39 94 0.39836887753463063
40 52 1.0045734637735413
40 84 -0.80992572015563602
42 62 -0.72943144392669401
42 77 0.11365470327249479
43 53 2.3176590549688734
43 89 -1.3249156078281594
44 68 -1.1103441991945786
44 86 -0.50666310853296559
46 73 0.40656145230200086
47 62 0.074620947207355529
47 82 -0.711836859978773
47 86 0.040912730547024753
48 60 1.3931810340044291
48 70 -0.55297373203954381
48 95 1.0002898930801978
49 50 -2.6452064303004184
49 56 -0.61107959315977001
50 54 -1.5314283088452747
50 65 -0.80047280191191572
52 71 0.59922148035304013
52 95 0.84101393059984164
53 58 -0.42425594882485479
53 66 -0.72612172495155491
56 88 0.97791074214656715
57 93 0.26718652381993274
58 59 0.14107927119932767
58 89 0.42916153567299659
59 85 -0.11523788733862432
60 97 1.0977622401422866
61 81 -0.94544021887615304
62 74 0.41910385142832474
63 84 -2.0715509084825952
64 69 -0.39710650056122487
65 77 1.4912472111792952
67 70 -0.03587971186189072
68 71 -3.1652763571072784
69 79 -0.43846870216969808
70 92 0.2938239544141143
71 72 -0.94706982058797273
72 73 0.20436676725081429
72 82 -0.35664677954795926
73 97 -2.5793652644015852
74 81 -0.55060998759198487
75 81 -0.037264602598758259
77 88 -1.2778953772632113
79 90 -0.10575536441187172
80 91 1.262005666581022
82 99 0.17958499646169723
83 90 0.49191781182963629
87 94 -0.88138615467806458
