# model=rrg N=200 meanJ=0 seed=2995432684 distribution=gaussian field=0 num_fields=200 num_couplings=300
0 0
1 0
2 0
3 0
4 0
5 0
6 0
7 0
8 0
9 0
10 0
11 0
12 0
13 0
14 0
15 0
16 0
17 0
18 0
19 0
20 0
21 0
22 0
23 0
24 0
25 0
26 0
27 0
28 0
29 0
30 0
31 0
32 0
33 0
34 0
35 0
36 0
37 0
38 0
39 0
40 0
41 0
42 0
43 0
44 0
45 0
46 0
47 0
48 0
49 0
50 0
51 0
52 0
53 0
54 0
55 0
56 0
57 0
58 0
59 0
60 0
61 0
62 0
63 0
64 0
65 0
66 0
67 0
68 0
69 0
70 0
71 0
72 0
73 0
74 0
75 0
76 0
77 0
78 0
79 0
80 0
81 0
82 0
83 0
84 0
85 0
86 0
87 0
88 0
89 0
90 0
91 0
92 0
93 0
94 0
95 0
96 0
97 0
98 0
99 0
100 0
101 0
102 0
103 0
104 0
105 0
106 0
107 0
108 0
109 0
110 0
111 0
112 0
113 0
114 0
115 0
116 0
117 0
118 0
119 0
120 0
121 0
122 0
123 0
124 0
125 0
126 0
127 0
128 0
129 0
130 0
131 0
132 0
133 0
134 0
135 0
136 0
137 0
138 0
139 0
140 0
141 0
142 0
143 0
144 0
145 0
146 0
147 0
148 0
149 0
150 0
151 0
152 0
153 0
154 0
155 0
156 0
157 0
158 0
159 0
160 0
161 0
162 0
163 0
164 0
165 0
166 0
167 0
168 0
169 0
170 0
171 0
172 0
173 0
174 0
175 0
176 0
177 0
178 0
179 0
180 0
181 0
182 0
183 0
184 0
185 0
186 0
187 0
188 0
189 0
190 0
191 0
192 0
193 0
194 0
195 0
196 0
197 0
198 0
199 0
0 117 -0.46479051640898267
0 158 0.39041971395976915
0 199 -0.28131881991081009
1 95 -0.20101475539788755
1 130 0.71463218230106174
1 139 -0.12136735891813354
2 12 0.52644168871885633
2 38 -1.9413530387027416
2 41 1.7858670448278706
3 166 0.44398750782488089
3 185 -0.11717341905705779
3 199 1.3120050864160655
4 83 -0.23956584315937152
4 138 -0.95696029078495015
4 193 0.88724714718523079
5 12 0.41458606326388497
5 62 0.20211862035893449
5 145 1.0246515338761688
6 10 0.38638105191704664
6 25 -0.16879837006965986
6 147 -0.35266759325706604
7 125 0.92693513945573858
7 183 -0.018919559037551575
7 196 1.0480524713787724
8 16 1.1764163762548379
8 33 -0.73930633190194195
8 69 -0.47729127273983585
9 118 1.0702268727754105
9 164 1.0019504947325106
9 173 -1.1305562551805883
10 35 -0.41400821224444123
10 57 0.13844964138087065
11 114 -0.38060189489415969
11 125 0.47085495255036142
11 177 0.17906027207651631
12 44 -0.92084224047501939
13 43 -0.99148734837244046
13 73 -1.595883316345184
13 180 1.2080462095907345
14 34 -0.91906293599881173
14 122 0.029337816515303313
14 135 0.19108671633539179
15 33 1.4778944604128048
15 79 -0.19477003771352785
15 114 -1.9438176183011844
16 24 -0.86374020151233344
16 150 -0.94790437602265387
17 26 0.42912414531634763
17 67 1.6504769729139892
17 178 0.0098822137842795501
18 81 -0.17178377657169805
18 123 1.4218052732167812
18 175 0.57919512322353606
19 110 -0.38995634971966309
19 153 0.21200767351071126
19 158 -0.43927862908180015
20 21 0.65166129270998319
20 23 -0.50501225165553099
20 127 0.90404000614958757
21 51 -0.086008581308086862
21 189 1.3813126377831138
22 42 -1.4471835397824313
22 168 -1.3005531699087913
22 178 -0.83373803014109582
23 72 0.82467150932917122
23 162 0.028565834451778148
24 34 -0.065698049363394531
24 123 0.1281700551962906
25 27 -0.38651799187039138
25 138 -0.64647530936301056
26 78 -1.2907951048380335
26 119 -0.10721852078532837
27 111 -0.51793485611943879
27 172 0.37882469819993303
28 75 0.71210914652092372
28 99 -0.2306733578419306
28 132 0.73368535931778889
29 47 1.730369995386128
29 55 -0.11860189820671083
29 100 0.85003438333544146
30 96 1.895128675698341
30 159 0.13107006675790875
30 172 -0.64429034308215705
31 71 -0.69425576060528904
31 84 -0.75118886395778661
31 127 1.1217903778728082
32 46 -0.21525789082823651
32 81 0.60585063288681584
32 131 -0.94347714373664326
33 142 0.89244643329119933
34 38 -0.35835129666547233
35 59 0.54306049674849066
35 155 -1.185676222571816
36 41 0.89389644832899684
36 162 -1.082980222771547
36 187 -0.87414050604634064
37 61 -0.28907927229462677
37 64 -0.68270323146991108
37 194 -0.12497211207385675
38 102 -0.01032545307080656
39 116 1.3039622066136323
39 126 0.17944808290082084
39 161 0.60010806989582999
40 74 -1.2047374544462002
40 126 0.61676566520346787
40 156 -1.0032178684636013
41 71 -1.052422709972701
42 43 -0.87520458952895697
42 104 0.16562894278853096
43 60 0.0080593874716074574
44 75 0.80591894271534825
44 141 0.18892936358466175
45 94 -1.3123630914511142
45 122 1.3891363583225436
45 163 -0.48010627502456671
46 112 1.584057509579657
46 177 0.77081953910907708
47 119 -0.39080683210772865
47 162 -0.59764148335972733
48 85 -0.28221425345541923
48 98 0.52729581373629031
48 144 0.1023991938675221
49 100 0.83733306897320103
49 120 0.9760517609768784
49 173 -0.16306437925555889
50 52 0.24770957135018692
50 91 0.039377548041052285
50 171 -0.25057062938671765
51 161 -0.57455232386145827
51 175 0.026543556601385451
52 142 0.69592843772403601
52 192 2.0862011928602882
53 77 -1.1894112079857391
53 113 0.072978857026134533
53 131 1.0615352356507763
54 70 -1.6883745198299207
54 121 -0.39775824275019361
54 171 1.6790408137440722
55 90 0.16881789290305621
55 153 0.26049524667045437
56 86 0.95780282479435541
56 140 -0.63479586312793401
56 167 0.044800516470082111
57 185 -1.785668091884512
57 197 1.594525456549001
58 81 -0.57929823012573434
58 113 1.2224942628791331
58 190 -0.1731687377154745
59 96 -1.9949784794332122
59 141 -1.0328053262979489
60 67 0.92439503450221649
60 82 0.15232331497206306
61 65 -0.081038970380968259
61 171 1.0093362228320804
62 68 -0.30975523656962101
62 177 2.2346611979917141
63 68 -0.93562846136410283
63 95 0.051550286028320687
63 133 1.0463903407709814
64 107 1.1561397391631958
64 140 -0.36362114371545889
65 78 -1.1669780115893598
65 196 -0.21805098122694622
66 75 0.98058202933636418
66 149 0.13062288626074856
66 150 -0.96226291281778986
67 97 0.24983350106677918
68 117 0.35910209362197421
69 84 -0.10803921263218078
69 140 -0.56283571843506663
70 107 -0.88386583160984322
70 192 0.4329888132504055
71 134 1.9601038974352845
72 91 1.1518234368569111
72 170 1.662986432212322
73 180 -0.16823812459433793
73 182 -1.2571492531792039
74 79 0.62569287299452003
74 172 -0.45826281255566015
76 87 0.59326249374662743
76 164 1.257720092841019
76 165 1.413004328855255
77 120 1.3666703605869461
77 143 2.5416227767892789
78 169 1.3051854097782161
79 142 -0.8786494376729963
80 122 0.85046451061876649
80 169 -1.3671663059397221
80 191 0.045979977241047562
82 89 -0.22835990887825913
82 157 -0.57320289845467765
83 124 -0.61200342563166132
83 186 -1.8649713455879582
84 146 0.30797117496133186
85 135 1.7538671041852834
85 179 -1.4276683075538898
86 152 -1.5760399117260591
86 181 0.32124569494169941
87 115 -1.9688180827509114
87 190 0.76091503797098725
88 102 -0.19769450838251215
88 103 0.22115458280780823
88 116 -0.24488324412934215
89 155 -0.43673538637318382
89 167 1.230164196019832
90 109 -0.70612450476426136
90 144 -0.50956563379744291
91 137 -0.14215259134883215
92 108 0.13582747242817239
92 160 0.3893396300596999
92 196 -0.65452590937537691
93 135 1.4886879007517024
93 136 1.4838445401449296
93 198 0.075144823457254539
94 137 0.84335388130102085
94 194 -0.90639015553128965
95 105 0.04246984017705914
96 197 0.10748810855421408
97 104 -0.1698249894861035
97 146 -1.8510704545795069
98 110 2.1353078248646877
98 127 -0.20074489037158891
99 110 -0.2186582591213701
99 124 -0.8623498901648835
100 111 -2.2255245147784271
101 103 -0.9341891282239948
101 106 -0.004530865258151529
101 151 -1.636691696966291
102 113 -0.75887195744613156
103 115 -1.9508823433978202
104 173 1.5337780178935136
105 128 0.9697267399010796
105 189 -0.52017137231493704
106 138 0.79580039544448999
106 191 -1.8987957553004395
107 151 0.068322526623000063
108 133 0.93212102453506651
108 188 1.1351520157290245
109 136 -2.6067057826009465
109 184 0.48931890507338321
111 188 -0.43980528646853173
112 133 -0.59246240707955633
112 176 0.38458754977781784
114 159 0.37532666045312579
115 150 0.013711481677125992
116 169 0.96491695420980328
117 149 -0.35763554196838315
118 144 -0.78305100558993113
118 170 1.0113893999688115
119 147 -1.2619974798110365
120 194 0.70750183202230787
121 152 1.1554692846471064
121 163 -1.5689443523876792
123 193 -0.24352555768932066
124 195 -0.86436536063283942
125 145 1.0482282484484351
126 157 -0.022938154414815556
128 168 -1.361035957195992
128 180 -0.39511632688516135
129 154 0.24857031646723277
129 157 -2.206119157352346
129 191 1.0231894744540451
130 159 -0.46430234145577221
130 184 -0.58839670212677875
131 155 0.8537514587948617
132 183 -1.0880900939153424
132 198 0.55224937777059724
134 145 -0.65409581554329732
134 165 0.69880192317535839
136 174 -1.4312562037320609
137 182 -1.7705312957870436
139 151 1.7089793119773524
139 175 0.24850960063085445
141 154 -0.69107742257959814
143 158 0.75751769320626583
143 199 0.42558539031323217
146 160 1.2027820988149689
147 167 0.77779400042505165
148 154 -0.77511125036156792
148 160 0.48565439250009773
148 181 -0.70783121194805865
149 153 -1.5239072258127744
152 192 -0.38204124047221705
156 161 -2.0516778728093286
156 174 0.12366231281352727
163 186 -0.48429172912657581
164 186 -0.035086462603292075
165 197 0.7661445882131237
166 179 -0.35484122189861594
166 183 0.82959679567206912
168 182 1.5848970391854118
170 176 0.13249848739651807
174 195 -1.0062419717326898
176 184 2.2917525461922446
178 187 -0.46794548233377542
179 195 0.56132119079117759
181 190 1.64767331596015
185 193 0.45192923541083396
187 189 0.14152730080931081
188 198 1.7763876398339731
