# model=rrg N=200 meanJ=0 seed=3175720738 distribution=gaussian field=0 num_fields=200 num_couplings=300
0 0
1 0
2 0
3 0
4 0
5 0
6 0
7 0
8 0
9 0
10 0
11 0
12 0
13 0
14 0
15 0
16 0
17 0
18 0
19 0
20 0
21 0
22 0
23 0
24 0
25 0
26 0
27 0
28 0
29 0
30 0
31 0
32 0
33 0
34 0
35 0
36 0
37 0
38 0
39 0
40 0
41 0
42 0
43 0
44 0
45 0
46 0
47 0
48 0
49 0
50 0
51 0
52 0
53 0
54 0
55 0
56 0
57 0
58 0
59 0
60 0
61 0
62 0
63 0
64 0
65 0
66 0
67 0
68 0
69 0
70 0
71 0
72 0
73 0
74 0
75 0
76 0
77 0
78 0
79 0
80 0
81 0
82 0
83 0
84 0
85 0
86 0
87 0
88 0
89 0
90 0
91 0
92 0
93 0
94 0
95 0
96 0
97 0
98 0
99 0
100 0
101 0
102 0
103 0
104 0
105 0
106 0
107 0
108 0
109 0
110 0
111 0
112 0
113 0
114 0
115 0
116 0
117 0
118 0
119 0
120 0
121 0
122 0
123 0
124 0
125 0
126 0
127 0
128 0
129 0
130 0
131 0
132 0
133 0
134 0
135 0
136 0
137 0
138 0
139 0
140 0
141 0
142 0
143 0
144 0
145 0
146 0
147 0
148 0
149 0
150 0
151 0
152 0
153 0
154 0
155 0
156 0
157 0
158 0
159 0
160 0
161 0
162 0
163 0
164 0
165 0
166 0
167 0
168 0
169 0
170 0
171 0
172 0
173 0
174 0
175 0
176 0
177 0
178 0
179 0
180 0
181 0
182 0
183 0
184 0
185 0
186 0
187 0
188 0
189 0
190 0
191 0
192 0
193 0
194 0
195 0
196 0
197 0
198 0
199 0
0 15 1.2781348236719239
0 69 0.79234575835758847
0 196 -0.38055732595462588
1 8 1.0627305749425491
1 160 0.69369691486186469
1 171 0.057753323073655806
2 10 1.3830814801676856
2 41 2.2979354545806054
2 67 0.81943611041695519
3 30 -1.0347004365862627
3 118 0.47412737152402606
3 169 0.11309016405015726
4 100 -0.13747349873714146
4 103 1.2469283133576941
4 163 0.56549607975060623
5 63 0.17675679152974461
5 120 0.98438387796967841
5 181 0.50008043742820507
6 70 0.27923849258261674
6 145 0.55206451712314331
6 197 0.86604875315410335
7 10 -0.64634891213736501
7 80 -0.24107536767583254
7 92 0.69398528600925169
8 13 0.35039181638293998
8 174 0.51082436915958418
9 26 -0.065625365012366765
9 38 -0.45304270542464325
9 157 0.084027189731660124
10 139 0.7137250156270275
11 14 0.21425119928517564
11 36 0.27852059669121798
11 190 1.0138816675070892
12 53 0.86035749574949483
12 130 1.0503551216058435
12 183 0.35856798034391724
13 95 -0.098202933849878174
13 191 -0.92574655024526897
14 118 -1.4987797256311042
14 131 -0.076161059644457324
15 37 1.1068891812004322
15 88 0.57698547647096909
16 29 -0.59062492254815513
16 88 -0.3764819745107898
16 158 0.18883970820296744
17 49 1.7215223713984658
17 78 1.0744383979609682
17 103 -1.0105786970265025
18 102 -0.56430270302912167
18 129 1.1858991814082611
18 185 -0.99847187958597761
19 48 -0.5412900529006005
19 66 1.1086512868844964
19 175 -0.43831692486235885
20 76 -0.4681369928973953
20 115 1.0800631693111364
20 157 -1.6000474647460765
21 65 1.296782484313878
21 93 0.44823674832400773
21 122 0.94421512142042441
22 89 1.1186390773213652
22 100 1.8820674178058669
22 121 -0.92712820293344977
23 29 0.6136481726601607
23 59 -0.14091777266037567
23 98 -0.58503956398795309
24 80 0.57906286443412691
24 147 0.74513820359415928
24 196 0.27502533576312199
25 123 -1.2575571785993742
25 166 -1.0648112109945269
25 194 0.23334682623736164
26 50 -1.0866153746963065
26 66 -1.2201151180966423
27 68 -0.033717375161997826
27 79 0.35436282835171101
27 170 -1.2176977830757445
28 51 0.59745482068975941
28 114 -1.5740871618612395
28 135 0.72967820704989328
29 116 -0.00584871715021071
30 96 0.58579168199168841
30 164 -0.17395728145457046
31 83 0.21337573765323298
31 189 -0.96079119617372177
31 194 -1.7655706284762736
32 144 0.40255758377733891
32 184 1.0292801379824112
32 197 0.24058297588672273
33 34 0.16584811710735445
33 45 0.51793448105050832
33 127 0.0022391544610282413
34 40 -1.1996943800131938
34 97 -0.13099789364775033
35 106 -0.52370619252422212
35 138 1.9786877936193328
35 181 0.62278468317311431
36 107 0.13120344663556896
36 168 1.0104793579306319
37 85 -1.0824880603058384
37 145 0.03584418368475948
38 65 0.022380765006065315
38 94 -0.69221552866877301
39 134 -0.079559354457056045
39 156 0.075448604958472748
39 176 -0.042513691944423317
40 99 -1.3569298970775139
40 131 0.64631448215965226
41 167 -1.388322630296265
41 168 -0.41487743995904552
42 68 0.81088010824684775
42 69 -2.1049465136643724
42 148 0.68175741303500514
43 86 1.8541890983896783
43 110 0.36811553902595884
43 154 0.061601455876650196
44 61 0.86355241832881946
44 134 1.5046579571246934
44 192 0.67212575942495201
45 55 -0.072412451978686398
45 137 0.1714942352532681
46 153 0.55143358507313667
46 171 1.6385851775832485
46 190 0.65413233133998006
47 83 -0.75966140242306712
47 184 -0.89069832165432239
47 187 -0.98707618097907657
48 97 0.33539579346560178
48 132 -0.24432499189027684
49 125 -0.62097170127332335
49 140 0.61076797548950978
50 73 -0.19784513950447938
50 115 -2.7164280256409303
51 84 -0.26610692237814276
51 141 0.1681910864250977
52 131 0.83278270643921692
52 167 -0.19609193973181671
52 172 0.45280884676982441
53 57 0.86302330468103527
53 165 -0.3941947562402881
54 126 -1.4791870181803699
54 195 0.98491178124197321
54 198 0.5216465256271805
55 126 0.93250592166112412
55 176 0.6863149070796879
56 58 0.43419263731516761
56 78 -0.77698350061991417
56 194 0.85044692015807277
57 72 0.031576082430827761
57 160 -1.6033370242330816
58 159 -0.95659751043383723
58 193 0.17292923627965653
59 142 0.01843470787586448
59 143 -0.4873120445510376
60 67 -0.39950442329888197
60 143 -1.0272655520344718
60 161 -0.41044745519361747
61 119 -0.82245778678963954
61 149 1.7795418707518582
62 101 -0.74874034446792848
62 104 -0.36058065686304697
62 160 1.0357852140421864
63 120 -1.2387187632836338
63 177 -0.64276418393607193
64 102 -0.65433834551365444
64 153 0.36853058791164911
64 199 -1.620412003176904
65 178 -0.96484645132052016
66 165 0.65840970433086277
67 120 -0.89877687352934654
68 129 -1.2633860570426494
69 151 0.89167979819134147
70 101 0.055934342690462359
70 176 0.040926770016993741
71 110 0.20242896493799081
71 157 -1.8746023304919086
71 199 0.25292368303477475
72 74 0.27557355256741867
72 179 -1.3396635914060446
73 161 0.31980167077957145
73 182 0.51526291331286933
74 163 0.016253779586450599
74 178 -0.19246268790490451
75 139 0.39030710859860629
75 182 0.55697049170881363
75 189 1.2023533911385809
76 126 -0.56811914478764036
76 168 -0.015341559280338278
77 112 -0.68362989137080399
77 155 -1.6482172059941385
77 192 0.2820588872316514
78 111 0.073729463859584496
79 151 -0.082834591469908292
79 178 0.14616386602775289
80 114 -1.0885005749931707
81 82 -1.2659809033512228
81 132 -0.12381088042433278
81 143 1.2579513038884678
82 158 -1.2089977158021648
82 187 -0.49437862270727945
83 108 -0.41415536233056066
84 108 0.32124744242191244
84 109 0.44657415434497827
85 89 0.19650803826146485
85 195 -0.012002273097356986
86 89 0.058326267738339474
86 105 1.4390385739179996
87 112 1.2959822307242757
87 144 0.43539973461431558
87 188 -0.019956224503939451
88 137 1.5454801094741586
90 117 -1.2284342293589654
90 180 0.19658816929760034
90 193 -2.0113497665085851
91 111 0.70202585060555311
91 183 -0.53697507729981164
91 199 -0.55981344710189507
92 123 -0.20222741436507499
92 138 1.1026405505225438
93 101 -0.9173352063280199
93 185 0.66023812793617442
94 140 0.63434845369510884
94 169 -0.26893483554138964
95 121 0.6879965548703183
95 123 0.83956282233976487
96 98 0.76364763228488353
96 146 0.43996095754045245
97 136 -0.81705036137454778
98 152 -0.48786269577197322
99 115 -0.34795067197778684
99 193 0.8855765268813961
100 167 0.59301241682094086
102 152 0.70184346551332022
103 197 -0.4691248632842811
104 159 -0.25486462336130228
104 198 -0.20646024099223476
105 125 0.49350111625993875
105 136 -0.083282206181739912
106 184 -0.069644546734004442
106 189 0.46292261770332865
107 172 -1.1948115864514064
107 192 0.8160753578145602
108 159 -0.28184739066522896
109 114 0.64029805739781165
109 182 -0.74207384995358139
110 139 1.4367050705817344
111 153 -0.47677655554253878
112 129 -1.7066663765834369
113 124 -2.2349245014864469
113 132 1.9199490420937977
113 195 0.43890808777212442
116 142 0.22252030683595039
116 161 -1.5773316832650635
117 137 0.88361850730498026
117 173 1.1835664124705163
118 135 -0.46333753175993458
119 141 -1.0389317529611468
119 186 -1.4570749310545905
121 171 -1.3478553922155063
122 140 -0.84119080954557324
122 148 0.5458578656715346
124 149 0.069497947919312061
124 156 -0.6825290602496793
125 150 1.4411335997760091
127 145 0.80678471105892668
127 152 -0.056263178699845005
128 130 0.8191611353014896
128 175 -0.3112652712632617
128 198 0.4360413345262466
130 179 0.44531775144878571
133 148 -0.93825609411295996
133 164 0.952754663504504
133 179 -0.046328202083214795
134 154 0.81792531473480323
135 149 -0.96972071504310442
136 166 0.30261222245042341
138 172 -0.46299666593911792
141 162 0.51753945571058624
142 183 -0.17559278743701701
144 191 -0.92214265178693111
146 156 1.2015442313609896
146 186 0.16051535581498028
147 151 2.0744173432746815
147 190 -1.5005335102495201
150 174 0.41399133062454219
150 188 -0.26301780223198368
154 173 -0.38349991736485323
155 162 -1.1152574619656812
155 186 -0.43671795944477604
158 177 1.7772507280856973
162 196 -0.084695945592686853
163 185 0.78050333308298525
164 187 1.107374003078085
165 169 0.031730620764346566
166 170 1.2463223820375868
170 180 -0.10713650631472729
173 175 -0.26457084721134189
174 180 -0.37249597106741655
177 181 1.7344822571695104
188 191 0.11205304183490476
