# model=rrg N=300 meanJ=0 seed=2803410373 distribution=gaussian field=0 num_fields=300 num_couplings=450
0 0
1 0
2 0
3 0
4 0
5 0
6 0
7 0
8 0
9 0
10 0
11 0
12 0
13 0
14 0
15 0
16 0
17 0
18 0
19 0
20 0
21 0
22 0
23 0
24 0
25 0
26 0
27 0
28 0
29 0
30 0
31 0
32 0
33 0
34 0
35 0
36 0
37 0
38 0
39 0
40 0
41 0
42 0
43 0
44 0
45 0
46 0
47 0
48 0
49 0
50 0
51 0
52 0
53 0
54 0
55 0
56 0
57 0
58 0
59 0
60 0
61 0
62 0
63 0
64 0
65 0
66 0
67 0
68 0
69 0
70 0
71 0
72 0
73 0
74 0
75 0
76 0
77 0
78 0
79 0
80 0
81 0
82 0
83 0
84 0
85 0
86 0
87 0
88 0
89 0
90 0
91 0
92 0
93 0
94 0
95 0
96 0
97 0
98 0
99 0
100 0
101 0
102 0
103 0
104 0
105 0
106 0
107 0
108 0
109 0
110 0
111 0
112 0
113 0
114 0
115 0
116 0
117 0
118 0
119 0
120 0
121 0
122 0
123 0
124 0
125 0
126 0
127 0
128 0
129 0
130 0
131 0
132 0
133 0
134 0
135 0
136 0
137 0
138 0
139 0
140 0
141 0
142 0
143 0
144 0
145 0
146 0
147 0
148 0
149 0
150 0
151 0
152 0
153 0
154 0
155 0
156 0
157 0
158 0
159 0
160 0
161 0
162 0
163 0
164 0
165 0
166 0
167 0
168 0
169 0
170 0
171 0
172 0
173 0
174 0
175 0
176 0
177 0
178 0
179 0
180 0
181 0
182 0
183 0
184 0
185 0
186 0
187 0
188 0
189 0
190 0
191 0
192 0
193 0
194 0
195 0
196 0
197 0
198 0
199 0
200 0
201 0
202 0
203 0
204 0
205 0
206 0
207 0
208 0
209 0
210 0
211 0
212 0
213 0
214 0
215 0
216 0
217 0
218 0
219 0
220 0
221 0
222 0
223 0
224 0
225 0
226 0
227 0
228 0
229 0
230 0
231 0
232 0
233 0
234 0
235 0
236 0
237 0
238 0
239 0
240 0
241 0
242 0
243 0
244 0
245 0
246 0
247 0
248 0
249 0
250 0
251 0
252 0
253 0
254 0
255 0
256 0
257 0
258 0
259 0
260 0
261 0
262 0
263 0
264 0
265 0
266 0
267 0
268 0
269 0
270 0
271 0
272 0
273 0
274 0
275 0
276 0
277 0
278 0
279 0
280 0
281 0
282 0
283 0
284 0
285 0
286 0
287 0
288 0
289 0
290 0
291 0
292 0
293 0
294 0
295 0
296 0
297 0
298 0
299 0
0 1 -0.49127611754792333
0 120 -0.89036924502681303
0 245 -1.4587656662693045
1 114 0.37420660819852603
1 153 -0.51004848779444423
2 183 -1.7424373640719291
2 187 0.82677883347750991
2 223 -0.008769204798343349
3 128 0.82856531935128874
3 201 -0.1340048542845097
3 269 -0.16214033445096582
4 24 -0.80587311869683409
4 37 -0.410803855852172
4 248 -0.18005715437067929
5 244 0.13414916631119023
5 253 0.46254900431284862
5 287 0.079874482817084744
6 56 -0.45900976175659752
6 113 -0.24608766145810113
6 164 -0.28986874614746727
7 18 -0.31608920021153725
7 229 -1.1762236437006426
7 280 0.19169423735633248
8 66 1.5180329702953439
8 215 -0.88972565158745143
8 266 1.9613129400093663
9 89 -0.68033715768337666
9 196 3.0264831249330459
9 266 0.010661457371961265
10 17 -0.41451343421684295
10 51 1.185963650367764
10 194 0.93310424651299739
11 74 0.73262290936801699
11 165 0.97443979319409735
11 196 -1.5022753731549763
12 19 0.13006450569689307
12 52 -0.1333300024628811
12 282 -0.23372123606914325
13 71 0.38684553004295885
13 210 -0.37943950881847066
13 238 -0.34452524217083552
14 55 -0.83969220801698674
14 77 0.2726966447076043
14 133 0.075796099209364629
15 108 -2.261331035776927
15 244 0.69627172705515794
15 252 0.2050777822541904
16 140 -0.19842663175936573
16 168 0.36998710061713719
16 220 -0.50233704593342909
17 162 -0.58498576602606478
17 224 0.55978675293531643
18 39 1.6084718009779313
18 68 -0.063368560475072666
19 202 -1.0293242236757041
19 216 2.5385844024737092
20 154 -0.56395832986683392
20 155 -0.58602576375219351
20 224 -1.6718322786099284
21 52 0.3488869084712779
21 148 0.88885591624848881
21 267 -1.4862192866023729
22 185 1.0547876173587254
22 234 -1.1006627662977804
22 271 0.22353594988280281
23 81 0.52963490418594594
23 255 -0.60971383606022655
23 276 -0.018650371764661645
24 137 2.1737958743592922
24 145 -0.45348419752715841
25 75 -1.0764484936576673
25 207 0.77786737160658104
25 210 1.3210641651010451
26 37 -0.96193192675695405
26 184 0.92514374992656545
26 198 0.22120065208711137
27 58 1.1000180875703289
27 125 0.89215322969576949
27 162 0.46921019331312824
28 180 -0.64805941656084665
28 291 0.98159184315383052
28 298 0.71801161878307218
29 46 -0.13159436123854365
29 62 0.11469916463849995
29 248 1.0424868191468797
30 61 1.4110379625503764
30 76 -0.70590738560553135
30 222 0.54285446679358373
31 118 0.68222184586404
31 257 0.60468451916170929
31 259 2.5600583828136503
32 50 -0.069284031271119262
32 171 -0.40160569301443222
32 207 0.11530741798603965
33 191 -0.96448379679885821
33 210 -1.0236573029826654
33 293 0.5394759562610778
34 144 -0.86040685417582496
34 201 1.5359540790930133
34 227 -3.0039965995672384
35 94 -0.10699337887537919
35 215 0.79070024444932818
35 221 -0.20443423194793975
36 59 0.60557270228383475
36 161 2.0400110126401256
36 166 -0.82662180077237712
37 169 0.58162724515955688
38 87 0.50184171929111987
38 189 -0.12874012774696347
38 279 -1.0873622917035792
39 85 -1.557534258504832
39 225 0.75065725193171051
40 122 0.16879365369453353
40 126 1.3336840963199892
40 290 1.0201800443531415
41 110 -0.31039464699556285
41 143 0.25724513485561018
41 145 -0.7916277717193807
42 48 2.0755920452450067
42 98 0.94023649395933329
42 109 -1.8007964152000668
43 86 0.0059977571858675681
43 103 0.42298903883268951
43 106 0.34154813519945348
44 80 1.4523263085099856
44 98 -0.94926281471778706
44 276 1.3316941579778319
45 118 1.2369410257046427
45 193 -1.1013537615489026
45 238 0.92525296493090181
46 65 0.53382542049001558
46 186 -0.59174131135250019
47 70 0.56311084527473576
47 112 -0.70782584287805783
47 164 -0.15935830218331651
48 174 -0.013771933161104076
48 286 0.79101030354796575
49 51 1.662667357578276
49 72 0.70528433831905735
49 284 0.92419694564694821
50 70 -0.27415711061887116
50 117 -0.17471045257169998
51 247 0.29571235435964505
52 136 0.028525485108297874
53 178 -0.52036571326214387
53 258 -1.8003858771594832
53 278 0.21856180027095837
54 95 1.4616428130292474
54 156 -0.72465226969575269
54 194 0.6233753335082779
55 72 -1.0244503132300795
55 113 0.057382074973081905
56 108 -2.5833899103971327
56 188 -0.60740571056577608
57 90 2.5437654744023934
57 99 0.25793132842401861
57 101 1.1410566264686997
58 205 0.73065394021160202
58 291 -0.77084571702296012
59 144 1.1476454056700678
59 154 -1.5855594297808395
60 196 0.46168512810637424
60 230 0.18630198070643234
60 239 -0.16237201863792872
61 78 0.15571550828391315
61 129 0.065426717799570516
62 105 0.84437122291542033
62 176 0.25297486619051296
63 115 -1.2624462312556699
63 131 0.40178024259093192
63 290 -0.40810581565789161
64 82 -0.6783222145376312
64 266 1.198569307322499
64 299 0.22331286776527939
65 72 -1.8430083844286154
65 263 -0.84804032369298576
66 108 1.2942720347912462
66 148 0.64588521535919252
67 206 0.15887847807920186
67 211 -0.081288979152012109
67 273 0.80645819293927035
68 130 -1.506635181819826
68 161 0.38643715365719578
69 99 0.71818894904706898
69 261 -0.023332513941564194
69 297 0.83831290502594979
70 296 0.67611877446657997
71 131 -0.11030456061596808
71 162 0.59798400085719239
73 145 0.71900715903990453
73 155 0.23468126543463058
73 256 0.94755441170703048
74 81 0.95206112673951615
74 208 -0.16039748846182314
75 125 -1.34139850167089
75 241 -0.22485720714151108
76 156 0.57525850891423169
76 199 1.1384413773645761
77 171 -1.1203568140343727
77 184 0.35415754496615109
78 114 0.89533701937938526
78 221 0.88999444433810937
79 82 1.7607288563687409
79 157 1.9646451525223769
79 277 -2.1827139009281811
80 111 -1.5304371335113673
80 293 0.60273102487564623
81 170 0.950145545194651
82 242 -0.2829535688845784
83 98 0.49445325820494479
83 115 -2.1920765338439274
83 225 1.286246910272516
84 187 1.4033721874200678
84 242 -0.56478681218299265
84 281 0.43436754016484369
85 139 1.3130318138790416
85 204 -0.72574581333163979
86 96 -1.5216581576125077
86 226 0.41946625126233905
87 193 1.2089497813477759
87 250 -1.4344217684789213
88 113 -0.30765603136991204
88 177 0.94774458939506812
88 190 0.0015858619087787457
89 173 -0.25901979779732803
89 237 0.091189634637221462
90 214 1.2662251913327078
90 226 -2.1079415504148984
91 176 -0.27556259766444285
91 254 0.44376243489862022
91 280 0.092035639243078685
92 167 -0.0085790904744688923
92 218 -0.46516802165539833
92 258 -0.47247010751550883
93 124 0.34168692367161568
93 160 1.4619783338451102
93 199 0.48676495085814436
94 136 -0.56295503327927776
94 174 -0.86961956098696902
95 231 0.46120997672699504
95 258 2.1627678041174208
96 178 -1.2568939282657599
96 291 0.50265896258938436
97 132 0.31740192299316827
97 139 0.84516973698352216
97 278 -0.005232463218444906
99 292 -0.80615199612196742
100 121 0.68123739013914442
100 140 -0.46885087844599471
100 298 -0.4144469758246993
101 137 0.67738201528035624
101 268 -0.79588626487585978
102 146 -0.70485357769087731
102 279 0.48027152543859697
102 294 -2.3214658866857434
103 123 0.82220529319931979
103 201 -1.0413071764685899
104 147 0.029569311331632528
104 148 0.6930731170149721
104 235 0.92640552398757914
105 170 0.38019507452733708
105 206 1.167012947084336
106 147 -1.8102995654629543
106 211 0.81715516764658058
107 192 1.475203323174328
107 205 1.0012611997774488
107 245 -0.96787201869616379
109 262 -0.121408040631436
109 281 0.5679118701751843
110 179 -0.58293017073848352
110 224 -1.4209339028735679
111 209 0.56173090331809905
111 267 -0.050386536012770204
112 121 -0.97527383652545729
112 165 1.135741333901032
114 153 0.0039456810523289402
115 225 -0.97646734750384967
116 138 0.98569475540088358
116 153 -0.82739920535745459
116 241 -1.1577608901558325
117 177 -0.68182615231328503
117 219 -0.40225992274671912
118 146 0.88952343673230705
119 135 0.20757393005816008
119 173 0.14138056229770618
119 197 1.3731522412522976
120 156 0.49879830225817617
120 299 1.3998983062560768
121 287 -1.9376388282524761
122 292 0.77030532367502846
122 296 -0.66446300582482132
123 152 0.74662053632933623
123 203 -0.17793157243277419
124 127 0.87747190436913236
124 176 0.51755721981762259
125 140 0.46006727505692641
126 263 -0.31577786113161088
126 279 0.25384711897040502
127 163 -0.69474860653973103
127 237 -0.67545499722147107
128 221 -1.1037860619652551
128 295 0.4692102664347586
129 161 1.1851716751986665
129 175 -0.26762807474174238
130 142 -0.56334049388670504
130 249 -0.075726606764943374
131 278 -0.30687162569574167
132 146 -0.80807462831362209
132 274 1.4937151398714661
133 168 1.4459535297251083
133 260 -0.18894351827933395
134 141 1.542363075650629
134 158 -1.4755267969740797
134 283 -0.72623864421653905
135 151 -0.27620591571045539
135 209 -0.99006385983118084
136 264 -1.3203690989999957
137 240 -1.2339806641164339
138 253 0.38905021378252419
138 280 -0.1193950030578151
139 230 -0.96730169775306696
141 203 0.9482795640878966
141 205 -0.10477673122386208
142 159 -0.69746599138754795
142 267 -1.6541955120979994
143 167 0.33978821227009665
143 265 -0.39920212323918869
144 166 0.99435594774797154
147 219 0.67668353889430055
149 158 -0.022882974715134254
149 217 1.1361598617483128
149 294 1.5983775188288225
150 169 0.73601644623455675
150 223 -0.010002231234026519
150 248 0.52984090817164931
151 212 0.01003532214398547
151 243 -1.1860620500359385
152 204 -0.78440625700258526
152 293 -0.40362490512336541
154 200 -0.33271880863269282
155 203 -0.89975025158702704
157 195 1.5484700778131719
157 234 -0.76312416070415101
158 170 -1.4755246468848231
159 192 1.470563193913702
159 274 -0.10801292664010007
160 178 -0.64802991183702652
160 264 0.56123019370027605
163 172 0.33772851852974733
163 287 0.66467072988646525
164 265 -0.37694005532734459
165 262 0.17126921606437182
166 252 -0.47899728354144583
167 185 -0.93796829175284024
168 190 1.2931918513693923
169 208 -0.12788097368334558
171 256 -0.60152958675143686
172 189 1.1286296564113594
172 222 -0.64989423764575849
173 188 0.48281061737689013
174 260 -0.90527436319123744
175 216 -0.73442995044515524
175 264 0.79547542570960506
177 284 -0.090880333976122454
179 195 1.6047863037947894
179 220 0.18468378640651442
180 246 0.10508214083028676
180 288 1.0915164123354042
181 213 1.8869267273629799
181 244 0.45441331343323149
181 275 -0.30185556358772592
182 238 -1.7770273493183744
182 270 0.19136915735250748
182 288 1.8420837939288559
183 232 -0.11689346152610854
183 239 0.051994829014354933
184 236 -0.54652116628535152
185 198 -1.0238169307991827
186 191 -0.11467445111300417
186 240 -0.60453786398549436
187 241 -0.1019593863336665
188 228 0.1183138128037363
189 220 2.3829640163229087
190 282 1.5913160050192714
191 217 0.055214970113210408
192 234 0.75075725490366962
193 229 -1.3797270788549045
194 286 -1.2815743926778951
195 289 0.059937919098755336
197 254 0.57256317851268512
197 299 0.9817628282209967
198 270 -1.0554579916957763
199 283 -0.33906669508170206
200 285 -0.41381502970880518
200 292 -1.1024549378179949
202 216 -0.003399529960100026
202 289 0.93927378779712811
204 229 -0.34575233711464098
206 256 0.57911412087536418
207 289 0.44543928702785002
208 272 0.620965805578087
209 239 0.79685711712407092
211 218 0.99041665792540268
212 233 0.3270546825869321
212 282 -2.3843767439074504
213 228 -1.6232858435084208
213 257 0.044302694180251831
214 217 -0.098686300347391009
214 259 1.2512534569192451
215 253 0.78518867393440683
218 251 0.68638296326358017
219 271 -1.4153965092364826
222 272 1.6596011053436286
223 243 0.15360452818403111
226 295 -0.54214938924547207
227 274 1.2632822882118184
227 296 2.0531684424507746
228 285 0.10464735518162083
230 294 0.77517154526297194
231 235 1.0497311973946799
231 237 2.098630714415382
232 246 1.4985722079900685
232 249 -1.3090908972979189
233 249 0.70293389649427962
233 260 -0.023023668041328414
235 277 0.24107057504226873
236 245 0.33575932722027557
236 275 -1.0817674709289022
240 255 -1.6771100059465793
242 273 0.3082164182010752
243 285 0.28202987239070737
246 251 -0.43100505244305226
247 252 -0.79962019232136583
247 254 0.22866913790580587
250 263 -0.5749737525494405
250 290 -0.27991753903533462
251 286 -1.0486112007859165
255 297 0.4072241082823661
257 270 -0.023924438287311445
259 281 -0.45432722240431722
261 269 0.57359874013036849
261 272 -0.9038205184585697
262 297 -1.6071384821072257
265 276 0.86275159065410412
268 271 0.31509920402388975
268 295 1.037028747424062
269 273 -0.56825735471243466
275 277 0.36198654158907845
283 298 0.66501536788404936
284 288 0.25334882673324149
