# model=rrg N=100 meanJ=0 seed=3124015616 distribution=gaussian field=0 num_fields=100 num_couplings=150
0 0
1 0
2 0
3 0
4 0
5 0
6 0
7 0
8 0
9 0
10 0
11 0
12 0
13 0
14 0
15 0
16 0
17 0
18 0
19 0
20 0
21 0
22 0
23 0
24 0
25 0
26 0
27 0
28 0
29 0
30 0
31 0
32 0
33 0
34 0
35 0
36 0
37 0
38 0
39 0
40 0
41 0
42 0
43 0
44 0
45 0
46 0
47 0
48 0
49 0
50 0
51 0
52 0
53 0
54 0
55 0
56 0
57 0
58 0
59 0
60 0
61 0
62 0
63 0
64 0
65 0
66 0
67 0
68 0
69 0
70 0
71 0
72 0
73 0
74 0
75 0
76 0
77 0
78 0
79 0
80 0
81 0
82 0
83 0
84 0
85 0
86 0
87 0
88 0
89 0
90 0
91 0
92 0
93 0
94 0
95 0
96 0
97 0
98 0
99 0
0 68 -0.95845553362190672
0 83 1.5641605275483019
0 87 0.93907303167230916
1 6 -1.4479743938010821
1 37 0.72574141139473536
1 64 -0.093568759446818375
2 29 1.18226703629399
2 44 0.92900497929304449
2 48 2.5247959824542252
3 40 0.397518579203956
3 73 -2.0062233401847855
3 85 -0.11145123549799664
4 26 -0.93902540553211755
4 82 0.36597827065871463
4 93 -0.27440012761443716
5 39 0.17560525912587638
5 48 0.37905464678445855
5 53 0.1998143447532163
6 70 0.096519302659309261
6 76 0.7757575684714404
7 26 -2.1279779652244959
7 36 0.12532391858755676
7 94 0.48605164216577706
8 32 0.46644594878904128
8 36 -0.19011367419814293
8 85 -1.4576925659456765
9 25 -1.2270050567825181
9 38 -0.77470783303767943
9 60 2.0480013595897311
10 31 -1.3138690442183369
10 88 -0.34804996093353768
10 98 0.61203697043306737
11 17 -0.54895703158549769
11 59 1.7274397378196789
11 95 -1.207521083900879
12 23 -0.83319301654857003
12 47 -0.91380251155360415
12 52 -0.95382766840687283
13 45 0.046398167501938821
13 49 0.35852775138664233
13 66 2.3998768156440251
14 55 -1.0937630846043462
14 66 0.69621601865771299
14 72 0.75913909366134102
15 75 -0.074202156159741614
15 82 2.0658929538433339
15 90 -0.065478967235359745
16 59 -1.2815845523127489
16 65 0.15974571880785654
16 92 0.48116035898134735
17 18 1.3024543252194098
17 39 0.070816250929969099
18 23 1.9410861273203532
18 57 -2.541779353387192
19 79 -0.18926305448615866
19 86 -1.9648542979138677
19 97 -1.568391286382453
20 41 -1.1893477515989703
20 64 -0.45302898503438438
20 80 -0.85516891304426845
21 29 -0.80711286175387831
21 54 2.351399441982069
21 69 0.070461582306549364
22 78 0.75774435632000925
22 81 1.6507246516147831
22 84 -0.77529906588102881
23 98 0.068183919312445523
24 72 0.09022008241494256
24 97 -0.54114335784714196
24 99 -0.84685248269821234
25 46 -0.39221556927996232
25 93 0.26410355166241634
26 40 0.1814018222197025
27 30 0.23602299525684195
27 34 -1.9083003506295848
27 41 1.320668332895885
28 90 -0.83209648101728662
28 93 0.74985387339026921
28 94 -0.064720011937297248
29 74 -0.9736074046916755
30 51 1.3025602380270598
30 71 0.86117420299740655
31 67 0.14505136320174805
31 80 1.4467773178514258
32 50 -0.49185527337849788
32 73 1.1747070052563862
33 39 0.47991671734869773
33 68 -0.79994816391372847
33 76 -1.9060796948995646
34 61 0.6657807420087748
34 87 -1.3943305406621906
35 40 0.40330591405220556
35 96 -1.4901484287512567
35 99 2.0453475343722674
36 78 2.2741043611730554
37 54 -0.14494309885358841
37 75 -0.0033600447064775995
38 62 0.72841121018026667
38 65 1.1436805724233592
41 56 -0.2633959851310117
42 69 1.3083515637221379
42 74 -1.4526370382449783
42 97 0.70110392981907654
43 53 -0.97431899088047946
43 76 -1.0430485946063235
43 89 1.7861122670585388
44 55 -3.194170600406534
44 61 0.34564720873906024
45 53 0.60177570458306229
45 63 0.36737077148155511
46 62 -0.10632257503286778
46 67 0.66842396559843109
47 71 0.52770949492579244
47 91 -0.66092723592200464
48 60 1.1411374792438977
49 78 -0.28024800999532673
49 99 0.45094237246119667
50 65 0.44426535400652412
50 68 0.55387795021471009
51 92 -0.45661629983872376
51 95 0.58316366482157778
52 62 0.20779046759557415
52 77 1.35199114520079
54 90 0.095878356027027947
55 60 -0.56349963760613375
56 58 1.8906238810481162
56 91 -1.1853720487038384
57 63 0.22910452524364353
57 95 0.11903884470861383
58 84 -0.30641533039524921
58 94 -0.042971749341445008
59 92 0.057900481085393259
61 77 0.62549049326843553
63 87 0.27639371179393785
64 79 0.0084925548684013988
66 69 0.61277906132370863
67 77 -1.8003927849442558
70 81 -0.33013199507048924
70 86 -0.046636488560834764
71 96 -2.348601355042887
72 81 -1.0297118956021749
73 88 0.77985987639806187
74 98 0.028909737623487784
75 85 0.72347322130927949
79 89 -0.1604669504143425
80 82 0.37215857131704877
83 84 0.30514466127639128
83 89 -1.4361263235013151
86 88 -1.6275768386512455
91 96 0.86379210482505098
