# model=rrg N=100 meanJ=0 seed=645411091 distribution=gaussian field=0 num_fields=100 num_couplings=150
0 0
1 0
2 0
3 0
4 0
5 0
6 0
7 0
8 0
9 0
10 0
11 0
12 0
13 0
14 0
15 0
16 0
17 0
18 0
19 0
20 0
21 0
22 0
23 0
24 0
25 0
26 0
27 0
28 0
29 0
30 0
31 0
32 0
33 0
34 0
35 0
36 0
37 0
38 0
39 0
40 0
41 0
42 0
43 0
44 0
45 0
46 0
47 0
48 0
49 0
50 0
51 0
52 0
53 0
54 0
55 0
56 0
57 0
58 0
59 0
60 0
61 0
62 0
63 0
64 0
65 0
66 0
67 0
68 0
69 0
70 0
71 0
72 0
73 0
74 0
75 0
76 0
77 0
78 0
79 0
80 0
81 0
82 0
83 0
84 0
85 0
86 0
87 0
88 0
89 0
90 0
91 0
92 0
93 0
94 0
95 0
96 0
97 0
98 0
99 0
0 16 0.88621909030362656
0 17 -0.72006735912953523
0 69 -1.0292604211804883
1 58 -0.99702929420676889
1 83 1.5332691055289338
1 87 1.8387211315454666
2 19 0.83987839445561707
2 28 0.94375661616767892
2 52 -0.14717166992420574
3 27 0.43759049679068213
3 37 -1.5160709366059975
3 62 0.61777297182326507
4 37 0.046101023325267505
4 80 -1.035022391977289
4 86 0.41401662663203936
5 33 0.56091207873330973
5 43 0.44522623133438249
5 59 2.9971441043324387
6 39 -0.8964107606060947
6 78 -0.11063672728164337
6 97 -0.0098432442438908599
7 39 2.4444076100121013
7 54 1.0311139322693681
7 84 1.2711730565557446
8 26 0.76833723593534475
8 36 -0.38274372449152638
8 40 1.7354665322828946
9 42 -0.44765283993140786
9 64 1.1957242860737807
9 82 0.059683745962144714
10 13 -1.0827550399641479
10 61 -1.1142307226107715
10 83 -1.6266534896400322
11 18 -0.58712415474342916
11 47 1.0434882421657925
11 81 1.0896205547212077
12 32 2.1473661250158296
12 51 -1.1850885511994933
12 95 -1.3667222805411059
13 56 -0.2805916994341151
13 68 0.31661146158046344
14 36 -1.1364565099618358
14 70 -0.14943204683856129
14 98 -1.1604879969609898
15 30 -0.88645973930789623
15 39 1.226833017856741
15 90 0.2537675406054134
16 29 0.94313149141141173
16 79 1.2459311550084053
17 73 1.0048690142298615
17 87 -0.5894233141534051
18 72 0.33130834796304887
18 86 -0.27393839059158337
19 36 -0.21000729950546329
19 81 -0.76281353088654646
20 63 0.66745654175853986
20 75 -0.74021828774270748
20 77 0.048093034695516151
21 22 -0.64872340411941587
21 37 -0.22145873171060743
21 69 0.5833663935614507
22 43 -1.9061816468207511
22 44 -1.3267960251255333
23 40 -1.3054707931140865
23 65 0.40646237615652997
23 91 0.046185850645285798
24 48 -0.01018984771153528
24 60 -0.086196258335472883
24 99 0.20604235547896832
25 34 0.47147881396555347
25 50 -1.6251264738665845
25 75 0.64351228153937967
26 49 -0.55359915206733101
26 73 -2.8756241088435965
27 60 0.11740927271830942
27 82 1.5669170246968087
28 57 0.065802130459730004
28 61 0.46939404977267207
29 46 -0.84414827374148216
29 84 -1.8221554297206772
30 31 0.76056271250030671
30 72 1.8289768784799856
31 47 1.4111143591077484
31 74 -1.6283364233215432
32 62 0.65899026434083152
32 76 -0.229544685872238
33 51 -0.25740850412757571
33 91 1.6732391608288002
34 55 -0.54451125555839719
34 90 1.0711604812467161
35 81 0.00078979602590774855
35 88 0.94558296413775711
35 93 -0.94318716590458673
38 53 -0.46634349280275905
38 78 -0.24657646831054009
38 89 0.55560331570230892
40 52 -1.141772282823015
41 55 1.1339973881847243
41 66 -1.8536717246141901
41 93 -0.58208687561182737
42 60 0.2185218852559872
42 64 -1.4785434685666716
43 65 1.3730110004546356
44 80 -1.0463709999819937
44 96 0.10728044268582393
45 67 -1.162375101007213
45 98 -1.4202138901179457
45 99 1.5684390222059532
46 48 0.11197689558834789
46 96 -1.2130392786920032
47 70 -0.17023625899323744
48 85 -0.781735191113196
49 85 0.79652904269418057
49 98 -0.70553336812438827
50 90 0.99512130008077904
50 95 -0.40578193488470732
51 71 0.16789958888822668
52 73 1.9453061117903747
53 67 -0.038204576425255141
53 79 1.2856740300419887
54 76 -0.50672340429455409
54 88 0.67078327795021231
55 64 -0.54899921130131879
56 69 -1.5315968920454459
56 89 -0.20222260654372237
57 85 -0.48285493244903421
57 97 -0.78610644274566854
58 68 -0.7402103112206585
58 79 -0.2965655453279023
59 66 -0.97665298148943058
59 94 -1.4061642321101906
61 77 -1.9999961063227738
62 97 -0.58689140306269993
63 68 -0.64981238963293653
63 77 0.47590342702818067
65 76 0.3829073848181721
66 95 0.093010254445363857
67 70 -0.86047017028051054
71 82 0.37565530865760594
71 99 0.12742615307640159
72 92 -0.35338760004059677
74 84 -0.23558039352974589
74 88 -0.43477324711089932
75 94 0.72689413887631893
78 89 1.0193680016482622
80 96 2.4356062711958177
83 91 -0.44182092962342162
86 94 2.1910296386626138
87 92 -1.6874683306089575
92 93 0.6187630347352735
