# model=rrg N=300 meanJ=0 seed=454710178 distribution=gaussian field=0 num_fields=300 num_couplings=450
0 0
1 0
2 0
3 0
4 0
5 0
6 0
7 0
8 0
9 0
10 0
11 0
12 0
13 0
14 0
15 0
16 0
17 0
18 0
19 0
20 0
21 0
22 0
23 0
24 0
25 0
26 0
27 0
28 0
29 0
30 0
31 0
32 0
33 0
34 0
35 0
36 0
37 0
38 0
39 0
40 0
41 0
42 0
43 0
44 0
45 0
46 0
47 0
48 0
49 0
50 0
51 0
52 0
53 0
54 0
55 0
56 0
57 0
58 0
59 0
60 0
61 0
62 0
63 0
64 0
65 0
66 0
67 0
68 0
69 0
70 0
71 0
72 0
73 0
74 0
75 0
76 0
77 0
78 0
79 0
80 0
81 0
82 0
83 0
84 0
85 0
86 0
87 0
88 0
89 0
90 0
91 0
92 0
93 0
94 0
95 0
96 0
97 0
98 0
99 0
100 0
101 0
102 0
103 0
104 0
105 0
106 0
107 0
108 0
109 0
110 0
111 0
112 0
113 0
114 0
115 0
116 0
117 0
118 0
119 0
120 0
121 0
122 0
123 0
124 0
125 0
126 0
127 0
128 0
129 0
130 0
131 0
132 0
133 0
134 0
135 0
136 0
137 0
138 0
139 0
140 0
141 0
142 0
143 0
144 0
145 0
146 0
147 0
148 0
149 0
150 0
151 0
152 0
153 0
154 0
155 0
156 0
157 0
158 0
159 0
160 0
161 0
162 0
163 0
164 0
165 0
166 0
167 0
168 0
169 0
170 0
171 0
172 0
173 0
174 0
175 0
176 0
177 0
178 0
179 0
180 0
181 0
182 0
183 0
184 0
185 0
186 0
187 0
188 0
189 0
190 0
191 0
192 0
193 0
194 0
195 0
196 0
197 0
198 0
199 0
200 0
201 0
202 0
203 0
204 0
205 0
206 0
207 0
208 0
209 0
210 0
211 0
212 0
213 0
214 0
215 0
216 0
217 0
218 0
219 0
220 0
221 0
222 0
223 0
224 0
225 0
226 0
227 0
228 0
229 0
230 0
231 0
232 0
233 0
234 0
235 0
236 0
237 0
238 0
239 0
240 0
241 0
242 0
243 0
244 0
245 0
246 0
247 0
248 0
249 0
250 0
251 0
252 0
253 0
254 0
255 0
256 0
257 0
258 0
259 0
260 0
261 0
262 0
263 0
264 0
265 0
266 0
267 0
268 0
269 0
270 0
271 0
272 0
273 0
274 0
275 0
276 0
277 0
278 0
279 0
280 0
281 0
282 0
283 0
284 0
285 0
286 0
287 0
288 0
289 0
290 0
291 0
292 0
293 0
294 0
295 0
296 0
297 0
298 0
299 0
0 228 1.2501340427512999
0 287 0.35110745046379749
0 298 -1.5443242992937158
1 60 -0.29840058313799989
1 209 1.4186283900123313
1 271 1.2716142514025013
2 13 -0.39515073921008331
2 127 0.34056730567515198
2 240 -0.72549015310681952
3 19 -1.5852447173100515
3 278 -0.56176880231592297
3 280 -0.21315409721789683
4 112 0.93826089092193532
4 216 0.036903064925442361
4 281 -1.4059775691499263
5 23 0.48148485113667849
5 78 1.8905574432856922
5 88 0.38178463551113118
6 14 -0.11898194813955933
6 22 0.21956640076989953
6 27 -0.55495571927875786
7 61 -0.76259766970689158
7 110 0.0015503814411327683
7 125 -0.31581803154249555
8 102 -0.83060648499377099
8 191 0.45995478111978128
8 242 0.39104716106280807
9 12 -1.5911063705562529
9 23 -2.1246327924388386
9 129 1.7527280041326059
10 20 1.7075248307485518
10 122 -1.0699064277879773
10 130 1.5177586915418377
11 12 -0.60667758358491941
11 227 0.60284697011343302
11 259 0.24503763816765348
12 64 1.1322916272103682
13 224 0.69974349972198213
13 236 2.621314947976837
14 99 -0.19080642980816209
14 116 -1.0663037111640241
15 32 -0.48318014514462992
15 256 1.2921048007752296
15 289 -0.71808966802381469
16 146 0.98958062737726027
16 251 -1.6044599315822221
16 280 0.065997094945214232
17 18 0.056366092627444436
17 82 0.78027114125209174
17 281 0.48547266576449166
18 136 -0.39350074836755089
18 236 1.8906994285050691
19 69 -0.45968074369273026
19 162 1.635443233530059
20 184 -0.84504402734217499
20 231 0.069242505850904121
21 41 -0.12496665272896863
21 193 -1.7105824810947949
21 286 -0.83687873505283528
22 70 1.2534075383477847
22 144 0.30502670721007813
23 204 -1.1074444039300615
24 111 -0.12651802045368202
24 167 0.025299788278633623
24 215 -0.48606156879351164
25 93 1.9653190321525082
25 205 2.2810334479531469
25 263 1.056244257289298
26 59 2.6230932801610156
26 152 -1.1815911333659295
26 287 1.8782374786028224
27 116 -1.6974465931319196
27 201 2.0367774016770852
28 152 0.62294771411809824
28 166 0.20972269906815177
28 294 1.117847865191232
29 47 -1.5480016547568771
29 59 -0.079176057766050828
29 171 -0.18984331620793429
30 141 -0.81367622249768512
30 187 -0.22955704096327526
30 237 0.11056145879349721
31 62 1.0954114457132564
31 203 -0.40962538174387625
31 214 0.33463296491516653
32 189 0.23385242912536164
32 220 -0.12243984980760271
33 79 -0.54817022850421648
33 99 0.070114456520227714
33 265 0.38598164617356312
34 38 -0.24136842621876992
34 165 0.10747525832118102
34 265 0.031565784150347463
35 101 0.4387077060328573
35 268 0.0066350415145009353
35 287 -1.0962843809735976
36 52 0.17247122279694174
36 176 0.42257722967838462
36 262 -0.70245369581375605
37 111 -1.2877769542486037
37 149 1.0340890366105968
37 169 -0.34337042523648975
38 226 -1.5529816806363164
38 294 -0.18097798398969939
39 84 -1.6986564313381867
39 148 -1.1536487034620593
39 246 0.80259650510855296
40 51 -0.86127476874393671
40 96 -0.47275637744905918
40 169 -0.066466056594586403
41 190 -1.2723532323875735
41 289 -0.20729876266353311
42 46 0.11818434638727721
42 128 -0.9731285948062337
42 246 -1.1129594058106962
43 118 0.49637521064610546
43 151 1.5180759029730131
43 173 0.59621899000238654
44 185 -0.0072952699148960479
44 204 1.2405099120904826
44 251 1.2459258816022234
45 230 1.5857310484569094
45 257 1.1355626266650554
45 259 -1.0977783440849294
46 198 0.042736898293993124
46 218 -0.8801822039915328
47 201 -0.41531243821424707
47 235 -0.80155335907930447
48 88 1.1696126388776207
48 221 0.11477183875196274
48 291 1.2978843264768312
49 75 -1.061774357089283
49 164 -0.91696919526369491
49 232 -0.056278384617695881
50 175 -0.43973252298997006
50 211 0.91091860038279915
50 250 -0.42912697517875487
51 215 0.39970150280309819
51 225 1.3001129043060449
52 192 0.64080058351141012
52 276 -0.045367556196337873
53 126 -0.27427967841248757
53 153 -0.56517585929870218
53 197 1.9508776660164646
54 97 1.0421596291197457
54 185 0.82463366126095627
54 188 0.10045286493265684
55 101 1.5148235048711851
55 125 -0.4626877800388246
55 158 -0.91482919258845063
56 133 -0.44087089646192718
56 134 -0.99463505078882619
56 144 0.083193436177390223
57 176 1.950130949859983
57 180 -1.6889336115246849
57 264 -1.1931748479695239
58 217 0.99094432237994046
58 232 0.26172297581721371
58 263 -0.93229201302591858
59 96 0.50478494400522045
60 109 0.53053523466346642
60 244 0.24821399211788156
61 117 -1.3266392654971151
61 222 -0.86968444016889279
62 140 -0.10326875916813678
62 219 -1.0835374141810457
63 159 0.90249076044452015
63 244 1.5180606525309694
63 272 0.088743551756777589
64 273 0.38145030861597062
64 277 -1.4249137392914879
65 95 0.40483352217174817
65 108 1.6889981525487265
65 211 0.1528706839017209
66 81 -0.29670192363309805
66 99 0.51808659796970791
66 205 0.071302193465671113
67 73 -0.57633618793779251
67 80 -0.44760894469766982
67 196 0.077358920484975613
68 243 0.22936963381131667
68 249 -0.5438317763692303
68 265 1.3950019531874183
69 223 -0.94212912325195119
69 245 1.9454331273673322
70 137 -0.0067176631068583135
70 167 -0.66520234627129537
71 155 -0.66326820270773956
71 226 -0.28631971608915424
71 238 1.4673356919885496
72 83 0.28703849078655519
72 173 -0.075366075403427046
72 282 0.68911173667564862
73 147 0.12792301842157267
73 150 -0.60474348844163672
74 118 1.7095205781497209
74 220 -0.61168704296808263
74 269 -0.27744207620228589
75 170 -0.40557081768878828
75 201 0.61873522710794893
76 80 -1.568312079469842
76 167 -0.87384179860314171
76 196 0.654510019173554
77 151 2.0673861464573644
77 186 0.36445427839694011
77 255 0.58391230321253196
78 129 -0.74113955698327139
78 138 0.25223545285267357
79 141 1.2203871419458479
79 255 -0.74887306829117584
80 155 0.47556500423511106
81 199 -0.97916518897397731
81 239 -0.19843078870538877
82 121 -0.13637405388108978
82 258 0.35019631133837137
83 130 -0.34074943642600919
83 233 0.0014750046740069833
84 136 0.77344704247825091
84 295 1.0283172914385355
85 133 0.14552640572506459
85 182 3.7515030540550791
85 253 1.7219867817270997
86 139 0.56990799743456122
86 196 -1.4662315803713935
86 208 0.26334246598767447
87 146 0.9298181114828834
87 254 -0.74630052294961502
87 271 -1.3974235709156833
88 238 -2.5767161687944045
89 159 -1.4883725875153901
89 168 1.6709145214519638
89 297 -0.59802617980579742
90 95 -1.4209118369834988
90 170 2.0040346973329646
90 177 0.97489801134185283
91 98 -0.45318785987661447
91 229 0.8614552001646032
91 236 -0.77395898824922316
92 169 1.5311529589336146
92 178 -2.0501146952347722
92 198 0.026203249268177776
93 172 1.0066176536376241
93 282 0.061471679637736129
94 102 0.40726648480330291
94 266 0.42905195619635694
94 272 -1.1865097134439146
95 189 1.0104937238264344
96 146 1.0907792165048136
97 129 -0.41236386125152602
97 284 -0.4929019772521156
98 158 0.55021810954320949
98 282 -1.1917484949779151
100 113 0.32865922901735717
100 197 1.4894183603418365
100 216 0.36217960814667599
101 194 -0.8598505822539626
102 174 1.0567844979661563
103 107 -2.1796172663872539
103 135 -0.35778293607561956
103 258 0.94504715838255815
104 168 0.5047853432766285
104 180 -0.53401754542930535
104 262 0.040714215769397204
105 134 -0.3701668113088491
105 199 0.038230239251850102
105 200 0.64808161374421902
106 143 0.42700166488096469
106 232 0.59967776483787183
106 234 -0.14696739977137982
107 157 0.078372477809552199
107 254 -2.1392660435554798
108 159 1.2222248723898925
108 214 0.77093405396528203
109 120 -0.25462841161359773
109 268 -0.076121653250627669
110 162 -1.3844922089415657
110 284 0.29593637760368552
111 276 1.5738513262263953
112 155 -0.50942535226963526
112 183 0.86953846678729407
113 122 -0.63055771560628493
113 132 1.0694028960510056
114 140 0.58511804522389632
114 154 0.23528245582976093
114 290 1.3202830061815352
115 121 -0.17496963787952471
115 216 0.80483033167680906
115 269 -0.66310113205121535
116 171 1.2200011709667771
117 182 -0.33006874690139149
117 293 0.10928851761632766
118 263 0.42853896233285488
119 139 0.19405157824879909
119 242 0.18580308566964174
119 247 -0.037980143521080208
120 128 0.026865478082394322
120 137 -1.1830992593859826
121 223 -1.2141255181585191
122 234 1.5519276552911321
123 248 -0.34246597114608823
123 268 0.49882850568493725
123 275 0.5282431514394953
124 133 1.0222887452583402
124 150 0.5971755271904039
124 253 0.71523150594249296
125 149 -0.19915670402530203
126 184 -0.32078229604525749
126 250 1.7013126607747986
127 252 -0.34962129604559639
127 293 1.088230140576059
128 275 -0.44832450969885823
130 160 -3.2265585889009891
131 158 1.0013004466084947
131 195 -0.8382472080280815
131 198 -0.37268204955006734
132 240 -0.014924994608674204
132 290 -0.077921160005595055
134 142 0.4966978756974364
135 162 -0.65189794218008723
135 166 -0.01389388593860728
136 186 0.50969501122408878
137 278 0.57504590764632191
138 202 0.53037533836165596
138 247 1.2269183373584844
139 145 -0.17868905024789403
140 292 -0.39183723102781604
141 218 1.9302059573452832
142 181 -0.95221284005072016
142 202 -0.60954738543776232
143 145 -0.48039470577888882
143 153 -0.14970499324561484
144 194 0.67029259599976043
145 190 -0.37920291955351981
147 240 -0.81279996671219579
147 266 -0.66114499029508067
148 194 0.15400927680110535
148 295 0.80095371820838213
149 163 -1.9297449052411637
150 234 -0.50490227756064365
151 229 -0.96518406583493943
152 261 -1.073230560634268
153 156 0.78040985917115002
154 208 -0.78153992476955869
154 294 -0.84400200254639945
156 235 0.82331300616632708
156 292 0.83583038869150705
157 208 0.88636647001540991
157 271 -1.5108082221586647
160 165 1.1921821056951261
160 210 -0.51452253201840326
161 177 -0.75764092856602538
161 272 0.80272039554598551
161 291 -1.1173708783082978
163 210 0.61002056234596957
163 279 -0.023708048249612382
164 221 0.58556074493489407
164 222 -0.47454069145284833
165 171 -0.7498001666202514
166 297 -1.395505764929718
168 250 -1.3279268572212062
170 227 1.3550612947628149
172 212 -0.91214212448714294
172 285 -1.737511661413232
173 225 -0.91941083194413042
174 212 0.38142264750430038
174 279 -1.1254575318703086
175 241 -0.32485148076204279
175 253 -0.79214951016748392
176 224 -1.8628763454471522
177 183 -0.7046152920158758
178 233 -1.1319091541350792
178 260 0.28825994665810023
179 212 -1.8035007409520321
179 244 1.3334980772457972
179 273 -0.36201747638011866
180 269 -0.034305200024003571
181 239 0.42536733901143875
181 298 0.4080277130644468
182 203 1.175903648236887
183 252 -0.18593006605250914
184 228 -0.39338720114297626
185 299 0.78748518098575448
186 277 -0.45716837805478266
187 206 0.58924785708110272
187 213 -0.55864475692099846
188 227 1.8550589651031619
188 241 -0.64487808885019282
189 277 2.0498971491587827
190 207 0.12614520862300271
191 220 -1.770442482105814
191 273 -1.1067069136377237
192 217 -1.0569623108705626
192 278 2.1253440148797291
193 267 1.5445502624351468
193 299 -0.33919750379625346
195 267 -0.87256719343956157
195 276 -1.4522279275050185
197 224 -1.196717221279068
199 245 -0.95674956396254263
200 231 -0.6453886384542642
200 249 -1.2595219626659326
202 274 -0.29563492714459544
203 229 -0.52596142440776383
204 218 1.0173655819565826
205 261 1.7171251410980632
206 209 0.28625475172397657
206 285 0.035205712240784136
207 215 0.45209239014322394
207 257 0.92088089221450609
209 298 -0.39505337457026996
210 256 0.14498254064193797
211 259 1.0524381215627034
213 252 1.3313330214208865
213 283 -0.91115949135701158
214 233 1.2162937123534268
217 242 -1.5082435256358462
219 235 0.020567099044668261
219 246 1.9013688865467619
221 283 0.074966624257180509
222 231 -1.4964941720102714
223 251 -0.40850179866103564
225 254 0.9099370387501815
226 288 -1.1034459102773007
228 258 -0.59385116464092713
230 288 -1.326093755643394
230 297 0.99379343740822956
237 292 0.3933171296065423
237 299 -0.53864644345651624
238 264 -0.0074286431994174456
239 243 -0.36699045113109174
241 279 0.13964516667986546
243 256 -1.1559840730483566
245 267 -1.0287569108242252
247 275 -0.21063334923058583
248 264 -0.69402825969545578
248 274 1.1203322798742277
249 255 0.38800419022414073
257 295 -0.99659826765636295
260 280 -0.036355509083288932
260 296 -1.0680703555402027
261 284 -0.44181397151984125
262 289 1.2740557704106701
266 291 1.819969246714825
270 281 -0.37355192736902704
270 283 0.90002696867670573
270 286 -0.71835569985246328
274 296 -0.4202825826192193
285 290 -0.63854897356255114
286 288 -0.23590465157007384
293 296 0.49625494639102036
