# model=rrg N=300 meanJ=0 seed=2243317625 distribution=gaussian field=0 num_fields=300 num_couplings=450
0 0
1 0
2 0
3 0
4 0
5 0
6 0
7 0
8 0
9 0
10 0
11 0
12 0
13 0
14 0
15 0
16 0
17 0
18 0
19 0
20 0
21 0
22 0
23 0
24 0
25 0
26 0
27 0
28 0
29 0
30 0
31 0
32 0
33 0
34 0
35 0
36 0
37 0
38 0
39 0
40 0
41 0
42 0
43 0
44 0
45 0
46 0
47 0
48 0
49 0
50 0
51 0
52 0
53 0
54 0
55 0
56 0
57 0
58 0
59 0
60 0
61 0
62 0
63 0
64 0
65 0
66 0
67 0
68 0
69 0
70 0
71 0
72 0
73 0
74 0
75 0
76 0
77 0
78 0
79 0
80 0
81 0
82 0
83 0
84 0
85 0
86 0
87 0
88 0
89 0
90 0
91 0
92 0
93 0
94 0
95 0
96 0
97 0
98 0
99 0
100 0
101 0
102 0
103 0
104 0
105 0
106 0
107 0
108 0
109 0
110 0
111 0
112 0
113 0
114 0
115 0
116 0
117 0
118 0
119 0
120 0
121 0
122 0
123 0
124 0
125 0
126 0
127 0
128 0
129 0
130 0
131 0
132 0
133 0
134 0
135 0
136 0
137 0
138 0
139 0
140 0
141 0
142 0
143 0
144 0
145 0
146 0
147 0
148 0
149 0
150 0
151 0
152 0
153 0
154 0
155 0
156 0
157 0
158 0
159 0
160 0
161 0
162 0
163 0
164 0
165 0
166 0
167 0
168 0
169 0
170 0
171 0
172 0
173 0
174 0
175 0
176 0
177 0
178 0
179 0
180 0
181 0
182 0
183 0
184 0
185 0
186 0
187 0
188 0
189 0
190 0
191 0
192 0
193 0
194 0
195 0
196 0
197 0
198 0
199 0
200 0
201 0
202 0
203 0
204 0
205 0
206 0
207 0
208 0
209 0
210 0
211 0
212 0
213 0
214 0
215 0
216 0
217 0
218 0
219 0
220 0
221 0
222 0
223 0
224 0
225 0
226 0
227 0
228 0
229 0
230 0
231 0
232 0
233 0
234 0
235 0
236 0
237 0
238 0
239 0
240 0
241 0
242 0
243 0
244 0
245 0
246 0
247 0
248 0
249 0
250 0
251 0
252 0
253 0
254 0
255 0
256 0
257 0
258 0
259 0
260 0
261 0
262 0
263 0
264 0
265 0
266 0
267 0
268 0
269 0
270 0
271 0
272 0
273 0
274 0
275 0
276 0
277 0
278 0
279 0
280 0
281 0
282 0
283 0
284 0
285 0
286 0
287 0
288 0
289 0
290 0
291 0
292 0
293 0
294 0
295 0
296 0
297 0
298 0
299 0
0 6 -0.79541418170203371
0 9 0.42973712395551328
0 85 -0.19776715305419817
1 14 -0.74583783780737734
1 44 0.31191764007687589
1 219 0.96752801156201773
2 144 -1.7706073846490467
2 149 0.35453913306249646
2 152 2.4566563157193615
3 23 -0.063407367136303017
3 162 -0.91210432819903575
3 172 0.81643741071126397
4 174 1.0225698238024818
4 180 1.433675985462882
4 283 0.38514784123893842
5 71 -0.27033578709561723
5 138 -0.44531014624862836
5 262 0.50846596883435269
6 20 0.33067192522326944
6 56 -0.59292749279816093
7 55 0.12036600690080763
7 230 -0.58318611213377602
7 247 0.80752202050289112
8 115 -0.052271633652873087
8 143 -0.23431881939728086
8 192 -0.54686285335741858
9 242 -0.053572590698372079
9 276 0.14991882844603388
10 48 1.5127385906523705
10 202 -0.6682503971842878
10 236 -1.3951803148448407
11 30 -0.64423717072887121
11 144 -1.3688071071206944
11 270 1.2907963156989941
12 156 -0.10301422615469459
12 205 0.014467149067714055
12 242 -1.104440018188892
13 197 -0.99172051774126579
13 201 0.46516697958157677
13 218 -0.10426814914714569
14 53 -0.72616174138133316
14 227 -0.91612476208525717
15 92 -0.76648824383197489
15 244 0.62541661765557055
15 273 -0.010195097189915483
16 156 -0.90101848417564656
16 170 0.59472868248594501
16 297 0.69055297734381382
17 118 0.69442388645557074
17 177 1.2348085701092428
17 237 0.96585420368635755
18 159 -0.86630277055297222
18 268 -0.64992968290948872
18 283 0.11710893492923172
19 38 -1.543658842991682
19 200 -0.89057196153406237
19 238 -0.025231885149261529
20 37 -1.085185584159144
20 287 0.67944596025482562
21 57 0.83427199756427906
21 77 -0.17883854504605923
21 117 0.52838557675996878
22 28 -1.6466989007054709
22 68 0.33965145549798786
22 160 -0.64158608263940975
23 226 1.3468578239892144
23 254 -0.14445171584863381
24 77 0.82288336286840025
24 157 0.63168005939534944
24 295 0.86662201875533118
25 34 -1.0577812184340487
25 189 1.2659310457452861
25 286 0.25398055147533199
26 69 -1.4496220272632072
26 279 -0.47393318658106237
26 298 0.54902128325333055
27 210 0.23287387215100117
27 244 0.23691501341283772
27 289 0.59662910744939801
28 80 -0.038921620482216479
28 128 -0.69564856991136714
29 79 -0.13584744800707294
29 222 1.2270391517490478
29 248 0.67973297046259906
30 119 -0.44822178713364019
30 254 1.5377852050207366
31 52 0.19049065583706942
31 132 0.1883751953421442
31 138 -1.5766686505998979
32 268 1.2139169544549742
32 275 -0.46008445189786012
32 278 -1.0648528987205201
33 77 0.43022132001619878
33 202 -0.28382961986545013
33 271 -1.8456978334898195
34 134 0.89837425822686401
34 249 0.58881174878649922
35 57 -0.12651454861492509
35 163 0.40737999885870724
35 241 0.22587592951134458
36 158 1.3074677460307451
36 181 0.32545701397336668
36 238 1.4053496835761654
37 40 -0.41759333950933819
37 66 -0.73289390266014076
38 233 -1.1596712470760602
38 263 -1.7033495572697248
39 88 0.70824453524426834
39 107 0.35150466610077485
39 184 0.0461146812857645
40 159 -1.9786875904248851
40 174 0.0075470483490880057
41 55 -1.3789954000323357
41 204 -0.34422526799909936
41 292 1.1695466698410477
42 68 -0.12658636647729365
42 174 1.2002188941915228
42 205 0.17707170237063866
43 212 -0.35583179788255659
43 249 0.16275726235329924
43 265 0.46252509827421834
44 71 -0.23010084419498472
44 220 -1.5715899777640856
45 213 0.066013405226771529
45 221 -0.99044258761558657
45 224 -0.97532908550544395
46 139 -0.023982493319825771
46 214 0.90027354998446651
46 277 -0.53717891210849456
47 72 -0.79002597580640754
47 142 0.64051440762191525
47 169 -0.67535050472061176
48 146 0.22298766819847921
48 245 0.20919280590324515
49 171 0.13603752873967903
49 237 -0.11171752846437587
49 259 -0.43784288273863825
50 59 -0.67287764671330608
50 132 -3.0863853798950767
50 274 1.4261581010754072
51 237 -1.4169110590126788
51 275 -0.13579859513941298
51 285 -1.2259524448934598
52 101 0.69138142312540984
52 288 -0.88383641414928538
53 137 0.41031816434970581
53 154 0.64455060363846672
54 76 -0.34924123069336099
54 216 2.2439748822141534
54 251 -0.25149267846043288
55 134 -0.092795287867136492
56 97 1.6451758311995148
56 294 -0.19808261184137624
57 275 0.26404857635189527
58 83 -0.063806793447331339
58 118 0.027697279596540052
58 200 -1.3147249671881553
59 116 -1.3815340887929237
59 123 -0.92450812793771131
60 65 -0.89757567395367444
60 99 -0.98738077491882492
60 135 1.1476494873842207
61 65 -0.054557966103086622
61 258 -0.78537487726958988
61 263 1.5409905144119747
62 191 -0.87593641486001284
62 223 0.58004167014492058
62 264 -0.015099684113996691
63 64 1.6834802150597712
63 103 0.025723553808807222
63 135 0.51815371285430312
64 235 1.8609708817611847
64 296 0.084214090337380823
65 165 -0.24021581582840423
66 122 0.66816637225931275
66 125 0.13569422086489544
67 143 0.23138864470613538
67 151 0.75890223360281961
67 278 -1.414850800521434
68 287 -0.77465273286996594
69 145 0.7535275793499987
69 266 0.95137633885941164
70 115 0.57545924857261932
70 158 0.20451526064032377
70 231 1.7869523184516691
71 141 0.004487830146705906
72 87 -0.21982910791349802
72 280 -0.47562236374176825
73 78 -0.013378297126541252
73 196 -0.96820498966979085
73 197 -0.14186030758899965
74 101 -0.66029652308762021
74 242 -1.3028738321181434
74 255 1.305986909318565
75 153 1.2119239303651008
75 164 -0.28574047002826108
75 240 0.30143242316771585
76 140 0.59268893350180207
76 229 -0.7283241017908102
78 84 -0.30508892062364368
78 223 -0.17100088564356114
79 225 -0.92757180432896535
79 267 0.65723560352866395
80 91 0.91308236841947477
80 213 -1.1698131637257465
81 187 0.86221347633830392
81 267 -0.2048433536197462
81 296 -0.20451404875614446
82 87 0.15377616398235441
82 137 -1.5986597686513015
82 282 0.18489837489523672
83 225 0.074609281664502883
83 283 -0.56230572353059483
84 107 0.18544403996323147
84 173 -0.51252836990683326
85 98 1.4495777729451413
85 167 -1.1088763281526732
86 177 -0.70226906600898886
86 217 0.89503416161675942
86 233 0.27008743212875258
87 110 0.88656639590564013
88 120 -0.93292505173600104
88 199 0.45709832200560663
89 94 0.020324623344972249
89 147 0.2356651017651426
89 227 -0.92920429427642914
90 98 -0.17288809078482176
90 250 0.15613274266982177
90 274 0.24039084940933528
91 198 -0.84608442600137268
91 273 1.278026651767316
92 150 1.6753497721960118
92 160 0.18347240475160964
93 184 -0.82451479660175042
93 208 1.8286394267795039
93 217 1.178955243535321
94 168 -0.33472136266594854
94 297 -1.1559440346463086
95 163 -0.0059835077116805477
95 165 -0.69226800618561191
95 294 -0.7175712024631955
96 178 0.12086593656173102
96 179 1.2608537316949378
96 282 0.61263601728838968
97 109 -0.18579349391761504
97 236 0.49909699692077986
98 124 1.1771450207968417
99 101 0.7638347138473377
99 131 0.22693846097933246
100 120 -1.5308499478664737
100 186 1.3384686602308002
100 194 0.6014147784918582
102 143 0.093748076069007799
102 204 2.9635923496854786
102 288 1.6542014780744569
103 173 0.72436543865021652
103 287 -0.44404154356015524
104 190 0.12908306156396684
104 222 1.1967919280343378
104 257 0.38376351723362212
105 171 0.014977204565406839
105 181 0.40827285200727526
105 264 -0.56847515153380557
106 130 1.0969369230131774
106 161 1.556641319856392
106 193 -0.03721984140699796
107 208 0.72096589296393943
108 188 1.7746108081390597
108 203 -0.22946421984034815
108 298 -0.22585551155542075
109 140 -0.11246048720952034
109 201 1.5606176171335397
110 158 -1.0237696421303009
110 205 2.1344623559938163
111 251 -0.46343370327834293
111 272 -0.46994001524864953
111 293 -0.81300434526772336
112 185 0.39620923344421777
112 190 0.36598581304337319
112 233 1.2668560998134257
113 137 -0.91239904872162469
113 149 -0.21399225823116494
113 231 -0.71002717397628967
114 142 -0.32776668394505459
114 176 1.128611032487197
114 206 1.371656447312676
115 235 -0.93905130880623833
116 166 -1.232676341280039
116 254 -0.38619978515222786
117 167 -0.2150657034545021
117 262 0.83543872364455896
118 191 -0.91563472869197982
119 173 -0.29105736141761468
119 228 1.5231564890117923
120 291 1.1481197552633096
121 187 -0.72808902997388325
121 279 -0.47566470178678294
121 296 0.2939520743663262
122 211 -1.695496606444223
122 222 0.28778472047130016
123 231 -0.15426321594921016
123 252 2.1262090619764082
124 197 -1.0654142056820781
124 277 -0.26435254946186071
125 133 1.2120918278239374
125 212 -1.8608408195736583
126 223 0.28756239884603385
126 229 -1.5863407330992629
126 243 0.25552074167717398
127 193 0.264538870257021
127 259 -1.4281427120256858
127 286 -0.58878044369558058
128 129 2.4667830969974425
128 226 -0.37812857605604916
129 160 1.6003263218788182
129 193 0.81140840732429809
130 196 -1.0768854214217458
130 252 -1.6150734678107821
131 136 0.23995129894661804
131 240 -0.26491221900812811
132 265 0.89268316951149251
133 218 -0.034560887766397007
133 239 -1.2897639378645975
134 166 0.23491625158162802
135 196 0.63635840284821998
136 238 1.7756070428371182
136 291 0.93187657715109817
138 176 -0.035907672654565126
139 155 -0.4746875990529667
139 252 0.26959017534092666
140 250 -0.4452017550087487
141 284 0.73481104879114045
141 285 0.22617563017851489
142 299 -1.3091649618269603
144 209 -1.5491269678248407
145 243 -0.80903141297083458
145 247 -1.9085037736556705
146 151 0.56462160151044327
146 215 1.013472536776223
147 253 -0.96156832250865398
147 276 1.3761495613599788
148 220 -1.4264779027029153
148 278 0.79993731376496757
148 297 1.2218275202385636
149 285 0.67650757161908914
150 179 -0.60526189885166093
150 261 -0.44074478248175819
151 214 -0.13813411260556724
152 185 1.3882323352424537
152 246 -0.31760355176256139
153 219 1.2417669398283624
153 286 -0.34136023635810714
154 281 -0.51724585571029391
154 289 -0.68199743783134559
155 161 1.9449513833758367
155 264 0.65089529171787053
156 299 0.65990486002224991
157 164 -1.225956886223643
157 293 -0.29360694944086618
159 188 -0.040614350600974534
161 290 -0.58269693902443531
162 165 -2.2645837607659276
162 203 -0.42045984875174508
163 255 -0.43982098597355734
164 178 1.3413160531633486
166 199 -0.98174366401630397
167 183 0.53309305364760151
168 215 -0.16492695443309541
168 232 -0.51943661983797107
169 192 -0.033484410082625642
169 245 0.61809412367219885
170 185 -0.48918210391965594
170 255 2.1504731396791836
171 253 0.83273168090973204
172 235 -0.77533479127002403
172 298 1.1032125081288766
175 183 0.094618478693778471
175 263 1.2881762565280244
175 288 0.042955059352967978
176 213 -0.21500492148975661
177 246 -0.95446079988117649
178 221 0.76181838031980709
179 270 -0.45129551298917381
180 234 0.61990345489685728
180 272 -0.58622132455850706
181 200 0.3366079126996529
182 199 0.41693244412579911
182 230 1.0578189019881448
182 259 0.36050702249170091
183 266 0.38311667753499284
184 189 0.13739676030417899
186 189 -0.93556933598200154
186 224 1.4111457776770107
187 284 -0.48951396781074386
188 256 -0.42913480250428121
190 220 -0.3512299872655309
191 271 0.91732461936395215
192 274 0.89469801188007259
194 260 1.3308220905529096
194 261 0.93723711872219206
195 212 -0.73781865945208636
195 267 -0.69439512367045186
195 291 0.45461591357398867
198 207 1.3438125073318063
198 243 -0.46060048333448544
201 294 0.47650348665600895
202 299 -2.217795467569676
203 226 -0.95487953596559627
204 241 0.54617937307986619
206 217 0.65114085051559156
206 279 -0.16803580914304928
207 218 1.2194037660942008
207 268 1.1292169338406259
208 249 -0.2687460026764017
209 261 1.3884655574592266
209 293 -0.93337398041419062
210 253 0.54216086458202528
210 265 0.2507221239494038
211 214 1.3969988989544291
211 257 0.37637859518772798
215 257 0.18326276209392489
216 230 1.0320633937726738
216 282 -0.60856816399813241
219 292 -0.0787489703982414
221 295 -2.0127286199858183
224 295 -0.56608605078397811
225 280 0.23717849855345327
227 228 -1.4617903985829086
228 245 0.206315858649713
229 260 1.4941849011907871
232 240 -0.17634089116908269
232 270 -1.5888806973358882
234 248 0.59602497311943892
234 289 -0.042811485863609826
236 284 0.078536158590312613
239 266 -0.49683100697858407
239 281 -0.42192310963925955
241 271 1.2503961291039276
244 256 0.27555501659748682
246 281 0.3793493142666447
247 256 0.52489591698888705
248 273 -0.085800747961861309
250 260 -0.53771194511666531
251 262 -0.27508783949955995
258 290 -1.244950142256364
258 292 0.11647813196590112
269 272 0.12487435483919206
269 277 -0.1040948374124708
269 290 0.031472094938397178
276 280 -0.25862455048359417
