# model=rrg N=300 meanJ=0 seed=261358949 distribution=gaussian field=0 num_fields=300 num_couplings=450
0 0
1 0
2 0
3 0
4 0
5 0
6 0
7 0
8 0
9 0
10 0
11 0
12 0
13 0
14 0
15 0
16 0
17 0
18 0
19 0
20 0
21 0
22 0
23 0
24 0
25 0
26 0
27 0
28 0
29 0
30 0
31 0
32 0
33 0
34 0
35 0
36 0
37 0
38 0
39 0
40 0
41 0
42 0
43 0
44 0
45 0
46 0
47 0
48 0
49 0
50 0
51 0
52 0
53 0
54 0
55 0
56 0
57 0
58 0
59 0
60 0
61 0
62 0
63 0
64 0
65 0
66 0
67 0
68 0
69 0
70 0
71 0
72 0
73 0
74 0
75 0
76 0
77 0
78 0
79 0
80 0
81 0
82 0
83 0
84 0
85 0
86 0
87 0
88 0
89 0
90 0
91 0
92 0
93 0
94 0
95 0
96 0
97 0
98 0
99 0
100 0
101 0
102 0
103 0
104 0
105 0
106 0
107 0
108 0
109 0
110 0
111 0
112 0
113 0
114 0
115 0
116 0
117 0
118 0
119 0
120 0
121 0
122 0
123 0
124 0
125 0
126 0
127 0
128 0
129 0
130 0
131 0
132 0
133 0
134 0
135 0
136 0
137 0
138 0
139 0
140 0
141 0
142 0
143 0
144 0
145 0
146 0
147 0
148 0
149 0
150 0
151 0
152 0
153 0
154 0
155 0
156 0
157 0
158 0
159 0
160 0
161 0
162 0
163 0
164 0
165 0
166 0
167 0
168 0
169 0
170 0
171 0
172 0
173 0
174 0
175 0
176 0
177 0
178 0
179 0
180 0
181 0
182 0
183 0
184 0
185 0
186 0
187 0
188 0
189 0
190 0
191 0
192 0
193 0
194 0
195 0
196 0
197 0
198 0
199 0
200 0
201 0
202 0
203 0
204 0
205 0
206 0
207 0
208 0
209 0
210 0
211 0
212 0
213 0
214 0
215 0
216 0
217 0
218 0
219 0
220 0
221 0
222 0
223 0
224 0
225 0
226 0
227 0
228 0
229 0
230 0
231 0
232 0
233 0
234 0
235 0
236 0
237 0
238 0
239 0
240 0
241 0
242 0
243 0
244 0
245 0
246 0
247 0
248 0
249 0
250 0
251 0
252 0
253 0
254 0
255 0
256 0
257 0
258 0
259 0
260 0
261 0
262 0
263 0
264 0
265 0
266 0
267 0
268 0
269 0
270 0
271 0
272 0
273 0
274 0
275 0
276 0
277 0
278 0
279 0
280 0
281 0
282 0
283 0
284 0
285 0
286 0
287 0
288 0
289 0
290 0
291 0
292 0
293 0
294 0
295 0
296 0
297 0
298 0
299 0
0 77 1.3413115038779952
0 107 0.070346503544858996
0 111 -0.22567080752794708
1 108 0.64628561892624314
1 143 0.56971528413864903
1 202 0.24582526533524074
2 102 0.70818121212573482
2 112 0.49483616995102997
2 181 -1.0995383221796067
3 24 -0.61878894170033927
3 56 0.14715832503981563
3 245 -2.0024742410743643
4 210 0.97639474942889826
4 244 0.34329721304604749
4 265 0.68798303234055291
5 19 0.64866089094248169
5 121 1.5128667758531178
5 177 0.25088275289221929
6 209 0.021845812165611985
6 261 1.5837595335630645
6 266 0.38232243653901199
7 156 0.92128663222519436
7 179 -0.64810703467927855
7 185 1.1860903305494637
8 86 -0.16932438224424862
8 95 -1.6551231639606228
8 206 -1.4759073365070263
9 254 1.2414554965616442
9 269 0.62230684480508125
9 279 -0.80629046015788586
10 89 0.92123378135075851
10 102 -0.89312601962021887
10 113 1.4781549459798073
11 179 0.52655123237985413
11 192 0.59184512909757214
11 280 1.964552974554072
12 44 -0.22624996421163884
12 78 0.54892698544496965
12 140 0.99318580850206772
13 120 -0.098825140421924001
13 125 0.51518974968560927
13 184 2.0653326364799667
14 43 2.4921970908293933
14 109 0.15163939806857335
14 195 1.3607314218458439
15 79 -0.0890705963196501
15 157 0.088394013999689838
15 221 2.1168926083434227
16 45 -0.45284825543319884
16 76 1.0186968920828707
16 258 -0.47342396787408275
17 68 0.31285049707649326
17 168 1.7173193396991764
17 277 -0.95397028281853002
18 20 -0.16844290818814572
18 30 -0.15939004834929699
18 265 0.56395172379176062
19 107 0.11192742401146011
19 258 0.48025852795956037
20 84 -0.89577570608380208
20 183 0.54189280675321538
21 54 1.7339356805207853
21 70 0.15559870506736895
21 248 -1.3335205740407357
22 174 -0.072415472041093165
22 278 0.28037279131482912
22 297 0.83809790966959175
23 157 -0.67338509185532269
23 160 -1.1034065482297821
23 284 0.86734981181045978
24 189 -1.5312761678070266
24 219 -0.2627052667956612
25 94 -1.6081539699277083
25 191 -1.6716432740211318
25 260 1.7302916766181982
26 64 -0.4612476011979747
26 192 -0.56468386074045285
26 207 -0.36264192624144054
27 46 0.12576419534599922
27 68 -0.91455910138172514
27 213 0.74030869015627843
28 99 0.07719487682700675
28 134 -0.026403055781689881
28 250 -0.5090636687148683
29 75 -1.4714209906358378
29 107 0.10503935331436326
29 123 -1.7191077660061456
30 72 -0.5475185461831541
30 228 0.93489568758813113
31 104 -0.76491107690535187
31 268 -0.98194291087035146
31 283 1.0034014521584713
32 53 -0.037988204207790324
32 91 -1.1232679517761679
32 290 -0.13304225711480927
33 64 -0.84527980101970013
33 140 -2.0382498094006141
33 203 -0.59775553720313668
34 69 0.35855893108045439
34 232 1.6061286809214785
34 263 -0.29373645687336919
35 155 1.03763424770837
35 170 1.0726211477120609
35 216 -2.0477936866108322
36 141 0.21555089452948786
36 150 -0.1279418772526463
36 275 1.6451275054517478
37 233 0.068110858570290561
37 284 -1.723279546113049
37 292 0.24727691218643674
38 108 0.77851370135861575
38 201 0.63245570442418908
38 297 2.8557970030467246
39 135 0.23298378956467963
39 216 1.3707800153624614
39 241 -0.93780643208054815
40 48 -1.524659752123029
40 105 -0.17893161620021522
40 150 0.95376148634181646
41 47 0.62234116095422043
41 59 1.7977736698332754
41 213 -1.6439677772599142
42 129 1.3692911310069833
42 130 -2.7569708887964652
42 227 -0.35732318087560455
43 63 0.22054034180999713
43 127 0.26071581731568289
44 185 -0.53006335414708161
44 225 0.75415677175465612
45 145 0.064550321025190524
45 290 0.72150142437083853
46 98 -0.72070381880325118
46 157 1.04788091457046
47 243 0.31066759535619864
47 260 0.16088039349503044
48 248 -0.36199615472446484
48 274 0.1701458695025162
49 76 -0.87107332461225995
49 127 -1.8427258826003206
49 252 -0.28805232847238693
50 240 0.83932158814910474
50 242 1.9081452626904603
50 261 -0.87324845136967655
51 119 -0.44980777884487427
51 131 0.35082059691209716
51 210 0.27239269391526083
52 62 -0.50109380405524606
52 90 0.26403663184194315
52 268 0.95678777585604935
53 153 -1.1383555024905856
53 260 -0.42430533064189474
54 155 1.4556998988613723
54 273 -2.1922382032239658
55 117 -0.52180041588802295
55 134 -0.71970045496010593
55 147 0.13651836507252843
56 70 0.19323495274304481
56 207 0.6762144281736161
57 108 -0.048056382043612886
57 235 1.127448505189399
57 287 1.0891057405878335
58 85 -1.1665367851604838
58 160 0.19026267304963529
58 225 -0.31241356629851802
59 196 -1.1752925338232763
59 250 -1.6690983515737772
60 103 1.600775337339023
60 112 -0.49990118289379515
60 251 0.60770324255611685
61 78 0.5675097263500507
61 125 0.90987141809631711
61 161 -0.14076501402483699
62 100 -1.0756099505916135
62 285 1.5678754853029588
63 174 -0.88916474579566751
63 269 -0.62982446417558724
64 271 -0.91435860965076865
65 130 0.60500904722613136
65 137 -0.94472165702869471
65 168 0.099442763149133764
66 110 -0.67877914568806519
66 111 -0.45088249431476812
66 247 -0.47542080830541661
67 74 0.91313270326174212
67 119 0.90844372729656886
67 293 2.3521507587247568
68 238 0.55622670052608747
69 247 -0.11528503468907821
69 274 0.9361915147212011
70 211 0.85304815907738618
71 224 0.034582298937113364
71 281 0.67601697045624198
71 292 -0.15548390360869277
72 191 -0.32636319407185205
72 272 -0.28064149534924643
73 98 -0.69968409694816036
73 198 1.3202896212459838
73 208 0.71138058438366991
74 221 0.90224703283364494
74 242 -0.30689293862101485
75 82 -0.35624666976618097
75 291 -0.36347840407856419
76 245 -1.1491566638541295
77 224 -0.21159953437808413
77 281 2.1362794030884653
78 146 1.485948680532643
79 205 1.5371468743451799
79 279 0.53013186620939701
80 83 -0.28655558900755579
80 118 -1.033791817072788
80 270 1.2835349508939944
81 135 1.1814483312240573
81 226 -0.50781815925117479
81 246 0.43395261259745577
82 226 -1.5075956205451397
82 237 -1.3726581129916067
83 154 0.30611986584306117
83 158 -0.27911403925938189
84 153 1.8261133695809342
84 201 0.80743907982855112
85 173 1.0016513769289528
85 256 -1.5929936523186035
86 163 -0.39454084876153256
86 193 -0.026910460716582346
87 104 0.47611893718676268
87 218 -0.064240748159611297
87 259 -1.0756602918906857
88 165 0.87902167688597699
88 166 0.027555799083052418
88 287 -0.88491926460972592
89 101 0.17654685556839753
89 291 2.5130551747406846
90 156 1.3614050451979778
90 241 -0.3286757641376129
91 276 0.68046705077590208
91 288 0.12284156795118258
92 101 -1.0509151829367556
92 115 0.58562420547715255
92 178 -0.38869333170740639
93 162 0.79806037079995495
93 212 0.59283070039943886
93 299 -0.005706255807198456
94 253 -0.31416211271420325
94 262 -2.2226966811833293
95 178 -1.733916022477948
95 227 0.071428484177736562
96 159 -1.0359865641790904
96 271 -1.4734736358401626
96 291 -0.13261477163335303
97 116 1.6065322955212855
97 253 0.40574453554906875
97 298 -0.4688764456659984
98 116 -1.3267687783853843
99 141 -0.26080168334326403
99 239 -1.5473013063247547
100 148 -0.0091163091007213405
100 200 -0.73164595987606462
101 256 0.063470885554125597
102 272 -0.75295789223373699
103 159 0.86105699072491226
103 283 -1.2403334470844321
104 149 0.25802429986843056
105 127 0.7918821501202209
105 153 -0.4522809047697231
106 132 -0.55957999249264923
106 199 -0.69117219490938098
106 225 -0.046871402927124953
109 177 0.028847392646792338
109 275 0.64751269509291554
110 193 1.8697779326283184
110 211 -0.2928537225804545
111 178 0.24692104953166141
112 257 2.5441338146479855
113 117 0.52607486961394623
113 198 1.3529761952866814
114 130 1.3751470906897194
114 189 -0.78502075182771436
114 240 0.35028910526761159
115 135 0.71429146176369973
115 219 -1.9549886174066788
116 219 1.070433116212363
117 254 0.98604709814483271
118 137 0.069634538740884044
118 209 -1.012634450960193
119 180 0.1687220868897347
120 229 0.80776058900795944
120 273 0.24385731442053327
121 175 -0.72597745287662274
121 295 0.77294776137210863
122 277 -0.78195675193916181
122 298 -1.9272092511548404
122 299 -0.98448432667101837
123 172 0.21564754714655709
123 215 0.43890582588156302
124 169 1.0654759312464701
124 202 -0.11639723953781732
124 229 0.047850632426666352
125 158 0.73959858636768927
126 154 0.090456659876752249
126 243 1.8708012140141275
126 244 1.5202075153346681
128 180 -1.1626609029372776
128 227 -0.3676267248845505
128 239 0.16226628147565039
129 152 1.7098760359609859
129 247 -0.48703522360117257
131 197 1.4418029204249645
131 234 1.4199620154016825
132 145 -1.4239668069838549
132 176 0.23431660923129946
133 152 1.2908461395046693
133 154 -0.29628613818843341
133 181 0.19454154431329612
134 251 -0.17646240880415209
136 233 -0.98794508444982387
136 255 0.30733037745017672
136 285 0.26792133149566788
137 214 0.65854463373833305
138 264 1.8599878596324064
138 285 -1.595483941117638
138 296 -0.91915964550818152
139 193 0.39704985000288995
139 218 -0.3082404943966951
139 258 0.44346164795177495
140 199 -0.33755927267932506
141 236 -0.59596842360114244
142 176 -0.25909282011964802
142 186 -0.8776369853643784
142 280 -1.9635069862792127
143 156 -0.395403658490662
143 241 -0.29641944991265107
144 205 -0.15609310399669621
144 276 0.76664712572159288
144 296 1.8476131198571131
145 287 0.50483207958543286
146 195 -0.92893629950845047
146 228 -1.3545621838565123
147 201 -1.6139489587320517
147 231 0.43278082693948394
148 169 0.90976038959388972
148 280 -0.42620876772409394
149 162 0.89885426365775933
149 171 0.53478717348863181
150 217 0.3555070747708815
151 167 -0.15057836767642818
151 230 0.55574070404440579
151 272 -1.3050900801946117
152 170 -0.23677414122205362
155 270 -1.0261571675247225
158 163 -0.027632812539717375
159 237 -1.447660457327625
160 246 0.21865045848864745
161 188 0.25250882506657385
161 271 -0.60081024607418521
162 230 1.0225506695218409
163 277 0.68546696361460258
164 179 1.0253691919481442
164 182 -0.19208828325112995
164 251 -1.4057412719679072
165 174 0.64566706184794254
165 243 -0.256684769211668
166 264 0.25995552385754789
166 275 -0.78229097815527293
167 200 -0.341040385305593
167 244 1.139414716677041
168 187 -0.20401152655238211
169 238 0.4946325205641402
170 288 0.89446793250943035
171 263 -0.57679526791333258
171 289 -0.48766259868968348
172 232 0.01896372999838962
172 237 -0.48430763757869649
173 190 -0.51550829448707569
173 239 -0.43387022490490212
175 212 0.21574402334490259
175 262 0.73869572709502995
176 276 -0.37074998715809349
177 282 -0.93960078782612311
180 217 -0.42921521903875437
181 206 0.22569602848870493
182 185 -0.10676730706339078
182 292 0.6930869790693226
183 206 0.069761157346493297
183 226 0.60228698671876257
184 262 -1.1314349713556058
184 286 -0.97542160429589164
186 189 0.76566043746932511
186 220 -1.1288873767349112
187 234 1.7302446724128713
187 282 -1.1683637858238398
188 198 0.44693920274970533
188 255 0.90015393312541425
190 218 -3.0909664067298173
190 220 -0.85954313764522006
191 235 1.2553289743586498
192 267 -0.15459137043097768
194 242 0.22599753198384459
194 253 0.17930868954337642
194 286 -0.022465970107386022
195 220 1.6624937925515366
196 214 -1.922473041217692
196 293 -0.54032773723752947
197 204 -1.2442547529488448
197 257 -1.4378246373565378
199 234 -0.57901359357274051
200 203 0.22468431422454216
202 252 -1.1095851388190909
203 236 1.2364984809483648
204 208 -0.43204467736190283
204 255 0.21633220879303899
205 289 -0.73925935239947549
207 246 0.86364383673849343
208 236 -0.36686073162030203
209 230 0.61937325934441523
210 269 -0.38502536653176361
211 235 -0.96081733861573271
212 288 0.45575140603591779
213 274 -0.044045451465406109
214 259 -1.1685618692293123
215 231 0.40799489713305837
215 250 1.0022915668342702
216 294 0.76367194272156746
217 289 -0.75238607933277246
221 273 1.8916752038557036
222 245 -0.067101841487303721
222 268 0.47385001656497983
222 290 0.014232963390913924
223 232 0.42035956205194774
223 249 -0.89204233459323079
223 266 0.34079449850170562
224 254 -1.7343982869696726
228 265 -0.73966059454309419
229 252 -0.30512350997127763
231 264 0.19787307454001229
233 283 0.41968077675235149
238 278 -0.22374384375098683
240 279 1.2512006210602575
248 261 -0.60974963002000471
249 270 0.31456105398024281
249 282 -1.4614110923812003
256 284 -0.17225408646219581
257 281 -0.82402774550528379
259 298 0.46979572442372769
263 296 0.10256022286323067
266 294 0.72151883220426893
267 297 -0.092856146835764639
267 299 0.61892269018935897
278 295 -0.46848777564042338
286 294 0.17808385949844496
293 295 3.1158782874775839
