# model=rrg N=150 meanJ=0 seed=289108307 distribution=gaussian field=0 num_fields=150 num_couplings=225
0 0
1 0
2 0
3 0
4 0
5 0
6 0
7 0
8 0
9 0
10 0
11 0
12 0
13 0
14 0
15 0
16 0
17 0
18 0
19 0
20 0
21 0
22 0
23 0
24 0
25 0
26 0
27 0
28 0
29 0
30 0
31 0
32 0
33 0
34 0
35 0
36 0
37 0
38 0
39 0
40 0
41 0
42 0
43 0
44 0
45 0
46 0
47 0
48 0
49 0
50 0
51 0
52 0
53 0
54 0
55 0
56 0
57 0
58 0
59 0
60 0
61 0
62 0
63 0
64 0
65 0
66 0
67 0
68 0
69 0
70 0
71 0
72 0
73 0
74 0
75 0
76 0
77 0
78 0
79 0
80 0
81 0
82 0
83 0
84 0
85 0
86 0
87 0
88 0
89 0
90 0
91 0
92 0
93 0
94 0
95 0
96 0
97 0
98 0
99 0
100 0
101 0
102 0
103 0
104 0
105 0
106 0
107 0
108 0
109 0
110 0
111 0
112 0
113 0
114 0
115 0
116 0
117 0
118 0
119 0
120 0
121 0
122 0
123 0
124 0
125 0
126 0
127 0
128 0
129 0
130 0
131 0
132 0
133 0
134 0
135 0
136 0
137 0
138 0
139 0
140 0
141 0
142 0
143 0
144 0
145 0
146 0
147 0
148 0
149 0
0 15 -1.162110772230774
0 28 -0.55815268176933541
0 121 1.7137745404868394
1 19 -1.3623564006356301
1 61 -1.2188246195566526
1 108 0.59704828002274202
2 28 1.3346120692400878
2 40 -1.5855000668484114
2 128 -0.52564434143171856
3 17 -0.90239905258227804
3 66 -1.0250089914365803
3 126 0.42329142473680975
4 60 -0.6288136665515861
4 97 0.10504611313477101
4 137 1.7260150529752085
5 33 0.25716515341325813
5 42 -0.20560340639665156
5 82 -0.14034262837416672
6 104 1.5426036749786431
6 107 -1.054555681148853
6 134 -1.4534294588844023
7 8 1.9969059368633841
7 43 -1.040766350602113
7 124 0.24835185362145068
8 111 0.51200366450044799
8 126 0.86564559774737293
9 77 -0.096080742966309932
9 83 -0.66462870548310793
9 97 -0.040125801358158394
10 23 -0.015854160640144437
10 38 -1.8312607168350672
10 41 -2.4800455736926268
11 39 2.9415959783234333
11 63 0.23197021200286383
11 128 0.52088474671675866
12 21 -0.65746473193257227
12 34 0.3580399340446011
12 66 -1.2696727645506243
13 31 1.1359367764963382
13 93 -0.18408514446076124
13 110 -1.8933314988029175
14 32 0.92559904200882659
14 56 -1.3725322154617179
14 124 -0.37172612129844995
15 16 0.723247020069824
15 105 -1.3634827453615443
16 26 0.070752862793964366
16 85 -0.091824791425681604
17 101 0.73285574719710966
17 141 1.3006893081577702
18 54 1.1631974769155715
18 74 -0.0090234179934621812
18 122 1.0066217551014585
19 117 1.1176466809667351
19 133 0.81652318732711615
20 70 -0.13760380006520723
20 113 0.38131940360334482
20 117 0.52909000343950641
21 26 0.060249526989888037
21 138 0.45147074984025343
22 36 0.52983936758630912
22 44 1.0435965617759861
22 127 0.019646318893991311
23 46 2.4462523135233631
23 117 -0.11267383251038393
24 42 -0.76724061650613296
24 77 -1.2089054577429623
24 112 0.29355571487394722
25 30 0.32628982715740878
25 79 -1.1561183533532831
25 123 -0.34170650325470425
26 35 -0.10393943479396468
27 63 0.17367592634045761
27 78 -0.73789945896576903
27 139 0.69190624035511727
28 108 0.69165530993393831
29 31 -0.58253032077783995
29 71 -1.3727587484749668
29 93 -1.2504014936079624
30 94 1.7696693576371254
30 95 -1.3040993538257
31 148 -0.39468240335743149
32 125 0.70572323228719613
32 142 -0.59892382118828946
33 69 -1.0549362436083392
33 124 1.0840148187044831
34 106 -0.82660655573404818
34 120 0.93544238395051449
35 68 -1.8963334222423593
35 130 -2.3781781992189432
36 81 -1.4478764792178567
36 135 -0.83179336915726221
37 46 1.6962972370430258
37 96 1.3341548569814252
37 122 -0.31596611960801529
38 100 -1.0519174689915194
38 109 0.52237722271177556
39 138 -1.423679940693334
39 144 0.63648320290220162
40 53 -0.29866795109370581
40 90 0.53134525830072277
41 42 0.35772162936442237
41 148 -0.59032689987124343
43 45 -1.4206298218555602
43 65 -0.68025297865690559
44 72 -1.2095363108866402
44 96 0.50527019268010254
45 118 -0.60039141157455267
45 125 -0.29897589603968078
46 67 0.50065540738597092
47 52 -1.7307641349502945
47 120 2.1739211507758487
47 149 -0.50395051321105322
48 107 0.32560164202412983
48 119 -0.79503288013273865
48 127 0.29615990729856073
49 67 0.30838324297968767
49 91 -0.27948860889724736
49 92 3.5009223248896268
50 58 -2.0714447572692607
50 76 0.80655810836253072
50 142 0.9438481211951274
51 62 -0.99920387360166774
51 95 0.91619690569824364
51 147 0.78337590966689963
52 84 0.3435326110447986
52 88 -0.015480517187583791
53 78 0.20042232978007671
53 120 0.85316835848918404
54 55 0.65352319654313706
54 146 -0.44858354379216953
55 94 -0.73028469333056656
55 133 -1.7501037011643947
56 62 0.39596548609687521
56 68 0.22749726013269655
57 116 -0.36594497997266268
57 139 0.31006800499928783
57 149 0.40547462784738603
58 60 -0.69286398066648192
58 121 2.2068492526436954
59 85 0.37135541351161561
59 111 -0.63791836884397579
59 132 -0.60315090345351829
60 96 -0.97743019328084846
61 103 -1.1684603875619457
61 143 0.29917727771676772
62 115 -0.75666928153537583
63 115 1.1375085298121572
64 70 0.14872226423131726
64 83 -0.56507114390018565
64 116 0.41266887178323075
65 71 0.72453918216062951
65 131 -0.07119259577983042
66 98 -1.1743177734137511
67 79 0.25568183854556237
68 97 0.32516986352614352
69 89 1.7529988481682985
69 140 -0.13780103924227449
70 139 -0.74922346609081303
71 125 0.6488140868323139
72 88 0.39055073089459941
72 136 -1.1193351192222458
73 112 -0.65726568728087542
73 132 -0.43758330989844002
73 145 0.60536848439988067
74 105 -0.40485127848231733
74 136 0.26211265055959238
75 102 1.3528157359857964
75 122 -1.4741993068251156
75 131 -0.15915242878191707
76 77 0.13176956080387736
76 126 0.23351680714093914
78 103 0.33160745856208179
79 147 0.51050571266110834
80 100 0.38283085265013189
80 110 -0.33163703052121285
80 119 0.55292971594700591
81 134 0.4932303209363213
81 140 0.68326395400155693
82 88 0.38679704104288837
82 106 1.1560834547273573
83 106 -1.3538689865284048
84 128 -0.17800423573023466
84 132 0.74536296376346844
85 145 -1.376182046761564
86 89 -0.84896496537029009
86 108 -0.17320542057724231
86 143 0.10609610297746735
87 101 -0.28041959346791329
87 137 -0.66517159518541957
87 146 -1.1659322968864527
89 141 0.12528386921142468
90 99 -0.89881407915185607
90 129 0.53392933241327611
91 101 -0.21728629040446171
91 102 -0.33595511423566704
92 137 0.38574314627270989
92 144 0.84619696880292028
93 141 -0.18967821172569316
94 119 0.66382093814674392
95 138 0.09998690239500356
98 104 2.4395531162056248
98 118 1.5284218592250023
99 112 -1.3924475017945763
99 114 0.74782700831030902
100 109 -0.497764823931448
102 104 -1.5526723873886998
103 130 -0.23446445246857484
105 123 -0.39222266528273747
107 110 -1.1759961148166176
109 129 -1.0254704147190035
111 133 -1.3339034786930901
113 116 -1.1918271697528746
113 121 -0.021571407864596787
114 135 1.1365191879264351
114 136 0.73278068435643617
115 134 -0.35532124063336412
118 143 1.6400930200881918
123 142 0.8685853858042627
127 129 0.045744573481009937
130 145 2.419281129782429
131 149 0.44842332363161153
135 148 1.2494716225266922
140 147 1.012464186636707
144 146 -2.0725662299384346
