# model=rrg N=200 meanJ=0 seed=107138526 distribution=gaussian field=0 num_fields=200 num_couplings=300
0 0
1 0
2 0
3 0
4 0
5 0
6 0
7 0
8 0
9 0
10 0
11 0
12 0
13 0
14 0
15 0
16 0
17 0
18 0
19 0
20 0
21 0
22 0
23 0
24 0
25 0
26 0
27 0
28 0
29 0
30 0
31 0
32 0
33 0
34 0
35 0
36 0
37 0
38 0
39 0
40 0
41 0
42 0
43 0
44 0
45 0
46 0
47 0
48 0
49 0
50 0
51 0
52 0
53 0
54 0
55 0
56 0
57 0
58 0
59 0
60 0
61 0
62 0
63 0
64 0
65 0
66 0
67 0
68 0
69 0
70 0
71 0
72 0
73 0
74 0
75 0
76 0
77 0
78 0
79 0
80 0
81 0
82 0
83 0
84 0
85 0
86 0
87 0
88 0
89 0
90 0
91 0
92 0
93 0
94 0
95 0
96 0
97 0
98 0
99 0
100 0
101 0
102 0
103 0
104 0
105 0
106 0
107 0
108 0
109 0
110 0
111 0
112 0
113 0
114 0
115 0
116 0
117 0
118 0
119 0
120 0
121 0
122 0
123 0
124 0
125 0
126 0
127 0
128 0
129 0
130 0
131 0
132 0
133 0
134 0
135 0
136 0
137 0
138 0
139 0
140 0
141 0
142 0
143 0
144 0
145 0
146 0
147 0
148 0
149 0
150 0
151 0
152 0
153 0
154 0
155 0
156 0
157 0
158 0
159 0
160 0
161 0
162 0
163 0
164 0
165 0
166 0
167 0
168 0
169 0
170 0
171 0
172 0
173 0
174 0
175 0
176 0
177 0
178 0
179 0
180 0
181 0
182 0
183 0
184 0
185 0
186 0
187 0
188 0
189 0
190 0
191 0
192 0
193 0
194 0
195 0
196 0
197 0
198 0
199 0
0 101 0.48763920973644176
0 169 1.1814375287548804
0 187 -0.14445749373768521
1 32 0.2660106435930083
1 42 -0.50730902167420244
1 188 0.6169383514436888
2 63 -0.49771504045348935
2 72 0.10463835214966652
2 83 0.36328914346804675
3 6 1.0159321250994167
3 90 0.11586590303209754
3 114 -0.092218907745128503
4 87 -0.82130512158124025
4 133 -0.4188543441232665
4 156 -0.43786132565574615
5 51 -0.14308616235531096
5 120 0.61936822349260312
5 153 -0.033669032671419796
6 16 -0.44179263335963864
6 112 -0.17817851962836156
7 71 0.40032669863757375
7 120 1.8852141618286058
7 137 -2.4671479123509577
8 148 0.26021137788566223
8 174 0.71094522842346208
8 186 0.44200644050980037
9 38 -0.8518402881791507
9 120 0.72784477712817808
9 158 0.056342132835688875
10 63 -0.63468883387891495
10 78 -2.3576255871195677
10 194 0.035690357233291975
11 39 0.11833939178487449
11 116 0.79322410071263183
11 198 -1.2200610677231463
12 13 0.93835397204122484
12 169 0.28363813772580154
12 175 -1.8352013585653055
13 127 0.24687939734925157
13 153 -0.46729647350585313
14 46 0.78585661157741959
14 83 0.44251929003709195
14 145 0.34543604821436158
15 88 -1.1508678418067972
15 118 0.83597575112525668
15 160 -0.0075714745129839573
16 23 -0.4399716167080801
16 115 -0.72374227089761445
17 19 0.63998538511086167
17 57 0.26001176999691278
17 67 -0.18330943358363769
18 54 -1.2046808136129659
18 128 0.61268070140184305
18 193 0.56457457231907038
19 85 1.1775774166314597
19 184 -0.79611223267902564
20 93 0.38964594319733498
20 129 -0.20943267736031801
20 177 -0.67990020600969059
21 44 -0.18329368546848207
21 72 -1.0547168994608669
21 114 -1.6751566282281445
22 84 -0.68195652512192506
22 159 -0.045123115722971452
22 178 -1.4407795891346618
23 124 1.8258982095084457
23 163 -1.5196310268418236
24 38 2.2205927651455948
24 70 -0.81570624627556643
24 106 0.027655127093268547
25 41 0.8089561739067207
25 96 0.15260825266380959
25 110 0.37313067858090698
26 41 0.48240676432517204
26 160 -0.67397703935289877
26 181 0.706623325943597
27 69 0.64105319946355521
27 82 0.19110808566963614
27 98 -1.6796988911516295
28 77 0.12170421681617269
28 85 -0.17702427079160613
28 121 -0.1505250360772997
29 64 0.0023810517660152121
29 110 -0.12775090288457083
29 198 1.7667748055150043
30 60 0.29774420997817025
30 133 0.62366537418139334
30 190 -0.69245783438562813
31 117 -1.0177193225116787
31 118 0.95999968396178836
31 162 0.90040468493921688
32 43 -0.92728095175671732
32 105 -0.42049994396380175
33 38 0.37411762906444213
33 173 0.22149585621213125
33 176 -0.71018618894344221
34 71 0.42955170613145288
34 79 0.68998670106449411
34 97 0.10752586942841202
35 109 0.37177725676124512
35 133 1.0964386911808797
35 151 0.026259290247185183
36 37 0.05688542548341368
36 56 -2.2250790977460255
36 179 0.18282794893066237
37 90 -0.60105932263747341
37 94 -0.76733904673010356
39 58 0.94033371477263139
39 184 -0.52287830838724125
40 107 1.002270590952532
40 149 -0.067552110225499853
40 178 -0.16867625629815014
41 156 1.0279928739935911
42 88 0.50257672655735741
42 149 -0.39856893673260152
43 105 0.48910733559801423
43 137 -0.96247636874303832
44 76 -0.57640619281866845
44 102 -1.9331334029392107
45 55 1.1454983965943994
45 72 2.2452687241140032
45 131 -0.72706209161118607
46 97 0.78492166593778567
46 107 1.6295098842255424
47 61 -1.123280721738751
47 91 0.23190551211168128
47 115 -0.078949817919252346
48 113 0.47693444378397881
48 175 0.16035977286634426
48 197 -1.5569055646162748
49 58 0.013097005985219871
49 111 -0.8443397417081695
49 152 1.2200167362783287
50 103 -0.90636143027329297
50 161 0.22822973878830821
50 196 1.0232433192533912
51 78 1.2964261183244044
51 181 -1.3347236751375413
52 62 -2.0976641665844187
52 158 -0.68357269268823029
52 166 -2.4273109031668896
53 89 0.07286502166518645
53 169 0.35548957041208867
53 176 -0.34571486239242977
54 141 -0.79580054719482218
54 185 -1.4873992182284701
55 69 0.002913826682118308
55 70 -0.69029379422046444
56 77 -0.90149939522432687
56 132 1.6910018636367106
57 150 -0.29313104068543772
57 152 0.31752460774505886
58 112 -0.18525914346722125
59 95 -2.1596239982987404
59 185 0.78419155608564495
59 198 -0.49880110344224088
60 80 -2.6985508104366538
60 100 -0.78098522347106436
61 63 -0.3165311651230262
61 164 0.52125599191812366
62 143 -0.29846509046624026
62 168 -0.52655593165340964
64 104 1.0682443933642485
64 165 -0.32631466731136699
65 87 0.41348048486900757
65 94 -0.24140018487374496
65 154 -0.20519826407587358
66 83 -0.52861602183249645
66 135 1.7251312426645535
66 177 0.20595963518907789
67 68 -0.24096871753572513
67 98 -2.6173730467709895
68 111 -0.62709715557057977
68 173 -0.81503679706354104
69 98 -0.65390040558710671
70 86 -0.5889426587241422
71 114 -1.3303702616227495
73 108 -0.95874753887470754
73 135 1.469183592525007
73 180 1.0740343401135777
74 119 -0.83418891610805346
74 147 0.34389001202392683
74 191 -0.33692751061550691
75 112 -2.5402957341681485
75 150 -0.18340857599504129
75 155 0.77550175144775035
76 123 0.14742109543572118
76 188 -0.37261481405862157
77 187 1.9494544775394924
78 139 0.30645498522022385
79 167 1.3464850455460433
79 189 -0.065218871866382977
80 146 1.3970040000264197
80 171 -0.81149880127150964
81 84 -0.97973790117594584
81 96 1.3002065187285343
81 105 0.25236566005230077
82 134 1.0198946929972248
82 166 -0.036069686102322376
84 192 -0.22938606867403569
85 144 0.53158653350385754
86 121 1.7421452470694867
86 123 1.1238399491592079
87 191 0.27729991689552091
88 195 -0.20142713047766275
89 122 -0.75231840565325281
89 140 0.15182584163975943
90 95 2.6335022632308931
91 131 -2.5266901454929696
91 154 1.7172175045444835
92 125 -1.0844611874395478
92 138 0.65204613853645366
92 145 0.76663045168619981
93 128 -0.96065065309387421
93 183 -1.7213214263954788
94 157 1.1303976757776186
95 189 -0.58550748192255508
96 130 0.056142643754556479
97 192 -2.104886485220653
99 107 -1.0593836998890651
99 129 0.48830173537852478
99 148 -0.66883845689155108
100 126 -0.50112986459416142
100 137 -0.85324483966890308
101 151 -0.8178177067857092
101 171 1.8609337184428298
102 170 -0.85329326601702615
102 193 0.5682929817766752
103 134 -0.16709069379044397
103 146 0.47172507636818312
104 110 1.4882057376399851
104 186 0.31214865322010299
106 157 -0.42073853127464045
106 174 -0.10662133716084489
108 118 0.8215229911932429
108 183 0.75406974242377489
109 161 1.3932007190311768
109 183 0.66098738518802114
111 182 1.662921293223516
113 123 -0.14119078875183658
113 192 -0.31337865032888235
115 144 1.4949869110759271
116 126 -0.21630291962855908
116 128 -1.1100926803855573
117 190 -0.53668345453251098
117 197 -0.86972000665577487
119 142 0.018853448015506574
119 163 -0.32091475333987945
121 132 0.14255371030921274
122 153 0.32482083750251967
122 159 -0.25260558334198963
124 149 0.02529155276845664
124 174 -0.32696190970264005
125 135 0.73499716901878021
125 142 2.0065038808657345
126 143 -0.20609856378968708
127 130 -2.5024210361820565
127 175 -0.48268725065967055
129 155 -0.64481177314006877
130 140 0.034624886847959183
131 139 0.68508551018726904
132 167 0.6698208373910568
134 138 0.98605768237725389
136 147 0.16192352810863558
136 176 -0.95811102602240705
136 193 0.69963507068000164
138 154 0.10411436987703761
139 165 1.1760176241210687
140 180 -0.49060986809192048
141 150 -0.79438471512490105
141 179 0.80431587366088919
142 195 -1.3982649049086009
143 167 -0.24359493425020001
144 178 -1.23822340085075
145 171 0.10618606202295484
146 199 -0.13772971195058789
147 162 0.24290737021346753
148 194 -0.8866585185284539
151 172 1.6801637162381899
152 181 -0.22537055789006091
155 172 1.4019338251415145
156 187 -1.2570287539689029
157 166 1.2073366047103926
158 162 -0.030570988503451989
159 196 -0.40656114525697351
160 170 -0.036415518900199652
161 199 0.22180993562868082
163 197 1.3909271732844035
164 165 -2.9741568769028142
164 185 0.87810303784983357
168 179 -0.37067472832165071
168 199 -0.048801059699867921
170 182 0.53574971634546986
172 191 -1.1342416197124354
173 195 0.51681289195919555
177 184 -0.2699545562447272
180 186 -0.97460027642514779
182 194 0.083225526456086732
188 189 0.96883595619602558
190 196 -0.26637549595776477
