# model=ea3d N=512 meanJ=0 seed=2555923251 distribution=gaussian field=0 num_fields=512 num_couplings=1536
0 0
1 0
2 0
3 0
4 0
5 0
6 0
7 0
8 0
9 0
10 0
11 0
12 0
13 0
14 0
15 0
16 0
17 0
18 0
19 0
20 0
21 0
22 0
23 0
24 0
25 0
26 0
27 0
28 0
29 0
30 0
31 0
32 0
33 0
34 0
35 0
36 0
37 0
38 0
39 0
40 0
41 0
42 0
43 0
44 0
45 0
46 0
47 0
48 0
49 0
50 0
51 0
52 0
53 0
54 0
55 0
56 0
57 0
58 0
59 0
60 0
61 0
62 0
63 0
64 0
65 0
66 0
67 0
68 0
69 0
70 0
71 0
72 0
73 0
74 0
75 0
76 0
77 0
78 0
79 0
80 0
81 0
82 0
83 0
84 0
85 0
86 0
87 0
88 0
89 0
90 0
91 0
92 0
93 0
94 0
95 0
96 0
97 0
98 0
99 0
100 0
101 0
102 0
103 0
104 0
105 0
106 0
107 0
108 0
109 0
110 0
111 0
112 0
113 0
114 0
115 0
116 0
117 0
118 0
119 0
120 0
121 0
122 0
123 0
124 0
125 0
126 0
127 0
128 0
129 0
130 0
131 0
132 0
133 0
134 0
135 0
136 0
137 0
138 0
139 0
140 0
141 0
142 0
143 0
144 0
145 0
146 0
147 0
148 0
149 0
150 0
151 0
152 0
153 0
154 0
155 0
156 0
157 0
158 0
159 0
160 0
161 0
162 0
163 0
164 0
165 0
166 0
167 0
168 0
169 0
170 0
171 0
172 0
173 0
174 0
175 0
176 0
177 0
178 0
179 0
180 0
181 0
182 0
183 0
184 0
185 0
186 0
187 0
188 0
189 0
190 0
191 0
192 0
193 0
194 0
195 0
196 0
197 0
198 0
199 0
200 0
201 0
202 0
203 0
204 0
205 0
206 0
207 0
208 0
209 0
210 0
211 0
212 0
213 0
214 0
215 0
216 0
217 0
218 0
219 0
220 0
221 0
222 0
223 0
224 0
225 0
226 0
227 0
228 0
229 0
230 0
231 0
232 0
233 0
234 0
235 0
236 0
237 0
238 0
239 0
240 0
241 0
242 0
243 0
244 0
245 0
246 0
247 0
248 0
249 0
250 0
251 0
252 0
253 0
254 0
255 0
256 0
257 0
258 0
259 0
260 0
261 0
262 0
263 0
264 0
265 0
266 0
267 0
268 0
269 0
270 0
271 0
272 0
273 0
274 0
275 0
276 0
277 0
278 0
279 0
280 0
281 0
282 0
283 0
284 0
285 0
286 0
287 0
288 0
289 0
290 0
291 0
292 0
293 0
294 0
295 0
296 0
297 0
298 0
299 0
300 0
301 0
302 0
303 0
304 0
305 0
306 0
307 0
308 0
309 0
310 0
311 0
312 0
313 0
314 0
315 0
316 0
317 0
318 0
319 0
320 0
321 0
322 0
323 0
324 0
325 0
326 0
327 0
328 0
329 0
330 0
331 0
332 0
333 0
334 0
335 0
336 0
337 0
338 0
339 0
340 0
341 0
342 0
343 0
344 0
345 0
346 0
347 0
348 0
349 0
350 0
351 0
352 0
353 0
354 0
355 0
356 0
357 0
358 0
359 0
360 0
361 0
362 0
363 0
364 0
365 0
366 0
367 0
368 0
369 0
370 0
371 0
372 0
373 0
374 0
375 0
376 0
377 0
378 0
379 0
380 0
381 0
382 0
383 0
384 0
385 0
386 0
387 0
388 0
389 0
390 0
391 0
392 0
393 0
394 0
395 0
396 0
397 0
398 0
399 0
400 0
401 0
402 0
403 0
404 0
405 0
406 0
407 0
408 0
409 0
410 0
411 0
412 0
413 0
414 0
415 0
416 0
417 0
418 0
419 0
420 0
421 0
422 0
423 0
424 0
425 0
426 0
427 0
428 0
429 0
430 0
431 0
432 0
433 0
434 0
435 0
436 0
437 0
438 0
439 0
440 0
441 0
442 0
443 0
444 0
445 0
446 0
447 0
448 0
449 0
450 0
451 0
452 0
453 0
454 0
455 0
456 0
457 0
458 0
459 0
460 0
461 0
462 0
463 0
464 0
465 0
466 0
467 0
468 0
469 0
470 0
471 0
472 0
473 0
474 0
475 0
476 0
477 0
478 0
479 0
480 0
481 0
482 0
483 0
484 0
485 0
486 0
487 0
488 0
489 0
490 0
491 0
492 0
493 0
494 0
495 0
496 0
497 0
498 0
499 0
500 0
501 0
502 0
503 0
504 0
505 0
506 0
507 0
508 0
509 0
510 0
511 0
0 64 1.5322640263665206
0 8 0.40568638191852607
0 1 -0.44571214024761002
1 65 -0.10221612386521779
1 9 -1.984941096310832
1 2 -0.11946741084911155
2 66 -1.0334214547482281
2 10 -0.91300945216185059
2 3 0.84864879399185478
3 67 0.11252898442086372
3 11 0.34020233971493546
3 4 -1.5672300174749672
4 68 -0.57825858151038168
4 12 -0.084081282957950254
4 5 0.32192577914233456
5 69 0.055871094594224062
5 13 0.93120654658526969
5 6 -1.8539260968689995
6 70 1.7228505709272315
6 14 -0.015016070938865636
6 7 1.2499069652728196
7 71 0.43378593333678872
7 15 1.5757932264459
0 7 0.34138668128270888
8 72 -0.3458835156057794
8 16 -2.0293692796529412
8 9 -0.62834881061918646
9 73 -0.042800087946320342
9 17 -1.5483162987738834
9 10 -1.5508276185897734
10 74 -0.14087781169497082
10 18 -0.056344052742151041
10 11 -0.83955851284220528
11 75 -1.1597502494251655
11 19 -0.61185986515865121
11 12 -0.47360421547733328
12 76 0.98335996162169004
12 20 -0.51465304862643246
12 13 -0.6223389084354114
13 77 -1.2797990853803427
13 21 -0.33750388519780428
13 14 -1.9677237167509432
14 78 1.4773792991723336
14 22 -0.1948179322243935
14 15 2.1334474164016388
15 79 -0.35274027655528895
15 23 -0.08688385254231086
8 15 -0.4608015252856732
16 80 -0.3125841609966965
16 24 0.42836636567934833
16 17 1.4424957296998735
17 81 0.68881984560702947
17 25 -0.26540409119872471
17 18 -0.23206272928848468
18 82 0.10687004774016713
18 26 -0.446147166081651
18 19 -0.027532946579136703
19 83 -0.80872206400504587
19 27 -0.5465922903347824
19 20 -0.02642350199098488
20 84 1.3711452518688918
20 28 1.2543572932464562
20 21 -1.0254610385807945
21 85 0.4774950503404749
21 29 1.7070639814986879
21 22 1.0626851914789326
22 86 -0.067979073341833493
22 30 -0.35092230490535836
22 23 -0.59532934867087683
23 87 0.72480629534831098
23 31 0.55726624937569846
16 23 0.61397068094103147
24 88 1.8485583836314463
24 32 -0.96811687572736937
24 25 1.942488942659206
25 89 1.0498858384829881
25 33 -1.299732867552406
25 26 -0.59864825946564504
26 90 1.3242171984309621
26 34 -0.57701805505534909
26 27 1.1123940829504906
27 91 1.3966437923088617
27 35 -0.79969166142883596
27 28 0.030293772719428683
28 92 0.22655241204617874
28 36 -0.41263956428523613
28 29 -1.2820963645897043
29 93 -0.75504527576460334
29 37 1.1054984565401873
29 30 -0.68661275867463512
30 94 0.47979057646245155
30 38 0.018225696309738179
30 31 0.095356891987783382
31 95 -0.51024964839762021
31 39 0.25673963660891014
24 31 -1.1185802083874503
32 96 0.2069543065930127
32 40 -1.3730571326977914
32 33 -0.73710558038068585
33 97 -0.065004190902169981
33 41 -0.22906864196994053
33 34 -0.67611592481000848
34 98 -0.69287238645665483
34 42 -0.15331204155534367
34 35 0.88302465025697097
35 99 0.9331280387674693
35 43 2.3752622591711252
35 36 -0.98224109545346838
36 100 1.2943121843601166
36 44 -0.42050467793226343
36 37 0.45560125264001428
37 101 0.80771166687212814
37 45 0.62994091757085113
37 38 1.3595492995981981
38 102 -2.0271289410757634
38 46 1.3816006124929825
38 39 1.7357037496291354
39 103 -0.67209210252611751
39 47 -0.37751617040692059
32 39 0.66708662953235875
40 104 -1.4006451031624114
40 48 -2.4334898907649629
40 41 -1.7326743357206855
41 105 2.0503490781022742
41 49 -0.011749613305298482
41 42 0.52824283844918363
42 106 0.42540618432277455
42 50 0.64526231596490979
42 43 0.47061179014865645
43 107 0.11392851817721018
43 51 -0.14694678150788687
43 44 -0.30208096413190427
44 108 -0.71530505989961701
44 52 -0.27316722926843245
44 45 0.53342131463995335
45 109 -0.086478143992141598
45 53 -0.12725487583464148
45 46 -1.5830073713875914
46 110 1.8056802573086908
46 54 1.8250216618068547
46 47 -0.53217012485738169
47 111 0.098047111007909082
47 55 -0.040885030565256358
40 47 0.96891227640322486
48 112 -1.6342237591963928
48 56 -1.0269318102217282
48 49 1.2820637723241148
49 113 -1.074511339683407
49 57 0.42971520489240084
49 50 0.029599039650800053
50 114 1.2961589910666296
50 58 1.766216212604081
50 51 -0.32286613247024998
51 115 -2.4795228053034242
51 59 0.55930565052583348
51 52 0.73503420087309257
52 116 -1.2741331660540214
52 60 -0.076283667449639145
52 53 0.67669476446177401
53 117 0.39340069392784022
53 61 0.46360691719100505
53 54 1.0414971677083367
54 118 -0.49862797786758301
54 62 0.35031397686137727
54 55 -0.62431607790985866
55 119 0.44484304501600347
55 63 -0.08250384691501543
48 55 -0.052316481858104905
56 120 0.57529027199170002
0 56 0.57992450751099367
56 57 1.7561607939763655
57 121 -0.86561997741297747
1 57 -0.10554610037432631
57 58 0.11244677920307006
58 122 -0.38016310037298101
2 58 -0.64222694714145956
58 59 -1.2164629160022387
59 123 -0.26930482744034762
3 59 -0.25028279079189453
59 60 1.0400921210255021
60 124 0.58014925394044292
4 60 -0.75990497474844731
60 61 0.59821300993577431
61 125 -1.2576487878530571
5 61 -1.8073703830166556
61 62 -0.75689875943418483
62 126 0.91486904472221786
6 62 -1.9221651882980249
62 63 1.6899269773231431
63 127 -2.2547426180338248
7 63 -0.045608382402435803
56 63 -0.96381011155940821
64 128 1.970739558087949
64 72 2.9729097384132706
64 65 -1.7408279418364982
65 129 2.6702921601351521
65 73 0.30083819497146586
65 66 -1.1056139300364274
66 130 -0.16854163545538928
66 74 0.80648627812686835
66 67 -0.86156937793930066
67 131 0.5795525800875766
67 75 0.095678548434577376
67 68 -1.942293787228051
68 132 -0.47226767823012467
68 76 -0.46279241026707146
68 69 -0.46581225911381702
69 133 0.34752962602962995
69 77 -0.37604257759067811
69 70 -0.40932964680879635
70 134 0.31311445805970312
70 78 -1.1893802781115101
70 71 2.2253569922655916
71 135 -1.8450566921659122
71 79 1.164136818438273
64 71 0.61397473820959836
72 136 0.7408033961200805
72 80 -0.414176394363728
72 73 -0.99702276290200642
73 137 0.5681493771174646
73 81 1.4675959201663731
73 74 0.56437224861862001
74 138 0.39587149463874899
74 82 -0.15912711506844521
74 75 0.49287268197284795
75 139 0.46447221967254521
75 83 -0.98561267705260902
75 76 0.094941335407961902
76 140 -1.3746533145855455
76 84 0.1362361385950448
76 77 0.44375118716098122
77 141 -1.0032936257229852
77 85 0.19660839310410411
77 78 -1.2629712877159784
78 142 0.34949380497256288
78 86 0.0029863991945301496
78 79 1.2989312026276447
79 143 0.51204140456448954
79 87 0.20468020594078126
72 79 0.29000076942470276
80 144 0.25123541036426539
80 88 0.38304551869082454
80 81 0.40524128878462645
81 145 1.0236354789366795
81 89 -0.3867042334174331
81 82 -1.2657939311437396
82 146 0.43604717534263637
82 90 0.26009319030646411
82 83 -1.4835386273258182
83 147 0.60015537899453386
83 91 -0.067777546871556876
83 84 0.95675517734813453
84 148 0.25009118464298452
84 92 -2.4913599187698274
84 85 -0.27142779139800605
85 149 -0.82028104618780318
85 93 -0.70354022602273913
85 86 1.5717935561782983
86 150 0.82977463627281278
86 94 -1.5505743473198907
86 87 -1.1096261019047333
87 151 -0.31631717375092511
87 95 0.75385785291623653
80 87 -0.10607954576450411
88 152 0.63464491260455214
88 96 0.10587077151410042
88 89 -0.46785407466744855
89 153 0.61661647019679355
89 97 0.78667467907189825
89 90 0.15852400193131261
90 154 0.56512064822192254
90 98 1.4098391393151029
90 91 0.14413993921210083
91 155 -0.71018938763836947
91 99 0.0017361125403355904
91 92 -0.17305776222647201
92 156 1.122548683885745
92 100 -0.54124647700199668
92 93 -1.5190853607419665
93 157 0.69333447156626538
93 101 0.51005723010663451
93 94 1.6956449934504734
94 158 -0.27038699957630286
94 102 -1.485666261487252
94 95 1.417502565562677
95 159 0.0097922972106523412
95 103 -0.050774672913433988
88 95 -0.46598298621883927
96 160 -0.20273321316893883
96 104 -0.32300306284014929
96 97 -0.72470153577799101
97 161 0.62411790047500559
97 105 0.86973007389846047
97 98 -1.3893229235123563
98 162 1.9419645653796807
98 106 0.968828159220116
98 99 0.72022500073616258
99 163 0.80620506940383529
99 107 0.48115739708684041
99 100 0.97045102566821528
100 164 0.98723525386091626
100 108 -0.69307062661689289
100 101 -0.39892065741293115
101 165 -1.3452097773886902
101 109 -0.22990651226602229
101 102 -0.54967413093529316
102 166 -1.0462819076779328
102 110 -0.53143177487165971
102 103 2.0159002272007767
103 167 -0.57486463848858249
103 111 0.78000034228543036
96 103 -1.0002495540239043
104 168 0.29813869294217882
104 112 0.024526085058664167
104 105 0.79083328187306823
105 169 0.85080373043115987
105 113 0.8422663993316718
105 106 0.27837557873946683
106 170 1.3572740298575985
106 114 0.20012189217788073
106 107 0.84875238149769316
107 171 -0.17599683723164894
107 115 0.76482121211208764
107 108 -1.1200849769210124
108 172 1.3370368315570849
108 116 -0.1197901993530272
108 109 -0.10248920796801919
109 173 -0.22707330990284302
109 117 0.21221263055538464
109 110 -2.606775161792803
110 174 -0.073245194875347058
110 118 -0.0083922641440630618
110 111 0.88564427077283392
111 175 0.44761534843414208
111 119 -0.91403448377945751
104 111 0.13914412132001375
112 176 -0.49073477754736361
112 120 -1.2854462720698034
112 113 1.6665663550392102
113 177 0.49218836237299013
113 121 1.1820222223435923
113 114 -0.52695263359372835
114 178 0.62205540341226839
114 122 -0.72350635321828327
114 115 1.1687835473273089
115 179 0.12578792607935166
115 123 0.64753918134993327
115 116 0.60298834835303061
116 180 0.16422814318308901
116 124 -0.025268377548889068
116 117 0.96512716685018962
117 181 0.21313941146556048
117 125 -0.35668377474803831
117 118 -0.53992754232867657
118 182 -0.3369873665391438
118 126 -0.22392486408279702
118 119 -0.10372798173296684
119 183 -1.7123709445086441
119 127 0.64259161922327124
112 119 -0.74514703882984568
120 184 1.8106667994664727
64 120 0.87784972387358806
120 121 -0.6507947548220322
121 185 -0.1056275041675582
65 121 -1.3122187838372037
121 122 -1.2793743382293858
122 186 -1.7828461102002706
66 122 0.93366710205120784
122 123 0.4769477293378005
123 187 -1.6953824076926434
67 123 0.051946070849900411
123 124 -0.047149330003300446
124 188 1.945117864353787
68 124 1.2507815320488289
124 125 -0.67829059438352568
125 189 -2.2091674619353734
69 125 0.80139409903370551
125 126 1.4714375043750321
126 190 -0.37873575371548118
70 126 -0.98060557134259485
126 127 2.2019874876314338
127 191 -0.13407456095417308
71 127 -2.5568184271711827
120 127 0.33025497176130741
128 192 0.19607745356587511
128 136 0.29291319145309658
128 129 0.18687765000627807
129 193 1.8578635864048176
129 137 1.5646572908524643
129 130 -0.82555487786055504
130 194 0.97844730283947046
130 138 -0.5001148984333883
130 131 -0.87258214150754376
131 195 -0.68120729854806661
131 139 0.38046066021008074
131 132 -0.90842401166217734
132 196 0.02029309939025228
132 140 -1.7501476368502893
132 133 -0.56065070277892082
133 197 -0.96083333220243328
133 141 -0.37322950851015141
133 134 -0.79566551374002281
134 198 0.019144899080781298
134 142 0.70152417994475791
134 135 -0.81898958275886979
135 199 -0.55090240266504886
135 143 0.68160672158438262
128 135 1.579474595441982
136 200 -1.0902789992149191
136 144 -0.27450981976910394
136 137 -0.77926594381590364
137 201 -0.11323510092294738
137 145 0.26906147706277228
137 138 -0.93892332196403472
138 202 0.79927683928069782
138 146 1.0978482910922585
138 139 0.17872548125298851
139 203 0.72808925048584761
139 147 -1.1880198249898577
139 140 -0.35956775784246381
140 204 -0.33776971925386368
140 148 0.47374442183892207
140 141 2.6750487188463099
141 205 -2.2943973307048431
141 149 -0.32356946232591782
141 142 0.42007763557762828
142 206 0.73183307046665358
142 150 -0.60488723935064592
142 143 1.1723858418366839
143 207 -0.39782462170241223
143 151 1.3634304713184395
136 143 -0.25649278611474924
144 208 -1.1592975033189448
144 152 0.067140800850745183
144 145 -0.34568489173503669
145 209 0.91801635520056679
145 153 -0.55968831646277883
145 146 0.48092246592612642
146 210 -0.1648745835808644
146 154 -0.076681154123316456
146 147 -2.1520547624577002
147 211 0.39179866507453881
147 155 -0.99914970966007732
147 148 0.67262288021360161
148 212 1.4370175855104941
148 156 0.026647818407060861
148 149 -0.77430817958846776
149 213 -0.55949597617776092
149 157 -0.67508226599147647
149 150 0.26645463133830632
150 214 -0.033532012734135773
150 158 1.3032928159593569
150 151 -1.3303638468958054
151 215 0.13254630938109807
151 159 0.56334619958981313
144 151 0.021538449682763049
152 216 -1.4091071530506709
152 160 0.90297000532111416
152 153 1.7166871749294723
153 217 3.9858755221017637
153 161 0.36322330832169641
153 154 0.79611979363738916
154 218 -0.72663591493894142
154 162 1.2255836531539692
154 155 -1.6077764894894082
155 219 1.5730440677613051
155 163 -0.26926164762104282
155 156 0.57880582202474817
156 220 -0.78016067421454216
156 164 -0.14136035131948133
156 157 0.77194657707954062
157 221 0.32676077027710049
157 165 -1.1411537010359529
157 158 -1.1673103884050717
158 222 -0.18471599232471267
158 166 -0.6152577020301373
158 159 -0.35626257547320855
159 223 0.51520704343838475
159 167 -0.57745327690393444
152 159 0.17937895712809149
160 224 -0.31422895874173451
160 168 -0.85227078801994005
160 161 0.33424546045952025
161 225 0.13411009028815174
161 169 0.79739963391772928
161 162 -0.1187023657406117
162 226 1.027431491947034
162 170 0.11916444645061951
162 163 -0.58796834044051138
163 227 -1.1767518161624086
163 171 -0.76696904334761384
163 164 -0.073153449562694817
164 228 0.16847389667523663
164 172 -0.46032648949255695
164 165 0.46728141278819846
165 229 -0.47063224788036423
165 173 -0.22041899661391617
165 166 0.40870337616672375
166 230 -0.72714602591219279
166 174 -0.034386599186574017
166 167 2.0936136735929249
167 231 -2.4651534548099678
167 175 0.90717519083963472
160 167 0.79198281488146061
168 232 1.2349882077283418
168 176 -0.58502470313060662
168 169 0.62225778031649703
169 233 -1.9651323153623022
169 177 0.15203465951520892
169 170 1.9450441549544819
170 234 -0.8914728471190958
170 178 1.2732107331256948
170 171 1.1293960502870246
171 235 3.1179450072893831
171 179 -0.45405189387850509
171 172 -0.22267304197500515
172 236 -1.9737733095299592
172 180 2.2630501199986899
172 173 -0.80991429053050878
173 237 1.16478962953605
173 181 0.23946657659549853
173 174 -1.8787645049774939
174 238 -1.9899212243644397
174 182 -0.18228458442265749
174 175 1.409272678471222
175 239 1.87099456524352
175 183 2.0303283664503602
168 175 -0.0090053281813834811
176 240 0.5206832875534636
176 184 -0.075234773275202921
176 177 -0.0038815632721530551
177 241 -0.95901199238361312
177 185 0.74435667169504627
177 178 -0.067527332917430585
178 242 -0.11376421653914454
178 186 -0.68083725568918285
178 179 -3.3399199199984664
179 243 -0.44443440031481068
179 187 -0.20982055551542006
179 180 -0.7070029141107762
180 244 0.45886294732917249
180 188 1.6081848028552876
180 181 0.57241464701911704
181 245 -1.7717347732777631
181 189 0.13923853707507716
181 182 -2.8222763913178985
182 246 -0.37849524832692988
182 190 0.556151839662958
182 183 -0.36163471111448386
183 247 1.7235308429044296
183 191 0.66951977684545472
176 183 -0.015539737372793561
184 248 1.269758195132912
128 184 -1.1994470525905399
184 185 -0.99389723028998322
185 249 -0.76856512285223755
129 185 -0.36520051083742516
185 186 0.99086966915793484
186 250 -0.47576835972653714
130 186 0.087177883187692706
186 187 0.55993282260032273
187 251 0.38697316451604108
131 187 -0.37313301714193259
187 188 0.96268712904673892
188 252 -0.053903809119990251
132 188 -2.1263125259520974
188 189 0.87123098964776369
189 253 -2.0631540895033944
133 189 0.94662246808157913
189 190 0.57689925840136858
190 254 0.49155691870506768
134 190 -0.85006387869198874
190 191 0.2855398397675285
191 255 0.26158928578151208
135 191 1.0125008996078864
184 191 0.14298399957886929
192 256 -0.09088479654376895
192 200 1.0782232792882269
192 193 1.6617050144019818
193 257 -0.57751776215288408
193 201 -0.80854439890071039
193 194 0.47181160563413116
194 258 -0.25376489600864899
194 202 -0.56873012075279694
194 195 -0.22512549218766004
195 259 -1.6575064371249146
195 203 1.2758096417335352
195 196 -0.72685087625755285
196 260 0.6602225550718005
196 204 -0.31058673622402827
196 197 -0.42982395699301962
197 261 -1.5084487283105197
197 205 -1.3295349744720277
197 198 -0.28784992265437603
198 262 -0.84772095614854415
198 206 -0.20915748012772656
198 199 -0.1262784273089986
199 263 -1.0197248059366677
199 207 -1.2227957031797296
192 199 1.0671067848505655
200 264 0.97661043174798112
200 208 0.087573629512781109
200 201 0.21652132247639866
201 265 -1.3009528718803494
201 209 0.2700917857207174
201 202 0.40864473614318475
202 266 0.51071727296212865
202 210 -0.3456840405975472
202 203 -1.8634115408547647
203 267 0.077078369664770316
203 211 0.3538867626264916
203 204 0.10902987400901305
204 268 0.81375408962043028
204 212 0.73010805464641282
204 205 -0.45120123651176525
205 269 -1.2444055608450035
205 213 -0.7955273263753736
205 206 0.49821715357307417
206 270 0.28883636327323231
206 214 -0.54186544003338943
206 207 0.31802927589109214
207 271 0.29019407946144499
207 215 -0.40207230045119607
200 207 -0.60906745396188722
208 272 0.52103824215843797
208 216 1.9656755725888997
208 209 1.8651833502418536
209 273 1.0039952452592769
209 217 0.40405120335852035
209 210 0.34005623924083661
210 274 -1.7566100768458432
210 218 -1.643510880997894
210 211 -3.0453051902300108
211 275 1.3515087623275488
211 219 -1.1760576501716835
211 212 0.95059862654771776
212 276 -1.9062555519827551
212 220 0.42161954558994669
212 213 -0.69635713798890797
213 277 -0.17598334141635527
213 221 -1.0392824868856514
213 214 -0.79537663006198311
214 278 -0.7523136557049882
214 222 -1.4017700130077724
214 215 -0.547030286808592
215 279 -1.1714214639238163
215 223 -0.34767005264268136
208 215 0.13451799183667573
216 280 1.0799630437684116
216 224 0.2558949888290204
216 217 -0.87974386228772583
217 281 -2.1705976197737256
217 225 -1.3730037210273054
217 218 -0.11329486700748626
218 282 0.57430027400825157
218 226 -1.3804284208435744
218 219 0.17024079507504977
219 283 -0.0098890911252723559
219 227 -0.083907626563031634
219 220 0.96446609651468562
220 284 -0.6413295424175649
220 228 1.128661544463861
220 221 -1.7810136544155342
221 285 -0.51820097908310647
221 229 1.4224732488734833
221 222 -0.11994453349940909
222 286 0.7147125593440713
222 230 -1.1443005417067007
222 223 0.9642516723186173
223 287 -0.87053755854233228
223 231 -0.65837827340128041
216 223 -1.0829815041099871
224 288 -0.27963695438796859
224 232 0.081419361816872288
224 225 0.50804478925025598
225 289 -0.077889912798270927
225 233 -0.27316882601310705
225 226 0.54077651516350589
226 290 0.52404569152115954
226 234 1.4681587776304543
226 227 -0.60179347667363703
227 291 0.39548964790618191
227 235 -0.974909635844459
227 228 1.8200670371755487
228 292 -0.19153948950697269
228 236 2.2055639399292106
228 229 0.54464487784084692
229 293 1.2751232227540972
229 237 0.35378149310758228
229 230 0.46928488000046964
230 294 -0.30856880852386132
230 238 0.083850914548625935
230 231 -0.69459079824371239
231 295 0.32805525629317434
231 239 0.65441419828045755
224 231 -0.32067197293025335
232 296 0.36663084796702511
232 240 1.1079505055859011
232 233 1.1116876706684986
233 297 -0.93002640458775665
233 241 -0.40674178454495624
233 234 -0.29519607559446986
234 298 0.64303031102852104
234 242 0.20155736024039042
234 235 2.4587115426031936
235 299 0.80267988691446313
235 243 0.1206619270186477
235 236 0.49024089457874204
236 300 0.90193349751698337
236 244 -0.69021624350760591
236 237 0.47871645679340064
237 301 1.1799201427773607
237 245 1.2839222071700753
237 238 -1.2140184531713363
238 302 1.3487422035121728
238 246 0.36987101955598661
238 239 -0.68751615214856465
239 303 0.51329990152728122
239 247 0.90600285189829188
232 239 -0.58140093083653532
240 304 1.3835242416948181
240 248 -1.1534565710317055
240 241 -0.19721190481193296
241 305 -0.84364810120402478
241 249 -0.54814226522883558
241 242 -0.97590414675412662
242 306 -0.92032391128454649
242 250 1.654303434811035
242 243 0.16909280947022592
243 307 -1.975007837486241
243 251 0.54392744835974083
243 244 0.058726328468053236
244 308 -0.53898743473998045
244 252 0.61588956846151277
244 245 -0.87661535680952407
245 309 1.8943897369873679
245 253 0.57219038152760215
245 246 0.74286798970668366
246 310 0.082316678860406084
246 254 -0.64327742229062601
246 247 -0.039547349235300865
247 311 0.88057382538064011
247 255 0.97569324236123234
240 247 -0.74678055776156171
248 312 -1.382641915322619
192 248 1.1163873766191041
248 249 0.23535681837970462
249 313 0.36095051196514377
193 249 -0.67582306977070095
249 250 -0.48872581272372212
250 314 1.3147140876721961
194 250 -1.0964127775843144
250 251 -0.89540095546094611
251 315 -0.86366643769590989
195 251 0.74506010769152109
251 252 -0.91393635044812116
252 316 -0.40683481185348352
196 252 -0.2975771609157804
252 253 0.82711065211524704
253 317 2.1413277003282363
197 253 -0.64805366540796272
253 254 -0.12170315249697862
254 318 0.29854409649038433
198 254 1.677768289808995
254 255 -1.1286118703620116
255 319 -1.9197295700714274
199 255 -1.501515266656692
248 255 -0.72077460111108893
256 320 0.71866661901005824
256 264 -1.2154406372206461
256 257 0.511217960513624
257 321 1.5429884546022195
257 265 0.62850794048554359
257 258 0.59114463755208801
258 322 -0.81881365517374427
258 266 1.5115688916214576
258 259 -1.0722655936779126
259 323 0.71192695160151775
259 267 0.84058408238860649
259 260 1.4675741096029213
260 324 1.2124102918287278
260 268 0.55432216318734684
260 261 -0.87572371857583864
261 325 0.56597616937511164
261 269 2.4220208755792796
261 262 -0.25362466857628441
262 326 1.0206298709867834
262 270 0.91091325685691837
262 263 -0.16129053787956421
263 327 1.5075975295731556
263 271 -1.4468397290020925
256 263 -1.1916182779894864
264 328 0.79451821329585359
264 272 -1.0483419824387914
264 265 0.25789627189897113
265 329 -1.4307577531761377
265 273 0.19694753298217307
265 266 -0.60154054081439956
266 330 -0.43679555102777468
266 274 -0.11716201507580801
266 267 1.2155661674898837
267 331 0.95738341811866101
267 275 -1.3188374553489122
267 268 -1.8080738052231817
268 332 -0.40670309058269566
268 276 2.0475599551184001
268 269 0.1418158143941044
269 333 -0.85791827608419857
269 277 -0.30319150644293225
269 270 0.37714253634010608
270 334 0.0077703681095497813
270 278 0.082676517057163015
270 271 0.70899139566755121
271 335 -0.8504050415256873
271 279 -0.41110950150529907
264 271 0.089671642932106638
272 336 -0.15239912869138503
272 280 -0.87908890891785985
272 273 -0.23892854111884185
273 337 -1.3906287561307229
273 281 1.604377384198848
273 274 0.28959143215148209
274 338 1.3787513998602312
274 282 -1.0430934049149045
274 275 -0.34242326655669553
275 339 1.2033264016200849
275 283 -0.21837663725410528
275 276 -0.50589637283236177
276 340 -1.788840788584287
276 284 1.1871132681658632
276 277 0.58340734459129029
277 341 0.76848749327471355
277 285 -0.3615906223965405
277 278 0.68858702253631698
278 342 -0.088628121250945407
278 286 0.68929520844096959
278 279 -0.91396119181253255
279 343 -0.49668491708624801
279 287 0.37415917367272961
272 279 -1.1261339396101622
280 344 0.88398324585773624
280 288 1.1900123069834041
280 281 -1.3408185584033843
281 345 -0.48465053819926918
281 289 -0.7024009838172236
281 282 -0.70141584891762887
282 346 -0.31690819723169938
282 290 -0.88262656560200281
282 283 0.57420766384824173
283 347 0.56045670652153212
283 291 0.57491634592805441
283 284 0.028790444996704585
284 348 0.74919719766676773
284 292 0.10724638751336578
284 285 -0.46196763478913666
285 349 1.5528140215656738
285 293 -0.34559204974460428
285 286 -0.19272500476260829
286 350 -0.26340432598564895
286 294 -1.4421191053107691
286 287 -0.66332968400887993
287 351 -0.94180922968982017
287 295 -0.4593172676090379
280 287 0.14064533159277745
288 352 0.27569821577366627
288 296 -1.1529331243435972
288 289 -1.0591349316443495
289 353 0.095245231438064792
289 297 1.0012810700167551
289 290 -0.23325605270836558
290 354 -0.02960008165624553
290 298 1.359225625990474
290 291 -0.11342630639613915
291 355 -0.86819138636840476
291 299 0.92702571238373144
291 292 -2.5069153230355683
292 356 0.3032378327674109
292 300 -2.0407089518042829
292 293 -0.49107157696761972
293 357 -1.5642078403014106
293 301 -0.41264687414893325
293 294 0.26517672294880579
294 358 0.24665348504807816
294 302 0.99840615407624078
294 295 0.027377559260632352
295 359 -0.31097900119419952
295 303 -1.3598801344706362
288 295 0.38316890625810868
296 360 0.9437807811675295
296 304 -0.2460283657300523
296 297 0.3604760430690509
297 361 0.97865178275837228
297 305 0.97120789801117935
297 298 -2.6444229237270473
298 362 -0.63236060618416468
298 306 0.3647177139772057
298 299 0.44053764788745781
299 363 1.1725383254772515
299 307 -0.86798493100200358
299 300 -0.00028261385995775212
300 364 0.022020306498153865
300 308 -0.24924803585272806
300 301 0.91573986905988802
301 365 -0.1842037949046704
301 309 1.6764485292333231
301 302 0.59870864050537798
302 366 1.1122154097209811
302 310 -1.3331924304271798
302 303 0.34917834166534156
303 367 0.13758120424094031
303 311 -1.6698124378789405
296 303 -1.2141074442764503
304 368 -0.99909414733630464
304 312 0.60724482708649963
304 305 0.021846947600329372
305 369 -0.5240382747599559
305 313 1.6917661237672759
305 306 0.98975583279169987
306 370 1.8113316160503521
306 314 -1.3538799691437722
306 307 0.84349615763152419
307 371 0.91635581954255807
307 315 -0.10467039073414562
307 308 -0.37207104327474627
308 372 -0.45216121901932999
308 316 -0.96855421240031836
308 309 -1.5642279392174916
309 373 -0.83475851987882999
309 317 -0.70652852400361865
309 310 0.37730001902473942
310 374 -1.0328347159974147
310 318 0.0686344147542301
310 311 0.68917894689132542
311 375 -0.52176462926307532
311 319 -0.12002520087060702
304 311 1.0493139158598674
312 376 -0.49762529080948836
256 312 1.003020492487988
312 313 1.3601097724288835
313 377 0.33966253769442672
257 313 -0.84229544187453476
313 314 -0.014115247589135826
314 378 -1.4276867998005667
258 314 -1.9010182556766062
314 315 0.99759988258382981
315 379 -0.13379388602616826
259 315 0.57253843965791207
315 316 -1.3521423391047669
316 380 -0.62500862524436807
260 316 -1.1405136259121018
316 317 -1.35269011593254
317 381 0.0066497212096402704
261 317 0.97635531705252809
317 318 -0.56464675203114501
318 382 -0.79954698913860212
262 318 1.3991237570057986
318 319 -1.1575173081543162
319 383 1.6565622457817737
263 319 0.83267938793720697
312 319 -0.88773612759488041
320 384 1.3199389975455103
320 328 1.0557295427836342
320 321 -0.40326443789226324
321 385 -0.59101732644206983
321 329 0.052519683516878586
321 322 0.94602982961297843
322 386 0.088124817604955108
322 330 0.54684830539616891
322 323 -0.34579163678467018
323 387 -1.5631481519393713
323 331 -0.78479171921660673
323 324 -0.32325959796037951
324 388 1.0217444357701992
324 332 -0.6261599351479139
324 325 -0.32635748099951117
325 389 -2.1592701257395785
325 333 -0.051460349197156904
325 326 -2.01134617340144
326 390 -0.63987246243117379
326 334 -1.1541807902555385
326 327 0.80830757069980275
327 391 -0.69232979721015242
327 335 0.54198178521006868
320 327 -0.84747013980963593
328 392 1.0836581226035404
328 336 0.7961228594692995
328 329 -0.27186844355646356
329 393 -0.014054886698867303
329 337 1.5816402264791065
329 330 -1.7608728480245426
330 394 1.5676335194475963
330 338 -1.6883369908370371
330 331 0.90867447907520438
331 395 -0.35170750501564302
331 339 -2.0248274930288646
331 332 0.21417397344951278
332 396 -0.79408946692260551
332 340 -0.66927610581918739
332 333 0.24693145028594193
333 397 1.8148772306783014
333 341 0.15337162007194591
333 334 0.85784168648416992
334 398 0.95890665706271383
334 342 0.37576015556406545
334 335 1.2508969723482897
335 399 1.0972939339179333
335 343 0.53910532297787261
328 335 2.1840437336065452
336 400 -0.18823112501845801
336 344 -1.5812265486578914
336 337 0.12355735607977741
337 401 0.25354778133866374
337 345 1.5058196020287349
337 338 -0.67335163654009844
338 402 1.326103768247948
338 346 1.5766336378342312
338 339 -1.9703254785790449
339 403 0.050188713855201482
339 347 0.47161003430025639
339 340 0.58564878592977776
340 404 0.78939369441840213
340 348 0.60698698384490624
340 341 -0.54422956735070749
341 405 0.16048172397049121
341 349 -1.0170311540365622
341 342 -1.8506797330277458
342 406 0.16049898057419082
342 350 0.45579771201859859
342 343 -0.85816150019593762
343 407 0.17497742170314218
343 351 -0.24052367757503573
336 343 0.90651009283000816
344 408 -0.33260066280333328
344 352 0.78681412997177191
344 345 1.6896785038608664
345 409 0.37327846248268304
345 353 1.2978651966551891
345 346 -0.78805815250458799
346 410 -0.6979698891675421
346 354 -1.2991079987866383
346 347 -0.56111870694129506
347 411 -1.8969749038487098
347 355 -0.58761247164243768
347 348 0.65349073632470067
348 412 -0.0087966531061430681
348 356 -0.98873347598827721
348 349 -0.74711660525270052
349 413 0.42559515861888864
349 357 -0.46730663312249204
349 350 -0.36390366961670062
350 414 1.5305399889909065e-05
350 358 1.1461669432638018
350 351 -0.99328623925679471
351 415 0.97197461816930397
351 359 -0.24992653813745497
344 351 -1.6899751520545048
352 416 0.79836591686840819
352 360 0.66147817194536884
352 353 0.73591179217156943
353 417 -0.32448412824414596
353 361 0.75269470388744919
353 354 -1.0422660556517582
354 418 0.26961253775312555
354 362 1.0502501470452388
354 355 0.25734272922733342
355 419 0.30179652309987465
355 363 0.14220953899824235
355 356 -1.4537041624479246
356 420 -0.84480391181592551
356 364 -0.72945962593911906
356 357 0.95817282045819163
357 421 0.90329302309548287
357 365 0.34684723262190509
357 358 -1.5939454753247315
358 422 0.59025418956938425
358 366 -0.77179303524899179
358 359 0.55445022376082531
359 423 -0.25566104336829948
359 367 0.46877914666834802
352 359 0.29274367362053522
360 424 -1.2264118314232875
360 368 -0.050506512981423002
360 361 -1.7679515698567572
361 425 0.08323639982811093
361 369 0.58780640993277522
361 362 0.3373815837714722
362 426 -0.11300862988864617
362 370 0.9416800849211665
362 363 -1.007638503620607
363 427 1.1180559233226266
363 371 1.6282816044628097
363 364 -0.19631173218609807
364 428 -0.56485290944768696
364 372 1.4467834841111327
364 365 0.34981527671580737
365 429 0.26458802194508313
365 373 0.020611730743797397
365 366 0.92705779604323402
366 430 -0.8186724657937402
366 374 -1.2009945696091893
366 367 1.8899927854356411
367 431 0.5604673843156186
367 375 0.48257723379406336
360 367 0.57283448328829278
368 432 0.92579364411685183
368 376 0.091448493334039649
368 369 1.2246786513248165
369 433 -1.5738392420736598
369 377 1.0604503623717816
369 370 0.25710414521155461
370 434 0.14210090118791643
370 378 1.0157115415461033
370 371 -0.4522155608651669
371 435 1.6049996048464139
371 379 -0.53584275810718973
371 372 -1.4441142077581475
372 436 -0.39202143529709366
372 380 0.47114079442470796
372 373 1.5287789388361204
373 437 -0.41314895146472358
373 381 -0.85562700581536644
373 374 -0.81644769428360842
374 438 0.4760993058840895
374 382 0.94666101542132286
374 375 1.9015126818553527
375 439 0.20209484568854508
375 383 -0.53191693937988083
368 375 2.3783791581828218
376 440 0.6631750853613454
320 376 0.66937613189634049
376 377 -0.7099156125866104
377 441 1.3343814223470936
321 377 0.83337310566675438
377 378 0.54499314219964679
378 442 0.34512526166945345
322 378 0.38897607510402865
378 379 -1.5027424843966879
379 443 -1.198990147468274
323 379 0.41937192816073765
379 380 -0.35657380260803806
380 444 -0.85461177896592311
324 380 -0.90677152129284078
380 381 -1.1642747884692577
381 445 -0.074294319863297237
325 381 1.2542072245528999
381 382 -1.4168925407541229
382 446 -2.0613246063272808
326 382 0.41795827712468714
382 383 -1.0034729184799438
383 447 -1.1675582162568279
327 383 -1.0306830363751496
376 383 0.89645320884141011
384 448 -0.15041288434312924
384 392 0.91150229734108756
384 385 -1.6881969754468598
385 449 -0.28783104196877041
385 393 -1.3896362901525379
385 386 0.13681235196933131
386 450 0.30974293839583716
386 394 0.68027249630002273
386 387 0.71032438578773704
387 451 -0.26162968033419792
387 395 0.9782673495790295
387 388 -0.39659877751796224
388 452 -0.65084571622631371
388 396 -0.14939387110120395
388 389 -1.1371055070889349
389 453 -0.5515516238978031
389 397 0.95249786078861143
389 390 0.92667865104252933
390 454 0.60652513469188574
390 398 1.1489243228620218
390 391 -0.14506910200423817
391 455 0.68442666363547688
391 399 0.033872825663038016
384 391 0.21557530357166688
392 456 -0.28451194875598368
392 400 -0.41651108923896563
392 393 1.1582802510962347
393 457 -1.2638755619644575
393 401 -0.61267166700472253
393 394 -0.51423939360432058
394 458 -0.21896326189106011
394 402 0.09519405844393164
394 395 -0.86065510976879511
395 459 0.50451418216338784
395 403 -0.64710862380740708
395 396 -0.43059877746707165
396 460 -0.15024587092072678
396 404 -0.59160169748814595
396 397 1.3434902248415326
397 461 -0.037925234297309443
397 405 2.3147127000837178
397 398 -0.44682368288979346
398 462 -0.61692769243946488
398 406 -0.54667649835265719
398 399 -0.8153341952028883
399 463 -0.91112575790523087
399 407 -0.19854549869425184
392 399 0.96691327760295165
400 464 0.11316127958931767
400 408 1.5672995793327564
400 401 1.8251660778855416
401 465 0.77588027786867331
401 409 1.1771817418709494
401 402 0.36312690170851569
402 466 -0.28785675995581206
402 410 -0.78908655802443972
402 403 0.068111249468979784
403 467 1.3056845665305299
403 411 -1.3370957500444449
403 404 0.34642809107835648
404 468 -1.5141519842565538
404 412 1.6544754345738331
404 405 -0.54690997076873438
405 469 -0.55419886974207166
405 413 -1.6484653192526462
405 406 0.73078777510172688
406 470 -0.00053841582530452935
406 414 -1.146243019964341
406 407 0.50413333439143726
407 471 1.6657599374258212
407 415 0.12107086495454561
400 407 -1.4332193839808183
408 472 -0.66590014894953875
408 416 0.95920280982488704
408 409 -1.5232073858685113
409 473 -0.020738223168368167
409 417 0.44149725462206568
409 410 0.92743833619416904
410 474 -1.4832180256199505
410 418 1.3938207399058717
410 411 0.13950093772657854
411 475 -0.61406388847862259
411 419 2.4088314858007571
411 412 1.3661196884980766
412 476 -0.80659438994940891
412 420 0.42098696986704848
412 413 0.98148072018026011
413 477 -1.6781214032609655
413 421 1.5142200291041872
413 414 0.89951996491956676
414 478 -0.36031737198354702
414 422 -0.061576113676601714
414 415 -0.98826843296693367
415 479 0.15620740338583133
415 423 0.16081221933509335
408 415 1.0180706913990343
416 480 0.22747587204316713
416 424 0.81006489555756078
416 417 -0.42671475373529566
417 481 0.059619833077981306
417 425 -0.66890766535762647
417 418 -0.80092781161802362
418 482 0.95614299662018709
418 426 -0.28313853518811033
418 419 1.4767237417269736
419 483 -1.0779993642956829
419 427 -0.32890912513561832
419 420 -0.41675236795159104
420 484 0.50193647789102325
420 428 -0.7666032649858131
420 421 0.46615052243787158
421 485 -0.42785108777403064
421 429 0.75608885403622361
421 422 0.24160727563073831
422 486 1.4343826426893256
422 430 -1.3012597893207154
422 423 -0.5802226421274177
423 487 -0.24070687413291769
423 431 -0.50677355312260752
416 423 -0.3103773114860105
424 488 -0.88642014190334528
424 432 -0.31147802709171307
424 425 -1.1076443419202722
425 489 0.12169449042925987
425 433 -1.2957303879756503
425 426 -0.69581856873108128
426 490 -0.94645587145862264
426 434 1.48517753444696
426 427 1.4601603745999494
427 491 0.70832658755737099
427 435 -0.87718387582811819
427 428 1.1665600374053811
428 492 -0.16809314036142156
428 436 -1.5868256428400538
428 429 1.2163993839323362
429 493 -0.1135795275395249
429 437 0.57854534256101398
429 430 0.54729071715680155
430 494 -0.22530024882711119
430 438 -0.9308675552434903
430 431 -0.73446018496250054
431 495 -1.9720178467299423
431 439 1.9438614341546683
424 431 0.85708211672042811
432 496 -0.86002443510378823
432 440 -0.1552231908062997
432 433 -1.9485583613298254
433 497 -2.1597029579624176
433 441 0.49227911051957512
433 434 -0.34881224223804258
434 498 0.40253377371417798
434 442 1.795588011211704
434 435 -1.4686382395229673
435 499 -0.80373638739684006
435 443 -1.413529529544765
435 436 -1.0863501217720573
436 500 0.60793067751414764
436 444 0.093951443470496138
436 437 -0.24615673693525136
437 501 -0.15812479637103732
437 445 0.35320518092527708
437 438 -0.60921820526905157
438 502 -0.3418006299504126
438 446 1.0133405330230485
438 439 1.508792527359291
439 503 -0.02929440912173591
439 447 0.33523923745112905
432 439 -1.638641912720755
440 504 0.27167651604714521
384 440 0.096513540890660401
440 441 1.8398154899776216
441 505 0.79857416355206923
385 441 1.6146642528469508
441 442 0.92035473156532477
442 506 2.0706195396942562
386 442 0.56724975622518758
442 443 -0.99489598568653104
443 507 0.056678959048128669
387 443 0.071987736246686307
443 444 1.408587348162446
444 508 1.0090872566390958
388 444 0.34467140071162256
444 445 0.75709820361697688
445 509 -0.17867974996490119
389 445 2.5073388033681314
445 446 -0.5373795387190885
446 510 0.071244277194627031
390 446 0.75080798923313652
446 447 1.5121723217749214
447 511 -0.17415040989973726
391 447 -0.34306165158058716
440 447 1.5319255863022123
0 448 0.29817533764799281
448 456 -0.31799368132435812
448 449 -1.4210054419311386
1 449 -0.16341100043048459
449 457 0.20765938647577678
449 450 -0.67397116543970415
2 450 -2.3698926466123096
450 458 1.2178015972174434
450 451 1.0247748520059414
3 451 0.76758449130391571
451 459 2.7523746806827383
451 452 1.0464217192041017
4 452 0.50639451581573669
452 460 0.22977953027018938
452 453 1.0346336569759635
5 453 1.4766935939032317
453 461 -1.5381699884030668
453 454 0.33800990162300432
6 454 -2.1746820431015648
454 462 0.52824093191889288
454 455 -0.25619705094981066
7 455 0.8153197297321414
455 463 0.89850449895786499
448 455 0.66387124443240808
8 456 -0.013233378371116463
456 464 0.24869970759036714
456 457 0.0023292301957140958
9 457 0.40200798818203565
457 465 0.89928218190883946
457 458 -0.054966264544897239
10 458 -0.68437555389116622
458 466 0.80738775906221627
458 459 0.07699482434913435
11 459 -0.27375391877016569
459 467 0.71010014330254589
459 460 0.65585199304482644
12 460 1.1088672742973187
460 468 1.6693242638985879
460 461 0.20346335450871619
13 461 -2.6319877238460219
461 469 0.97206008136105737
461 462 0.51201962330533624
14 462 0.11193892370441294
462 470 -0.75916349710645115
462 463 -0.64042538422993334
15 463 -1.0106581030705233
463 471 2.0187104405617449
456 463 0.12707997737643462
16 464 -1.3056825917755095
464 472 0.88069928016399568
464 465 0.0086300989713319221
17 465 -0.99854679483254039
465 473 -0.17481503103170606
465 466 -1.927484778221684
18 466 -0.024984260032626132
466 474 -0.025023246496546487
466 467 -1.1767344177990013
19 467 0.77180452154363466
467 475 -1.7479727875371907
467 468 -0.56817153139470122
20 468 -0.44200942088039119
468 476 0.13773015758170493
468 469 1.4327554717266631
21 469 0.63050582751787232
469 477 1.2736697657044063
469 470 1.2988100629966604
22 470 0.24015134453811424
470 478 0.65141820425314501
470 471 -0.34049373250296944
23 471 -0.34524536260380723
471 479 -1.3755038503268309
464 471 0.52298344085825788
24 472 -1.5009314882895983
472 480 1.963210679976906
472 473 -2.3246194048866777
25 473 -0.61972021284434053
473 481 3.2421179325884601
473 474 0.66621528080545245
26 474 -2.2848848399979258
474 482 -0.50189989526266732
474 475 1.3470300279554126
27 475 -0.10966025916074809
475 483 1.4957434399098231
475 476 -2.0061608376317626
28 476 0.022283641697405907
476 484 0.5963121098404226
476 477 -0.28641482064397084
29 477 0.35224140809203008
477 485 0.49155773369882827
477 478 0.30460676082017685
30 478 -0.78759780329107831
478 486 -0.17151970123120339
478 479 -1.6626142063276597
31 479 -1.2091415305745248
479 487 0.55044935117134519
472 479 -1.8381708034577195
32 480 -0.070336219609000009
480 488 0.12114693508737522
480 481 0.61690189445780985
33 481 -1.6172379353167541
481 489 -0.3376087181763287
481 482 1.7075769265446745
34 482 0.81201081349509885
482 490 -2.3184648392747311
482 483 -0.21119408384170243
35 483 1.0544220276994849
483 491 -0.067473489829359759
483 484 -0.0099480836062802568
36 484 -1.1427648873902969
484 492 -0.50367301208193682
484 485 1.5978816206629607
37 485 -0.78764110013422139
485 493 -1.684894345816794
485 486 -0.54916437716447819
38 486 -0.29892836131995321
486 494 -0.033323318938469973
486 487 0.96689763182165289
39 487 -1.0123541320557818
487 495 1.9237210310343829
480 487 2.2997533290083747
40 488 -0.52357038796611732
488 496 -0.56947689430666226
488 489 0.4064076095972653
41 489 0.31019155345535382
489 497 0.083496375337981002
489 490 -0.6403194837231414
42 490 -0.21849488535751024
490 498 -0.44427421769284864
490 491 0.050609630541877164
43 491 0.92278852788641741
491 499 -0.39237384585227236
491 492 -0.67776739011081688
44 492 -0.91391252548016411
492 500 0.20976632821667848
492 493 1.4715984964038744
45 493 -1.4814918250164835
493 501 -0.50123419767413191
493 494 0.5830948611942619
46 494 1.2364359987623839
494 502 -0.29072195534909984
494 495 0.21831393165350477
47 495 -0.26766149880003864
495 503 -0.18630472816092519
488 495 -0.25723221691436993
48 496 1.2476202382970916
496 504 1.2767122447026646
496 497 2.356570878133875
49 497 -0.18845474114100819
497 505 -0.54773221932203553
497 498 -0.74633417247348377
50 498 -1.3970643582234499
498 506 1.0825855900550099
498 499 0.59307473272731792
51 499 -1.14997311870471
499 507 -0.1191050484243316
499 500 -0.80241431992181267
52 500 1.0412382578930552
500 508 -0.4587656659890923
500 501 -0.0039402248596590687
53 501 0.55017410326729255
501 509 0.48784831541276324
501 502 0.72369483854283367
54 502 -1.3004648241085184
502 510 0.40344198704852208
502 503 0.41753885961681214
55 503 1.5495686870381191
503 511 -0.59776466242612314
496 503 -1.535333483687312
56 504 -1.0637654934601326
448 504 -0.62923741513337572
504 505 0.078438117424312198
57 505 1.2138153714024111
449 505 0.1648858922783113
505 506 -0.3456620304696415
58 506 0.75731044412461435
450 506 -0.16774099446347893
506 507 -0.89846930772861777
59 507 0.64578580688834908
451 507 0.9654308119401942
507 508 0.45947080872265011
60 508 -1.2420661278000267
452 508 -0.1505393791802046
508 509 -1.1439294877360864
61 509 -0.73272457862535767
453 509 -0.45137399578582882
509 510 0.96074532794966172
62 510 -1.2100853876041788
454 510 0.12571843783805658
510 511 1.3426048406809517
63 511 0.33382510190345838
455 511 -0.0019263486834574541
504 511 -0.31018407165457418
