# model=ea3d N=1000 meanJ=0 seed=2679928999 distribution=gaussian field=0 num_fields=1000 num_couplings=3000
0 0
1 0
2 0
3 0
4 0
5 0
6 0
7 0
8 0
9 0
10 0
11 0
12 0
13 0
14 0
15 0
16 0
17 0
18 0
19 0
20 0
21 0
22 0
23 0
24 0
25 0
26 0
27 0
28 0
29 0
30 0
31 0
32 0
33 0
34 0
35 0
36 0
37 0
38 0
39 0
40 0
41 0
42 0
43 0
44 0
45 0
46 0
47 0
48 0
49 0
50 0
51 0
52 0
53 0
54 0
55 0
56 0
57 0
58 0
59 0
60 0
61 0
62 0
63 0
64 0
65 0
66 0
67 0
68 0
69 0
70 0
71 0
72 0
73 0
74 0
75 0
76 0
77 0
78 0
79 0
80 0
81 0
82 0
83 0
84 0
85 0
86 0
87 0
88 0
89 0
90 0
91 0
92 0
93 0
94 0
95 0
96 0
97 0
98 0
99 0
100 0
101 0
102 0
103 0
104 0
105 0
106 0
107 0
108 0
109 0
110 0
111 0
112 0
113 0
114 0
115 0
116 0
117 0
118 0
119 0
120 0
121 0
122 0
123 0
124 0
125 0
126 0
127 0
128 0
129 0
130 0
131 0
132 0
133 0
134 0
135 0
136 0
137 0
138 0
139 0
140 0
141 0
142 0
143 0
144 0
145 0
146 0
147 0
148 0
149 0
150 0
151 0
152 0
153 0
154 0
155 0
156 0
157 0
158 0
159 0
160 0
161 0
162 0
163 0
164 0
165 0
166 0
167 0
168 0
169 0
170 0
171 0
172 0
173 0
174 0
175 0
176 0
177 0
178 0
179 0
180 0
181 0
182 0
183 0
184 0
185 0
186 0
187 0
188 0
189 0
190 0
191 0
192 0
193 0
194 0
195 0
196 0
197 0
198 0
199 0
200 0
201 0
202 0
203 0
204 0
205 0
206 0
207 0
208 0
209 0
210 0
211 0
212 0
213 0
214 0
215 0
216 0
217 0
218 0
219 0
220 0
221 0
222 0
223 0
224 0
225 0
226 0
227 0
228 0
229 0
230 0
231 0
232 0
233 0
234 0
235 0
236 0
237 0
238 0
239 0
240 0
241 0
242 0
243 0
244 0
245 0
246 0
247 0
248 0
249 0
250 0
251 0
252 0
253 0
254 0
255 0
256 0
257 0
258 0
259 0
260 0
261 0
262 0
263 0
264 0
265 0
266 0
267 0
268 0
269 0
270 0
271 0
272 0
273 0
274 0
275 0
276 0
277 0
278 0
279 0
280 0
281 0
282 0
283 0
284 0
285 0
286 0
287 0
288 0
289 0
290 0
291 0
292 0
293 0
294 0
295 0
296 0
297 0
298 0
299 0
300 0
301 0
302 0
303 0
304 0
305 0
306 0
307 0
308 0
309 0
310 0
311 0
312 0
313 0
314 0
315 0
316 0
317 0
318 0
319 0
320 0
321 0
322 0
323 0
324 0
325 0
326 0
327 0
328 0
329 0
330 0
331 0
332 0
333 0
334 0
335 0
336 0
337 0
338 0
339 0
340 0
341 0
342 0
343 0
344 0
345 0
346 0
347 0
348 0
349 0
350 0
351 0
352 0
353 0
354 0
355 0
356 0
357 0
358 0
359 0
360 0
361 0
362 0
363 0
364 0
365 0
366 0
367 0
368 0
369 0
370 0
371 0
372 0
373 0
374 0
375 0
376 0
377 0
378 0
379 0
380 0
381 0
382 0
383 0
384 0
385 0
386 0
387 0
388 0
389 0
390 0
391 0
392 0
393 0
394 0
395 0
396 0
397 0
398 0
399 0
400 0
401 0
402 0
403 0
404 0
405 0
406 0
407 0
408 0
409 0
410 0
411 0
412 0
413 0
414 0
415 0
416 0
417 0
418 0
419 0
420 0
421 0
422 0
423 0
424 0
425 0
426 0
427 0
428 0
429 0
430 0
431 0
432 0
433 0
434 0
435 0
436 0
437 0
438 0
439 0
440 0
441 0
442 0
443 0
444 0
445 0
446 0
447 0
448 0
449 0
450 0
451 0
452 0
453 0
454 0
455 0
456 0
457 0
458 0
459 0
460 0
461 0
462 0
463 0
464 0
465 0
466 0
467 0
468 0
469 0
470 0
471 0
472 0
473 0
474 0
475 0
476 0
477 0
478 0
479 0
480 0
481 0
482 0
483 0
484 0
485 0
486 0
487 0
488 0
489 0
490 0
491 0
492 0
493 0
494 0
495 0
496 0
497 0
498 0
499 0
500 0
501 0
502 0
503 0
504 0
505 0
506 0
507 0
508 0
509 0
510 0
511 0
512 0
513 0
514 0
515 0
516 0
517 0
518 0
519 0
520 0
521 0
522 0
523 0
524 0
525 0
526 0
527 0
528 0
529 0
530 0
531 0
532 0
533 0
534 0
535 0
536 0
537 0
538 0
539 0
540 0
541 0
542 0
543 0
544 0
545 0
546 0
547 0
548 0
549 0
550 0
551 0
552 0
553 0
554 0
555 0
556 0
557 0
558 0
559 0
560 0
561 0
562 0
563 0
564 0
565 0
566 0
567 0
568 0
569 0
570 0
571 0
572 0
573 0
574 0
575 0
576 0
577 0
578 0
579 0
580 0
581 0
582 0
583 0
584 0
585 0
586 0
587 0
588 0
589 0
590 0
591 0
592 0
593 0
594 0
595 0
596 0
597 0
598 0
599 0
600 0
601 0
602 0
603 0
604 0
605 0
606 0
607 0
608 0
609 0
610 0
611 0
612 0
613 0
614 0
615 0
616 0
617 0
618 0
619 0
620 0
621 0
622 0
623 0
624 0
625 0
626 0
627 0
628 0
629 0
630 0
631 0
632 0
633 0
634 0
635 0
636 0
637 0
638 0
639 0
640 0
641 0
642 0
643 0
644 0
645 0
646 0
647 0
648 0
649 0
650 0
651 0
652 0
653 0
654 0
655 0
656 0
657 0
658 0
659 0
660 0
661 0
662 0
663 0
664 0
665 0
666 0
667 0
668 0
669 0
670 0
671 0
672 0
673 0
674 0
675 0
676 0
677 0
678 0
679 0
680 0
681 0
682 0
683 0
684 0
685 0
686 0
687 0
688 0
689 0
690 0
691 0
692 0
693 0
694 0
695 0
696 0
697 0
698 0
699 0
700 0
701 0
702 0
703 0
704 0
705 0
706 0
707 0
708 0
709 0
710 0
711 0
712 0
713 0
714 0
715 0
716 0
717 0
718 0
719 0
720 0
721 0
722 0
723 0
724 0
725 0
726 0
727 0
728 0
729 0
730 0
731 0
732 0
733 0
734 0
735 0
736 0
737 0
738 0
739 0
740 0
741 0
742 0
743 0
744 0
745 0
746 0
747 0
748 0
749 0
750 0
751 0
752 0
753 0
754 0
755 0
756 0
757 0
758 0
759 0
760 0
761 0
762 0
763 0
764 0
765 0
766 0
767 0
768 0
769 0
770 0
771 0
772 0
773 0
774 0
775 0
776 0
777 0
778 0
779 0
780 0
781 0
782 0
783 0
784 0
785 0
786 0
787 0
788 0
789 0
790 0
791 0
792 0
793 0
794 0
795 0
796 0
797 0
798 0
799 0
800 0
801 0
802 0
803 0
804 0
805 0
806 0
807 0
808 0
809 0
810 0
811 0
812 0
813 0
814 0
815 0
816 0
817 0
818 0
819 0
820 0
821 0
822 0
823 0
824 0
825 0
826 0
827 0
828 0
829 0
830 0
831 0
832 0
833 0
834 0
835 0
836 0
837 0
838 0
839 0
840 0
841 0
842 0
843 0
844 0
845 0
846 0
847 0
848 0
849 0
850 0
851 0
852 0
853 0
854 0
855 0
856 0
857 0
858 0
859 0
860 0
861 0
862 0
863 0
864 0
865 0
866 0
867 0
868 0
869 0
870 0
871 0
872 0
873 0
874 0
875 0
876 0
877 0
878 0
879 0
880 0
881 0
882 0
883 0
884 0
885 0
886 0
887 0
888 0
889 0
890 0
891 0
892 0
893 0
894 0
895 0
896 0
897 0
898 0
899 0
900 0
901 0
902 0
903 0
904 0
905 0
906 0
907 0
908 0
909 0
910 0
911 0
912 0
913 0
914 0
915 0
916 0
917 0
918 0
919 0
920 0
921 0
922 0
923 0
924 0
925 0
926 0
927 0
928 0
929 0
930 0
931 0
932 0
933 0
934 0
935 0
936 0
937 0
938 0
939 0
940 0
941 0
942 0
943 0
944 0
945 0
946 0
947 0
948 0
949 0
950 0
951 0
952 0
953 0
954 0
955 0
956 0
957 0
958 0
959 0
960 0
961 0
962 0
963 0
964 0
965 0
966 0
967 0
968 0
969 0
970 0
971 0
972 0
973 0
974 0
975 0
976 0
977 0
978 0
979 0
980 0
981 0
982 0
983 0
984 0
985 0
986 0
987 0
988 0
989 0
990 0
991 0
992 0
993 0
994 0
995 0
996 0
997 0
998 0
999 0
0 100 -0.29386873958355941
0 10 0.60716510633313181
0 1 1.0337612353798631
1 101 -1.4185211416468677
1 11 -1.2859136350113751
1 2 -1.1421491510507069
2 102 -0.8945100797091301
2 12 -2.0105330973202729
2 3 -0.99782964006819019
3 103 0.78955419547277594
3 13 -0.23663284112926494
3 4 -0.19962360706517757
4 104 1.9050561966168851
4 14 1.5336272888543088
4 5 -0.78177663963703437
5 105 0.86218424635976376
5 15 -0.8388015228332879
5 6 0.45856846039311056
6 106 -0.7044707605901952
6 16 -1.9363383912097376
6 7 1.2052956499249261
7 107 -0.94996015306797499
7 17 1.1348895394775824
7 8 -2.3796553887266985
8 108 0.082609177231137601
8 18 0.0325960492855812
8 9 -1.4908463609914779
9 109 -0.30792307687555137
9 19 -0.30925331498076175
0 9 1.6561188467698535
10 110 0.60615040921597008
10 20 1.1997267025052856
10 11 0.62769646985001915
11 111 0.37189266997915038
11 21 0.59464122674927233
11 12 -1.0640571009227136
12 112 0.60944295924845415
12 22 -0.6157934072714033
12 13 -1.2973440531052651
13 113 1.1642962408765618
13 23 -0.51692062084903878
13 14 0.57251192314423638
14 114 -1.6919237672369349
14 24 0.83820366020852011
14 15 -1.921612222297657
15 115 -0.29680177697092297
15 25 0.71681795847559937
15 16 2.534252417481532
16 116 0.86418067776250251
16 26 -1.43935424950976
16 17 -0.82065775102889715
17 117 -0.24485319084218574
17 27 0.59045333105895703
17 18 -0.98752607667718695
18 118 -0.68074338624452413
18 28 0.058079554637228546
18 19 0.062557446585474089
19 119 -0.033171973063037229
19 29 -0.80514461474327803
10 19 0.73983125220620827
20 120 1.4982537222424552
20 30 2.5041569608551253
20 21 -0.88247113225976348
21 121 -1.397055022625457
21 31 1.7541266289947142
21 22 -0.45160087198294169
22 122 0.14521692287292559
22 32 -0.40800418683272793
22 23 0.59080922904058342
23 123 -0.14357684861526154
23 33 -0.9474974303433279
23 24 0.75931159978537588
24 124 -0.22847895544769153
24 34 -0.51674895428099954
24 25 0.29648385118842274
25 125 -1.5553506853824739
25 35 1.2470366188832964
25 26 -0.04205752458957094
26 126 -0.30427684271082589
26 36 -1.2632603189004685
26 27 0.78178833595415009
27 127 -0.28115532885180966
27 37 0.28397554751528425
27 28 0.53564486479907791
28 128 -0.49060814275624137
28 38 0.22716753294799169
28 29 0.77395101860329185
29 129 0.89742344411917985
29 39 -0.74306531580493285
20 29 -0.8612093832785086
30 130 0.096681931771133628
30 40 -0.2898191413387543
30 31 1.5517569094660995
31 131 -0.046137797374933766
31 41 -1.5001691433985174
31 32 1.2560558957352761
32 132 -1.4494270434553451
32 42 1.7625895027198504
32 33 -0.8817261303702526
33 133 -1.1513677504459918
33 43 0.85977909257231355
33 34 -0.7070635757501792
34 134 1.2191486287560653
34 44 0.010844053314339297
34 35 1.1442341044693056
35 135 -1.4836832652134795
35 45 -0.23684327107030259
35 36 1.1591147293100483
36 136 0.29374887074575151
36 46 -0.30287936363321005
36 37 1.9536376770670516
37 137 1.1398853267720106
37 47 0.83760821567971044
37 38 1.2460237418412139
38 138 0.79043520180709459
38 48 0.38069780942051429
38 39 -0.67767049907731891
39 139 0.092768774418142921
39 49 -0.27741410516230958
30 39 -0.88351814241287607
40 140 -1.354098997077853
40 50 -0.45960986886304284
40 41 -1.3940526674680966
41 141 0.22409180040572149
41 51 -2.1162912867746777
41 42 0.08918002710321199
42 142 0.29939565054359685
42 52 -1.7667996311314156
42 43 1.902930571681791
43 143 1.7096770043710114
43 53 0.25379388858488927
43 44 -0.76593369645169096
44 144 0.92737785042701004
44 54 -0.77687003875661775
44 45 -1.2447682408609442
45 145 -1.9101309159897031
45 55 -0.7678947869500159
45 46 0.59758779678170226
46 146 -1.100718090467794
46 56 0.38149233357277462
46 47 -0.19102010012912965
47 147 0.22769497040572545
47 57 0.18767757841890817
47 48 -0.13463409347891545
48 148 0.060265392916977877
48 58 -0.94190693249450697
48 49 1.1792441883564524
49 149 0.045074596586530659
49 59 -0.78185379029230684
40 49 -0.26396681983947945
50 150 -0.48160886867342889
50 60 -0.031746783535545615
50 51 -0.27211565358503559
51 151 0.033551470609033726
51 61 -0.074815335337991437
51 52 -0.56616748558024843
52 152 0.11815751381505134
52 62 -0.74543699890459358
52 53 0.25484852441265932
53 153 -0.93338832765623014
53 63 -0.54921151522139477
53 54 0.2095746681028394
54 154 -1.2246987202510788
54 64 0.079714232916936439
54 55 -0.61012223279981881
55 155 -0.91740822368896224
55 65 -0.1870073020750507
55 56 1.5056007110147906
56 156 -0.99903234074469283
56 66 0.72363677493077816
56 57 -2.1487123627623466
57 157 -1.1705446861089934
57 67 1.0428631680008964
57 58 -1.2895650399060927
58 158 -1.3131243097017828
58 68 1.7949816152218852
58 59 -0.56231016659520905
59 159 -0.82672872075347548
59 69 0.50536231343138815
50 59 0.60980106010243984
60 160 -0.099883186578017119
60 70 1.2640790962134292
60 61 0.65027703090555222
61 161 0.36711474672647432
61 71 0.58857315624349382
61 62 0.53967263834886037
62 162 -1.7581588993206316
62 72 0.29685849702264655
62 63 1.2558409164742508
63 163 0.10762497125640676
63 73 1.9950703539640608
63 64 -1.2367143455680312
64 164 -1.1809944934826602
64 74 1.7069066364807279
64 65 -0.937201389946138
65 165 0.93053860721963078
65 75 0.44730173738545631
65 66 -1.3355171198890785
66 166 0.006441284423029988
66 76 -1.3615042252639982
66 67 -0.91372475104176243
67 167 0.13062298570790756
67 77 2.104749968902603
67 68 -1.4264064172088062
68 168 -0.60457292720314226
68 78 -0.92032242148654964
68 69 -0.16456752192077437
69 169 1.8446795395414051
69 79 0.21364900516686591
60 69 -1.6043767747247459
70 170 -0.74528426099933132
70 80 -0.3650901286944514
70 71 1.4600635460060432
71 171 -0.89525637919716483
71 81 0.19131586464686801
71 72 -1.1312230259947307
72 172 0.074806746668091048
72 82 0.27696328135147735
72 73 0.3851473324066319
73 173 0.94473297343541685
73 83 0.25937050301172376
73 74 -0.13513227220520335
74 174 -0.83034790919006851
74 84 -0.15047547664115735
74 75 0.058427723617216168
75 175 -0.36568468771193935
75 85 -0.00067616541278413289
75 76 1.9065793089876677
76 176 3.4093446741661579
76 86 0.41003868225911655
76 77 1.0116254641670801
77 177 -1.1425176018076466
77 87 -0.011400752957190652
77 78 2.3475390557516964
78 178 0.32562362809529843
78 88 -0.57065964167683891
78 79 0.92957272718243567
79 179 0.51498802667768129
79 89 0.39413699216983705
70 79 0.68447522330401778
80 180 -1.1122604660090367
80 90 -0.3150433010609025
80 81 0.48497526561367632
81 181 -0.69695592339863421
81 91 -0.22135732648178894
81 82 -0.36155360050877988
82 182 -0.12123819913257096
82 92 0.39973316682652099
82 83 -0.52949221242109368
83 183 0.26549278876998195
83 93 0.26129105602333913
83 84 -2.5982598532187238
84 184 -3.2889060195588651
84 94 -1.4087079565195255
84 85 0.77485346230645447
85 185 -0.13527133177182682
85 95 -0.64898711732673098
85 86 1.0944520218118077
86 186 2.0968134315144549
86 96 1.5099123773023357
86 87 1.1253466042420466
87 187 0.76415824226586493
87 97 -0.2943189955281128
87 88 0.61206565612939279
88 188 -1.3634603443625797
88 98 1.6274151856124943
88 89 -0.32149641269613666
89 189 -0.66238830111241409
89 99 -0.85946454431591268
80 89 0.28742367913043276
90 190 -0.70495528862042667
0 90 0.16093312522335246
90 91 -1.6568637145952816
91 191 0.62289782169735719
1 91 -0.3284695080782129
91 92 1.060467418914397
92 192 -1.0994631691382559
2 92 0.086490651093064155
92 93 -0.12472230288573867
93 193 -0.42310737569843632
3 93 -1.4692743293797264
93 94 1.1496858166278634
94 194 -0.11237216878971804
4 94 -1.3721743721478963
94 95 -0.22179395569437305
95 195 -0.34658539873135041
5 95 0.30421490295976067
95 96 1.8700406920982811
96 196 0.54458089235011742
6 96 0.80911851090000264
96 97 0.50467872974351269
97 197 0.77175375522770606
7 97 0.13548430111309143
97 98 -0.077525370900289561
98 198 -0.093874024796786693
8 98 1.6270843891451838
98 99 -1.2594535866704226
99 199 1.1466398002820071
9 99 0.75650283487733538
90 99 0.38769777605274769
100 200 -0.47075765861585478
100 110 0.99781300530365202
100 101 -0.76703783890668298
101 201 -0.92942732912399018
101 111 0.64496120997777606
101 102 -1.5840041700851584
102 202 0.34160910658330917
102 112 0.81396802826051917
102 103 -0.62976446509999295
103 203 3.0003990106527101
103 113 -1.4311623658156587
103 104 1.1741073136540428
104 204 1.0956078326903234
104 114 2.0783121961969755
104 105 0.28623966201331613
105 205 -0.16938261769157964
105 115 -1.9338977913485238
105 106 -1.2600690915713069
106 206 -0.013857682209392309
106 116 1.0901511887066895
106 107 -3.0096818134015471
107 207 -0.11668142510312825
107 117 0.68481217753974444
107 108 1.8154495160047495
108 208 0.63575630554096241
108 118 1.1704408751340329
108 109 0.64178527323144996
109 209 -1.2237838353970631
109 119 0.54443775570010078
100 109 1.0531792161838671
110 210 -1.6837538638300655
110 120 -1.431251240264515
110 111 -1.200850747920527
111 211 1.0342399924174084
111 121 -0.73636025184313547
111 112 -1.4154416660600777
112 212 -0.59456651136018135
112 122 -0.0035997734865763926
112 113 -1.0380939056886209
113 213 0.56409619685146239
113 123 1.2578728367572185
113 114 0.38172868572563062
114 214 1.6736672365891878
114 124 1.5639902910530838
114 115 1.3344068248439547
115 215 -0.03758207441414161
115 125 0.60561874201804589
115 116 0.14032253805767317
116 216 1.7503013054116345
116 126 -0.55241836861723836
116 117 0.54496768179840305
117 217 1.4228539552805251
117 127 -0.2747979670429449
117 118 -0.7166510811281902
118 218 0.21490488949361283
118 128 0.45411606080486167
118 119 -0.20126353248744966
119 219 -0.23379150112384606
119 129 0.76136501603610296
110 119 0.012836991521061396
120 220 -0.70223010727586765
120 130 0.24933540722025069
120 121 1.0979962639343614
121 221 1.4960781991652956
121 131 -0.14949509897133106
121 122 0.76145663985164669
122 222 0.7431429064359002
122 132 1.5461586873030981
122 123 -0.75320846701805455
123 223 -1.8643507488852513
123 133 1.0576087945090895
123 124 -0.88409462747337975
124 224 0.061655319672344888
124 134 0.059007543713257622
124 125 -0.45539860968052864
125 225 -1.1294656571651878
125 135 -0.32722232279684299
125 126 0.24265124305593944
126 226 0.96797153379331313
126 136 -0.148856609621727
126 127 0.12050729548692668
127 227 0.091671653408638712
127 137 -0.48341013835525781
127 128 -0.82555491489460464
128 228 0.11408251685840001
128 138 0.4170196755060569
128 129 -0.30981663208190963
129 229 0.3026497081992584
129 139 -0.20570161864667191
120 129 1.251134418483868
130 230 0.97859599197658964
130 140 1.2530297872702134
130 131 0.53587360323903699
131 231 -1.1683576249583898
131 141 1.1942522718310149
131 132 -0.1276929030730666
132 232 1.3700586108368835
132 142 0.76612643841282446
132 133 -0.90006571720689688
133 233 -0.77041121573709948
133 143 0.89489054136478841
133 134 -1.3743666493749167
134 234 -0.48352179151715491
134 144 0.61140660528869117
134 135 0.87816081759248266
135 235 0.37438206330806501
135 145 -1.1166740396393655
135 136 -0.71187104526492784
136 236 1.2035295598401572
136 146 -1.9724641416132846
136 137 -1.666762271009947
137 237 -0.5183095651895423
137 147 0.19940431869441583
137 138 -0.0075801845503010801
138 238 -0.63784055086734881
138 148 1.2023748763254547
138 139 2.2338777298399699
139 239 -1.3596009396707214
139 149 -0.30320749295491112
130 139 0.20973628856941307
140 240 0.52682002092986369
140 150 -1.0081344943603976
140 141 -0.6039497198380176
141 241 -1.7539185195534277
141 151 -1.1680360880114806
141 142 0.052338667550475698
142 242 0.34791555844230099
142 152 0.96878391405815278
142 143 0.56540034961507235
143 243 -1.5151060654131328
143 153 -0.034663392323584744
143 144 -1.3785848080616352
144 244 2.257901591334349
144 154 1.5850112724013357
144 145 -0.65020851836541671
145 245 0.571791732406564
145 155 0.21224639321551295
145 146 1.4066910224856826
146 246 1.3642733776660236
146 156 -0.77485794010665643
146 147 -0.028390217797567379
147 247 -0.62850238793251922
147 157 -1.1931842350823023
147 148 0.07766695403983763
148 248 0.79098867825258978
148 158 0.91482868807717943
148 149 0.98484584564922784
149 249 -1.302528658334678
149 159 -1.2273776099406661
140 149 0.63317704614733494
150 250 0.35359176687602256
150 160 -0.59775627229041461
150 151 0.2425402933134557
151 251 1.4970602586089667
151 161 -2.2435386117795568
151 152 -0.63168420132514169
152 252 -0.61112567425236086
152 162 -0.18240273276743713
152 153 -0.082353188202237804
153 253 0.41635459948184772
153 163 0.80712567825024406
153 154 0.61181797967356388
154 254 0.39006061337433307
154 164 -0.56231213610298247
154 155 -1.0753915506253835
155 255 -1.3504979928107059
155 165 0.99321233083367322
155 156 -1.0076590148592661
156 256 -1.0368645622376802
156 166 -1.1236235104714754
156 157 -0.36726886170800727
157 257 0.01942007448040825
157 167 0.79701499812964061
157 158 -0.059176198959490701
158 258 -1.4704678416576256
158 168 0.50753864718976804
158 159 -1.2214268964597821
159 259 -0.95764781937626908
159 169 -1.6073896175656701
150 159 0.34912981692222278
160 260 -0.097249709648749863
160 170 -0.4134871559087559
160 161 -0.58843482333410257
161 261 -0.41078549754102478
161 171 -1.4472132740531038
161 162 -1.4494225082807379
162 262 -0.14477534229917333
162 172 0.49653055291095605
162 163 -2.899601501272798
163 263 1.6023403813265147
163 173 -1.141119196033008
163 164 -2.1020252827185093
164 264 0.47334420948636663
164 174 -0.19373021226830942
164 165 0.46690523348945406
165 265 -0.78776781525561579
165 175 0.69714062175738278
165 166 0.17852947487827289
166 266 1.6173745017536743
166 176 -0.25867060342061904
166 167 1.3726663761370501
167 267 -2.3675735889842864
167 177 -2.0246622234627036
167 168 0.79386046636101404
168 268 0.79908236671442667
168 178 -1.0581491633658784
168 169 0.11689016426841094
169 269 -0.64468694648299707
169 179 0.62632067559028148
160 169 -1.1091366328184058
170 270 0.50061229962925258
170 180 -0.69508350679344744
170 171 -1.0416375566708254
171 271 -0.35552699561404333
171 181 0.20369293753496884
171 172 0.72075365949545167
172 272 0.97378813944830778
172 182 0.87126908683587034
172 173 -0.85685683330463014
173 273 0.16791984220709985
173 183 0.54393958460916758
173 174 -0.78357795119567686
174 274 0.62426796087837688
174 184 -0.55481914047014258
174 175 0.54301054861898146
175 275 1.976833182256736
175 185 0.40177872871930548
175 176 0.71211917020051185
176 276 -0.57193487934468357
176 186 -1.6015745188365089
176 177 0.43458370174854782
177 277 -0.46916321530754457
177 187 -0.18589070785031309
177 178 -0.9394127486833499
178 278 1.0212712775334816
178 188 -2.6349754621355364
178 179 1.3788251701924805
179 279 -1.1855057508371987
179 189 1.5857643500546623
170 179 1.6893305042652644
180 280 -0.030541578791494169
180 190 -1.9522829606385415
180 181 -0.24210350589440063
181 281 -0.26515470115774736
181 191 0.90901173093431609
181 182 -0.93034751829895468
182 282 0.64113545563806973
182 192 -0.28022900628034986
182 183 -0.32276723221370968
183 283 -1.1159297730695785
183 193 1.233606523900789
183 184 0.24896707923915873
184 284 0.42400118876077558
184 194 -1.0048940428814805
184 185 1.0719781378135242
185 285 -0.2077625642878867
185 195 0.18291550379022822
185 186 0.050604160883951206
186 286 -0.5374151821166826
186 196 0.78140018732212468
186 187 0.90183021312759459
187 287 0.36755337583076442
187 197 0.474529394025686
187 188 -1.0862140801237998
188 288 0.29949363759121789
188 198 1.3803770192851561
188 189 0.73286167788572187
189 289 -1.6028715004354999
189 199 -0.74627616877390324
180 189 -0.72046494173984954
190 290 -0.20923486448365028
100 190 -0.040903870847505887
190 191 0.68676219159125818
191 291 -0.13791405036265358
101 191 0.51530464875101101
191 192 -0.61751682159992982
192 292 -2.0652888014730837
102 192 -1.0989370178417548
192 193 -1.9740778839366571
193 293 0.44590022487409259
103 193 -0.38914758285991602
193 194 -0.17955659739855681
194 294 -0.90208846977117019
104 194 0.93731870989946708
194 195 -0.39838427049639658
195 295 -2.1804695461556038
105 195 -1.8672165107091105
195 196 -0.061988470176175821
196 296 0.023301739536119026
106 196 1.3668815928398996
196 197 0.55652752571867048
197 297 0.26623931125406147
107 197 -0.66539294613848821
197 198 1.3604764632005821
198 298 -0.79365762169551624
108 198 2.233398906285645
198 199 0.48345269874393654
199 299 0.57134062482768033
109 199 0.24532406200024151
190 199 -0.46190303418227663
200 300 0.17574703800375313
200 210 0.70103437445118721
200 201 1.2606748131379317
201 301 0.31521735626809738
201 211 -1.4226397656088703
201 202 -0.55411650608087992
202 302 0.7775497319568162
202 212 -0.34445642251303527
202 203 -0.97490155393124978
203 303 -0.66156776858604727
203 213 -0.10884073723536471
203 204 0.58638790070050539
204 304 -0.44149819280840941
204 214 -0.15073323281915157
204 205 0.0020367360959691909
205 305 -0.82209799740301059
205 215 -0.5063134347672128
205 206 -0.0041393256702476197
206 306 -0.013670923027879636
206 216 -1.0423121227145971
206 207 -0.26606372088198316
207 307 0.49642154547367301
207 217 -0.55939729545848205
207 208 -0.65493703756568589
208 308 -0.26234675902296994
208 218 0.91105865426016019
208 209 0.3424831328237733
209 309 0.94639202317191762
209 219 -1.3743531046587705
200 209 0.44724740875055441
210 310 -0.65815229085226634
210 220 0.014632218446436474
210 211 -1.090858474287943
211 311 -0.47198034225191388
211 221 0.22401913530724865
211 212 0.28213762294398959
212 312 0.8229705658137344
212 222 0.51394194119827619
212 213 -0.54598096668691598
213 313 0.67185349270849082
213 223 -0.048298483030799894
213 214 -0.73670577415599459
214 314 0.92969298675667245
214 224 -0.30441965660845766
214 215 -0.077658343364768845
215 315 -0.080157133755934667
215 225 2.407647722326105
215 216 0.55363633084328479
216 316 1.6182524735857515
216 226 -1.8723364678985663
216 217 -1.3254898814370581
217 317 0.73572157731837806
217 227 0.0016371895569593394
217 218 0.21286316918879319
218 318 -0.36168100147764715
218 228 0.18989367709506738
218 219 1.3342528789305983
219 319 -0.91389398848356118
219 229 -1.0281210240218743
210 219 -1.402021496089201
220 320 -1.8223629473005523
220 230 -0.037603516145433585
220 221 -1.3325434593875236
221 321 -1.7108469499572176
221 231 -0.9321376521184972
221 222 -0.21265749587870442
222 322 -0.97657302636136312
222 232 -0.22257559047357195
222 223 0.7717638675288504
223 323 -0.80844391270936933
223 233 0.87567767820430431
223 224 -1.0190627236896534
224 324 -0.20904160101118158
224 234 -0.21550935083603701
224 225 0.069872791307261747
225 325 1.0180499915883268
225 235 -2.0372386004506491
225 226 -0.37786488462478174
226 326 0.00058912530562877459
226 236 0.43347474377606793
226 227 0.36743806039053845
227 327 2.4638876324030177
227 237 0.65631724035002315
227 228 -0.79847165682309507
228 328 -0.12403604378759914
228 238 -0.56217197953678733
228 229 -0.12187191298276796
229 329 -0.60770088617218199
229 239 1.3939197377891763
220 229 -0.0037032562043373962
230 330 -1.4088123318364683
230 240 0.30573120490235745
230 231 0.42114846702715325
231 331 0.39768793930477458
231 241 0.3021923010183119
231 232 -0.55971749580778818
232 332 -0.2879956624225955
232 242 -0.98163718816751822
232 233 -0.9527829550189576
233 333 0.09184124633761688
233 243 -2.1660273926471523
233 234 -0.7349201590458968
234 334 2.947387945914024
234 244 0.80058333950555194
234 235 0.33629922422456704
235 335 0.67294464455671288
235 245 0.043079545140127067
235 236 0.44722280894739525
236 336 0.23180971900922603
236 246 -0.13136411763665826
236 237 -0.074179595701296078
237 337 -0.61777829830371211
237 247 -2.5020686597962252
237 238 1.2240313356648396
238 338 1.5910020007776025
238 248 -0.036680838572748169
238 239 0.17895695431405967
239 339 -1.9495095500495354
239 249 0.084360012266653933
230 239 -0.37645288686788647
240 340 -0.098421908343668554
240 250 1.3400799218572435
240 241 0.021676297552444799
241 341 0.16495751312967316
241 251 0.53245028024207663
241 242 1.643611957696391
242 342 -0.3309673735477785
242 252 0.48503307144814767
242 243 -0.51283034862305921
243 343 -0.695623276821561
243 253 0.11105615029007251
243 244 0.62799854577052705
244 344 -0.77780660363770382
244 254 -1.0500340344276422
244 245 0.23337506690025914
245 345 -0.32747905899161683
245 255 2.1772066315982626
245 246 -0.29676879121742539
246 346 0.80193632899937695
246 256 -0.059784563827786581
246 247 -1.025180360139377
247 347 -1.5805975683279676
247 257 -0.89217356777226597
247 248 -1.1819444024006254
248 348 -0.23949714915788503
248 258 0.23018099521566548
248 249 0.11231059923707518
249 349 -0.82106984114707215
249 259 -0.068957805237430989
240 249 0.67158299765210028
250 350 -1.2469583609820267
250 260 -0.2141312309633146
250 251 -0.27063238941443818
251 351 2.8510072108361149
251 261 -0.9971030211969415
251 252 0.90808006385160456
252 352 -0.081028872456912454
252 262 -1.4030772253815103
252 253 -0.81956452295644733
253 353 -0.97347276369869407
253 263 -0.34375625853989661
253 254 -0.06459705890678466
254 354 0.15969470535818395
254 264 -0.9860130899366597
254 255 0.17683711829094909
255 355 -0.46017854107851724
255 265 -1.0226792222395082
255 256 -0.9548788361411874
256 356 3.0229627821524514
256 266 0.041733064161762069
256 257 1.1669697862367105
257 357 2.0023330995277555
257 267 -0.28877961442970662
257 258 -0.73019667815268263
258 358 1.69377217047299
258 268 -1.1567329263046002
258 259 -0.094637996664453522
259 359 0.83357843837812995
259 269 -0.092217842957861271
250 259 1.5015403535758567
260 360 0.39281354720366563
260 270 0.16460969724501598
260 261 0.088901804194396125
261 361 -0.60634108849728763
261 271 -1.0275942910526725
261 262 0.60326819598849457
262 362 -1.7374371039560199
262 272 -1.350902227891406
262 263 -0.81315781802598708
263 363 0.23880068041725394
263 273 -0.84265216109352403
263 264 -0.60932212452762413
264 364 1.6831570153333899
264 274 -0.59986452410774682
264 265 -1.5868577726989066
265 365 -0.34913360606899185
265 275 -0.70768270939641054
265 266 -0.95631914086842229
266 366 -0.76117692054611119
266 276 -0.046133376195022127
266 267 -0.29107712675216008
267 367 -0.1076743774911353
267 277 -0.54918168055783967
267 268 0.41833082261881688
268 368 0.16869194147728706
268 278 0.1475827999908563
268 269 -1.4107083595172178
269 369 -1.2857659690588787
269 279 1.0923434762831241
260 269 1.2977947187812329
270 370 -1.1954435386317996
270 280 1.050875316271044
270 271 0.74855473870910805
271 371 -0.61055806398385415
271 281 0.28575031159953884
271 272 -1.0362883644760217
272 372 -0.81778202246363374
272 282 -0.096400358752309234
272 273 1.3099599387856975
273 373 0.43853030354135464
273 283 0.34080607490753245
273 274 -0.43695102970059002
274 374 0.69768441534230552
274 284 2.3886598540597399
274 275 1.0034111055525816
275 375 0.40556587618108986
275 285 0.410376860998443
275 276 -1.8243524022908855
276 376 0.2978511887692642
276 286 -0.21904289023690904
276 277 -0.42743289720937461
277 377 1.1967323995217438
277 287 1.0151488356076428
277 278 1.2082178020400107
278 378 -1.8740277873605542
278 288 0.51333596498423628
278 279 0.16308966881455753
279 379 -0.51839236583797843
279 289 -3.0735736038292321
270 279 1.4896472554725932
280 380 0.45993492197762248
280 290 -1.1052157862618044
280 281 0.18792864295309736
281 381 -1.1250681707343921
281 291 0.076728777777364365
281 282 -0.45545584953334423
282 382 0.31345071625661075
282 292 1.7687214660786741
282 283 1.0042307292621853
283 383 -0.065845963897277232
283 293 -2.3511255618529683
283 284 -2.2106531791770223
284 384 0.34567871102532943
284 294 -0.21861805563164227
284 285 0.69184757672675457
285 385 -0.87748593114022111
285 295 -0.32627490573205559
285 286 1.3521136068572277
286 386 0.10725742962268414
286 296 -0.66680170909750491
286 287 0.085965428219301226
287 387 -0.93280169298283622
287 297 0.21443992831014819
287 288 0.1905139597911788
288 388 0.23712114776791965
288 298 -0.17970879420150326
288 289 -1.0322249261412126
289 389 0.37295112904523836
289 299 1.0561426404996535
280 289 -0.12906430173918226
290 390 -0.94874151353365654
200 290 1.1934277528302093
290 291 1.0018589496032049
291 391 -0.36200622606753696
201 291 2.2253412195781497
291 292 -0.18821293621990182
292 392 0.59473566393587407
202 292 1.6847461450677488
292 293 1.4543613380551423
293 393 -0.22863508481224817
203 293 -0.51754977975012706
293 294 0.0082012589878434055
294 394 0.14685291320541455
204 294 0.36409967968574208
294 295 1.9419283977754416
295 395 -0.13564479901721457
205 295 -0.71763152797843976
295 296 1.0246849113096952
296 396 -1.032253712111926
206 296 2.1121640581478012
296 297 0.94156191348393048
297 397 0.0829321423017534
207 297 -0.64478670606136435
297 298 0.88731039600156225
298 398 0.89539317906835303
208 298 0.59052669072038988
298 299 0.58772484753580589
299 399 1.9886877706399628
209 299 0.17466995226039128
290 299 -1.5099075957411201
300 400 1.0245349907489281
300 310 -0.13472287898621554
300 301 0.024677343722086263
301 401 -0.0041278899070745683
301 311 -0.29453943242365394
301 302 0.5913752993670327
302 402 0.21838640307266341
302 312 -0.42141391445583221
302 303 1.0363513594801046
303 403 -1.0591057018460459
303 313 -0.2271212608590113
303 304 1.0420686382450157
304 404 0.63071105287000673
304 314 0.59264423284079137
304 305 -0.25673963622128804
305 405 -0.94355407145695902
305 315 -1.074824375714535
305 306 1.5998306443934398
306 406 0.46400280335041866
306 316 -2.2561435814139292
306 307 -0.44281033449462448
307 407 -1.1865450727905964
307 317 0.76870024898665357
307 308 1.0067958389275846
308 408 1.905392795209202
308 318 0.88161065687513462
308 309 1.1063487181673315
309 409 0.37666761343796656
309 319 -0.8482607456391813
300 309 -0.46818935031735737
310 410 -1.4315130904318216
310 320 1.3542522619684865
310 311 -0.14249238008129217
311 411 -0.087813138569210247
311 321 2.5646328070669084
311 312 -0.38339014489522577
312 412 -0.056862145073643011
312 322 -0.51019779923342523
312 313 0.99361402389607123
313 413 0.12955259773059533
313 323 0.76219263877898435
313 314 0.66649224505585036
314 414 -1.0714155662055462
314 324 -0.59538983172785487
314 315 -0.33050989721625695
315 415 0.84093396789256902
315 325 1.8473730782007494
315 316 -2.1068027463814878
316 416 0.17517592244812491
316 326 0.7467049278628699
316 317 0.94281445447804602
317 417 -0.23874222997667069
317 327 -0.64338943992015674
317 318 -2.1078019997610258
318 418 2.2500495168652135
318 328 0.24760183138692191
318 319 -0.79821429583659831
319 419 -0.42904540421481924
319 329 -1.3181923017650936
310 319 0.11382188476155215
320 420 0.34380617040407019
320 330 0.43737261840999248
320 321 2.3011359862172043
321 421 -1.2599638177293644
321 331 -2.3318238229951684
321 322 0.54041012815636102
322 422 -1.7233635422535039
322 332 0.54806678624473992
322 323 -0.354675322974569
323 423 -1.1167629070461418
323 333 -0.99413696356238801
323 324 2.2790007472141145
324 424 0.64362311539196937
324 334 -0.23933575923073083
324 325 -0.30789922945617204
325 425 2.0979206656093434
325 335 -1.1861514573897833
325 326 -2.4546571728219209
326 426 0.90387422365935288
326 336 1.3209301459687226
326 327 0.9879226941310747
327 427 0.75397090732671157
327 337 -0.074006522704365321
327 328 0.96804464595876649
328 428 1.9567259788143783
328 338 0.6543815310054375
328 329 0.86786607128963156
329 429 0.32723501248325126
329 339 0.7218438883911461
320 329 2.1753082281856395
330 430 1.9238607832624064
330 340 1.3278649915122214
330 331 -1.078600920537486
331 431 -0.61454413827179033
331 341 0.51378799693095667
331 332 -0.036705490713031842
332 432 2.4432696357338952
332 342 -0.041362185616210356
332 333 0.76315492612795588
333 433 -0.60320004328354448
333 343 -0.25833203726239323
333 334 -0.27643643691889674
334 434 0.027252608743280664
334 344 0.57771789231421222
334 335 0.14447323175496862
335 435 1.1026806466972436
335 345 0.013122385042044422
335 336 -0.018688360045880877
336 436 -0.23188772582991168
336 346 -1.027871261094472
336 337 1.2791696121984717
337 437 0.031182855588922323
337 347 -1.8495130437163354
337 338 -0.1126917424120663
338 438 0.28980436555397165
338 348 -0.20193158527934732
338 339 -0.050836127669563733
339 439 0.22531958043445002
339 349 -1.0892636600995473
330 339 -1.2068753674920649
340 440 0.10054248933107479
340 350 0.37561263377637
340 341 1.5584205825286461
341 441 -1.3137711152803018
341 351 -0.98425790560938953
341 342 -1.8431597590738649
342 442 0.29048080309722091
342 352 0.58354306630509967
342 343 0.40469849439254413
343 443 -0.64669820640257669
343 353 0.89994295102659327
343 344 -0.37754129730452107
344 444 -0.4983706435726909
344 354 -0.84043697300074449
344 345 -1.678141810264286
345 445 -0.25864842998071808
345 355 -0.88089960478203777
345 346 0.93196013690833279
346 446 1.6728887252348261
346 356 0.31632425258263702
346 347 -1.4088425633814681
347 447 -0.30274186631320815
347 357 -0.7422501392967894
347 348 0.71718222812776933
348 448 0.16261872159145629
348 358 0.65932539553361225
348 349 -0.1549348382946846
349 449 0.41580926830660797
349 359 0.013980887144819812
340 349 -0.62548930588541918
350 450 -0.27039381931445683
350 360 0.57142297112335805
350 351 1.1526475056369256
351 451 -0.39002827707856297
351 361 -1.2648714913344297
351 352 0.5865059047821648
352 452 -0.22774602592252574
352 362 1.1860633673463474
352 353 -0.029577588133597246
353 453 0.4560384691713425
353 363 3.5353601307281184
353 354 0.3819590520759375
354 454 0.84927470750999268
354 364 0.86718355940563474
354 355 -0.11842500147499793
355 455 -0.75756677620357871
355 365 0.49280006508029589
355 356 -0.54742970067947472
356 456 -0.19816059624817489
356 366 -0.33272237868557386
356 357 -1.1430114425295776
357 457 0.38350595027841117
357 367 2.5905635837913996
357 358 -1.0636919672997376
358 458 0.69544019539959079
358 368 -0.43994495363822306
358 359 0.13018198366248665
359 459 0.91194171433271909
359 369 -2.3023345648612286
350 359 0.10390955360387942
360 460 -0.060285964827122999
360 370 0.40375806274725329
360 361 0.70556668595516259
361 461 0.73691742927349313
361 371 0.65556157953154159
361 362 0.068367676683406875
362 462 1.8397815591134907
362 372 -0.28691490206900738
362 363 1.0702716178958416
363 463 -0.93577592434029222
363 373 1.5862761389927404
363 364 0.32069075490016619
364 464 0.75340616470428767
364 374 0.071551426260557133
364 365 1.0250421719350395
365 465 0.46467173931681177
365 375 -1.2812034067926841
365 366 0.27184591364258504
366 466 -0.37770412472427245
366 376 1.0747482328566988
366 367 0.011235980852935833
367 467 -0.99983871530945434
367 377 -1.9901345214171848
367 368 -2.3731481428690007
368 468 -0.24511656277970648
368 378 1.2631109257665045
368 369 1.6853818264082774
369 469 -0.67760584616172204
369 379 -1.0161568033231743
360 369 0.031071773227756543
370 470 -1.7954892722093749
370 380 1.0232068363882267
370 371 -1.7564753576917138
371 471 1.4275731740615643
371 381 -1.816560048865502
371 372 0.21739720384524719
372 472 0.58140118976013755
372 382 0.96506947847165059
372 373 -0.0022070181436301944
373 473 -1.6354542719941738
373 383 -0.79312949474240935
373 374 -0.079094880701590736
374 474 0.47007532803625901
374 384 -0.69662530116281496
374 375 0.677858216459019
375 475 1.5800081071733825
375 385 0.015789999938145793
375 376 -0.31418171514355936
376 476 -1.1926083879227578
376 386 -0.13261954317216676
376 377 -0.97973659251160561
377 477 0.029134078506325302
377 387 -1.4573200855667037
377 378 0.39782576346383791
378 478 -0.94313485270099251
378 388 -0.2703428351947868
378 379 0.34968565895201031
379 479 0.85726371448737804
379 389 2.0375921393793059
370 379 0.5791733329202351
380 480 1.6669653705071035
380 390 1.0096678618907593
380 381 -0.16479341937200276
381 481 -0.60083205953414109
381 391 0.09435689004048349
381 382 0.72951876497098622
382 482 0.43826164650892002
382 392 1.7817703636260112
382 383 0.35866083493464684
383 483 1.1357347760645631
383 393 -1.9600974815188432
383 384 0.50120560884668852
384 484 0.55573999336959989
384 394 -0.1752485342587338
384 385 0.49712901084365235
385 485 0.8524796812349994
385 395 -0.031072610239599539
385 386 -0.29009605694896784
386 486 1.5866689942825214
386 396 -0.018606587176952443
386 387 -0.68808145944730936
387 487 0.61227062853861336
387 397 -1.3648121210764435
387 388 -0.083708828933274151
388 488 0.8494844158898216
388 398 0.1117981780686408
388 389 -1.9672354475113742
389 489 1.5097065351442052
389 399 1.4344998065427357
380 389 -0.68509444131592101
390 490 0.7310621890529404
300 390 0.26432654306865866
390 391 -1.1235571555581179
391 491 2.1167164039975357
301 391 -0.30562653599804757
391 392 -0.13844923550222207
392 492 -0.16428130740050845
302 392 -1.4612792797870344
392 393 1.5161266361171519
393 493 1.3566618194936355
303 393 -0.0593217111863788
393 394 1.4289891170094557
394 494 -1.3461337950826622
304 394 -0.51262373548846341
394 395 0.10217919130179665
395 495 -0.39507321028328979
305 395 -2.016501139181142
395 396 -0.86526698456151085
396 496 -1.1309984563097235
306 396 0.71352685322595111
396 397 0.88756405867117782
397 497 -0.21112863938635776
307 397 -1.5219809682806953
397 398 -0.38520252223844276
398 498 -0.75410367190726935
308 398 0.94655656755344042
398 399 -1.4890126016611231
399 499 -1.1661894545336617
309 399 1.568996896872844
390 399 -0.50690970185461415
400 500 -0.37506311982395318
400 410 0.050941851502402179
400 401 0.8737507505907387
401 501 0.45398045915079827
401 411 -0.80900958898617781
401 402 0.25709328241951146
402 502 0.52663398356317204
402 412 0.52717644461679969
402 403 0.37581290432351266
403 503 -0.87732874625037549
403 413 0.69248723694592307
403 404 0.081709974948843689
404 504 0.37874902437909219
404 414 0.00075134113441900304
404 405 -0.057766464335312857
405 505 -0.47882683697351153
405 415 -0.36113292890806298
405 406 -1.7762276296798336
406 506 -0.093778019422737113
406 416 -1.138028591633828
406 407 -0.7662704506418434
407 507 1.1709995376475251
407 417 -0.20533505637731397
407 408 0.84512581499490469
408 508 0.70323212584704264
408 418 0.35332495591904939
408 409 -0.11824060004844136
409 509 -0.1868101628713893
409 419 0.54312242708531566
400 409 0.62005058356358456
410 510 -1.2017871819782471
410 420 1.4286437183778093
410 411 0.84877832800488173
411 511 1.4736141365885453
411 421 -1.9173806316238384
411 412 0.87554375820896557
412 512 -0.045765333771183456
412 422 0.56198000306007234
412 413 -0.13336102264632577
413 513 1.5289193268835537
413 423 1.3788124536912254
413 414 -0.48890697352245921
414 514 0.72062105971397461
414 424 -0.79397071905472139
414 415 0.25473668400990668
415 515 -1.9009848418097401
415 425 0.40229756814008161
415 416 -1.1408164370670963
416 516 -1.0102618129569083
416 426 -0.53275890262667647
416 417 -0.18095063372003717
417 517 2.0777438643239279
417 427 -0.28302037077141984
417 418 -1.030192496718928
418 518 -0.40111464711054778
418 428 1.2031980870923917
418 419 -0.69364975112816363
419 519 -1.2073369125307334
419 429 0.30972021853438864
410 419 1.0766059536427193
420 520 0.64090639380639491
420 430 -1.3242239188045972
420 421 -0.71015623240492942
421 521 -0.095429983774406216
421 431 -1.2466887963271249
421 422 0.92231253501567889
422 522 0.3804808114830977
422 432 -1.3614794787284386
422 423 0.28008925013814528
423 523 2.4413856559708118
423 433 -0.47240306719777292
423 424 1.0471902693235469
424 524 0.97375173293316175
424 434 0.53975867779797837
424 425 1.8909386305323133
425 525 0.057845966596048876
425 435 0.82226253174854291
425 426 0.17062184970628239
426 526 -0.069861741184637366
426 436 0.59013044790477243
426 427 -1.172830347907367
427 527 0.94949628823198151
427 437 -0.42908825674141826
427 428 -0.29034108463060282
428 528 -0.35196082418835795
428 438 -0.18590337596435286
428 429 -1.3397453517496056
429 529 -0.78015459701025747
429 439 -0.92052639041670792
420 429 -0.46501828719948729
430 530 2.3683863151286064
430 440 2.561315814705535
430 431 0.82516473532815038
431 531 0.2416592224170494
431 441 -0.12850571700578717
431 432 0.28901781001032739
432 532 0.54139038457691269
432 442 1.2948165411624106
432 433 -1.3269730640793658
433 533 -0.60167242835774093
433 443 -0.30622994551711608
433 434 -0.78953462936968755
434 534 -0.11694291756666977
434 444 0.29926486495935023
434 435 0.039246607880427407
435 535 -0.22768881342432784
435 445 1.3628207564098433
435 436 2.1153642443215559
436 536 0.46775232926586213
436 446 -1.056305384089496
436 437 1.3412616364755776
437 537 -1.1530976347831701
437 447 0.76150472632726385
437 438 -1.9071503811600135
438 538 2.0907058870517528
438 448 0.95893543621665345
438 439 -1.2372476205107559
439 539 -2.65521935143743
439 449 0.90591892356893078
430 439 -2.3999403878777597
440 540 -0.65046169225669281
440 450 0.049970625920690251
440 441 -1.4951569858174478
441 541 -0.83981259361970961
441 451 -0.68270049847488956
441 442 0.38150633619366747
442 542 0.15592397889145537
442 452 -2.72318289239491
442 443 -0.003656435882837923
443 543 1.6808929030698636
443 453 -1.5869482896880427
443 444 0.090407132912353944
444 544 -0.43068212139375545
444 454 0.31183104625118141
444 445 -0.42262116657242282
445 545 1.2908323523497676
445 455 -0.95365624568300722
445 446 0.88675011467983877
446 546 1.1230918009961688
446 456 -0.023691424102634442
446 447 -1.0318585637009652
447 547 0.35658361279656986
447 457 0.0025092370982742105
447 448 -0.37001966610196507
448 548 0.85739716351406392
448 458 0.66863767684963571
448 449 0.42357532153967142
449 549 1.1845033933707083
449 459 -0.62750216172146134
440 449 0.69356933181125191
450 550 0.73673398073084528
450 460 -1.0956795515290374
450 451 1.2278260460748751
451 551 -0.7415970721842694
451 461 0.40258027103380417
451 452 -0.35418068204955344
452 552 -0.59372009868071485
452 462 1.4805511392390336
452 453 0.13986113032777911
453 553 0.29558554399980669
453 463 0.89144192729202887
453 454 -0.43692778673797966
454 554 0.093725492288089129
454 464 1.3425162702252402
454 455 -0.63281022853466495
455 555 -1.0525810294274633
455 465 -0.50637316743881611
455 456 0.61652538593753248
456 556 0.77749605902329288
456 466 0.90419535420726083
456 457 -1.6963049250711719
457 557 0.21358141374565501
457 467 2.055730852064388
457 458 0.27203860749740366
458 558 -0.61486492009461635
458 468 0.29796052616518542
458 459 2.0323852955955939
459 559 0.63877649232930989
459 469 -0.77978999277995664
450 459 -0.52353683809388596
460 560 -2.0498222593960391
460 470 1.5188228774621624
460 461 -1.2327974822964707
461 561 1.8770062563423222
461 471 0.91395259701327203
461 462 0.58725172331439179
462 562 -0.15726729855277258
462 472 -0.88609793597370046
462 463 -1.9416050821513058
463 563 0.089924415176354008
463 473 2.2210018741505153
463 464 0.25743328809313404
464 564 0.25455048065084107
464 474 0.46503324043915184
464 465 -0.57898964537523745
465 565 0.25777318317170106
465 475 -1.6037588706036221
465 466 1.5193539525380422
466 566 0.61393548412385024
466 476 2.3531145852403572
466 467 -0.87603836227632648
467 567 -0.30409224680126945
467 477 -0.97795829415891689
467 468 1.2004427559381532
468 568 0.19558035154695666
468 478 -1.809527457360379
468 469 -1.6329430452738329
469 569 0.75872601718216648
469 479 -0.029289185374512926
460 469 0.57447532553110425
470 570 -1.1469577264851585
470 480 0.91603844203642404
470 471 -1.042480167761874
471 571 -0.74033061699120029
471 481 0.39518807363638958
471 472 0.56862510335174155
472 572 0.25481555474903689
472 482 0.46804702918187285
472 473 -1.5103020848381483
473 573 0.56319443931854896
473 483 -0.24428935987234715
473 474 1.0166208576155609
474 574 1.3033877436385011
474 484 -1.4182144482416323
474 475 0.1868576769804238
475 575 -0.50017691063903291
475 485 -1.5738293986048846
475 476 0.18621242459711643
476 576 0.4251148605359627
476 486 -0.39820407471470737
476 477 0.071210406555149347
477 577 1.6567862000071865
477 487 0.36642966548670414
477 478 1.7997065523667195
478 578 0.20161916751077347
478 488 0.63342047286993863
478 479 1.0218962909764768
479 579 -0.086427443214894456
479 489 -0.16831445019936017
470 479 -0.58210387289194332
480 580 0.78649665560283832
480 490 -1.6229934887236228
480 481 0.42762672217846093
481 581 -1.472703709106008
481 491 0.7878735620143883
481 482 -1.5793612210329662
482 582 0.84504178447982348
482 492 0.81690943637604096
482 483 0.31465906658595832
483 583 -2.7047680465128834
483 493 0.011578768976639512
483 484 1.0928421766873739
484 584 -1.2492504086768621
484 494 -0.42160789760197542
484 485 1.0758109759910595
485 585 1.6508846048594368
485 495 -0.30199767751384937
485 486 0.24770595680797231
486 586 0.14239755318323533
486 496 1.4744210019791775
486 487 -1.2121625240975371
487 587 0.93181505812661114
487 497 0.86911487623525141
487 488 -0.53614230662202766
488 588 -0.42914068789384296
488 498 -0.63393195200762176
488 489 -1.8784968524158523
489 589 1.8545716162705272
489 499 0.24696953883805939
480 489 -1.3152104602579855
490 590 -1.0262640605488811
400 490 0.094914912370044721
490 491 -1.9464675066376604
491 591 0.47126388799063562
401 491 -0.75218272229247551
491 492 -0.94016903156948628
492 592 -0.098120170941738707
402 492 -0.22828355561907601
492 493 0.46819285945244438
493 593 0.60188324592240749
403 493 0.093506717096463368
493 494 0.51339488584285908
494 594 0.066978274146241884
404 494 -0.27433574755017304
494 495 0.49932136357686474
495 595 -1.0271455388642305
405 495 -1.1501514226402116
495 496 -0.88163070966246049
496 596 1.6653422448245736
406 496 0.77952986242808986
496 497 -3.1705750848266931
497 597 -0.97992734367514223
407 497 -0.70830274979004881
497 498 1.4511917095306361
498 598 -0.14852625930031896
408 498 -0.1265113422479649
498 499 -0.95213170954190374
499 599 -0.28644355823455125
409 499 1.1079830207110191
490 499 0.24439811033615125
500 600 1.9950090271563217
500 510 0.13502642572478651
500 501 -0.25295807647821328
501 601 -0.17964773132371273
501 511 0.19458412651056664
501 502 1.6886846871864312
502 602 -1.3280642731422434
502 512 0.99283607288918185
502 503 0.025022659335242246
503 603 0.24895505323380915
503 513 -0.50893786544313813
503 504 0.15621307424866768
504 604 -0.10396268712144928
504 514 0.95991496376871133
504 505 -1.3629268869468323
505 605 1.6282408251598244
505 515 0.11892816821114476
505 506 1.4544250637990357
506 606 -0.42022300127754625
506 516 -1.3707003205271033
506 507 -0.93514589900871004
507 607 1.058078878101514
507 517 -0.52086069842828808
507 508 0.053286794773717651
508 608 0.080038495852679442
508 518 -1.656053488374934
508 509 -0.23985218829886931
509 609 -0.2543158031046121
509 519 -0.070718567422102488
500 509 1.4728145122143035
510 610 0.50615071091042152
510 520 0.062309339196158844
510 511 -1.5902808220776472
511 611 -0.74182134130668531
511 521 0.42055835723363033
511 512 -0.073951985456555333
512 612 -0.80495400634128456
512 522 -0.29205254491754629
512 513 0.90614959212127055
513 613 0.29064082034843697
513 523 -1.5701976307497547
513 514 -0.34450865279623299
514 614 -0.197206779657771
514 524 -0.11962967805447978
514 515 0.84692837641239926
515 615 0.19256605751144951
515 525 1.3071284513714476
515 516 1.1979541916604211
516 616 0.004795885368703812
516 526 -0.018166186111042967
516 517 -0.79813799379344696
517 617 -0.42439428986802724
517 527 0.51659595486900955
517 518 0.33001066741889462
518 618 -0.15809675618720112
518 528 -1.2666319657658982
518 519 -0.15695635174507166
519 619 -0.45321270250823376
519 529 -0.23944152923457226
510 519 1.6084306525910506
520 620 -0.048866863038898936
520 530 0.16824980526247665
520 521 -1.0224319543518341
521 621 1.2286724635250261
521 531 -0.97232648888914486
521 522 0.63068480863321319
522 622 0.74382516206728422
522 532 1.1314855480491521
522 523 -0.038906633170318047
523 623 0.24285899617689455
523 533 -0.18568321772850535
523 524 0.71940059717110083
524 624 -0.16108972826351362
524 534 0.23574932656910472
524 525 -1.2609740885445946
525 625 -0.80510001570483491
525 535 -0.043179964270154032
525 526 1.2934744149964608
526 626 0.33755712979384778
526 536 -0.42676308125600304
526 527 0.46079353371253395
527 627 -0.98744863359313995
527 537 -1.3782804602995742
527 528 0.77109886112450499
528 628 0.91659649521987419
528 538 1.1548955426888854
528 529 -0.066227038519289114
529 629 1.0465656133116548
529 539 -0.28012302740217582
520 529 -0.19714608367722261
530 630 -0.20035088234512544
530 540 -1.7764037373984887
530 531 -2.0518206755785529
531 631 0.18082810356567433
531 541 -1.2992958024237762
531 532 -1.4864490362317944
532 632 -0.027901811487106954
532 542 -0.493531056791429
532 533 1.1552208018513206
533 633 0.67986340478936025
533 543 0.84087643152556102
533 534 0.29426193992042915
534 634 -1.3513582830648667
534 544 0.86217205180941137
534 535 1.17982498709888
535 635 -0.67234449926476814
535 545 0.46065094415512392
535 536 -1.0590234098443712
536 636 -0.61507044010403211
536 546 1.3333611888938943
536 537 0.016872414847709048
537 637 1.2046022531841407
537 547 0.63019106249340962
537 538 0.51141082318164022
538 638 0.66451198012400581
538 548 -1.4560978732477536
538 539 -0.302171276907994
539 639 0.31297949778241968
539 549 -0.29167639698573167
530 539 -0.027498843688295155
540 640 -1.2819660729067193
540 550 1.356630397072363
540 541 0.18692204555267611
541 641 0.33989445163723403
541 551 -0.55371635263846342
541 542 1.1771022709971524
542 642 0.15267675645972867
542 552 -1.5637223620608727
542 543 0.063621415493854055
543 643 -0.86831671614559924
543 553 0.69500929887252549
543 544 0.32076519428842587
544 644 -0.12254221066575065
544 554 -0.71649756534851594
544 545 -1.2281787645376063
545 645 0.8479524323369001
545 555 -1.4653693079336287
545 546 -2.088192549529674
546 646 -0.25578896856138217
546 556 -0.63921362321006148
546 547 -0.25115289479017239
547 647 -0.9962472890693046
547 557 -0.37903669736695716
547 548 -2.5873375201237829
548 648 -0.098248675827581886
548 558 -0.12839853709780727
548 549 0.17121082301811724
549 649 -0.17708671511942478
549 559 0.13578877629669281
540 549 -0.68182309430683374
550 650 0.090496589970334662
550 560 -0.807053502020178
550 551 -0.13649052903675868
551 651 0.23287552817773505
551 561 0.5882750089515868
551 552 -0.22974789830973441
552 652 -0.23453402288423408
552 562 -1.5754534751068472
552 553 -0.23812254836479932
553 653 -0.14194935052472063
553 563 1.5598250423802329
553 554 -1.8006831710831506
554 654 0.41278516511608365
554 564 0.031198214624670807
554 555 1.1580973138187363
555 655 -1.6629122396683438
555 565 0.47496798894070436
555 556 0.52191868595992019
556 656 -0.18863575755377063
556 566 -0.6623595137375744
556 557 0.40523108723719964
557 657 -0.84629391057482561
557 567 1.2057539741368675
557 558 0.2181918994778535
558 658 -1.3163867743764073
558 568 -0.77361561650465582
558 559 0.072492869231310431
559 659 -0.96952320938011316
559 569 -1.7518940995420971
550 559 0.16895798282541419
560 660 0.52560482437369294
560 570 -0.21708792766469737
560 561 1.8058816647488691
561 661 -0.79510163268910894
561 571 0.022383120575601888
561 562 0.4156356302727639
562 662 0.67033848219427283
562 572 -0.21149051523431975
562 563 -1.6335950276925468
563 663 -0.10498440328295106
563 573 -0.29967189126078259
563 564 0.68160422074863269
564 664 1.1326252687557086
564 574 -0.50347629607167055
564 565 -0.29306209251390059
565 665 0.40809737092302673
565 575 0.55483170844832363
565 566 0.023288699650083657
566 666 -0.45920964557259764
566 576 -1.3129426089915202
566 567 -0.16932672744348221
567 667 -0.68404052815237137
567 577 0.18841959997633917
567 568 0.32942634479490529
568 668 -1.6226712729430119
568 578 1.3098703922413333
568 569 -0.15840025201883606
569 669 -0.76313336251818331
569 579 -1.9370220362505195
560 569 -1.6949462903745844
570 670 1.5762747623512212
570 580 1.1108165758683082
570 571 0.25882462260704941
571 671 0.99882135594394139
571 581 1.7178671061200497
571 572 -0.5613951450339425
572 672 -0.83480027048642846
572 582 2.0737974375459638
572 573 -0.54114122886638116
573 673 -0.35340426058616037
573 583 -0.50848595315651435
573 574 -1.6704871363674196
574 674 0.62073690445074581
574 584 0.43438039092267355
574 575 -0.43119752159581526
575 675 -0.33395886372610245
575 585 -0.51530148151697364
575 576 2.6468696117213817
576 676 0.19147046580199842
576 586 1.773985457144408
576 577 1.529348971454958
577 677 -1.4277258343477293
577 587 -0.60494397964570279
577 578 1.0553853043527766
578 678 1.0061256857064016
578 588 2.2233516616856988
578 579 0.50721561264319548
579 679 -0.12760329492378972
579 589 1.406454641210265
570 579 -0.19274765116199608
580 680 -0.12429392769947967
580 590 0.17147452778551595
580 581 -1.2820748711229071
581 681 -0.32091980833700229
581 591 -2.1809207410264895
581 582 -0.41930862925791262
582 682 -0.40619842889539842
582 592 -0.6516343752241357
582 583 -0.74796959818783981
583 683 -0.24718893532207467
583 593 -0.71431258617655513
583 584 -0.63750622532644985
584 684 -0.86622717966331542
584 594 -1.8315441734151512
584 585 -0.48096744600389102
585 685 -1.3674567462627456
585 595 -0.63623549080443298
585 586 -0.8593553458734714
586 686 0.28844791326962976
586 596 1.1374856456252811
586 587 -0.92786322582986647
587 687 -0.15251216398360429
587 597 -0.75560354160088083
587 588 -1.4718315486464619
588 688 -0.96817529077318742
588 598 -1.165161983637401
588 589 -0.11387294682109889
589 689 0.49252276608994455
589 599 -0.27774163182349959
580 589 -0.23007501692391966
590 690 -1.4410303363826058
500 590 -2.0205442660477879
590 591 -1.1451735184806249
591 691 0.060213623497318104
501 591 -0.15151117895525729
591 592 0.40395727776686197
592 692 -0.50198341739998575
502 592 -0.2896801299484012
592 593 -0.8512345571198926
593 693 2.6158036618985818
503 593 -0.95766971529362177
593 594 -1.3900439210120243
594 694 -1.3583413749006508
504 594 -0.27640942780181593
594 595 -0.97879762311136875
595 695 -1.3226944549018154
505 595 0.57411384476182403
595 596 -0.10946890523115398
596 696 -0.26397098712207095
506 596 0.11000944020091469
596 597 -1.9642418389348937
597 697 0.81365523302173026
507 597 0.79274130211934379
597 598 1.1928380259716447
598 698 -0.84947204416070499
508 598 -0.23449801261880462
598 599 0.39762885525258701
599 699 -0.60855766618762108
509 599 -0.8015959534687036
590 599 -0.51309668493689764
600 700 -1.2460388736619368
600 610 -0.92257296449911397
600 601 0.052641820738857731
601 701 -2.2337140679213392
601 611 -0.35038315599561326
601 602 0.10996228357814734
602 702 -0.78085124755553792
602 612 -0.65749187154041633
602 603 -0.59302211266656157
603 703 0.24374915843767506
603 613 -0.45885043926040076
603 604 0.083045277871940701
604 704 1.1169999486711102
604 614 0.11198501075220184
604 605 -0.39460834357795649
605 705 1.4069992417470156
605 615 0.68742710190418765
605 606 1.019051685132025
606 706 -0.65702803483619243
606 616 0.23217742799702315
606 607 -1.2056985266091067
607 707 -0.13600981034390081
607 617 -1.2112835178689036
607 608 2.0785500012264615
608 708 0.32564169251747976
608 618 1.7702044984393066
608 609 0.17279216806046499
609 709 0.23602233008598211
609 619 -1.2576828057188432
600 609 -0.14599058488733968
610 710 0.38271117734226051
610 620 -0.32592244009179422
610 611 -0.59877053995631235
611 711 1.2353284047411381
611 621 1.5723351791671161
611 612 1.3100101416620218
612 712 -1.4900679935752075
612 622 -1.0552212246961024
612 613 2.3072997044981451
613 713 -0.47469661010147363
613 623 -1.582661643692961
613 614 -0.11422425761949005
614 714 0.098341913385244326
614 624 0.94009634231102612
614 615 -1.1905813171145572
615 715 -1.0990329685937135
615 625 0.59549354700854207
615 616 1.2432379553985875
616 716 -1.3569513958098358
616 626 1.5902620230057465
616 617 -0.44907819521995912
617 717 -0.45074496787091289
617 627 1.9172753440215156
617 618 0.39368578195672904
618 718 -1.8413650771282848
618 628 -0.80908877099616894
618 619 -0.4214289313732637
619 719 -1.0131637275260081
619 629 0.036972838630099217
610 619 -1.4599030961854835
620 720 -1.4092077426785254
620 630 -1.0548962547621903
620 621 -1.0129511452184676
621 721 0.029895666522149145
621 631 0.44080888275839181
621 622 -0.48981714885942951
622 722 -0.72355337809859988
622 632 -1.4836678618593766
622 623 -1.1502116408960967
623 723 -0.70294736646090528
623 633 0.05579394053779279
623 624 0.31284793333514832
624 724 0.42605229066490802
624 634 -0.73383802863342262
624 625 -0.013184401663566448
625 725 -0.84338371405991697
625 635 0.53922265653791246
625 626 -1.8234791933970769
626 726 1.5668849553534998
626 636 -0.116981116022121
626 627 -0.43206457095464218
627 727 -0.27577317973144516
627 637 -0.071883457732398862
627 628 -0.64653810088661967
628 728 0.65766155186066866
628 638 0.11898404045437297
628 629 -0.10872075252369122
629 729 -0.035137998714943115
629 639 1.3454713441359367
620 629 0.00056321736630708706
630 730 -1.0477855029301983
630 640 0.36451452582854033
630 631 -0.32223307599144763
631 731 0.74033654577130048
631 641 0.72601250181604826
631 632 0.25027867813480598
632 732 -0.99244680510910621
632 642 0.44486356309353869
632 633 -1.1401556746281682
633 733 -0.34726794131787164
633 643 -1.1205653374829256
633 634 -0.59325773689347738
634 734 0.36624912454490233
634 644 1.0029813981194631
634 635 0.94349098981929447
635 735 0.067798375648762732
635 645 -1.2590065530114192
635 636 0.00031220210807168916
636 736 0.30072287369767942
636 646 -2.4523250524023021
636 637 -0.42865521366195869
637 737 0.23475780129273416
637 647 -0.093199307630488504
637 638 0.39629188925244663
638 738 0.10014032985674985
638 648 0.24647335741804102
638 639 0.85905445278872217
639 739 0.85607986482354925
639 649 0.21714967806057286
630 639 0.57681481789458977
640 740 -0.19418529321982309
640 650 1.1608910074931402
640 641 1.5525352509907218
641 741 -0.46876633436477672
641 651 2.3965231568293275
641 642 -0.2111633640332552
642 742 0.65023588491362461
642 652 0.94724189603297582
642 643 0.65057810406342298
643 743 -0.97165398044292484
643 653 0.36933755039334942
643 644 0.32634132351396139
644 744 -2.9168634169937953
644 654 -1.14210836322666
644 645 0.55580234077877388
645 745 -0.88669405704073812
645 655 -0.49687202857981422
645 646 0.5114341217536218
646 746 0.88550540607303163
646 656 -0.32822743034024271
646 647 0.37457442867600826
647 747 1.5771013760155574
647 657 0.75526384960246784
647 648 0.31351284802626755
648 748 1.3575547113569952
648 658 -1.2095461292643503
648 649 0.29902539693982033
649 749 0.50537293710426856
649 659 -1.3155952181998634
640 649 -0.26943936261908902
650 750 0.40450815299761633
650 660 0.3857567099016922
650 651 0.69738732743939102
651 751 -0.12670414388035039
651 661 -1.0505976086061843
651 652 0.60646863570166865
652 752 0.53010444187293371
652 662 -0.63441925530597665
652 653 -1.2346459791033684
653 753 -1.3846529157598668
653 663 0.60448144158449479
653 654 1.1241723258801148
654 754 -2.0149148255901776
654 664 1.3297567911165178
654 655 -0.05657216065700154
655 755 1.5140563415918078
655 665 -0.64174920811248937
655 656 -0.25703475680148202
656 756 -1.0606197225043572
656 666 0.57222233528753375
656 657 -0.41404009670604297
657 757 -0.63837361905585088
657 667 0.024688233054969665
657 658 0.36837681691647339
658 758 0.25246500336213717
658 668 1.1020203231200731
658 659 -0.052665534671682175
659 759 -1.1537113613776222
659 669 0.91699135195693271
650 659 1.5674045896938824
660 760 -0.63364864684538269
660 670 0.50403243392785646
660 661 -1.9696255968520116
661 761 1.4403077030271263
661 671 -2.1959965190435367
661 662 1.0457329712863908
662 762 -0.80859718434287053
662 672 1.7617003636208504
662 663 0.50075462466050658
663 763 2.0741617478330752
663 673 1.0805235970649472
663 664 -0.39995128150505127
664 764 -0.3154933214004168
664 674 1.6299418750115773
664 665 -0.17733806373892624
665 765 -0.24796728198183515
665 675 -0.27199535686499626
665 666 0.59293051920013429
666 766 -0.29793704926055575
666 676 -0.55546672677500819
666 667 -0.51675932984713946
667 767 0.66055106998183177
667 677 -0.58848333032021438
667 668 -0.10565472387422832
668 768 0.32959124342881657
668 678 -0.090821502530484363
668 669 -1.5778034468114703
669 769 -1.1120517345616909
669 679 -1.0073670654600044
660 669 1.3289251715727424
670 770 -1.2205080830365873
670 680 0.5053365446755359
670 671 -1.2052161926469427
671 771 2.0025601745115069
671 681 1.8555055022222982
671 672 0.29015200908682642
672 772 0.43431191535472419
672 682 1.1985653196096535
672 673 0.050041787346218974
673 773 0.38708479157008596
673 683 1.712951457102317
673 674 0.73590970749206097
674 774 0.48790532477803944
674 684 1.3392069245650622
674 675 3.0326788026775326
675 775 -1.5183589303397802
675 685 -0.29516795334851503
675 676 -0.80825009563577044
676 776 0.19869716756039774
676 686 0.75565607996216333
676 677 -1.9946208900636684
677 777 -2.0965863634197142
677 687 2.0877923413084458
677 678 -0.13480551517602937
678 778 0.32412443756212589
678 688 -0.38542304075081524
678 679 -2.5398081775461954
679 779 0.66430795849669522
679 689 0.04915280661013257
670 679 1.013230164665945
680 780 0.93478348555289081
680 690 0.68809576254102811
680 681 1.0588279661633488
681 781 -0.052461694029056406
681 691 1.5584660427085719
681 682 0.44853111986020661
682 782 0.84784366488665319
682 692 -1.0414519460259679
682 683 -0.45112237796134264
683 783 -0.42941579592260753
683 693 0.056626237525404119
683 684 -0.2168613195336245
684 784 0.463785942409011
684 694 1.1245356312990504
684 685 -0.60346050618081148
685 785 0.67413425438229435
685 695 0.79676894540773724
685 686 0.87107804191444582
686 786 0.31809174422940162
686 696 0.30050754925198553
686 687 -1.9801873565523074
687 787 -0.95456005688857082
687 697 -1.3179486298713257
687 688 1.0007324199951693
688 788 -1.2683482532776515
688 698 -0.46792274248787574
688 689 0.73226131469486455
689 789 -1.8952614769379745
689 699 -0.72615675409259406
680 689 -1.1737694071388149
690 790 -1.6937779412349963
600 690 0.33653781970218388
690 691 -0.91773676608967691
691 791 0.31984237210078748
601 691 -0.40509906891338621
691 692 1.6247084033967765
692 792 -0.25646145718308755
602 692 -1.5758878005644401
692 693 -0.19848129896427669
693 793 0.8708176675885767
603 693 -0.65906283394323262
693 694 -0.79873680788092905
694 794 0.55340281098737532
604 694 -0.33643869932420251
694 695 0.87184802120727845
695 795 0.61080255040033715
605 695 0.18057827623301259
695 696 0.3628763151315475
696 796 -1.7348223880294804
606 696 -0.016706379812569096
696 697 -0.49304062640612983
697 797 0.6779975719525505
607 697 0.32497334790629695
697 698 0.12222257191456883
698 798 -1.5473539662241196
608 698 -1.7482682256247291
698 699 -1.2458870862104199
699 799 0.6227872685405853
609 699 -0.36756268931430813
690 699 0.4443355251492726
700 800 0.67987630026317281
700 710 -0.93236616903770986
700 701 0.85676309274449769
701 801 -1.545905966729098
701 711 -1.2817768354736239
701 702 -0.0791957099233353
702 802 0.13438601871839939
702 712 -0.58527369617914748
702 703 1.1449709668541972
703 803 -0.8500702090277924
703 713 -1.5922958861978234
703 704 1.817144514835634
704 804 -1.0570454927835027
704 714 0.12585307256895853
704 705 -1.3966820278002106
705 805 -0.84245003144979325
705 715 0.5430252400759521
705 706 1.1342270216827979
706 806 -0.24008391997196094
706 716 -0.89264129762261402
706 707 0.64885523680065715
707 807 -0.46331207575316835
707 717 0.73186203743744005
707 708 -1.1341786381947452
708 808 1.1507869327160578
708 718 0.70359281353506498
708 709 0.24094204957728338
709 809 -0.18193757581456624
709 719 2.0010428169612697
700 709 0.4778009995817647
710 810 0.83824704977431452
710 720 1.0674734139934157
710 711 -1.4498288614948611
711 811 0.10766633409252345
711 721 -0.53829100430618892
711 712 -0.0074160747589786854
712 812 0.50121591374131302
712 722 -0.26266577189367618
712 713 -0.32471534906224458
713 813 -0.75060451919010673
713 723 0.50362529507567666
713 714 -2.0273665300496595
714 814 -0.38887454890617396
714 724 1.3750176839185253
714 715 -0.46558776797512691
715 815 -0.64726820761956294
715 725 -1.102655974442277
715 716 1.0386616634881858
716 816 0.95117598787797131
716 726 -1.1197491117692424
716 717 -1.4607015827861292
717 817 0.5189055143163086
717 727 -0.3511379225200183
717 718 -1.2191136734536905
718 818 -0.096903017322980942
718 728 1.8332134496842794
718 719 -0.57172167519766093
719 819 1.9063518223617015
719 729 -0.35004752611684797
710 719 -0.85585194692865696
720 820 -1.4202345489529498
720 730 -0.54012691854737549
720 721 0.31216396412550401
721 821 -1.7425555585324477
721 731 0.14627326212599226
721 722 0.53431729048162557
722 822 -1.1537395736200498
722 732 -0.96382688518069604
722 723 0.50243214416260074
723 823 -0.49652633045478067
723 733 1.7508696436344249
723 724 1.5294901814726296
724 824 -0.63279545680741656
724 734 1.6698472565968117
724 725 0.93678328294139801
725 825 1.0540224445489901
725 735 -0.18992126806322868
725 726 -0.99866547899156832
726 826 -0.061612117325853449
726 736 0.054835721238401872
726 727 -0.17636328826320666
727 827 1.0921962215921772
727 737 0.26755064564251446
727 728 2.2763188871947824
728 828 -0.7726276176274175
728 738 -0.51517728430172205
728 729 -0.30267166674155427
729 829 0.097516203542262189
729 739 0.53946198257822242
720 729 0.24408412276797659
730 830 0.061187867788073558
730 740 0.034533337036899911
730 731 0.29416115097723283
731 831 1.6432687914758954
731 741 -1.0610098511353787
731 732 -0.37120067496307874
732 832 0.16129648206609243
732 742 0.80924882208841054
732 733 0.36068708604484073
733 833 -0.26528092971646683
733 743 -0.65871128086548414
733 734 -0.9513406772687043
734 834 -0.32595790640443734
734 744 -1.7692945834960616
734 735 -1.3003061333547765
735 835 0.30238415390288492
735 745 -0.93026945050923715
735 736 -0.62679894016157545
736 836 -0.75144754999130148
736 746 -1.3594407400808695
736 737 -2.8731137012247268
737 837 0.25596426688214396
737 747 -1.0149301196289018
737 738 1.0177918038738136
738 838 -0.17104404370018189
738 748 2.2040951806957083
738 739 -0.16997774523622666
739 839 -0.59806919260689284
739 749 0.081653142597986852
730 739 0.96630587761200915
740 840 -0.59278660656936877
740 750 1.4148113941100071
740 741 -0.16111844762913399
741 841 -1.7640715664079523
741 751 -1.0164150798829004
741 742 0.28471493746379939
742 842 0.731581020501335
742 752 -1.1174074457545917
742 743 -0.20127064879880716
743 843 0.29465949492413113
743 753 1.0559467069812538
743 744 -0.58768186621587293
744 844 -1.7133324635136462
744 754 -1.780033862239748
744 745 0.051951273698670759
745 845 0.93761358002933792
745 755 -0.10053100965176782
745 746 -0.27018179046918589
746 846 0.77128753355614343
746 756 0.38091605006427803
746 747 2.1316773835793117
747 847 -1.7598414339395276
747 757 0.87820758338770488
747 748 -0.62649951897776868
748 848 0.73128987569416359
748 758 0.23781795309166334
748 749 0.89785234168556061
749 849 -0.79166875446533502
749 759 0.84611013195017415
740 749 0.20064483824590593
750 850 -0.24548106527330457
750 760 -0.38764288475180908
750 751 1.0731804644445964
751 851 -1.50651041139429
751 761 -1.9400118905356156
751 752 0.47919037005532944
752 852 -0.63311353833754569
752 762 1.8419688820983708
752 753 0.68037754939449113
753 853 0.776255093089813
753 763 -0.42615380563882588
753 754 1.2920376614795483
754 854 0.743494213119411
754 764 -0.17825969874141562
754 755 0.15161936824544323
755 855 -2.0115916056008301
755 765 -0.46543216512865199
755 756 -1.3775937177199731
756 856 -0.2656765570075984
756 766 -0.065524043244672606
756 757 -0.30503189306339046
757 857 -1.2652459066136581
757 767 -0.94094151134016102
757 758 2.5113427772134713
758 858 -1.0249375550022393
758 768 -0.20663212950237148
758 759 -0.18904799481764989
759 859 -0.73004173595924859
759 769 0.90251835813060188
750 759 1.442068034688464
760 860 -0.19599827276599746
760 770 -2.3594549254662582
760 761 0.16908545317338475
761 861 -0.55184159645698472
761 771 -0.13250551728498375
761 762 2.8785990508424533
762 862 -0.43085292850149298
762 772 0.10487654828604863
762 763 1.0935392517350353
763 863 1.4950933962959574
763 773 -0.92044395978659432
763 764 -0.34899193251471572
764 864 -0.30976911592082007
764 774 1.3420506970954238
764 765 0.039884598795885552
765 865 -1.1144591666792223
765 775 0.83614667781364849
765 766 -0.10070587613475092
766 866 -0.17453582442637774
766 776 -1.0446747816130708
766 767 -0.76233470067737286
767 867 1.2698551476034454
767 777 -0.0091607937442952769
767 768 0.75862806350134826
768 868 -0.47872705673202237
768 778 -0.81650604447969688
768 769 -1.210992214953946
769 869 0.29863245197553473
769 779 0.74533162897424976
760 769 0.67387191314100803
770 870 0.04582253231946893
770 780 -1.5120113777830579
770 771 0.96724767863083627
771 871 0.437123867616662
771 781 -0.76214736394238203
771 772 1.0593561918615793
772 872 -2.1176437871900902
772 782 -1.2213396703203581
772 773 1.1074766996733503
773 873 0.16187632326804097
773 783 0.76955609554883198
773 774 -1.0832770405688732
774 874 0.8096725899502738
774 784 -1.0790830798467845
774 775 1.2306508466463209
775 875 -0.52868869899970516
775 785 -0.39484457714932697
775 776 -0.1351835787934477
776 876 -0.21509410040810822
776 786 -0.98800344182079425
776 777 -0.11875453479670051
777 877 -1.3483239026455971
777 787 -0.69407471091483675
777 778 1.2340128345992352
778 878 1.5362591451226737
778 788 0.060626248704898744
778 779 0.1399358060454039
779 879 -0.53870854419438563
779 789 0.43769964787397847
770 779 0.65381771108187525
780 880 -0.67268201369646174
780 790 -0.6522718658816633
780 781 1.3535133901623393
781 881 0.38361622284843788
781 791 -0.28479935845492876
781 782 0.68901358248205935
782 882 0.48646098508066515
782 792 -0.95051192848124055
782 783 -1.70693940185497
783 883 1.0006478581474552
783 793 -0.49834762556566126
783 784 1.8165288727879911
784 884 -0.1290417708909227
784 794 -0.50105210241924525
784 785 -0.055094046474778384
785 885 0.27124785387729616
785 795 -1.821367534047065
785 786 -1.3965018617593794
786 886 0.30627645583710439
786 796 2.4687137577982403
786 787 0.35981823642558564
787 887 -0.15898573372720326
787 797 -0.9616203336898661
787 788 -1.009074254210041
788 888 0.23309264346030525
788 798 -1.3742981450335749
788 789 -0.98064856217741114
789 889 0.12925113123691775
789 799 1.4211387007499583
780 789 1.3989654061745804
790 890 -1.3941038786798015
700 790 0.19536539087378244
790 791 0.50241871764065682
791 891 -0.12257000682701502
701 791 0.9314111320702263
791 792 0.69717300126275683
792 892 0.63727870782815743
702 792 0.20577323834928521
792 793 0.42214339394777839
793 893 2.2903481254970979
703 793 -0.32563667858563894
793 794 -0.59777693758763684
794 894 0.14095035696477962
704 794 1.5098657641451951
794 795 -0.99458503801368303
795 895 1.2197554032946127
705 795 -0.62805754534449298
795 796 -0.79580419617256748
796 896 1.7330479049289029
706 796 1.4233606014764817
796 797 1.9454253956379868
797 897 -0.17482985588929451
707 797 0.29461326640038216
797 798 0.99412149207958778
798 898 1.0862059659782446
708 798 -1.9266006010411971
798 799 0.7373449874350243
799 899 -0.87937480719412231
709 799 0.83274373024252757
790 799 0.38696685952246501
800 900 -1.3505834728727795
800 810 -2.2063426949131175
800 801 -0.32328994729576654
801 901 -0.48485373503444107
801 811 0.72026240518971607
801 802 1.7647103414870573
802 902 -0.1087841887900704
802 812 -0.3687135538042392
802 803 0.93861387482647973
803 903 2.0357477962356647
803 813 -0.64862517968093913
803 804 -0.22232594949011852
804 904 2.1448081650990645
804 814 -2.025983627142026
804 805 2.1978649917077422
805 905 1.223314781663505
805 815 1.3606132383835987
805 806 1.3569273950310048
806 906 1.0848897265407567
806 816 0.38669069601731287
806 807 -1.0254221719820946
807 907 -0.20634085412118408
807 817 0.24456783843543828
807 808 -0.074650192846488245
808 908 -0.93617712021541011
808 818 1.246497976867313
808 809 -0.95260238702217648
809 909 0.14199532060136422
809 819 -0.12209443991414486
800 809 0.63683429675365921
810 910 0.7977830608380414
810 820 0.58553824054461301
810 811 -0.86612896046771759
811 911 0.11124729478034469
811 821 -1.1652366966475394
811 812 0.52034331939830536
812 912 -1.8898227782436048
812 822 1.4526873543610768
812 813 0.62650368562756809
813 913 1.4646606989337347
813 823 1.0841470439133709
813 814 -0.16707699440304477
814 914 -0.11266752798039376
814 824 -1.093989482139015
814 815 -0.80501428935308761
815 915 -0.3553662975762783
815 825 -0.66270945276153381
815 816 -0.65189393907443594
816 916 0.15286025280786045
816 826 1.2545926087089176
816 817 0.44380851551769529
817 917 0.19582524890744366
817 827 0.32192364521392441
817 818 1.6947516159808269
818 918 -0.69129282689324767
818 828 0.44160162057003466
818 819 0.62488989093402436
819 919 0.55940685030208892
819 829 -0.18845579550557653
810 819 -0.22486569548096763
820 920 -2.983406500721256
820 830 -1.3850476041225028
820 821 0.28958683579723277
821 921 -1.457198393654505
821 831 0.78335128326885273
821 822 -1.5926132754954041
822 922 -0.12673684999161294
822 832 0.082957704661101625
822 823 0.16370373925473278
823 923 -0.92132603166905269
823 833 0.61926801780094809
823 824 1.132794981280804
824 924 -0.29392607601489878
824 834 1.6844994216991473
824 825 0.34996665996546372
825 925 0.93168020984773092
825 835 0.73039098257933599
825 826 0.44517335841991762
826 926 0.94062621611649322
826 836 1.9788632542850604
826 827 -1.2694131132667805
827 927 0.75869273120256564
827 837 1.6122594211846641
827 828 0.51945747044879109
828 928 1.7101008269770703
828 838 -0.87790289142384215
828 829 0.32881727912581354
829 929 0.67913251815414666
829 839 0.43115621546381122
820 829 2.220424785860529
830 930 0.18364774138842102
830 840 0.21725282463675008
830 831 -0.69348221367575802
831 931 -1.1248305152463876
831 841 -0.27563632196584958
831 832 -0.053481669556609872
832 932 -0.69439017398361991
832 842 1.1475861735836241
832 833 -0.024864911559481999
833 933 -0.96584694409378891
833 843 0.03083271383048327
833 834 1.1027120914413322
834 934 0.41552589476311402
834 844 1.0500092943924773
834 835 1.1656702751361259
835 935 -1.1180465842654255
835 845 1.5235717656029368
835 836 -0.33645757044589364
836 936 0.47666075443540534
836 846 -0.013109378664832763
836 837 1.6164876696012993
837 937 0.49743297525471525
837 847 -0.27332013685952344
837 838 1.3744872843991047
838 938 0.76080610687283623
838 848 -0.23126469784253775
838 839 0.81883390765419495
839 939 0.85216871118592108
839 849 0.61205065664381297
830 839 1.0549422396640666
840 940 0.68786753670121792
840 850 0.53285502886300706
840 841 -0.74716812082778938
841 941 0.53170137963967157
841 851 0.73672264751457517
841 842 0.0073700411542236503
842 942 -0.21577417995574399
842 852 1.1651461008994373
842 843 0.34927102703002311
843 943 0.08095187106025159
843 853 0.98346660810189834
843 844 -0.88661110522584441
844 944 0.0041061946353350819
844 854 0.56348084437537183
844 845 1.0240125515808836
845 945 -0.14355344217270882
845 855 0.058178797113859634
845 846 -0.26260872846945965
846 946 0.42124665231587249
846 856 0.28447549495837776
846 847 -1.8224603562930932
847 947 0.5270815673683672
847 857 0.78559904726994845
847 848 0.46602695749018946
848 948 0.12006222642910316
848 858 1.0098770740979215
848 849 1.9429219717081079
849 949 -1.8246139495901905
849 859 0.72917984415845871
840 849 1.3835337774862762
850 950 0.93412860549544674
850 860 0.45782180470962985
850 851 -1.0438876869159208
851 951 -0.10344384096523623
851 861 2.2825240024546898
851 852 0.75218731617083512
852 952 -0.095331511552061793
852 862 2.255350536709948
852 853 0.61812899250547293
853 953 0.19695273147643241
853 863 -0.11505081011758701
853 854 -0.733214088915628
854 954 0.69280270551002521
854 864 -0.74357160286476331
854 855 1.4468816442787216
855 955 1.2405445492998601
855 865 -1.3082694712590011
855 856 -0.16580414033803931
856 956 -0.37943429812798685
856 866 -0.98413849142322207
856 857 0.81805053433196351
857 957 -0.5964481429915226
857 867 -2.1094574899788854
857 858 -0.90461722228516261
858 958 0.045695304867037739
858 868 -0.15395109655693767
858 859 -0.60667830618873575
859 959 -1.6223720759604054
859 869 0.23378568290691351
850 859 -1.198241926956126
860 960 0.47174582406355564
860 870 -0.24288760898472198
860 861 0.37368840736763731
861 961 -1.8345284526496421
861 871 -0.058328957886772101
861 862 -1.4013022320661501
862 962 0.039190366573763492
862 872 -0.45447951335661774
862 863 -0.39199315830235504
863 963 -1.927393826611947
863 873 0.58296164023542107
863 864 0.34293494842337235
864 964 0.33236175815828012
864 874 0.31068708568149417
864 865 -1.1689589114783407
865 965 0.5014893171452538
865 875 -0.087733261205884872
865 866 0.58294417563347156
866 966 -1.3083196759651474
866 876 0.70527615226713458
866 867 -0.84333841016810818
867 967 1.2420613496136754
867 877 -0.32581551592287578
867 868 -0.55881827501656955
868 968 1.1744993648180264
868 878 -0.90750581572051203
868 869 0.99455600334372629
869 969 1.4436084532413431
869 879 -0.40831329210873674
860 869 -0.49568444624592384
870 970 0.77047018481205565
870 880 1.5540678377738304
870 871 0.78526110055749465
871 971 -0.36242884320924679
871 881 0.69057926962414429
871 872 1.3421797466819858
872 972 0.90289001434455674
872 882 -1.7052324374287851
872 873 -1.3296490993581001
873 973 1.072206361814364
873 883 -0.78123668233492738
873 874 0.50251683501414179
874 974 -0.05702188493720687
874 884 1.6328476995342522
874 875 0.25308005356525048
875 975 0.14038454377182191
875 885 1.3728576935880006
875 876 -0.065969413788284761
876 976 -0.057458504866149174
876 886 -0.97941564156287086
876 877 -0.78004185032697693
877 977 0.83195551525255351
877 887 1.5889229069965285
877 878 0.55466568741551936
878 978 0.34394186361689988
878 888 0.79387797341826527
878 879 0.41994134459825316
879 979 0.9379416066729287
879 889 -0.58412012275181113
870 879 0.55777875280323053
880 980 0.083933745216560759
880 890 -1.4929312010441198
880 881 -1.9781506804222226
881 981 0.13496271757997527
881 891 0.2574981520761202
881 882 0.42856034400138232
882 982 0.15075477286154543
882 892 -0.039477970256952995
882 883 1.374655941524054
883 983 1.2602944227020332
883 893 -0.20021718032773461
883 884 0.35550552133948637
884 984 0.0076415846374791206
884 894 -0.54168122041835465
884 885 -1.5573253892470469
885 985 -1.1134831949144401
885 895 1.381429720851276
885 886 -0.6645857894804893
886 986 -0.70695420896973449
886 896 0.073736285954064965
886 887 0.032493133737870335
887 987 -0.25088563818777132
887 897 1.036162334499606
887 888 0.07688876574031453
888 988 -0.60441686454028021
888 898 0.0048254394949100539
888 889 1.417782196880808
889 989 -0.74546778401623925
889 899 -0.66278602131836428
880 889 -1.9198141109170377
890 990 -2.0343422591672944
800 890 0.11344393685505502
890 891 0.18827552633777755
891 991 -1.7921871475165414
801 891 0.61574819006620374
891 892 0.82235222278094822
892 992 0.99111182375660056
802 892 -0.62243424895749988
892 893 2.7013783188904559
893 993 -0.11839120712550687
803 893 2.1763464955743901
893 894 -0.11895828957744764
894 994 1.6181273697195102
804 894 -1.1500832451372116
894 895 1.5350575370578023
895 995 1.1009963799386469
805 895 -1.1164639141724231
895 896 -1.5402756824429626
896 996 0.56721113684528546
806 896 1.2499393054922845
896 897 0.062515322372415943
897 997 -1.2983047126180938
807 897 0.75454879995347401
897 898 1.117985611499432
898 998 -1.470153721106342
808 898 -0.75517980006610197
898 899 -1.3051392139080946
899 999 0.1536173921609999
809 899 -0.031395392815643228
890 899 -0.5540555959004051
0 900 0.17912430022375841
900 910 0.2542399737860615
900 901 0.45791063603413112
1 901 -0.66576068889823348
901 911 0.17978667255607844
901 902 -0.11915061288863775
2 902 0.93260142580004968
902 912 -0.40113684984708697
902 903 0.76093442784921939
3 903 1.3717574668530383
903 913 -0.23144474045435992
903 904 0.20894127493542766
4 904 -0.84431003845113872
904 914 -0.71904685015678826
904 905 0.80659383449950439
5 905 0.29551773911112938
905 915 0.22436256255138745
905 906 0.18063170561745842
6 906 0.34639352763812431
906 916 2.2234417105846953
906 907 1.6924129581295793
7 907 1.2123382739705442
907 917 -0.43481046897538222
907 908 0.2728826979381862
8 908 -0.87270391532725033
908 918 0.74500670101081012
908 909 -0.96174936865776617
9 909 0.94764271213945961
909 919 0.70152901699194503
900 909 -1.0877757650426403
10 910 -1.0735648473513528
910 920 0.15549743609401603
910 911 2.0006291931384541
11 911 0.98651178104828952
911 921 0.53319730413267419
911 912 -0.15668110403017674
12 912 0.98005965235320636
912 922 0.61017397383815641
912 913 1.4414097474589389
13 913 0.51675059921517785
913 923 -0.31701658441796998
913 914 -0.10336855641275516
14 914 0.44073687492282615
914 924 0.55896300994121162
914 915 -1.0338686414542257
15 915 -0.65147056289377225
915 925 0.70415508168896068
915 916 1.8910936489009316
16 916 -0.12701516313588923
916 926 -0.25090290542118726
916 917 1.835383555791297
17 917 -1.9461229209536233
917 927 0.60257619376246929
917 918 -1.5484559021602713
18 918 -0.93469997773525415
918 928 1.0219534133494923
918 919 0.82190098400254907
19 919 0.59103078538473663
919 929 1.2234428510907975
910 919 -0.35701696679064371
20 920 -0.061997008584496222
920 930 -0.033905032664463756
920 921 0.45120527500484497
21 921 0.15260326548341688
921 931 -0.4549815890820616
921 922 -0.73743384693425873
22 922 1.4649250503125795
922 932 0.60744823182882479
922 923 -1.4993222267447228
23 923 -0.38802538361834532
923 933 -1.3804532891104757
923 924 0.75841495436649375
24 924 -0.38967862591423313
924 934 0.40250696116758206
924 925 1.3499249175154617
25 925 -1.6481803592904345
925 935 0.38801117928586176
925 926 -0.10240881264268237
26 926 -1.2071750932829324
926 936 -1.1204523878918426
926 927 -0.066604347324834653
27 927 0.43436905311564061
927 937 -0.27192861670339186
927 928 0.0055313493634365496
28 928 -1.6359321695897875
928 938 0.16202335073867119
928 929 -1.166433817762657
29 929 0.6807649397187493
929 939 -1.9233287451762906
920 929 1.4817077274789265
30 930 0.4396395728398837
930 940 1.4234940637431022
930 931 -1.3524361927050768
31 931 -3.3954890116465521
931 941 1.0048069389336394
931 932 0.48835010632779341
32 932 -0.19855207593565327
932 942 0.76487376194380019
932 933 -2.5061854188830788
33 933 1.1004061714341169
933 943 -0.36012618644968497
933 934 -1.1998756837233109
34 934 -1.317915225377879
934 944 -0.16073782844883788
934 935 -1.1074165985143929
35 935 0.95778259397922993
935 945 -1.3570556418271704
935 936 -0.34889771127261748
36 936 0.20309592925198744
936 946 1.4083160365192156
936 937 -0.4437212558410521
37 937 -1.0483725947744746
937 947 0.57273085225922771
937 938 -0.19993617679493722
38 938 -0.33618761538514136
938 948 -0.087661832695482972
938 939 1.5618476100606584
39 939 -0.54985826596005261
939 949 -0.77801991720970787
930 939 -1.8346051313067013
40 940 -0.34756397164473063
940 950 -0.51828927244306155
940 941 0.94463495263142616
41 941 -0.60575742964928525
941 951 0.23366924071133618
941 942 -1.5184879247445628
42 942 -0.39839850375938829
942 952 1.0481496461836362
942 943 -0.41662965328426721
43 943 -0.39766396132431303
943 953 1.7615658980386397
943 944 1.9825176307849879
44 944 -1.3277150010569638
944 954 -2.004696400281055
944 945 0.2371067270185967
45 945 -0.62266058653991807
945 955 -1.2724276922596396
945 946 0.17662137712188916
46 946 1.3512355315806477
946 956 0.43851060514529117
946 947 0.27300591209195535
47 947 -0.16815628449060671
947 957 -0.46780527043064846
947 948 0.22483970221273095
48 948 -2.8866248899670301
948 958 1.2035144999175056
948 949 0.32756154538359983
49 949 0.38924960101947126
949 959 -0.05473392237070529
940 949 1.0644865447384162
50 950 1.0570745042190255
950 960 -1.6065966835980456
950 951 -0.58166385050326497
51 951 -1.6903099255214504
951 961 1.8674075542366817
951 952 1.1787062790035356
52 952 -1.507169848964957
952 962 1.4835408158973424
952 953 0.67208944067135901
53 953 -0.039986938911810793
953 963 -0.13796491241403577
953 954 0.061514263772256023
54 954 -0.5446893676340574
954 964 -1.5079110258841322
954 955 1.290153016882428
55 955 -0.89691463220395773
955 965 1.0302113032746532
955 956 1.2114679556169621
56 956 -0.62056025229724499
956 966 -1.7466771730988826
956 957 2.3849474065167238
57 957 -0.48620065272817997
957 967 0.36326226722496407
957 958 -0.98042562758816409
58 958 0.17480991745114879
958 968 -0.86952036622792583
958 959 1.8962461265381134
59 959 0.76873092422418066
959 969 1.1997516645027555
950 959 0.71360495399019563
60 960 -1.3346425896413374
960 970 -0.8242045852450095
960 961 -0.26649116064666739
61 961 -0.60913837293256468
961 971 -0.46829168226940399
961 962 0.85500789928362619
62 962 -0.35436900067529109
962 972 0.61783010981037112
962 963 0.48932856568386202
63 963 -0.00073990611315337277
963 973 -2.1257036727636933
963 964 -0.13471057192706196
64 964 2.2188428253807579
964 974 1.142394934549579
964 965 -2.5290447152095266
65 965 0.42077129948515379
965 975 0.26888736684311371
965 966 -0.13978914649647367
66 966 -0.64678823551920073
966 976 0.38829824514929684
966 967 -0.67439350489475203
67 967 0.72207569713747188
967 977 -1.6442029633189854
967 968 0.045786532782430736
68 968 -2.5287636883705229
968 978 -1.7083566344595984
968 969 2.3849007806714577
69 969 -0.31712126664518103
969 979 0.064993398535698105
960 969 -1.6910068161102914
70 970 1.3269367551785227
970 980 0.67597062989381773
970 971 0.92824842891329518
71 971 -2.9595740402547919
971 981 0.95561919715847621
971 972 0.86362391048587284
72 972 0.59808552207183519
972 982 0.073555656701509362
972 973 -0.6443690682184795
73 973 -0.49676414509121863
973 983 -0.51596379723525398
973 974 0.26366307502906222
74 974 0.16761179166397747
974 984 -0.77223569077381393
974 975 -0.43176927317130165
75 975 2.1547760426990661
975 985 0.77973637473534629
975 976 0.31467203596125903
76 976 0.27358714432424674
976 986 -1.4070746125197773
976 977 1.2893623662400395
77 977 -0.15722028243906991
977 987 -0.40211541512502108
977 978 1.036467673032706
78 978 -0.35512072891469493
978 988 -0.77747324290514086
978 979 0.57774778219383827
79 979 -1.9684619534967644
979 989 -0.1799425079898016
970 979 -1.9094501849190935
80 980 0.044190752660018297
980 990 -0.18340028423677684
980 981 0.1290957993962536
81 981 -0.49491072704298206
981 991 1.5553135449625957
981 982 1.5494535480053977
82 982 -0.78945825034396344
982 992 -0.59639840548388967
982 983 -0.16313576156252987
83 983 0.4551349948716637
983 993 0.96883260220455458
983 984 -0.84924858425066108
84 984 1.5794119146466363
984 994 0.79140807244518074
984 985 0.61042379212338782
85 985 -0.01727601190634671
985 995 2.136493222198744
985 986 0.44916083586008365
86 986 -0.60693114649609947
986 996 -0.40430939005380384
986 987 -0.47473119572760708
87 987 -0.51649477770516206
987 997 -0.80830012666394591
987 988 0.8043708917520096
88 988 -0.0099137126535893908
988 998 1.6079445984577749
988 989 0.584713341091046
89 989 0.767510989109634
989 999 -1.0409044359993764
980 989 1.5062206969740011
90 990 -2.1004493233547388
900 990 -0.93879693685465793
990 991 1.1902910428783171
91 991 0.058403663292432288
901 991 0.45596737557225486
991 992 -0.29123702255531159
92 992 -0.53463918255951126
902 992 -1.4153330430373832
992 993 -1.533601069790276
93 993 0.94650112799603558
903 993 0.47031838841094453
993 994 0.15707944805833293
94 994 0.62824349940377444
904 994 1.4915281482542881
994 995 0.78983237098802928
95 995 -2.1579291564588674
905 995 -2.3292421067063329
995 996 0.4627784360912196
96 996 0.63429495119023893
906 996 0.48436052044907724
996 997 -1.3222554550323822
97 997 0.70366786053543584
907 997 -0.090237283483222255
997 998 0.79843337577600504
98 998 -0.20951611191025704
908 998 -0.076643634013655954
998 999 0.5725079812109779
99 999 2.1065192723571737
909 999 0.98349191746897113
990 999 0.16769989987854905
