# model=ea3d N=1000 meanJ=0 seed=185842132 distribution=gaussian field=0 num_fields=1000 num_couplings=3000
0 0
1 0
2 0
3 0
4 0
5 0
6 0
7 0
8 0
9 0
10 0
11 0
12 0
13 0
14 0
15 0
16 0
17 0
18 0
19 0
20 0
21 0
22 0
23 0
24 0
25 0
26 0
27 0
28 0
29 0
30 0
31 0
32 0
33 0
34 0
35 0
36 0
37 0
38 0
39 0
40 0
41 0
42 0
43 0
44 0
45 0
46 0
47 0
48 0
49 0
50 0
51 0
52 0
53 0
54 0
55 0
56 0
57 0
58 0
59 0
60 0
61 0
62 0
63 0
64 0
65 0
66 0
67 0
68 0
69 0
70 0
71 0
72 0
73 0
74 0
75 0
76 0
77 0
78 0
79 0
80 0
81 0
82 0
83 0
84 0
85 0
86 0
87 0
88 0
89 0
90 0
91 0
92 0
93 0
94 0
95 0
96 0
97 0
98 0
99 0
100 0
101 0
102 0
103 0
104 0
105 0
106 0
107 0
108 0
109 0
110 0
111 0
112 0
113 0
114 0
115 0
116 0
117 0
118 0
119 0
120 0
121 0
122 0
123 0
124 0
125 0
126 0
127 0
128 0
129 0
130 0
131 0
132 0
133 0
134 0
135 0
136 0
137 0
138 0
139 0
140 0
141 0
142 0
143 0
144 0
145 0
146 0
147 0
148 0
149 0
150 0
151 0
152 0
153 0
154 0
155 0
156 0
157 0
158 0
159 0
160 0
161 0
162 0
163 0
164 0
165 0
166 0
167 0
168 0
169 0
170 0
171 0
172 0
173 0
174 0
175 0
176 0
177 0
178 0
179 0
180 0
181 0
182 0
183 0
184 0
185 0
186 0
187 0
188 0
189 0
190 0
191 0
192 0
193 0
194 0
195 0
196 0
197 0
198 0
199 0
200 0
201 0
202 0
203 0
204 0
205 0
206 0
207 0
208 0
209 0
210 0
211 0
212 0
213 0
214 0
215 0
216 0
217 0
218 0
219 0
220 0
221 0
222 0
223 0
224 0
225 0
226 0
227 0
228 0
229 0
230 0
231 0
232 0
233 0
234 0
235 0
236 0
237 0
238 0
239 0
240 0
241 0
242 0
243 0
244 0
245 0
246 0
247 0
248 0
249 0
250 0
251 0
252 0
253 0
254 0
255 0
256 0
257 0
258 0
259 0
260 0
261 0
262 0
263 0
264 0
265 0
266 0
267 0
268 0
269 0
270 0
271 0
272 0
273 0
274 0
275 0
276 0
277 0
278 0
279 0
280 0
281 0
282 0
283 0
284 0
285 0
286 0
287 0
288 0
289 0
290 0
291 0
292 0
293 0
294 0
295 0
296 0
297 0
298 0
299 0
300 0
301 0
302 0
303 0
304 0
305 0
306 0
307 0
308 0
309 0
310 0
311 0
312 0
313 0
314 0
315 0
316 0
317 0
318 0
319 0
320 0
321 0
322 0
323 0
324 0
325 0
326 0
327 0
328 0
329 0
330 0
331 0
332 0
333 0
334 0
335 0
336 0
337 0
338 0
339 0
340 0
341 0
342 0
343 0
344 0
345 0
346 0
347 0
348 0
349 0
350 0
351 0
352 0
353 0
354 0
355 0
356 0
357 0
358 0
359 0
360 0
361 0
362 0
363 0
364 0
365 0
366 0
367 0
368 0
369 0
370 0
371 0
372 0
373 0
374 0
375 0
376 0
377 0
378 0
379 0
380 0
381 0
382 0
383 0
384 0
385 0
386 0
387 0
388 0
389 0
390 0
391 0
392 0
393 0
394 0
395 0
396 0
397 0
398 0
399 0
400 0
401 0
402 0
403 0
404 0
405 0
406 0
407 0
408 0
409 0
410 0
411 0
412 0
413 0
414 0
415 0
416 0
417 0
418 0
419 0
420 0
421 0
422 0
423 0
424 0
425 0
426 0
427 0
428 0
429 0
430 0
431 0
432 0
433 0
434 0
435 0
436 0
437 0
438 0
439 0
440 0
441 0
442 0
443 0
444 0
445 0
446 0
447 0
448 0
449 0
450 0
451 0
452 0
453 0
454 0
455 0
456 0
457 0
458 0
459 0
460 0
461 0
462 0
463 0
464 0
465 0
466 0
467 0
468 0
469 0
470 0
471 0
472 0
473 0
474 0
475 0
476 0
477 0
478 0
479 0
480 0
481 0
482 0
483 0
484 0
485 0
486 0
487 0
488 0
489 0
490 0
491 0
492 0
493 0
494 0
495 0
496 0
497 0
498 0
499 0
500 0
501 0
502 0
503 0
504 0
505 0
506 0
507 0
508 0
509 0
510 0
511 0
512 0
513 0
514 0
515 0
516 0
517 0
518 0
519 0
520 0
521 0
522 0
523 0
524 0
525 0
526 0
527 0
528 0
529 0
530 0
531 0
532 0
533 0
534 0
535 0
536 0
537 0
538 0
539 0
540 0
541 0
542 0
543 0
544 0
545 0
546 0
547 0
548 0
549 0
550 0
551 0
552 0
553 0
554 0
555 0
556 0
557 0
558 0
559 0
560 0
561 0
562 0
563 0
564 0
565 0
566 0
567 0
568 0
569 0
570 0
571 0
572 0
573 0
574 0
575 0
576 0
577 0
578 0
579 0
580 0
581 0
582 0
583 0
584 0
585 0
586 0
587 0
588 0
589 0
590 0
591 0
592 0
593 0
594 0
595 0
596 0
597 0
598 0
599 0
600 0
601 0
602 0
603 0
604 0
605 0
606 0
607 0
608 0
609 0
610 0
611 0
612 0
613 0
614 0
615 0
616 0
617 0
618 0
619 0
620 0
621 0
622 0
623 0
624 0
625 0
626 0
627 0
628 0
629 0
630 0
631 0
632 0
633 0
634 0
635 0
636 0
637 0
638 0
639 0
640 0
641 0
642 0
643 0
644 0
645 0
646 0
647 0
648 0
649 0
650 0
651 0
652 0
653 0
654 0
655 0
656 0
657 0
658 0
659 0
660 0
661 0
662 0
663 0
664 0
665 0
666 0
667 0
668 0
669 0
670 0
671 0
672 0
673 0
674 0
675 0
676 0
677 0
678 0
679 0
680 0
681 0
682 0
683 0
684 0
685 0
686 0
687 0
688 0
689 0
690 0
691 0
692 0
693 0
694 0
695 0
696 0
697 0
698 0
699 0
700 0
701 0
702 0
703 0
704 0
705 0
706 0
707 0
708 0
709 0
710 0
711 0
712 0
713 0
714 0
715 0
716 0
717 0
718 0
719 0
720 0
721 0
722 0
723 0
724 0
725 0
726 0
727 0
728 0
729 0
730 0
731 0
732 0
733 0
734 0
735 0
736 0
737 0
738 0
739 0
740 0
741 0
742 0
743 0
744 0
745 0
746 0
747 0
748 0
749 0
750 0
751 0
752 0
753 0
754 0
755 0
756 0
757 0
758 0
759 0
760 0
761 0
762 0
763 0
764 0
765 0
766 0
767 0
768 0
769 0
770 0
771 0
772 0
773 0
774 0
775 0
776 0
777 0
778 0
779 0
780 0
781 0
782 0
783 0
784 0
785 0
786 0
787 0
788 0
789 0
790 0
791 0
792 0
793 0
794 0
795 0
796 0
797 0
798 0
799 0
800 0
801 0
802 0
803 0
804 0
805 0
806 0
807 0
808 0
809 0
810 0
811 0
812 0
813 0
814 0
815 0
816 0
817 0
818 0
819 0
820 0
821 0
822 0
823 0
824 0
825 0
826 0
827 0
828 0
829 0
830 0
831 0
832 0
833 0
834 0
835 0
836 0
837 0
838 0
839 0
840 0
841 0
842 0
843 0
844 0
845 0
846 0
847 0
848 0
849 0
850 0
851 0
852 0
853 0
854 0
855 0
856 0
857 0
858 0
859 0
860 0
861 0
862 0
863 0
864 0
865 0
866 0
867 0
868 0
869 0
870 0
871 0
872 0
873 0
874 0
875 0
876 0
877 0
878 0
879 0
880 0
881 0
882 0
883 0
884 0
885 0
886 0
887 0
888 0
889 0
890 0
891 0
892 0
893 0
894 0
895 0
896 0
897 0
898 0
899 0
900 0
901 0
902 0
903 0
904 0
905 0
906 0
907 0
908 0
909 0
910 0
911 0
912 0
913 0
914 0
915 0
916 0
917 0
918 0
919 0
920 0
921 0
922 0
923 0
924 0
925 0
926 0
927 0
928 0
929 0
930 0
931 0
932 0
933 0
934 0
935 0
936 0
937 0
938 0
939 0
940 0
941 0
942 0
943 0
944 0
945 0
946 0
947 0
948 0
949 0
950 0
951 0
952 0
953 0
954 0
955 0
956 0
957 0
958 0
959 0
960 0
961 0
962 0
963 0
964 0
965 0
966 0
967 0
968 0
969 0
970 0
971 0
972 0
973 0
974 0
975 0
976 0
977 0
978 0
979 0
980 0
981 0
982 0
983 0
984 0
985 0
986 0
987 0
988 0
989 0
990 0
991 0
992 0
993 0
994 0
995 0
996 0
997 0
998 0
999 0
0 100 -3.1201066339269117
0 10 0.60166673704292117
0 1 -0.31869732225387404
1 101 1.0587482909953962
1 11 0.50701001365927811
1 2 -0.36797625407468593
2 102 1.001384878237416
2 12 0.70894020151415249
2 3 1.3304564840278879
3 103 0.0044604652488210777
3 13 -2.0576211164761737
3 4 -2.4021838543492766
4 104 -1.2868239668724994
4 14 -0.42261104740459038
4 5 0.44842112242971532
5 105 -0.61730067239073549
5 15 -1.054226140769797
5 6 -0.75857206251923781
6 106 2.723578561452336
6 16 -0.18944775277225268
6 7 0.10981664418153418
7 107 -0.6242327434499152
7 17 -0.20264621741232763
7 8 -0.31636462295871859
8 108 0.82805583932535598
8 18 0.67781066349506891
8 9 1.6168740612195693
9 109 0.59319257929316627
9 19 -0.21906352891647926
0 9 -0.72494620848861413
10 110 -0.025115755129840094
10 20 0.68824296674181296
10 11 -1.1385453779181831
11 111 -1.2254281105185796
11 21 -1.8224637298297313
11 12 -0.10228411658875365
12 112 -0.22899477594041248
12 22 -1.1863340490266072
12 13 -0.43661137285163415
13 113 0.94323130762852614
13 23 -0.17927273110041902
13 14 0.05482575928016236
14 114 -0.52901031936281673
14 24 0.81501439262661379
14 15 -1.4111738037040631
15 115 -1.2025365591881645
15 25 1.3418925069508634
15 16 -0.58704887744123901
16 116 -1.461990816420554
16 26 -1.6377794099948573
16 17 -1.1791338150092936
17 117 -0.31198984049879308
17 27 -0.77303812701663577
17 18 0.49698485931182002
18 118 0.07114911881019835
18 28 0.21610896494682608
18 19 -1.6065931736435635
19 119 -0.06835522568223075
19 29 0.82117776864454228
10 19 -0.11852133222611969
20 120 -1.9069913261318709
20 30 -0.37403163709265608
20 21 1.1120408328920013
21 121 -1.0834342053163994
21 31 0.29159037652717013
21 22 0.33506768085734762
22 122 0.81624187313008245
22 32 -0.82907108194259793
22 23 -0.12242653971567961
23 123 -0.20199156084050021
23 33 0.42866573253138557
23 24 -0.50496751301927034
24 124 -0.92267664085685386
24 34 -0.99683412971626273
24 25 0.51842176815465602
25 125 -0.19633618999513916
25 35 -0.50451080657449487
25 26 -0.61742902646535136
26 126 -0.68704668967221083
26 36 -1.1551562083618658
26 27 1.1691195775375325
27 127 1.8844689402879735
27 37 -0.76705408994507462
27 28 1.0877792220242966
28 128 -0.077566142202199026
28 38 0.97891844223381153
28 29 2.4859410836690121
29 129 -0.55683495671055117
29 39 0.67392398650123531
20 29 1.6693724688126359
30 130 -0.30497563643319525
30 40 1.1035938960724903
30 31 -0.45672234221685232
31 131 0.023344097928941914
31 41 -0.34337822362244752
31 32 -0.39471367657614576
32 132 0.1057342558944994
32 42 -1.7831010537103171
32 33 -0.32084915978441386
33 133 -1.0247350790620218
33 43 -1.2870079871113853
33 34 -2.1546593702002137
34 134 -1.2455818539485053
34 44 0.79436843901401111
34 35 0.061323722145121905
35 135 -0.019266373809854232
35 45 -0.04546412190324732
35 36 0.74597442940365122
36 136 0.76347990009577871
36 46 -0.91745275516091618
36 37 0.47241366486183139
37 137 -1.7751650543763164
37 47 0.21985463295326807
37 38 -0.32371281709083027
38 138 0.30715857217218262
38 48 0.67289605776824934
38 39 -0.91443701609242578
39 139 -0.83118841603481919
39 49 -0.87116460368312798
30 39 0.025513799241099738
40 140 1.7327495552246912
40 50 -1.5701538659214951
40 41 -0.15531021488375471
41 141 0.49188886795710068
41 51 1.0128700569516833
41 42 -0.72672025576086197
42 142 0.65248064193058308
42 52 -1.2577914872551197
42 43 0.0385360055528218
43 143 1.1946475671317021
43 53 0.13577146418687425
43 44 0.027427950684602444
44 144 -0.66674741692178963
44 54 0.68348671278471296
44 45 -1.3549909450560624
45 145 -3.8276071743064373
45 55 0.85285242796613148
45 46 1.5032986248365627
46 146 -1.5260010261108494
46 56 -0.58836993824601647
46 47 2.0966704187574545
47 147 1.8120384830468081
47 57 1.2371298620653626
47 48 -0.21632221338911409
48 148 -0.12778224482278383
48 58 0.059422821292388427
48 49 -0.96413314849103693
49 149 0.89907837624613829
49 59 2.2346254785598618
40 49 0.94730868110097444
50 150 0.52904924091279248
50 60 0.51466949213084767
50 51 -0.62103718774397987
51 151 0.40836416053015184
51 61 0.42956311428861038
51 52 0.90857007619449526
52 152 0.80412442328279121
52 62 1.4289516816089574
52 53 -0.17912973843102162
53 153 0.43236270595419368
53 63 -1.2440540342595263
53 54 2.6598579685195394
54 154 -0.68514562244720167
54 64 0.48066551591348994
54 55 0.5942781419559735
55 155 -0.48499590812368226
55 65 -0.57353837256416351
55 56 2.0733607929612554
56 156 1.0240018098171586
56 66 -1.7256860847643329
56 57 0.73582019745954352
57 157 0.47998880045260567
57 67 0.22076411083629796
57 58 0.69904428056021073
58 158 0.080646538450913616
58 68 -1.0592870474514804
58 59 -0.38605735900368365
59 159 0.81062276678464751
59 69 -0.73290125145307294
50 59 -0.93570443671596359
60 160 -0.74690494302754773
60 70 0.40645506127899794
60 61 -1.2575473707624865
61 161 -0.34699933596651966
61 71 0.49825770555377585
61 62 0.87511067457119152
62 162 0.85058405410384297
62 72 0.029724477564167982
62 63 -2.0094222288593224
63 163 0.5283276316263964
63 73 1.6651766270144144
63 64 -0.32869745964840558
64 164 -1.214361018108558
64 74 0.74439958694869746
64 65 1.396299512464392
65 165 -2.7084368311262419
65 75 0.054141803144539258
65 66 0.73041625951973832
66 166 0.83351092745756294
66 76 -0.14263077494396278
66 67 0.98633584749887804
67 167 1.4688410764845745
67 77 -0.50604182546343834
67 68 -0.15169308574667498
68 168 0.74336294431522953
68 78 0.16069139380624725
68 69 -0.085513796049224183
69 169 0.54820555646604285
69 79 -1.2013774332046177
60 69 -0.61557546727318435
70 170 -1.2000685580650621
70 80 -0.54658232177792077
70 71 0.68732831223177504
71 171 1.561559388048418
71 81 -0.68184896638833525
71 72 0.6296558222080374
72 172 0.15015941683644779
72 82 -0.79082554465678412
72 73 1.0266025361642563
73 173 0.005461414822991232
73 83 0.67022908282311433
73 74 -0.33373953441874088
74 174 1.487653572690254
74 84 -1.9174232314113722
74 75 0.68995407013892252
75 175 -2.0260997991258383
75 85 -0.78877694727050474
75 76 -0.15184260907306704
76 176 0.20389033231505849
76 86 0.59500563653454797
76 77 1.3343389854438845
77 177 -0.11285755581814287
77 87 -0.28875077331638854
77 78 -0.21215117115908932
78 178 -0.15807638017114567
78 88 -0.39036682101108011
78 79 0.21280570526818166
79 179 -1.4106623487962364
79 89 0.24710851893410873
70 79 -0.72330000904173575
80 180 -0.048950973796305773
80 90 -0.046214913581954981
80 81 -0.36817130417505289
81 181 0.21715338312688068
81 91 0.97630700513857371
81 82 -0.37935070728500664
82 182 1.4217138079264824
82 92 0.43277709389734575
82 83 -1.1799145338264718
83 183 -0.46592591502918473
83 93 -0.96675741032433193
83 84 0.15361381032292773
84 184 -0.11786337467019438
84 94 1.072441249874065
84 85 1.5898305586398109
85 185 0.89497285523600978
85 95 0.37923513061376107
85 86 -0.48969043393344175
86 186 -0.10710032065404408
86 96 -0.12166715115852106
86 87 2.2327793089716961
87 187 0.8551808545494517
87 97 -0.64241148056486885
87 88 -1.5084880344604945
88 188 -0.31630467046112515
88 98 -0.69251389507021288
88 89 -0.48687063885543225
89 189 0.089494084983185715
89 99 -0.67958105619342823
80 89 0.40893259894095535
90 190 1.1648118185786376
0 90 0.77458880128461238
90 91 -0.82718394519266825
91 191 0.012291715243456418
1 91 1.6208284765926051
91 92 0.17314942192209554
92 192 -0.91061388068467675
2 92 0.65264728948336115
92 93 0.74688092586459887
93 193 -0.38980547073584704
3 93 0.19393545040758364
93 94 0.85759831529551622
94 194 -0.77848723886979632
4 94 -0.19633938257736927
94 95 1.6426321961147874
95 195 -0.61942436602271711
5 95 -0.95651336192047665
95 96 -1.3450361316650601
96 196 -0.46932275937222989
6 96 -0.77286163662471741
96 97 -0.16925261653566051
97 197 -0.69015272406847528
7 97 -0.46010601492459291
97 98 -1.2890229685172716
98 198 -1.0258444039595733
8 98 0.035766766747141014
98 99 -0.2119723357307253
99 199 0.59924405775016309
9 99 -1.3086977010630048
90 99 -0.60499582397235507
100 200 1.2864226139425603
100 110 -0.43001014278392569
100 101 1.9253909418754902
101 201 -0.838867295258791
101 111 0.49785049763347239
101 102 -2.2654721480497648
102 202 -0.61050449188631117
102 112 -1.4854682663686576
102 103 -0.61950366212683017
103 203 0.57314262851123754
103 113 -0.61700020594088001
103 104 -0.50337821255690307
104 204 -0.20223918588029416
104 114 1.3079872434737774
104 105 1.3326945932225498
105 205 -1.0789291188737635
105 115 1.768030550995275
105 106 0.24703590926597413
106 206 -0.60704503896606432
106 116 0.075804195375211478
106 107 1.0893020297929874
107 207 -0.12584176699641653
107 117 0.62716056103199502
107 108 0.22147263730165567
108 208 -0.17808043321789516
108 118 0.95352711053715
108 109 0.33564904845339832
109 209 -0.45388802613167567
109 119 -0.14192653302743466
100 109 0.25757184289883406
110 210 -1.0953725061817778
110 120 1.52003880091042
110 111 -1.6073401209627656
111 211 0.53037683269500235
111 121 0.15740494425314522
111 112 -1.2631989522761329
112 212 -0.0042485397098465851
112 122 0.36953484003747566
112 113 1.3266208774403214
113 213 -3.1686903753688362
113 123 -1.9202473150127413
113 114 -0.57333029305255123
114 214 1.1833068650001408
114 124 0.27728786060353361
114 115 -0.1040084116044271
115 215 0.15843807652746503
115 125 0.7028569992633954
115 116 -1.0464463999909648
116 216 0.80666188235164404
116 126 0.46278890831253117
116 117 -1.4401202741199053
117 217 0.67304232015272947
117 127 -0.32664236070629615
117 118 0.7191053050053734
118 218 -1.3763255350040351
118 128 0.53170699760880014
118 119 1.9269080408776733
119 219 -2.1923159216533277
119 129 0.45951127053122326
110 119 -0.45432447511923713
120 220 -2.6149518727674588
120 130 1.169511604925582
120 121 -2.0207997024648545
121 221 0.60760943189563177
121 131 0.50403613737339381
121 122 1.1217653280132029
122 222 0.46720700881878052
122 132 0.62638542845720757
122 123 -1.1208775946076537
123 223 -1.1683169912962095
123 133 -0.73580548245644883
123 124 -0.66163096257903453
124 224 0.14788295672330309
124 134 0.63606422059449053
124 125 2.0383715947226233
125 225 -0.6139797527150368
125 135 -1.0979916934940042
125 126 1.0535127480589799
126 226 0.94579209573722167
126 136 1.6475627744915404
126 127 0.7448646949344927
127 227 -0.84006383829748843
127 137 0.066675867683867102
127 128 1.3418165697883706
128 228 -2.2654654373576619
128 138 1.58192043403245
128 129 0.00086728761787293988
129 229 -0.4770412837567799
129 139 -0.58152560455209545
120 129 -1.0839329945265486
130 230 -0.564410223657278
130 140 0.24592925790181175
130 131 -0.054060125603992287
131 231 -0.046901961852932307
131 141 2.0690513071592989
131 132 0.013602195931807006
132 232 0.011274603417483599
132 142 0.37767744465515191
132 133 0.10613948877694505
133 233 -1.2439168228012434
133 143 -0.82145089352231027
133 134 0.94435633588165646
134 234 0.31219415667976824
134 144 1.1867028261383206
134 135 0.41086405690417538
135 235 -0.95216665732514205
135 145 0.083331201306936706
135 136 1.3290802157852515
136 236 1.942052188817913
136 146 0.84004442126489631
136 137 0.93718150271580314
137 237 -1.2054419752788497
137 147 -1.3133906835372249
137 138 1.3665614677224249
138 238 0.2766093474050792
138 148 1.3512598283538242
138 139 0.49279294690580266
139 239 1.5731904275633526
139 149 0.28002891975638355
130 139 0.31852587730061399
140 240 -1.8864369503246465
140 150 0.16047080605361944
140 141 0.6260378238960661
141 241 0.32642505295430319
141 151 0.80470240222464817
141 142 -2.8539995408987604
142 242 0.59134750638119493
142 152 1.1493316383336161
142 143 -1.3712176461827918
143 243 0.26891559404297238
143 153 1.7775965874199486
143 144 0.26525267156359655
144 244 -0.34221144865909892
144 154 -1.9574140236059274
144 145 -1.0315897235527962
145 245 0.34964508505401481
145 155 -0.80729812201348417
145 146 -1.4105911376379128
146 246 -0.078916102217457734
146 156 0.37854004932090635
146 147 -0.081259837956496467
147 247 -1.0147147250003714
147 157 -1.9482610049610747
147 148 0.49297825143273327
148 248 0.63707844854750106
148 158 1.6245280172187349
148 149 1.748342484570697
149 249 0.74381220987515451
149 159 -0.45862437208675044
140 149 0.5545762692333982
150 250 -0.3046486369831744
150 160 0.21354842290982776
150 151 -0.83480335852859888
151 251 0.53802747202403822
151 161 0.29262628732440377
151 152 -0.3684226523284162
152 252 -1.6976269572330536
152 162 -1.086233942557544
152 153 1.726834021741265
153 253 -0.80765873253816567
153 163 -0.081988267605872231
153 154 0.58058125474355449
154 254 -0.82309454980338925
154 164 -1.1853326445022319
154 155 0.70161523863149833
155 255 -0.1890025669172965
155 165 -1.3552895536414531
155 156 0.46355056817635215
156 256 0.58107987370153991
156 166 0.039790434077142008
156 157 -2.1309620979859134
157 257 0.71345984521682781
157 167 -0.52385620577325853
157 158 0.13733253430587816
158 258 0.87263828054542658
158 168 -1.9905034687653158
158 159 1.445429886606606
159 259 -0.020935577463209065
159 169 -1.1791041519077612
150 159 -0.053832861723759604
160 260 -1.5189638637124245
160 170 -0.92778698693664141
160 161 0.47017529697694987
161 261 -0.76605789404782809
161 171 0.40618614801613767
161 162 1.4777489945590694
162 262 0.67374556740624136
162 172 0.096320743264232442
162 163 -0.28079490269577401
163 263 0.10522058509491196
163 173 -1.2973013486163698
163 164 0.41209191452600458
164 264 -0.14194731427117885
164 174 -1.1874918150743312
164 165 -0.12028855488398178
165 265 -0.42926422074904236
165 175 -0.8815932721977926
165 166 -0.097819430509295466
166 266 1.4655492847601208
166 176 2.6832736513660449
166 167 -0.80799005469996543
167 267 1.8500821202661408
167 177 -0.67940297803155725
167 168 0.48106462457603361
168 268 2.0279614240340829
168 178 1.972997536959058
168 169 1.3509003246099007
169 269 -0.28941426068968518
169 179 1.205118406327462
160 169 1.0307883216379641
170 270 -0.91898726748384063
170 180 0.14970761923859605
170 171 -3.0610353664001253
171 271 1.6895819189475088
171 181 -0.12971086508875063
171 172 -1.3093152456039949
172 272 0.41656478918088014
172 182 -1.2431509382414179
172 173 -0.82845949701842514
173 273 0.081878370261980901
173 183 0.20452143575558493
173 174 0.046146679579648908
174 274 1.9166865529573982
174 184 -0.88467053497223069
174 175 -0.061476634153236974
175 275 1.0616311822273452
175 185 1.0471634230916225
175 176 0.20228745397830536
176 276 -0.72798228025213751
176 186 0.37351094625755449
176 177 -0.95197435336877079
177 277 0.31450599539640373
177 187 0.39183138481092156
177 178 0.59717533477040952
178 278 0.82659063729050797
178 188 -1.035185212625759
178 179 1.0481693454360732
179 279 0.33039084175649513
179 189 0.061065488960337547
170 179 0.0058731777817429146
180 280 1.2476473799806294
180 190 0.90798489180058362
180 181 -1.1720671797578688
181 281 -0.61359891005033285
181 191 0.41715514664707143
181 182 2.225002605125225
182 282 2.9017017070081219
182 192 0.94470961990450686
182 183 -1.1406816910654054
183 283 -0.35992198254382246
183 193 -1.3515726549766327
183 184 1.3004478734973643
184 284 0.75751573985043219
184 194 2.7307793170905001
184 185 0.074388616085380763
185 285 -0.12246478095093068
185 195 1.429074494433749
185 186 1.3928159833445888
186 286 -0.83652488692130522
186 196 -0.42797264365613558
186 187 0.34937172449052717
187 287 -0.011134538363403695
187 197 0.84910692494783746
187 188 1.0991698711205857
188 288 1.131320251863992
188 198 -0.43530843176104383
188 189 0.89933829286590483
189 289 -2.3480641760020728
189 199 0.27192870661086921
180 189 -0.5193967899386841
190 290 0.94429118581405569
100 190 0.40425835207790356
190 191 -0.26980988009715856
191 291 -1.2819825691169511
101 191 -0.1723497042753897
191 192 -0.11326762280809079
192 292 -1.3236144101965006
102 192 0.15895297386953894
192 193 1.1177796397427211
193 293 -0.8779306974426867
103 193 -0.31352731275930179
193 194 -0.59237045419950674
194 294 -1.2955747524035277
104 194 -1.4576093567613277
194 195 -0.99768532908010499
195 295 1.0805742888234635
105 195 0.0072481205518781277
195 196 1.0937346389944387
196 296 -1.022392601252804
106 196 1.6772232786924288
196 197 -0.37612450086931076
197 297 -2.0416538237304005
107 197 -0.76484005927899956
197 198 -0.058544986006252388
198 298 -0.15964124219398157
108 198 0.3637614259648933
198 199 -0.55511609484076541
199 299 0.55780172302117048
109 199 -0.11407781409492622
190 199 0.035410541311460805
200 300 -0.42149659838114117
200 210 -0.45897647903552452
200 201 -0.70616485239501148
201 301 -0.42173570910904024
201 211 -0.2831867369615112
201 202 0.1806634630436238
202 302 0.3685421747434745
202 212 1.0569082579804849
202 203 -0.4327642997418652
203 303 -0.47380437309586493
203 213 0.70775943483362014
203 204 -0.20132469400840122
204 304 0.53023771894168836
204 214 -1.7756543994876062
204 205 0.64156034545828278
205 305 -0.5015336260202925
205 215 -0.68612300408699922
205 206 1.5598743468703526
206 306 0.17288171653488399
206 216 0.87016700306538708
206 207 0.062329372223006871
207 307 1.2102152735192953
207 217 0.3941840486102472
207 208 0.2040639014105371
208 308 -1.0161607461174593
208 218 2.4395921372583431
208 209 0.94537679094623417
209 309 -1.5520344178037986
209 219 -0.57165482865595396
200 209 0.44497386173216619
210 310 2.0523638398216102
210 220 -0.54987899544284369
210 211 0.035031655643862562
211 311 -0.11489440687010936
211 221 0.23364205767015506
211 212 0.35291852866738394
212 312 0.97266242255601143
212 222 -1.6463926004629856
212 213 -1.2484917184381765
213 313 0.39227907314423149
213 223 2.1490431396140033
213 214 -0.75299758671170225
214 314 0.44276919110612395
214 224 0.44518185266394866
214 215 -1.2111224342478586
215 315 -0.15611813550271222
215 225 0.0051893353578865587
215 216 0.38631445940937204
216 316 1.0093832891590677
216 226 -0.34883274340661508
216 217 -1.4051457090918928
217 317 -0.36861385009455144
217 227 -2.5562122601127593
217 218 1.7272357282238173
218 318 -1.3415845685335595
218 228 0.19228379772045884
218 219 1.0439715285321602
219 319 1.4120231028755577
219 229 -0.20557396167053549
210 219 1.2626348740138642
220 320 -2.0209318649572601
220 230 -0.27450715332008585
220 221 0.19794596408687029
221 321 -0.75966319765814516
221 231 0.92429525194557161
221 222 0.69424472985523855
222 322 0.23426315448836241
222 232 -0.70610772503860253
222 223 -0.18150033500355126
223 323 0.66761273728840598
223 233 -1.1118912017640847
223 224 -2.1703380429257018
224 324 -0.70247031175086772
224 234 2.0778541596915123
224 225 -0.37918238398885956
225 325 0.64448665755757983
225 235 0.10204042120553147
225 226 -0.033649069044033551
226 326 -0.24229779861820086
226 236 1.126984692287873
226 227 1.9634752341028288
227 327 -2.4214110163439688
227 237 -0.61723521651032487
227 228 0.80185775102137036
228 328 0.71929859590203382
228 238 -0.75348961757850819
228 229 0.94733818276149817
229 329 -2.5542140204712935
229 239 -0.25049058045560968
220 229 -0.016541941655674082
230 330 -0.22477998546014294
230 240 -0.33199458968784706
230 231 1.2174829042706692
231 331 -0.81108702033745728
231 241 0.55716748649395587
231 232 -0.34888979975491013
232 332 -1.085933596617088
232 242 0.76092522400921025
232 233 1.6613137051661975
233 333 -0.1598656204247956
233 243 0.22688130097211487
233 234 -0.28539347509076907
234 334 -2.9450543571848171
234 244 -0.087052876349451011
234 235 -0.10073318148812464
235 335 -1.8325586211659965
235 245 2.0747539951813119
235 236 -0.35885034958746237
236 336 -0.74584238904626066
236 246 0.92723293717656663
236 237 -0.091373321956699519
237 337 -0.27738173487642948
237 247 -1.9515675151036518
237 238 0.40582881304331875
238 338 0.41427361069182767
238 248 1.175604724191325
238 239 1.1852789178371963
239 339 0.047632207894798786
239 249 -1.0230594766419263
230 239 -1.6782410437216135
240 340 -1.3400106101284195
240 250 -0.64009483083043728
240 241 -0.83394275488385694
241 341 1.0515542380394907
241 251 -0.37600869337317933
241 242 1.5949753219870384
242 342 0.29460816368630216
242 252 -0.063498479564425267
242 243 -0.013810405692922821
243 343 0.055451243041456003
243 253 -1.3953899449269782
243 244 1.6603319361673239
244 344 -0.79763852820866732
244 254 0.61400353892027737
244 245 -0.79026106659420614
245 345 1.0483350978740833
245 255 0.85805656985153367
245 246 -0.84523688864639379
246 346 0.077426105998467706
246 256 -1.0871654621614713
246 247 1.3977554437670106
247 347 -1.3671066695029548
247 257 0.44253820420218731
247 248 2.1439618713525173
248 348 -1.0354877951662134
248 258 0.026989680057672161
248 249 -0.37668651285259341
249 349 -0.39178183935659994
249 259 1.3243687687334416
240 249 -1.6958068323587367
250 350 -1.5212914508829605
250 260 -0.31190600968220156
250 251 1.1605200466988657
251 351 -1.4377307733830933
251 261 0.082883337929736761
251 252 0.31811142150692517
252 352 -0.5773456699812729
252 262 0.77740101460048217
252 253 -1.6080624249362423
253 353 1.1736448726681448
253 263 0.061644965680738212
253 254 -0.3678941642115468
254 354 0.45610926506259913
254 264 -0.3935688816642004
254 255 -0.38017304742088659
255 355 -1.4254257456808646
255 265 0.15785552768691394
255 256 -1.9586250129764944
256 356 -0.039402980353180218
256 266 -0.080389210775080835
256 257 -3.5117118273500374
257 357 -0.31971193274432408
257 267 -0.046386685495572719
257 258 0.27857262136970706
258 358 1.5517314449001016
258 268 -0.25129748074550745
258 259 -1.1540734842458349
259 359 -0.48204997808889466
259 269 2.0647810671099003
250 259 -0.41674545901857191
260 360 -0.82127025085511018
260 270 0.3874241593518693
260 261 -0.13431887994968095
261 361 -1.5519548806765935
261 271 -0.18753056823173811
261 262 -1.4553394932726123
262 362 0.41319003209740235
262 272 0.031903886673286926
262 263 0.62576118177379014
263 363 -0.20640062652269925
263 273 -0.7404926071959248
263 264 -1.9187726047340139
264 364 0.40536279996446045
264 274 -0.31305800643485171
264 265 0.39112492609716881
265 365 -0.48006788887057772
265 275 -0.95265441025814657
265 266 0.5628681125869166
266 366 2.7409215412329613
266 276 0.37002547064141378
266 267 0.79874611442212329
267 367 1.3533073469553969
267 277 0.40952903684072955
267 268 0.0051794650336176237
268 368 -0.59237487910696829
268 278 2.1362792656673122
268 269 0.91975641068538339
269 369 -1.508333908967499
269 279 -0.017387824085903555
260 269 -0.19265533674007179
270 370 0.75060178290288615
270 280 0.91331673227569987
270 271 1.3463154881786714
271 371 -0.2036239025577424
271 281 -0.17097211132751622
271 272 1.1606288442919397
272 372 0.15478367315897981
272 282 -0.75410688172833862
272 273 0.4582767946604494
273 373 0.16229663116344001
273 283 0.8662053856311358
273 274 0.24568146483947575
274 374 0.72344193142791846
274 284 -0.34238837943530948
274 275 1.2718864358349535
275 375 -0.70982410487001868
275 285 -1.5887819068036968
275 276 -0.19585847830504455
276 376 1.1040189095512773
276 286 0.46204762332784172
276 277 0.48230788544880043
277 377 0.77612557490092537
277 287 1.5349829380282065
277 278 0.54129213455373282
278 378 0.94696683033440532
278 288 -1.5092598474415948
278 279 1.5341869563631167
279 379 0.33142371802397491
279 289 -0.23687596309360684
270 279 -0.60208867353665296
280 380 0.037879156759048759
280 290 -1.2548052672725736
280 281 -1.2557642939499034
281 381 1.2694746115716875
281 291 -0.30469472359409383
281 282 0.14421896664710659
282 382 -0.58011774460775867
282 292 1.1012442189273666
282 283 -0.51350328784582733
283 383 -1.4501870796733767
283 293 -0.71796894048527604
283 284 1.6859897542666502
284 384 -0.17319493342084549
284 294 -0.99894205160908467
284 285 0.61335889072213978
285 385 0.76080826439882199
285 295 0.22381054061619493
285 286 1.6022768171743078
286 386 0.99947834238481159
286 296 0.24793466696453959
286 287 0.40049808901891981
287 387 -0.73478527889091616
287 297 1.8631418996037121
287 288 0.73017117092379336
288 388 0.33522014970622843
288 298 0.15268774269886176
288 289 -0.44543580102533814
289 389 0.52953690522095131
289 299 -0.52065041782894672
280 289 0.19857984628207159
290 390 -0.060822024487658874
200 290 -0.29303506617887043
290 291 0.81662563889750606
291 391 1.1815817345454209
201 291 0.22292177188377482
291 292 2.4950086794458732
292 392 -0.30862649471605524
202 292 0.72377787460716703
292 293 -0.23021556567259943
293 393 0.13477525833849943
203 293 0.47420694914311479
293 294 1.4582961436791464
294 394 0.36292777003983973
204 294 -1.7112138595262119
294 295 -0.037662988002214508
295 395 0.075627254722475473
205 295 -1.1579316595667797
295 296 -1.0094394792331978
296 396 0.98512726671660777
206 296 0.30165668707981041
296 297 -0.13362577905994258
297 397 -0.53784808251760563
207 297 -0.4198839880156548
297 298 1.4439003873102947
298 398 -0.025401648073538424
208 298 0.49517310833279438
298 299 1.9450315723772831
299 399 -0.67515141090238684
209 299 1.5178390891305982
290 299 0.0017795502774510022
300 400 0.15589190891970631
300 310 -0.13185277403595394
300 301 0.47908938021246372
301 401 -0.59540654265030046
301 311 -1.4185643823434855
301 302 0.8059420329492718
302 402 -0.68262289565987788
302 312 2.5868159356385347
302 303 -0.53040442967980039
303 403 -1.6115472668946165
303 313 -0.15489556696835088
303 304 -1.6852406146037042
304 404 -0.13180846585861719
304 314 0.85157464617850298
304 305 1.5287008270640945
305 405 0.064624233036520637
305 315 1.573905805572182
305 306 0.73134569741112687
306 406 -0.54543859807107498
306 316 -1.8571248281575783
306 307 0.24393381655563284
307 407 -3.4946946287364766
307 317 0.93349578329195082
307 308 0.64097440018287544
308 408 -0.66284599377457243
308 318 -0.46123667926620915
308 309 0.060092000364720094
309 409 0.76273737302242617
309 319 -1.1626393118436202
300 309 0.49923323660723468
310 410 0.016069300556210253
310 320 1.0227249949293986
310 311 -0.45057423709303013
311 411 -0.23329966525258428
311 321 -0.5521287995195342
311 312 -0.60498647066970535
312 412 0.82910404115131342
312 322 0.52656756040264929
312 313 0.085334743506803298
313 413 1.6307938986801291
313 323 -0.08699277494181322
313 314 0.35244459810792522
314 414 1.8264854888398514
314 324 -0.81182892757318237
314 315 0.32832276158504181
315 415 -1.0174806396711418
315 325 -0.72922407569803283
315 316 1.3138029623086338
316 416 0.70224061001814309
316 326 -0.10442505072350659
316 317 0.24633991582144887
317 417 -0.46366564484087247
317 327 -0.24006697967172336
317 318 -0.012011858404405332
318 418 2.1990095867719446
318 328 1.8634896523738596
318 319 0.18756582501591326
319 419 -0.37830693903134271
319 329 -0.93288839243507016
310 319 0.40748346751103964
320 420 0.30496614940594508
320 330 -3.2103171246418984
320 321 0.2489105870807988
321 421 -0.55386666324921441
321 331 -1.3865943733255408
321 322 -1.1107756127146233
322 422 -0.10279969255341549
322 332 -1.9644452401841632
322 323 0.1575098511444305
323 423 0.15060184338551202
323 333 0.87404590684572536
323 324 -0.26800587157135353
324 424 -1.7051346011922519
324 334 -0.16664264396591993
324 325 0.86917320027163325
325 425 1.5847640108612346
325 335 -0.99654067000234836
325 326 0.97693076156496328
326 426 0.54331890847228637
326 336 -1.7479009669101317
326 327 0.56815353922168543
327 427 0.25886803593101521
327 337 -0.30859154867368321
327 328 -0.82720760462152287
328 428 -1.1440024394204551
328 338 -0.20358109302517288
328 329 -0.69124728802286162
329 429 0.58595126806415443
329 339 0.2497519294888382
320 329 -0.48194053566946427
330 430 1.2782911752852415
330 340 1.1077737322398058
330 331 0.98047773225346391
331 431 -0.75990220102306838
331 341 -0.08667927402187274
331 332 -1.8981418552629754
332 432 -0.17060865657046337
332 342 -1.008612763992409
332 333 -0.092837199696792813
333 433 0.96759790474156815
333 343 -0.57864265536491344
333 334 -0.3598328269288647
334 434 0.18287285857832478
334 344 0.95614997854418915
334 335 -0.80665610474835048
335 435 0.031049100860408671
335 345 0.26392498818452825
335 336 0.34043432686317054
336 436 1.7352101785530785
336 346 0.15140209412453715
336 337 -0.95311552834091817
337 437 -0.59940648673635744
337 347 0.32805273228321397
337 338 0.00014088963109719883
338 438 -0.28930699736578563
338 348 0.29965200403942138
338 339 -0.79767547841088549
339 439 -0.15896858372154443
339 349 0.61432366950513384
330 339 1.0430881753982595
340 440 1.5079432429022297
340 350 0.3930741010777451
340 341 -0.47507462828749059
341 441 1.7082943233427443
341 351 -1.3711660079397887
341 342 -0.80348296577674372
342 442 -0.14574759613893265
342 352 -1.1286838363197671
342 343 2.6280464959082956
343 443 0.44090670094704082
343 353 -0.25405720464564396
343 344 0.52024072074096261
344 444 -0.57571668168550116
344 354 1.5856211630390185
344 345 0.026523434457191877
345 445 0.4776226375420155
345 355 -1.2319000784715317
345 346 -0.90801845908533285
346 446 -0.33545759351393167
346 356 0.42143100196154587
346 347 0.3209552056361894
347 447 1.119316433836874
347 357 -0.39080935184132737
347 348 -1.2617363757548399
348 448 0.60641433177057424
348 358 -1.62233371819577
348 349 -0.8148506671102228
349 449 -1.1633122419907005
349 359 0.14449044413362125
340 349 1.4853928093767805
350 450 -0.27508633752272893
350 360 0.77026584342375948
350 351 -1.5613080077737658
351 451 -1.7652477992799647
351 361 1.1241741979658864
351 352 -1.1501050696557806
352 452 -1.7541997396334046
352 362 -0.44766669987169422
352 353 0.65074754972048154
353 453 -2.0698025786369501
353 363 0.14958484679156317
353 354 0.29429380424312152
354 454 -1.074267495023896
354 364 -0.53503908620989837
354 355 0.5197876080911854
355 455 1.0117449230713675
355 365 -0.80444561785425184
355 356 0.59896397519488265
356 456 0.077175997004830868
356 366 1.0925531981078038
356 357 -1.2370736596733485
357 457 1.0680657157602007
357 367 0.068797801655047119
357 358 0.88552258939104689
358 458 0.62913413631136827
358 368 -0.41646505420064345
358 359 -0.26485962983889683
359 459 0.96625613633725582
359 369 -0.27437628930271812
350 359 0.89685870007043245
360 460 0.53436590742239443
360 370 1.0042132171080196
360 361 -1.0725808035995192
361 461 -0.57515347148615648
361 371 0.26085256622987246
361 362 -0.3906719191360758
362 462 -1.9134100264685294
362 372 0.89813826092586646
362 363 0.19640551625124686
363 463 0.8949523813437239
363 373 1.3332006971219563
363 364 0.74101395690511918
364 464 0.99373007627955112
364 374 0.6353274017665469
364 365 -1.2573747079280746
365 465 0.13201358101335808
365 375 0.040972766060443408
365 366 0.29780066827618057
366 466 0.65220686798357808
366 376 -0.068025267631459108
366 367 1.2678029776776472
367 467 1.0163638164819875
367 377 0.49336943599400207
367 368 1.2640955506044387
368 468 -1.7797829771946538
368 378 -0.97918528843230634
368 369 -1.9928347476523685
369 469 0.1933747704865508
369 379 -0.57759591066029081
360 369 -1.0825030048804469
370 470 0.26180519194270674
370 380 1.4190312323692895
370 371 -1.5636544846004823
371 471 -0.8281652396427166
371 381 0.28356833136682003
371 372 1.1461109772090574
372 472 0.83567247636584396
372 382 -1.236066347525907
372 373 0.78356333401979583
373 473 -1.5031660435532621
373 383 1.260745105938637
373 374 -0.64163229772476826
374 474 0.91776508395154066
374 384 -0.16316045427548717
374 375 0.13081469948721211
375 475 0.65833601192996616
375 385 0.53864092406183428
375 376 0.50299904781698523
376 476 1.3982557538716009
376 386 -1.9810625748842159
376 377 1.4804325942570118
377 477 -0.54930178773407456
377 387 2.1136349673103543
377 378 1.3670528563418185
378 478 0.89929786188371719
378 388 0.25160543203118585
378 379 1.4172531087543474
379 479 0.53257943862279666
379 389 0.7519038045111861
370 379 -0.75306060910377215
380 480 -0.20689095795382442
380 390 -1.0358863825724431
380 381 -0.68437727142031657
381 481 -0.087231500188316019
381 391 -1.2345056201917062
381 382 -0.032340973031981142
382 482 0.25161688969551754
382 392 0.35357993424877837
382 383 -0.29454693645898578
383 483 0.77940399989959586
383 393 0.79953883416545446
383 384 0.29052955796969571
384 484 -0.37586091757498402
384 394 0.14622165770909915
384 385 -0.76192547688861723
385 485 -1.0132150896987979
385 395 0.029527307726948223
385 386 0.39135204455252726
386 486 1.0410226669226958
386 396 0.81057591939723439
386 387 -0.62343795900978172
387 487 -0.45197903217077473
387 397 0.77550795475928036
387 388 -0.15676058345123747
388 488 0.34309794865778981
388 398 -1.0981393714701559
388 389 1.3450717947373292
389 489 -0.20828418746406302
389 399 0.79820641046309737
380 389 -2.4657961940569764
390 490 -1.0991232640134192
300 390 0.035684024108482454
390 391 -1.6509307063492291
391 491 3.0494003158146032
301 391 -0.0035229326573896292
391 392 -2.0346932510144335
392 492 0.13936542068836882
302 392 -0.32383035422216699
392 393 -0.025095248217941742
393 493 0.89725026089520654
303 393 -0.61717353166328182
393 394 -0.068698357305971486
394 494 0.82310338265518124
304 394 -0.17221504609827154
394 395 -0.42121096590251489
395 495 -0.20075491040496291
305 395 0.87697852764286277
395 396 1.0831260978174393
396 496 -0.61125421341903496
306 396 -0.17943722741131934
396 397 0.88503694307461567
397 497 -0.97538904667255022
307 397 -0.23729858375818125
397 398 0.71641424672219778
398 498 -0.50842501559846176
308 398 1.7029501298061096
398 399 -0.65212595636109194
399 499 -0.85837197136863042
309 399 -0.23253629356921746
390 399 1.0897602185197259
400 500 -1.0958105031767136
400 410 0.38381996984644551
400 401 -1.6876036701456156
401 501 -0.61454051366044793
401 411 0.27683466004424906
401 402 -1.3637227564136556
402 502 0.31311645977250024
402 412 0.93700138173752778
402 403 -1.8491808389898248
403 503 -0.21270416814771501
403 413 0.60533537190729869
403 404 0.092632240052945514
404 504 -0.85422894104950597
404 414 -1.393662339552568
404 405 0.27800257768647652
405 505 -1.6205128526933741
405 415 -0.057338167231741177
405 406 -0.54682057097376968
406 506 0.5393866456047407
406 416 -1.6405754468357028
406 407 -0.04466686569346133
407 507 2.5492641591086023
407 417 0.15026831957704964
407 408 -0.39186637312845479
408 508 0.14313412657237293
408 418 0.67085271325117146
408 409 0.052457534496501264
409 509 -0.43594204185832519
409 419 -0.51962916443362972
400 409 -0.28762842603747202
410 510 -0.2679943924226546
410 420 0.14187351253707678
410 411 1.3779549770147244
411 511 -0.13759009104646835
411 421 0.58381687331990417
411 412 1.5455130702704423
412 512 1.3789277645394624
412 422 0.59252199089281354
412 413 -1.1378449354100011
413 513 1.861483800121488
413 423 0.22153505108711408
413 414 0.16491882738042271
414 514 -0.66367560559798333
414 424 0.40344475972764504
414 415 0.48815416272494638
415 515 -1.9420023343687005
415 425 -0.49798400253893255
415 416 -1.1932973208478188
416 516 -0.36062786667987989
416 426 0.53006764164085929
416 417 1.140978295890982
417 517 -1.1065484700468788
417 427 -0.49269290732130111
417 418 0.18459353500759282
418 518 0.87332107958586969
418 428 -0.59890330069847331
418 419 -0.73689532579044037
419 519 0.65436458488399363
419 429 -0.28903708064419015
410 419 1.1127455103382724
420 520 -0.40173072043626878
420 430 -0.13799948625274316
420 421 -0.63168624840585186
421 521 0.94411834997219535
421 431 0.97346836260718217
421 422 -1.6011643362976713
422 522 -0.53003123891006898
422 432 0.18282498316644044
422 423 -0.14932544250389548
423 523 -0.26379778976285984
423 433 1.6783441884958068
423 424 -2.2894989457335395
424 524 0.20009184984681738
424 434 -0.36888641904860098
424 425 -1.6872745379176097
425 525 0.23477242873690352
425 435 0.45048283478427681
425 426 -0.20181304540083631
426 526 -0.19665350232262319
426 436 0.35853290130348447
426 427 0.41662408471865492
427 527 -0.29277465439681738
427 437 0.39229391980312878
427 428 -0.47835980924325816
428 528 -0.34062796383288735
428 438 -0.56967562565568575
428 429 1.5535013208799755
429 529 0.31361464283614021
429 439 -1.8338111353747861
420 429 2.6920553016364459
430 530 -1.8713265494751332
430 440 -0.90391211729071297
430 431 -0.81685395599446919
431 531 2.6320447179062745
431 441 1.9368010753933593
431 432 -0.86881799482095723
432 532 0.68296769064731966
432 442 0.33115390402278644
432 433 -0.36794067902128613
433 533 0.15347981556504448
433 443 0.10228088472371165
433 434 1.466232675359781
434 534 1.1407824919939036
434 444 -0.59835188178933452
434 435 -2.3172709290691
435 535 0.16220761503343312
435 445 -1.9769093003225944
435 436 -1.7009686232749897
436 536 0.064948832105802157
436 446 -0.98342163758150336
436 437 -0.30078807418065961
437 537 -0.30215314898142243
437 447 -1.4883164182463426
437 438 -1.2985245667449836
438 538 -0.895619460864993
438 448 0.086338998154572619
438 439 -0.39764973618753913
439 539 1.3356078722186038
439 449 -0.86964156404210968
430 439 1.0245959391823765
440 540 0.62346264236601789
440 450 -0.8457109102749869
440 441 -0.79961531430009247
441 541 0.1841542452613423
441 451 -0.54981702900896989
441 442 -1.3161728449534948
442 542 -1.3568574753688447
442 452 0.55497741097066422
442 443 1.4564187789187555
443 543 -1.7598031391700206
443 453 0.18277328727223902
443 444 0.1818601775295261
444 544 0.69408448249131283
444 454 0.79671370524648666
444 445 -1.0765000651803605
445 545 0.11505885539919611
445 455 -1.0560196501320984
445 446 0.89270046042974893
446 546 -1.3868084890691375
446 456 -0.89937074169193787
446 447 -1.5286472905969262
447 547 -0.67243684061588815
447 457 -0.054061116724618247
447 448 0.0016593235132575717
448 548 -0.097023444656591407
448 458 0.69372066240612984
448 449 -0.17838798421388274
449 549 0.46938887763581716
449 459 0.15921673284053031
440 449 1.0210780492250828
450 550 -0.38324493650518221
450 460 -1.232776443047749
450 451 -0.81507413505414661
451 551 0.81078393499388068
451 461 0.10839123869041059
451 452 0.78441825786193708
452 552 -0.75484097636291347
452 462 2.3600886800098078
452 453 1.2421014165605111
453 553 0.53645356524708421
453 463 -0.56198027656756
453 454 -0.25850176488189752
454 554 -0.39248092888788449
454 464 -0.4025385104298364
454 455 -2.0568447518497837
455 555 -1.6953922071128744
455 465 1.8211653676074877
455 456 0.44960871853163492
456 556 0.1686634650024936
456 466 -0.10234886135264097
456 457 -0.08760661311634646
457 557 0.60179805264460717
457 467 2.5375849654097595
457 458 -1.0521837229323818
458 558 0.56133935786092848
458 468 1.3794833766642405
458 459 1.7953952350161568
459 559 0.63314001630098604
459 469 0.42314308913783533
450 459 -0.15965490806581153
460 560 1.9925226550257544
460 470 1.3069182717712717
460 461 0.95745497168945415
461 561 0.065917996316314939
461 471 -1.4921989736199761
461 462 0.35753782089283864
462 562 -0.80480242520740986
462 472 0.69445389656638279
462 463 -0.067131082451822421
463 563 0.82595014731053229
463 473 0.72625605882491973
463 464 1.1254236568681211
464 564 1.6660802287563963
464 474 0.29487500163579944
464 465 1.3805337248318137
465 565 0.46097185498185506
465 475 -0.93886062886851696
465 466 -1.2507739267201783
466 566 -0.53013297493124267
466 476 0.51466207821064569
466 467 -0.26436542079390352
467 567 1.0526830574615378
467 477 0.55663640558191751
467 468 -0.5209728559681488
468 568 -0.10558083333636102
468 478 -2.7638849724731047
468 469 -1.3498816001909388
469 569 0.63241266525078055
469 479 -0.94468880363161256
460 469 0.10985252688981594
470 570 -0.1594536815001939
470 480 1.8603216982561439
470 471 1.935598111827908
471 571 0.87805814535956161
471 481 1.0609991202848135
471 472 -1.005400558953605
472 572 -0.042672815014419857
472 482 -0.65662411393414699
472 473 0.77977813922579198
473 573 0.036262232618930211
473 483 0.26121092574956345
473 474 -0.33324351682840658
474 574 -0.39961707081049452
474 484 1.5957394260451907
474 475 0.71943816477038758
475 575 0.11934382432767036
475 485 -1.191369206192243
475 476 0.22284788335901123
476 576 1.0149961691868545
476 486 1.117183505152811
476 477 0.088528326652524275
477 577 -0.53913882382838119
477 487 0.92908035206314299
477 478 0.45330483865040605
478 578 -1.5672854127356965
478 488 -0.77821820122226404
478 479 -0.62901532399842897
479 579 0.64494713517785374
479 489 -0.41733199535876264
470 479 0.004966457267059167
480 580 1.9142223489451216
480 490 -1.3685246729504883
480 481 0.92603441890398774
481 581 -1.1404504089427547
481 491 0.4063293666139362
481 482 -2.0892047999044703
482 582 0.26283082307941419
482 492 -0.91474849680118619
482 483 1.391309171863176
483 583 -1.9241594555700539
483 493 -0.49589795458206026
483 484 -2.5681360773617055
484 584 -1.7661784976408079
484 494 -0.54173345307928977
484 485 0.20467960311242239
485 585 0.62056790964220987
485 495 -0.73287533717905995
485 486 1.0624337818542795
486 586 -0.2338572993581198
486 496 0.62355234750279864
486 487 2.3128622349473602
487 587 0.1219656980334772
487 497 -1.210922431128592
487 488 -1.2305172644472382
488 588 -1.1038393177570291
488 498 -0.56922073941038298
488 489 -0.26894138917936111
489 589 1.2641101946684659
489 499 -0.72382866258717904
480 489 0.22048772420916032
490 590 -1.79972265660471
400 490 -0.15942188122882089
490 491 -0.22415626786533926
491 591 -2.6834003882973692
401 491 0.33087764618217214
491 492 -0.24821429240204221
492 592 0.76721366651979772
402 492 0.79080025867644443
492 493 0.72230207913836331
493 593 -0.30209513537581673
403 493 -1.6905145150780401
493 494 -1.8351433809954987
494 594 -0.17983204889762902
404 494 -1.3349842300976615
494 495 -0.85587534695852852
495 595 1.1593104266054803
405 495 -0.40516682714759167
495 496 2.1142226551677252
496 596 0.78459646016595985
406 496 1.0566462464255588
496 497 0.41078774206739438
497 597 0.86919491391906467
407 497 -0.28124747184416471
497 498 -1.9273418157505331
498 598 1.9270003249432153
408 498 -1.832437097629138
498 499 0.16371711418727894
499 599 -0.45922280929216169
409 499 -0.99591004535309502
490 499 -0.42627677106800388
500 600 -0.6229679797270089
500 510 -0.80523559519277976
500 501 0.70419572460568092
501 601 0.02244315912971873
501 511 0.76609026024389282
501 502 0.50537809930684796
502 602 0.37676967733460276
502 512 -0.74202808734439674
502 503 -1.5614542398569926
503 603 -0.088533518586867851
503 513 -0.35464578786389223
503 504 -0.93086457797231692
504 604 -0.72846788951869146
504 514 1.1955431585139824
504 505 0.0054704039185258027
505 605 -0.036797323646616753
505 515 -1.0176179828538681
505 506 -1.1214356305712434
506 606 -0.12128359631699212
506 516 0.14669596193304762
506 507 0.74112822714233773
507 607 0.75874680544820805
507 517 -0.65602318305393559
507 508 0.47250210635187662
508 608 1.9809965448316307
508 518 -0.18446377666118727
508 509 -0.82874149341641745
509 609 -0.56188637698642563
509 519 1.1252992035932776
500 509 -1.7478378658873623
510 610 0.78967956890413349
510 520 0.86381482942545151
510 511 -1.4319950876930927
511 611 -1.0716875867979867
511 521 -0.39672475971371424
511 512 0.16212859750002898
512 612 2.0659570191459151
512 522 -1.5540454656781517
512 513 -0.20506265004017063
513 613 1.0948703809997475
513 523 -0.16333491234742625
513 514 -0.15343644927483699
514 614 0.95411478821755324
514 524 -0.40303777147201153
514 515 -1.3878660747420994
515 615 0.52642219143656777
515 525 -0.1715756305057167
515 516 -0.11903613346682337
516 616 1.0709498684782637
516 526 1.0238653367493322
516 517 0.80065080182085002
517 617 0.063344851357527959
517 527 -0.91037241924412005
517 518 0.32623953284089086
518 618 -2.1027460241082112
518 528 0.43627677747768295
518 519 -0.37104168468210214
519 619 -0.37687836998282925
519 529 -0.79528001863798226
510 519 -0.22577006271162264
520 620 0.93998942181405909
520 530 0.56737593120932639
520 521 -0.43787604750021036
521 621 -0.7265620835934401
521 531 0.99055597587014421
521 522 -0.0091083002189900914
522 622 -0.51530009564147949
522 532 -0.11077865258344993
522 523 0.1904709655899208
523 623 0.74929984898199264
523 533 0.1178135455264097
523 524 -0.81890524078207994
524 624 2.2994137836662123
524 534 -0.42418032780049481
524 525 -0.26612842332377395
525 625 -0.15419076869718348
525 535 -1.7178864399092084
525 526 -0.089388858585122258
526 626 -1.069704509680518
526 536 -0.10260310712013977
526 527 0.92714301878274508
527 627 0.58558259578950766
527 537 0.82459296076443822
527 528 -0.7096291352279267
528 628 1.3020065506515406
528 538 -1.9275418593940361
528 529 -1.1187730058557697
529 629 0.67753519618879454
529 539 0.062532196215790634
520 529 0.88950888064729738
530 630 0.30575587782440078
530 540 0.43689449146606402
530 531 -0.79576104528941594
531 631 0.85081540459123528
531 541 -0.405363504341892
531 532 -0.03208592388756585
532 632 -0.51035651111548053
532 542 -1.3381966929011835
532 533 -0.12073412651993627
533 633 1.6186719418089703
533 543 -1.251951560212448
533 534 -0.73900018359747421
534 634 -1.5472542613947429
534 544 0.72683078121818212
534 535 0.81585257083968254
535 635 2.2396978647099983
535 545 0.47657647412367482
535 536 -1.9403434360476033
536 636 1.0693595470792314
536 546 0.99850641235619009
536 537 1.3848363363377734
537 637 -0.85668560231786861
537 547 -0.77263038167370024
537 538 0.44275090060924127
538 638 0.99812226774646273
538 548 -1.7244410047901706
538 539 -0.81940349688466008
539 639 -0.51634791124985824
539 549 -1.0049000410010245
530 539 0.45235276586185175
540 640 0.38393710228881262
540 550 -1.4912101298974401
540 541 -1.0546194216907092
541 641 -0.36063071962805615
541 551 -0.21125737485195795
541 542 -0.42172671680405099
542 642 0.81410039880379803
542 552 -0.37311187653673272
542 543 0.31192879481016783
543 643 1.2639323568889107
543 553 0.27030157340961625
543 544 0.85467131817688635
544 644 0.081910025197163158
544 554 1.4196832567661917
544 545 1.4732075392807102
545 645 0.067828764926381041
545 555 -0.52877544015236122
545 546 -0.54527420725750964
546 646 -1.6286475059723222
546 556 -1.1897132568242479
546 547 0.49895264472247886
547 647 2.0101569199359504
547 557 2.3866283081292914
547 548 -0.37121218741517242
548 648 -1.0292540028304202
548 558 -1.5799006628829961
548 549 1.2880699294514466
549 649 -0.39037793619519234
549 559 0.16336467727092199
540 549 -0.4686784457386825
550 650 0.037361724824956873
550 560 0.99604190830873063
550 551 0.77456263997913666
551 651 0.20448330740864665
551 561 0.74320580747022857
551 552 2.2140659973921695
552 652 -0.19729530966455291
552 562 -0.29241272443185828
552 553 0.475592694657268
553 653 0.12477652210761084
553 563 -1.0797852559095331
553 554 -0.24781452652994121
554 654 -2.248298202339206
554 564 0.11890892725138441
554 555 -1.060120307818291
555 655 -0.99810664451282638
555 565 -1.1935717873256428
555 556 -1.3145141437514971
556 656 0.12853607750177656
556 566 -1.2666528687351584
556 557 -0.24338568173617867
557 657 1.2468240089031115
557 567 -0.29775217105233004
557 558 -1.4979565074497192
558 658 0.19211894672616581
558 568 0.72442007991871793
558 559 0.3487940011938776
559 659 -1.059907296088453
559 569 -0.80230811561877935
550 559 0.59063731223603966
560 660 -0.63625714551540935
560 570 -0.6116218617844974
560 561 0.50065372598819513
561 661 -1.1385089738373773
561 571 -0.72825235642296982
561 562 0.4603020634568597
562 662 -0.67077836557125547
562 572 0.50772947506629607
562 563 -1.5926230731964821
563 663 -0.09660845766842184
563 573 -0.91631181303245191
563 564 -0.64689390463205421
564 664 -0.4149918601786528
564 574 -0.1249115945767711
564 565 0.38581940319177838
565 665 0.51224773683404035
565 575 -1.2597151055723759
565 566 0.48308254213583063
566 666 0.94341021577519768
566 576 -0.51377983122095972
566 567 2.1757387798486167
567 667 1.5996273282029805
567 577 1.1579358603820329
567 568 0.10632793560746731
568 668 0.66643216022783958
568 578 -0.24416489237263866
568 569 -1.4086595559873394
569 669 0.39971015097880952
569 579 -0.33231302653720152
560 569 0.5595682930588578
570 670 1.6392143213995136
570 580 0.45565858067647741
570 571 0.9549201158028976
571 671 -1.5704750643528465
571 581 0.27784852882736261
571 572 -1.2160556132349911
572 672 0.67901121470482739
572 582 0.40767911691698683
572 573 0.60785122427675553
573 673 -1.1057484526092796
573 583 1.0434360422292868
573 574 0.68658846529625783
574 674 -0.67435392988884091
574 584 -0.5768756240561882
574 575 1.1029085486452443
575 675 -0.4175400080168572
575 585 -0.67085536238622756
575 576 0.1324864408060098
576 676 -0.8068018919754919
576 586 -0.39993456462542215
576 577 -0.30067708534412163
577 677 0.38503051192029808
577 587 1.2139286936624369
577 578 0.32754074624060348
578 678 1.0283385505920302
578 588 1.3896483361060208
578 579 -0.099182574584779221
579 679 -0.37484577254848894
579 589 1.7410332414659413
570 579 0.051669313663481521
580 680 0.35491966614644654
580 590 -0.72179097867552744
580 581 1.0469174478947898
581 681 -0.022351243389615628
581 591 -0.29010424267532314
581 582 -0.23567909969168654
582 682 1.5071356424273055
582 592 2.4976340179216452
582 583 -0.92255534687721374
583 683 0.9867169053474415
583 593 -1.8632783706690554
583 584 0.11994313018876888
584 684 0.77060321730748649
584 594 0.99255620863663274
584 585 -0.30871929508972407
585 685 0.64800224223648129
585 595 2.418615584841179
585 586 0.61314256607386386
586 686 0.24936164241814668
586 596 -1.5415042549295146
586 587 -1.5544800394296461
587 687 0.83411659320091569
587 597 -0.71506317462629876
587 588 -0.47933144097969366
588 688 1.9207864309664064
588 598 0.61235494730253548
588 589 0.16169796378785575
589 689 -0.16480923581521834
589 599 0.33841075699116774
580 589 0.30212822469319123
590 690 -1.1997817619664286
500 590 0.28031241353022818
590 591 1.2034627646096074
591 691 0.61080091898299393
501 591 -1.8853649083379875
591 592 -0.89941263258539039
592 692 -1.7176241013159979
502 592 1.4491561670378723
592 593 0.0046788284134097217
593 693 -1.1182250366656299
503 593 -2.1278766451031519
593 594 0.91856335443167636
594 694 0.77318802713116608
504 594 0.58401624952598108
594 595 -0.57650890283185185
595 695 -0.40614123825089588
505 595 -1.0480787580468132
595 596 0.23189997460332984
596 696 -0.23280678247362241
506 596 -0.16791892918823903
596 597 1.0864479296615286
597 697 -0.040846872163343872
507 597 -0.17023086996706777
597 598 -1.2497577209400208
598 698 -0.72959439035082041
508 598 -0.75846768275256782
598 599 1.1421387515343739
599 699 1.3261517177584785
509 599 -0.23957854597669184
590 599 -0.56194245843915769
600 700 -1.7237397219676196
600 610 1.7367217919264912
600 601 -0.14714892975094676
601 701 0.42198977720595082
601 611 -0.84361811395192243
601 602 0.53890556083945262
602 702 -1.6577822290092972
602 612 -0.5450526174495387
602 603 -0.16612489691302543
603 703 -0.56059023261075225
603 613 0.31734279113213176
603 604 1.2634164329897706
604 704 -2.9002309442383449
604 614 0.53699580788787094
604 605 -0.14189506277850322
605 705 2.504340901698979
605 615 -2.0103547001373849
605 606 -0.15162868930002418
606 706 1.614886674477741
606 616 -0.32037482748966112
606 607 2.3829853044848335
607 707 -0.68310121651644928
607 617 -1.1300962697339809
607 608 0.12095371587924875
608 708 -0.32658515975896341
608 618 0.71016368496457605
608 609 0.18221966644552362
609 709 -1.3790072438859986
609 619 -0.99806006689013582
600 609 -1.5176360230021972
610 710 -1.7769613962628514
610 620 -0.37630755456840825
610 611 -0.56750978584894896
611 711 -1.3042201941336684
611 621 0.51484726488823873
611 612 -0.050466439987988505
612 712 0.53385574522212131
612 622 0.54934182443024004
612 613 1.1906695635813267
613 713 0.3765007640352081
613 623 0.60690649396229046
613 614 -0.68788665788931558
614 714 -0.6499572477527481
614 624 -1.2668801065315185
614 615 -0.97900265866431524
615 715 0.19642359110696186
615 625 1.2795004854978762
615 616 -0.66936591583571936
616 716 -0.72895842420341006
616 626 -1.4351360633926717
616 617 -0.69502411790710028
617 717 0.42269648151115158
617 627 0.5671882116692365
617 618 -0.72787692571200413
618 718 1.0597448351048369
618 628 1.8459888068324266
618 619 0.54379489983015172
619 719 -0.92787397649764747
619 629 -1.3542628580534923
610 619 2.1906570775476215
620 720 -1.5091804119600796
620 630 0.097434618644984608
620 621 0.15637064109472207
621 721 0.87661084223039121
621 631 1.0858055404114053
621 622 -1.0622988384532561
622 722 -1.9978718170958514
622 632 -0.95389797789419994
622 623 1.0444940357574328
623 723 -0.30878907290399676
623 633 0.25959758243200232
623 624 1.0682286906469869
624 724 -1.2127982533705866
624 634 -1.1462434645179513
624 625 0.97552663599758194
625 725 -2.9629654198075013
625 635 -0.64292682288345893
625 626 -0.63863899955053594
626 726 3.2378787513500233
626 636 1.1839351825815194
626 627 -0.83170135793125199
627 727 -1.1634830469670945
627 637 0.92501392721660924
627 628 -0.015477108996690433
628 728 0.40813171781760027
628 638 2.0956287395861333
628 629 -1.0179025422886705
629 729 -0.023637620060926668
629 639 -0.31633245097740853
620 629 -1.4890665028874894
630 730 0.010608681096478514
630 640 -1.206716949192822
630 631 -0.53041311289145399
631 731 0.73101776001112528
631 641 -0.39505722965336787
631 632 -0.89152502560855562
632 732 0.76210479381771834
632 642 1.6616754023903606
632 633 0.36508635822370789
633 733 -0.41115729568322773
633 643 0.83509117129641586
633 634 0.68584384229142148
634 734 2.9257075007648297
634 644 0.55682406045285315
634 635 0.24423122475293924
635 735 -0.60506208152895768
635 645 -1.0493378875987245
635 636 0.48073891246059186
636 736 0.44915293051678451
636 646 -0.93888911118591956
636 637 0.047128323378054178
637 737 -0.51894690919936481
637 647 -0.81515609424144508
637 638 0.019797800799607496
638 738 -0.80427175732414014
638 648 0.37196832563844417
638 639 -1.3686450317895607
639 739 -2.374051441291289
639 649 1.0541071341300003
630 639 -0.40603580639910175
640 740 -0.5218286840704095
640 650 -1.1915053607591566
640 641 -1.2254515742675574
641 741 -0.033300979526298159
641 651 0.6477436342764884
641 642 0.14027530029659407
642 742 -0.040601940134275628
642 652 1.4423762124981188
642 643 1.6996812219298338
643 743 0.21424441899706323
643 653 0.88423521325858767
643 644 -0.27152006612040447
644 744 -0.25429095973375893
644 654 -0.23497088263065818
644 645 -0.062833660050515536
645 745 0.41447961035032527
645 655 1.6730803277770057
645 646 1.993343112291017
646 746 -0.41278033664290725
646 656 1.3289312431415834
646 647 -1.0963675966083894
647 747 0.044356324068079878
647 657 0.24214504514283772
647 648 0.5164698250894495
648 748 0.26760301577213652
648 658 -0.3148031094332866
648 649 -0.93585919520685235
649 749 -0.32720115543212036
649 659 -0.87209138334985359
640 649 -0.36964059899392193
650 750 2.3198637431242326
650 660 0.776226062427124
650 651 -0.24047386341604721
651 751 -0.75923639353454953
651 661 -0.12162301260587338
651 652 0.21498395464072489
652 752 -1.1519247498721037
652 662 0.55861021544063971
652 653 0.76823433899496563
653 753 -1.5288800761431751
653 663 -0.21217934614073219
653 654 0.032660903729210329
654 754 1.1285453346255836
654 664 0.080543074197221134
654 655 -0.60397496936292205
655 755 0.60702292444605355
655 665 -2.6932568025320798
655 656 0.81696146637975098
656 756 0.87641425382223892
656 666 0.84701922412062569
656 657 0.70325023821147781
657 757 -0.27123925381139741
657 667 -0.011998949257477552
657 658 -2.1329460744244928
658 758 0.037541956384129598
658 668 -0.15820545965287261
658 659 2.1343127296969935
659 759 -1.4667991608126278
659 669 0.51267053954297581
650 659 0.71646402107753726
660 760 -0.094086701628332423
660 670 -0.56089962211607147
660 661 -0.95616907338668577
661 761 1.1835002234928009
661 671 1.3103253679728568
661 662 1.6267337751523805
662 762 -1.6636301405210809
662 672 -0.3104020126284171
662 663 -1.6963246668336316
663 763 -1.3992314926057612
663 673 -0.29972064660049436
663 664 1.6081159318434535
664 764 -0.95425953371256655
664 674 0.68787323757460361
664 665 1.6939939759619744
665 765 3.1986662887993433
665 675 0.46461389087750926
665 666 -1.2138231527293477
666 766 -1.0201671623527255
666 676 -1.4410736126604364
666 667 0.086604868752303513
667 767 -0.88864038519720157
667 677 -1.4325307803591258
667 668 1.1801539645937937
668 768 -1.4655324592886887
668 678 0.48818332225249195
668 669 0.72097505281282337
669 769 0.72221059583730729
669 679 -1.101456462593309
660 669 0.65135007757939678
670 770 -0.05711933713310114
670 680 -0.87611569985273896
670 671 0.005670998825239356
671 771 -1.7175461879581682
671 681 0.32521146809077295
671 672 -0.072815917428853003
672 772 0.63029613468032808
672 682 -0.40574446636548261
672 673 -0.24974664830678053
673 773 -0.96077777458284475
673 683 0.054640406244598101
673 674 -1.1429023273937071
674 774 0.72420101410797522
674 684 1.2894543049457523
674 675 -0.18307780182780053
675 775 0.39639930579271176
675 685 1.278635271822796
675 676 0.3221510815381165
676 776 0.17843257926580394
676 686 0.7794593342672419
676 677 1.1149839950195592
677 777 -0.49194627893297949
677 687 0.63115078408028669
677 678 -1.9146676254743666
678 778 0.071842133162180508
678 688 0.50173872793521046
678 679 -0.19321048534737723
679 779 -0.55735333229036954
679 689 0.280589477614899
670 679 -1.9584378511598934
680 780 -0.25805099787413754
680 690 -0.84467879746555186
680 681 0.037619040028171825
681 781 -1.4947466260812219
681 691 -0.98381634176622257
681 682 -0.45651258127402716
682 782 1.3864328357864515
682 692 -1.2427034507324277
682 683 -1.295154233308921
683 783 2.3375938762465354
683 693 1.5918909005855211
683 684 -0.19953710427660062
684 784 1.2675568638972039
684 694 1.0217872803442662
684 685 1.2308168236701029
685 785 -0.90575113615264236
685 695 -0.73842668163384639
685 686 -0.52956280802219291
686 786 -0.024406737736526091
686 696 -0.717527021348359
686 687 0.52699265855545496
687 787 1.158634929538719
687 697 -1.3471672459465698
687 688 0.54337544142165817
688 788 -1.203859687050546
688 698 -1.3874801804967671
688 689 0.64873372456944511
689 789 0.23409830694758185
689 699 -0.41832771156920273
680 689 -2.7731056983061761
690 790 -0.78943616851321285
600 690 0.35863392468433053
690 691 0.85156473329388171
691 791 -0.010891573944502622
601 691 -0.24070911101198081
691 692 -0.45662866960952642
692 792 -1.0775963877876373
602 692 -0.33395584010571677
692 693 0.82269235370252403
693 793 0.96205834181827232
603 693 0.79365216012344331
693 694 -0.74091706733723606
694 794 1.4588211399432391
604 694 -1.0510955554093666
694 695 0.49781506931032976
695 795 -0.95648281187180428
605 695 2.1967306228495866
695 696 -0.22967022533258294
696 796 0.76906311843389952
606 696 1.0283435411920883
696 697 1.1148993398281188
697 797 -0.59259114624175258
607 697 0.95555370577644261
697 698 1.2639680131883602
698 798 -0.93003943658616284
608 698 -1.88378699501434
698 699 0.96120552870935561
699 799 -2.0177481978751088
609 699 0.16324518809325475
690 699 -0.80941278306774433
700 800 1.3443506715862681
700 710 -0.6615776774248231
700 701 -0.84811797460159599
701 801 0.44376591235256829
701 711 -0.42775091489811606
701 702 1.8203827775088055
702 802 0.11190854868529261
702 712 0.73794155089706859
702 703 0.26191404367653426
703 803 1.1189412006141137
703 713 1.3683058833796278
703 704 1.656908148573786
704 804 2.0892366013556818
704 714 0.68334527535150369
704 705 1.2602620870744217
705 805 -1.5607782001658821
705 715 -0.0053191296893618425
705 706 1.2439774908300898
706 806 -2.0070450737317649
706 716 -2.0792930757800612
706 707 2.269579544265766
707 807 -0.16439864689610478
707 717 1.3369753629183232
707 708 -1.6006075229797758
708 808 -0.51972121247526537
708 718 -0.10983013509157558
708 709 -0.019018369747551968
709 809 0.3733459898634422
709 719 -0.71915364600985765
700 709 1.1772643737629682
710 810 -2.1564747411358702
710 720 0.19170996241648622
710 711 -0.42026490675703104
711 811 -0.0040755937871524948
711 721 1.2340237938440686
711 712 -0.028660934427153076
712 812 -1.1403473386557927
712 722 -0.93385186591330605
712 713 0.46617733965161262
713 813 -0.83215610228480497
713 723 1.138522409864839
713 714 -0.4332408215177212
714 814 -1.2652259294827903
714 724 0.29915273940986131
714 715 -1.5051442875077572
715 815 -0.56025567879722726
715 725 -0.296914997907608
715 716 0.015067975987463971
716 816 0.76272491384700469
716 726 -0.70460136931607453
716 717 -0.71917278458739764
717 817 1.9036754849727948
717 727 0.99143190191926456
717 718 -0.58899380128897161
718 818 -0.19491511474733897
718 728 -0.14446936496924076
718 719 -1.0062161791312443
719 819 1.1277413751717595
719 729 -0.64128943722540954
710 719 1.109232110753505
720 820 0.64403360695602929
720 730 1.0956474045492499
720 721 -0.51407031967608063
721 821 -0.94601288714804199
721 731 0.9565052724045402
721 722 -0.49895631518716849
722 822 0.28504339365902032
722 732 0.15954646788755272
722 723 -1.0175176864993667
723 823 1.5010886895219919
723 733 -0.52865566571876899
723 724 -0.60158908974393788
724 824 0.64682312946476528
724 734 1.2208697199162668
724 725 1.1789868554411096
725 825 1.3760601134363872
725 735 -0.84261116460476104
725 726 0.45187883606577151
726 826 1.4515195380979629
726 736 -0.69623634987402294
726 727 -0.018366606666892698
727 827 -0.71895717407190129
727 737 -0.97283441939846715
727 728 0.98484214274804549
728 828 -0.31372597462414087
728 738 0.70771767742436953
728 729 -0.46561769761512156
729 829 0.39686821465931388
729 739 0.44356303470965786
720 729 0.6480968831663152
730 830 0.29877871135128403
730 740 -0.9728045498512965
730 731 -0.39899989564002941
731 831 -0.55221238990401789
731 741 0.80675215704949854
731 732 0.52650286760501153
732 832 -0.40128250570901008
732 742 0.71029048369839121
732 733 -0.48117197712580378
733 833 0.9770076118205171
733 743 0.22923592575828061
733 734 -0.25889766316664731
734 834 -0.24117750500144344
734 744 1.0488465684178545
734 735 -0.86927202418396732
735 835 -0.88519632909545809
735 745 1.0609596171792852
735 736 -0.57491947392615939
736 836 -0.46984914128023458
736 746 0.33309460378335287
736 737 0.13550882588224455
737 837 1.850452009696097
737 747 -0.42629494871387763
737 738 -0.24145999752496125
738 838 2.0237608858251219
738 748 -0.32031851958500929
738 739 0.46883694244882024
739 839 -0.33601485138292908
739 749 0.16556342517777267
730 739 0.45317111843982472
740 840 -0.72532091175906244
740 750 0.4006743315551648
740 741 -0.67567740642153629
741 841 0.38429974800017075
741 751 0.61031595013418061
741 742 0.30293646476624475
742 842 -0.49524991076038016
742 752 -0.28992609323157564
742 743 0.12461089576812957
743 843 -0.41536859140394827
743 753 -1.0566023725504228
743 744 1.4234808598179489
744 844 -0.89586791927409493
744 754 -0.30311527211094919
744 745 0.68484049619602183
745 845 -0.57447942800022334
745 755 1.259480881113153
745 746 -1.587776700707161
746 846 -1.4313589384522953
746 756 -0.24842856923556003
746 747 0.67878657383730134
747 847 0.20815091926160598
747 757 -0.58014947969251374
747 748 -1.516631860998108
748 848 -0.19987495463119773
748 758 0.078995345505030568
748 749 0.60728425391132124
749 849 0.035375119421142256
749 759 0.3552174839520279
740 749 0.34660647219860868
750 850 0.58499688578182985
750 760 0.38263832385869789
750 751 -0.75286866308944389
751 851 -1.063793944320246
751 761 0.18651182354701282
751 752 0.74135656617607681
752 852 -1.4075394952473992
752 762 0.19054674049572487
752 753 -2.6817484875607409
753 853 0.52915159581647275
753 763 -0.49765849739579121
753 754 1.5255365310329771
754 854 0.67626650605539307
754 764 -1.3425474564832782
754 755 0.83024657686585523
755 855 -0.63735794283580383
755 765 -0.36649534035326892
755 756 -1.3058330669618377
756 856 0.23692697155905484
756 766 -0.66389314232269148
756 757 -0.81416062746471274
757 857 0.93940852599392755
757 767 -0.34467469636816395
757 758 -1.4991040694527478
758 858 1.8406757358423385
758 768 -0.0095346194511826323
758 759 -1.1312370397458207
759 859 1.2473668743394823
759 769 1.4958911145053315
750 759 1.6964262404148365
760 860 0.69977057557410371
760 770 1.0802734759305093
760 761 -1.235203990040296
761 861 -0.86522876961359907
761 771 -0.80745733698574962
761 762 -1.0383984950607803
762 862 -0.11254903527413346
762 772 0.31116216377334838
762 763 -0.38907677523476131
763 863 0.43769911198919204
763 773 0.15193278139974803
763 764 1.2931333346922309
764 864 -0.68228861403862207
764 774 -1.0140817101409039
764 765 -0.050776477306550542
765 865 0.096467265981410727
765 775 -1.3319830063775422
765 766 1.7271869199655712
766 866 0.23052634717131129
766 776 -0.66299157013535781
766 767 0.60796381523357146
767 867 0.60479762680102245
767 777 -1.5010132469971802
767 768 -0.46120554222835464
768 868 -0.042859280114483866
768 778 -1.0371467228309246
768 769 0.9686460313324109
769 869 -0.34473106445759399
769 779 2.9509020669546944
760 769 2.0928857168427206
770 870 -0.35892744831277701
770 780 -0.056837706774778028
770 771 1.2809334838572708
771 871 0.44757038042706404
771 781 0.059794388801497254
771 772 -0.67612234055620635
772 872 -0.16353174777071536
772 782 0.47281702284764576
772 773 0.86595581956856549
773 873 -1.2959217730094226
773 783 0.78535761929011427
773 774 -0.3878355118870393
774 874 1.1963305640275443
774 784 -0.98625795122915227
774 775 0.94352795060158201
775 875 0.036174915155089242
775 785 -0.023118822811918679
775 776 0.03639629451846229
776 876 -0.53893038850903707
776 786 0.87138206010956631
776 777 -0.44683163267593173
777 877 1.640015472911531
777 787 -0.94400605380604119
777 778 0.11776984849242726
778 878 -0.26948163863272645
778 788 -0.95451808933219329
778 779 -0.19292915717854534
779 879 0.97272682655218268
779 789 -0.48940124837757315
770 779 0.06593026920826732
780 880 0.59927692680344569
780 790 1.5520828706721641
780 781 0.48000809223227653
781 881 0.40125389741512218
781 791 1.187818241191952
781 782 0.71313342698472715
782 882 0.078987391347412686
782 792 0.67560880937975942
782 783 0.29401322235713051
783 883 -0.18517902331230662
783 793 -0.91521106846379885
783 784 -0.049415974762730172
784 884 0.88984199452266333
784 794 0.86528620311100823
784 785 0.73436149443115373
785 885 -0.23280255797918223
785 795 -1.3255892201131478
785 786 0.64986017218300518
786 886 0.37077999439994364
786 796 -1.6157509318393757
786 787 -0.76956553975975839
787 887 -1.312883473156784
787 797 0.97398382375440318
787 788 0.23066339516299025
788 888 -0.78092903964847848
788 798 -0.94573708394506573
788 789 1.1151878551000538
789 889 -2.1383905700254844
789 799 -0.16621267510008408
780 789 1.80830146718464
790 890 -0.5128215109629275
700 790 -0.96529389090751039
790 791 -1.0698635928140947
791 891 1.3501967528460308
701 791 -0.074109524090914869
791 792 1.4680409846606239
792 892 -1.9779492923053879
702 792 -0.11246911593077037
792 793 -1.4831759727083127
793 893 1.2381750429859524
703 793 -0.10801421656682109
793 794 0.05425892596996456
794 894 1.0959932386169655
704 794 1.2482737893524796
794 795 -0.94358881137107464
795 895 -0.73336750303928711
705 795 -0.026097713881736154
795 796 0.49718098265304117
796 896 -0.35207878672019971
706 796 2.2347325602197134
796 797 0.36467167142057044
797 897 -1.2938359716553915
707 797 -0.95365425140787952
797 798 0.00349850760582058
798 898 1.0493427291673578
708 798 0.10689799461076588
798 799 -0.38685868876972496
799 899 0.65594372038118032
709 799 0.44292550829609856
790 799 1.4210239199933472
800 900 -1.4450354226439313
800 810 -0.63738689046359243
800 801 0.78475735884776554
801 901 1.3747634783608347
801 811 0.87813604762006836
801 802 -0.18700662550935793
802 902 0.69056450191794061
802 812 0.078323613264232123
802 803 0.082456000698418602
803 903 -0.58418224908708227
803 813 -2.1681293866326845
803 804 -0.087827551162837983
804 904 -0.34248664782532823
804 814 0.73111109137125607
804 805 1.6782924276420581
805 905 -1.2386429366293037
805 815 0.86026560069246127
805 806 -0.017335140553848254
806 906 0.24832038405514173
806 816 -0.18466769306154265
806 807 -0.73600853884557293
807 907 0.16503817557746214
807 817 0.45429715604736964
807 808 -1.3299866857068514
808 908 0.62083692983100724
808 818 -1.550993057725466
808 809 0.11336757861071442
809 909 -0.4883671928984093
809 819 -0.55484054686469486
800 809 0.11226346783588653
810 910 0.36433647230950872
810 820 -0.16249860997304796
810 811 1.025018595650893
811 911 -1.6249875823370283
811 821 -0.16713207189300666
811 812 0.74076320265302087
812 912 -1.4464068296819621
812 822 0.56978856360816665
812 813 0.86794095855097864
813 913 -1.0073379282834189
813 823 -0.28183589932830555
813 814 -1.5365764104933259
814 914 0.51404496013382006
814 824 -0.23670506453790305
814 815 -0.26299001655196397
815 915 1.497752406040848
815 825 -0.1598221096930017
815 816 -1.4062742764463794
816 916 -0.096074010610985874
816 826 -1.9853932164782919
816 817 0.076228521789276096
817 917 -0.97990180366783575
817 827 -0.60031265143903279
817 818 0.5841759969898499
818 918 0.28295699911073885
818 828 -0.10835982973613004
818 819 0.75536058808256601
819 919 -0.62999162557394461
819 829 2.5195919450523356
810 819 -1.2768161172425601
820 920 -1.1550503308529971
820 830 -1.0056107248074917
820 821 -0.12455834375817845
821 921 0.94467851362006861
821 831 -0.66467861420775409
821 822 -0.77097044561595129
822 922 -0.81918087392986183
822 832 0.69314823561522232
822 823 -0.10661818315385141
823 923 2.0714939019418308
823 833 1.0337675245335127
823 824 -0.39371275819300755
824 924 -0.79350847434990823
824 834 3.0392400792474801
824 825 0.033483084456034963
825 925 -0.29849513381943898
825 835 0.4881296319795545
825 826 1.3054640421945374
826 926 0.20050739578918214
826 836 0.39309547838289538
826 827 -1.7474945456813857
827 927 -0.10456980096371082
827 837 -0.28568022666847237
827 828 -1.6624001954778318
828 928 1.5101535262983417
828 838 0.7606206843128156
828 829 -1.0218628382479988
829 929 -0.37268588143131604
829 839 -0.59078880883187945
820 829 0.72238770648399075
830 930 -0.1808945766554699
830 840 -0.1463793900316244
830 831 0.92553164373587948
831 931 0.28084718091764238
831 841 0.80051403605143379
831 832 -1.7101826740277823
832 932 0.99598817035881337
832 842 1.4205012100765209
832 833 0.12492808212564638
833 933 -0.0064674724401999279
833 843 1.4591604484899672
833 834 0.63609280283468439
834 934 0.59336909252850401
834 844 -1.6210667451696639
834 835 1.1999275180910633
835 935 -1.4821986275008894
835 845 -1.4760353989103754
835 836 2.5707198493542367
836 936 0.51831733833086358
836 846 0.18162843895196376
836 837 -0.79190415704283812
837 937 0.05433378117765908
837 847 0.23825200104717625
837 838 -0.37973099638367874
838 938 -0.17864886370837582
838 848 -0.03950195556481572
838 839 1.2348529348903308
839 939 -1.0982263958369605
839 849 0.91773570317782172
830 839 -1.5224648250823976
840 940 0.15993534726714403
840 850 -0.20841852892204976
840 841 -0.019702763775344568
841 941 -0.24696841938180608
841 851 1.2863721244545814
841 842 -0.91865948649107276
842 942 -0.15551751275368092
842 852 -0.38073043259179318
842 843 0.91089925926840332
843 943 0.50303193368065779
843 853 -0.099853561478721195
843 844 -0.2104066550699985
844 944 0.67132830626935946
844 854 -0.34939494591739373
844 845 -0.58955512411332134
845 945 -0.54697261299628464
845 855 0.25136704952774946
845 846 0.4829905609678361
846 946 0.95700913872828908
846 856 0.46961158558835603
846 847 -0.38640202152164221
847 947 0.29879734064316738
847 857 0.65968817922876599
847 848 0.41454390596104818
848 948 -0.11411507271955272
848 858 -1.2676500259912711
848 849 0.67070194192393395
849 949 1.8618181500204674
849 859 0.82490922837471903
840 849 0.51495666966839804
850 950 0.82105106027256836
850 860 0.8629262398196853
850 851 -1.3997271382686529
851 951 2.6557352039380056
851 861 -1.1740199455449933
851 852 -1.1219765195884448
852 952 -1.6683434210903012
852 862 -0.11955131931854621
852 853 -0.12744448199958736
853 953 0.031132220641721303
853 863 1.5970253200240028
853 854 -0.75106463973608451
854 954 -1.9249889439125947
854 864 -0.73663605048294567
854 855 0.072774807973201461
855 955 0.079299894023959455
855 865 0.25126681513720633
855 856 -0.52790624770603001
856 956 1.4066348785687308
856 866 -1.3921388849823089
856 857 2.4852290405814204
857 957 -1.5735470059777534
857 867 0.090036578822875774
857 858 -0.80489963937387687
858 958 -0.035982240981515187
858 868 -1.2553249856758359
858 859 0.94804938745016643
859 959 0.4429709900583006
859 869 -0.19016086531506243
850 859 -1.493690067545113
860 960 -0.22785785275100623
860 870 0.9049432747028382
860 861 0.10912685552330158
861 961 0.52759493990880435
861 871 1.4353536843376138
861 862 -0.23287083554169663
862 962 0.51092954550074388
862 872 0.20278355417029037
862 863 -0.18945082829684348
863 963 0.4176497311500672
863 873 0.849009915887876
863 864 1.5576895743699857
864 964 0.16735283414472846
864 874 -0.45908592318201175
864 865 -0.59233884178661511
865 965 -0.10402267139423471
865 875 0.7965031122596935
865 866 -0.29956176235678478
866 966 1.2900919360195715
866 876 -0.075977109802330856
866 867 1.0426753634512718
867 967 -1.3377998488568341
867 877 0.39627023718759696
867 868 -1.0633121229393652
868 968 0.11994551528462156
868 878 -1.8216417518720447
868 869 -0.70100071843750034
869 969 0.12634003542834316
869 879 1.1775513556498023
860 869 0.89974701846093386
870 970 -0.84164599395449413
870 880 -0.55293765667584838
870 871 0.063794509891818924
871 971 0.9270776479950944
871 881 0.13463608931417295
871 872 -1.7786283028343743
872 972 0.092931466239400434
872 882 -1.2657180308524767
872 873 0.99360481575286452
873 973 1.1695959263379418
873 883 -0.53608241701982873
873 874 1.1029169532542134
874 974 -0.56253224746356778
874 884 1.5066621243664275
874 875 -0.19532654752010303
875 975 2.3107267051575779
875 885 0.045668636621445789
875 876 0.25872674712124011
876 976 -0.48824982194376881
876 886 0.21398669245564467
876 877 0.79328788516764048
877 977 1.3150766139765167
877 887 -0.79302232283528951
877 878 0.53406078515984934
878 978 0.91393815385654664
878 888 -0.55429180892362373
878 879 1.4980854599064457
879 979 -0.49866990160624658
879 889 1.0095559326040759
870 879 1.397300440016894
880 980 -0.49630810637789197
880 890 -0.011106647484558514
880 881 1.3595131106524847
881 981 -0.93543113787678644
881 891 1.2041518032574954
881 882 1.4064012694422801
882 982 -0.36391711402399168
882 892 1.5799743473121435
882 883 -0.76873505013885624
883 983 -0.89896981109905649
883 893 -0.26346449620585244
883 884 -1.092266293099736
884 984 1.6641281150631488
884 894 0.85403701421103262
884 885 -1.1749580291974868
885 985 1.384731416933507
885 895 0.040641209558474209
885 886 -1.6194747350375198
886 986 -0.82895732140681655
886 896 -1.1951909284587361
886 887 0.16707974998990188
887 987 -0.088068897190190135
887 897 -0.59420958290933235
887 888 2.5090539352405559
888 988 0.66575341727984128
888 898 1.1438968129312916
888 889 -0.24119299185554119
889 989 1.4005317234762811
889 899 0.096555954406910297
880 889 1.3578106097698917
890 990 -0.4889654206106353
800 890 2.1394689961458075
890 891 -0.74171299842949945
891 991 0.73565208598013665
801 891 -0.65866794663222283
891 892 -0.10230435409633151
892 992 -0.73695572003317189
802 892 -0.16013980858819205
892 893 1.0624803431625005
893 993 -0.036373254382462694
803 893 -0.59205288254463018
893 894 -0.074116822425609089
894 994 1.3678540018847734
804 894 -1.2053909309006148
894 895 0.22665470979303085
895 995 -0.74629019591317936
805 895 0.037956637234676099
895 896 -0.65640319745648634
896 996 -0.06136147882861033
806 896 -0.57401600630433169
896 897 -0.20242968668156716
897 997 -1.0388417179762683
807 897 -0.29513706318540051
897 898 0.27744193605577605
898 998 0.066190203379151005
808 898 1.0893187504930939
898 899 -0.01079724805078844
899 999 0.41188725393698356
809 899 0.72074990418969875
890 899 -0.13707017329400467
0 900 -0.7056008658481443
900 910 -1.1312437059678193
900 901 0.20275318912138746
1 901 -0.40152330736171049
901 911 -0.86775818071316235
901 902 -0.0080388088723813977
2 902 0.65568859294393789
902 912 -0.27975963064346543
902 903 0.8841136778833415
3 903 -0.12095340899382803
903 913 -0.20018515874839815
903 904 0.92784516588616539
4 904 0.34061841737790099
904 914 -1.1889629696371491
904 905 0.01461668095840421
5 905 1.1777065223736152
905 915 -0.27934767270100158
905 906 0.76917313097755136
6 906 0.23274952100123061
906 916 -0.97612867601573394
906 907 0.62434946206037412
7 907 -0.13184484328247814
907 917 0.33240634825962456
907 908 0.1157126673579842
8 908 1.3683529430362946
908 918 -0.85302077253570241
908 909 0.067828745028436693
9 909 1.3738155421228373
909 919 -1.3675601880031376
900 909 0.33140852714770824
10 910 0.66581306060614243
910 920 -0.14713121862609882
910 911 -0.32108787550542028
11 911 0.4908323158135014
911 921 0.14509273378730969
911 912 -0.68857851539684201
12 912 -0.49852026589554721
912 922 -1.0418331902786619
912 913 -1.0209574171572051
13 913 -0.21502566849094665
913 923 -0.27688147588604661
913 914 0.55248465201217933
14 914 0.36077628793792726
914 924 0.17457767020283607
914 915 -1.0117585751310703
15 915 -1.5529320113886529
915 925 -1.9169810105672724
915 916 -1.669669016713013
16 916 0.009405072432478262
916 926 -0.94682753345651394
916 917 0.3321710633302698
17 917 1.0325434842150412
917 927 0.27211024835471381
917 918 -0.34741915985880095
18 918 0.22904391975988075
918 928 1.4780506919858962
918 919 0.32248032910546787
19 919 0.57547762406226888
919 929 1.1054735300011058
910 919 -2.3432203475120805
20 920 -1.3294776567629809
920 930 -0.93926807815341162
920 921 -0.015976461863495561
21 921 -0.36625379377025064
921 931 -0.58221965576746626
921 922 0.06109409336164795
22 922 0.51144791767303688
922 932 -0.4832167619809416
922 923 -0.62917158077760171
23 923 1.8387860094926083
923 933 -0.088899205978402576
923 924 -0.038513421219470309
24 924 1.0707041451822656
924 934 -0.069406541287520968
924 925 0.68849991255553999
25 925 1.5843096364642293
925 935 -0.14038681999360528
925 926 0.50575917149203675
26 926 3.0076489856631539
926 936 0.85454531651236387
926 927 1.7315702947263862
27 927 -0.028810546220161427
927 937 -0.59899439131701504
927 928 1.6934788633602798
28 928 0.18071344250510862
928 938 -1.0145289743025288
928 929 0.25660873910048321
29 929 -0.68785782370994331
929 939 -1.4980164288403905
920 929 -0.13173301368356954
30 930 0.56113931669642125
930 940 -0.83062322923829968
930 931 0.54312455259150116
31 931 -0.82271989487239316
931 941 -0.092257439219938814
931 932 -0.18051241964259956
32 932 -0.5367666005875622
932 942 0.64852888959050725
932 933 0.89128540198263584
33 933 -1.674970791865557
933 943 -0.072083291293161267
933 934 -0.97223985101596322
34 934 -0.79010775885245166
934 944 1.4150079284672361
934 935 -1.5741203546082547
35 935 0.8206168742944725
935 945 -0.41819105122313482
935 936 -0.89962710773922649
36 936 0.2054671882374641
936 946 -1.6977406256408158
936 937 -0.46759715915118483
37 937 -0.051806701118673144
937 947 -0.61887253817315002
937 938 -0.12263047693218651
38 938 -1.0395949541220582
938 948 -0.67918053804415579
938 939 1.7799317734580111
39 939 -2.1153446790643233
939 949 0.82264179378432434
930 939 0.046102382739601419
40 940 0.092922734233289311
940 950 -1.6048385634218185
940 941 -0.45559146333180728
41 941 -1.4927975786421557
941 951 -0.42763924365065414
941 942 -1.1821841065650183
42 942 0.84144228306741664
942 952 0.72511197657724979
942 943 2.051231167470819
43 943 0.2186510403879254
943 953 0.56065933625817777
943 944 -0.22319820451288652
44 944 0.55218729054382176
944 954 -0.13587653147095999
944 945 -0.23591625575790451
45 945 0.7931883501014555
945 955 -1.3281767463841967
945 946 0.69770357318488985
46 946 -0.9469942831972098
946 956 -0.27943409849196033
946 947 0.57638222471477163
47 947 0.28537018579196421
947 957 -0.56518091333779841
947 948 1.8419383063939643
48 948 1.3400501468791912
948 958 2.5380111263483123
948 949 1.7170807579458223
49 949 0.56674170796298162
949 959 -0.34638180753925502
940 949 0.86539782252796771
50 950 -0.20465935907774346
950 960 -0.95238405245571545
950 951 -0.17162456315430816
51 951 0.10447288253737054
951 961 0.050760393845784443
951 952 1.0459528332032217
52 952 -0.59470011765254682
952 962 -0.83399354717399421
952 953 -1.3342539699007148
53 953 0.99965592714769935
953 963 -0.52311553442960101
953 954 -1.2522186301459914
54 954 1.4109642393367319
954 964 0.16514826601682217
954 955 -0.44582812135691646
55 955 -0.69914897926743502
955 965 0.40399246412214046
955 956 -0.041616218583863045
56 956 -0.54496683956289982
956 966 -0.14398504221219011
956 957 -0.16763946921113487
57 957 2.0126816703400303
957 967 -0.39340106948405179
957 958 0.039056660734934863
58 958 0.95068729271112851
958 968 0.5996190613145993
958 959 -0.32583878064708449
59 959 -1.372160611963585
959 969 -1.3678329279866137
950 959 0.11143354246199066
60 960 -0.16202342354685861
960 970 0.89934788331765803
960 961 0.20125896954506409
61 961 1.3171684494288267
961 971 1.7595204970550062
961 962 0.38769156349780776
62 962 -0.75146742248877341
962 972 -1.4556285519425778
962 963 1.2762944223524422
63 963 0.38965016782878037
963 973 0.94362243655619227
963 964 -0.38801792580420108
64 964 0.50563415691816904
964 974 -0.42933614062833325
964 965 1.0487439614704206
65 965 -0.25493698126451403
965 975 -0.32136508005409653
965 966 1.422297501284471
66 966 0.22083175075055347
966 976 0.24008723732455681
966 967 1.3577087671961074
67 967 1.6838157288097673
967 977 -0.15365148314773769
967 968 0.26592908908958629
68 968 0.59290644321509345
968 978 1.8691596534307355
968 969 0.70760273891799264
69 969 1.0432099012315246
969 979 -0.942632470872245
960 969 -0.97416805348444102
70 970 0.58150322723887482
970 980 1.4038058585991264
970 971 0.17817450636593446
71 971 -1.4390491892271975
971 981 -0.35025297628001956
971 972 -0.20532714542073785
72 972 -1.7730991863416656
972 982 -0.41507573421805488
972 973 1.6400610212910134
73 973 2.0079708809827008
973 983 0.9210683051432399
973 974 0.92241226813891952
74 974 -0.97126993057854105
974 984 -0.91059263340850405
974 975 0.27592949537647304
75 975 -0.12447336793219153
975 985 -0.62368525687746879
975 976 1.5240091925636987
76 976 -0.83184489355352742
976 986 0.54706722531372309
976 977 -1.0362517429664841
77 977 -0.61187437878517792
977 987 1.13065625093725
977 978 -1.5058175855805618
78 978 -0.16832814670155316
978 988 -0.2894788255619386
978 979 1.8868016687967686
79 979 0.51477672442708344
979 989 -0.74925264740513431
970 979 -0.72358139019747159
80 980 0.16192527387835196
980 990 -1.120804994930986
980 981 -0.032406848934813125
81 981 -2.7685879430226779
981 991 1.8653450578793711
981 982 0.52186754577343941
82 982 1.0490815744628503
982 992 -0.78109353679653637
982 983 0.20838852622986828
83 983 -1.6569731220590147
983 993 0.95072561237213904
983 984 0.41121870549208839
84 984 -0.19413495098134501
984 994 -1.0460116230641858
984 985 0.25896868935193385
85 985 0.63689209947342296
985 995 -0.80045475121619225
985 986 0.34313240049700927
86 986 0.48301602896183721
986 996 0.5947396759193635
986 987 1.5668177698465462
87 987 0.74916803388993003
987 997 -0.4230840660074473
987 988 0.92387880773791353
88 988 1.1998861312059195
988 998 0.080708889190826957
988 989 0.53611102492594109
89 989 0.87677878651029706
989 999 0.22747193214143618
980 989 -0.12937928288377373
90 990 0.35032706046399059
900 990 0.90947615571056928
990 991 -1.1280833397494316
91 991 -0.5486502854190205
901 991 0.17152602724423188
991 992 1.7615750991907053
92 992 1.2802600791479504
902 992 1.031373773943125
992 993 -0.34129066542168052
93 993 0.19039062664395018
903 993 1.1012906997066503
993 994 1.3301141235438299
94 994 -1.510943708364348
904 994 -0.79920938368933447
994 995 1.6705825624710759
95 995 0.48305477428807947
905 995 -2.4085075639141973
995 996 0.40514935153563802
96 996 -0.36524481037266116
906 996 0.68258233750505937
996 997 -0.17596042804937423
97 997 -0.18383281042407754
907 997 1.1657404977903978
997 998 0.0081961083070599267
98 998 -2.2596086776440787
908 998 -0.55245873787969968
998 999 -0.54761942128186558
99 999 1.2164705383060654
909 999 0.88648336780999148
990 999 0.38393050022855291
