# model=ea3d N=512 meanJ=0 seed=231448573 distribution=gaussian field=0 num_fields=512 num_couplings=1536
0 0
1 0
2 0
3 0
4 0
5 0
6 0
7 0
8 0
9 0
10 0
11 0
12 0
13 0
14 0
15 0
16 0
17 0
18 0
19 0
20 0
21 0
22 0
23 0
24 0
25 0
26 0
27 0
28 0
29 0
30 0
31 0
32 0
33 0
34 0
35 0
36 0
37 0
38 0
39 0
40 0
41 0
42 0
43 0
44 0
45 0
46 0
47 0
48 0
49 0
50 0
51 0
52 0
53 0
54 0
55 0
56 0
57 0
58 0
59 0
60 0
61 0
62 0
63 0
64 0
65 0
66 0
67 0
68 0
69 0
70 0
71 0
72 0
73 0
74 0
75 0
76 0
77 0
78 0
79 0
80 0
81 0
82 0
83 0
84 0
85 0
86 0
87 0
88 0
89 0
90 0
91 0
92 0
93 0
94 0
95 0
96 0
97 0
98 0
99 0
100 0
101 0
102 0
103 0
104 0
105 0
106 0
107 0
108 0
109 0
110 0
111 0
112 0
113 0
114 0
115 0
116 0
117 0
118 0
119 0
120 0
121 0
122 0
123 0
124 0
125 0
126 0
127 0
128 0
129 0
130 0
131 0
132 0
133 0
134 0
135 0
136 0
137 0
138 0
139 0
140 0
141 0
142 0
143 0
144 0
145 0
146 0
147 0
148 0
149 0
150 0
151 0
152 0
153 0
154 0
155 0
156 0
157 0
158 0
159 0
160 0
161 0
162 0
163 0
164 0
165 0
166 0
167 0
168 0
169 0
170 0
171 0
172 0
173 0
174 0
175 0
176 0
177 0
178 0
179 0
180 0
181 0
182 0
183 0
184 0
185 0
186 0
187 0
188 0
189 0
190 0
191 0
192 0
193 0
194 0
195 0
196 0
197 0
198 0
199 0
200 0
201 0
202 0
203 0
204 0
205 0
206 0
207 0
208 0
209 0
210 0
211 0
212 0
213 0
214 0
215 0
216 0
217 0
218 0
219 0
220 0
221 0
222 0
223 0
224 0
225 0
226 0
227 0
228 0
229 0
230 0
231 0
232 0
233 0
234 0
235 0
236 0
237 0
238 0
239 0
240 0
241 0
242 0
243 0
244 0
245 0
246 0
247 0
248 0
249 0
250 0
251 0
252 0
253 0
254 0
255 0
256 0
257 0
258 0
259 0
260 0
261 0
262 0
263 0
264 0
265 0
266 0
267 0
268 0
269 0
270 0
271 0
272 0
273 0
274 0
275 0
276 0
277 0
278 0
279 0
280 0
281 0
282 0
283 0
284 0
285 0
286 0
287 0
288 0
289 0
290 0
291 0
292 0
293 0
294 0
295 0
296 0
297 0
298 0
299 0
300 0
301 0
302 0
303 0
304 0
305 0
306 0
307 0
308 0
309 0
310 0
311 0
312 0
313 0
314 0
315 0
316 0
317 0
318 0
319 0
320 0
321 0
322 0
323 0
324 0
325 0
326 0
327 0
328 0
329 0
330 0
331 0
332 0
333 0
334 0
335 0
336 0
337 0
338 0
339 0
340 0
341 0
342 0
343 0
344 0
345 0
346 0
347 0
348 0
349 0
350 0
351 0
352 0
353 0
354 0
355 0
356 0
357 0
358 0
359 0
360 0
361 0
362 0
363 0
364 0
365 0
366 0
367 0
368 0
369 0
370 0
371 0
372 0
373 0
374 0
375 0
376 0
377 0
378 0
379 0
380 0
381 0
382 0
383 0
384 0
385 0
386 0
387 0
388 0
389 0
390 0
391 0
392 0
393 0
394 0
395 0
396 0
397 0
398 0
399 0
400 0
401 0
402 0
403 0
404 0
405 0
406 0
407 0
408 0
409 0
410 0
411 0
412 0
413 0
414 0
415 0
416 0
417 0
418 0
419 0
420 0
421 0
422 0
423 0
424 0
425 0
426 0
427 0
428 0
429 0
430 0
431 0
432 0
433 0
434 0
435 0
436 0
437 0
438 0
439 0
440 0
441 0
442 0
443 0
444 0
445 0
446 0
447 0
448 0
449 0
450 0
451 0
452 0
453 0
454 0
455 0
456 0
457 0
458 0
459 0
460 0
461 0
462 0
463 0
464 0
465 0
466 0
467 0
468 0
469 0
470 0
471 0
472 0
473 0
474 0
475 0
476 0
477 0
478 0
479 0
480 0
481 0
482 0
483 0
484 0
485 0
486 0
487 0
488 0
489 0
490 0
491 0
492 0
493 0
494 0
495 0
496 0
497 0
498 0
499 0
500 0
501 0
502 0
503 0
504 0
505 0
506 0
507 0
508 0
509 0
510 0
511 0
0 64 -0.15132719158570448
0 8 -0.1914153716912364
0 1 -0.47241643489887919
1 65 0.93822713812360903
1 9 2.430086717499742
1 2 -1.9300621450958777
2 66 1.0364864606707724
2 10 0.55470053145029374
2 3 -0.77561082876296739
3 67 0.62634124857456264
3 11 -0.78013817460947987
3 4 1.5529615581304588
4 68 1.2944600470771959
4 12 0.73743930065286711
4 5 -0.72866806271329121
5 69 0.65685345338638568
5 13 -1.7896913913253247
5 6 -1.2923408617997789
6 70 0.25221423907145252
6 14 -0.73160338416386983
6 7 1.5672964428769764
7 71 -1.2498079576316847
7 15 -0.50129071933027725
0 7 0.5376902320345579
8 72 1.4586896957646618
8 16 -0.55245087600539999
8 9 0.071427099794403565
9 73 0.14223351055700337
9 17 -1.2479425731509999
9 10 1.4598943004437686
10 74 0.85380487358813306
10 18 0.88498664857528619
10 11 2.1509734342826774
11 75 1.1022861461899867
11 19 -1.1047444424140767
11 12 0.46343049435750544
12 76 -0.71279428544489509
12 20 -0.079852995992460943
12 13 1.3472467190051614
13 77 2.1626614944607296
13 21 0.31198596347241514
13 14 -1.1122868417934448
14 78 0.021487585255477164
14 22 0.81439102481866321
14 15 -0.25541573680823393
15 79 -0.1881386153935577
15 23 -0.107018149828432
8 15 -2.1761255903214258
16 80 -0.7904662553223798
16 24 -0.23378032106857394
16 17 0.74894825621519157
17 81 0.10929732769591989
17 25 0.51450257518746678
17 18 0.91731225479917777
18 82 0.74062171780530239
18 26 -0.84775047460622799
18 19 0.60851277321625241
19 83 -1.4314472157471196
19 27 -0.060540676864561827
19 20 -1.4652082027969102
20 84 -1.8369515153170757
20 28 -0.86780812051529488
20 21 -0.86122298316293777
21 85 -1.8110476796075996
21 29 -1.0585980177883594
21 22 0.20521761882037057
22 86 -2.7511601831188122
22 30 -1.2786147528678369
22 23 0.68153936606889975
23 87 -0.7928862771858205
23 31 0.85777384277344604
16 23 1.1097463659140612
24 88 -0.81927994055971487
24 32 0.78596490809274699
24 25 -0.37931158891202088
25 89 -0.96843562482913137
25 33 -0.29338480036240383
25 26 -0.90781978846582678
26 90 -0.10673705284786378
26 34 2.5113089865980007
26 27 -0.39531633454592535
27 91 -1.3740374448946067
27 35 1.550566527844899
27 28 -0.35901586652938372
28 92 0.073875024443080139
28 36 2.4686389724979461
28 29 0.38569925781483111
29 93 2.237321941105749
29 37 -2.8397500406209963
29 30 2.7896434631112328
30 94 -1.35805430348323
30 38 -0.99603014838537152
30 31 0.31324529977949256
31 95 0.26520185224359966
31 39 0.96824513882765573
24 31 -0.56303425564181708
32 96 1.3522835481513336
32 40 -0.85557471442345312
32 33 0.29466117052441682
33 97 -0.17587262346965851
33 41 0.43578028601958879
33 34 0.38623826087399882
34 98 -0.34454243237027449
34 42 0.95659893310430932
34 35 1.4351532377164264
35 99 0.43635640027946876
35 43 -1.4489818795910838
35 36 -0.719875849860383
36 100 -0.41571260874298327
36 44 -0.74423237130911757
36 37 0.38007090034735258
37 101 -1.0532157031496596
37 45 1.0729450555704332
37 38 -1.7399192864954525
38 102 0.0070889382788589025
38 46 -0.12781663444286662
38 39 -0.62936916381223285
39 103 -1.6210446508673071
39 47 0.1578953511321613
32 39 -0.3075422745171511
40 104 0.27902735069433016
40 48 -1.3648106208619519
40 41 0.76223517003353847
41 105 -0.65329385957122121
41 49 1.0516209251839133
41 42 -0.97841816606236931
42 106 0.39664701683060055
42 50 0.46574105357180462
42 43 0.61023188284776186
43 107 0.11319753828935926
43 51 0.65089863974387063
43 44 1.4251447845359986
44 108 -0.78261806216359919
44 52 -0.69439505199821305
44 45 0.64164367048603332
45 109 -0.59384453946440685
45 53 1.0523652706216615
45 46 0.50323301214677718
46 110 -0.60278136665327042
46 54 -1.0155835171068499
46 47 0.34253432544630813
47 111 -1.5658428285690893
47 55 1.145503870860523
40 47 -0.093019871477440966
48 112 0.78341819171172811
48 56 0.32953862834466979
48 49 -0.24617134973589544
49 113 0.86563191908282155
49 57 0.20878135863010219
49 50 0.87360630442665066
50 114 -0.51038029825325015
50 58 0.72480123726374179
50 51 1.57380249429466
51 115 0.98492975496219415
51 59 -0.061336547240477594
51 52 -0.94772770374595117
52 116 -0.54137099407162392
52 60 -0.6096021151169142
52 53 0.21944160989451558
53 117 -0.39140472728703468
53 61 1.0937747151828452
53 54 0.51654636204080662
54 118 -0.39112111888422663
54 62 0.65802477518890579
54 55 0.70099174883970183
55 119 -0.17526651668575427
55 63 -0.22536808374075551
48 55 -0.0033727350935799155
56 120 -0.95599879577264435
0 56 1.0273454272298919
56 57 0.62663256561542258
57 121 -2.1612174642653001
1 57 1.7969786279677922
57 58 0.39423173753265778
58 122 0.26479166127590492
2 58 -0.94321830148864316
58 59 1.8352124273146198
59 123 -0.43851307380481314
3 59 0.25935258794573063
59 60 -0.86546264029921149
60 124 1.2068144221758328
4 60 0.35666417456407967
60 61 -1.4118726482226316
61 125 -0.73506305157851481
5 61 1.3897915193043555
61 62 -0.95607647875740309
62 126 0.60296693253951006
6 62 -0.45835052684943578
62 63 1.4490386493140277
63 127 -0.16234576660202699
7 63 -0.31046739869084788
56 63 1.7661641200921361
64 128 1.1301623656992801
64 72 -0.32881294595300153
64 65 0.13479620637829859
65 129 0.06000660585161486
65 73 0.026915396728634085
65 66 -1.6191283797628035
66 130 -0.49579626886070388
66 74 0.94710409278214669
66 67 -0.69106873156009019
67 131 -1.5896906926597147
67 75 0.6448797877971213
67 68 -0.7111395850932295
68 132 -0.63597037056757444
68 76 0.99323070052420726
68 69 5.5300882274638888e-05
69 133 0.15381464590799748
69 77 1.0751847023076657
69 70 -0.38200431326915835
70 134 -0.028616517103631885
70 78 0.93419941015114161
70 71 0.80671289391598144
71 135 -0.82201580917434613
71 79 0.49497722645040154
64 71 1.1747186110583143
72 136 -1.286836237557069
72 80 1.2318122718581941
72 73 -1.8355428421368885
73 137 -1.5584308498682076
73 81 -0.62932588839844428
73 74 -1.0295142617304418
74 138 0.91974702992067059
74 82 1.9764141311416121
74 75 0.49160073613040106
75 139 -0.42739586336720037
75 83 1.0228206002270765
75 76 1.8066391003552518
76 140 -0.84751135464272898
76 84 2.0711129070943923
76 77 0.32235120627201563
77 141 -1.3654395171840938
77 85 -0.27317688463866768
77 78 -0.36666648509879246
78 142 1.2933883325013502
78 86 2.0258074190328377
78 79 1.1851411784185504
79 143 1.338920477761443
79 87 0.17976958208441374
72 79 -0.28960007815324718
80 144 -1.7239733591748414
80 88 -0.70376260041161409
80 81 0.3574851955470475
81 145 2.0043472346304179
81 89 0.19235484116421653
81 82 -0.76669085914866941
82 146 -0.23840597800071628
82 90 0.47861169610378562
82 83 0.89842573676008486
83 147 -0.62628270732631675
83 91 2.1164210140915873
83 84 -2.0650914224435204
84 148 -2.2427476604547536
84 92 -0.79721968220475858
84 85 0.28195136212432526
85 149 -1.5883713819895589
85 93 2.3413040126766327
85 86 1.2414971575662144
86 150 0.54679770107260495
86 94 0.68854467147050624
86 87 -0.10156888062534558
87 151 -0.34873799055439864
87 95 -0.53830406948684906
80 87 -0.1310071155336387
88 152 -0.29142173359997353
88 96 -0.90308902291239412
88 89 1.5576003370463796
89 153 0.87740070424951455
89 97 0.0021336579796177283
89 90 -0.031298242256299715
90 154 1.4305090059201753
90 98 -0.64858087600786618
90 91 0.24415964571824009
91 155 0.46608943873488451
91 99 1.4211633329308069
91 92 0.63698569645285807
92 156 0.27833173462611899
92 100 0.19796256267014181
92 93 0.58373701040535009
93 157 -0.12077671474288727
93 101 0.39038149323328125
93 94 1.7451566671258403
94 158 0.81741410683077143
94 102 1.790415118211905
94 95 -0.1731888061550077
95 159 1.5754211107293841
95 103 -0.42108334110885876
88 95 0.066530991634533618
96 160 -0.32284993274644685
96 104 0.51246995750173585
96 97 -0.91711387207929895
97 161 -0.97821616759147156
97 105 1.2120376052882356
97 98 -0.030595700653097097
98 162 -0.094790375455507003
98 106 0.75709638428669246
98 99 0.96775428135946684
99 163 0.85374416554992894
99 107 0.20369809104718206
99 100 -0.46400884691567795
100 164 -0.78310876451284739
100 108 -1.4813916757104608
100 101 -0.19709964287456994
101 165 -1.1005249943879682
101 109 -1.9355526993460692
101 102 -1.4489266119565167
102 166 -1.047756276397537
102 110 -0.94492419071104494
102 103 -0.14292725691506772
103 167 -0.050662639724497673
103 111 0.54529810691189351
96 103 -0.99775909907413518
104 168 0.45159498116436231
104 112 -0.31456935277969639
104 105 3.0572192293432283
105 169 0.68099322436772214
105 113 -0.45304194158571687
105 106 0.44754458082482856
106 170 0.54242767227880451
106 114 -0.026571807430714356
106 107 -0.37488514760746938
107 171 -3.1140084369749985
107 115 1.7374835606680303
107 108 1.2111837507688892
108 172 -1.1446365661865416
108 116 0.44179075455593708
108 109 -0.71357285240808288
109 173 -0.84927702346663991
109 117 -0.075637723880073768
109 110 0.12527560685709568
110 174 0.17658204089071836
110 118 -1.2333609189805133
110 111 0.65594556837235474
111 175 0.497236952096622
111 119 1.1439447834117467
104 111 -0.84024929352692146
112 176 -0.43791600817061549
112 120 0.20164162869998956
112 113 -0.18682503906354189
113 177 -0.38603117004230503
113 121 0.42097083778806721
113 114 -0.9551209148381351
114 178 -0.15248325379661115
114 122 -0.23402393706112914
114 115 0.41376901187818188
115 179 0.65879650139145784
115 123 1.1802330620397403
115 116 -0.65431106308232123
116 180 1.9426378921737528
116 124 -2.005862143087358
116 117 -0.15768045622845556
117 181 0.91244943681374702
117 125 0.15855118792443146
117 118 1.3333915345877128
118 182 0.65707457226229449
118 126 0.76097910078773678
118 119 -0.230600809749608
119 183 0.15225843908964035
119 127 0.31727904226436326
112 119 -0.26016719114716336
120 184 0.13991558286919595
64 120 -2.2337513171342476
120 121 0.79216318198272118
121 185 0.030025190039791164
65 121 0.028224346743985097
121 122 0.88718256135101803
122 186 -0.45197905875513739
66 122 0.53747005003996784
122 123 -0.12779260042091706
123 187 -0.3159955886512878
67 123 -0.87434849244773138
123 124 0.30395896173747333
124 188 -0.096866904244222438
68 124 0.43299760145116722
124 125 -1.1409201114960172
125 189 -0.66340826213838711
69 125 -0.62539375255337704
125 126 1.8150291838623474
126 190 -0.95292607728078793
70 126 -0.92947079305418001
126 127 0.39338379297418413
127 191 -1.7316782187261748
71 127 -0.17336183311088285
120 127 2.0018060923801242
128 192 -0.39168326028699496
128 136 -0.8947111461691708
128 129 1.2510098818232946
129 193 -1.0901514009176549
129 137 0.25725785510898552
129 130 -1.777018698953142
130 194 -0.47031777964523958
130 138 0.49319861230042927
130 131 1.6096364355538872
131 195 1.5253668391028552
131 139 -0.39941690979397221
131 132 -0.73876492114849068
132 196 -0.22596066671013132
132 140 -0.60572139351444698
132 133 0.39189391359244674
133 197 -0.55412736159045017
133 141 1.0368283681255719
133 134 0.72473482896003427
134 198 -0.59593596172331342
134 142 0.065561469146750553
134 135 0.35045503033209058
135 199 -0.32577375619664684
135 143 -0.71645611431097866
128 135 -1.0006164670945692
136 200 -1.3498291496998209
136 144 -0.35939053966150442
136 137 -2.1981899514747725
137 201 -0.2424934956348882
137 145 -0.23417453825142856
137 138 -0.89256388765921513
138 202 0.57833520855166221
138 146 -1.3774096478997935
138 139 -0.31184380119989324
139 203 -0.88293190366889363
139 147 -0.42977085168164181
139 140 -0.32857317377015699
140 204 -1.1054483429292989
140 148 -1.1887947710055322
140 141 1.5645806312546604
141 205 -0.2432546772330671
141 149 0.45860673981066163
141 142 0.34277323326100367
142 206 1.204186376566089
142 150 -0.90813577179614091
142 143 0.12729270716551652
143 207 0.062413828053017914
143 151 0.86436133820035366
136 143 -0.59303225043518171
144 208 -0.18061047249990475
144 152 -0.45912833928584468
144 145 0.34790853320289006
145 209 -0.68663834938518553
145 153 0.34783237277566093
145 146 1.4689045473253839
146 210 0.96019959261366183
146 154 -0.087251312181273147
146 147 -0.58249449399967013
147 211 -0.33890150394145213
147 155 0.50500382797226251
147 148 -0.18875676859695101
148 212 0.80879051359626308
148 156 0.12139905512236256
148 149 0.63229052875466929
149 213 0.42335086166150987
149 157 0.22558786223080418
149 150 -2.62676205212161
150 214 -0.3304878564853132
150 158 -0.30635861976717155
150 151 0.56445131588719621
151 215 -0.069754538932336255
151 159 1.1154561867840729
144 151 0.91900219146603468
152 216 2.0999672895894577
152 160 -0.95422697138106005
152 153 -0.51922092204180548
153 217 1.7669552738648637
153 161 -0.7608479370741752
153 154 0.91093292550352434
154 218 0.84341982472694788
154 162 1.3752664290886805
154 155 0.48907424448518227
155 219 -1.261145878345701
155 163 -1.9390955702230241
155 156 -0.42839316296406982
156 220 1.4922675022145171
156 164 -1.7475910985401386
156 157 -0.78301167370018621
157 221 0.40800362733896728
157 165 2.1538199050601472
157 158 0.51477012194508032
158 222 1.4980086513902631
158 166 0.77919667731038311
158 159 -0.65776367069307462
159 223 -0.10883829123717345
159 167 0.74797499299570125
152 159 -1.761786836422754
160 224 1.980961853840749
160 168 -1.0310107561272859
160 161 0.84507711401318208
161 225 -0.080971760324642914
161 169 -1.4710280126719555
161 162 -1.3929262613256161
162 226 -0.022439200166362437
162 170 -0.96039484599293434
162 163 0.16527966422549142
163 227 0.65902235225504513
163 171 -1.4412387121759123
163 164 0.81804150287928168
164 228 0.47547506882686807
164 172 0.67701238528182472
164 165 0.90247523587110023
165 229 -0.072412262519991402
165 173 0.58972854976106204
165 166 -0.48140519955868116
166 230 -0.69320391189020658
166 174 -1.4790568341496375
166 167 -0.65040263679685972
167 231 -0.73206565266003742
167 175 0.074549240269920158
160 167 -0.033847675804480934
168 232 -0.58530559286732264
168 176 0.60492940953309327
168 169 0.76027011301877723
169 233 -2.2604676559161843
169 177 1.7920125590202638
169 170 0.75694180327463489
170 234 -0.93524669125679649
170 178 2.3327159327853062
170 171 -1.583113124902519
171 235 -0.63699204560775913
171 179 -0.17708938665731744
171 172 1.4832136039819095
172 236 0.56061527814377921
172 180 1.7146044447155337
172 173 -0.33220149844295593
173 237 -0.37615169241918123
173 181 0.81050979833019154
173 174 -0.24146340557965967
174 238 -0.18682102754211544
174 182 0.8361819046140575
174 175 -1.0756930678966452
175 239 -0.32468221465677427
175 183 1.2736407285082838
168 175 -0.29045048026918974
176 240 -0.03759687848021314
176 184 -0.78994422427388578
176 177 -0.54210674089143429
177 241 -0.610621035779778
177 185 -1.1691226107645503
177 178 1.3837837777938449
178 242 0.26747927967488838
178 186 1.213004718052157
178 179 0.5998668415374766
179 243 0.2279450866329657
179 187 -0.72506912024613679
179 180 0.85301788708194792
180 244 0.69144288910774532
180 188 -0.50979464569861921
180 181 0.23525861306840506
181 245 0.024172195466087714
181 189 -0.25385760584420497
181 182 -0.27271440186646212
182 246 1.6586949873924388
182 190 -1.3669354882704083
182 183 -1.7176720911748173
183 247 2.5181770410744373
183 191 2.1065552684579361
176 183 0.56240159273214008
184 248 0.31893770587362563
128 184 1.3555810901393852
184 185 1.0797479521792843
185 249 -0.44679381971053062
129 185 -1.2677087286090178
185 186 -0.3474872340236877
186 250 0.3366202942281461
130 186 0.15485901515148701
186 187 -0.90560542465906491
187 251 -0.67340508132495847
131 187 -0.7306465121926552
187 188 0.7927073572616582
188 252 0.69031355024842744
132 188 -0.24018643659506098
188 189 -0.68774977686432648
189 253 -0.73858129112040438
133 189 -0.63621114411109903
189 190 -0.9204530589396408
190 254 -0.43900468040283447
134 190 -0.22252054254627104
190 191 -0.81252864552324544
191 255 0.66819425583569803
135 191 0.95713225550362002
184 191 -0.55900562110451835
192 256 -1.0888366828142417
192 200 0.60378530660274599
192 193 0.039654464983848586
193 257 -1.0707201263336459
193 201 0.39447008708252329
193 194 -0.2418796789979111
194 258 1.7366870224357815
194 202 -1.6519576290835851
194 195 -0.57101940029663378
195 259 0.52340764047279231
195 203 1.0394779375277747
195 196 -1.1793330216642055
196 260 -1.217814310908629
196 204 -0.87376390043641394
196 197 -0.45688014839316515
197 261 -0.14095841956067809
197 205 -0.32017715008269992
197 198 0.80902956880308463
198 262 0.54161362440391236
198 206 -0.70311552609927241
198 199 -0.63105392852692987
199 263 -0.83279175492981505
199 207 -0.050224131775826665
192 199 -1.8493874153316745
200 264 0.44314050255970211
200 208 -1.0698383037307908
200 201 -0.90384288273670232
201 265 -0.1863874383745209
201 209 -0.076118639626210433
201 202 0.8902168410661534
202 266 0.94951601119741447
202 210 -1.5856075089921071
202 203 0.66589069559647651
203 267 -1.5397740208503341
203 211 -1.8054874920869293
203 204 1.6454264943469175
204 268 -0.8183139753798252
204 212 0.76635708522833246
204 205 -0.0026236409351462521
205 269 -0.60330030365558651
205 213 -0.35976154887930101
205 206 -2.1103801124345809
206 270 -1.3385158653207816
206 214 1.2978313330885765
206 207 0.75046310251529635
207 271 0.78816784819792551
207 215 1.1977500685720399
200 207 0.41148415666140298
208 272 0.22009654375161827
208 216 -0.24008043851867911
208 209 -0.0017225124876562316
209 273 -0.44258498343094249
209 217 -1.3251758939319427
209 210 1.5782943960928002
210 274 -1.7493613344476038
210 218 -1.2009195514208892
210 211 -0.60166706641935819
211 275 0.18933544000212321
211 219 -1.3872273551963006
211 212 1.4225942489815091
212 276 -1.1922082267936711
212 220 -0.21905230464198905
212 213 0.16038844222815854
213 277 0.89185256770096366
213 221 -1.0546408194552996
213 214 -0.084218777173766787
214 278 0.10654261252946925
214 222 0.20827682050926138
214 215 -1.0820733054676612
215 279 -0.63613454964221083
215 223 -0.22286753414742691
208 215 1.2389003895349147
216 280 -0.88757642379850221
216 224 0.36516546349343798
216 217 -0.4033896632700058
217 281 -0.31477460347225655
217 225 0.70709787957538084
217 218 -0.46472747701706063
218 282 -0.62442040726027526
218 226 -0.47721785202018935
218 219 -0.68202553144707445
219 283 -0.28287443304274645
219 227 -0.6002542243861787
219 220 -1.0856625395064936
220 284 -0.60149119645654736
220 228 1.2062006124448827
220 221 0.39122777519378354
221 285 0.2587267209288806
221 229 -0.98397281672807269
221 222 0.58310248935324716
222 286 -0.74033171632712247
222 230 -3.4897484354446364
222 223 0.8301332084869768
223 287 0.042945225936902379
223 231 -0.80138537238854868
216 223 -1.3340985792784175
224 288 -1.4430846937938313
224 232 -0.066387902234892437
224 225 -0.56388805117868368
225 289 1.1485443882590844
225 233 -1.8750432792748399
225 226 0.70539681075535721
226 290 -0.97722840483142492
226 234 0.14947498259781042
226 227 0.13031995171440552
227 291 -1.13007209993641
227 235 -0.16534237961079834
227 228 -0.26482180815631551
228 292 -0.61525984007818901
228 236 -0.84220928600461742
228 229 0.20895877020323098
229 293 2.2886244790541519
229 237 0.74947543778908721
229 230 0.65196048205003032
230 294 0.51877405103025409
230 238 0.43877030733638039
230 231 -1.242244841645602
231 295 0.16996441169686094
231 239 -0.87427899752142935
224 231 1.6045957105239137
232 296 0.0044109222532230825
232 240 1.0970258822711276
232 233 -0.46747795559852318
233 297 -1.7103743610218174
233 241 0.56556493687869269
233 234 -0.73790207282436904
234 298 -0.16331217469586864
234 242 1.7841085665932577
234 235 0.85432655891159337
235 299 0.50184111389817421
235 243 0.76439990343909014
235 236 -0.066836491274633744
236 300 -1.7163448832990951
236 244 0.70247695259549159
236 237 0.47001264146574079
237 301 1.0998404102782133
237 245 0.032384827443865012
237 238 -1.0020582664249529
238 302 -0.78177707251624973
238 246 -0.74329433087766816
238 239 -2.0466888745954441
239 303 -1.4499973385483689
239 247 -0.88396484501154637
232 239 -0.52259035237806795
240 304 0.18996562309967435
240 248 0.1825791756917656
240 241 -1.2044172367137
241 305 0.40663243074639555
241 249 0.63327355525799855
241 242 0.24083530421728352
242 306 -1.7858993897112396
242 250 -0.48343307075396247
242 243 0.81818800014965753
243 307 0.60039529902194444
243 251 -1.0444025161856212
243 244 0.037841449252898771
244 308 0.56262632157705972
244 252 1.6378687827883158
244 245 -0.33314716874305211
245 309 -0.08488234677970663
245 253 -0.24535513240210552
245 246 -1.9148348709530127
246 310 0.40359944743831427
246 254 1.9675212660684291
246 247 1.071571296277974
247 311 -0.84188456765502684
247 255 -0.11384061260596783
240 247 0.40678975780143467
248 312 0.81127774315066647
192 248 0.44284412096299858
248 249 0.72413512770555777
249 313 0.60271548717555368
193 249 2.8596255648977111
249 250 0.71318725309588571
250 314 1.9673469457928145
194 250 -0.15146288230274099
250 251 -1.7111892284971255
251 315 0.36212357844120868
195 251 1.0134287598886016
251 252 0.0072739452010500841
252 316 -0.75944217332227193
196 252 0.43941695150370602
252 253 -2.3466008798453291
253 317 -0.41937179399990576
197 253 -0.85272484447677865
253 254 0.61373674386390864
254 318 -1.1315368122224638
198 254 -1.2091253511057019
254 255 -0.78721929362905485
255 319 -0.74048059869377236
199 255 -0.41735852515011773
248 255 1.3483753978559898
256 320 -0.15192606143396947
256 264 -1.0162130594700083
256 257 1.0959522733880274
257 321 -1.2528872053764288
257 265 0.2454447295793723
257 258 -1.4728423356868439
258 322 -2.5575055476343671
258 266 -1.6387184011773579
258 259 1.2236225431795043
259 323 -0.70880043189066233
259 267 0.46468543149594765
259 260 0.12856200118337879
260 324 -0.13444140104112642
260 268 0.19641407605401165
260 261 -1.3045555591130409
261 325 -0.45101197013428834
261 269 0.48850287163966638
261 262 0.68893541621265519
262 326 -1.677655238563186
262 270 -1.6788273415567927
262 263 1.3324114183808602
263 327 -0.2867136054618098
263 271 0.10245415748103988
256 263 -2.0076412043748304
264 328 -0.93281760223403121
264 272 -0.40441435197451264
264 265 0.17031101470656945
265 329 0.81678331134030324
265 273 -0.51155906577769583
265 266 -0.56156828165184924
266 330 0.60314257951832517
266 274 -1.4450969288709727
266 267 1.2420046983286839
267 331 0.89604879763578116
267 275 -0.94642678531995827
267 268 -0.24767889058104509
268 332 0.055377859623263595
268 276 0.23194286308395401
268 269 0.81510111281214581
269 333 1.4705682821485671
269 277 0.9441142385887964
269 270 1.0301597702386167
270 334 0.24586389204863932
270 278 0.49682576688032548
270 271 -0.22005847114431834
271 335 -0.58434218026141804
271 279 0.46886437641208989
264 271 -0.50136203035587734
272 336 0.37195684849227079
272 280 -1.0867925005841068
272 273 0.55777163928177498
273 337 0.87669610147155619
273 281 -0.65588626179132226
273 274 0.63162163644142955
274 338 0.47340904543122703
274 282 1.8525447760371738
274 275 -0.48208200992290939
275 339 -1.7190187124700906
275 283 0.23299744889841892
275 276 -0.002268344253147044
276 340 -0.33278449388748244
276 284 0.43849657857063734
276 277 -1.1314980906913206
277 341 -2.2508023282960745
277 285 -1.5834996360042033
277 278 -0.040825112158437447
278 342 -0.97129869262123614
278 286 -0.31172609305714244
278 279 0.89153531777037454
279 343 0.90875415749516708
279 287 0.57797608141059986
272 279 -1.1903983443466353
280 344 0.80478414942899723
280 288 -1.7863133153210449
280 281 0.63113663963583322
281 345 -1.0659946975016066
281 289 1.6386192516219422
281 282 -0.42190084272286249
282 346 0.88567665414811636
282 290 -0.82282609795916128
282 283 -0.028435458200834589
283 347 -0.36419647537814809
283 291 0.5138610807008287
283 284 0.4980128444859494
284 348 1.2975934106669968
284 292 -0.37222560745511352
284 285 0.53137545647604056
285 349 2.0974375765276947
285 293 1.2243057204764631
285 286 -0.85464701131237009
286 350 -0.15271382341125647
286 294 -0.40472323101652297
286 287 0.082916938097168241
287 351 -2.0655345001597016
287 295 -0.62679652509202533
280 287 -1.3215255803348587
288 352 -1.631693294734319
288 296 0.74656281782103562
288 289 -0.19322195998492839
289 353 -0.42112399378024784
289 297 1.3494247209404995
289 290 1.1002695954788526
290 354 1.4637905662965531
290 298 0.095430591405279458
290 291 1.2479394037724403
291 355 -0.31421536279645551
291 299 0.26271369938374073
291 292 3.4373392935728373
292 356 1.2634017252935041
292 300 1.4194008833022773
292 293 0.83061097808124895
293 357 -0.45978048630659568
293 301 -1.4540059127265714
293 294 0.373584652586333
294 358 -0.42506244670660415
294 302 -0.21689799705809795
294 295 0.23394319009458683
295 359 1.0405941259934133
295 303 0.64421084335267964
288 295 0.048001972471079249
296 360 1.0836964069546251
296 304 0.44469541741652635
296 297 0.73421403657540441
297 361 -0.65584833659633845
297 305 0.70267143778619889
297 298 1.4642654178917955
298 362 -2.2806408762541803
298 306 -0.45661403945636719
298 299 0.58795520872258922
299 363 0.32190311910191038
299 307 -0.37998983434452549
299 300 -0.98160634459722251
300 364 -1.1158449174918521
300 308 0.31722204772028367
300 301 -0.087695160676782624
301 365 0.9241921760736338
301 309 0.79446643007978923
301 302 0.21115657602040799
302 366 0.34590559394505843
302 310 0.70725833002084326
302 303 -0.22184790744782679
303 367 0.95228216903845886
303 311 -0.65433302196181531
296 303 1.9493565733204341
304 368 0.067034608074382954
304 312 -0.10872542979157115
304 305 1.5784829642576323
305 369 -1.9072181806672051
305 313 -0.22473816936185267
305 306 0.79990651217735231
306 370 0.35201537172699204
306 314 2.6846744832076128
306 307 -0.050621469434976737
307 371 -0.69602151999852424
307 315 0.072243722606231797
307 308 -1.3403684828381508
308 372 -0.59176685122013739
308 316 -0.28721790901555849
308 309 -1.6856848139440122
309 373 -1.5135708520244286
309 317 0.37535013753412183
309 310 1.1578702720261103
310 374 -2.1073255151750123
310 318 -0.26228969282996839
310 311 -0.25599170739752009
311 375 0.20427469690252323
311 319 -1.9965109312879072
304 311 0.084640499656062379
312 376 0.058886345692653962
256 312 0.14653821396239819
312 313 -0.11919179344782987
313 377 1.2921406285118697
257 313 -0.47367892333015543
313 314 0.35403387213727533
314 378 1.6833831307656801
258 314 -0.62313742788534376
314 315 -0.24422339283843503
315 379 -1.8897831763674262
259 315 -0.13660193627611758
315 316 0.96802006064881385
316 380 0.019233469095849498
260 316 -0.78187317694397995
316 317 -0.53151225133303315
317 381 0.73688450846535203
261 317 -1.3816761986062809
317 318 -0.34644911855364807
318 382 1.0803104720310515
262 318 -0.78526540785527921
318 319 -0.65354443099259674
319 383 0.87574995299449854
263 319 -0.32292060758029317
312 319 -0.55279253273520057
320 384 -1.1454435321546375
320 328 1.3924584277368079
320 321 1.6730157912650481
321 385 -1.9670385211916128
321 329 1.2990797548359614
321 322 0.63235323759150197
322 386 -0.54479217338846098
322 330 -1.3985812971671034
322 323 -1.1245214043854399
323 387 -0.081299015886634379
323 331 0.14611443718686562
323 324 0.36584939843696301
324 388 0.28503710555544604
324 332 -0.70881839024452931
324 325 0.4447393676346485
325 389 -0.0059342837363245519
325 333 -0.4091670777514258
325 326 -1.305006137513963
326 390 1.2614475590990073
326 334 -1.4635104647266062
326 327 0.78611144831011359
327 391 -0.016328844568126746
327 335 -0.0013213663166445509
320 327 -0.018549849851476161
328 392 0.85758483505644867
328 336 -2.3476649482044198
328 329 0.7595382522922578
329 393 0.8152458213598891
329 337 1.0965871194787198
329 330 -0.59611669479385687
330 394 0.49305825412664567
330 338 -0.12071904255907541
330 331 0.66815246454010713
331 395 0.79397200554922731
331 339 0.98525140434245273
331 332 -0.83322171393428646
332 396 0.38797868157187171
332 340 -0.38303567152189028
332 333 0.11742223794941073
333 397 -0.90674244667391679
333 341 -1.0956053729401549
333 334 0.74079828275086534
334 398 0.3658867638957734
334 342 0.39522135094489397
334 335 -0.95478833285690878
335 399 0.22368401020717146
335 343 1.5830517396366419
328 335 -1.2278390613152212
336 400 1.3197608711084035
336 344 -1.17200182830191
336 337 -1.1212604628775535
337 401 0.72829739028567275
337 345 -0.15051649093644587
337 338 -2.4844913460499196
338 402 -1.0218026873830746
338 346 0.69733860972468875
338 339 0.77233353105897928
339 403 0.68333298687516375
339 347 0.60118400458606447
339 340 0.81590505432530869
340 404 1.187217282083413
340 348 -0.1520807071263838
340 341 -1.3268294905887594
341 405 1.149580741796832
341 349 -1.0465431314066453
341 342 -2.5663387332380805
342 406 -0.23924855675348289
342 350 1.2620692109461216
342 343 0.65998531082425671
343 407 -0.59479515664582783
343 351 0.49732698733411745
336 343 -0.46191026876050839
344 408 0.19268834276390245
344 352 -0.17776751959367773
344 345 2.2656352950640954
345 409 0.33302155103265874
345 353 -0.057954840119420641
345 346 -0.32164193303079408
346 410 -0.080632023501949479
346 354 -0.19226875904549687
346 347 -0.54568885662820688
347 411 -1.0388973286377428
347 355 1.0552117927119151
347 348 0.11794681519180168
348 412 -0.60700305103963037
348 356 -0.35993836432118481
348 349 -0.38791655332846431
349 413 1.046378139851919
349 357 -1.7613381235034333
349 350 -0.29663395392837011
350 414 -0.86544285255740783
350 358 0.23358935264213301
350 351 -0.38264111341240536
351 415 0.34396077137491649
351 359 -0.90227318022279002
344 351 0.16594619572975583
352 416 0.70584928228287591
352 360 0.049217413239720009
352 353 -0.249850500589404
353 417 -0.51087380759793999
353 361 1.6748095557821161
353 354 0.06795239780228074
354 418 0.46268183227159349
354 362 1.3230366686042836
354 355 0.31666956948424779
355 419 -0.61076530623059744
355 363 1.6533568658115694
355 356 0.72712056963101945
356 420 -0.19922695658648476
356 364 -0.44731987239486115
356 357 -0.30598346621331646
357 421 -0.4460428584312528
357 365 -1.6646079552171731
357 358 0.2007687148508234
358 422 0.29009842510613021
358 366 1.7019549363687023
358 359 -0.49635209910780226
359 423 -0.2076844790757901
359 367 -0.53940718210360139
352 359 -0.30584943162158246
360 424 -0.28359735847305195
360 368 -1.2478215562238892
360 361 -0.21249785243296246
361 425 0.18377185782267572
361 369 1.225373319841762
361 362 0.27749928055370865
362 426 -0.91517343811955998
362 370 0.66802864053501321
362 363 -0.74808350714427241
363 427 -1.9182523993877045
363 371 -0.42222839796761635
363 364 -0.57351406158193996
364 428 1.0793637148465152
364 372 0.21235643137212776
364 365 1.3896071098912506
365 429 0.33427957869755093
365 373 0.90935881348270442
365 366 -0.17015457905226178
366 430 0.82873713278124095
366 374 -0.31927041767606851
366 367 -0.56586538936631881
367 431 -0.40228554163722913
367 375 1.4351459103462456
360 367 -0.34853253555089242
368 432 -0.08932019849100091
368 376 0.34868953935740488
368 369 0.16712889470553399
369 433 0.84816007793441606
369 377 -1.3989337112692795
369 370 -0.58874616205109398
370 434 0.14425054510244617
370 378 -1.4973198051550449
370 371 0.19432463521647947
371 435 -2.5612263705192242
371 379 0.40289002344399816
371 372 0.49532678928155127
372 436 -2.0803039085610289
372 380 -1.6155559156977333
372 373 0.6842538452761846
373 437 -1.180251733715225
373 381 -0.47316623995477947
373 374 0.86765812460992608
374 438 0.53483482108280433
374 382 -0.71272994879698504
374 375 1.0033548099921032
375 439 -0.94148774290625659
375 383 1.3489425578634919
368 375 -0.60199664117716656
376 440 0.20970161537641871
320 376 0.96810512911955315
376 377 -1.2584246438406801
377 441 1.5798847929752418
321 377 0.27491412952599831
377 378 -1.2144202045592714
378 442 0.81438801002654093
322 378 0.67385338834814379
378 379 0.61020054136516444
379 443 -0.022018063590826139
323 379 2.3811399490877942
379 380 1.1005626974104883
380 444 -1.8385270359498838
324 380 0.33238016927169522
380 381 -0.25696523692561651
381 445 1.1026773529577754
325 381 0.28434704329936805
381 382 -0.030480007323495793
382 446 -1.2260959835387295
326 382 1.4544815462063967
382 383 -0.51135248512146125
383 447 1.8591984902001386
327 383 0.74767936275525404
376 383 -0.15466967218868063
384 448 1.9786860574076996
384 392 -0.54080108185728548
384 385 2.5648577696260264
385 449 0.101539683316588
385 393 1.4389680406766783
385 386 0.31218015226646922
386 450 0.5002118539195608
386 394 -0.18998380985343347
386 387 -2.0881234067515537
387 451 -1.1650868146680367
387 395 0.52998567690093834
387 388 -1.7891979533247315
388 452 1.1599370431484557
388 396 0.51720125112960036
388 389 -1.5375991432614518
389 453 -0.10350316104968893
389 397 -1.8635693998656613
389 390 -0.42764802781095412
390 454 0.11788689187209289
390 398 1.3604917808169115
390 391 -0.46125727708900799
391 455 -0.63051616922187959
391 399 2.2044971426751134
384 391 1.3529594751219725
392 456 1.3526756272702627
392 400 -1.3564514738206683
392 393 -0.86367136148108548
393 457 0.62308990852801616
393 401 0.07641192381620994
393 394 -1.9786324390726149
394 458 0.60646554918563211
394 402 1.3248327222329512
394 395 0.44353371528343916
395 459 0.7745727278075033
395 403 1.0538445766213018
395 396 0.9104207749580463
396 460 0.92725049571604945
396 404 0.59712888332726821
396 397 -0.92024038102468653
397 461 2.8579775918505974
397 405 0.94655995232260348
397 398 0.33105128041689841
398 462 -0.29116403388190792
398 406 0.86570129276228669
398 399 1.1447765469441895
399 463 0.20591768780513373
399 407 0.18499662733711353
392 399 0.47006166937839167
400 464 1.4571370111817288
400 408 -1.0739684949802926
400 401 0.48932405261621986
401 465 0.70106486290559333
401 409 0.37577235934807823
401 402 0.37909166180452353
402 466 0.63497159330064989
402 410 -0.78781472336330849
402 403 0.075493909135140522
403 467 -1.0039491394664961
403 411 -0.11687901922680191
403 404 -1.1811722433660607
404 468 1.7165555064193077
404 412 0.13870680859864637
404 405 -0.99368538515088944
405 469 -1.4164598806558988
405 413 0.39796923957689195
405 406 0.59805173488071128
406 470 -0.21581817550157253
406 414 1.2981702889734383
406 407 0.31131367825263317
407 471 0.23041749071683817
407 415 1.8302849364059262
400 407 -0.76084986772540719
408 472 -0.52846486489416866
408 416 -0.81367651195812696
408 409 -0.50107419183027402
409 473 -0.18225179894068125
409 417 -2.2010560106609098
409 410 0.61537424851612454
410 474 -2.9198543519982874
410 418 -1.0656355476357977
410 411 1.7623743480233742
411 475 1.5935592799612601
411 419 0.75114263068796538
411 412 -1.7878331983458249
412 476 1.9893348973562728
412 420 0.4067835774065765
412 413 -0.83645451691245731
413 477 1.5713067349754424
413 421 2.2031533354129316
413 414 0.94477051666836842
414 478 0.035519666584399076
414 422 -0.93265386206409628
414 415 0.53343428038763996
415 479 1.1551074245895474
415 423 1.458282688270871
408 415 1.2014218624073807
416 480 0.18350011126865351
416 424 -1.3291213895913099
416 417 0.44222877299859398
417 481 0.33763054278501903
417 425 0.19900497618135299
417 418 1.1686710244058214
418 482 -0.86896478787326259
418 426 1.001173904088162
418 419 0.062312716255097059
419 483 0.25116127069492589
419 427 -0.77832264984602129
419 420 1.7087747391638795
420 484 1.7496571640498157
420 428 0.73398979061369629
420 421 -0.10493228396052026
421 485 -0.38103751445673179
421 429 -1.1527543981336796
421 422 0.49863622917352157
422 486 0.23140609107554891
422 430 1.0001877499973062
422 423 0.86609655542589559
423 487 -0.45804812834406372
423 431 1.2213097780592232
416 423 -0.10886923571095748
424 488 2.3607180588045256
424 432 0.51270196066473894
424 425 -0.20681812665592531
425 489 -0.040347099255171839
425 433 -1.0649195244655167
425 426 1.6205441721222411
426 490 0.46724899811047577
426 434 -0.038078822120491997
426 427 -0.19797730869117403
427 491 -0.39334387972953666
427 435 0.68275128922261674
427 428 -0.24462811872660351
428 492 -0.2046026249570464
428 436 -1.3364222405613584
428 429 1.2361457337295367
429 493 0.14949177929965557
429 437 0.16334245166843656
429 430 -0.82173777426339945
430 494 -0.88553665840979556
430 438 2.515072591902539
430 431 1.1325563631878159
431 495 0.040536679251359266
431 439 -0.20668819741082886
424 431 -0.24850770191881189
432 496 -1.0014533585508327
432 440 -0.18816861575086705
432 433 0.95444381720737592
433 497 0.24772970129572838
433 441 -0.062204612943604888
433 434 -0.4372068953951081
434 498 -0.673639567950445
434 442 0.0033513037508346496
434 435 -0.77751247390524036
435 499 -1.7499738449502253
435 443 0.21786459991741708
435 436 0.31866934149480936
436 500 -0.91471824358209497
436 444 -1.0875559515111679
436 437 0.36533676920007191
437 501 -0.32996107358760485
437 445 1.7475447455281983
437 438 0.5820247215093618
438 502 -1.0597387706282848
438 446 -1.1271075944671578
438 439 1.0066012130294539
439 503 -0.97778435094262806
439 447 2.3632503125353921
432 439 -1.0144539200528646
440 504 -0.10657899899210777
384 440 -0.058896450368454575
440 441 -2.0672656409599921
441 505 0.6211280372993595
385 441 -0.93735344642639129
441 442 0.26746376475329986
442 506 1.4561539371454584
386 442 -1.4970294240014226
442 443 -1.4213875715621995
443 507 0.87249886345814009
387 443 -0.67880598959401228
443 444 1.7591954017721583
444 508 -0.68482337797608184
388 444 -0.68327982033829637
444 445 -1.5381098698804678
445 509 1.8057242571150445
389 445 0.62332883294160335
445 446 0.0024146482038148345
446 510 0.062088024690196315
390 446 2.0741980055577423
446 447 0.91800892548436897
447 511 -0.43066631823035117
391 447 0.20083442760495698
440 447 0.72717270566804082
0 448 1.0618266197946595
448 456 -1.6304454920995404
448 449 -0.19454141370948833
1 449 0.20987908713961487
449 457 1.3665788667189844
449 450 -0.4426866785757787
2 450 1.8896592165690389
450 458 -1.0531329093065869
450 451 0.13288004693835914
3 451 -0.050286222553002628
451 459 -0.99436150852422489
451 452 -0.80706043806341621
4 452 0.92914287888395897
452 460 1.1910284421268167
452 453 2.0491919869598787
5 453 -0.096322001411117963
453 461 0.40001327605138565
453 454 0.44355815681697708
6 454 -1.6259366166081415
454 462 -0.054914628836922871
454 455 0.87591432732361929
7 455 -1.504478692664343
455 463 -0.2805596429315233
448 455 -0.54234136410632749
8 456 -1.7318722742493766
456 464 -0.8243985626866065
456 457 -1.3262728244689321
9 457 1.217246579013159
457 465 2.9128896594259763
457 458 -0.71278548283263454
10 458 -0.52169898184119978
458 466 -0.34895901308806132
458 459 -0.94615981299199026
11 459 -0.829858758042337
459 467 -3.4980902564813503
459 460 -0.55367426321377256
12 460 -1.1088200165776474
460 468 -1.8216334617734073
460 461 0.0092207366050701574
13 461 -1.758394225243495
461 469 1.3035852287441771
461 462 1.9027832686696537
14 462 -1.6835871028327676
462 470 0.20982045646496297
462 463 -0.68336894299728346
15 463 0.21002277990216894
463 471 1.7825948394913647
456 463 -1.1398493246796793
16 464 0.11317845451865706
464 472 1.6973285871551496
464 465 0.038080046955420145
17 465 -0.60935296921670146
465 473 -1.2332849637256604
465 466 0.27685277889151821
18 466 -1.0524447257429446
466 474 0.93336171652255662
466 467 1.0995551417285168
19 467 -1.758040887118598
467 475 0.24978542605581677
467 468 -0.69920290579423938
20 468 -0.42382803711665801
468 476 0.4703921527140808
468 469 0.32855001330227024
21 469 -0.47045772105547179
469 477 0.30685173200463045
469 470 -0.94205854146623913
22 470 -0.053460887099339861
470 478 0.88999383138146693
470 471 0.5926553016526902
23 471 1.0998680638871448
471 479 0.83279707447211948
464 471 0.077881390495583999
24 472 -1.156331839082158
472 480 0.42029668641641243
472 473 -0.087992059484809884
25 473 0.64078839562738088
473 481 0.12007084418252383
473 474 1.1022940380211572
26 474 -0.1424296395599022
474 482 -0.16664690977809024
474 475 -0.091077191552397463
27 475 0.74607026099998475
475 483 -0.15328092429132895
475 476 0.46818219963853841
28 476 -0.32300840423610599
476 484 -1.6255130680562557
476 477 -1.8747536349260183
29 477 0.87594037480758946
477 485 -1.0662504755487947
477 478 -1.6252307396031773
30 478 -0.71072277780378401
478 486 0.14595438465976704
478 479 0.37811154460272284
31 479 -0.1324501254601233
479 487 -2.0005123112256196
472 479 0.31140919158472474
32 480 -0.72570963359101226
480 488 1.3802568444391421
480 481 0.028614096305649254
33 481 0.72844532630739622
481 489 -0.33046022618371995
481 482 0.81054132338983897
34 482 0.37593827807704794
482 490 -0.66853048066892995
482 483 -0.94387310120898249
35 483 1.1208196077130335
483 491 -1.0978337861410408
483 484 1.188395206486095
36 484 -0.53116586616299155
484 492 0.3137079537281604
484 485 0.52113620769293423
37 485 1.2507743980189088
485 493 0.054529071590231661
485 486 1.1066028926039169
38 486 -0.010459162504539897
486 494 -0.76147951781345991
486 487 -0.28079962757362681
39 487 0.77191456015742177
487 495 -1.6919456992252568
480 487 -1.1122376421957203
40 488 0.68167898606179134
488 496 -1.8944000393437261
488 489 1.0529094806020183
41 489 -0.58566584172765423
489 497 2.4102043745991923
489 490 -0.37296114957611232
42 490 0.63584514844849116
490 498 0.4707609274487799
490 491 0.16723623405799617
43 491 -0.47659112270433301
491 499 2.4991514648073343
491 492 1.0581085928583476
44 492 0.031778017900074805
492 500 -0.96742738767974068
492 493 0.35704364612366618
45 493 0.94916681085857968
493 501 0.63210561682618638
493 494 -1.3522137571502455
46 494 -0.72861334125279142
494 502 -0.35509622332964358
494 495 -0.074899918115033562
47 495 0.55195847054711866
495 503 -0.019914203407941526
488 495 -1.587366852780439
48 496 -0.94359763553443587
496 504 1.6230527062669802
496 497 -0.59985264659093318
49 497 1.1637315130784101
497 505 0.46380267825121207
497 498 -0.98859759226612443
50 498 1.3687212365936945
498 506 0.79631678344115697
498 499 -1.2825962889749054
51 499 0.071971939745473487
499 507 -0.39394419739530373
499 500 0.82719093500073781
52 500 -0.84480856495287315
500 508 0.41042571538398132
500 501 -1.2352374085429236
53 501 0.68443078170722238
501 509 0.23320688178744364
501 502 0.41102437976621836
54 502 0.88472207760834964
502 510 -0.23979879630209749
502 503 0.70849819215638243
55 503 -2.1460084421633483
503 511 0.49520186581341202
496 503 1.3060924991308775
56 504 0.50814275919272611
448 504 0.00066606025408730664
504 505 0.70650989741747172
57 505 -0.26218531196391565
449 505 1.1606672351473206
505 506 -0.87172156229948738
58 506 -0.038074278673473433
450 506 1.4396774998819886
506 507 -0.41275431360962295
59 507 -0.4211561216883713
451 507 -2.3342387486259879
507 508 -0.94086838726741062
60 508 -0.10114792685655286
452 508 0.12078339543179156
508 509 -0.57114083252702741
61 509 0.20747263755955972
453 509 0.38454432539328887
509 510 0.19965750759284348
62 510 -1.0613336024429545
454 510 -1.2884361150228918
510 511 0.11635678220179171
63 511 0.65225222189976462
455 511 0.77903438317301488
504 511 0.70070128357076522
