# model=ea3d N=1000 meanJ=0 seed=2608314917 distribution=gaussian field=0 num_fields=1000 num_couplings=3000
0 0
1 0
2 0
3 0
4 0
5 0
6 0
7 0
8 0
9 0
10 0
11 0
12 0
13 0
14 0
15 0
16 0
17 0
18 0
19 0
20 0
21 0
22 0
23 0
24 0
25 0
26 0
27 0
28 0
29 0
30 0
31 0
32 0
33 0
34 0
35 0
36 0
37 0
38 0
39 0
40 0
41 0
42 0
43 0
44 0
45 0
46 0
47 0
48 0
49 0
50 0
51 0
52 0
53 0
54 0
55 0
56 0
57 0
58 0
59 0
60 0
61 0
62 0
63 0
64 0
65 0
66 0
67 0
68 0
69 0
70 0
71 0
72 0
73 0
74 0
75 0
76 0
77 0
78 0
79 0
80 0
81 0
82 0
83 0
84 0
85 0
86 0
87 0
88 0
89 0
90 0
91 0
92 0
93 0
94 0
95 0
96 0
97 0
98 0
99 0
100 0
101 0
102 0
103 0
104 0
105 0
106 0
107 0
108 0
109 0
110 0
111 0
112 0
113 0
114 0
115 0
116 0
117 0
118 0
119 0
120 0
121 0
122 0
123 0
124 0
125 0
126 0
127 0
128 0
129 0
130 0
131 0
132 0
133 0
134 0
135 0
136 0
137 0
138 0
139 0
140 0
141 0
142 0
143 0
144 0
145 0
146 0
147 0
148 0
149 0
150 0
151 0
152 0
153 0
154 0
155 0
156 0
157 0
158 0
159 0
160 0
161 0
162 0
163 0
164 0
165 0
166 0
167 0
168 0
169 0
170 0
171 0
172 0
173 0
174 0
175 0
176 0
177 0
178 0
179 0
180 0
181 0
182 0
183 0
184 0
185 0
186 0
187 0
188 0
189 0
190 0
191 0
192 0
193 0
194 0
195 0
196 0
197 0
198 0
199 0
200 0
201 0
202 0
203 0
204 0
205 0
206 0
207 0
208 0
209 0
210 0
211 0
212 0
213 0
214 0
215 0
216 0
217 0
218 0
219 0
220 0
221 0
222 0
223 0
224 0
225 0
226 0
227 0
228 0
229 0
230 0
231 0
232 0
233 0
234 0
235 0
236 0
237 0
238 0
239 0
240 0
241 0
242 0
243 0
244 0
245 0
246 0
247 0
248 0
249 0
250 0
251 0
252 0
253 0
254 0
255 0
256 0
257 0
258 0
259 0
260 0
261 0
262 0
263 0
264 0
265 0
266 0
267 0
268 0
269 0
270 0
271 0
272 0
273 0
274 0
275 0
276 0
277 0
278 0
279 0
280 0
281 0
282 0
283 0
284 0
285 0
286 0
287 0
288 0
289 0
290 0
291 0
292 0
293 0
294 0
295 0
296 0
297 0
298 0
299 0
300 0
301 0
302 0
303 0
304 0
305 0
306 0
307 0
308 0
309 0
310 0
311 0
312 0
313 0
314 0
315 0
316 0
317 0
318 0
319 0
320 0
321 0
322 0
323 0
324 0
325 0
326 0
327 0
328 0
329 0
330 0
331 0
332 0
333 0
334 0
335 0
336 0
337 0
338 0
339 0
340 0
341 0
342 0
343 0
344 0
345 0
346 0
347 0
348 0
349 0
350 0
351 0
352 0
353 0
354 0
355 0
356 0
357 0
358 0
359 0
360 0
361 0
362 0
363 0
364 0
365 0
366 0
367 0
368 0
369 0
370 0
371 0
372 0
373 0
374 0
375 0
376 0
377 0
378 0
379 0
380 0
381 0
382 0
383 0
384 0
385 0
386 0
387 0
388 0
389 0
390 0
391 0
392 0
393 0
394 0
395 0
396 0
397 0
398 0
399 0
400 0
401 0
402 0
403 0
404 0
405 0
406 0
407 0
408 0
409 0
410 0
411 0
412 0
413 0
414 0
415 0
416 0
417 0
418 0
419 0
420 0
421 0
422 0
423 0
424 0
425 0
426 0
427 0
428 0
429 0
430 0
431 0
432 0
433 0
434 0
435 0
436 0
437 0
438 0
439 0
440 0
441 0
442 0
443 0
444 0
445 0
446 0
447 0
448 0
449 0
450 0
451 0
452 0
453 0
454 0
455 0
456 0
457 0
458 0
459 0
460 0
461 0
462 0
463 0
464 0
465 0
466 0
467 0
468 0
469 0
470 0
471 0
472 0
473 0
474 0
475 0
476 0
477 0
478 0
479 0
480 0
481 0
482 0
483 0
484 0
485 0
486 0
487 0
488 0
489 0
490 0
491 0
492 0
493 0
494 0
495 0
496 0
497 0
498 0
499 0
500 0
501 0
502 0
503 0
504 0
505 0
506 0
507 0
508 0
509 0
510 0
511 0
512 0
513 0
514 0
515 0
516 0
517 0
518 0
519 0
520 0
521 0
522 0
523 0
524 0
525 0
526 0
527 0
528 0
529 0
530 0
531 0
532 0
533 0
534 0
535 0
536 0
537 0
538 0
539 0
540 0
541 0
542 0
543 0
544 0
545 0
546 0
547 0
548 0
549 0
550 0
551 0
552 0
553 0
554 0
555 0
556 0
557 0
558 0
559 0
560 0
561 0
562 0
563 0
564 0
565 0
566 0
567 0
568 0
569 0
570 0
571 0
572 0
573 0
574 0
575 0
576 0
577 0
578 0
579 0
580 0
581 0
582 0
583 0
584 0
585 0
586 0
587 0
588 0
589 0
590 0
591 0
592 0
593 0
594 0
595 0
596 0
597 0
598 0
599 0
600 0
601 0
602 0
603 0
604 0
605 0
606 0
607 0
608 0
609 0
610 0
611 0
612 0
613 0
614 0
615 0
616 0
617 0
618 0
619 0
620 0
621 0
622 0
623 0
624 0
625 0
626 0
627 0
628 0
629 0
630 0
631 0
632 0
633 0
634 0
635 0
636 0
637 0
638 0
639 0
640 0
641 0
642 0
643 0
644 0
645 0
646 0
647 0
648 0
649 0
650 0
651 0
652 0
653 0
654 0
655 0
656 0
657 0
658 0
659 0
660 0
661 0
662 0
663 0
664 0
665 0
666 0
667 0
668 0
669 0
670 0
671 0
672 0
673 0
674 0
675 0
676 0
677 0
678 0
679 0
680 0
681 0
682 0
683 0
684 0
685 0
686 0
687 0
688 0
689 0
690 0
691 0
692 0
693 0
694 0
695 0
696 0
697 0
698 0
699 0
700 0
701 0
702 0
703 0
704 0
705 0
706 0
707 0
708 0
709 0
710 0
711 0
712 0
713 0
714 0
715 0
716 0
717 0
718 0
719 0
720 0
721 0
722 0
723 0
724 0
725 0
726 0
727 0
728 0
729 0
730 0
731 0
732 0
733 0
734 0
735 0
736 0
737 0
738 0
739 0
740 0
741 0
742 0
743 0
744 0
745 0
746 0
747 0
748 0
749 0
750 0
751 0
752 0
753 0
754 0
755 0
756 0
757 0
758 0
759 0
760 0
761 0
762 0
763 0
764 0
765 0
766 0
767 0
768 0
769 0
770 0
771 0
772 0
773 0
774 0
775 0
776 0
777 0
778 0
779 0
780 0
781 0
782 0
783 0
784 0
785 0
786 0
787 0
788 0
789 0
790 0
791 0
792 0
793 0
794 0
795 0
796 0
797 0
798 0
799 0
800 0
801 0
802 0
803 0
804 0
805 0
806 0
807 0
808 0
809 0
810 0
811 0
812 0
813 0
814 0
815 0
816 0
817 0
818 0
819 0
820 0
821 0
822 0
823 0
824 0
825 0
826 0
827 0
828 0
829 0
830 0
831 0
832 0
833 0
834 0
835 0
836 0
837 0
838 0
839 0
840 0
841 0
842 0
843 0
844 0
845 0
846 0
847 0
848 0
849 0
850 0
851 0
852 0
853 0
854 0
855 0
856 0
857 0
858 0
859 0
860 0
861 0
862 0
863 0
864 0
865 0
866 0
867 0
868 0
869 0
870 0
871 0
872 0
873 0
874 0
875 0
876 0
877 0
878 0
879 0
880 0
881 0
882 0
883 0
884 0
885 0
886 0
887 0
888 0
889 0
890 0
891 0
892 0
893 0
894 0
895 0
896 0
897 0
898 0
899 0
900 0
901 0
902 0
903 0
904 0
905 0
906 0
907 0
908 0
909 0
910 0
911 0
912 0
913 0
914 0
915 0
916 0
917 0
918 0
919 0
920 0
921 0
922 0
923 0
924 0
925 0
926 0
927 0
928 0
929 0
930 0
931 0
932 0
933 0
934 0
935 0
936 0
937 0
938 0
939 0
940 0
941 0
942 0
943 0
944 0
945 0
946 0
947 0
948 0
949 0
950 0
951 0
952 0
953 0
954 0
955 0
956 0
957 0
958 0
959 0
960 0
961 0
962 0
963 0
964 0
965 0
966 0
967 0
968 0
969 0
970 0
971 0
972 0
973 0
974 0
975 0
976 0
977 0
978 0
979 0
980 0
981 0
982 0
983 0
984 0
985 0
986 0
987 0
988 0
989 0
990 0
991 0
992 0
993 0
994 0
995 0
996 0
997 0
998 0
999 0
0 100 1.2486442590624931
0 10 -0.50530729392077234
0 1 1.195955488446643
1 101 -1.1596810287429917
1 11 0.72384265976027606
1 2 -0.31455127597483673
2 102 0.21722137430579991
2 12 0.29750869714239436
2 3 -1.3044275899596329
3 103 -1.0399667466345204
3 13 -0.25714564552962904
3 4 -0.29724155663837898
4 104 -0.45929562584584721
4 14 0.046563649379170839
4 5 0.095434214105520943
5 105 0.072587838991903103
5 15 1.5173639755624937
5 6 -1.5943163411090087
6 106 0.1598039175458795
6 16 0.43719469972189479
6 7 -0.61122692888435748
7 107 -0.20677412614213503
7 17 1.0817164224964402
7 8 -1.8787932697473493
8 108 -0.5168895005050318
8 18 0.19652367670594578
8 9 1.7070630068958419
9 109 1.2888699129037657
9 19 -0.6210067194802672
0 9 0.1588842211766521
10 110 0.53862400121670484
10 20 0.33993468933294146
10 11 0.071657664177567068
11 111 0.28049541253532478
11 21 -0.41685034820333799
11 12 -0.90546029226918856
12 112 0.87576300797200846
12 22 0.092445782805667023
12 13 1.2041160912340287
13 113 0.45665509568294116
13 23 0.48157688427278816
13 14 1.1181078836591754
14 114 0.027810052609612158
14 24 1.9365095387017282
14 15 -0.082352881062713101
15 115 -0.19225886642363621
15 25 -0.0016400082135491064
15 16 -1.0429918394415409
16 116 1.4260135307623045
16 26 1.0039296405797806
16 17 0.88816478467835069
17 117 0.38586246455690043
17 27 -1.8931830250410657
17 18 0.36183820483755774
18 118 -0.48349940908190281
18 28 1.2337705720906107
18 19 -0.25698784125672725
19 119 -0.43973917437630072
19 29 -0.59297331759274186
10 19 -0.010417710076024166
20 120 0.58179874475592819
20 30 -1.6652476008716708
20 21 -1.4495704908833025
21 121 -0.089186797581347149
21 31 1.2352323621995227
21 22 -0.59361587707062247
22 122 0.047915579678303608
22 32 -2.8586961837505465
22 23 -0.98952082594902468
23 123 1.0877206522000058
23 33 -0.62168818707961981
23 24 2.2524435309881441
24 124 -0.4971626893880246
24 34 0.73961362929369867
24 25 1.2459341632413992
25 125 0.40697683877082719
25 35 1.6317294031222727
25 26 -0.12520576576856901
26 126 -0.28749652952850113
26 36 0.21416440066671527
26 27 1.5384013429472558
27 127 0.77565737572135651
27 37 -0.96799202265428019
27 28 0.15320881717680221
28 128 1.3346713852419054
28 38 0.34019749934632737
28 29 -1.4297012563789155
29 129 1.2799559149886663
29 39 0.57634513580156466
20 29 0.91854934338931837
30 130 0.092465288011030114
30 40 0.8387548788015371
30 31 0.24077136720560532
31 131 0.42277297920037299
31 41 0.50402297366468951
31 32 -0.21453500553536842
32 132 0.66140211885068922
32 42 1.7598012548576925
32 33 0.6261384628394443
33 133 -0.21007711422055383
33 43 0.43631625223547188
33 34 0.31286735691839085
34 134 0.20363681586361465
34 44 -0.49102585736466126
34 35 0.44661759555868291
35 135 -0.52716121517395709
35 45 1.6034696546788973
35 36 -1.369107099524931
36 136 -1.0144245864952894
36 46 -1.2896482581244872
36 37 0.68671388606085337
37 137 0.18930274171459324
37 47 -0.52068591940792708
37 38 -0.35704786725185256
38 138 1.7566142451904787
38 48 -1.7250142568807731
38 39 0.77551185603464401
39 139 -3.1680872458646645
39 49 -1.4941801882001622
30 39 0.21873249438483827
40 140 0.11764951957028146
40 50 -0.3403592263876381
40 41 2.0617199469985885
41 141 1.5105549171376917
41 51 1.7822160527052704
41 42 1.0474636583469203
42 142 1.2808591336145023
42 52 0.0045303060077940601
42 43 -0.54912702878866682
43 143 -0.92595689099833367
43 53 0.70253501431602949
43 44 -1.3062074417962088
44 144 2.0656119663880661
44 54 -1.1981245941439662
44 45 -1.3935473039925239
45 145 2.7071740801083517
45 55 -1.8186851409180855
45 46 -0.69917960284886016
46 146 0.99657938525732082
46 56 0.22992681335651091
46 47 -1.4882877701025001
47 147 0.25473395875459026
47 57 -1.3646375605772547
47 48 -0.96731884070400098
48 148 0.39829502577562254
48 58 2.0932660221819765
48 49 0.19031755324823266
49 149 1.7633035788488676
49 59 2.9001033677077936
40 49 0.1567252269741598
50 150 -0.17159753426643334
50 60 -0.46346725241893527
50 51 0.73086012126720035
51 151 -0.51143479346296516
51 61 -0.076088394854360628
51 52 0.2415020715925055
52 152 0.68835449901501244
52 62 -1.6365988671270701
52 53 1.5396267951532105
53 153 -0.41689651226924562
53 63 -0.5986404953175507
53 54 -0.20733967954413288
54 154 0.21076025678733606
54 64 0.46601720486625081
54 55 1.1935734292760798
55 155 -0.41216871243238618
55 65 0.2195404994046031
55 56 -0.28003481409335884
56 156 -0.38187631149309942
56 66 2.0676906695257009
56 57 -0.19406057366083454
57 157 -0.17166403668120064
57 67 0.46882967654640961
57 58 -0.53981532609788341
58 158 -0.19354751173732679
58 68 -0.86849981120048625
58 59 -0.16142478093865203
59 159 -0.70427155219137894
59 69 -1.2004916717849929
50 59 -0.39720808274560959
60 160 0.35601067596840946
60 70 -1.8206248513167091
60 61 0.63686137975591284
61 161 0.85249668148195701
61 71 1.3561940129340588
61 62 -1.3858494702457038
62 162 -1.2990817278947233
62 72 -0.29374159656642862
62 63 -0.10340579422007053
63 163 0.78814278338666544
63 73 1.1543168617162216
63 64 -0.19139348472037274
64 164 -0.32447531034020033
64 74 -0.64198512386500195
64 65 -1.9994607090640271
65 165 0.8933185640438186
65 75 0.62139751329023407
65 66 0.054221585079594535
66 166 0.63701843242795786
66 76 -0.25842176420740764
66 67 -0.81553138135162806
67 167 -0.46783154657259257
67 77 -0.48782391847278944
67 68 -1.3320217901698221
68 168 -0.02545647838375133
68 78 0.028627752503209716
68 69 -0.31073162269734567
69 169 0.40951840733399375
69 79 0.046367327750133115
60 69 -1.0317390712887384
70 170 -0.24618335538897707
70 80 -0.24440325813136107
70 71 0.54373410487508167
71 171 0.30924827057316806
71 81 0.075063752704514278
71 72 1.0218347896446847
72 172 -0.7611697578951766
72 82 -0.088251952448773333
72 73 -2.340802356090907
73 173 -0.78893760345565456
73 83 -1.7316481956251044
73 74 0.27828433335678243
74 174 0.80192770881180075
74 84 1.2458423397146861
74 75 -0.2782618746927159
75 175 -0.28521005063514887
75 85 -0.84993567565034789
75 76 1.1519572269153984
76 176 -0.43840229058390112
76 86 1.052429953661759
76 77 0.97688554119312632
77 177 0.74695461940931029
77 87 -1.4201027075348038
77 78 0.032284272771480098
78 178 -1.1303354351547292
78 88 0.065563346877236889
78 79 -0.38146143797038723
79 179 -0.098725599887450333
79 89 -1.1555369314927104
70 79 0.019426444513773948
80 180 0.098080522332048614
80 90 -1.7964787289214323
80 81 1.2497749234539568
81 181 0.1858665679101564
81 91 -0.93146453341087088
81 82 0.5676612946033528
82 182 -0.095950437004290887
82 92 -1.0627522012049273
82 83 1.2033787377532625
83 183 0.49149298994621843
83 93 -2.4491061599532373
83 84 2.1901013831536447
84 184 0.91116009154175392
84 94 -0.93416240319238708
84 85 0.10352244747212477
85 185 0.74520687488128645
85 95 0.0077843202856744797
85 86 -0.64915320030561341
86 186 0.53548723160291534
86 96 1.0955526222950707
86 87 0.41005278669607326
87 187 -1.0612678156451989
87 97 -2.4903712268399616
87 88 1.0155870590908005
88 188 -0.36231124218355537
88 98 -0.58134485288541904
88 89 1.1844416492949559
89 189 -0.12704369718833891
89 99 -1.5848665345864468
80 89 -0.28481407188171887
90 190 -0.6481508678347625
0 90 -0.94691329924067547
90 91 -0.77950088841792997
91 191 -2.0290269129587126
1 91 0.7613931214962304
91 92 -0.4076664010502179
92 192 0.70642857880635035
2 92 -1.22041365630593
92 93 -0.98372302901993214
93 193 -0.84310907374297761
3 93 0.41171783416576141
93 94 -2.0396673378228525
94 194 -1.5110459007009045
4 94 0.45218592526795198
94 95 -0.57757848389209399
95 195 0.28175109093682243
5 95 -0.17053382570717471
95 96 0.32854655144867112
96 196 -0.56434688178274972
6 96 0.92336107582302962
96 97 0.26281340394442659
97 197 0.2494381833854121
7 97 0.15833194827012317
97 98 1.066876263876398
98 198 1.2688737126031273
8 98 -0.85851030567429032
98 99 -0.19465662045232163
99 199 -0.074995936310384315
9 99 1.5620080506206766
90 99 -0.95805713711221319
100 200 0.33533390625069787
100 110 -0.25694884230555998
100 101 -0.35430843187397382
101 201 -1.5281162053501554
101 111 0.91356483061385285
101 102 0.87890742771502395
102 202 -0.39028620590956631
102 112 0.83985457649242845
102 103 -0.81341063925252655
103 203 -0.54383643948682758
103 113 -0.41663320053892416
103 104 -1.5172873925118664
104 204 -0.036941255723936847
104 114 -1.211001269472942
104 105 0.3688894897049273
105 205 -1.2053877062570053
105 115 0.34855349901314242
105 106 -1.0897978079821555
106 206 -0.24519149331490556
106 116 -0.017684623886912769
106 107 0.44975195635565612
107 207 1.1657047499748285
107 117 0.49643480356088843
107 108 -0.69958835261925245
108 208 -3.0509676324188471
108 118 -0.54321413404394625
108 109 0.2314306027046486
109 209 -0.14057042690055296
109 119 -0.5873658334344507
100 109 -1.4581318920707884
110 210 0.72948212428596027
110 120 1.1385850169963461
110 111 0.17918013772972793
111 211 0.11260800847836915
111 121 -0.24209172083608377
111 112 0.82455549221490987
112 212 0.70390332675393108
112 122 -0.4263447706902424
112 113 -0.58669152570474159
113 213 -0.35000104462227755
113 123 -0.26383538539214224
113 114 -0.096946633710420504
114 214 0.87105654728888138
114 124 1.0814962591300588
114 115 0.90413793830308031
115 215 -1.1244938219289264
115 125 1.4505518517111098
115 116 0.11650984742382917
116 216 0.83904287368750219
116 126 1.1234886239969872
116 117 1.2198005885003651
117 217 1.1027745878968469
117 127 -1.6174342820347587
117 118 0.51120243832653978
118 218 0.97354751425281638
118 128 0.69650501362223782
118 119 -1.028345059622908
119 219 0.014287583521954157
119 129 -0.62967880970961521
110 119 -1.0376784349479462
120 220 1.4319611771757308
120 130 -0.48750718959840672
120 121 -0.19964851987768231
121 221 -0.67185552715071917
121 131 -0.94980762167317068
121 122 -2.1613134924913537
122 222 -0.31969773072605318
122 132 -1.2362205657116012
122 123 0.71275819407774499
123 223 1.5557732775135558
123 133 -0.92020213859567412
123 124 -0.37948658445634015
124 224 -0.11520195142906954
124 134 -0.66311514009636807
124 125 -1.7110374191342232
125 225 0.86669989713860129
125 135 0.69229318646277149
125 126 -0.65347731704533207
126 226 0.4008545332251145
126 136 1.1223089094865115
126 127 0.91329016610998448
127 227 0.57406580871507817
127 137 0.060559543163860217
127 128 -1.6940177088455965
128 228 0.74871685348878714
128 138 -0.39015282424945719
128 129 0.51801364225308177
129 229 -0.72776226707300196
129 139 0.81884584533753157
120 129 0.46092826387900598
130 230 -1.2978863303938046
130 140 -0.83335663754989253
130 131 0.81860457687274335
131 231 0.66179489279276116
131 141 -0.23947630732293895
131 132 -0.8302895812265445
132 232 0.34944976603566241
132 142 -0.2828325131862458
132 133 0.8041975754954731
133 233 0.41147232115055499
133 143 -0.83630191673565013
133 134 0.31078259868346775
134 234 -0.42498921659768307
134 144 1.210883191083981
134 135 -1.9633215897788037
135 235 0.57585257800028911
135 145 -0.56746291238160063
135 136 -0.11967333755810489
136 236 -0.26084875530984308
136 146 1.6179507055726041
136 137 -0.16628095879552249
137 237 -0.043325756246880252
137 147 0.90970517232362846
137 138 -1.1162279969812661
138 238 -0.19478016214261801
138 148 0.50165633112290875
138 139 -2.0994542262870155
139 239 0.3527970924788823
139 149 -3.0333739712372947
130 139 1.1935774809583874
140 240 1.299854071342359
140 150 -1.0142413515094733
140 141 -0.19088577715059052
141 241 -2.200096092308446
141 151 0.72914281715910068
141 142 -0.33417642428700961
142 242 0.30410410584223085
142 152 -1.4402021258667628
142 143 0.37354327103865204
143 243 0.21444507861320009
143 153 1.0399433618182063
143 144 -0.29290922775726352
144 244 1.2578320529220715
144 154 2.0275614880292974
144 145 -1.2302730151894186
145 245 0.033562215323210451
145 155 0.32177471197580232
145 146 -0.30778942989656138
146 246 -1.2514472928339448
146 156 -0.12634234896440563
146 147 -0.079588412862854299
147 247 0.51969510534242103
147 157 0.56213651930849962
147 148 -1.5954537291323059
148 248 -0.88432154433038657
148 158 0.096943149301336684
148 149 0.470154494458626
149 249 1.0838634013260438
149 159 -0.16895473923836624
140 149 0.88961970459966833
150 250 -2.4212047146848068
150 160 0.29744814073400089
150 151 -1.4482994674639518
151 251 0.43253991443126316
151 161 -1.5027013976864674
151 152 1.1247836337672057
152 252 0.69006846682437872
152 162 0.48653998645327656
152 153 -0.43533523252674994
153 253 -0.11676847138297573
153 163 -0.05342251472169008
153 154 0.18947937213338753
154 254 -0.65347746285424602
154 164 0.005910646130066124
154 155 -0.13764767133457259
155 255 0.029217947998060084
155 165 0.20771338404337125
155 156 1.2939094322545308
156 256 0.48576053328003882
156 166 0.3506218153325491
156 157 0.39818723332531802
157 257 0.66067711593953216
157 167 -0.41852062938087159
157 158 0.29921263375783458
158 258 0.49288401264253806
158 168 -0.49274647070150923
158 159 0.50784520064018812
159 259 0.29949326565610412
159 169 -1.0498947559659371
150 159 1.2797381072150225
160 260 0.67266386069561801
160 170 0.55810011948933891
160 161 -0.52243930503130831
161 261 -0.63039528519532118
161 171 -0.76603137008713873
161 162 -1.3591617503646678
162 262 -0.088689760132014281
162 172 0.79656985298952576
162 163 1.1838321780978609
163 263 -1.5152349230687077
163 173 0.94354083619290141
163 164 1.6099234259942885
164 264 -0.78898712870174648
164 174 0.83778395061273148
164 165 -1.5693028818282391
165 265 0.69211755648240691
165 175 0.98182305282605642
165 166 1.7074812014712717
166 266 -1.7784248527008184
166 176 0.56707598385455193
166 167 -2.2620506432176115
167 267 -3.0577251194475696
167 177 0.77728472870185628
167 168 0.58281598970727866
168 268 -0.7512102291760947
168 178 1.0860421230236872
168 169 -0.55193574436047799
169 269 0.98708046037608099
169 179 1.1152024919444883
160 169 2.200113048249063
170 270 0.94116725839088322
170 180 0.26497536667126165
170 171 1.0642515182557579
171 271 -0.8318728274330256
171 181 0.21034489428100736
171 172 -0.88057723042721359
172 272 -1.1051502709276975
172 182 1.1909228078495908
172 173 -1.5312440945191625
173 273 0.60069383050783365
173 183 -0.060443538734135986
173 174 0.81817632764898518
174 274 0.4034232648422395
174 184 -1.5699511463192695
174 175 0.95662566767712387
175 275 -0.41055216226309033
175 185 1.3911045134345907
175 176 0.39057915762833839
176 276 0.80650532602245395
176 186 -1.6236673314371175
176 177 -0.46841400397898819
177 277 1.0543602365957774
177 187 0.75153046044467742
177 178 -1.0894398043819822
178 278 -0.49634587383325973
178 188 1.7911181142177492
178 179 0.61200323118225342
179 279 -1.3011983858442002
179 189 -1.1677291245869952
170 179 0.50152602220820153
180 280 1.4839286675218089
180 190 -0.9274243276061005
180 181 0.29778382757698357
181 281 0.58817160216181164
181 191 -0.002745634495816471
181 182 -0.24707968558665427
182 282 0.36033372022869098
182 192 0.87823790205197949
182 183 -1.5486580702073822
183 283 -0.46942536357807119
183 193 -0.62382867592477764
183 184 1.0846379211714647
184 284 -0.52503777443872413
184 194 -1.7827750435974492
184 185 -0.22847070313785806
185 285 0.84479606100574645
185 195 -0.6958387771947856
185 186 0.27057897459501085
186 286 0.53435137088316786
186 196 0.75591574575038356
186 187 -0.66518125446729959
187 287 1.2540785218083563
187 197 1.6440409235911697
187 188 1.6503074225314114
188 288 0.75161220841737519
188 198 -0.77541501856998907
188 189 -0.001166911565880883
189 289 -0.50402106851481754
189 199 0.29843504732243553
180 189 1.4326040690461461
190 290 0.11448712178794562
100 190 -1.3793845752062004
190 191 -1.0978745917793109
191 291 0.33707894413552908
101 191 2.2392423863230535
191 192 0.043715278133611347
192 292 -1.3364774439774971
102 192 -2.2180158873439071
192 193 -0.14431569733269331
193 293 0.96285558896733436
103 193 -1.2929690653482193
193 194 1.4260472755273446
194 294 0.41606303313940257
104 194 -1.4160789218041987
194 195 -1.212157176825559
195 295 0.12948658780519715
105 195 0.1585346939412238
195 196 -1.5549713944016978
196 296 0.089234116578036538
106 196 -0.88807161756529052
196 197 0.76394990524388262
197 297 0.77354073530941658
107 197 -0.25441594586654975
197 198 0.91817493166883912
198 298 1.49070406352268
108 198 -1.1466906544370339
198 199 -0.86979028402726233
199 299 1.2189001346772379
109 199 1.4094185288006675
190 199 1.2074767779465929
200 300 -0.45896554457484068
200 210 -0.7076106267945671
200 201 1.2466575573779051
201 301 -0.89372372221092655
201 211 0.39031676220692535
201 202 -1.0895542408066963
202 302 -0.82538478915441382
202 212 -1.0521746329715989
202 203 0.88310946593094997
203 303 1.0804469809665758
203 213 0.21703171779625632
203 204 -0.26692455251263858
204 304 -2.097243288233571
204 214 0.44858948392001707
204 205 0.59317711562459474
205 305 -0.25890416385766019
205 215 1.3264211084325952
205 206 0.21016806602781957
206 306 2.069478679301243
206 216 1.1122792405475426
206 207 0.068906277443541969
207 307 2.4380985577435785
207 217 -0.62355914452066863
207 208 -0.25298449441307141
208 308 -0.092741235051686868
208 218 0.85730104553315567
208 209 0.10282782828205632
209 309 0.14796355826823177
209 219 -0.72877909549148912
200 209 -0.073885673645407587
210 310 -0.2892638598838056
210 220 -0.24737812176550644
210 211 0.93378979548329988
211 311 -0.98851961709901104
211 221 -1.7038370261884921
211 212 -0.090805185539499386
212 312 -1.0915980266481005
212 222 1.5760229910811046
212 213 -1.1678732279506487
213 313 0.47231026313586655
213 223 -0.049133350945834466
213 214 0.26324637423517533
214 314 1.404284881421902
214 224 -1.5335171247686463
214 215 -1.819470519805156
215 315 -0.26941102128933753
215 225 -0.36559080216960016
215 216 -2.0742430663148883
216 316 1.8461354264429142
216 226 -0.25360580076662748
216 217 -0.7567752631613377
217 317 0.32008932411966978
217 227 -0.69373877198700495
217 218 0.19928687703795664
218 318 -1.4735648444154386
218 228 2.3508947213651421
218 219 -1.4528844137109285
219 319 -1.070935612017287
219 229 -0.51633500015828215
210 219 -0.47332797328154352
220 320 -0.1170303534369989
220 230 -0.47490552960372928
220 221 -0.51780868611345698
221 321 -0.18675825967456475
221 231 -0.53220509494099344
221 222 1.5619637706778
222 322 0.93831877416544862
222 232 -0.77798348247365623
222 223 0.072072389980887219
223 323 -1.5728133624771581
223 233 -1.3508765104043192
223 224 -1.3066689084752818
224 324 -2.0851034268205737
224 234 -0.57977360848459769
224 225 -0.32468919244891165
225 325 -0.982440165647812
225 235 1.3482080255221869
225 226 2.0278940115276334
226 326 1.2908963783382299
226 236 0.32523102097083767
226 227 -0.24151809923498088
227 327 0.81222030162645231
227 237 -0.73415578519007096
227 228 -0.27457914687305129
228 328 1.3077517731417527
228 238 0.85241001905488167
228 229 0.9422025035106355
229 329 0.52053255204172322
229 239 -0.58601514995474702
220 229 -0.34945494336403854
230 330 0.63655037822059413
230 240 0.87956393060850824
230 231 -3.0862784621608625
231 331 0.6233825202430221
231 241 0.008305624749967367
231 232 1.183916448113987
232 332 0.022180194368385839
232 242 -0.17638082745234102
232 233 -0.70539201025001841
233 333 1.6078864504421464
233 243 0.71354388230204713
233 234 -0.99671506357732031
234 334 -0.30530730878755791
234 244 -1.2738895166172757
234 235 0.54563336507990046
235 335 -0.45983406155173212
235 245 -3.3877726880273764
235 236 1.3113737648009156
236 336 0.72927032736087372
236 246 1.907457548093616
236 237 -0.65008968795440814
237 337 -0.51112079737458826
237 247 1.6123692293547425
237 238 -1.1961674886156608
238 338 -0.22381832213957664
238 248 -0.59360365252524483
238 239 -0.40576381823092317
239 339 -0.12161125671410108
239 249 1.233347217320296
230 239 -0.870924466507215
240 340 0.43024730086923513
240 250 0.95366262489670561
240 241 1.3938321611777185
241 341 -0.16576116446645414
241 251 0.26971557758180592
241 242 0.3343979039027537
242 342 1.3838279393770436
242 252 0.30881363443046511
242 243 -0.40383126149757625
243 343 1.4585217574957343
243 253 1.1940577780180124
243 244 0.17170991280544573
244 344 -0.9890356400976853
244 254 -0.74389365543149877
244 245 0.95523894669050924
245 345 0.047510530899024343
245 255 -0.39591037126514578
245 246 -0.00103731421870858
246 346 -0.94992033143436694
246 256 -0.22386738020992705
246 247 -1.0851639611700004
247 347 -1.2191634442069363
247 257 2.4875002541917475
247 248 0.99095277357837663
248 348 -0.22626088175420817
248 258 0.76340243069336544
248 249 0.97030316505624992
249 349 -0.47656891850193756
249 259 0.18409469962763245
240 249 0.85199054344318215
250 350 1.1983462619246341
250 260 0.54311601135465326
250 251 0.22248726605337116
251 351 -0.60772564928397133
251 261 -0.11887334756075366
251 252 2.1427823824239369
252 352 -0.53590708073989912
252 262 -1.5563118270450949
252 253 0.1785995519057938
253 353 0.42853016139142242
253 263 0.86744314639086473
253 254 0.075000186728643961
254 354 -0.066546723130445518
254 264 0.66194004359504433
254 255 0.42664333712549485
255 355 0.35033362771299092
255 265 -0.76965924990313506
255 256 -2.2247716832443714
256 356 0.96555762302472348
256 266 -0.99312503680187514
256 257 -0.79537397413548516
257 357 -0.41733348606655357
257 267 -0.31765578776323716
257 258 -1.4210715808007137
258 358 -0.7879277872286029
258 268 -0.91205779312125257
258 259 -0.49398947240705476
259 359 1.9494876248537805
259 269 -0.33622515747407916
250 259 -0.28438988168638291
260 360 0.5027754460363999
260 270 0.58771964653360798
260 261 0.62174708015869939
261 361 0.24541887687451011
261 271 -1.2564267159023614
261 262 0.98709088678756807
262 362 1.6132316289852771
262 272 -0.033200141994080404
262 263 -0.5117197721933
263 363 0.48799014579487254
263 273 -0.20334606165921684
263 264 -0.32836822144224542
264 364 -0.96034676340774361
264 274 0.11401867058099106
264 265 0.61665739658784646
265 365 1.9848063781638392
265 275 0.37479943192696297
265 266 0.27428814392588713
266 366 -0.37009935348425066
266 276 0.35452101668005664
266 267 0.92911197805786361
267 367 0.2217441141916274
267 277 -1.1284186176983424
267 268 0.45387719021645717
268 368 -0.061537111048343356
268 278 1.4451151257920201
268 269 -0.283007836956643
269 369 1.2726446180914102
269 279 -0.31367994327860016
260 269 -0.85793906156931898
270 370 0.040652597740660538
270 280 1.7022495499425248
270 271 0.62844139639863372
271 371 0.082692269223150025
271 281 1.4369832180707394
271 272 -0.83072926458224838
272 372 -0.35121365670583454
272 282 -1.4945127644294116
272 273 0.055641367857313717
273 373 -1.133733060556626
273 283 0.058777651159032496
273 274 0.45119290125524802
274 374 -0.049443854905594387
274 284 0.1306464294830896
274 275 0.30722567888896657
275 375 0.17842839463016585
275 285 0.42935409090728605
275 276 0.37458185847010528
276 376 -0.34908210062963391
276 286 0.3419497043227091
276 277 0.43623279883742833
277 377 -0.17025246618351414
277 287 0.76644768186129697
277 278 0.162357726587326
278 378 -1.0756951181340386
278 288 3.1706985581285152
278 279 0.36276795615953217
279 379 -0.89675136109942855
279 289 0.92095035611077125
270 279 0.40814840891699344
280 380 -0.39196640254715642
280 290 -0.081566261984386615
280 281 0.85691007379777984
281 381 0.34008325807290235
281 291 0.14275256578276646
281 282 1.9297951406307072
282 382 0.067166120362453355
282 292 0.6695398759050506
282 283 -0.72443472947277643
283 383 1.1130913247917651
283 293 -0.68559614721549134
283 284 -0.9164957571851523
284 384 0.72716009749523558
284 294 -0.20826208816549746
284 285 -0.14920908198155025
285 385 0.29284527387963544
285 295 0.6536506420400704
285 286 -1.7005693625998379
286 386 0.71853634954545986
286 296 1.772520691002889
286 287 0.37996524787200858
287 387 -0.32947741507317624
287 297 0.14612672945950739
287 288 1.8756778369077503
288 388 -0.32855984482389738
288 298 -0.40746920524352914
288 289 0.83770339487986722
289 389 0.18339416963202904
289 299 0.52502521887787712
280 289 -0.47449191380852013
290 390 -1.363043994634366
200 290 1.7138844961947803
290 291 -1.4550625988709533
291 391 -0.15362720738484992
201 291 -1.2878107072834366
291 292 1.9969615713641684
292 392 0.36201197532170476
202 292 -0.65177273927074098
292 293 -0.38016320175611812
293 393 0.18165063469895748
203 293 -1.1971683356853198
293 294 -1.1003600711423642
294 394 -1.494751172985932
204 294 -0.72484189897692419
294 295 -0.45830968836630609
295 395 -0.5302966891070221
205 295 0.53796570162192059
295 296 -0.62879423241722432
296 396 -0.16757598811262878
206 296 1.8309070318807625
296 297 -0.86203483969629013
297 397 -1.3541132587833009
207 297 0.30081474598315516
297 298 0.16712518316784009
298 398 -1.2548943931882417
208 298 1.0292420756832288
298 299 -0.64481024896669603
299 399 0.89629367215833688
209 299 -0.79825744190733972
290 299 0.67279790834241826
300 400 -1.5082540332705645
300 310 -0.12147267556981442
300 301 -0.37311288029346462
301 401 -0.97177975710457631
301 311 0.25406616445509617
301 302 0.70178147476274821
302 402 0.39583100021389594
302 312 0.71802596925206719
302 303 -0.012158530773833187
303 403 -1.2848620433813802
303 313 -0.19047334283917858
303 304 -0.11149320362797914
304 404 -0.18727400097775046
304 314 0.93351777881952425
304 305 1.3254004166257631
305 405 0.03096164794965317
305 315 -0.26310253867945932
305 306 -1.5028345675530177
306 406 -0.17733962855656688
306 316 -0.56513702138423161
306 307 0.97953013634051667
307 407 0.95800860324445414
307 317 -1.9395667780629036
307 308 0.13187833971393698
308 408 -1.1388192229763507
308 318 0.59747183631201228
308 309 -0.13539939866691286
309 409 0.26941025400076352
309 319 -1.3712539647367523
300 309 -0.41491483413722302
310 410 0.23174418274220634
310 320 1.8920687985492486
310 311 -0.67997440921629626
311 411 0.52408195384769041
311 321 1.7502247693888524
311 312 -1.6044917175974007
312 412 -0.14583266564475023
312 322 0.29181981464761314
312 313 -0.25447401743873155
313 413 -1.0896072773558174
313 323 0.47448295642182697
313 314 -0.36895736236673904
314 414 0.043419015860471026
314 324 0.21789619608993654
314 315 2.0277964934801127
315 415 -1.4405953737095714
315 325 0.72220322283115757
315 316 1.0302955724095075
316 416 -2.0831048641056555
316 326 0.48893370910563583
316 317 -0.65230860782719136
317 417 -0.71636074721142595
317 327 -0.99810234868735115
317 318 0.54330914393671803
318 418 -0.91779567279125152
318 328 0.57910479525438741
318 319 -1.7264979597591394
319 419 -0.5579986607662033
319 329 0.26910757045785277
310 319 -0.43586270085242002
320 420 1.4283120429715275
320 330 0.30578564349624326
320 321 -0.71230240880247697
321 421 0.84906306985908941
321 331 2.9797188632164766
321 322 -0.49243346721600945
322 422 -0.43419579794778362
322 332 -0.59121163754527239
322 323 0.33076996866936642
323 423 -0.65982418292330225
323 333 0.55734667220950551
323 324 0.38305561558519369
324 424 0.18623302179803555
324 334 -1.0423010950306302
324 325 -0.2376428099288071
325 425 -1.2173868059980835
325 335 -1.6600052022366569
325 326 1.4351061577410367
326 426 0.027794325592575827
326 336 -0.20359520678022322
326 327 -0.32729891586634619
327 427 1.5527448428258117
327 337 0.94804812385212855
327 328 -0.99244228707587145
328 428 -2.1024568837009019
328 338 1.1184648474671322
328 329 -0.22296793838374157
329 429 0.94204909964001482
329 339 -0.78105429583877339
320 329 0.56490242780818289
330 430 -2.3808052713817189
330 340 -0.0980957734235509
330 331 -0.30446060076355341
331 431 -1.1061710295468932
331 341 -0.12218632537243961
331 332 1.0143160378368634
332 432 -0.099938165826912007
332 342 0.4941788180870445
332 333 -1.2614368387239767
333 433 -1.9477599303445783
333 343 0.098862376697101809
333 334 0.52121723535291198
334 434 -0.81334910886486933
334 344 -0.53949038011144324
334 335 2.3689974724067131
335 435 0.15271514223213481
335 345 -2.6505053110580024
335 336 -1.0963000280139987
336 436 -0.38504564949655384
336 346 0.56817312871849823
336 337 0.24835660361549144
337 437 0.36589984568050865
337 347 -0.11029135063462682
337 338 0.40018133462104322
338 438 0.43278619083111891
338 348 0.98319815098731389
338 339 -2.3291184944835641
339 439 1.3330824949346869
339 349 1.6108474149229393
330 339 1.5829293044288295
340 440 1.9373069117395922
340 350 0.40129658899687581
340 341 0.45399846201300531
341 441 0.74430119646630855
341 351 1.2896507828125336
341 342 -0.99996100752527939
342 442 -1.1314976856229688
342 352 0.87486261664438825
342 343 -1.0689816020513958
343 443 -0.70964356692640762
343 353 -0.2208701954530965
343 344 0.25479056172063252
344 444 -0.060308611317735399
344 354 0.82208666543604692
344 345 0.87173068852146229
345 445 0.17170969401555694
345 355 -0.6255834392327897
345 346 0.99059265259617724
346 446 0.34175086803727073
346 356 0.053789129181711373
346 347 1.616897616312738
347 447 -0.090590258307028534
347 357 -0.27374164304904336
347 348 1.5595358889354041
348 448 2.1344057511413093
348 358 -0.41934073371929231
348 349 -1.5068776599028222
349 449 -1.7401470322424677
349 359 -0.98021864311519846
340 349 0.5867512290743816
350 450 2.5407744204481379
350 360 -0.96880897135791688
350 351 -0.15308667842217349
351 451 -0.10819449517544756
351 361 -1.1206945001061777
351 352 0.30116556592342081
352 452 -1.0932234240280307
352 362 1.7013388512350549
352 353 0.82546554101324277
353 453 0.15823701752116909
353 363 1.8757896726427932
353 354 1.1233305037458479
354 454 0.85834485578457864
354 364 0.010031508452352993
354 355 -0.4479030759292808
355 455 -0.024153063571640231
355 365 -0.61341391228963049
355 356 -0.36193953522891614
356 456 -0.23980950250487257
356 366 0.029895667028933998
356 357 -0.62826398787228566
357 457 1.4796164668323764
357 367 0.16995937724928437
357 358 1.1799235106976389
358 458 0.2133295002594276
358 368 -0.52572728882129305
358 359 1.6717743060401418
359 459 0.055533225895338191
359 369 -0.06071844985036326
350 359 -1.9548046876471195
360 460 0.2167306916822079
360 370 0.40105936856844454
360 361 -1.3759032522659516
361 461 0.069231793898762495
361 371 1.0879882187662759
361 362 -1.5863303151426189
362 462 0.039624253986375507
362 372 -1.8794369309641501
362 363 -0.18530866790665534
363 463 1.7078249451619354
363 373 -0.83622437944392691
363 364 -0.59426225548437484
364 464 0.61842238187546816
364 374 1.1432297007268306
364 365 -0.79978621699145613
365 465 -0.68045717905680181
365 375 -1.2332750261691092
365 366 -0.19877126565313696
366 466 -0.51629143636973696
366 376 0.58735321435396581
366 367 -0.22596666711664212
367 467 -2.1836512175224003
367 377 1.5782763294014404
367 368 0.60429267989436353
368 468 -1.3003829372697679
368 378 -0.39220451157332165
368 369 -0.0013295486240149691
369 469 -0.40685348779342373
369 379 0.87842089472643081
360 369 2.1897661717877601
370 470 -0.61784104867593581
370 380 0.2240698547498722
370 371 1.2547458250601418
371 471 1.3304374592240498
371 381 0.49507797891558902
371 372 1.119810451645588
372 472 1.0045977430479371
372 382 -0.64793013636803276
372 373 -1.7506010495413744
373 473 -0.54913328382042192
373 383 1.5609131547316619
373 374 0.017278422520316531
374 474 1.8597592292887193
374 384 1.2686848618762954
374 375 0.16629541318420227
375 475 0.55111485463650711
375 385 0.85326273508008144
375 376 -0.8509275028909743
376 476 -0.59931245609816719
376 386 0.56805713751240938
376 377 1.32026499968885
377 477 1.777091612414021
377 387 0.29181453633385168
377 378 -0.8352648406934039
378 478 0.0076197275914845547
378 388 -1.1092890895159166
378 379 -1.1811572154415755
379 479 -0.39727386591588515
379 389 -0.60025885018315106
370 379 -1.1969797561441862
380 480 0.45685353399329381
380 390 -0.84239618660087268
380 381 0.52390652685291339
381 481 2.1273595804724801
381 391 0.84296564498312554
381 382 -0.3608114842823672
382 482 -0.36966998735926837
382 392 0.21117008651959651
382 383 -0.45391774236208504
383 483 0.19224263638056108
383 393 0.87199527373728225
383 384 -1.017245587258061
384 484 -1.3820860240012007
384 394 -0.33479867957666715
384 385 0.53375208826076492
385 485 0.11132591191175768
385 395 2.2292022707904708
385 386 0.19817195715374633
386 486 -0.47667457883125358
386 396 0.35172020288729827
386 387 -0.48317288644239786
387 487 0.82903454656223752
387 397 0.34335955854608308
387 388 0.17753161536776788
388 488 0.51088197289811532
388 398 -0.1724581225803499
388 389 -2.6427946239824278
389 489 -0.040232612009024948
389 399 -1.6841411630639456
380 389 -0.64233335987413165
390 490 -0.045489838798139302
300 390 -1.327445591643182
390 391 0.44265926451109566
391 491 0.92104219232995199
301 391 -0.77482219872805758
391 392 0.5062845416670313
392 492 0.92398071632480505
302 392 1.2353400758662427
392 393 0.62949028625488479
393 493 -0.80877884119883148
303 393 1.4355575096129372
393 394 1.4244950609543638
394 494 0.16231737112968661
304 394 -0.18755043227667867
394 395 -1.1684348956964028
395 495 -0.34419765259704321
305 395 -0.18055376058744299
395 396 0.87931496415249888
396 496 1.3921633842517731
306 396 -0.61867217456292645
396 397 0.65565478280302936
397 497 0.95214685798824317
307 397 -0.37739111115546159
397 398 -1.3448995729931918
398 498 -1.2137719245608316
308 398 -0.24828991296672834
398 399 1.0993078652909061
399 499 0.5793911317224606
309 399 0.56597725467674098
390 399 1.219229226108012
400 500 -1.1598020846304351
400 410 0.42159277992085892
400 401 1.124062129556525
401 501 -0.26236795020157855
401 411 -1.1495628634579924
401 402 -0.80114755997938503
402 502 1.5430430448773091
402 412 -0.15803034373214644
402 403 1.0233968520794665
403 503 2.4503118400873078
403 413 -0.40062296195865971
403 404 -0.67895621589985933
404 504 0.13009388539057093
404 414 -0.12823897196298575
404 405 0.46499518838459558
405 505 -1.3791214471272002
405 415 0.0032401902524744519
405 406 0.067415479096227249
406 506 1.0095260734341818
406 416 -0.35182268929039651
406 407 -0.79168051573901377
407 507 -0.83351877558684973
407 417 1.5378151365220536
407 408 0.37565722455984119
408 508 0.0088418578196427546
408 418 -0.62771386896430303
408 409 -0.98093681341194261
409 509 0.29073791191739567
409 419 -2.3839582830744619
400 409 -1.2259646927814187
410 510 0.54605813014015248
410 420 0.93548659377288479
410 411 0.0023480708885580534
411 511 0.93642602163117838
411 421 0.47824150314330688
411 412 0.73529910435125356
412 512 -0.53433463995469266
412 422 -1.6554310560665282
412 413 -0.78095321945917906
413 513 -0.74335898210694151
413 423 -0.0073376114676926667
413 414 -1.1582435961677928
414 514 -0.33796248561863812
414 424 0.72447317739219386
414 415 1.257306371326262
415 515 -1.7877717999636167
415 425 1.2361533656650265
415 416 -1.0030710042470603
416 516 -1.0391683410244439
416 426 0.83937890183976971
416 417 0.99418822206463564
417 517 1.2161015339185972
417 427 0.12990093492437932
417 418 0.95981751550863315
418 518 -1.4785473019255939
418 428 -0.30821410943218625
418 419 1.347706396035907
419 519 1.0986235010215588
419 429 1.7712880720627366
410 419 -0.61595563725284319
420 520 -0.34271996698556989
420 430 -0.46707623499468776
420 421 -0.7047258297119573
421 521 0.21382625640339778
421 431 -2.6739616069342236
421 422 1.0735834656247416
422 522 -0.29103764769170642
422 432 1.1521083718042007
422 423 -1.6905388617010324
423 523 -0.29769533841564289
423 433 1.6499380328319031
423 424 0.18970347633232776
424 524 -0.78270343796086383
424 434 -0.27858871699605919
424 425 -0.48735301835852307
425 525 -1.2039034839133536
425 435 -0.64923742200511991
425 426 0.15123849262488948
426 526 -1.4771283546389988
426 436 -1.318720059004054
426 427 1.2738859632075432
427 527 0.66444244841388955
427 437 -0.85246330961239991
427 428 -1.2076391326538305
428 528 -0.91622480489650515
428 438 1.1423143932157569
428 429 -0.70742227729951168
429 529 -0.23772573196542801
429 439 -0.62992018983975551
420 429 -1.0603646431586951
430 530 0.14019769860543055
430 440 -0.053505164574496319
430 431 -0.15822760559827398
431 531 0.43026656621959569
431 441 0.9573411764663935
431 432 -0.49545167242954069
432 532 1.3558500666589686
432 442 0.10246373804337548
432 433 0.45318011513263284
433 533 -0.39519751999496022
433 443 1.2434513590844465
433 434 -0.88877956240243416
434 534 0.93089111440016914
434 444 -0.82153345445570525
434 435 0.1123997127433659
435 535 -0.81250338282700174
435 445 -1.8291326762711677
435 436 0.39361528136205831
436 536 -0.0080307549611501605
436 446 0.10393908831630486
436 437 0.066206444698791889
437 537 -0.81021865113774627
437 447 -0.77049114228560056
437 438 2.1530651450176048
438 538 0.47580570851011855
438 448 0.51489667947494122
438 439 0.53399127799299084
439 539 -1.4789389874853687
439 449 -0.19110264969531696
430 439 0.50486348248319524
440 540 -0.56272275549500006
440 450 0.93053862072234772
440 441 0.087613727904165301
441 541 0.82273890200579702
441 451 -0.45866661682513649
441 442 -0.32876381810637384
442 542 -0.20027218173954342
442 452 3.6210570050895519
442 443 0.030321174119027135
443 543 -1.9836895426589956
443 453 0.27153841630072117
443 444 1.7343920246245068
444 544 0.15020229177792413
444 454 -2.0059796573971509
444 445 0.49112372270522636
445 545 0.53033695644979528
445 455 1.4090404692470722
445 446 -0.97067748231800111
446 546 -0.45370783232626022
446 456 -0.81606098419884332
446 447 1.3185067500586332
447 547 0.42653346288995458
447 457 -0.43607563019206319
447 448 -0.82693086325451359
448 548 -1.4972391921331392
448 458 0.48806790106093756
448 449 0.57254956273119839
449 549 1.0795680604633733
449 459 -1.3030334918755302
440 449 0.82084698806935852
450 550 0.50586889801596302
450 460 -1.0142259000155214
450 451 0.60411277861026103
451 551 1.4060905584344003
451 461 -0.12654523803221143
451 452 -0.49173871855724055
452 552 0.63717585963506662
452 462 -0.68270717860660335
452 453 -0.69470792116909541
453 553 0.48539841315075216
453 463 -0.40112930718931888
453 454 2.0080696665639577
454 554 -1.2012351910486132
454 464 0.80519118503989107
454 455 0.68073601360779956
455 555 -2.7236114622981185
455 465 0.96344435400633499
455 456 -1.4380508470832813
456 556 -0.66713850118268581
456 466 1.0032545251685709
456 457 -1.3678836795728129
457 557 -0.28141721495045369
457 467 1.8152540812590461
457 458 -0.71984261097865343
458 558 1.2118209069313386
458 468 -1.4278666901266202
458 459 -0.29574127240336456
459 559 -0.50881651958944729
459 469 0.64205843981149024
450 459 -1.2026522084664084
460 560 -0.54463157206118451
460 470 -0.20245009984868098
460 461 -0.15365309561012222
461 561 -0.22995620154400859
461 471 -0.59264593222825401
461 462 0.44665388155111174
462 562 -0.63774421426675088
462 472 -0.87782516065524052
462 463 0.064906614696060017
463 563 -2.231848924348609
463 473 -1.7032775520896903
463 464 -0.0057795909266306891
464 564 -0.97211237063177347
464 474 0.30397275398013218
464 465 1.0701161178689629
465 565 1.1443854236282645
465 475 -0.69137435042745266
465 466 -0.7322521174071468
466 566 1.1647355352886681
466 476 1.4981437741660899
466 467 0.53016700362049696
467 567 -0.55303000072854325
467 477 -0.79685626178309366
467 468 -0.33408521043345091
468 568 -0.45809961846030239
468 478 -1.0435875300154307
468 469 1.4607186777485417
469 569 -2.5453802636355736
469 479 -0.76348820459495526
460 469 0.37067347731983974
470 570 -0.13595336981734268
470 480 0.378398129304298
470 471 1.01396993363425
471 571 -0.83456766439898877
471 481 -0.68902958918536039
471 472 0.12253133348628244
472 572 0.54649236024692971
472 482 1.4953852024726055
472 473 -2.0053770427804136
473 573 0.5194948807588875
473 483 -0.52756776941935868
473 474 -1.3489885296654844
474 574 -0.0076752931556712447
474 484 -1.1125945144783
474 475 0.72358460055274665
475 575 -0.54363364864448038
475 485 1.0812588427656937
475 476 0.14828175842202332
476 576 -0.02828726748837352
476 486 -0.14791552099469255
476 477 -1.8840943755280553
477 577 -0.10986095279910611
477 487 0.20148330036242584
477 478 1.1374566007713289
478 578 -2.0085967767933868
478 488 0.51037717126463011
478 479 0.64860591194588968
479 579 0.9336162234339489
479 489 -0.68286017009259214
470 479 -0.41531126168398069
480 580 2.0276807276133422
480 490 -1.2235056321487134
480 481 1.5826333907238788
481 581 -0.68604982451502194
481 491 -0.76014395799201351
481 482 -0.57031559627758266
482 582 -1.0393801234202944
482 492 -0.65912077557113935
482 483 1.8379027441362985
483 583 -0.51929306540466291
483 493 1.8461194918092023
483 484 -0.0029952635710603285
484 584 0.51205040707721794
484 494 -0.68315372055311041
484 485 0.13765477801502968
485 585 -2.1477004350424864
485 495 -0.80237700790955002
485 486 1.8374063152890379
486 586 -0.095281262076561193
486 496 1.1711675420546792
486 487 -0.022117380188543711
487 587 1.1597361697583983
487 497 0.4971397967777989
487 488 -0.45985370218106159
488 588 0.94214183898775739
488 498 -0.80180375475646626
488 489 -1.1422970200008655
489 589 0.012637340877699242
489 499 1.4545454701879601
480 489 -0.29199590779270501
490 590 -0.70323908983878647
400 490 0.089229518444981226
490 491 0.42153088931982841
491 591 -1.0358823260086008
401 491 -1.0461292805151341
491 492 0.82953563164750599
492 592 0.65150489631186115
402 492 0.36690475572542358
492 493 -1.3783585887110523
493 593 -1.6472860570581223
403 493 1.0115052299024347
493 494 -0.72802538645576231
494 594 2.3591901922100158
404 494 -1.6099244713271064
494 495 1.5395596396767237
495 595 0.50337801379926317
405 495 -0.07723168488457105
495 496 -0.073439452198069508
496 596 -0.058743185407992872
406 496 1.6396128345990595
496 497 0.97826605264876709
497 597 0.40808770561906754
407 497 0.71075429410218149
497 498 1.6358042512311417
498 598 0.8355505729784144
408 498 0.14521746059293442
498 499 -1.6663951222728506
499 599 1.6116281496167444
409 499 0.81687001799207937
490 499 0.80188309255300083
500 600 -0.118429613838673
500 510 -0.33792249871115282
500 501 0.16122227007067769
501 601 -1.1710395693779487
501 511 -0.1340564612216909
501 502 -0.48943336035657176
502 602 1.0095370344403085
502 512 1.3585621811710715
502 503 -0.78730653632144054
503 603 2.2970567467598189
503 513 0.94071766148509539
503 504 0.96161928084265702
504 604 0.6298602038402541
504 514 0.45958382316434776
504 505 -0.8267848333577954
505 605 -2.5944576638842802
505 515 -1.3082385273805841
505 506 0.48590794727019015
506 606 0.54050085003732529
506 516 1.7849499098250448
506 507 0.96364448898330768
507 607 0.85680212746219919
507 517 1.1394775864898472
507 508 1.4672262870491035
508 608 0.17218415607333928
508 518 -0.28477636226851288
508 509 -1.0384408570910939
509 609 -0.56978176997780638
509 519 0.24138982364774567
500 509 3.1046107137656125
510 610 -1.4833121962470532
510 520 0.0022699320652340422
510 511 1.1173865063135224
511 611 -0.43938603669220705
511 521 1.6599264441347337
511 512 -0.079912807917643075
512 612 -0.59363012514374192
512 522 -1.0728727302996854
512 513 -2.0901200342183297
513 613 -0.57741842740027138
513 523 -0.017940922361797285
513 514 0.72914115266094348
514 614 1.2468053602383673
514 524 0.34132189167622162
514 515 -0.49109393420993536
515 615 1.0549502692587276
515 525 -0.43291774320059045
515 516 0.27761951180977212
516 616 0.42979414098943447
516 526 -0.6982052229619643
516 517 -0.74533185914491318
517 617 0.54827633728111713
517 527 0.43080375747583199
517 518 0.24075941832165104
518 618 0.80246331759081058
518 528 -0.74702081436134393
518 519 1.1212560319142046
519 619 0.0043912766311659688
519 529 0.49104801358139455
510 519 -1.4083661993173575
520 620 0.31712081296655176
520 530 0.63170537093546375
520 521 1.6179103785625437
521 621 0.6895940266204591
521 531 -0.5283401987503149
521 522 0.46005666029733538
522 622 -0.17796035544639219
522 532 -0.41951239548292624
522 523 -1.2883811624035162
523 623 1.2868978221067515
523 533 1.5326829450400952
523 524 0.51091984313706273
524 624 1.01939195292128
524 534 0.23107256520622294
524 525 -2.1259612461870465
525 625 1.126599636876191
525 535 1.0180376135900391
525 526 1.3549778440166855
526 626 -1.0299126333868587
526 536 -0.72236621732282025
526 527 0.54134202386844388
527 627 -0.58046294500756901
527 537 -0.063734339991339317
527 528 -1.0254740882504922
528 628 0.044381234495597062
528 538 -0.52890784383360767
528 529 1.1154342510997679
529 629 -1.670224945936333
529 539 -0.6458977264789979
520 529 0.27020111237937972
530 630 0.26312720254458799
530 540 1.2154759929431782
530 531 -0.92668720492712142
531 631 0.43908460806870375
531 541 -1.3199102376975744
531 532 0.47699691654108795
532 632 0.93798571663498642
532 542 1.3388070894230457
532 533 -0.60544737517549074
533 633 0.43959787566004321
533 543 -0.079413776734761757
533 534 -2.132248506357211
534 634 1.3743125432860677
534 544 1.0612947289943422
534 535 0.80240317399122474
535 635 0.14692873147189611
535 545 0.74816513904621962
535 536 -0.46308693434453291
536 636 0.20094888791736779
536 546 0.92765214141413022
536 537 0.39516286025428415
537 637 0.1968556457203548
537 547 0.41855966345744572
537 538 1.4512292038190235
538 638 1.214253913435577
538 548 -0.70877352516123726
538 539 0.65403811969847447
539 639 -0.84251444670146824
539 549 -0.53748183116401171
530 539 1.4429333758796994
540 640 -0.79693065433224519
540 550 -0.24186996147282816
540 541 0.71599878237819425
541 641 -0.27809437338886406
541 551 -0.4910701213374844
541 542 -0.29790642958198149
542 642 -0.37913219873517295
542 552 0.064576094861632849
542 543 0.44808796389636718
543 643 -0.52671630728848451
543 553 0.0041614167542936382
543 544 -0.46157981601086062
544 644 -0.39432464545206236
544 554 0.91914902104375218
544 545 -0.48109647189701504
545 645 -1.4274689511043306
545 555 1.4978555853112547
545 546 1.751038612297696
546 646 2.7396683621340929
546 556 0.50037244085037746
546 547 0.54384102292574954
547 647 -0.99499792504641782
547 557 0.37155562198528608
547 548 0.25992533311850297
548 648 0.47934979936135297
548 558 -0.006991299239275571
548 549 2.4541146989681448
549 649 0.46889162634166842
549 559 0.52258941184845875
540 549 0.95823566739723076
550 650 1.2188883343978427
550 560 0.30921887461762698
550 551 -0.32936449350625446
551 651 0.082350274599512871
551 561 -1.6261100363548342
551 552 -0.1433303992058042
552 652 -0.46254716071650792
552 562 -0.79583305621952649
552 553 -0.93139373118290214
553 653 0.95264037902802068
553 563 -0.18276976206980949
553 554 -0.57795365323698999
554 654 -0.83484745484582945
554 564 0.351109821292588
554 555 -0.15748109402115584
555 655 0.3664282973265422
555 565 -0.86258193273104
555 556 2.5396290342234464
556 656 -0.4768828638930438
556 566 -0.47868713991484074
556 557 1.21180328474243
557 657 -0.89187819427353598
557 567 0.8056607394209031
557 558 -0.96846969156446783
558 658 2.0862667266363633
558 568 0.042687249373308998
558 559 -0.6642501502184377
559 659 1.3930044994937172
559 569 -0.59171807815653343
550 559 -1.1602910059933254
560 660 0.12355647632629518
560 570 0.001294501081941057
560 561 0.33771877071352924
561 661 0.4989693046704875
561 571 -0.89413969857606035
561 562 -1.7473048716343198
562 662 0.05550313172765893
562 572 1.1505720075509811
562 563 -0.46865451160619548
563 663 0.63213289005299156
563 573 0.15148536590037906
563 564 -1.0195812114716447
564 664 -0.022598470569459916
564 574 1.0138973994251568
564 565 1.4075820996079018
565 665 -0.45236625499058364
565 575 -0.80582357589513154
565 566 1.8104764431481235
566 666 0.088398021961394027
566 576 0.35706246475651648
566 567 0.89334624658451711
567 667 0.26136333726729283
567 577 1.0030652149289756
567 568 -0.4855846290838286
568 668 -0.32989072179507567
568 578 -0.99164048821900819
568 569 1.0104469686986373
569 669 -0.77345783982040606
569 579 1.7173660884386543
560 569 -0.17739124753755045
570 670 0.13684669895059648
570 580 -0.15367719891594941
570 571 -0.11392638203119942
571 671 0.36907669977565105
571 581 1.2988188091934731
571 572 -0.98545310419356236
572 672 0.39462738396297931
572 582 0.43865046255644813
572 573 0.80452276721990834
573 673 0.76781554464644586
573 583 0.37925951959578003
573 574 0.1155002148939154
574 674 0.53962285396947329
574 584 0.038500401494536457
574 575 -0.63194584168487467
575 675 1.3709668513600433
575 585 0.78653764770511214
575 576 0.68028223364713036
576 676 -0.35229523609406077
576 586 0.11755532397556984
576 577 -1.1688916131515301
577 677 0.32123946841228923
577 587 -0.91973320043965046
577 578 0.61395134536890372
578 678 0.94959752813140819
578 588 0.88670468971414773
578 579 1.178931573565053
579 679 0.01391706805091803
579 589 -0.13050492627926283
570 579 -1.3086791195692349
580 680 0.20604953879220941
580 590 0.10201153321762244
580 581 -0.15143935922215862
581 681 -0.0057971780434905237
581 591 1.0614401905050983
581 582 -1.6826587085517397
582 682 -0.18705439913736072
582 592 0.35246663559443775
582 583 -0.17958950159628254
583 683 0.0060997838065504741
583 593 1.4038224066966616
583 584 -0.20835756067435721
584 684 0.21574853634524005
584 594 -0.6553587851194419
584 585 0.053901890362658911
585 685 1.4543680598082407
585 595 0.96818677310680179
585 586 0.6964644130733173
586 686 0.51834248989617993
586 596 -0.68019904291677313
586 587 -0.29075629175243761
587 687 0.52612077811727742
587 597 -0.24004046668563903
587 588 0.30487897659109969
588 688 -0.91087069673598087
588 598 -0.58544825582642812
588 589 -0.093868293189221352
589 689 -0.40207912282517344
589 599 1.1161547283111564
580 589 -1.67259687170188
590 690 0.68779214127670407
500 590 1.1887350942675095
590 591 -0.30113910650463782
591 691 -0.65922339650617523
501 591 -0.084472828221760193
591 592 -0.91530742953888167
592 692 0.35327574932237454
502 592 1.5684646333455492
592 593 -1.0915574351967823
593 693 0.37474133465351595
503 593 -0.045955926827277629
593 594 -1.3198391994867709
594 694 1.5446487034705056
504 594 -0.78134928033648332
594 595 -0.81160851606476037
595 695 -0.16265887049203442
505 595 0.33618932805772506
595 596 0.57965852045224342
596 696 1.3403279409318034
506 596 0.43470913118204019
596 597 0.041174213515192896
597 697 -0.071872522523700744
507 597 -0.3803171436176872
597 598 -1.2331741377978476
598 698 -0.8622008446436229
508 598 0.61337781662303803
598 599 -2.1707330839049126
599 699 -2.3866039883017804
509 599 -0.56519487654948319
590 599 0.49279704645012756
600 700 0.75112136752813075
600 610 -1.3727850946809059
600 601 -0.48056441504568037
601 701 0.20120944961804021
601 611 -0.61815470782194348
601 602 -0.90486722856323076
602 702 0.51494636940435334
602 612 0.14036950032927056
602 603 1.1092627846309366
603 703 -0.82183509367395846
603 613 -0.80372337060814592
603 604 0.66117919626810639
604 704 0.078991520774409033
604 614 -0.9072006748056024
604 605 -0.79459017892743156
605 705 -0.35925666667602058
605 615 -0.51181959777076302
605 606 0.097755165486896348
606 706 -0.16365863343611922
606 616 -0.16843161070836679
606 607 1.2319231031806943
607 707 -1.1150629133301215
607 617 0.14057343459191371
607 608 0.57597919158994593
608 708 1.27257676333805
608 618 0.6135711158024284
608 609 0.21909410805827345
609 709 -0.58211469488707157
609 619 0.75791781809291547
600 609 -0.58397063268383098
610 710 -0.82709729728842707
610 620 0.83698907454705296
610 611 -0.56664504684191352
611 711 0.42438808636456005
611 621 -0.014026606073780994
611 612 -0.19036207605973166
612 712 1.5744334632212358
612 622 0.5070629860241721
612 613 -1.14543003097597
613 713 0.41384202249347929
613 623 0.6883218753016348
613 614 -0.099866243276562808
614 714 -0.035553132791825294
614 624 -0.39690678167026777
614 615 -0.41924739484705154
615 715 -1.8205265548660665
615 625 -0.071481488516926747
615 616 0.21826736124829432
616 716 1.3229217420199813
616 626 -1.3035936217644215
616 617 0.11692909529742794
617 717 -0.93206404514463803
617 627 -0.04403961628785058
617 618 0.49442798777088021
618 718 -0.81091430032911782
618 628 -1.3363851436229945
618 619 1.6478487790042735
619 719 -1.1461669694075811
619 629 1.7788652662399393
610 619 1.5497786318285725
620 720 0.13436124695926727
620 630 -0.17391782400146766
620 621 -0.14620827918427542
621 721 0.33646363876148755
621 631 -0.13167076380531903
621 622 -0.95361822608476243
622 722 0.56199065012023541
622 632 -0.30424410940990965
622 623 0.24076400691791666
623 723 0.56613384383268428
623 633 -0.899170871774716
623 624 0.85208850123744828
624 724 0.74495936800639184
624 634 0.43399947428651087
624 625 -1.5053662385406905
625 725 -0.51229980805667175
625 635 1.091768301840758
625 626 1.0346174308551352
626 726 2.0913101956355216
626 636 -1.2773799651799163
626 627 0.6914611337121418
627 727 -0.88126584374418604
627 637 2.1261290291608086
627 628 -0.30041400368513921
628 728 0.42574059388001051
628 638 0.21877672513121846
628 629 -0.85005345921780417
629 729 -0.62444048610901814
629 639 1.2089381908731636
620 629 -1.1732113845825016
630 730 -0.447239950959127
630 640 -1.0711161861350345
630 631 -1.8135218710314533
631 731 0.85240772860148717
631 641 0.55319061759643107
631 632 -1.3228244223687289
632 732 -0.36031435506384851
632 642 0.24596866980765977
632 633 0.50125837581702859
633 733 0.51038348907101683
633 643 -0.2322942918029848
633 634 0.50631521518917189
634 734 2.2535685866114497
634 644 0.66614372287926049
634 635 -0.21845434359821597
635 735 1.0724800522980324
635 645 0.89139271544659193
635 636 0.051978254317794036
636 736 1.2791642460768469
636 646 0.64286928967911816
636 637 0.76802490327372719
637 737 -0.93834008514749379
637 647 -1.098378414908618
637 638 0.72742094675472901
638 738 0.39727882992294894
638 648 0.33092366573205478
638 639 -0.96183243762742621
639 739 0.25481363911246535
639 649 1.8471799682606898
630 639 -1.6129635174045702
640 740 0.973910747885251
640 650 1.7804153020873317
640 641 -0.004191222685174625
641 741 -0.65021248136839815
641 651 0.18313015668236488
641 642 -0.95130580214346638
642 742 -0.20647202802914325
642 652 0.89142211332016619
642 643 0.71524716108675968
643 743 -1.3986590683421205
643 653 -1.8289102725701656
643 644 0.22924154097163268
644 744 0.62999449406717045
644 654 -0.60604950457660833
644 645 -0.91766111201191336
645 745 2.161558458736625
645 655 -0.33126405857955638
645 646 -0.073164019279016668
646 746 -0.08995156406034413
646 656 2.2550388802253574
646 647 1.3257619663477616
647 747 -0.25787938000612154
647 657 0.22245280767208797
647 648 0.30902156091367139
648 748 -1.2104807177846175
648 658 0.74964406536665973
648 649 1.1938791963617799
649 749 0.68904886020768175
649 659 -0.07925273647539309
640 649 0.57220984976269074
650 750 0.65665288104479125
650 660 -0.41999648507592297
650 651 0.61595899780166463
651 751 0.09514001325890134
651 661 0.75755692708522937
651 652 0.82529009273053977
652 752 0.76291898688407045
652 662 -0.21038754029650525
652 653 1.6872346889447214
653 753 -1.1784526210684325
653 663 -1.5207573540748618
653 654 -0.069771930941894808
654 754 0.46616502940484134
654 664 -1.5161622920072155
654 655 -1.8257113162492409
655 755 -0.010584741045048342
655 665 -1.9765415038704055
655 656 2.25443877479991
656 756 0.60960659200877643
656 666 0.053406742297423225
656 657 -0.78330986808474079
657 757 -0.099431172314922281
657 667 0.36325867752243435
657 658 0.42098041579227391
658 758 -0.95109390362685919
658 668 0.18226221060494288
658 659 0.64685553031753118
659 759 -0.36107285010855855
659 669 0.57542892207796559
650 659 0.047997673438286204
660 760 1.479174434761048
660 670 -0.94109986505833521
660 661 -0.52860602114806476
661 761 -2.4973006046014983
661 671 0.90446651217583718
661 662 0.17124514090721404
662 762 0.19623178163135449
662 672 -0.45352042471736326
662 663 -1.0524066134612702
663 763 0.95900997738401894
663 673 1.3919115884588267
663 664 1.2844250612851333
664 764 0.54739698808755832
664 674 -0.22957057597817546
664 665 -1.1554011857575577
665 765 -0.52820369229418784
665 675 -0.092075377420824098
665 666 -1.0899033100722262
666 766 -0.6506120316108126
666 676 -2.5018481214373338
666 667 0.047100623296088592
667 767 1.2855219447819657
667 677 0.70112627769075997
667 668 -0.16714513365387029
668 768 -0.7322841340979217
668 678 -1.5821091186250191
668 669 0.77936404318515096
669 769 -0.19215105169450161
669 679 -0.51959538835495278
660 669 0.60356682385868532
670 770 0.71380218907749937
670 680 0.90098164428211802
670 671 -1.7706297907730324
671 771 -1.354827172525447
671 681 -0.63401325659561347
671 672 0.15244496884515363
672 772 0.36837209989788261
672 682 0.58626817733115288
672 673 -1.0587539320021802
673 773 -0.61341156353660253
673 683 -0.98102568662265821
673 674 0.11772643881105462
674 774 -1.2571555983337397
674 684 0.6949222826322855
674 675 -1.1138236806308592
675 775 0.52415695951528618
675 685 -0.74929169555682917
675 676 0.87565799923827825
676 776 -0.51664842976864733
676 686 0.38467815834849456
676 677 0.72290620562525842
677 777 -1.4713073821074765
677 687 -0.65801650913787912
677 678 -1.6579401568892314
678 778 0.52364058098770128
678 688 -0.46676217423265365
678 679 -0.7935271812939616
679 779 0.047463230927553675
679 689 0.81868542577907344
670 679 -0.64477163937748139
680 780 -0.47766934655229898
680 690 0.50349629255587403
680 681 1.1001367076469772
681 781 -1.6209000698194256
681 691 -0.063499330407860391
681 682 -0.81512737929207513
682 782 -1.5636238519271353
682 692 0.14893321120498249
682 683 0.73703406267092708
683 783 -1.0032792540834918
683 693 1.6697901125231709
683 684 0.61401923638595224
684 784 -0.65654003658632831
684 694 0.19522521270861365
684 685 -1.0917637302151972
685 785 -0.48756960137401673
685 695 -0.10050958664564268
685 686 1.9626819655530929
686 786 -0.405504364431169
686 696 1.2952785855594964
686 687 1.7559902958623017
687 787 -0.020446758026811174
687 697 -0.70930804405336489
687 688 0.42593323018765472
688 788 0.83561079833737884
688 698 0.12704407631520315
688 689 1.4140635457040291
689 789 0.72503663688058995
689 699 0.33652327453307956
680 689 -0.48428204408062436
690 790 1.0284901883967812
600 690 -0.98555562106607553
690 691 -0.11867377636518321
691 791 1.574152400458519
601 691 -1.1027534498416784
691 692 0.81297522396272903
692 792 -0.86210321359512931
602 692 -0.17131491135228408
692 693 -0.14807728620215058
693 793 0.69723463483905435
603 693 0.5357789347385542
693 694 -0.69783974484821065
694 794 1.0474281985311142
604 694 1.7706568393773485
694 695 -1.2523649844517819
695 795 0.77008698842677248
605 695 -0.34243376562302602
695 696 0.34825337355205482
696 796 -0.027951239581746657
606 696 1.5821540873034439
696 697 -0.055506028074085466
697 797 0.011414111122069741
607 697 -1.9426013494080687
697 698 1.725301109785589
698 798 1.4145900082534351
608 698 -0.64116834240717113
698 699 1.4211187233843965
699 799 0.88016832565454228
609 699 -0.092395963448506813
690 699 -1.1827030439424708
700 800 -0.58514921498850292
700 710 -1.0946561824361132
700 701 -2.0195576730768297
701 801 -1.6790614914919404
701 711 0.79727973040193001
701 702 -0.79332650600006382
702 802 0.97502140123114056
702 712 0.40598612278405899
702 703 0.37023307188623455
703 803 -0.090328257276943866
703 713 -0.23026100258756083
703 704 -1.7794675059168685
704 804 0.42590984663117865
704 714 -0.28839163395349016
704 705 0.40704196248372732
705 805 0.57520706387804776
705 715 2.2743295800450785
705 706 -0.047774343890973035
706 806 -0.13325303844467851
706 716 0.81658961096695781
706 707 0.35774202469282718
707 807 0.23142842881397765
707 717 1.0255398004453511
707 708 0.20682525189831685
708 808 -0.41739004828513548
708 718 0.81401705680928771
708 709 -0.70342394979543166
709 809 0.40221580768063492
709 719 -1.697308718263824
700 709 -1.7522461690713385
710 810 -1.9709003853695037
710 720 -0.93474567651131046
710 711 1.0394046320818768
711 811 -0.42530871287938038
711 721 -1.4013253825688938
711 712 -0.99952895126668251
712 812 -0.039230524693449439
712 722 1.8550203965618564
712 713 -1.1160450596004194
713 813 -1.1240062950463068
713 723 1.1354348968781731
713 714 0.3387433748973635
714 814 1.5013538519292025
714 724 0.60177320547471436
714 715 -1.1497588079826304
715 815 0.6575629896306755
715 725 0.011909777181001155
715 716 1.7719008412900743
716 816 0.47325942519981135
716 726 -2.8865381555411802
716 717 0.86122658134279484
717 817 -0.14618291832930819
717 727 -1.3612098446271657
717 718 -0.6440798992900354
718 818 0.6292659346134527
718 728 -2.2249478166285641
718 719 0.41762909377650748
719 819 -0.36592625820831703
719 729 -0.75360206589862144
710 719 0.016711430598644429
720 820 -1.9569360347084266
720 730 -0.18538921579226453
720 721 -1.3838248481514182
721 821 -1.3017821248298653
721 731 2.5612540186666322
721 722 -0.037237620166594078
722 822 0.7979678566421019
722 732 0.82987569183475951
722 723 0.16675316102091309
723 823 1.2074129634817992
723 733 0.90930773808745435
723 724 0.53008582493841216
724 824 -1.2047855959569054
724 734 0.87527566772866017
724 725 1.0577341741863682
725 825 -0.5411912305305151
725 735 -0.56594367528110701
725 726 0.78328863854613495
726 826 -2.0372915361408359
726 736 -0.33755689833875352
726 727 -0.31330916027204414
727 827 0.49244713359761616
727 737 -0.92761261794041228
727 728 -1.2582406779302291
728 828 0.58184537920703816
728 738 -0.91571180656286477
728 729 0.43108833629431786
729 829 0.1622700552956195
729 739 -1.3136565463538916
720 729 1.2061635843290317
730 830 1.0543748695191468
730 740 1.6955446924713506
730 731 -0.0086657593019876713
731 831 0.16949411228545685
731 741 0.36234985125076369
731 732 0.73154132200457089
732 832 0.70073132729141308
732 742 -0.3418922348054097
732 733 -0.87974627309879161
733 833 -0.18062850983022846
733 743 0.65815930373979414
733 734 -1.5444809954956036
734 834 1.3438957597788626
734 744 1.3191764182650387
734 735 0.43088936142841622
735 835 -0.081827074078802339
735 745 -0.4166130352373672
735 736 -0.50376964260373636
736 836 0.20178522399722357
736 746 0.77752959110257702
736 737 -0.20120868551871207
737 837 -0.15165023343816908
737 747 1.3459941501962676
737 738 -0.92557084947865431
738 838 1.2195443146148623
738 748 0.5010081772997006
738 739 0.3925442690145865
739 839 -1.8458595275375409
739 749 -0.95682281504854194
730 739 -1.3133416955054735
740 840 0.66952557557962533
740 750 -0.10890389796314537
740 741 -0.58391016128680695
741 841 1.2849154445174364
741 751 -0.44418413596839085
741 742 0.70263727593669556
742 842 0.64341527812078692
742 752 -1.6293351073589741
742 743 1.0075876490396245
743 843 0.016192637073760941
743 753 -0.13167061570501509
743 744 -2.9407977744062594
744 844 1.7515535426092514
744 754 0.21064066606022841
744 745 -1.7775227845146941
745 845 0.19878531042114961
745 755 -0.96951012695436545
745 746 1.6106086651020335
746 846 0.072447984297782722
746 756 1.1131189152794843
746 747 -0.63777877028835506
747 847 1.5807460462407108
747 757 0.008501570264012338
747 748 0.52118463665921755
748 848 -0.1402358054052954
748 758 -0.5443864215913039
748 749 0.16017017456444846
749 849 -1.7044998691859832
749 759 -0.30510385168042392
740 749 0.17833416706101846
750 850 1.538652706911867
750 760 0.13818528998987956
750 751 -1.9655585478530235
751 851 0.64744620287065424
751 761 0.53850767173369796
751 752 0.72892311559215406
752 852 -1.4627418387066708
752 762 -0.078645303567221742
752 753 -0.43401523981909917
753 853 -0.36781133863844084
753 763 -0.71601758136250515
753 754 0.98831743273931583
754 854 -0.58115931637597895
754 764 0.58981016305570533
754 755 0.21074464514177033
755 855 1.8078695882538978
755 765 0.94623941984501003
755 756 0.51424259555698637
756 856 -1.4744398052925844
756 766 -0.43943043084052458
756 757 0.74976941945465114
757 857 -3.4952607910086813
757 767 -0.030076065747746478
757 758 0.97604583546551715
758 858 -1.3104255285158981
758 768 -0.38080498638764865
758 759 -0.38411783758947399
759 859 0.33873707445621937
759 769 0.43306890731432296
750 759 -0.054686143903822204
760 860 -0.73128548084294054
760 770 0.53785760826176043
760 761 0.088839202036328516
761 861 -0.73468446463407022
761 771 -0.74643776087436164
761 762 0.37484984291116946
762 862 1.3932329046731333
762 772 -1.7763603293773516
762 763 -0.65861392897603799
763 863 0.41033391811416758
763 773 1.0950237836116627
763 764 -0.77526712364607042
764 864 -0.2304224741306786
764 774 0.082876728092342436
764 765 0.49762360872168143
765 865 0.80496905437526167
765 775 -0.49461934032348193
765 766 0.66103124437310934
766 866 -1.648905291944156
766 776 0.60635853902955816
766 767 0.83109069619118559
767 867 0.023012540791562373
767 777 1.079230419284485
767 768 0.42285672914591144
768 868 -0.48416206105586712
768 778 -0.54778322524032608
768 769 -0.67717165387131306
769 869 -0.69648742615077897
769 779 1.6057967655777337
760 769 1.1344741449696145
770 870 0.77991117819367972
770 780 0.062835448914906972
770 771 -0.2082252743207483
771 871 -1.1465382849253172
771 781 0.82761600010774816
771 772 -1.2537333317674555
772 872 -0.39203910450162865
772 782 -0.60706293372173581
772 773 0.6401189326552601
773 873 0.55325897574104421
773 783 -0.034669515870828685
773 774 -0.11967739839121935
774 874 -0.68286651480631622
774 784 0.95930297393509245
774 775 -1.1326705525466607
775 875 -0.023463430720516865
775 785 -0.033762066066628557
775 776 -0.77687998277754355
776 876 -1.9006418941125052
776 786 0.75942863206376632
776 777 -0.67291864188575257
777 877 1.2974470591126064
777 787 -0.19736416814399782
777 778 0.56735783594970401
778 878 -0.94301275163871268
778 788 1.0454671436897118
778 779 -0.25679728793936379
779 879 -0.2942661562602587
779 789 0.25809843706529506
770 779 0.84802493320815253
780 880 -0.56522689050367692
780 790 0.41442106287023434
780 781 0.073961596928092538
781 881 -1.1580879031912037
781 791 0.77732170355087027
781 782 0.24119128302827178
782 882 0.52645618789279336
782 792 0.71158382734569003
782 783 0.046641159579825807
783 883 -1.4324962964840979
783 793 -1.5056152138750101
783 784 -1.132109197593488
784 884 2.0637712561223669
784 794 0.68930028684243128
784 785 0.6077937887772088
785 885 0.24858407190625817
785 795 -0.37112596717946578
785 786 -0.10558476324334364
786 886 0.36422191044679181
786 796 -0.33182649967540623
786 787 0.63715262661255767
787 887 1.5336769406991542
787 797 1.3279854378741223
787 788 -0.31710578923711269
788 888 -0.49566167654122611
788 798 -0.653882532514651
788 789 0.25563910536699297
789 889 -0.65264629377617767
789 799 0.5922185899453809
780 789 0.11337441370168809
790 890 0.20716362221815093
700 790 0.025058659661784725
790 791 -1.3476411767270355
791 891 0.71888209954627069
701 791 -0.42924975616428557
791 792 1.1748855201324204
792 892 1.1403707800778831
702 792 -0.26185377715628538
792 793 -1.5699253090189869
793 893 -0.7441164734649276
703 793 -0.94648165602155487
793 794 -0.021603880125028105
794 894 -0.42354496458168994
704 794 0.88481576886578117
794 795 0.60690628294421201
795 895 -0.02016872156277209
705 795 0.30342619136537147
795 796 -0.66144758648326796
796 896 -0.37832597093509313
706 796 -1.7250044039465715
796 797 1.1577511001907912
797 897 0.18814318952757522
707 797 1.5402451574811944
797 798 1.9539647036217205
798 898 0.2290762477585587
708 798 0.34506882799081495
798 799 0.88646214698611536
799 899 0.2455438818712061
709 799 -2.0621500013798095
790 799 -0.31194322782490591
800 900 0.45140616974024989
800 810 0.55380893352742133
800 801 -0.40047120108727591
801 901 0.89901693020807261
801 811 -0.39391937421502765
801 802 -1.6631486694411468
802 902 0.47687202038073184
802 812 -0.33444696703394022
802 803 -1.1091638808806685
803 903 -0.8059934881459212
803 813 0.47860907904883171
803 804 -0.017756097714707181
804 904 -0.023472361869668616
804 814 -0.7608867793838261
804 805 -0.20200341639147831
805 905 0.17456807455779702
805 815 -0.15927934585866516
805 806 0.39482409346698938
806 906 1.2976037597445786
806 816 0.28947508590774718
806 807 1.4271362670284895
807 907 0.78598176089048954
807 817 0.091984011385055076
807 808 -1.5559364024084297
808 908 -0.61284603448541686
808 818 -0.25892551829970423
808 809 -0.84356010842402684
809 909 0.27637958339470475
809 819 -0.69251631014942239
800 809 0.53161125138656273
810 910 0.77383231146091414
810 820 -0.51779957693392853
810 811 -2.1686740964871651
811 911 0.046540336030997068
811 821 0.18909472980011227
811 812 1.7207414678765705
812 912 -0.32165420590394633
812 822 0.20745149448824177
812 813 -0.55322372942270559
813 913 0.1405942741974138
813 823 0.68975815565954557
813 814 0.97971218217812273
814 914 0.90790740861887098
814 824 -0.45301902598632554
814 815 -0.92922527427853174
815 915 0.08736809822097745
815 825 -2.0364792363005115
815 816 0.072474715409213922
816 916 0.52021541458695597
816 826 -0.60721557521312419
816 817 -0.30925597287932755
817 917 0.7158113155984871
817 827 -0.25282062782018938
817 818 0.78561681368446579
818 918 -1.0403918075116219
818 828 -0.91359375743137838
818 819 -1.7095851230921641
819 919 0.59293612987142374
819 829 0.14688857667521144
810 819 -0.59865709977621062
820 920 1.2857004849463454
820 830 -0.56892712652393007
820 821 0.43848184877307977
821 921 -1.8014678665006205
821 831 0.57220561624968003
821 822 0.083650307035680993
822 922 1.0404418316974502
822 832 -1.8803505481621288
822 823 -0.81122906667265127
823 923 -0.85762553545409115
823 833 -0.2424648024489417
823 824 0.42267595104257394
824 924 -0.17681903958758566
824 834 0.26109671824926234
824 825 -0.52620704551017228
825 925 -0.65850272854130754
825 835 0.32301752167471115
825 826 -0.79733716880940386
826 926 -0.40849952074382995
826 836 -0.98578386267324025
826 827 1.3838073536477573
827 927 -1.4156331323958327
827 837 -1.7398573949059049
827 828 0.5136376233652955
828 928 -0.58111103332187164
828 838 0.13562052501579969
828 829 -0.4260548576649214
829 929 -1.1998766953027016
829 839 -0.4617580760425003
820 829 0.87571957823915081
830 930 -0.39304215436215001
830 840 -1.1357991718801106
830 831 0.60028895664745185
831 931 1.183590170118147
831 841 -0.29856049729008738
831 832 0.0067449549838965806
832 932 0.77489937411701559
832 842 0.58234891648953957
832 833 0.015668689517408407
833 933 0.7787566149983064
833 843 0.72360251684690202
833 834 0.65240392618714127
834 934 1.1732651966562551
834 844 0.44566506200394523
834 835 0.38529087491430652
835 935 -0.76461648462091836
835 845 -1.556149052820065
835 836 -2.1250684734707583
836 936 0.56197570481321846
836 846 1.8273542059761023
836 837 -1.3218791679108144
837 937 -0.80719689659144467
837 847 -0.71077315267319119
837 838 -0.16070053873074228
838 938 0.94463941161133258
838 848 1.9539649688177647
838 839 0.97116464820331549
839 939 -0.44892826061841545
839 849 -1.1152027999926697
830 839 -2.1029098921341594
840 940 0.94150891689006155
840 850 0.57143425608156861
840 841 -1.0957836876307412
841 941 -1.5641713675240656
841 851 0.36136424073959889
841 842 -2.3469381450544846
842 942 0.70775487955544103
842 852 -0.78471554429688561
842 843 0.059359016454244545
843 943 0.65322961362013165
843 853 -0.33659534394498947
843 844 1.3206012624084946
844 944 0.75243520781258355
844 854 0.37887957498005709
844 845 0.99560479631106413
845 945 0.30819811920658391
845 855 -1.1428955388891746
845 846 0.32055362775993973
846 946 0.011474794966840942
846 856 -0.43187557665314302
846 847 -0.48128484763081697
847 947 0.40219573696054289
847 857 -0.80672252703331537
847 848 -0.42296536360080517
848 948 0.89535621398248022
848 858 -0.01370464792316166
848 849 1.7162965471760272
849 949 -0.22765875127391577
849 859 0.975213138934372
840 849 0.74032524592386972
850 950 0.61412360845288305
850 860 0.52758154178131633
850 851 -1.6973853538664476
851 951 1.4063211292754487
851 861 0.41588336681279275
851 852 0.3136380228773758
852 952 0.39485919437436384
852 862 -0.77956122347193402
852 853 1.9653027847100681
853 953 0.75259870575120513
853 863 0.31152224688245217
853 854 -1.1784295656146657
854 954 0.32204524708473459
854 864 -1.5107093195647661
854 855 -1.3936926768405913
855 955 1.2598843748467259
855 865 -0.83996838759019998
855 856 -0.88910015113051499
856 956 -0.15183520388896121
856 866 0.73251686088831935
856 857 -0.39932414360714952
857 957 -0.85891011812356022
857 867 0.46312720184568829
857 858 0.8969353112140076
858 958 1.0704713353992357
858 868 0.79937269976902214
858 859 0.91789055723611612
859 959 1.3353625303019083
859 869 0.77593689674314614
850 859 0.69030091905820778
860 960 0.6087642293255322
860 870 0.80162540442480379
860 861 -0.2808691725302167
861 961 1.2374120281184664
861 871 0.48056030976498393
861 862 2.1825994735624197
862 962 -0.77664869999991104
862 872 1.3947078939743387
862 863 -0.23281849151975947
863 963 -0.85207532433583477
863 873 2.8585905479799201
863 864 -0.69110421617884021
864 964 -1.3884059147696601
864 874 0.81012048551498961
864 865 0.48001582212330879
865 965 1.1280235198697328
865 875 -2.0916356708169372
865 866 -2.2243551918731113
866 966 0.920046709851985
866 876 0.45344571223419555
866 867 1.164556528548145
867 967 0.46170167069928497
867 877 0.34706404476063824
867 868 -0.48632803578672562
868 968 -1.2211450707901688
868 878 0.9902436396162454
868 869 0.29853418823234484
869 969 1.3646261270267188
869 879 -0.66344365609038514
860 869 -0.29524458335973136
870 970 -1.7497062300826678
870 880 -0.44436989451725678
870 871 2.3117117629128874
871 971 -0.53936341679027588
871 881 0.56851175653087116
871 872 -0.5308931683197915
872 972 -0.012382128773640644
872 882 1.8917536809771527
872 873 1.8047708767167125
873 973 -1.2582111870891504
873 883 -0.7300256451396212
873 874 0.52118371060987367
874 974 -0.71237906288341712
874 884 -2.1126253313293577
874 875 -1.371876622014981
875 975 -0.98103314623431348
875 885 1.1470680050030035
875 876 -1.0588860096364929
876 976 -0.26743483253235689
876 886 -0.018318636321738406
876 877 -0.71752674178760711
877 977 -2.2894556803722961
877 887 0.97540083840414238
877 878 -0.10383330712154323
878 978 -2.2418146471122693
878 888 -0.40998240586793472
878 879 0.62125048517504178
879 979 0.6836662164816053
879 889 0.57891383642798511
870 879 2.508050493281333
880 980 -0.61400312913090327
880 890 1.3494612888326947
880 881 0.30254577549533701
881 981 -0.56882865059458942
881 891 0.50905931876072685
881 882 1.2704874145004879
882 982 0.48774043009659973
882 892 -1.5396941567115758
882 883 1.0603267131973988
883 983 -0.25515208231443226
883 893 -0.56471964047424128
883 884 0.30760617446732857
884 984 -0.57617963240308434
884 894 -1.3378825478707466
884 885 0.38424127134371971
885 985 0.39673274003874343
885 895 -0.94933232599049511
885 886 -0.62033196318335526
886 986 -1.7845467201666583
886 896 -2.1566378583755728
886 887 -0.78161389717483043
887 987 0.07292955841740302
887 897 -0.22845025807814925
887 888 -1.945872419064046
888 988 1.7685643007618663
888 898 0.15582394007670961
888 889 -0.78409691847460183
889 989 -2.1045979928315273
889 899 -1.1455696778020765
880 889 -0.0046780148270854109
890 990 0.43723884879324593
800 890 1.2789511835136766
890 891 -0.74064237742832262
891 991 0.98728023432475065
801 891 1.6349420467184199
891 892 -0.099293012735271829
892 992 0.41089261110221953
802 892 -0.52405377999264824
892 893 0.95194332873124987
893 993 -1.0421349275464638
803 893 -0.15124894351203999
893 894 1.3083392680644759
894 994 -1.6764471136150527
804 894 0.090504527848269956
894 895 0.37197484218094334
895 995 0.55314979559756428
805 895 -0.0089522828980891315
895 896 0.083741259881937827
896 996 -0.7811519181871921
806 896 -0.41360921925224686
896 897 0.2321106230464425
897 997 -0.50633343633007
807 897 1.7469457717214802
897 898 0.46778822571594192
898 998 -0.6979710585069312
808 898 -1.4656720927108735
898 899 -0.64682434917936116
899 999 -1.473760693741045
809 899 1.2364233624576293
890 899 -0.27257807055943728
0 900 -1.2546148975941116
900 910 -0.69399526878561302
900 901 0.83619830031424769
1 901 -0.21359666228862517
901 911 0.90643612753762437
901 902 -0.41167910225047522
2 902 -0.65533972812799357
902 912 0.032484493727799324
902 903 0.70179732536635442
3 903 0.49679924272589443
903 913 0.60638635297063137
903 904 -0.081685939652592687
4 904 0.76951536755936845
904 914 0.51354428506774719
904 905 -0.23597558930401777
5 905 0.55869167127008079
905 915 0.056331675160767411
905 906 -0.63839471603670517
6 906 0.30261455881821936
906 916 -1.1022103254130586
906 907 0.487402526000772
7 907 0.96086399984951032
907 917 0.32623766311811325
907 908 -2.0723586167248507
8 908 0.82763134638057567
908 918 -0.98344586680636781
908 909 0.27659111331227076
9 909 0.10630396976601411
909 919 -0.015412643978512957
900 909 0.64307380057685837
10 910 0.43765332427455467
910 920 -0.21011382983311155
910 911 1.8334774849601629
11 911 -0.61285091989073737
911 921 0.53489633382396806
911 912 0.56170291670594963
12 912 -0.256901490360052
912 922 0.41406861620189478
912 913 -0.49122053733822474
13 913 1.3919676458758832
913 923 0.79189582719135165
913 914 -0.088043665873729415
14 914 -0.79884474536942396
914 924 0.62983449401502811
914 915 -0.22358474877719689
15 915 -0.058290473523103438
915 925 1.3013553802877809
915 916 0.75564369150451383
16 916 0.4612828847246494
916 926 -0.74746085564785436
916 917 -1.1712211842589342
17 917 0.80427227691787406
917 927 0.63587423476883542
917 918 0.24270087121338693
18 918 -0.1123591088230889
918 928 1.0193981327489636
918 919 -0.48461581970987527
19 919 -0.00030378263029014337
919 929 0.95691907502921003
910 919 0.49758154692520762
20 920 2.1350704792613984
920 930 -0.47592438678704257
920 921 -0.45896228190610905
21 921 -0.44476061253432753
921 931 0.61666874619492529
921 922 0.72504713011938071
22 922 -1.5556579189742998
922 932 1.42152210488827
922 923 0.94420689688578407
23 923 -0.019012789386435951
923 933 -0.85298190505795957
923 924 -0.5287552615319181
24 924 0.66870856986662641
924 934 0.7088639430996122
924 925 -0.73416512893320496
25 925 -1.6006451763645688
925 935 0.021655196333883582
925 926 0.68645858521198189
26 926 1.7488318879382443
926 936 0.70776938662288413
926 927 0.26277909058087229
27 927 -0.9021338203618362
927 937 0.52669582593657038
927 928 -0.2089178369167026
28 928 0.40075252756415208
928 938 -1.5322234887134345
928 929 1.0946748221728921
29 929 -1.3934619330125368
929 939 0.22397089227321126
920 929 0.95888518130497014
30 930 0.81922960968421588
930 940 1.0921884286622938
930 931 0.43012331558618194
31 931 1.9209391522872112
931 941 -0.20323277198174361
931 932 0.88228979447863687
32 932 0.26240446644644061
932 942 -0.78118490420886277
932 933 0.4549823263549303
33 933 -1.1911891443694971
933 943 -0.66787543773233216
933 934 -1.0079015002523284
34 934 0.64454144411208247
934 944 -2.4677179777218794
934 935 0.046687347588182132
35 935 0.11121254062369955
935 945 -1.6882692281462441
935 936 0.33975632104808434
36 936 -0.90368497970285333
936 946 0.060637780662106545
936 937 1.6629721149781176
37 937 -1.393269493122635
937 947 1.352063264885806
937 938 -0.56349666453622349
38 938 1.5275340939681614
938 948 -0.30360460385460952
938 939 0.22291826868041464
39 939 1.6307802690679134
939 949 0.46407073471292831
930 939 0.52858776610221103
40 940 -0.42469833010683089
940 950 -0.13580466847070058
940 941 -0.66469217029181338
41 941 -0.44514326864432496
941 951 1.439235649783468
941 942 -1.0381687660054433
42 942 -0.25057958206684539
942 952 0.13291213088394166
942 943 1.1190851351557869
43 943 0.93949403526871234
943 953 0.81672422618820406
943 944 0.87789137957858987
44 944 0.029444404770459263
944 954 -0.91918400292687308
944 945 2.1901700057599003
45 945 2.1388481758118334
945 955 0.36099786325683092
945 946 0.35608589676943397
46 946 1.0483995120243501
946 956 -0.72501819903720055
946 947 -0.36260165909072128
47 947 1.398544565512291
947 957 0.49944566548658892
947 948 0.572367671571966
48 948 1.2204302391728319
948 958 0.21985910379940599
948 949 0.57888774589524927
49 949 2.1137310646381291
949 959 0.31131354626609953
940 949 -0.010931332434596538
50 950 -0.86258723269882975
950 960 -0.44538421033075326
950 951 1.1702938366563203
51 951 0.49784578689627362
951 961 0.58178607514116421
951 952 -0.75185978712552637
52 952 -0.65698230465206542
952 962 0.99783485853066922
952 953 0.95634669564719021
53 953 -0.15960703027757317
953 963 -1.1443173040778984
953 954 0.22184134138257891
54 954 0.76417000622336506
954 964 1.0849338136952467
954 955 0.76577923926789948
55 955 0.78722403434077715
955 965 -1.8058880157875206
955 956 -0.051116773193568846
56 956 -0.20206675229766219
956 966 -1.0736928326158917
956 957 0.91243555921517883
57 957 1.1502958875856644
957 967 1.6796587989336784
957 958 1.1411122216245109
58 958 0.86681376249508357
958 968 0.11853859124909319
958 959 0.88012272245784084
59 959 2.0089047372757265
959 969 1.0038054516711581
950 959 -0.15771175585088673
60 960 -0.42302008709634159
960 970 -0.34258003865993092
960 961 0.82197348433537232
61 961 1.0844545611022813
961 971 0.28552320461605823
961 962 0.85250681727111077
62 962 1.2661601503235878
962 972 1.1298553311796828
962 963 0.46168121233477505
63 963 0.021202762176724739
963 973 0.1021503238301083
963 964 1.9918703810278378
64 964 1.0879649358855525
964 974 0.6635433961851267
964 965 0.55961217502184557
65 965 -0.032334562950746298
965 975 0.50385631446381129
965 966 0.94747053443026064
66 966 0.59399491576500274
966 976 -0.46839254303043848
966 967 -0.61771775426544073
67 967 0.88339598218711302
967 977 -0.97356197468243688
967 968 0.41472332717644811
68 968 -0.19473097717163085
968 978 1.2963576672053096
968 969 -0.040280028617362497
69 969 0.86927728143018002
969 979 0.2500345037772132
960 969 -0.47378507809927706
70 970 0.34481701381163815
970 980 1.7781284995535367
970 971 3.1298803457772735
71 971 -0.071917051291607137
971 981 -0.94621541646028096
971 972 1.3581530047824317
72 972 -0.075685909070470611
972 982 2.1413862938451587
972 973 0.41693172915461674
73 973 -0.65552952638726314
973 983 -0.45510218285703108
973 974 1.1118691066415878
74 974 -0.11625664700724403
974 984 -0.99885146258977575
974 975 0.83111925508005402
75 975 0.55975865149441784
975 985 -0.056737368104971653
975 976 -0.51005106262064925
76 976 0.52271499701331003
976 986 0.011920472596915281
976 977 0.25638660656050377
77 977 1.6618449439442311
977 987 0.055686360025564124
977 978 -0.64600711821077006
78 978 -0.81401077701169477
978 988 2.5105093846416566
978 979 -1.152882081755273
79 979 0.22365217106760413
979 989 -0.020002859369080746
970 979 1.9305198504082763
80 980 -0.49727563395419294
980 990 0.26059470279168984
980 981 -2.1243532636430773
81 981 -1.224604380322476
981 991 -2.3814577109499759
981 982 0.73081372681013679
82 982 0.074556652617216154
982 992 -0.51381867392945701
982 983 -0.46827615761271624
83 983 -0.0050761875588327225
983 993 1.4191209098112465
983 984 0.75133565399965163
84 984 -1.2310913973652313
984 994 -0.73257415821386596
984 985 -0.81588975446382195
85 985 0.52844879161035996
985 995 -0.6604525188184468
985 986 0.041863548332613541
86 986 0.079403125054549481
986 996 -0.5367887480555209
986 987 -2.6694685409222765
87 987 0.094260108667978695
987 997 0.90485746534615563
987 988 -0.32786444258326553
88 988 -3.0210607487925762
988 998 -1.7792889487132744
988 989 0.18997366655375436
89 989 -1.1523195469181249
989 999 -0.56429096309500537
980 989 -1.5495028140790619
90 990 -0.86798180959441951
900 990 0.4565855930891643
990 991 -0.91798673408028941
91 991 -1.4828535375719911
901 991 0.28335869313084938
991 992 -0.89188795453613812
92 992 1.6173540975305565
902 992 1.3692640428188105
992 993 -1.9697906430649574
93 993 0.26454737791885224
903 993 -2.448269348114636
993 994 0.13780721084231029
94 994 1.1742234132885181
904 994 -1.9169799189574663
994 995 -0.69272284311501153
95 995 0.34478775130819567
905 995 -1.0573634616654661
995 996 1.9614943376861902
96 996 -0.21283191667280113
906 996 1.0138876835274329
996 997 0.37119410060880614
97 997 -0.27532608279744436
907 997 -1.257311748494196
997 998 1.7548860352561682
98 998 -0.88518821183911989
908 998 -1.5763432062746208
998 999 -0.24874899512361803
99 999 -1.7216836726162208
909 999 -0.6112463013437841
990 999 -0.11180195013488671
