# model=ea3d N=512 meanJ=0 seed=2576510135 distribution=gaussian field=0 num_fields=512 num_couplings=1536
0 0
1 0
2 0
3 0
4 0
5 0
6 0
7 0
8 0
9 0
10 0
11 0
12 0
13 0
14 0
15 0
16 0
17 0
18 0
19 0
20 0
21 0
22 0
23 0
24 0
25 0
26 0
27 0
28 0
29 0
30 0
31 0
32 0
33 0
34 0
35 0
36 0
37 0
38 0
39 0
40 0
41 0
42 0
43 0
44 0
45 0
46 0
47 0
48 0
49 0
50 0
51 0
52 0
53 0
54 0
55 0
56 0
57 0
58 0
59 0
60 0
61 0
62 0
63 0
64 0
65 0
66 0
67 0
68 0
69 0
70 0
71 0
72 0
73 0
74 0
75 0
76 0
77 0
78 0
79 0
80 0
81 0
82 0
83 0
84 0
85 0
86 0
87 0
88 0
89 0
90 0
91 0
92 0
93 0
94 0
95 0
96 0
97 0
98 0
99 0
100 0
101 0
102 0
103 0
104 0
105 0
106 0
107 0
108 0
109 0
110 0
111 0
112 0
113 0
114 0
115 0
116 0
117 0
118 0
119 0
120 0
121 0
122 0
123 0
124 0
125 0
126 0
127 0
128 0
129 0
130 0
131 0
132 0
133 0
134 0
135 0
136 0
137 0
138 0
139 0
140 0
141 0
142 0
143 0
144 0
145 0
146 0
147 0
148 0
149 0
150 0
151 0
152 0
153 0
154 0
155 0
156 0
157 0
158 0
159 0
160 0
161 0
162 0
163 0
164 0
165 0
166 0
167 0
168 0
169 0
170 0
171 0
172 0
173 0
174 0
175 0
176 0
177 0
178 0
179 0
180 0
181 0
182 0
183 0
184 0
185 0
186 0
187 0
188 0
189 0
190 0
191 0
192 0
193 0
194 0
195 0
196 0
197 0
198 0
199 0
200 0
201 0
202 0
203 0
204 0
205 0
206 0
207 0
208 0
209 0
210 0
211 0
212 0
213 0
214 0
215 0
216 0
217 0
218 0
219 0
220 0
221 0
222 0
223 0
224 0
225 0
226 0
227 0
228 0
229 0
230 0
231 0
232 0
233 0
234 0
235 0
236 0
237 0
238 0
239 0
240 0
241 0
242 0
243 0
244 0
245 0
246 0
247 0
248 0
249 0
250 0
251 0
252 0
253 0
254 0
255 0
256 0
257 0
258 0
259 0
260 0
261 0
262 0
263 0
264 0
265 0
266 0
267 0
268 0
269 0
270 0
271 0
272 0
273 0
274 0
275 0
276 0
277 0
278 0
279 0
280 0
281 0
282 0
283 0
284 0
285 0
286 0
287 0
288 0
289 0
290 0
291 0
292 0
293 0
294 0
295 0
296 0
297 0
298 0
299 0
300 0
301 0
302 0
303 0
304 0
305 0
306 0
307 0
308 0
309 0
310 0
311 0
312 0
313 0
314 0
315 0
316 0
317 0
318 0
319 0
320 0
321 0
322 0
323 0
324 0
325 0
326 0
327 0
328 0
329 0
330 0
331 0
332 0
333 0
334 0
335 0
336 0
337 0
338 0
339 0
340 0
341 0
342 0
343 0
344 0
345 0
346 0
347 0
348 0
349 0
350 0
351 0
352 0
353 0
354 0
355 0
356 0
357 0
358 0
359 0
360 0
361 0
362 0
363 0
364 0
365 0
366 0
367 0
368 0
369 0
370 0
371 0
372 0
373 0
374 0
375 0
376 0
377 0
378 0
379 0
380 0
381 0
382 0
383 0
384 0
385 0
386 0
387 0
388 0
389 0
390 0
391 0
392 0
393 0
394 0
395 0
396 0
397 0
398 0
399 0
400 0
401 0
402 0
403 0
404 0
405 0
406 0
407 0
408 0
409 0
410 0
411 0
412 0
413 0
414 0
415 0
416 0
417 0
418 0
419 0
420 0
421 0
422 0
423 0
424 0
425 0
426 0
427 0
428 0
429 0
430 0
431 0
432 0
433 0
434 0
435 0
436 0
437 0
438 0
439 0
440 0
441 0
442 0
443 0
444 0
445 0
446 0
447 0
448 0
449 0
450 0
451 0
452 0
453 0
454 0
455 0
456 0
457 0
458 0
459 0
460 0
461 0
462 0
463 0
464 0
465 0
466 0
467 0
468 0
469 0
470 0
471 0
472 0
473 0
474 0
475 0
476 0
477 0
478 0
479 0
480 0
481 0
482 0
483 0
484 0
485 0
486 0
487 0
488 0
489 0
490 0
491 0
492 0
493 0
494 0
495 0
496 0
497 0
498 0
499 0
500 0
501 0
502 0
503 0
504 0
505 0
506 0
507 0
508 0
509 0
510 0
511 0
0 64 0.96559110187141561
0 8 -0.91042220986159417
0 1 -0.52417152047765381
1 65 -0.18461703502789453
1 9 -0.52774228792837852
1 2 -0.28722264677428061
2 66 -1.1254190654247043
2 10 -1.4099565459874721
2 3 -1.1788627894605983
3 67 -0.73116749417491078
3 11 0.72245986435559628
3 4 -0.59690309778780304
4 68 0.31494895717253446
4 12 -0.93633697597929855
4 5 0.10473340809507486
5 69 -0.41089241064443044
5 13 1.0816056417879805
5 6 0.56327287114910407
6 70 -0.49755391106853575
6 14 -1.5209088518793545
6 7 0.52514256545889149
7 71 -1.1747294483953787
7 15 1.1246242561817181
0 7 0.55649847694763543
8 72 1.2144326952526119
8 16 -0.63964732505975175
8 9 -0.2582662549940134
9 73 -0.11696703208255704
9 17 0.23936530906507997
9 10 0.7606321009588437
10 74 0.2546025083647428
10 18 -0.69175386161257613
10 11 1.1083707401770584
11 75 2.0331686774248818
11 19 -1.7821416901179363
11 12 0.080739422589805168
12 76 -0.59898469210605509
12 20 0.63572808550727089
12 13 -0.96069823161783185
13 77 0.65111684707835327
13 21 -0.76885498731237878
13 14 0.46493327532455586
14 78 -1.857028044948889
14 22 0.48335407686849807
14 15 0.052596465749504807
15 79 0.40104511599762238
15 23 0.82675919147999233
8 15 0.61151277608593413
16 80 1.0304143793347496
16 24 1.6169466904674192
16 17 -0.33498167859367417
17 81 0.16813745342326475
17 25 0.2131221584652867
17 18 -0.56184849310732676
18 82 0.38987762465588283
18 26 -0.16001232215898495
18 19 -1.1742044160431029
19 83 -0.71479548309663221
19 27 -1.4986900308472944
19 20 -0.20266733233211592
20 84 -2.1919346256632632
20 28 -0.47431659784461633
20 21 0.28743703891191891
21 85 -0.5610642808741495
21 29 1.9015784017112383
21 22 0.20141044815979695
22 86 0.75734427033292528
22 30 0.089497299006045736
22 23 0.71538244841283827
23 87 -0.28567151828939014
23 31 0.20809481893687462
16 23 0.27628812575089273
24 88 -0.84729134590521038
24 32 0.65701760347675831
24 25 0.63839729555064517
25 89 -0.069632631305745679
25 33 -0.43070600258308317
25 26 0.79349506239880796
26 90 -0.3665144251698686
26 34 -0.35400364981391169
26 27 -1.3764917983082765
27 91 0.96009489806146264
27 35 -0.95857542079723312
27 28 0.77430840198765494
28 92 2.7226354112869684
28 36 -0.86773683195851914
28 29 -0.67867185526085616
29 93 0.45453154924722544
29 37 -1.055539849254207
29 30 -0.090836780455318261
30 94 -0.24334897565267424
30 38 -0.052180182992752788
30 31 -1.7948391418768379
31 95 0.20350800124957105
31 39 -0.4697089009080424
24 31 0.85389514680234913
32 96 -2.288936750856315
32 40 -1.5484288054165574
32 33 -0.47320469874422211
33 97 -1.6942804717409456
33 41 0.71199308558932073
33 34 1.0848615067797933
34 98 -0.31897785420231956
34 42 0.86334708562276585
34 35 1.5369091868797087
35 99 0.29525899126029576
35 43 -0.91354472376417373
35 36 1.3221225819093485
36 100 -1.5890892458535093
36 44 0.31641351677908314
36 37 -1.097300362209364
37 101 1.2339256880621139
37 45 -1.18500498073947
37 38 -1.5479494062171828
38 102 2.1186956929620342
38 46 -0.47697888994683008
38 39 -0.25132515207193423
39 103 0.61308636419161788
39 47 -0.17489729405249385
32 39 0.28283176938812821
40 104 0.041706439745757135
40 48 -1.3761699933510192
40 41 -0.24307963571025493
41 105 0.84278698534975183
41 49 -0.0070220720752926426
41 42 0.37207815954589812
42 106 0.00092013339787531815
42 50 -0.089217441161842687
42 43 -0.038666211616836157
43 107 0.24413902411251845
43 51 0.077609482040187819
43 44 -0.37095123881054082
44 108 1.2367918830794524
44 52 1.2957107795371956
44 45 -0.41418965679534236
45 109 -0.55816508128435005
45 53 -0.95702308146841086
45 46 -0.63046002342326779
46 110 0.46324671136385503
46 54 0.45380834335005188
46 47 0.37879409441640077
47 111 0.34460497245760069
47 55 -0.23550498074936085
40 47 0.47833605964076326
48 112 0.51065757343669005
48 56 -0.69478531632765306
48 49 0.76070035743064068
49 113 -0.98820518728038476
49 57 1.1288671224743214
49 50 -0.33486287099826972
50 114 -0.1399006192708965
50 58 -0.78080070683733793
50 51 0.29060591310168027
51 115 -0.56205339427331391
51 59 -0.10618276832187831
51 52 0.050714210870509868
52 116 0.50422687031986091
52 60 -0.32537964690820131
52 53 1.6564860920747142
53 117 0.66456102828545438
53 61 0.11436998991406469
53 54 -0.49222698396870368
54 118 0.39519921763809779
54 62 2.7381384414556247
54 55 -0.17737270466054517
55 119 -0.19125308244347847
55 63 -0.53975359798240852
48 55 -1.7193464425336258
56 120 0.54132819638120377
0 56 -1.1800682290486197
56 57 0.25998567245084758
57 121 0.22725139690281421
1 57 0.64175901242383004
57 58 -0.46744633748172931
58 122 -0.80550104142172363
2 58 0.46482694794254587
58 59 0.032066790612185099
59 123 0.31318191608393997
3 59 1.2598868408638577
59 60 1.4900022926766978
60 124 2.4294043090576514
4 60 0.96836708109202563
60 61 -0.10674879805418847
61 125 -1.9885114033333449
5 61 -0.88774652976548363
61 62 0.47915304982776763
62 126 -0.24837013857392704
6 62 0.081809299403275526
62 63 0.39184830727653419
63 127 0.51309899034452644
7 63 0.91170954222041167
56 63 -1.6745454875486123
64 128 0.073196741386528194
64 72 -0.11659522490523307
64 65 -0.71744624910932941
65 129 0.25321460069477753
65 73 -0.85030396065740621
65 66 1.2879593242991856
66 130 -0.256214985416793
66 74 0.018581227810564482
66 67 -1.5584241982114535
67 131 -1.0188197511727171
67 75 -2.6173558816544746
67 68 -0.26614999069121548
68 132 -0.75127608723757111
68 76 0.80078621469012812
68 69 0.85287962297272724
69 133 0.63665627847798856
69 77 -0.88753522919016292
69 70 0.56529770973250104
70 134 -0.90474291107486959
70 78 1.113063563077316
70 71 0.68268438994798253
71 135 -0.58468735860607435
71 79 0.0070033904809691403
64 71 -0.13454140005290316
72 136 1.5221917156232592
72 80 0.77997445537591348
72 73 1.555837960624467
73 137 -0.83840704651968767
73 81 -1.0073585381725794
73 74 0.81473533525802844
74 138 -0.27413202170210899
74 82 -1.3194958656099989
74 75 0.39289785850649372
75 139 -0.045323309736201238
75 83 -0.41403852440536199
75 76 0.62088212935094722
76 140 0.35008417822832172
76 84 -0.49895845957375379
76 77 0.08435428173179671
77 141 0.93666742218284804
77 85 0.071237076394767063
77 78 -0.94465614474542359
78 142 1.5551782735012809
78 86 1.6093745174278202
78 79 -0.35528287867677799
79 143 0.77350669087396184
79 87 -0.4490223891791435
72 79 0.62297636854124294
80 144 -0.8201015741407387
80 88 0.75518869410251221
80 81 -0.17212263602259639
81 145 0.31383880786827117
81 89 -0.63767173333800486
81 82 -0.55448657333514695
82 146 1.3448253298050497
82 90 -0.084176875461714207
82 83 0.84448920130421223
83 147 -1.0119484912217251
83 91 0.82113857303556803
83 84 0.47131936466073338
84 148 -2.2126631260124103
84 92 0.20472052499557403
84 85 0.26197322421094527
85 149 1.2182342386444827
85 93 -1.0686190461680236
85 86 0.48935887197214656
86 150 0.04967472180817932
86 94 0.39357833426897781
86 87 0.45347477312869588
87 151 -0.84688167322802121
87 95 -1.4111531940470099
80 87 -0.45960247464310722
88 152 0.75601021074321184
88 96 0.37353653516207352
88 89 0.54931464594175994
89 153 -1.0470953764410873
89 97 1.3767896428209034
89 90 -0.96331333508659689
90 154 -0.31701256959423763
90 98 -0.28293383394781479
90 91 0.24821610312127471
91 155 -0.42706960433762153
91 99 1.007778993534771
91 92 1.9521175101967279
92 156 -0.11467587708079607
92 100 1.7637599033691744
92 93 1.1573281645832754
93 157 -1.5559536879816551
93 101 -1.4218226344498692
93 94 -2.5669335732005427
94 158 0.29033586379040693
94 102 0.4588152490700611
94 95 1.7807649348029346
95 159 0.83592727010271606
95 103 0.40557394823440307
88 95 -1.2465873844753736
96 160 -1.0022346955668926
96 104 0.88819128048053153
96 97 -1.2548412757783562
97 161 -0.11788814219613193
97 105 -1.3356010122995676
97 98 1.0131917097591403
98 162 1.4499534384832886
98 106 -0.90433555808507804
98 99 1.2106496456383575
99 163 0.053326806767519011
99 107 0.34838592613650443
99 100 0.033470339413242692
100 164 0.39246530637626925
100 108 0.44749991216443341
100 101 -1.0028080775346602
101 165 0.73551890216631444
101 109 -0.50342731070734048
101 102 -1.2288449514207551
102 166 -0.28939752125191226
102 110 0.40321108228244418
102 103 -0.43804273736214877
103 167 -0.83393546614587155
103 111 -0.091148488577748321
96 103 0.22866726072082724
104 168 -0.28810311058917559
104 112 -0.90765355111058643
104 105 2.0109304350507218
105 169 -0.36699420742585276
105 113 -0.82911318351545793
105 106 0.14198965232956906
106 170 -0.10852679590243093
106 114 1.398324243088013
106 107 1.0220948891321642
107 171 0.16110040575364909
107 115 1.8305310571592479
107 108 -1.3869470765179084
108 172 -1.2104039124625057
108 116 -0.41146893461941719
108 109 0.37513314802388453
109 173 0.93994082810169777
109 117 0.9427329838713584
109 110 0.73067605243315292
110 174 0.61261330327749064
110 118 0.61607404326116522
110 111 0.44392765668071921
111 175 1.067332963501139
111 119 -0.72471001505449983
104 111 -0.7612879325770181
112 176 1.6001825174994895
112 120 -0.79019447953549138
112 113 -1.0713214554528774
113 177 -0.21890357688853232
113 121 1.2054837210105045
113 114 -1.3779967078453836
114 178 0.41630032825897628
114 122 1.1319954472223994
114 115 0.13086183696116033
115 179 -1.0093118527665323
115 123 0.080558287380457172
115 116 0.15539138398183946
116 180 1.1424404794296679
116 124 0.8953250194832566
116 117 -2.0206529432929945
117 181 0.52877835423477137
117 125 -0.34100140725351774
117 118 1.2560602420197728
118 182 0.85428377501654196
118 126 1.1925720955467787
118 119 1.542219829618886
119 183 -0.061393564603155495
119 127 0.57546559264909203
112 119 1.4938958007654874
120 184 -0.16907755109200245
64 120 0.12982689983739576
120 121 1.260760932634398
121 185 -0.21320071784486003
65 121 1.0509761653204992
121 122 0.064645755382480879
122 186 -1.0307059449782554
66 122 -1.5518192060826375
122 123 1.3969037090624039
123 187 -0.11977708228331729
67 123 0.69750000589724137
123 124 1.8794790653186548
124 188 -0.27499556599653252
68 124 -0.13443926691929137
124 125 -0.96588250149091648
125 189 0.11748035102158119
69 125 -1.5883578766416013
125 126 -0.71633405732224309
126 190 -0.8126662925144561
70 126 -0.81835760638256105
126 127 -0.37129178994221762
127 191 0.37958280965899988
71 127 -1.4537853456821976
120 127 0.33748315822048824
128 192 -1.6467145953574693
128 136 0.65646408868491413
128 129 -1.1514667179810285
129 193 -1.3109834293515912
129 137 -0.34499284674495034
129 130 1.0375567315256686
130 194 -1.0808865361589053
130 138 -0.67853810698309625
130 131 0.50762680919372594
131 195 -2.4894840324394782
131 139 0.50544417493982896
131 132 -0.29381858541118866
132 196 -0.47846225956005395
132 140 0.38812626724771754
132 133 -0.56360814623735733
133 197 -0.50639452102076654
133 141 1.1984286890428404
133 134 -1.0226353207276229
134 198 -0.60917029275828882
134 142 -1.5183891724141196
134 135 -1.606556591187241
135 199 0.19727648132583087
135 143 -0.46476858309534208
128 135 0.18245587029706134
136 200 0.7013822786293642
136 144 0.14096364267908718
136 137 2.2219471244334388
137 201 0.065588869010963988
137 145 0.73848885096138617
137 138 -0.13357109954725147
138 202 -1.0599329824282886
138 146 0.66186974377267493
138 139 -0.058289510143766744
139 203 1.4375970606228954
139 147 -1.0945628439883139
139 140 -0.03890524962984377
140 204 -0.65644983793213574
140 148 -0.020025235515671962
140 141 0.070745096579753849
141 205 -0.64760061449934081
141 149 -0.74781453749568028
141 142 -1.4563843300891186
142 206 -1.1191477790365145
142 150 -0.96065830357911108
142 143 0.2975235177187508
143 207 2.1349721112692435
143 151 -0.57555253382057048
136 143 -0.52910589869588265
144 208 -0.47629930985582297
144 152 -2.4235995488761159
144 145 -0.36845502610153663
145 209 1.0862288473545778
145 153 -0.48543176334006877
145 146 1.5110373096078651
146 210 -0.87259069409167289
146 154 -0.49728008214411618
146 147 0.23818106360490593
147 211 1.5635214178229542
147 155 0.10541751262549355
147 148 0.67540420786488142
148 212 -1.1885971021466455
148 156 1.2963136834087214
148 149 0.078034300195135492
149 213 -0.15869878937930226
149 157 0.26219134744203038
149 150 -0.41209728551693792
150 214 -1.546461523541218
150 158 -0.77640280514846205
150 151 -0.61065023934613949
151 215 -1.6217868902343411
151 159 1.0353584383359455
144 151 -0.233932021797643
152 216 -0.2528575034344418
152 160 -1.0061267221515544
152 153 -0.52082137467676304
153 217 -1.6515841114580732
153 161 -0.2560654548337134
153 154 1.0126853616833422
154 218 -1.067480448217492
154 162 1.7765025040864111
154 155 0.13465351898567515
155 219 -0.042678253100322867
155 163 1.9556778267686223
155 156 -0.23899110043978666
156 220 0.13454507599877205
156 164 0.94746597603836746
156 157 -0.81795085933136402
157 221 1.2164006713267319
157 165 -1.8993442583865392
157 158 0.94173803246063614
158 222 -0.22410605768174166
158 166 -0.85710572183416844
158 159 0.68958929996350682
159 223 0.465708778671859
159 167 -0.32118002347055985
152 159 -1.2714375242378426
160 224 -1.0125589505609598
160 168 2.0874749817266047
160 161 -0.93464924298587648
161 225 0.63764965070504609
161 169 -0.30694074298945673
161 162 -1.9718840729235627
162 226 0.39275074764384782
162 170 0.64019403800234842
162 163 1.04576358197019
163 227 -0.83739171068500551
163 171 -0.41466447559809283
163 164 -0.13333684610629762
164 228 0.62319103672734855
164 172 -0.74258896135200203
164 165 1.2041783193468323
165 229 1.7512791077775034
165 173 -0.73941516570227694
165 166 -0.16252014949591281
166 230 -1.7352577101945095
166 174 0.74985264856046052
166 167 -1.5752858754403682
167 231 0.50705213323471876
167 175 -0.4483657857197319
160 167 -0.64964827752046483
168 232 0.2969534042930424
168 176 0.24364723867058888
168 169 -0.06470537280412747
169 233 -0.56468737400545255
169 177 1.094009475803952
169 170 -1.3081123399514696
170 234 -0.098779709722993603
170 178 0.27067090209728906
170 171 -0.0034314469998132208
171 235 -0.62340323448436663
171 179 -1.0513761091131817
171 172 1.1573930270782653
172 236 0.10774994201373794
172 180 -1.197494262849562
172 173 -0.096483771004739455
173 237 -1.0893456304178049
173 181 -1.1749424158207735
173 174 -1.4054693858253784
174 238 -0.29195793519163193
174 182 -0.37192541801510726
174 175 0.13090600108684278
175 239 0.23426141633131839
175 183 1.0152049484591106
168 175 1.9875746497779241
176 240 -0.20082463023148603
176 184 1.004954967165012
176 177 -0.18831897961404587
177 241 -1.2974878241861851
177 185 -1.0452237011896095
177 178 0.0047992744238166641
178 242 0.26081162468682989
178 186 0.82622231863205864
178 179 0.38102425246738492
179 243 -0.18312045756297768
179 187 -0.91228065948666759
179 180 -0.595532748086681
180 244 -1.3649605458416487
180 188 1.2633099896139877
180 181 0.0076275652617969047
181 245 -2.7071456958462079
181 189 0.76656060175100471
181 182 0.51065171746867666
182 246 -1.0228887259155568
182 190 0.068169564303699498
182 183 1.8081913866740951
183 247 0.74099531812364194
183 191 -0.42270898072620527
176 183 -0.45424085451169677
184 248 0.59722560779915046
128 184 -0.1181464965127403
184 185 -0.64638111687944044
185 249 -1.4359524074110788
129 185 0.36851036390792663
185 186 -0.13965260384510228
186 250 -1.6904774257433119
130 186 -0.55861217890227777
186 187 1.6440124713242181
187 251 -0.65584286701923178
131 187 -0.2563268275263092
187 188 -0.013708036670647955
188 252 0.25526254404934473
132 188 0.22820228239322454
188 189 -1.2338784503170821
189 253 -0.29565328429784643
133 189 1.6925851016045483
189 190 1.7173261460533289
190 254 0.24952945743434451
134 190 -1.4384439373014262
190 191 -1.1268965232172825
191 255 -0.7689083061843156
135 191 1.2918477974787415
184 191 -0.72046763066718078
192 256 -0.23775887763360498
192 200 -2.5761451301613336
192 193 1.2896417453354738
193 257 -0.54961122089349035
193 201 -0.58760190012411873
193 194 -0.24145538829696633
194 258 1.1583394189177953
194 202 0.39985511460948442
194 195 -0.46898752474316102
195 259 0.097089422497582151
195 203 2.1065762977866775
195 196 2.7253586882367205
196 260 -0.36430941751878743
196 204 0.28961081108973674
196 197 -0.47966440509251762
197 261 -2.0037590910785168
197 205 -0.35861718833177936
197 198 0.67935880825268158
198 262 -0.28919865542127626
198 206 -0.1944526755003696
198 199 0.90427146414378101
199 263 0.43123621241238375
199 207 -0.45573175009175698
192 199 0.46147320812921039
200 264 1.4344596762310631
200 208 -0.13020595810846813
200 201 0.6752020084239424
201 265 -1.01939026935346
201 209 0.29863820885282027
201 202 -0.3177414299812476
202 266 0.083436108093084729
202 210 2.2585624678676961
202 203 0.71087568543217705
203 267 -2.3695955919576379
203 211 -0.51160764605322706
203 204 -1.0425927456434445
204 268 -0.5316568873791705
204 212 1.9337973100301653
204 205 1.0981614010233141
205 269 1.9035494664998995
205 213 -1.0008202717752432
205 206 1.1412033812919873
206 270 -0.31584693352352655
206 214 1.0878861578136321
206 207 -0.34923123174831394
207 271 -0.20709913335838775
207 215 0.70659470746150055
200 207 0.81006221425756753
208 272 -0.068879761452750307
208 216 0.73132325696549128
208 209 0.77412841785195363
209 273 -0.087474124035645223
209 217 0.97776678565512642
209 210 -1.7453729133844325
210 274 0.38297592416235626
210 218 -0.29408921776838226
210 211 0.81908606759396563
211 275 0.021173366052479051
211 219 1.0127062327229575
211 212 -0.72458011090161412
212 276 -0.4241582810694754
212 220 -1.3489686080645806
212 213 0.35199202663709561
213 277 -2.0234201179905367
213 221 -0.56063327479254721
213 214 -0.94359307391510205
214 278 -0.75348719066117265
214 222 -0.43691617876026623
214 215 -0.22904032046440417
215 279 -0.36823473655267663
215 223 2.0669105410277888
208 215 -0.74760564139262797
216 280 0.74058744425206668
216 224 -0.40998765294930595
216 217 -0.49960489538024078
217 281 -1.0885845099941258
217 225 -2.0668419383876087
217 218 -1.0244908243364532
218 282 -1.4451622416455798
218 226 -0.69555349686959111
218 219 0.52740337213287636
219 283 0.25159937236107499
219 227 -0.91539322039744164
219 220 1.8097944200680975
220 284 0.27648125481696018
220 228 2.1335209364369492
220 221 0.25333189726462102
221 285 0.41288931702946252
221 229 0.086403149596482362
221 222 0.54789071482022988
222 286 -0.55235999347021381
222 230 1.1691128865879812
222 223 1.3846928260518161
223 287 -1.197229844020234
223 231 -1.1389817431799327
216 223 -0.41649766549348338
224 288 0.53812648416898334
224 232 1.9771052795648447
224 225 0.79723699656684954
225 289 -0.39519738867479548
225 233 -0.52985933375199212
225 226 0.10666132594078702
226 290 0.47861394345028513
226 234 -0.82809997325543949
226 227 1.3142492719972165
227 291 -0.32036975250724425
227 235 -0.97391561844846264
227 228 -0.61973870442602441
228 292 0.11655539338782787
228 236 0.64645199652144847
228 229 -0.1921342005134436
229 293 0.5434726831544926
229 237 -0.048677680989637449
229 230 0.46758317270067445
230 294 1.1629007477183235
230 238 -1.023121211821145
230 231 -0.85926635973852172
231 295 0.77251478268390938
231 239 0.61381880230866737
224 231 -0.37580744795691423
232 296 -1.7002708521683254
232 240 0.22285857720267596
232 233 0.86986146162678901
233 297 -1.4961569036932003
233 241 1.5432523938385962
233 234 -0.064526465313239342
234 298 -0.75877820373936489
234 242 -1.0591943237203756
234 235 -1.3739415819546028
235 299 0.011180553296154893
235 243 0.62527510703744382
235 236 1.7209402044647284
236 300 0.68477083582315068
236 244 -1.3244569708654348
236 237 0.012266046032552432
237 301 3.667205499542046
237 245 0.83458157873249339
237 238 0.12156284471830339
238 302 -0.29061003107584649
238 246 0.36482589775943519
238 239 0.76206898297224857
239 303 0.16455935432375585
239 247 -0.79122219352893974
232 239 -1.0460638159115381
240 304 0.26277639671759084
240 248 0.91946733193757235
240 241 -1.5404267853161318
241 305 0.19509327493745429
241 249 0.33506234916311206
241 242 1.0890490060978786
242 306 0.51365316842752007
242 250 0.66448951247035237
242 243 1.4809151039584902
243 307 -0.55893264476454829
243 251 0.20444784838788913
243 244 0.12719976913217795
244 308 0.73130568969253285
244 252 1.1660213971256053
244 245 -0.2057748770759722
245 309 0.75221441617153062
245 253 1.6796590695661247
245 246 1.351993242683915
246 310 -0.52269806497886095
246 254 -1.1329800242203842
246 247 0.21060512724425709
247 311 0.81135827468443722
247 255 1.4645599793684712
240 247 0.46007649428186093
248 312 -0.7724851793448011
192 248 3.0827940977453765
248 249 0.66725861645423501
249 313 -0.85647094800706913
193 249 0.20933433220632702
249 250 0.077340023153668669
250 314 -0.27293884830730597
194 250 -1.1095008180674166
250 251 1.4091427771933405
251 315 0.84054474220219166
195 251 0.58830325523583027
251 252 2.4514390926592982
252 316 -0.40556417833171088
196 252 2.0171651549399425
252 253 -0.81876470847900906
253 317 -0.45851694937865028
197 253 0.36287005608635142
253 254 1.0569226180554165
254 318 0.2076813914707191
198 254 -1.0284075327715692
254 255 1.2397205051136115
255 319 0.26356287739949408
199 255 -0.33806551536378587
248 255 -1.0969072483284894
256 320 -1.968671324998535
256 264 1.2378072949816057
256 257 -1.0005385306176366
257 321 1.538098604219335
257 265 0.53716967047451236
257 258 -1.4103339498710243
258 322 1.2967294822911588
258 266 -1.6571162441989542
258 259 0.62895845704053777
259 323 -0.86946105856648226
259 267 1.1601944069315933
259 260 0.30296449594680785
260 324 0.23652275778867657
260 268 0.46580877358304473
260 261 -0.61835550671654549
261 325 0.10649925179683929
261 269 0.54952991543955054
261 262 -1.448828776667773
262 326 -0.4281458012583656
262 270 1.2772595336553989
262 263 0.81694190088994723
263 327 -2.3861023873041618
263 271 -0.57901841493965189
256 263 -0.3293283455481818
264 328 -0.81481136566968337
264 272 -0.87201719321797633
264 265 -0.3133316378714554
265 329 -0.72329210531172339
265 273 1.2653793918365983
265 266 -0.58607881528250771
266 330 -1.5585002393229328
266 274 -0.92545426523070728
266 267 -0.74716573964555943
267 331 -0.45899387252651402
267 275 0.085884702257111839
267 268 -0.16646656180856895
268 332 -1.1123970469128648
268 276 -0.85230967310081451
268 269 -1.3976216618787314
269 333 -1.2453833276417985
269 277 -1.3720476535009325
269 270 -0.81952708959546161
270 334 0.075036756321659154
270 278 -0.69851985479587431
270 271 0.6689087599113609
271 335 -0.74690552201667637
271 279 1.747711188185189
264 271 -1.7118359728453925
272 336 1.2549948092820367
272 280 0.027551936548081968
272 273 0.29206748316114234
273 337 1.0959610223531064
273 281 -0.011565573229324968
273 274 -0.25776986437820149
274 338 0.64528132284703632
274 282 0.064299196194542982
274 275 0.37249730399690467
275 339 -0.29056906468919513
275 283 0.20538262573219304
275 276 -0.46452735474725515
276 340 -0.65032221030946602
276 284 -0.64177807576491153
276 277 -0.9885084829272236
277 341 1.6605512135506346
277 285 1.0081925188620926
277 278 0.45438486736696304
278 342 0.75241262618397764
278 286 -0.39448135463138706
278 279 -1.3618049203068834
279 343 -0.097681487228971256
279 287 0.26023386928850861
272 279 -2.0307985275948206
280 344 -1.4081848732074596
280 288 1.3697343780676055
280 281 1.0021244373644782
281 345 0.70713434417299637
281 289 -1.2052249949014391
281 282 -0.62496484693659671
282 346 -0.46392443258673921
282 290 1.3057468451708687
282 283 0.30744071747366525
283 347 0.99467397547967473
283 291 1.542182491796682
283 284 -1.9037388459186702
284 348 -1.6727459454794524
284 292 -1.1718018578466201
284 285 0.67056481671618628
285 349 -0.94873851861428182
285 293 0.90387532295100126
285 286 -0.71866768328051123
286 350 1.2388727714711012
286 294 -0.068025291886138609
286 287 -0.20623450914039174
287 351 -2.142391193103871
287 295 -0.2157861806310154
280 287 -0.71222223448199684
288 352 1.3016562923003694
288 296 0.46009711108004475
288 289 -0.61026580469952874
289 353 -0.30822602394353138
289 297 0.79852109737936083
289 290 0.025558951925976455
290 354 -1.5883713598776852
290 298 -0.051161227779776719
290 291 0.30736932269615352
291 355 -0.91651948405440486
291 299 -0.46190703679497597
291 292 1.3533258612117862
292 356 1.5417904559903128
292 300 2.0062207241038115
292 293 1.0763216456028222
293 357 -0.26173950327338402
293 301 0.78829990381533455
293 294 1.0782334072553483
294 358 -1.2303690614651381
294 302 -0.67224667807661398
294 295 -1.2441304892978964
295 359 -1.1165287553376351
295 303 -0.68440185777286644
288 295 1.0579468800460698
296 360 -0.18611487654984124
296 304 1.0542256477714147
296 297 0.11713476218156942
297 361 -0.86280518292374486
297 305 -0.28605424486794956
297 298 0.30903853038530432
298 362 0.59180972399690612
298 306 1.0860513747058758
298 299 -0.056081996950119908
299 363 -0.61031478889460866
299 307 -0.76458411202392185
299 300 -0.87552165608771104
300 364 0.58368289450895361
300 308 -1.743888681839159
300 301 1.6936630306188507
301 365 -1.8637088567411106
301 309 1.2140134777162741
301 302 0.1920277189758644
302 366 -0.31304187711707904
302 310 1.8207035997646086
302 303 1.846952216302598
303 367 0.72654209259660874
303 311 -0.84623832339713678
296 303 -0.95843324392418694
304 368 -0.17278541144992177
304 312 0.059044182058420318
304 305 0.42964727273963838
305 369 0.181833066812642
305 313 1.0900718176523418
305 306 -0.65381501823076671
306 370 -0.56353530377555006
306 314 -1.3303023167493346
306 307 1.3325515002935155
307 371 0.91571806098090791
307 315 -2.0293136775482159
307 308 -0.77647283431681446
308 372 0.22671395854651313
308 316 -0.59217033620836101
308 309 0.63091756879115479
309 373 -1.3692609815506624
309 317 0.40512149395134595
309 310 -0.41829941509457808
310 374 2.0873993683866763
310 318 -0.95222450058769126
310 311 -1.6852813642397724
311 375 -0.10354593249879507
311 319 -0.33567289123254174
304 311 1.2210847708469943
312 376 1.6255440903628633
256 312 -0.59874577072493662
312 313 -0.75172924946103037
313 377 0.60498930628840064
257 313 -1.6504190745266027
313 314 -0.65814884578151722
314 378 1.6522374544462677
258 314 -1.2034140344763813
314 315 0.90447616394605046
315 379 -1.1858979956999511
259 315 0.96633752112173776
315 316 2.5896324737165632
316 380 0.37650677699141294
260 316 -0.29672670070909002
316 317 0.56546082570138245
317 381 0.48286857795323934
261 317 -0.60114397767703986
317 318 2.2878840387810166
318 382 -0.61248096795719709
262 318 -0.13680907260973013
318 319 0.87935231668664449
319 383 -0.98393027407278344
263 319 -0.3884995786432221
312 319 -0.57134868484990164
320 384 -1.425936644104824
320 328 0.26214347511369823
320 321 -0.39688635466162175
321 385 -1.8637306331713837
321 329 0.26091139518610834
321 322 0.19552304656394162
322 386 1.5194267888846062
322 330 0.63170005675690533
322 323 -1.2061951574557159
323 387 -0.15996803819917424
323 331 -0.60851170134020904
323 324 -0.88280620608200477
324 388 -0.58057922326703937
324 332 -0.60078186896310337
324 325 -0.7207047941241258
325 389 0.028559900098353505
325 333 -1.8351850239782248
325 326 -0.98460502123967752
326 390 -0.60235064650099235
326 334 0.12527720138322038
326 327 0.84417396573734815
327 391 0.042114834907861644
327 335 -0.039992235049482426
320 327 -1.0491910081688649
328 392 -1.373341600519892
328 336 -0.74319873552681848
328 329 0.0067807337412273015
329 393 -0.038476558480671476
329 337 1.0774883943866487
329 330 0.74084308744380001
330 394 -1.0493548706586793
330 338 -1.150799978379482
330 331 -0.13968970335263275
331 395 -0.76036129635929728
331 339 -2.279493155069094
331 332 0.27147203248641461
332 396 -0.5776753415318131
332 340 -0.54773896063519212
332 333 -0.23801123348129694
333 397 -0.67628538412748818
333 341 0.7300663640466154
333 334 0.54678096489414241
334 398 -1.365466395394241
334 342 -0.57420148630676771
334 335 -0.19493141131530353
335 399 -0.29525253616738206
335 343 -0.17201703360298926
328 335 0.23421366431856855
336 400 0.045162358768523876
336 344 0.25275236657755512
336 337 -1.7047939327156252
337 401 0.90094860636215901
337 345 -0.71895219872264593
337 338 -0.79134123670292877
338 402 0.89351890905734566
338 346 -0.054334464154206417
338 339 -1.1711375208714956
339 403 -1.1560603936148461
339 347 -0.073743617840620723
339 340 -1.6470493358421618
340 404 0.63608905528198079
340 348 1.0375487049526659
340 341 -1.6035968785253629
341 405 0.24400737097143324
341 349 -0.59079317651800412
341 342 1.1157356932164821
342 406 0.60516165613885087
342 350 0.71343535028315508
342 343 -0.72813279667004971
343 407 -0.056820240236392344
343 351 0.8793688223153453
336 343 0.85635747367594106
344 408 -0.5148485907231457
344 352 -0.31193789892414331
344 345 -0.3717097282354932
345 409 0.31837027032501775
345 353 -0.39656124065840809
345 346 0.38307066764214676
346 410 -0.0011404717080512501
346 354 -1.7072340738513316
346 347 -0.67256568352496371
347 411 0.85656185712628219
347 355 1.2278932252515615
347 348 1.1201176484432034
348 412 0.7240313410559045
348 356 0.43550708170259705
348 349 0.3087903099262933
349 413 0.65236850452201012
349 357 -0.57393045661069342
349 350 -0.15384165582635864
350 414 -1.332813983473595
350 358 -0.90387465434113523
350 351 -0.94554008344135021
351 415 -0.25613829986092568
351 359 -1.7189810774188214
344 351 0.98454139036355715
352 416 0.19053212876678474
352 360 -0.66112810767274688
352 353 -0.6834493033417115
353 417 1.5948381065603996
353 361 -0.28330000796760285
353 354 1.4015413496568108
354 418 1.6422171879083707
354 362 -0.25751525672531439
354 355 0.65155144668658671
355 419 -0.9084426843297807
355 363 0.64918444921127549
355 356 0.85608546174925282
356 420 -0.5649668267267125
356 364 0.1289848839442817
356 357 -0.78186949367772896
357 421 1.8913089218860597
357 365 -1.2838250979626387
357 358 -0.3117349925035125
358 422 0.60523635068971005
358 366 -0.43626630274237815
358 359 -1.7050203004748445
359 423 -0.24650499472927528
359 367 -1.0168309552838828
352 359 -0.66194664802180325
360 424 -0.64867747881098836
360 368 1.4508896149909283
360 361 -0.92058780993157008
361 425 1.5273075511908711
361 369 -1.453721869956806
361 362 2.2979092126967515
362 426 -0.99483560685475958
362 370 -0.58088601417785846
362 363 -0.016128481248722459
363 427 0.17047734889626509
363 371 1.1274787421756098
363 364 -0.7662657102680227
364 428 -0.18574565614956492
364 372 0.55722664225092022
364 365 -0.40122195241934722
365 429 -0.63023516142092739
365 373 -1.0856485813859276
365 366 0.99790777687632692
366 430 0.61593174782849136
366 374 0.037215598368033322
366 367 -0.33967496076896336
367 431 0.64157257321753203
367 375 -0.68409470580029619
360 367 -0.77193923858035252
368 432 -0.059422426768203813
368 376 -0.25586726114352631
368 369 -1.1717593795157031
369 433 -0.57927084033344156
369 377 -0.46560237092967
369 370 0.32839415219012141
370 434 1.1846325137565921
370 378 -0.013641410381187137
370 371 0.80565924167462533
371 435 -1.934683807908022
371 379 -0.20497308461215502
371 372 -0.41093692207201749
372 436 1.1842664890553463
372 380 0.56411593835444807
372 373 1.6288298590962864
373 437 0.82829038836259028
373 381 1.476354525702769
373 374 -0.16235677325999265
374 438 1.6534459861444901
374 382 -0.39183308575351267
374 375 2.1094774361840871
375 439 -0.33304432655899047
375 383 1.459666710868192
368 375 -1.3127684774891248
376 440 0.59423997481969126
320 376 -0.20785679734554224
376 377 1.948334817565381
377 441 -1.945948371470928
321 377 -0.085082556220319114
377 378 1.3215424526944841
378 442 -0.87341484930440194
322 378 0.9752697258447901
378 379 0.71200020447975543
379 443 0.96453356645912502
323 379 -0.20092460145558999
379 380 0.28222587378579062
380 444 -0.1038274149385805
324 380 2.4331138943705137
380 381 0.19916179878575996
381 445 -2.1383699588623442
325 381 0.41494220011301924
381 382 -0.63196225914392246
382 446 -0.86344325469777883
326 382 0.2370353251112981
382 383 -1.1063555639591074
383 447 -1.889028958369662
327 383 0.77385595630591686
376 383 -0.57326633380322467
384 448 0.080493034742836506
384 392 -0.95823305641851753
384 385 -0.94672287362077967
385 449 1.4717677092806158
385 393 -1.5591416770676134
385 386 -0.61929815680065692
386 450 0.76632659507909484
386 394 1.5155911219761429
386 387 0.10097978670078431
387 451 0.27408573365786559
387 395 -2.4272939533952838
387 388 -0.65561881551117585
388 452 -1.742887264223649
388 396 -0.68617105950830937
388 389 0.95810625197533872
389 453 -1.4684866517826967
389 397 0.055884009716924546
389 390 0.10066854143527945
390 454 -0.21026982856854773
390 398 0.86186308919060595
390 391 0.12301469683568433
391 455 0.31191132103620561
391 399 0.58777123319764846
384 391 2.8491428160697168
392 456 0.14942970420552867
392 400 0.65039950408530611
392 393 -2.3633494410570939
393 457 -0.29861071031744035
393 401 0.33692503109859745
393 394 -0.76760963489614054
394 458 0.47416682584925379
394 402 -1.8843305136676944
394 395 1.124903471214362
395 459 -0.45002056520532835
395 403 -0.618609413774585
395 396 1.5445309205194411
396 460 0.88863251170397162
396 404 -0.8453667685412819
396 397 -0.92891272501592026
397 461 0.93444747421476493
397 405 0.13290496933113713
397 398 0.67835203907167529
398 462 1.5688001709442818
398 406 1.0483086424466332
398 399 1.2219835762139057
399 463 0.93333886402142796
399 407 0.65188236928471299
392 399 0.058551863274933696
400 464 0.31627140189322239
400 408 1.2253409786037541
400 401 -0.34690013385598778
401 465 -0.26106202497326159
401 409 -1.0349670203616799
401 402 1.0676888315304907
402 466 0.41747538921830885
402 410 -0.66672362259509954
402 403 -0.48195850087969283
403 467 -0.11476557557256904
403 411 -0.84797831928940737
403 404 0.16893486169332692
404 468 0.74639822935472266
404 412 0.72854505176843454
404 405 -0.076040069673483091
405 469 1.1370492601674032
405 413 -0.62584911267298227
405 406 0.30135738887359043
406 470 -0.17803226559545357
406 414 -0.24745569030638528
406 407 1.4325589734067172
407 471 -0.42708079196885163
407 415 -1.3519124361100625
400 407 -1.3938826709215957
408 472 1.412818177859297
408 416 -0.4125123796008297
408 409 -1.168758112398683
409 473 -0.42041846432273211
409 417 0.7727171438468714
409 410 -0.780089669604208
410 474 0.89612791671798586
410 418 0.30775041210632326
410 411 0.27078477406672291
411 475 0.41288163976572118
411 419 0.16657292777896757
411 412 -0.27451896135632931
412 476 -1.6870784574727991
412 420 -1.4078457000762867
412 413 -0.99489307654941184
413 477 0.10336333639874419
413 421 0.47387664080432407
413 414 -2.0928241390696325
414 478 0.97673928780185937
414 422 -1.9170573937973112
414 415 0.54447075078066531
415 479 0.55005873357256274
415 423 -0.80405829406690299
408 415 0.52302806417080006
416 480 1.2280435503029477
416 424 1.1922459809859367
416 417 -1.5851152578597847
417 481 -1.9313472876418063
417 425 -0.18965955752419383
417 418 0.067557585559823094
418 482 -0.14844050236391429
418 426 -0.23365437115474658
418 419 0.50717563150686362
419 483 1.0132763467847161
419 427 1.8068602534301492
419 420 -0.1077741909046832
420 484 -0.20840151959658115
420 428 0.30409078155354807
420 421 0.2141033451680161
421 485 -1.2665500338006159
421 429 -0.22765702630061094
421 422 -0.70510700135127191
422 486 0.58290273736832432
422 430 0.69337985590941409
422 423 0.82165023938230775
423 487 0.014673770276341445
423 431 -0.65870456495322516
416 423 -0.83841681674127344
424 488 -0.11102332929545283
424 432 -0.5170678967173743
424 425 0.213363145833009
425 489 -0.4577783537824216
425 433 0.82093702726938145
425 426 0.42052874396491385
426 490 1.0497174948916788
426 434 0.018565612994260197
426 427 -2.4975709940096542
427 491 0.99970889773252425
427 435 -0.38120973468772967
427 428 -0.55690702900720401
428 492 0.29171541407071316
428 436 -0.68842350763787963
428 429 0.20999677856156415
429 493 -0.86965730511853934
429 437 -0.35686835801190619
429 430 0.60502849805436532
430 494 0.59722300296309394
430 438 0.33462199820484689
430 431 1.1291998365440856
431 495 0.39752447026848226
431 439 -0.46859605708764657
424 431 -0.94991705044085661
432 496 -0.64175893170599796
432 440 -1.1234745577014758
432 433 0.46145997319407372
433 497 0.88808091054435723
433 441 -0.74452147889602527
433 434 -0.062823218039183629
434 498 2.1269899201209279
434 442 0.89237599107794141
434 435 0.58732218456619201
435 499 -0.82853624516428626
435 443 0.70987170100296004
435 436 2.8259731952723137
436 500 -0.06992279004080032
436 444 -0.38440976872168786
436 437 -0.82359971160837575
437 501 -1.3948316166455645
437 445 -0.076285235319896436
437 438 0.46004644586968146
438 502 -0.18141245546701359
438 446 1.1194647441699896
438 439 -0.92788647016693826
439 503 1.9979666766070643
439 447 -0.60776182984948735
432 439 1.5592776606225032
440 504 0.99234797841100419
384 440 -1.0203329927145366
440 441 -1.6659100178368151
441 505 -0.58800824493715376
385 441 -0.3610501529055683
441 442 -0.75515989288973862
442 506 -0.034578343998092169
386 442 -0.14203737747422487
442 443 -0.42259821687458321
443 507 1.1708270935568481
387 443 1.6596623833490738
443 444 0.085040877982903412
444 508 -0.54640466744849714
388 444 -1.6397134791421977
444 445 -2.9390387707670462
445 509 0.74262775067705422
389 445 -1.4107853064927067
445 446 0.10702327893485528
446 510 -1.4641156936567852
390 446 1.1491611804334434
446 447 -0.22714119354680848
447 511 -0.49974401249366246
391 447 -0.77787713040471163
440 447 0.62234860567983497
0 448 -0.70690333797442684
448 456 0.28009243582756915
448 449 0.47995553878880098
1 449 -1.3830035815617878
449 457 0.48101355560337933
449 450 0.041070203839836845
2 450 -1.141677817370033
450 458 0.64648425524075759
450 451 -0.96605138442910343
3 451 -0.53469156438673726
451 459 -0.44672291554080512
451 452 0.63189302603979125
4 452 0.68584119647018704
452 460 -0.96483903021367745
452 453 1.7252790054403235
5 453 0.62981181603774883
453 461 -0.50183763358376632
453 454 1.7190210090453317
6 454 0.37765223399836967
454 462 1.4302571019572952
454 455 -0.50216838043833623
7 455 -0.51578058833527363
455 463 -1.4724262787497007
448 455 0.068758314051718547
8 456 0.29018169487303136
456 464 -0.73666747358306361
456 457 0.76829119047494387
9 457 -0.52966164647152281
457 465 -1.5363303692685848
457 458 -0.1468621929587878
10 458 -0.55404081689556095
458 466 -0.57436179107769691
458 459 1.4311051367215768
11 459 -0.37349898729973696
459 467 -0.14396795521433717
459 460 0.97465458576907693
12 460 -1.4663560443888874
460 468 -0.088472365406190009
460 461 0.61872784407013004
13 461 -0.41104017279992516
461 469 -0.31052446914940735
461 462 0.15782598225139732
14 462 -0.69333198379013439
462 470 -0.64913306487606126
462 463 0.11531841772458491
15 463 -0.29469057917330493
463 471 0.26557859993079075
456 463 0.49777710831636018
16 464 0.38049702822150905
464 472 -0.41418335573810727
464 465 -1.4762797768079798
17 465 0.51805089652777359
465 473 -0.41526973860914079
465 466 -1.984515793044807
18 466 -0.085665049490209116
466 474 0.46420462166369486
466 467 -0.1487226734478618
19 467 1.0870825931019901
467 475 1.0645521413801995
467 468 0.93417306155624147
20 468 -0.84426749244065558
468 476 1.2918103921522708
468 469 1.3856464041512226
21 469 0.091009352912706121
469 477 -0.64660201077523827
469 470 -0.4100885944947319
22 470 -1.0010630763444026
470 478 0.84644356791540531
470 471 -0.29112126932244348
23 471 0.18992439314235293
471 479 -1.101033146351494
464 471 0.5289496719921446
24 472 0.064179736402590212
472 480 1.4429706857631162
472 473 0.12183634332940559
25 473 0.98549465537030501
473 481 -0.11213264799512934
473 474 0.70706518619878844
26 474 0.3856431626066526
474 482 -0.72920584557000467
474 475 -0.47495733421193909
27 475 1.2716363871420078
475 483 -0.79416789771550456
475 476 -0.078018332372588345
28 476 0.87916636237322021
476 484 0.26176624880172211
476 477 -0.9323614403466558
29 477 1.2118089280094888
477 485 -0.29040984432607581
477 478 1.0233609392649261
30 478 0.81204778431141933
478 486 -1.4243332152668777
478 479 -0.97033889059015344
31 479 1.4269959934537648
479 487 -0.35856877049776581
472 479 0.32618713141659517
32 480 -0.84130125972118641
480 488 0.75891179651528262
480 481 -0.044225249845932645
33 481 0.62773111081848487
481 489 0.12795134213328063
481 482 -0.88549572291790335
34 482 -0.67633819144516827
482 490 1.6877374215289409
482 483 -0.092330719605232175
35 483 1.3776911557225493
483 491 0.44721981815649448
483 484 -0.47555246145221225
36 484 -1.1722546674183696
484 492 -1.4071887690883762
484 485 -0.64865380126496186
37 485 0.82667805079875889
485 493 -0.31322841940099599
485 486 -0.14869761782097005
38 486 0.65251412696685973
486 494 0.63681270834519943
486 487 1.4060935502587417
39 487 -0.62946294346503606
487 495 0.31303054475428299
480 487 0.82530804453767637
40 488 -1.0281417343973605
488 496 -1.2017756148486698
488 489 1.5270150564065601
41 489 -0.67766704076580098
489 497 0.52286270645459731
489 490 -1.1715608855850994
42 490 -1.8367137060780587
490 498 1.6061606553410366
490 491 -0.20417646052227809
43 491 -0.0088071721464960551
491 499 0.61686377797433256
491 492 0.12327193667976789
44 492 0.39406192542254959
492 500 2.0539709023545383
492 493 0.40575513605123753
45 493 -1.6973298296874459
493 501 0.60204582432726028
493 494 1.0236146996861759
46 494 0.58304225598880943
494 502 0.81881255358529215
494 495 -0.20990316085443156
47 495 0.63777734221462257
495 503 0.22952136527795061
488 495 -2.0982896724054743
48 496 0.16514760306506904
496 504 1.8430445921238932
496 497 0.89863936949018786
49 497 0.32121500258268937
497 505 -0.18530909986011726
497 498 0.44285606130771848
50 498 1.0059916912842302
498 506 0.49385018918832385
498 499 -0.023155070119225785
51 499 1.4804864808930474
499 507 -0.28553991841753806
499 500 -0.25927325491074432
52 500 0.0013062350290007833
500 508 0.13951746426461045
500 501 1.2662998182168288
53 501 0.032310554355883599
501 509 0.27446525529658367
501 502 0.45754953930321485
54 502 -1.2570564781762401
502 510 -1.0397917728567843
502 503 -1.0106700804527997
55 503 1.3753321064246593
503 511 -0.57482245543941213
496 503 -1.921579918534567
56 504 0.38634598378887713
448 504 0.10225223079018013
504 505 -0.69702053618857884
57 505 0.74088274928708153
449 505 -1.2020078080504684
505 506 -1.1970602408736111
58 506 -0.94762233508323357
450 506 -0.024685699435805505
506 507 -1.0523955554817233
59 507 -0.57414202288534177
451 507 -0.6191526821033041
507 508 0.87591727414008114
60 508 0.20079053911474051
452 508 -0.23427269982159959
508 509 1.2954867163722883
61 509 0.77623622777235723
453 509 -0.19113540509635774
509 510 1.4927218725306868
62 510 -1.9578487968092675
454 510 -1.2797962702727579
510 511 1.3868773599194544
63 511 0.41321948288056848
455 511 1.4841409514521355
504 511 -0.62769114258114755
