# model=ea3d N=512 meanJ=0 seed=263862729 distribution=gaussian field=0 num_fields=512 num_couplings=1536
0 0
1 0
2 0
3 0
4 0
5 0
6 0
7 0
8 0
9 0
10 0
11 0
12 0
13 0
14 0
15 0
16 0
17 0
18 0
19 0
20 0
21 0
22 0
23 0
24 0
25 0
26 0
27 0
28 0
29 0
30 0
31 0
32 0
33 0
34 0
35 0
36 0
37 0
38 0
39 0
40 0
41 0
42 0
43 0
44 0
45 0
46 0
47 0
48 0
49 0
50 0
51 0
52 0
53 0
54 0
55 0
56 0
57 0
58 0
59 0
60 0
61 0
62 0
63 0
64 0
65 0
66 0
67 0
68 0
69 0
70 0
71 0
72 0
73 0
74 0
75 0
76 0
77 0
78 0
79 0
80 0
81 0
82 0
83 0
84 0
85 0
86 0
87 0
88 0
89 0
90 0
91 0
92 0
93 0
94 0
95 0
96 0
97 0
98 0
99 0
100 0
101 0
102 0
103 0
104 0
105 0
106 0
107 0
108 0
109 0
110 0
111 0
112 0
113 0
114 0
115 0
116 0
117 0
118 0
119 0
120 0
121 0
122 0
123 0
124 0
125 0
126 0
127 0
128 0
129 0
130 0
131 0
132 0
133 0
134 0
135 0
136 0
137 0
138 0
139 0
140 0
141 0
142 0
143 0
144 0
145 0
146 0
147 0
148 0
149 0
150 0
151 0
152 0
153 0
154 0
155 0
156 0
157 0
158 0
159 0
160 0
161 0
162 0
163 0
164 0
165 0
166 0
167 0
168 0
169 0
170 0
171 0
172 0
173 0
174 0
175 0
176 0
177 0
178 0
179 0
180 0
181 0
182 0
183 0
184 0
185 0
186 0
187 0
188 0
189 0
190 0
191 0
192 0
193 0
194 0
195 0
196 0
197 0
198 0
199 0
200 0
201 0
202 0
203 0
204 0
205 0
206 0
207 0
208 0
209 0
210 0
211 0
212 0
213 0
214 0
215 0
216 0
217 0
218 0
219 0
220 0
221 0
222 0
223 0
224 0
225 0
226 0
227 0
228 0
229 0
230 0
231 0
232 0
233 0
234 0
235 0
236 0
237 0
238 0
239 0
240 0
241 0
242 0
243 0
244 0
245 0
246 0
247 0
248 0
249 0
250 0
251 0
252 0
253 0
254 0
255 0
256 0
257 0
258 0
259 0
260 0
261 0
262 0
263 0
264 0
265 0
266 0
267 0
268 0
269 0
270 0
271 0
272 0
273 0
274 0
275 0
276 0
277 0
278 0
279 0
280 0
281 0
282 0
283 0
284 0
285 0
286 0
287 0
288 0
289 0
290 0
291 0
292 0
293 0
294 0
295 0
296 0
297 0
298 0
299 0
300 0
301 0
302 0
303 0
304 0
305 0
306 0
307 0
308 0
309 0
310 0
311 0
312 0
313 0
314 0
315 0
316 0
317 0
318 0
319 0
320 0
321 0
322 0
323 0
324 0
325 0
326 0
327 0
328 0
329 0
330 0
331 0
332 0
333 0
334 0
335 0
336 0
337 0
338 0
339 0
340 0
341 0
342 0
343 0
344 0
345 0
346 0
347 0
348 0
349 0
350 0
351 0
352 0
353 0
354 0
355 0
356 0
357 0
358 0
359 0
360 0
361 0
362 0
363 0
364 0
365 0
366 0
367 0
368 0
369 0
370 0
371 0
372 0
373 0
374 0
375 0
376 0
377 0
378 0
379 0
380 0
381 0
382 0
383 0
384 0
385 0
386 0
387 0
388 0
389 0
390 0
391 0
392 0
393 0
394 0
395 0
396 0
397 0
398 0
399 0
400 0
401 0
402 0
403 0
404 0
405 0
406 0
407 0
408 0
409 0
410 0
411 0
412 0
413 0
414 0
415 0
416 0
417 0
418 0
419 0
420 0
421 0
422 0
423 0
424 0
425 0
426 0
427 0
428 0
429 0
430 0
431 0
432 0
433 0
434 0
435 0
436 0
437 0
438 0
439 0
440 0
441 0
442 0
443 0
444 0
445 0
446 0
447 0
448 0
449 0
450 0
451 0
452 0
453 0
454 0
455 0
456 0
457 0
458 0
459 0
460 0
461 0
462 0
463 0
464 0
465 0
466 0
467 0
468 0
469 0
470 0
471 0
472 0
473 0
474 0
475 0
476 0
477 0
478 0
479 0
480 0
481 0
482 0
483 0
484 0
485 0
486 0
487 0
488 0
489 0
490 0
491 0
492 0
493 0
494 0
495 0
496 0
497 0
498 0
499 0
500 0
501 0
502 0
503 0
504 0
505 0
506 0
507 0
508 0
509 0
510 0
511 0
0 64 0.45201734321341142
0 8 0.69696724149150657
0 1 0.54692192875858403
1 65 0.57166618263479285
1 9 -0.73147702150436689
1 2 -0.34334646032278587
2 66 0.018914637629639384
2 10 1.6208069811145447
2 3 -0.48586121295148715
3 67 -0.47275847862319537
3 11 1.6375015248045948
3 4 0.63011877505567404
4 68 -0.32753122723289457
4 12 1.4638731397264677
4 5 0.8157243910932277
5 69 0.47854665997340123
5 13 -1.4651089291983241
5 6 0.15047805604487749
6 70 0.46040738787711671
6 14 -1.4888079077629917
6 7 -0.74807527714546818
7 71 0.26258075994632801
7 15 0.4550570370149577
0 7 -0.74110450831545227
8 72 0.89967128319873824
8 16 0.54889437389037876
8 9 0.35095917723697917
9 73 -0.70018464472195097
9 17 -0.14189763756989415
9 10 -1.5335153335223348
10 74 1.70757934396533
10 18 -0.63788739112275339
10 11 1.0381135296915618
11 75 0.62085378567717264
11 19 -0.31389523377714196
11 12 0.064515109628314526
12 76 -0.52865476652510413
12 20 -0.77316266229570818
12 13 -0.41229962867153291
13 77 -2.363212345453825
13 21 1.9709051997073821
13 14 0.61507989292984167
14 78 0.76161419493771909
14 22 -0.72634107317201457
14 15 -0.13905237209468868
15 79 -1.0007363301781997
15 23 0.054948802519514214
8 15 -0.43778375826983162
16 80 0.42122328316466257
16 24 -0.93649375134367518
16 17 -0.52141337413489197
17 81 -0.80806056692695283
17 25 -0.43701571898764685
17 18 -1.8407407449534274
18 82 0.56298065997227553
18 26 0.57448220790126048
18 19 -1.212444944107673
19 83 -0.83816561921801103
19 27 0.095628957260286293
19 20 -0.12112801491961692
20 84 -1.6306118812648474
20 28 0.53312441076428341
20 21 -0.37946163309485059
21 85 -0.190174257946301
21 29 1.2405555197107125
21 22 -0.21907615536684255
22 86 0.078081010909357623
22 30 -0.76539298891129881
22 23 0.50050166132763041
23 87 1.572543204787505
23 31 -1.2101834735672761
16 23 1.4324379585804754
24 88 -1.1602814273561894
24 32 0.27356396129615418
24 25 0.53804308046763993
25 89 0.59918563483662968
25 33 0.27739582481184871
25 26 2.0998978025344064
26 90 -0.17067841630301664
26 34 -0.48389026067522967
26 27 0.29111786517340077
27 91 1.4488848880070919
27 35 -0.11349682411498065
27 28 -1.3703254954981567
28 92 0.45069538236770584
28 36 0.22962560212627742
28 29 -0.13588254256001317
29 93 0.70173006701447427
29 37 1.3518913978483087
29 30 0.32725680280551744
30 94 1.2616680691322486
30 38 -1.2133895101802363
30 31 -0.788872781987493
31 95 0.71540227380987054
31 39 0.34050971007568476
24 31 0.35972375913562088
32 96 -0.25920258245265498
32 40 0.2274437178425075
32 33 -0.054757806687301402
33 97 -0.43654719317388546
33 41 0.184023764207072
33 34 -0.37925791422030763
34 98 1.1374246122341916
34 42 -0.93960847616351539
34 35 -0.59773984356546073
35 99 1.153780327929345
35 43 0.2937426311730485
35 36 -0.54064988334772035
36 100 -0.43545192281909417
36 44 0.038240891784219883
36 37 0.49613914361983746
37 101 -1.0861613848397389
37 45 0.35787522542948463
37 38 -0.60893069483126716
38 102 -0.16731044552130997
38 46 -0.68317070328119889
38 39 -1.2737542349206425
39 103 -0.61874271494873945
39 47 -0.22695682560093688
32 39 -0.43136211982881817
40 104 1.2930029307620985
40 48 0.55647636421114433
40 41 -1.0000152567263243
41 105 -0.33991483557855523
41 49 1.4249105170320169
41 42 -0.60802467560438633
42 106 -0.26911593927344013
42 50 -0.42822900633082867
42 43 1.2095588917840092
43 107 0.47832925637431195
43 51 1.5565429855850681
43 44 0.58206487849001454
44 108 0.13164713729540162
44 52 0.95458748598411702
44 45 -0.025257126933202641
45 109 0.025783806325452411
45 53 0.0012828016093452438
45 46 0.69362063426173348
46 110 1.2595472941216284
46 54 0.54486740414153956
46 47 0.39521984913777625
47 111 -1.6858061401487587
47 55 -0.73818361724662473
40 47 0.13104465354592615
48 112 -0.72791645223644474
48 56 -0.21935533642012636
48 49 -1.2384712723100419
49 113 0.39957283643057767
49 57 1.0136902677349156
49 50 -0.53277454750928588
50 114 0.45732356620943732
50 58 -0.015956617075104311
50 51 -0.48398969930181518
51 115 0.23872229088750685
51 59 2.0245398911795389
51 52 -0.22259680645234151
52 116 -0.72314307017188462
52 60 0.97935335944557733
52 53 0.91905391350805521
53 117 -1.7395055071991845
53 61 -0.12509416727557865
53 54 -0.65353589493443998
54 118 1.4700461489522365
54 62 0.59303476707820113
54 55 -0.82572576097357187
55 119 -0.15525987338141592
55 63 0.91110361457150291
48 55 0.0075827151406671353
56 120 0.18724597587684022
0 56 0.84844666398732171
56 57 1.0968222565254622
57 121 -0.09219403536704672
1 57 1.1817717816952162
57 58 -0.49031416100862862
58 122 2.558386925358211
2 58 -0.61558736693552729
58 59 -0.72874059381657208
59 123 -0.51497541061631102
3 59 -0.58886397619537634
59 60 -0.54362711686331111
60 124 -0.37041512016357458
4 60 -0.62229823376916549
60 61 -2.2539963089824622
61 125 -2.0201925563853087
5 61 0.82140058823278761
61 62 -1.7247419996599966
62 126 -0.30148039374155727
6 62 0.51177506683888674
62 63 -0.11480651818851853
63 127 -0.82134787038534229
7 63 1.227083504574187
56 63 0.27892700956826788
64 128 -2.0086359000359844
64 72 0.50735503708873553
64 65 1.5842128533974063
65 129 -0.90499546919907459
65 73 0.35321349772295546
65 66 0.94857587610139338
66 130 -0.39355092554939614
66 74 0.25108980013596421
66 67 -0.11611146093954094
67 131 0.068167911785108448
67 75 2.1443894050337504
67 68 -1.344856326420744
68 132 -0.47930923608364645
68 76 -0.28467764233213261
68 69 0.041424862758004825
69 133 0.47879382546678373
69 77 1.3279859618668
69 70 -0.49652787179094127
70 134 0.63782945504036814
70 78 -0.72275163994895242
70 71 -0.3574905477754971
71 135 -2.3200107878485441
71 79 0.82534834682290514
64 71 0.78309543305638396
72 136 1.9527932031632722
72 80 -0.204671174795305
72 73 -1.3452474494602846
73 137 -0.70223907731326818
73 81 0.4600800304454859
73 74 0.39865441240350502
74 138 0.69578771281893581
74 82 1.2407627041831872
74 75 1.2621887678716055
75 139 -1.0328569140919812
75 83 -0.72000184672101886
75 76 0.74345506206025602
76 140 -0.80617411723010002
76 84 -1.3736381791568568
76 77 0.29933889829846105
77 141 0.88768564644968895
77 85 0.89604605832165862
77 78 0.73129805059200759
78 142 0.7026936224955298
78 86 -1.1104231370377322
78 79 -1.5415429022510667
79 143 0.45593670619117638
79 87 -0.27361361907851273
72 79 -1.0075916656040216
80 144 -0.28567066111464767
80 88 0.40060671798173292
80 81 -0.53909192702735631
81 145 -1.0132064677673616
81 89 1.167180417689456
81 82 -0.72961774544837144
82 146 -0.086480064592513756
82 90 2.4019904908818805
82 83 -0.93250349247694331
83 147 1.8652092624597303
83 91 0.14045163815197836
83 84 0.06386702894104529
84 148 0.51823051474105331
84 92 -0.59201119829345883
84 85 1.4128184122013048
85 149 2.2818914428747115
85 93 0.59185359633510648
85 86 -1.2593417491739118
86 150 -1.6172371165975603
86 94 0.33571567164524241
86 87 -0.70642020136006922
87 151 -0.21370913774153452
87 95 0.060628892686913925
80 87 -0.43168160858123145
88 152 0.43924110756507423
88 96 0.63599264377463927
88 89 -0.91992202840245185
89 153 1.056796731303915
89 97 -0.47933001845029466
89 90 -0.47254868404702649
90 154 -0.13273286147408009
90 98 0.51474849614614981
90 91 -0.56669371244740951
91 155 -1.4662365225258263
91 99 -1.2952814369274557
91 92 1.270404009031098
92 156 -0.86871510981209898
92 100 -0.39397647304562439
92 93 0.91664445013303897
93 157 -0.59193265732538236
93 101 -0.41322388602802723
93 94 0.25033859779266587
94 158 0.019511176070247601
94 102 -2.664495164057799
94 95 1.7535884623853888
95 159 0.18259937376653751
95 103 -0.85613581430301966
88 95 0.28597462849159305
96 160 0.5635789756386288
96 104 1.1509838516445525
96 97 0.84290819165976105
97 161 -0.24680640997598996
97 105 0.38374318213274478
97 98 -0.46981686379938759
98 162 0.66245836700633598
98 106 0.62819524273876926
98 99 1.6232763692360304
99 163 -0.60782086542902813
99 107 0.24644145921111041
99 100 -0.019309721958630958
100 164 -0.42580942287983609
100 108 -0.45382393170234742
100 101 1.6877114727336151
101 165 -0.56266759249170895
101 109 -0.28698058188430625
101 102 -1.5723315956167989
102 166 -0.31008883495600376
102 110 0.051515569559627536
102 103 -0.51607183480600283
103 167 0.014594770395467702
103 111 -0.52124769933098891
96 103 1.0735051524717603
104 168 -0.59793227471752175
104 112 0.81251028547266957
104 105 1.6660900136448678
105 169 0.47708938932606398
105 113 -1.2923835671673849
105 106 1.8786190744048756
106 170 -0.40138689268234157
106 114 -0.96103947410638679
106 107 -1.003754127541274
107 171 -1.1170021270495547
107 115 -0.36012550974401347
107 108 0.83037573275667309
108 172 -1.0003455234718663
108 116 0.32428734134490644
108 109 -0.46981379902960646
109 173 1.0192228091901387
109 117 -0.39760716841762417
109 110 -0.87345815973687924
110 174 -0.69411989200868118
110 118 -0.38017928002477019
110 111 0.61790962959059037
111 175 -0.6522124700833859
111 119 -1.0608436558393648
104 111 -0.43457468536553628
112 176 1.1494137620431393
112 120 0.067642230782773372
112 113 0.16489999436666206
113 177 -1.3725568908652421
113 121 -1.8447326042672432
113 114 0.50902768492854589
114 178 0.70010804594701115
114 122 0.54168118997063974
114 115 -2.2230109702820799
115 179 1.1917210953927639
115 123 -3.3008411798843982
115 116 0.77883513862858367
116 180 0.10147149504979805
116 124 0.11929110062498749
116 117 -0.074898593781357423
117 181 -0.27224740939500486
117 125 1.5789100184528042
117 118 0.76385217781153369
118 182 -0.91848328795205025
118 126 -0.74459578372809709
118 119 0.2244218864932519
119 183 -0.11578120203757966
119 127 -0.21000896429860721
112 119 0.66290571228167139
120 184 0.043478323963397618
64 120 -0.070724043311406137
120 121 -1.4345878911839085
121 185 0.38920513281014074
65 121 1.883435333245951
121 122 -2.1924934474306679
122 186 -0.42637865207907216
66 122 0.64137711917631446
122 123 -2.2322562307556546
123 187 -1.2904312008841676
67 123 -0.78653398751413395
123 124 0.66817406455282002
124 188 0.52670640767173205
68 124 -0.71552909069200898
124 125 -1.0460585029198339
125 189 0.22459647393615109
69 125 0.53495114656003562
125 126 -0.52632858255058057
126 190 -2.6100267473806205
70 126 -0.67004204915757049
126 127 1.0961367707721519
127 191 0.41808463731678186
71 127 0.5687459526282892
120 127 -0.23912049893733556
128 192 -0.0041936839978125931
128 136 -1.4450908038867334
128 129 0.30195430093612552
129 193 0.40813375208652108
129 137 3.2442280755337651
129 130 -0.85657884371536375
130 194 0.36759467733167589
130 138 -1.0047415646747018
130 131 0.0070850888983089956
131 195 -0.44979392554604164
131 139 -1.304055923258983
131 132 1.1307227987972872
132 196 1.8238253790728323
132 140 0.066650381476913476
132 133 1.1410455666556154
133 197 0.56824393724821376
133 141 0.013230731444333397
133 134 -0.1136463017278337
134 198 0.70863384380601502
134 142 1.2522422082777978
134 135 -0.16597175977429268
135 199 -0.54296532599252889
135 143 -0.83173802719233225
128 135 -1.1304938148985457
136 200 0.53280090125155732
136 144 0.4805775785693191
136 137 -0.63160167739175443
137 201 -2.1531407313735436
137 145 -0.2549310333539006
137 138 -1.9440196219120334
138 202 0.68709574852837751
138 146 -0.65746079091930809
138 139 0.016101177734079087
139 203 -1.2843034390031278
139 147 0.33422115225730581
139 140 -1.3528264677732389
140 204 0.059358670990343601
140 148 -1.7415704982259197
140 141 0.39482715276434427
141 205 -0.46457740485963411
141 149 1.0851402279060043
141 142 -1.1558895429839362
142 206 2.1913436996241864
142 150 -0.21627906222615631
142 143 0.35885944266415454
143 207 -0.031910133495816471
143 151 -1.0749604600124825
136 143 -1.0361426734689227
144 208 -0.57998688733059345
144 152 0.31020894750772304
144 145 1.0255805363980008
145 209 0.3151268098704425
145 153 -0.20818687633635352
145 146 0.98373385784941902
146 210 2.2736585243125789
146 154 -1.7925553870211237
146 147 1.3603401621825255
147 211 0.6962901724018794
147 155 -2.6947050196291658
147 148 -0.62590998497930006
148 212 1.0323568636692297
148 156 0.72570896140575369
148 149 0.07307148205555633
149 213 -0.097177306010426831
149 157 -0.53205525655154862
149 150 -2.1058985131535874
150 214 -0.33123299796006184
150 158 -1.1244029913282987
150 151 0.67162979989212201
151 215 -1.0079732159988242
151 159 -0.49187223478457232
144 151 1.702824255310625
152 216 -0.46501807386244259
152 160 1.9858372993210458
152 153 -0.74244524299934056
153 217 -0.9679863496993657
153 161 -1.2529626177992514
153 154 -1.7878084662414646
154 218 1.8952297515743568
154 162 0.35989863211038914
154 155 -0.34357167084630275
155 219 -0.38292731725566276
155 163 -1.4725357260013408
155 156 -0.56930031330412245
156 220 -0.27479013377288986
156 164 -0.80596931508432545
156 157 1.0601775118747991
157 221 -0.21500031148727233
157 165 -0.14721353153579064
157 158 0.4776752920053306
158 222 0.17618130304093993
158 166 0.38812750912332156
158 159 -1.3800179298641071
159 223 -1.3070030265022781
159 167 0.15969196078082432
152 159 -1.9241415205562291
160 224 -0.73873971115872406
160 168 -0.30384626608150272
160 161 1.1355582270014912
161 225 -1.8803283673471207
161 169 0.29125847373107316
161 162 -0.31856482708797479
162 226 -0.51226353740849795
162 170 -1.5104728376674845
162 163 -1.4678952915249381
163 227 0.83468631193519838
163 171 1.7247073535954753
163 164 -1.2248531026694038
164 228 0.21803505449872215
164 172 1.9418976684287681
164 165 0.92970503226151813
165 229 -0.87217079281763288
165 173 2.3531250118766467
165 166 -0.43863999454813818
166 230 1.3487646641046267
166 174 -0.033907135352271113
166 167 -0.91528789951252243
167 231 -0.14588457444030942
167 175 -1.6678730620552107
160 167 2.00746321802837
168 232 0.84895885795302939
168 176 -0.36128536193941518
168 169 0.56744539164700136
169 233 -1.3855030401921753
169 177 1.3613901667520563
169 170 0.24402543885552969
170 234 0.60947479185929809
170 178 -0.43643445646860135
170 171 -0.11485879061194947
171 235 0.0049940712815416035
171 179 -0.46281767411370489
171 172 -0.358916550334339
172 236 0.22032894944771417
172 180 0.11671346087134191
172 173 -1.5405875311289745
173 237 0.96600116966519922
173 181 -0.82763688210654263
173 174 -0.57676041619862206
174 238 -0.20915725948160893
174 182 0.27685280666643275
174 175 0.55020354395331195
175 239 -0.70264597930168682
175 183 1.7035380626284067
168 175 1.1632260766451823
176 240 1.8263800056884296
176 184 0.6523627598829107
176 177 -0.37625715779750046
177 241 1.1535982877907445
177 185 0.47260625134010092
177 178 -0.6407213908429199
178 242 -0.078196290548426306
178 186 -1.4910027354306039
178 179 1.7718910234094261
179 243 1.1489888769451184
179 187 1.1465368012965815
179 180 0.47526332982107944
180 244 -0.9286505043075961
180 188 0.075941218822856926
180 181 0.47648183308966863
181 245 -0.099349498373118211
181 189 -1.4984616223103848
181 182 -0.50335404635937298
182 246 2.7168018832905361
182 190 -0.7668336629807273
182 183 -1.985503966547985
183 247 -0.8270374863701585
183 191 -1.2656781736157066
176 183 -0.81951472525229851
184 248 -0.78693267595515559
128 184 -0.14955430360964952
184 185 0.0044348569386921406
185 249 1.39234397867865
129 185 0.26069590312468599
185 186 1.2161783813546625
186 250 0.096267645589014253
130 186 -0.19933384741647542
186 187 1.4295638914905768
187 251 -1.5015211288400121
131 187 -0.69956189516549205
187 188 -0.95193210181042998
188 252 0.29591268897301776
132 188 0.4480081820546446
188 189 1.0130654693421386
189 253 0.95641161798553598
133 189 -0.76988037545509413
189 190 0.87513200479790465
190 254 -0.19221547153236018
134 190 -0.44737063828204809
190 191 -0.064671403122581003
191 255 0.62221136490683526
135 191 1.367082310978198
184 191 1.2738428160612951
192 256 1.548998413531304
192 200 -1.4544099645659112
192 193 0.5854206647712461
193 257 -0.95435071160618601
193 201 -1.0781675267672375
193 194 -0.83282852081687864
194 258 -0.39689549667257168
194 202 -0.47386987121918661
194 195 0.46114108656884584
195 259 -0.81219119791040073
195 203 -0.8615376374713527
195 196 -2.2930134631425196
196 260 -1.6645388641449743
196 204 -0.67168716016532148
196 197 -1.0686201232202932
197 261 1.2506792507671309
197 205 1.4123507470360381
197 198 -0.63002276658764567
198 262 0.76808438788108713
198 206 -1.384983826744532
198 199 0.21235694300754773
199 263 0.58575913720276251
199 207 -1.9293205966692126
192 199 -0.65696049500845288
200 264 1.5752742339329722
200 208 1.4119670424530757
200 201 -1.2799614698291593
201 265 0.41189325533774568
201 209 0.5346155110369587
201 202 -0.81766495907928727
202 266 -0.52069183694879373
202 210 0.36497070371357282
202 203 0.16420601889779571
203 267 -1.3393906357780567
203 211 -0.15001620531145352
203 204 -0.79980739470383622
204 268 0.25879647465947064
204 212 2.8402762986991883
204 205 0.71528782235867061
205 269 -2.324091726303898
205 213 2.8353544150666186
205 206 -0.47403582287662749
206 270 0.2066307525712508
206 214 -0.73821079885948615
206 207 0.20461838135314464
207 271 0.4702312779179611
207 215 -1.8022460498286614
200 207 0.30137646997058504
208 272 -0.088056293791161006
208 216 -1.6068756444696528
208 209 -1.5379320119585524
209 273 0.76010273511311544
209 217 -0.36267287130505094
209 210 -2.2740312799759801
210 274 1.7804458446922335
210 218 -0.87018228684694976
210 211 -1.9464824816463062
211 275 0.30955510529662983
211 219 0.50016647944833825
211 212 -0.75097395862207916
212 276 -0.83819970164526425
212 220 -0.73634554928639306
212 213 -1.0385059127217648
213 277 0.57755215760769385
213 221 0.24111965659008605
213 214 -0.67074638993456959
214 278 -1.3192019515162561
214 222 -0.076143365766819737
214 215 2.1593713420017298
215 279 -0.88545004624685364
215 223 -0.082576734044036398
208 215 0.66616356144523581
216 280 0.059791873534403683
216 224 0.71488824370390103
216 217 1.5667679446325677
217 281 0.11519020698033774
217 225 -1.3547110210427791
217 218 0.37484996075804994
218 282 0.33620590817196438
218 226 -0.80218628765920352
218 219 -0.65605248131309024
219 283 0.29895662508672038
219 227 -0.38945170706952775
219 220 -0.82107019301529727
220 284 0.16280907357864052
220 228 0.037781593762968524
220 221 1.9982313417130668
221 285 -0.05548255479170712
221 229 0.080537167245606917
221 222 -1.6129947657330432
222 286 0.18576175284693147
222 230 -0.59177119654540877
222 223 -0.20336513878582474
223 287 -0.82344202478885908
223 231 1.5477623172866724
216 223 -0.22848415064655148
224 288 0.17021678585637823
224 232 -0.44469904890400969
224 225 -1.0276045384360368
225 289 -0.14680213000317216
225 233 -0.45954939334842193
225 226 -0.61207287475643191
226 290 -2.5792164819496812
226 234 -0.32853127654243575
226 227 -0.61149342613289026
227 291 1.2710071032227916
227 235 0.33554846025433305
227 228 -0.89759189435518649
228 292 1.2753494640168046
228 236 1.4186894214862826
228 229 -0.0028469740637156911
229 293 -0.23349167098095963
229 237 1.5365413365948921
229 230 -0.23479107214430003
230 294 -2.2251927968773892
230 238 -0.36966853726161203
230 231 0.69496861631810036
231 295 0.40935293804653627
231 239 0.41397228491958171
224 231 2.6514352365555323
232 296 -0.065435771958790342
232 240 -0.031127175742909647
232 233 -1.228992157571873
233 297 0.15047513231570409
233 241 0.49260470123027922
233 234 0.31222006886525305
234 298 -1.329962309645587
234 242 0.23830807183290051
234 235 0.51116459821778426
235 299 -0.087704938656521597
235 243 -0.47881180281384195
235 236 -0.91146938110484377
236 300 0.73312236279148968
236 244 -0.9518539436413529
236 237 -0.5981412851533553
237 301 0.12816871474069214
237 245 0.36917166878818597
237 238 -0.42415022894161114
238 302 0.11960641961615399
238 246 -0.64782448313681595
238 239 -0.41695357274655687
239 303 -0.59862198960878044
239 247 -1.1789895825528107
232 239 1.8738933672156197
240 304 2.9401350004203146
240 248 0.91046202588031722
240 241 0.85445086864037634
241 305 1.0919893975841337
241 249 0.1164194646514074
241 242 -0.46337083106148386
242 306 1.5329024611557467
242 250 0.30867048857148643
242 243 2.1345380947513406
243 307 0.81211350301245055
243 251 0.95864239047002309
243 244 -1.0861561360803436
244 308 -0.48462704169334586
244 252 -1.7949734131497197
244 245 -0.79470492896692824
245 309 -0.91444198751575245
245 253 -0.56424615313030158
245 246 1.7332676218648484
246 310 0.47014969655807698
246 254 0.016252114244954236
246 247 -0.13629211576076891
247 311 0.98584398308246934
247 255 -0.27059602216263018
240 247 -0.30285894811342667
248 312 0.28522326969835021
192 248 -0.060191956624257158
248 249 0.83426830490091752
249 313 -0.55324378464200019
193 249 0.72898152393646976
249 250 0.89550527363376931
250 314 -2.334757424376313
194 250 -0.84729870832881171
250 251 1.8357528131009424
251 315 0.03734096592211758
195 251 0.6293828418188816
251 252 -0.28919791938515904
252 316 -0.16121763356223051
196 252 0.95825018635924852
252 253 -0.48736313695025091
253 317 0.46831936728689721
197 253 0.60352527800757427
253 254 -0.33201701874226325
254 318 -0.99754527283591088
198 254 0.90568761085166449
254 255 0.91978887401399834
255 319 0.024397168987247704
199 255 0.21478468286974448
248 255 -1.974416205465193
256 320 0.85286572234617519
256 264 0.25157781988642558
256 257 -1.0724360437606404
257 321 -0.55469621060080376
257 265 0.49273107952065676
257 258 0.1774679547382321
258 322 -0.49573854440983817
258 266 -1.2028996814906838
258 259 -0.47715371812742607
259 323 -0.5818211007916857
259 267 1.1351752240417834
259 260 1.6810232965717651
260 324 0.18490313098833167
260 268 0.099563478833853983
260 261 -2.1079174525229702
261 325 -0.063200558699698664
261 269 0.0013148360955946895
261 262 -2.2083373820526129
262 326 1.8014433712104025
262 270 0.39487810454235062
262 263 -0.58787331483890803
263 327 0.37965049990204958
263 271 0.98453143762349271
256 263 0.12779011273567417
264 328 0.88379766153187667
264 272 -0.84771645402740547
264 265 -1.1518035246708769
265 329 0.0098739788968606589
265 273 1.1969890093229623
265 266 0.72190840939792411
266 330 1.2574300488137449
266 274 -0.34485087603589737
266 267 0.77442441593034295
267 331 0.90163966763778769
267 275 -1.0825080589911662
267 268 -0.24979355336402587
268 332 -0.21205381951332644
268 276 -0.1102068249340533
268 269 2.2986881232060696
269 333 1.9602908467728977
269 277 -1.1723528014494093
269 270 0.087225401845330106
270 334 0.56882915558583191
270 278 0.52088080216391452
270 271 0.95688176803264691
271 335 -1.634526870234726
271 279 0.1602358513446149
264 271 0.68192728042195594
272 336 0.53450952334109525
272 280 -0.41482429254814102
272 273 0.47210884741819742
273 337 -0.35924088976351054
273 281 0.91912546008789209
273 274 0.65133931721759375
274 338 -0.026577109036546077
274 282 -1.4366007264582326
274 275 1.2743221656607118
275 339 -0.049811202199517061
275 283 -0.31151169642210191
275 276 -1.6040334700254695
276 340 0.67649147513138086
276 284 -0.91143758259788066
276 277 2.4683868818249963
277 341 -0.086170666402646284
277 285 0.30784791062110317
277 278 0.77062316193283165
278 342 -0.52869134965678943
278 286 0.85019205381259888
278 279 1.4309055298091455
279 343 0.3409151247563913
279 287 0.49689306195832755
272 279 -0.44123484065099372
280 344 0.012701395003653991
280 288 0.23726133397386709
280 281 1.0119810297781138
281 345 1.5876876572071199
281 289 1.0873270530882904
281 282 0.0078721745708460137
282 346 -0.33644028160117712
282 290 0.83291694192753618
282 283 0.44362907064914975
283 347 -0.70197394609024377
283 291 -0.43838525565033448
283 284 2.8393125497560239
284 348 0.33783888829776482
284 292 0.56645604497782798
284 285 0.29856344376571486
285 349 0.78063932332989538
285 293 0.39715926978495097
285 286 -0.6438774481387769
286 350 0.59036272470085238
286 294 -0.16035647422249327
286 287 -0.16328953164788057
287 351 -2.0402313998652746
287 295 -0.20315137274505932
280 287 0.85690276824010869
288 352 -0.48453068467279164
288 296 -0.041137580685315173
288 289 -1.1520829275506272
289 353 -0.75751655379953242
289 297 0.42634164107917594
289 290 -0.2966828449774328
290 354 0.68396930510445586
290 298 0.44326652500129182
290 291 -0.10559332031945096
291 355 -0.64077076779485287
291 299 2.2682110545967684
291 292 0.036381157592084518
292 356 1.7433990614605963
292 300 0.08914627185715493
292 293 -1.0841919965350009
293 357 -0.92743948152124678
293 301 -0.9707134402204487
293 294 -1.5724089884375818
294 358 1.383210802116178
294 302 -1.5970100211605116
294 295 -0.16726975085997658
295 359 1.4161414954547447
295 303 -1.2525005238439229
288 295 1.0185624143151468
296 360 0.91903374292065376
296 304 2.0663231538930056
296 297 0.1882885813314493
297 361 -0.088551201752514241
297 305 0.72609554591013248
297 298 -0.79426982562881365
298 362 0.026090595075396687
298 306 -1.4636748299342319
298 299 0.29351931316031843
299 363 0.25761125100537247
299 307 1.7109622364945511
299 300 0.9459752398189567
300 364 -1.8092354626733045
300 308 0.73038508200726915
300 301 -0.30182458025224568
301 365 0.95238374232374068
301 309 -0.12263636950025912
301 302 0.11388773068716881
302 366 -0.48077822074372961
302 310 -1.6543711238867562
302 303 0.50633488397712856
303 367 -0.58898343275660414
303 311 0.8180245862989397
296 303 0.050137266970122191
304 368 -0.52620656703314261
304 312 -0.15258041925589949
304 305 -0.46403273904589021
305 369 -0.56922640819761738
305 313 0.1693958556583971
305 306 -1.2416688243440313
306 370 0.55185528769202197
306 314 -0.22069327816743692
306 307 0.32416000781752274
307 371 0.17740436954216804
307 315 -0.76202455981691164
307 308 0.15198702163582431
308 372 -1.6002795303572475
308 316 0.27038738155356234
308 309 1.3643880263427912
309 373 -0.84147608683522024
309 317 -1.5616589660562488
309 310 -0.44176454143616506
310 374 1.0178957044460877
310 318 0.64860998547687043
310 311 2.365716417711301
311 375 0.33991796536317009
311 319 -0.89672800361368643
304 311 -0.71926293026756338
312 376 -0.71859796830679279
256 312 0.42692613796172058
312 313 1.4207669419539146
313 377 -1.3499114048671979
257 313 0.78453480936414011
313 314 0.65318812794668624
314 378 1.7256878250932806
258 314 -0.21554069215136193
314 315 -0.39187290918792073
315 379 0.21542703066441793
259 315 0.39536149056338304
315 316 -1.1043399067166144
316 380 1.1278781235120254
260 316 -0.48543883258238157
316 317 -0.29599473834925394
317 381 -0.29682721961584718
261 317 -0.59226398494567167
317 318 0.3790293756316076
318 382 -1.3624389519598308
262 318 0.62432270901068732
318 319 1.5275962485216765
319 383 -0.44275724376834907
263 319 1.9318249503400178
312 319 -0.70019585177398602
320 384 -0.77295521783763388
320 328 -0.17239430592516147
320 321 -0.053034265536859609
321 385 -0.90391805547774284
321 329 1.0281007850846304
321 322 0.83956591292149241
322 386 0.34523963013787762
322 330 1.6178584674840804
322 323 -0.93216530982243495
323 387 0.84867179203442134
323 331 0.18062952714715011
323 324 -1.3034485899473314
324 388 1.0175090378802505
324 332 0.67631989921066282
324 325 2.2761728976075672
325 389 -1.4385691261660711
325 333 -1.1999677409948779
325 326 1.2750611893236943
326 390 0.51277385194822911
326 334 0.74713676053936573
326 327 1.0864263101201843
327 391 -1.560512480990454
327 335 -0.43599232878624589
320 327 0.98644778331260485
328 392 -2.5476437542485426
328 336 0.0079187359751616924
328 329 2.2927896413237585
329 393 -1.2825637919350616
329 337 -0.61865504114442638
329 330 -1.7330506137143096
330 394 -0.73509567213011529
330 338 -1.2523742523000085
330 331 -0.39442867625454275
331 395 -1.6377433886280082
331 339 0.47981917648813444
331 332 -0.13263036078646498
332 396 0.55663770802870061
332 340 -0.15700990714470489
332 333 0.62807039647533602
333 397 0.46133146342266645
333 341 0.236326821937451
333 334 0.82949554066577758
334 398 0.065993220989227053
334 342 1.6586741238437721
334 335 -0.48797842815409831
335 399 0.51187111105473571
335 343 -0.94687974002458575
328 335 0.46111849645210584
336 400 -1.1711587894489726
336 344 0.49679505560946891
336 337 -0.4054498393722078
337 401 -0.021018749028071465
337 345 0.78004384180176023
337 338 0.79578238965290904
338 402 -2.241214079383302
338 346 -0.22026632011440556
338 339 -1.1709454195763125
339 403 -0.78162880342190399
339 347 1.1276893247539144
339 340 -0.35428403529462837
340 404 -1.4213901615614966
340 348 -0.18769794017713842
340 341 1.2404241134143494
341 405 -1.3849532945205436
341 349 -0.17366471105452372
341 342 0.93947174302903658
342 406 -0.33865757331514279
342 350 -0.49931565378088
342 343 0.0086517985526127512
343 407 -1.3189094500143108
343 351 2.0655687206141868
336 343 -0.88682489391431152
344 408 -0.87131669043745519
344 352 0.53052240516847604
344 345 0.379221089339768
345 409 -0.58325724170307081
345 353 0.57261948446618116
345 346 0.50429694771815026
346 410 -1.234253742993785
346 354 0.55052043239371884
346 347 0.58022252504362415
347 411 1.3603056019773241
347 355 -1.7900358711162225
347 348 0.66291382999581583
348 412 -2.0259835627046789
348 356 1.3021591539029294
348 349 1.1875185173834348
349 413 -0.55206551338781884
349 357 1.663962791986958
349 350 -0.42881374140745715
350 414 -1.6657420342710989
350 358 -1.3613603047513674
350 351 0.10672785177765727
351 415 0.83484657801959683
351 359 -0.55358725924510332
344 351 -1.7975881918960022
352 416 0.15237353515534263
352 360 1.9597224132661855
352 353 0.40406085863508179
353 417 1.5459350379641619
353 361 1.7916118826502108
353 354 -0.13317961196443504
354 418 -0.30078214843245704
354 362 -0.27338587581442653
354 355 1.5570035422854485
355 419 -0.41952003405730359
355 363 -0.632880721378137
355 356 -0.58917694185929304
356 420 -1.3080300924090824
356 364 2.3191333051771652
356 357 1.0874694509736413
357 421 0.91046183171218076
357 365 -0.60130440517771833
357 358 0.090337389660491346
358 422 0.60827189035765328
358 366 0.92830337261034135
358 359 0.10199512426135389
359 423 1.8907696736208179
359 367 0.45028653547458258
352 359 -1.1572849137217682
360 424 -0.70278494967403859
360 368 0.66163146135025475
360 361 1.0600449676721293
361 425 0.53218690564383031
361 369 0.22554294395357963
361 362 -0.54416425296914617
362 426 0.56584398387960766
362 370 0.16622004926606326
362 363 0.036989191026027053
363 427 2.1568813132352749
363 371 -1.3501080332738842
363 364 2.6203240569554982
364 428 0.20958132208003982
364 372 -1.2402042441847776
364 365 -1.5855663651236616
365 429 -1.2128392083850117
365 373 -1.0409982755784346
365 366 0.87008912817444206
366 430 -0.64736932709285233
366 374 0.49983425242038249
366 367 0.045269946601428732
367 431 -1.8863562569666934
367 375 0.24289503810672042
360 367 1.5725189096622054
368 432 -0.020693803920738316
368 376 0.69116293859606981
368 369 0.36873734269561709
369 433 0.6073408506684288
369 377 -1.7241222425675395
369 370 -0.43938832219166885
370 434 -0.18820868477280342
370 378 0.28818188476762135
370 371 0.20730859904719895
371 435 -1.5038687484976474
371 379 1.5466288148049041
371 372 0.52799731469923894
372 436 -0.08672414934389451
372 380 -0.45546631064197768
372 373 1.0565213725386779
373 437 -0.9190215962341014
373 381 2.5114961104565001
373 374 0.075468478597898334
374 438 -1.011159211625233
374 382 0.030485642346867004
374 375 0.025493096003583689
375 439 -1.3241346358286845
375 383 1.9183172513070754
368 375 -0.14577211898554204
376 440 0.13303766140960402
320 376 0.63136113085832601
376 377 -0.082473824017870581
377 441 0.60296157057509969
321 377 -0.57314486558615518
377 378 0.98024919898059637
378 442 -0.14758043212500396
322 378 0.092824212033447914
378 379 -0.50289575922226704
379 443 0.35957582937782384
323 379 1.1275031854742699
379 380 0.34791621124933425
380 444 -0.18106091863370918
324 380 0.16281897818611127
380 381 -1.0841883419358662
381 445 -1.1729200948650977
325 381 0.13625616624313877
381 382 -0.7072613999510674
382 446 -0.23403917316645459
326 382 -1.5021664907430492
382 383 -0.040247535010651349
383 447 -0.18658088993312502
327 383 0.61848896774969853
376 383 1.8825644342657866
384 448 0.20585682922880483
384 392 0.85021824683804326
384 385 -0.15323720791427164
385 449 -1.6297473989242668
385 393 0.3886397571016813
385 386 0.57851323447137615
386 450 2.0343280574451486
386 394 0.87266780905667896
386 387 0.5816317662690963
387 451 -0.41328591727870356
387 395 0.058593899865939679
387 388 -1.0232277510741479
388 452 0.9116321814084527
388 396 1.4213916755574207
388 389 0.13729078535942474
389 453 -0.5360193088508034
389 397 1.7672509752736816
389 390 -0.51025755708813125
390 454 0.23433081140594481
390 398 0.85553819353520666
390 391 0.66920222113049466
391 455 1.6537065872765053
391 399 -0.42311473804699978
384 391 -0.40202290802092217
392 456 -0.92468021121059862
392 400 -1.0276040957063652
392 393 -0.50564403722262508
393 457 0.4153804222436232
393 401 -0.41220039653830709
393 394 0.094427653742537754
394 458 -0.071167994153642777
394 402 -1.5418942895290269
394 395 0.98924509148044459
395 459 0.81467714731572227
395 403 1.6958237988127567
395 396 0.47858475972595882
396 460 -0.52869991748176715
396 404 1.8665159049298681
396 397 1.7225313379675506
397 461 0.39368136375583912
397 405 -0.42029752588636732
397 398 -0.97069546092454984
398 462 1.0219896433340927
398 406 -2.0467304370460067
398 399 -0.39001284746150316
399 463 -0.74703856947224601
399 407 0.51203468832573207
392 399 0.14827058583317154
400 464 1.2973844434149289
400 408 0.056161006478203518
400 401 -0.68459596025447034
401 465 -1.5137571015462004
401 409 -0.57407641733987813
401 402 -1.3836196901293241
402 466 0.80389089889347964
402 410 1.0754457988903194
402 403 0.089919111636890953
403 467 -0.78155189512600187
403 411 -0.86509982232362403
403 404 0.75936702504666365
404 468 -0.63211877594147414
404 412 -0.32293932419715643
404 405 0.17938726548138442
405 469 -1.42219840289816
405 413 -1.3890836059610623
405 406 -0.53391452635143799
406 470 0.56244404318281371
406 414 1.4988732920241692
406 407 0.29333853367946938
407 471 -0.55785562768138186
407 415 0.22511930074710268
400 407 -0.48031817623188927
408 472 0.14937418061829619
408 416 0.52638019024940386
408 409 0.36311229832667613
409 473 -1.3531042854157247
409 417 0.076780640712023021
409 410 -0.18192363992031976
410 474 1.4645045873812279
410 418 0.47115289762295204
410 411 -0.23016949364800088
411 475 0.51785317978499823
411 419 -0.9891675525452861
411 412 0.020145764940730365
412 476 -0.72852045929738307
412 420 -0.14034220718140153
412 413 0.57997277091729826
413 477 0.30562672389303758
413 421 -0.16949586044126341
413 414 1.2090477886006734
414 478 -1.2792311459648771
414 422 -0.77664969177702237
414 415 -0.91471065805240381
415 479 -0.79927946036536668
415 423 -0.039782740830433379
408 415 -0.77433514882847398
416 480 -0.61131046050943971
416 424 -0.98875644948758568
416 417 0.18350577664238588
417 481 0.076395010401162047
417 425 0.39914762689844552
417 418 0.10940830215361956
418 482 0.70224151642963772
418 426 0.90723801124928316
418 419 0.755736404218316
419 483 -0.29072578695809198
419 427 -2.3551429571171942
419 420 1.6267474079125575
420 484 -0.63746995217555591
420 428 -0.32125484887656452
420 421 -0.71035083808184651
421 485 -0.17054080275254668
421 429 0.68653183939885998
421 422 -1.8277224207905491
422 486 0.7627456313563864
422 430 0.16800219805181407
422 423 0.99298392330105523
423 487 -0.85034592397696729
423 431 0.15618108061813621
416 423 1.9530339896158666
424 488 0.5240396444688753
424 432 -0.14095853944710904
424 425 -1.654581899804191
425 489 0.70610559634137293
425 433 -0.19588229681832986
425 426 0.36491454270491308
426 490 0.9981701615166596
426 434 0.27537092289196519
426 427 -0.95129419146716632
427 491 1.2781456322220723
427 435 -1.7061646485380455
427 428 -1.8886937717368042
428 492 0.37708227341848877
428 436 0.38795729603912599
428 429 -0.35837529554911557
429 493 0.60700507540522641
429 437 0.80628501116904372
429 430 1.1378032223768346
430 494 1.3918533667515376
430 438 0.45692223771779072
430 431 1.1007441457952922
431 495 -0.21634442694842446
431 439 -1.3425840703590708
424 431 0.35337801809492364
432 496 0.61831248865867083
432 440 0.64058653554280887
432 433 0.75175566968477359
433 497 0.39708722420747056
433 441 0.4120798375732917
433 434 0.48642277526016647
434 498 -1.1550527656933858
434 442 -1.2023524262761234
434 435 1.5583267909875855
435 499 0.97095615632463672
435 443 0.88660901313345852
435 436 1.223812570899681
436 500 1.2493117080908824
436 444 -0.45910475435572923
436 437 -0.05080806954975968
437 501 0.24658658975436248
437 445 -1.1332143432528525
437 438 -0.46780525966609376
438 502 0.4953117883937535
438 446 -0.38817728258817924
438 439 0.60706877387990021
439 503 -0.51724183467334095
439 447 -0.59347849392545904
432 439 1.0393859264940997
440 504 2.0005925483342244
384 440 0.23154895110375445
440 441 0.34128118478250413
441 505 -1.0161811956150877
385 441 -1.1795606508502874
441 442 -1.7804940815610055
442 506 0.81304953523485524
386 442 0.87872408105381428
442 443 -0.27861027901175234
443 507 1.5562196053074406
387 443 0.91657715345174262
443 444 1.0364227158832062
444 508 1.2119240614053524
388 444 0.11643822845023152
444 445 -0.36084458122229424
445 509 0.3743778959793268
389 445 -0.053773426239966317
445 446 -0.88664850525495709
446 510 0.25388999260661488
390 446 1.9763636940793479
446 447 -0.45148531124141894
447 511 -1.0201092627336295
391 447 0.64637404062271597
440 447 0.79001375382219152
0 448 -1.2275042634614532
448 456 -0.95006922103521596
448 449 0.31894216629333205
1 449 -0.3986937549354867
449 457 0.11833220431262677
449 450 0.11367193686745723
2 450 -1.5647116225147795
450 458 -0.21084499343611932
450 451 -0.0067692733053333854
3 451 0.49681356363409268
451 459 -0.72990304464124911
451 452 0.9923714705388671
4 452 -0.9751149977167809
452 460 -0.29730445823608836
452 453 -0.16878562371979119
5 453 0.34959386549698201
453 461 -0.10291879132745864
453 454 0.21510032064668916
6 454 2.2898821679896497
454 462 0.18741720607656207
454 455 -0.5753170502855669
7 455 1.775798004126284
455 463 -1.4692268202975791
448 455 -2.3737406360529683
8 456 -0.89496284968002904
456 464 1.3089496264255016
456 457 0.63755573318185954
9 457 -0.57541361606511165
457 465 -0.2661643975546738
457 458 -0.99481102340089589
10 458 0.77275321320244816
458 466 -0.22516927055615349
458 459 0.13653500976942856
11 459 -0.27685747771308811
459 467 -0.26687617286635762
459 460 -0.50789609550638171
12 460 0.57353475127999765
460 468 0.011504894163276616
460 461 2.3764822995581052
13 461 -0.93930711159039859
461 469 -1.0829926422552545
461 462 -3.7694881165235556
14 462 -0.26344309436911434
462 470 -1.024941821003474
462 463 -0.19272475042794726
15 463 -0.83306202385787698
463 471 0.34305960910046179
456 463 2.0014038326169983
16 464 -0.078022547984885809
464 472 -0.60176631049713381
464 465 0.33058184819976894
17 465 2.2246562546308479
465 473 -2.855829136388349
465 466 0.049284724791485962
18 466 0.5624730790823963
466 474 0.24558849567823365
466 467 -0.29125887679522428
19 467 -1.2430795372316483
467 475 1.6935221426119069
467 468 0.21789310039979493
20 468 0.13113232867784819
468 476 1.3913398301974085
468 469 -0.011071191417972904
21 469 -0.13566090837872719
469 477 -0.86995464812740286
469 470 1.4689855053052088
22 470 1.6687591573880687
470 478 0.89825640302518506
470 471 0.94229055067651579
23 471 -1.1730744883519724
471 479 -1.4267782902753039
464 471 -0.071109021222842614
24 472 -0.10195111522613609
472 480 0.60081522818043476
472 473 1.0679347547436624
25 473 0.85769851905010075
473 481 -1.2050352009286345
473 474 0.24288753177590836
26 474 1.0632686679534586
474 482 -0.55132567956934075
474 475 -0.81174930860083327
27 475 -0.60920634818482089
475 483 -0.88969124727726612
475 476 0.44406906661498585
28 476 -1.2330143761580428
476 484 1.0856728142214851
476 477 -0.66720856065690204
29 477 -0.34423414374818284
477 485 -0.15242665211123152
477 478 1.4450340476086165
30 478 0.016407893613078251
478 486 0.74757085740704465
478 479 0.37317295339730927
31 479 2.7122897659626086
479 487 -0.072842723670969473
472 479 0.48501671864919238
32 480 -0.42251615734059333
480 488 0.70246676427175525
480 481 1.1695333078436274
33 481 -0.38010766603671159
481 489 -0.81615675806867072
481 482 -0.23064970537954763
34 482 0.57518651280674371
482 490 -1.5304119385751613
482 483 1.7560841566510517
35 483 -0.68439031437768849
483 491 -0.25044773583492597
483 484 -2.0014309935780159
36 484 -0.052860176582882779
484 492 -0.37580483742644899
484 485 -0.91981557243652734
37 485 1.363968146127664
485 493 0.072210949689160225
485 486 0.20018663517733087
38 486 0.2814958859968737
486 494 -0.04011894011148863
486 487 1.5087329978574326
39 487 0.74726336363034429
487 495 0.73027308245908373
480 487 -0.57386821120504983
40 488 -0.38342575962379755
488 496 1.0514459980862516
488 489 -0.74816325697683783
41 489 -0.90619618580529959
489 497 -1.1537609294116649
489 490 -0.18832189786780179
42 490 -1.1639340486399432
490 498 1.0805524584063584
490 491 -0.059744343992277731
43 491 -0.86701655702854841
491 499 -0.57015823792091824
491 492 0.10729298306474383
44 492 0.29214195314241548
492 500 -1.253611326339287
492 493 -0.57318045449474608
45 493 0.60731002712259463
493 501 0.017531665572059676
493 494 0.22898215190199572
46 494 -1.1336790047301828
494 502 0.083756622210562404
494 495 -0.24535831592396784
47 495 -0.01805207281359688
495 503 1.1593295990970989
488 495 0.017832410847463009
48 496 0.64463620735533644
496 504 -1.5787915769826786
496 497 -0.68323242001643991
49 497 0.12399401685565455
497 505 1.1162031771778649
497 498 1.4825756368357885
50 498 0.60744166194448046
498 506 -1.7687045505369383
498 499 0.50293944254648693
51 499 0.44268412369874721
499 507 -1.4388626910815607
499 500 -0.8752402528406299
52 500 -0.82788779361529063
500 508 -1.8536453361353724
500 501 0.11481753285277486
53 501 1.0797560029475073
501 509 -1.5920251961225507
501 502 0.46360695052923739
54 502 -0.027471881184839165
502 510 -0.85285955625925913
502 503 -0.48236739095673087
55 503 -1.175818464060558
503 511 1.7193010744593205
496 503 0.88728416229739848
56 504 1.0887622950290989
448 504 -0.22070183745796979
504 505 0.46833578869868742
57 505 -0.70189771439802884
449 505 -1.0885290082131072
505 506 -1.032751771146563
58 506 -1.3256331196815083
450 506 0.36495566487766917
506 507 -1.7414166136563376
59 507 -0.16638631816912974
451 507 -0.81458547607187681
507 508 -0.19137361385361859
60 508 -0.46219272025781416
452 508 -0.87303955693954571
508 509 -0.059755324346394668
61 509 0.10618203939132027
453 509 0.97794295599337355
509 510 -1.5186351683482491
62 510 -0.52777619366065076
454 510 -0.75927684389963224
510 511 -0.29889182887632137
63 511 -0.73964113357840988
455 511 0.19729491272733612
504 511 -0.34719118677202365
