# model=ea3d N=1000 meanJ=0 seed=576912797 distribution=gaussian field=0 num_fields=1000 num_couplings=3000
0 0
1 0
2 0
3 0
4 0
5 0
6 0
7 0
8 0
9 0
10 0
11 0
12 0
13 0
14 0
15 0
16 0
17 0
18 0
19 0
20 0
21 0
22 0
23 0
24 0
25 0
26 0
27 0
28 0
29 0
30 0
31 0
32 0
33 0
34 0
35 0
36 0
37 0
38 0
39 0
40 0
41 0
42 0
43 0
44 0
45 0
46 0
47 0
48 0
49 0
50 0
51 0
52 0
53 0
54 0
55 0
56 0
57 0
58 0
59 0
60 0
61 0
62 0
63 0
64 0
65 0
66 0
67 0
68 0
69 0
70 0
71 0
72 0
73 0
74 0
75 0
76 0
77 0
78 0
79 0
80 0
81 0
82 0
83 0
84 0
85 0
86 0
87 0
88 0
89 0
90 0
91 0
92 0
93 0
94 0
95 0
96 0
97 0
98 0
99 0
100 0
101 0
102 0
103 0
104 0
105 0
106 0
107 0
108 0
109 0
110 0
111 0
112 0
113 0
114 0
115 0
116 0
117 0
118 0
119 0
120 0
121 0
122 0
123 0
124 0
125 0
126 0
127 0
128 0
129 0
130 0
131 0
132 0
133 0
134 0
135 0
136 0
137 0
138 0
139 0
140 0
141 0
142 0
143 0
144 0
145 0
146 0
147 0
148 0
149 0
150 0
151 0
152 0
153 0
154 0
155 0
156 0
157 0
158 0
159 0
160 0
161 0
162 0
163 0
164 0
165 0
166 0
167 0
168 0
169 0
170 0
171 0
172 0
173 0
174 0
175 0
176 0
177 0
178 0
179 0
180 0
181 0
182 0
183 0
184 0
185 0
186 0
187 0
188 0
189 0
190 0
191 0
192 0
193 0
194 0
195 0
196 0
197 0
198 0
199 0
200 0
201 0
202 0
203 0
204 0
205 0
206 0
207 0
208 0
209 0
210 0
211 0
212 0
213 0
214 0
215 0
216 0
217 0
218 0
219 0
220 0
221 0
222 0
223 0
224 0
225 0
226 0
227 0
228 0
229 0
230 0
231 0
232 0
233 0
234 0
235 0
236 0
237 0
238 0
239 0
240 0
241 0
242 0
243 0
244 0
245 0
246 0
247 0
248 0
249 0
250 0
251 0
252 0
253 0
254 0
255 0
256 0
257 0
258 0
259 0
260 0
261 0
262 0
263 0
264 0
265 0
266 0
267 0
268 0
269 0
270 0
271 0
272 0
273 0
274 0
275 0
276 0
277 0
278 0
279 0
280 0
281 0
282 0
283 0
284 0
285 0
286 0
287 0
288 0
289 0
290 0
291 0
292 0
293 0
294 0
295 0
296 0
297 0
298 0
299 0
300 0
301 0
302 0
303 0
304 0
305 0
306 0
307 0
308 0
309 0
310 0
311 0
312 0
313 0
314 0
315 0
316 0
317 0
318 0
319 0
320 0
321 0
322 0
323 0
324 0
325 0
326 0
327 0
328 0
329 0
330 0
331 0
332 0
333 0
334 0
335 0
336 0
337 0
338 0
339 0
340 0
341 0
342 0
343 0
344 0
345 0
346 0
347 0
348 0
349 0
350 0
351 0
352 0
353 0
354 0
355 0
356 0
357 0
358 0
359 0
360 0
361 0
362 0
363 0
364 0
365 0
366 0
367 0
368 0
369 0
370 0
371 0
372 0
373 0
374 0
375 0
376 0
377 0
378 0
379 0
380 0
381 0
382 0
383 0
384 0
385 0
386 0
387 0
388 0
389 0
390 0
391 0
392 0
393 0
394 0
395 0
396 0
397 0
398 0
399 0
400 0
401 0
402 0
403 0
404 0
405 0
406 0
407 0
408 0
409 0
410 0
411 0
412 0
413 0
414 0
415 0
416 0
417 0
418 0
419 0
420 0
421 0
422 0
423 0
424 0
425 0
426 0
427 0
428 0
429 0
430 0
431 0
432 0
433 0
434 0
435 0
436 0
437 0
438 0
439 0
440 0
441 0
442 0
443 0
444 0
445 0
446 0
447 0
448 0
449 0
450 0
451 0
452 0
453 0
454 0
455 0
456 0
457 0
458 0
459 0
460 0
461 0
462 0
463 0
464 0
465 0
466 0
467 0
468 0
469 0
470 0
471 0
472 0
473 0
474 0
475 0
476 0
477 0
478 0
479 0
480 0
481 0
482 0
483 0
484 0
485 0
486 0
487 0
488 0
489 0
490 0
491 0
492 0
493 0
494 0
495 0
496 0
497 0
498 0
499 0
500 0
501 0
502 0
503 0
504 0
505 0
506 0
507 0
508 0
509 0
510 0
511 0
512 0
513 0
514 0
515 0
516 0
517 0
518 0
519 0
520 0
521 0
522 0
523 0
524 0
525 0
526 0
527 0
528 0
529 0
530 0
531 0
532 0
533 0
534 0
535 0
536 0
537 0
538 0
539 0
540 0
541 0
542 0
543 0
544 0
545 0
546 0
547 0
548 0
549 0
550 0
551 0
552 0
553 0
554 0
555 0
556 0
557 0
558 0
559 0
560 0
561 0
562 0
563 0
564 0
565 0
566 0
567 0
568 0
569 0
570 0
571 0
572 0
573 0
574 0
575 0
576 0
577 0
578 0
579 0
580 0
581 0
582 0
583 0
584 0
585 0
586 0
587 0
588 0
589 0
590 0
591 0
592 0
593 0
594 0
595 0
596 0
597 0
598 0
599 0
600 0
601 0
602 0
603 0
604 0
605 0
606 0
607 0
608 0
609 0
610 0
611 0
612 0
613 0
614 0
615 0
616 0
617 0
618 0
619 0
620 0
621 0
622 0
623 0
624 0
625 0
626 0
627 0
628 0
629 0
630 0
631 0
632 0
633 0
634 0
635 0
636 0
637 0
638 0
639 0
640 0
641 0
642 0
643 0
644 0
645 0
646 0
647 0
648 0
649 0
650 0
651 0
652 0
653 0
654 0
655 0
656 0
657 0
658 0
659 0
660 0
661 0
662 0
663 0
664 0
665 0
666 0
667 0
668 0
669 0
670 0
671 0
672 0
673 0
674 0
675 0
676 0
677 0
678 0
679 0
680 0
681 0
682 0
683 0
684 0
685 0
686 0
687 0
688 0
689 0
690 0
691 0
692 0
693 0
694 0
695 0
696 0
697 0
698 0
699 0
700 0
701 0
702 0
703 0
704 0
705 0
706 0
707 0
708 0
709 0
710 0
711 0
712 0
713 0
714 0
715 0
716 0
717 0
718 0
719 0
720 0
721 0
722 0
723 0
724 0
725 0
726 0
727 0
728 0
729 0
730 0
731 0
732 0
733 0
734 0
735 0
736 0
737 0
738 0
739 0
740 0
741 0
742 0
743 0
744 0
745 0
746 0
747 0
748 0
749 0
750 0
751 0
752 0
753 0
754 0
755 0
756 0
757 0
758 0
759 0
760 0
761 0
762 0
763 0
764 0
765 0
766 0
767 0
768 0
769 0
770 0
771 0
772 0
773 0
774 0
775 0
776 0
777 0
778 0
779 0
780 0
781 0
782 0
783 0
784 0
785 0
786 0
787 0
788 0
789 0
790 0
791 0
792 0
793 0
794 0
795 0
796 0
797 0
798 0
799 0
800 0
801 0
802 0
803 0
804 0
805 0
806 0
807 0
808 0
809 0
810 0
811 0
812 0
813 0
814 0
815 0
816 0
817 0
818 0
819 0
820 0
821 0
822 0
823 0
824 0
825 0
826 0
827 0
828 0
829 0
830 0
831 0
832 0
833 0
834 0
835 0
836 0
837 0
838 0
839 0
840 0
841 0
842 0
843 0
844 0
845 0
846 0
847 0
848 0
849 0
850 0
851 0
852 0
853 0
854 0
855 0
856 0
857 0
858 0
859 0
860 0
861 0
862 0
863 0
864 0
865 0
866 0
867 0
868 0
869 0
870 0
871 0
872 0
873 0
874 0
875 0
876 0
877 0
878 0
879 0
880 0
881 0
882 0
883 0
884 0
885 0
886 0
887 0
888 0
889 0
890 0
891 0
892 0
893 0
894 0
895 0
896 0
897 0
898 0
899 0
900 0
901 0
902 0
903 0
904 0
905 0
906 0
907 0
908 0
909 0
910 0
911 0
912 0
913 0
914 0
915 0
916 0
917 0
918 0
919 0
920 0
921 0
922 0
923 0
924 0
925 0
926 0
927 0
928 0
929 0
930 0
931 0
932 0
933 0
934 0
935 0
936 0
937 0
938 0
939 0
940 0
941 0
942 0
943 0
944 0
945 0
946 0
947 0
948 0
949 0
950 0
951 0
952 0
953 0
954 0
955 0
956 0
957 0
958 0
959 0
960 0
961 0
962 0
963 0
964 0
965 0
966 0
967 0
968 0
969 0
970 0
971 0
972 0
973 0
974 0
975 0
976 0
977 0
978 0
979 0
980 0
981 0
982 0
983 0
984 0
985 0
986 0
987 0
988 0
989 0
990 0
991 0
992 0
993 0
994 0
995 0
996 0
997 0
998 0
999 0
0 100 1.4798802335597627
0 10 -1.3593968609729778
0 1 -0.188224813576442
1 101 -0.57378620555988036
1 11 -0.30488179240519298
1 2 0.69700264733943795
2 102 1.3818227424313656
2 12 -1.0145068162732389
2 3 -0.76253016454240297
3 103 -0.90846224146887344
3 13 -1.1109021781998321
3 4 -1.136640080038319
4 104 0.19667281962806041
4 14 1.2598946497785406
4 5 0.53779488706834233
5 105 1.3684245205985892
5 15 -0.18527719822545258
5 6 0.12169760695823169
6 106 0.32834117818335729
6 16 1.9891261579062867
6 7 -0.8057185116027954
7 107 1.1622562719289606
7 17 0.52275958335793604
7 8 -0.57628570380711686
8 108 2.1077188666464264
8 18 0.83077218951431786
8 9 0.073165160366623766
9 109 1.2253932881989733
9 19 -1.7518712841351238
0 9 0.026928484949817602
10 110 -0.85147771796193084
10 20 0.31724564154149076
10 11 1.229384504737399
11 111 0.3215670782829913
11 21 0.83257840018934381
11 12 2.1892110124119566
12 112 -1.2388660280811601
12 22 0.080466669755075201
12 13 1.1559852171514147
13 113 -1.129670735379753
13 23 -0.44699849256567942
13 14 0.71027078068519167
14 114 -1.4650410287034328
14 24 -0.92049488413776448
14 15 0.47663863459736794
15 115 -0.89438231122497092
15 25 0.4592284091007765
15 16 -0.94481169568776868
16 116 0.61727658548688791
16 26 0.0068589651085641922
16 17 -0.80159541262305611
17 117 0.66860137616405502
17 27 0.11135027586913708
17 18 -0.96616555358775513
18 118 1.1225803540500721
18 28 -0.5216106933712723
18 19 -0.2539851023178597
19 119 -0.36020950880838737
19 29 -0.27347050850349097
10 19 -0.75372677384154041
20 120 -1.1107634422195254
20 30 -1.0088723826023072
20 21 0.11399192870376412
21 121 -0.21794677045930708
21 31 -0.58873747684737454
21 22 0.62615154701429543
22 122 -1.078023866825377
22 32 -0.5651788459574496
22 23 -0.34715651079710186
23 123 1.3082010853568213
23 33 -1.0809052242578814
23 24 -0.46579559213325827
24 124 2.0531606532977524
24 34 1.1312473088399844
24 25 -1.0527442656267152
25 125 -0.68880808113923231
25 35 1.2451741611379847
25 26 0.99992102198162969
26 126 -1.1729107821398856
26 36 0.46652736514191812
26 27 1.3030043497104173
27 127 2.1845753922765598
27 37 -0.21568206110274746
27 28 -0.0051275336205975778
28 128 -0.62576635338421249
28 38 0.24201156867020321
28 29 1.7729655061698708
29 129 0.99344524368995313
29 39 -0.4080066553724791
20 29 0.75313939348205461
30 130 0.74359618950187001
30 40 1.9872016124104317
30 31 1.7210128420672031
31 131 0.38331803595576486
31 41 -0.92599279477393825
31 32 0.96536245607962401
32 132 0.29182904345343619
32 42 1.2442255718758053
32 33 -0.28019997367068944
33 133 0.23351576875670424
33 43 0.65834545357302665
33 34 0.53044590756093102
34 134 0.19783959151049654
34 44 2.097295481642159
34 35 0.78682597671780374
35 135 -0.078331472221278661
35 45 0.63406684957185966
35 36 0.12892491729126207
36 136 0.27243461806277591
36 46 0.32487496647141839
36 37 -1.8758008134934556
37 137 0.78298820571109073
37 47 1.0916629460147271
37 38 -0.53959597570025686
38 138 -0.078488182045449453
38 48 -1.8482914146707621
38 39 1.7143106113409483
39 139 -0.86722503178206589
39 49 0.84925703726624935
30 39 -0.67146344538711678
40 140 -0.48618567729630624
40 50 0.43675322598002447
40 41 -0.30851286376653647
41 141 -0.4708861248095958
41 51 -1.2534733411375014
41 42 0.068333103588953586
42 142 -0.77891998333235535
42 52 0.50399934427045978
42 43 0.37811225180940994
43 143 1.052071778058068
43 53 1.8772078822938545
43 44 -0.5852049375542745
44 144 -1.7988434276070493
44 54 0.21141193239633252
44 45 0.71331155740334296
45 145 -0.92137386116066555
45 55 0.14910300775468069
45 46 0.0073419525502602173
46 146 0.37877440072684371
46 56 -0.33773588189450054
46 47 -0.31054902107609095
47 147 -0.1098395050498398
47 57 -1.1985508543953964
47 48 1.2519236088989398
48 148 1.4193584906837968
48 58 1.860394551068312
48 49 0.53540157422085854
49 149 -0.96590110095654824
49 59 0.024245000939380135
40 49 -0.085422012949343581
50 150 0.62117145972494647
50 60 0.45146605437815091
50 51 1.3072817310820217
51 151 1.42807096568791
51 61 -0.66020892071787429
51 52 -0.38211915513271344
52 152 -0.7952712699935448
52 62 2.6291084887963487
52 53 -1.3516628019553585
53 153 1.5172359797095025
53 63 -2.0562315094893333
53 54 -0.63551175168266916
54 154 -0.47386621318797295
54 64 -0.54605506249631941
54 55 -0.14767771664766624
55 155 -0.9341948255953002
55 65 0.6932052056477559
55 56 1.9119938374344441
56 156 0.91357675569022567
56 66 -1.403528941244232
56 57 0.57593740640139635
57 157 2.4576655147581548
57 67 0.05202940572160987
57 58 1.8884584834697806
58 158 -0.85455989343156757
58 68 0.3350504216129237
58 59 -0.45869652019421442
59 159 0.32624104692480682
59 69 0.37285454619621322
50 59 0.78936371616547452
60 160 -0.26765657018837952
60 70 0.46837126751730723
60 61 -0.22673704723917057
61 161 -0.81664376247054227
61 71 -0.049565429191488035
61 62 0.47716027825435681
62 162 -0.9651376613264937
62 72 -0.96270180047308229
62 63 -0.80332851541233286
63 163 1.4191506716271582
63 73 0.11635157476343976
63 64 0.23483980577745892
64 164 -0.39858510565066674
64 74 -2.4850641207984623
64 65 -0.59990176009914442
65 165 1.2988341811110873
65 75 -0.93435016891080502
65 66 0.93043620838281849
66 166 -0.27029337033411771
66 76 1.8075595843629775
66 67 -1.2558600096115704
67 167 -0.64844101974175816
67 77 -0.12903902570879358
67 68 -0.3208439204781745
68 168 -0.37254703891623386
68 78 -0.43065254287634053
68 69 0.080580140511894979
69 169 -2.1610167982855413
69 79 -0.51263156738666915
60 69 -0.89264827872125463
70 170 -0.039634591747398903
70 80 0.13344598258189713
70 71 0.98667375642422339
71 171 1.0337726351057979
71 81 -1.5168723095057541
71 72 0.41386813637446634
72 172 -1.2969964678038994
72 82 0.63155422062313493
72 73 -0.16618570485324394
73 173 -0.62801175811582732
73 83 -0.53850482620354045
73 74 -1.0167924313124934
74 174 -0.45785921884457742
74 84 -0.16896025853708938
74 75 -1.0053773602752223
75 175 0.21047254445026642
75 85 -0.2207399054608046
75 76 -0.052278321443787537
76 176 0.72146870010153885
76 86 -2.1330947739499666
76 77 0.62812963081260387
77 177 0.33434265581389999
77 87 -0.38359299884342862
77 78 1.8758876271725295
78 178 2.2291916814293189
78 88 0.50463499183024252
78 79 0.29549315690168354
79 179 0.91370902360555151
79 89 -0.19750237344984919
70 79 -2.1874801584074657
80 180 0.66683904197637489
80 90 -0.35154145548192134
80 81 -1.6484512153415738
81 181 -1.3578268345093121
81 91 -0.54857759837775022
81 82 -0.7833846388122
82 182 0.72723936643844411
82 92 -1.1492709057496442
82 83 -0.19524376690987999
83 183 -0.1278202914278713
83 93 1.315204695365916
83 84 0.50049070507512339
84 184 -0.4232776970445834
84 94 0.20519016437716672
84 85 0.65544588929558512
85 185 -0.35702834725595212
85 95 0.61407630329684204
85 86 -0.10820542446379275
86 186 0.69359436909401073
86 96 0.90252305051153958
86 87 -1.2669546775979188
87 187 0.33970555500938981
87 97 1.2375866611729891
87 88 -0.31036039658913855
88 188 -0.74543001196370484
88 98 3.2126067694150251
88 89 -0.097459681339088555
89 189 -1.7047619503286833
89 99 -1.7482167096836265
80 89 -0.15073139247832562
90 190 1.3569312042066854
0 90 -1.31247407014194
90 91 0.98168387050144645
91 191 -0.17784209935554063
1 91 -0.39758247153064341
91 92 0.93678471782988981
92 192 -0.74771659027356363
2 92 -0.22129066839363098
92 93 1.3684432062981722
93 193 0.15719023798315856
3 93 -0.20128154100011908
93 94 -3.4155911453304051
94 194 1.40243785534399
4 94 1.2730003351689438
94 95 -1.1512414754974027
95 195 0.019964715139186573
5 95 -2.2053294307466365
95 96 -0.16748413477157673
96 196 0.67287941008197372
6 96 -0.24708513541930871
96 97 -1.7272864919180273
97 197 0.33485407633652503
7 97 -0.28113114380077064
97 98 -0.86328670260341756
98 198 0.74804814402829023
8 98 0.41222781862886149
98 99 -0.023883425752720677
99 199 -0.80233219248745713
9 99 -2.1786682659054297
90 99 -0.61907384324346104
100 200 -1.0414040563522911
100 110 1.612285951967902
100 101 -0.96696339934509057
101 201 0.62833005622742755
101 111 -0.19874647181212129
101 102 0.59454841150526672
102 202 0.81576218831495606
102 112 1.4063386179720954
102 103 -0.37957063319061357
103 203 -0.96773583212953584
103 113 -1.3148777843427701
103 104 0.17414930037637943
104 204 0.5243817682000268
104 114 0.81614983434756427
104 105 -0.073900895349633997
105 205 -0.27103678546786619
105 115 0.31299072120178167
105 106 -1.2686922907534537
106 206 -1.6320758560009987
106 116 -0.43870643579259794
106 107 3.6033377208877373
107 207 -2.0783116760509155
107 117 -0.41281307216707919
107 108 0.10821222222777213
108 208 0.17413195692183087
108 118 0.72242008105481303
108 109 0.80350397493917325
109 209 0.1167620936881804
109 119 -0.47459535489262683
100 109 -1.3742718471676474
110 210 0.19619452515942715
110 120 0.066748849935350255
110 111 1.186945598741409
111 211 0.33037709760290745
111 121 -0.62046651334811098
111 112 0.8393695374481841
112 212 0.95906370081820091
112 122 -1.0349905890415174
112 113 1.5263648068038744
113 213 0.98790028156838694
113 123 -0.12861284204423426
113 114 1.1280636656404539
114 214 -0.63375958589777526
114 124 1.7252130577992626
114 115 0.23922996701371227
115 215 -1.1324874695877576
115 125 1.1920355601977819
115 116 -1.5230582401624511
116 216 -1.1215547858338513
116 126 -0.71623633491833971
116 117 0.85420454681049918
117 217 -0.99592717729348512
117 127 -1.6925807308124492
117 118 -1.4564039282619237
118 218 2.7102174929356253
118 128 0.055920164526210493
118 119 0.10997310690159208
119 219 -0.059864600283459926
119 129 0.1731982404996773
110 119 -0.84978815817370279
120 220 -0.37160268986237882
120 130 0.53984054430126605
120 121 -0.98329521880703452
121 221 -0.10629018815757676
121 131 -1.2461552082943732
121 122 -0.039083650003739846
122 222 -2.542260640097088
122 132 -0.87324776013403405
122 123 0.70249030546707414
123 223 -0.7483860018766606
123 133 0.31805717276544376
123 124 0.16081155344469703
124 224 2.3771659896392738
124 134 0.82520513122900685
124 125 -0.5595604945474596
125 225 0.61874756540610898
125 135 0.64756206624232238
125 126 1.0470753214001516
126 226 0.41158868312641372
126 136 1.1074596871421676
126 127 0.34946559791879134
127 227 -0.27495618028520508
127 137 -0.30167815573472634
127 128 -0.36494763510052863
128 228 -0.61954911298212123
128 138 0.53606431203012594
128 129 -0.020760967912783042
129 229 1.0982072076130798
129 139 -1.328210110794934
120 129 0.98606986273504849
130 230 -0.88216346132369572
130 140 1.3324098338833299
130 131 1.1540059936751128
131 231 -0.53016115540461173
131 141 0.31798539778365004
131 132 -1.133709706202656
132 232 2.2523528084305053
132 142 0.11974102117631873
132 133 0.37156164235868744
133 233 1.3205146732151702
133 143 0.21145838817755352
133 134 -0.45389744560179074
134 234 -0.82945611843880518
134 144 0.090452491090218426
134 135 0.33114757271439416
135 235 0.71263207484013635
135 145 0.60259892418235583
135 136 0.61872163867997854
136 236 -0.18325049213164737
136 146 -0.81192927245575075
136 137 0.02571853095063277
137 237 -0.52204335833542614
137 147 -0.36728473017122065
137 138 -0.98928449333852075
138 238 0.47020495355623582
138 148 0.59118637778302841
138 139 0.065649255397040723
139 239 -2.829437481359601
139 149 0.72037826400792238
130 139 1.7677192706940001
140 240 0.022757235015180406
140 150 -0.024447551700073789
140 141 0.21372779718316087
141 241 -0.48774916277751723
141 151 0.27916360893534592
141 142 1.7221683418466101
142 242 -0.18134269952798332
142 152 0.3258924200438047
142 143 0.14935705229714011
143 243 0.90447644735882238
143 153 -0.59903862990629153
143 144 -0.54205743490603775
144 244 0.8049167785461625
144 154 0.59425529666991705
144 145 -0.8233933906513089
145 245 0.77761325054436581
145 155 -0.30042201942219193
145 146 1.0932441731491447
146 246 0.15599405044874995
146 156 1.0843356814468941
146 147 -0.78306931993083895
147 247 0.15109745317235862
147 157 -0.3899380404221377
147 148 1.3620003392094822
148 248 0.93533351826713051
148 158 0.099499267058450275
148 149 0.24164955255874376
149 249 -0.11998587409419083
149 159 -0.79955962960961868
140 149 -0.37549035190808633
150 250 0.53563138915993891
150 160 0.26715632024118474
150 151 -2.2339215048887242
151 251 -0.26327939344815826
151 161 -0.059887708744325363
151 152 -0.32759668210488202
152 252 -0.6859405786410756
152 162 1.3953561896698536
152 153 0.66777396797165267
153 253 -0.41020970815861046
153 163 -0.052038325974888014
153 154 0.80770464554725552
154 254 -1.3205237963412817
154 164 -1.0918510853038319
154 155 -0.57235694645693358
155 255 -0.3899609320104554
155 165 -1.3838519664653819
155 156 0.90461985470663675
156 256 -0.61903011176512956
156 166 0.7208840158865536
156 157 -0.62547006273185513
157 257 -0.28367680378051746
157 167 0.49778073716749638
157 158 -0.10304530317041342
158 258 1.2717194661668936
158 168 0.84938389675477732
158 159 0.19755887849410314
159 259 1.2138852377187004
159 169 0.86153010134038355
150 159 0.59102155103840026
160 260 1.6804239075912093
160 170 0.19056903184997739
160 161 -2.2628285511276309
161 261 0.11535907574223843
161 171 -1.4364941283148132
161 162 -0.12958343855527746
162 262 0.79591018264696334
162 172 -2.0625128850559844
162 163 -0.43306938264518302
163 263 1.5915241567778309
163 173 -1.1462806512574961
163 164 0.74393916429355122
164 264 0.47658750142552936
164 174 0.34219621581722492
164 165 -0.15019620247196386
165 265 -1.7034584426514678
165 175 1.009076681562562
165 166 0.80407848255193426
166 266 -1.5023414391641767
166 176 -0.50451976394813858
166 167 -0.32718866572557037
167 267 -0.25752086398360524
167 177 -0.40078161730943557
167 168 0.20241250145026668
168 268 -0.15350452945749776
168 178 -0.51129587873531523
168 169 0.149948873175552
169 269 -0.6574035154023935
169 179 0.25408319646669575
160 169 -0.12486395726025526
170 270 1.0378492368591041
170 180 0.39764029639204707
170 171 0.66200702324992611
171 271 0.22621998572228483
171 181 0.88577874499921128
171 172 -1.7194914050202483
172 272 -0.29319016405833126
172 182 -0.55925487742429369
172 173 -0.91186731585249292
173 273 -0.21077216623507067
173 183 -1.4276594652651751
173 174 2.3517623435249897
174 274 -0.57868317239532263
174 184 0.58091006550863256
174 175 -0.095109050497132655
175 275 0.39332723136430198
175 185 -1.1863167600637559
175 176 -0.813159146273011
176 276 -1.2354529821796145
176 186 -0.79631300338861544
176 177 0.373844308846153
177 277 -1.7683670909293716
177 187 0.113707744861476
177 178 -0.7399847887852915
178 278 -0.66421226586071613
178 188 1.236616893526935
178 179 -1.3346254267222022
179 279 0.85879941697169759
179 189 -1.0139149470831237
170 179 -1.9233597629160597
180 280 -0.46536496792293713
180 190 -0.36576741144950242
180 181 -1.5506840243631701
181 281 0.19283918996191576
181 191 1.3512491813414864
181 182 1.6873695637706041
182 282 -0.69421575791919776
182 192 1.0594091962266214
182 183 0.46339280162984908
183 283 0.87451061720152679
183 193 1.2715224837302994
183 184 -0.58768460918096455
184 284 -0.48861411357264783
184 194 -1.4477783575158041
184 185 2.0166300604689593
185 285 0.55893837143793945
185 195 -1.1560779421883898
185 186 -0.66171567846116142
186 286 1.3553143587586065
186 196 -0.07339689614527059
186 187 -0.4208201690565247
187 287 -0.18359079347829624
187 197 -1.4136727602256518
187 188 2.5027275357445888
188 288 -1.2745746228272841
188 198 -0.047328084925469985
188 189 -0.24044313531622846
189 289 -1.2668441039375993
189 199 -0.43352648865249338
180 189 0.32529833427916144
190 290 1.0834445802268344
100 190 -1.4470877485456344
190 191 0.71760188067692743
191 291 -1.8765543031854186
101 191 1.0236405049888238
191 192 -1.0302636723327137
192 292 1.0362519635493928
102 192 -1.518852059203126
192 193 -1.8822000716751968
193 293 0.66799458917580268
103 193 -0.75749443271118044
193 194 -0.8704970155122983
194 294 -1.8486461973530051
104 194 -2.0766132783027667
194 195 1.0790557043635374
195 295 -1.3873246936398451
105 195 -1.2975265427009968
195 196 0.60607805790503821
196 296 -0.03361869821239187
106 196 0.76477299976597313
196 197 0.43410186147626367
197 297 -0.015661250313911138
107 197 2.1752518697069956
197 198 0.50944965758882566
198 298 0.61840542090906114
108 198 2.2865214078549698
198 199 0.27233577602963815
199 299 -0.51055701873841108
109 199 1.3901696677085367
190 199 0.016688125383518805
200 300 0.088184513051603075
200 210 0.46013540070783093
200 201 1.1734793986703866
201 301 -0.57087448060942458
201 211 -0.95249537566395392
201 202 -1.0133118206414011
202 302 -0.4579260544267385
202 212 -0.52523440031889623
202 203 0.25260253089537366
203 303 1.0736843081685021
203 213 -0.39227118561805663
203 204 -1.1602674746247177
204 304 0.0056350542183748343
204 214 -0.16770730921657079
204 205 0.9948976181437853
205 305 1.2711459750201406
205 215 1.0839658353882671
205 206 0.21962943182937031
206 306 1.3867509150604886
206 216 1.1924037702708319
206 207 -0.60452935342240155
207 307 -0.38750047522697012
207 217 -1.4168650122574045
207 208 0.53242149503275926
208 308 -1.0612929369330115
208 218 -0.33327795528138504
208 209 0.55017650002483443
209 309 1.1959993930792412
209 219 0.3125168400756228
200 209 1.094607429573426
210 310 0.42925969273842379
210 220 -0.0956435470779992
210 211 0.26561963942750372
211 311 0.46345228832987651
211 221 -1.804656473072652
211 212 1.1067648298808852
212 312 1.1066284831962288
212 222 -2.1032532187812438
212 213 1.2032612395541058
213 313 0.50444084837630798
213 223 0.29865428213557249
213 214 -0.56808235007868801
214 314 -1.2968456963028943
214 224 1.7576204496134453
214 215 -0.37038030687646101
215 315 -1.0743257657956691
215 225 -2.1118892450219064
215 216 -1.1161647031002586
216 316 -1.2258825379963487
216 226 0.54567198883964796
216 217 1.0383918988000913
217 317 -0.59663496061369115
217 227 0.52674469417197167
217 218 -0.25876305939465649
218 318 -0.37461173557024585
218 228 1.1287151522527832
218 219 1.7031591313469712
219 319 1.8491189650291415
219 229 0.48628299628534499
210 219 -0.54015633353536907
220 320 1.0852396245259244
220 230 -2.2625762202148603
220 221 -0.089371803954206658
221 321 1.3305744661315386
221 231 1.4480024904069193
221 222 -0.57578396806930043
222 322 -0.11032991846485317
222 232 0.90401709093354476
222 223 0.24604419099452457
223 323 0.16700821977006422
223 233 1.55231369151525
223 224 -0.34538541416225843
224 324 0.94853893533412914
224 234 -1.0441925707205164
224 225 -2.7544743765388766
225 325 -1.7727188805861511
225 235 0.51776838902979871
225 226 -1.35034088451802
226 326 1.1405040474282309
226 236 0.22197615019963515
226 227 1.6055439007146368
227 327 0.084218574886864503
227 237 -0.21005864542954264
227 228 0.78013494700483121
228 328 -1.5247907555574469
228 238 -0.93380468665832661
228 229 3.3645784177948426
229 329 -0.62645422591358035
229 239 0.99645491082475712
220 229 -0.36598906199132197
230 330 -0.41329727036066466
230 240 1.8149019489715856
230 231 -2.6293991735551789
231 331 -0.14175282962236285
231 241 -0.5224701592471741
231 232 -2.1932993388006614
232 332 0.53939203957864057
232 242 1.6842335361245311
232 233 1.6836362068061035
233 333 0.68772218594918633
233 243 1.2108109860013538
233 234 1.2724956844562332
234 334 -0.61490976337617442
234 244 -0.65503022975398462
234 235 1.6667378042410801
235 335 0.072506241894509868
235 245 0.81061573743232351
235 236 -0.94753790422731776
236 336 2.3166278679469099
236 246 1.0141216055656277
236 237 -1.8449789426563976
237 337 -0.90145720052601119
237 247 0.42586407634632845
237 238 0.50821414855074687
238 338 -0.85001803663055486
238 248 -0.24930096455201131
238 239 2.3908562040462225
239 339 0.14347690869061716
239 249 -0.38273055077618739
230 239 1.1452032812485697
240 340 -0.37812879446116876
240 250 0.57893277403492427
240 241 -0.44349999085887082
241 341 2.7818163715146715
241 251 -2.7073144727330773
241 242 -0.33411592801881995
242 342 -1.7893331315045069
242 252 0.64397313487045282
242 243 0.10160518969582695
243 343 -1.2032370326670647
243 253 -0.75113869991938242
243 244 -0.607340405215955
244 344 -2.0390614747612368
244 254 0.19890899536659637
244 245 -1.0410312248779128
245 345 -0.20474943857114791
245 255 -0.43223858109958435
245 246 1.4694663895256304
246 346 0.48211810566997232
246 256 -0.85115802305536858
246 247 1.1471708133440379
247 347 0.82653961550198496
247 257 0.30799809525057453
247 248 0.52743099624337875
248 348 -1.6646877427187434
248 258 0.87753065992097168
248 249 -0.54345366315597787
249 349 -0.54197104381461325
249 259 -0.16444382195434692
240 249 0.10841788672828274
250 350 -0.00084631354769128177
250 260 0.44595362255332177
250 251 -0.069646390585229478
251 351 1.7674067801968811
251 261 0.97152532491757526
251 252 1.4678306637177942
252 352 0.50417989520091466
252 262 0.23455548081080035
252 253 0.89613409198685678
253 353 0.85316116288727517
253 263 0.32229831872170206
253 254 -0.90095052627468886
254 354 -0.17404660344736417
254 264 0.72914390369319959
254 255 -0.60559067145921441
255 355 -1.6336686063958576
255 265 0.84808460680166542
255 256 -1.2907164119095196
256 356 -0.12216888591126589
256 266 -1.4495647770157098
256 257 0.56580513109023967
257 357 0.95221649460778224
257 267 -1.2413577511724847
257 258 -1.1234748438998075
258 358 -0.47836021601640316
258 268 1.991625002319338
258 259 -0.91507099831242111
259 359 0.29728859946156994
259 269 -1.1243305237586954
250 259 1.5497324355488085
260 360 -0.31469990073964177
260 270 -1.3469381514155188
260 261 0.2250293079351931
261 361 1.5247801432358679
261 271 0.42156096826141637
261 262 -0.55671105590036518
262 362 -0.42589777483413788
262 272 -0.55345519347886496
262 263 -0.59408444231671576
263 363 0.45126812845673359
263 273 -0.59475701275672177
263 264 -1.5318663976471714
264 364 0.74563191059451717
264 274 -1.2736627415628115
264 265 -0.71860009107739686
265 365 0.28444928540396019
265 275 -1.1501643660756173
265 266 1.7499055205926692
266 366 0.17431977901310303
266 276 -0.89921525286210935
266 267 0.067374169555518088
267 367 0.16714782285040317
267 277 -1.0120265534636443
267 268 1.0172453767508125
268 368 -0.095145399225082888
268 278 0.47762931523138846
268 269 2.2898663938083037
269 369 -0.38881575295855492
269 279 0.92493597575747144
260 269 0.83168806512303028
270 370 1.0153751280329073
270 280 0.88232358153317358
270 271 -1.1510886490006957
271 371 2.7220387770304284
271 281 -1.9796748712387544
271 272 -0.72645250177529208
272 372 -1.4190363089828779
272 282 -1.5355956550790242
272 273 -1.3404663713202412
273 373 0.42684565517843492
273 283 1.8481308528024316
273 274 1.1901158726959395
274 374 -0.089596651885078912
274 284 -0.25007999780358298
274 275 -0.16869860648124957
275 375 0.32443444836208218
275 285 0.18448253199896289
275 276 1.042787803992524
276 376 1.0966342967629727
276 286 2.0503288110040718
276 277 0.2586986027960882
277 377 0.051976580924476122
277 287 0.23399959023060532
277 278 -0.16401489144342185
278 378 -0.66121403205387963
278 288 0.64622454464696899
278 279 -1.2359130275617138
279 379 1.0720382767337706
279 289 -0.6749192236974666
270 279 -0.85343876317552692
280 380 0.2976479199535304
280 290 -0.16665302421759218
280 281 -0.23840302002012234
281 381 0.57647702717663818
281 291 -0.43331025465178269
281 282 2.3023836678015157
282 382 -0.96959851157513954
282 292 0.46263686162981893
282 283 1.232201580133456
283 383 0.64401466747877834
283 293 0.5618225683161826
283 284 -0.79254900364785963
284 384 -0.35148306426699905
284 294 0.070607889942010324
284 285 0.092978343240110825
285 385 -0.48318649253672946
285 295 0.39008818006088397
285 286 0.34086334544910235
286 386 0.19739634082020865
286 296 0.66667321764365284
286 287 -0.092164349820156047
287 387 -0.61953435341584817
287 297 -0.41000996561468189
287 288 0.45862859316857713
288 388 0.29574401099296188
288 298 0.036003768425404356
288 289 -0.33509315288023916
289 389 2.7226461463312397
289 299 -1.2404858522263484
280 289 -0.28544385479536216
290 390 0.19817478872496089
200 290 -1.2419836212309772
290 291 -0.78020663247996347
291 391 0.61380050254084484
201 291 -0.088214597751489834
291 292 -1.7531746201485983
292 392 0.21555043512249783
202 292 0.08801381646182406
292 293 -0.79993960308241274
293 393 -0.29021885324614005
203 293 0.88138038284995879
293 294 -1.8245698361458518
294 394 1.0233887884846511
204 294 -0.79273272894954694
294 295 0.13061213407363159
295 395 -1.1708285010365616
205 295 -2.8292596762901847
295 296 -0.18509505579553576
296 396 1.3924044683456527
206 296 0.39292774465566288
296 297 1.7408264663202853
297 397 -1.1267097104255432
207 297 -0.033031650486196315
297 298 0.21320286653553192
298 398 0.65222206600422006
208 298 -0.77218058576228243
298 299 0.038786098355676563
299 399 -1.0802614940143664
209 299 -0.70813807978694177
290 299 1.2155551821726165
300 400 1.5136056675622875
300 310 0.14121549412087439
300 301 -0.37100254733144949
301 401 -0.99945896640073362
301 311 0.72395773710208655
301 302 0.79491472392839324
302 402 2.1931442104806687
302 312 -1.5058854782015361
302 303 -0.98995229725067091
303 403 0.20683031514139336
303 313 -0.56466591063236171
303 304 0.45103569585177417
304 404 -2.1524436882010711
304 314 -0.02556287851052904
304 305 -0.46490393660116375
305 405 -0.13883647472179014
305 315 -1.6745201567810533
305 306 -0.22178416027049369
306 406 -0.18243603829042124
306 316 -0.76486418218610341
306 307 1.1161323840091182
307 407 -0.12920895994059273
307 317 -0.1321096441906327
307 308 0.28904739220608994
308 408 0.86421963096304311
308 318 1.0499330555754431
308 309 0.92034289992418727
309 409 1.4366142570131419
309 319 1.7799209179407474
300 309 -0.24452428247014418
310 410 0.6643901644715039
310 320 0.31421331471041447
310 311 0.37496110300222979
311 411 2.2058191784879937
311 321 -0.64691878784173051
311 312 0.1556091901773636
312 412 0.37181787961668256
312 322 1.1337456932149756
312 313 -1.3426090599159397
313 413 -1.3765835560756943
313 323 -0.037893469204158911
313 314 1.5054339750631645
314 414 -0.36351822625318575
314 324 -0.25116331507499473
314 315 -0.3550310529436303
315 415 -0.44015365037306109
315 325 -2.1079123017594941
315 316 -0.35976470861105608
316 416 0.75600218192766167
316 326 -3.144350209934196
316 317 0.10701847539933083
317 417 0.015358480217586578
317 327 -0.56703232001623427
317 318 1.813749432970305
318 418 1.3269655067753274
318 328 -0.71584674803149417
318 319 -1.0374442498892213
319 419 0.35687178710058604
319 329 -0.35440028060869028
310 319 1.0083651136898855
320 420 -0.95891842370508207
320 330 -0.97708137118694671
320 321 0.31609613554798349
321 421 0.58009375561082821
321 331 1.1061918515582798
321 322 -1.1982398766426938
322 422 0.41928737635401542
322 332 1.6123838035363636
322 323 1.0271204846902184
323 423 -0.19277751812643909
323 333 0.90938272899267103
323 324 0.55184626425655081
324 424 -2.0084447135559014
324 334 0.79580291531901115
324 325 1.0453947202292426
325 425 -2.0973505665786281
325 335 0.21271231332403157
325 326 0.47114575457362007
326 426 -0.87292381135388475
326 336 -0.12181362043993023
326 327 0.71955438352659284
327 427 1.1429195083209742
327 337 -0.85579418783052286
327 328 -1.2232609009546329
328 428 -0.2380714699068158
328 338 0.61143287564514048
328 329 -0.12567065498015434
329 429 -1.3165343067971371
329 339 -0.32958636599849328
320 329 0.54726683710894308
330 430 1.14618583361773
330 340 1.0145653297268482
330 331 0.20909417778488426
331 431 1.7409903558241213
331 341 -0.49570689483756902
331 332 -0.92665994153005726
332 432 -0.67146258937595982
332 342 1.127360718429657
332 333 -0.037827836332328668
333 433 -0.57835145005180533
333 343 0.14683472823661309
333 334 0.13430221575669127
334 434 0.42383506101986662
334 344 1.7629816115522308
334 335 -0.9250664516890309
335 435 -0.45340684877909304
335 345 0.99365475178584206
335 336 -0.041069768727079049
336 436 0.39762349770044225
336 346 0.18159567426902781
336 337 1.2133391253647605
337 437 -0.10688654032668242
337 347 0.036077456639294403
337 338 -1.7444815286595445
338 438 -0.8676146672031757
338 348 -0.70007009580954871
338 339 -1.5932629182186619
339 439 -0.48501591627657015
339 349 1.0074051270966908
330 339 -0.44498066148544446
340 440 -0.62362414014370049
340 350 -0.35053917487108233
340 341 0.36105649319182204
341 441 -1.0026604801660144
341 351 0.33247970432409907
341 342 -0.69234225561916707
342 442 -1.1536328893196326
342 352 0.96883527325193186
342 343 -0.51185801893309257
343 443 -0.65449236087032847
343 353 -0.29271283089706174
343 344 -0.55238638528175588
344 444 -2.0858713170716316
344 354 -0.8236912615355072
344 345 0.48725328320389977
345 445 -0.70769221886618139
345 355 0.53853555088584393
345 346 -1.221929481218752
346 446 0.76735300893261704
346 356 -0.97833676040540063
346 347 -1.6425557897256984
347 447 0.47672780551093946
347 357 -1.2222891719329056
347 348 -0.29368966185051804
348 448 -0.2672571439260657
348 358 0.26443131536048753
348 349 0.45055937977633964
349 449 1.2272947034886184
349 359 0.26313947726063641
340 349 -1.6889723536532464
350 450 -1.8567279499826621
350 360 0.49685578983372619
350 351 -0.54614547624193799
351 451 -1.7890355639722892
351 361 -1.4430283509420547
351 352 0.15958595542949994
352 452 0.074423658689979549
352 362 1.1989041082840637
352 353 0.98216973834671828
353 453 -0.98487683791662706
353 363 0.192521429256586
353 354 -0.20459029289997069
354 454 0.56453376568270808
354 364 1.0244911090668896
354 355 -0.73027319718147643
355 455 -0.27534737088963196
355 365 -1.8692274566603373
355 356 0.035999313141319988
356 456 -1.7652526647560944
356 366 0.79925786337559068
356 357 0.64324606447200672
357 457 -0.33949098005155226
357 367 -0.17169083412062466
357 358 -2.6003485321368345
358 458 -0.12290990799843191
358 368 0.40105272458090463
358 359 -0.13535162374402712
359 459 -0.65067145329294596
359 369 -0.50922668769265522
350 359 1.7523798579728176
360 460 0.5238781200342536
360 370 -0.24508361531008865
360 361 0.41965753924034643
361 461 0.41513204450373553
361 371 0.3705267466145748
361 362 1.5003299197865243
362 462 1.0805736770420027
362 372 0.75462440652908092
362 363 0.60766013260979213
363 463 -1.4269269534200621
363 373 1.560293943624272
363 364 0.31443319691489929
364 464 -1.9103687367855049
364 374 -1.7126458619931857
364 365 -0.55743483748444289
365 465 -1.2506982878190982
365 375 0.36572818424215631
365 366 0.26615407914765149
366 466 1.3278306101409265
366 376 -0.96649997425654666
366 367 0.43190599303764499
367 467 0.46583021002404412
367 377 1.3274921195889375
367 368 -0.16140586445868477
368 468 -0.74983452985104149
368 378 -2.6586883061117739
368 369 -1.033205818580555
369 469 0.19206595270195936
369 379 -1.5796149648494515
360 369 -1.2584533126674506
370 470 -1.0208329118202668
370 380 -0.8467495031258685
370 371 1.0158166183284369
371 471 1.7853316904298484
371 381 -1.0719706144346726
371 372 0.82847755402802836
372 472 0.67032546254010672
372 382 -0.046466317605805989
372 373 0.83247313049253602
373 473 0.23841835873397371
373 383 -0.27895896595908504
373 374 -0.69747866585903284
374 474 -0.95531396762307119
374 384 -0.035692815110387403
374 375 1.230741177022656
375 475 1.1818151871185751
375 385 -1.0896852607859941
375 376 -0.75381395496068337
376 476 -0.28156994327979001
376 386 -0.88145655374996057
376 377 0.32216503471755303
377 477 0.91120519052410154
377 387 0.4784926801863193
377 378 1.0017641714578336
378 478 0.50934951075767942
378 388 0.11488223621086541
378 379 0.44395606843496921
379 479 1.7044196837835754
379 389 -0.52699950585365651
370 379 0.27280962979300549
380 480 -0.59567502963665331
380 390 -1.7056626321168478
380 381 -0.24294094109516393
381 481 -2.0037301517210708
381 391 0.96456026397549932
381 382 -0.95126327086596973
382 482 1.3120714660734809
382 392 -0.39015992536341931
382 383 1.0449561441853441
383 483 -2.2805028802494527
383 393 1.3910176629971305
383 384 -0.80414267856797939
384 484 -0.7840710926824993
384 394 0.15185620389411453
384 385 0.89278089730510135
385 485 0.013873558330682038
385 395 -1.2148941871861965
385 386 1.1340329233223483
386 486 -0.43927423029039636
386 396 0.074541310257063675
386 387 -0.49081882436624369
387 487 -0.25861309985093328
387 397 0.46152123004571127
387 388 -0.12319799712664377
388 488 1.0396151078761593
388 398 -1.0537803730642255
388 389 -0.29517301913385308
389 489 -0.52862373794644779
389 399 1.9328245945875027
380 389 -0.98021921439161774
390 490 0.035752808576213144
300 390 -0.033328061966767124
390 391 -0.76783926900420496
391 491 1.5548112115015402
301 391 0.020454307256700048
391 392 -0.71760354505868462
392 492 1.1642594383476554
302 392 0.1810971070348921
392 393 0.90602309084514543
393 493 -0.74249955116727517
303 393 -0.824115115476032
393 394 0.49900150108637958
394 494 -0.96027893907429596
304 394 -0.53368882748355984
394 395 0.45011157320631207
395 495 0.44328799434524185
305 395 -1.4015046384871641
395 396 0.45584199989753937
396 496 -0.051649991777001608
306 396 -0.69678038798210307
396 397 1.0068452380559791
397 497 -0.0017066554712497741
307 397 0.3578954396173093
397 398 1.2195074824815491
398 498 0.21407121312558539
308 398 0.75595146707145555
398 399 -0.28881410736735097
399 499 -0.28287000483821512
309 399 0.26817627308109887
390 399 1.2212512786167178
400 500 -1.7097360365009344
400 410 1.2208163202212978
400 401 -0.58546580085011557
401 501 1.1931963499538185
401 411 1.3241300714697508
401 402 -0.80820888316718897
402 502 -0.48852137382547678
402 412 -0.96684635458314894
402 403 0.51816164910016249
403 503 1.4502209035749174
403 413 -1.5122381529787341
403 404 1.7279168848813637
404 504 -0.0021977059534592871
404 414 -0.25738898837301716
404 405 0.059941060503076543
405 505 0.1217108558463889
405 415 0.84811922842292387
405 406 -0.3870705444726989
406 506 0.061450950464863402
406 416 0.03422823734769008
406 407 -1.0089374061162728
407 507 -0.58798534741512987
407 417 1.0707769341809925
407 408 0.0075248997585237809
408 508 0.98101683016148733
408 418 -1.649603291536833
408 409 1.5140443216871229
409 509 -0.14154783402161752
409 419 0.48075391530999534
400 409 2.3491434006234271
410 510 1.5357440577197097
410 420 2.4947875708200931
410 411 0.82241258369694714
411 511 0.50040243457205735
411 421 1.5073339361950722
411 412 0.72694122115120119
412 512 0.37708548150344334
412 422 -1.1795540498551758
412 413 -0.33464880709709455
413 513 -0.59930382886051947
413 423 -1.1219495796757741
413 414 1.2236899222647233
414 514 1.0393838684022223
414 424 -1.5700526110257531
414 415 -1.951011703296629
415 515 -0.92311468739890645
415 425 -0.87589636941516025
415 416 0.22053586746281342
416 516 -1.2338849750646077
416 426 -0.47114678459307996
416 417 -1.5829679086914636
417 517 1.6079642619320427
417 427 0.13446535763280823
417 418 1.0705701695673382
418 518 -0.38797602052765845
418 428 -0.032648339105328418
418 419 0.27216753577328151
419 519 0.14521078166012757
419 429 1.2899298834565236
410 419 -0.89586915969909331
420 520 0.18786178047069516
420 430 -1.6610492942641051
420 421 -1.3573238522236784
421 521 0.73283606654250366
421 431 -0.54997579490694415
421 422 -0.3698182145028
422 522 -1.6027623340411272
422 432 0.44729774664262395
422 423 0.47200680497188546
423 523 1.4990953160721907
423 433 1.8165945003991959
423 424 0.50378650983165696
424 524 -0.15443377112437651
424 434 -0.30119506913235738
424 425 -1.3098289553038192
425 525 -1.1967810709687636
425 435 0.32867129569064135
425 426 -0.43710723924373091
426 526 0.84373465726271091
426 436 -0.59175914604399893
426 427 -1.0382244695243841
427 527 -0.067438411488853239
427 437 -0.047357293796509402
427 428 0.35694100644977683
428 528 -0.53464159081423357
428 438 0.57996177648767988
428 429 -1.1533232518500107
429 529 1.3975887133979146
429 439 -0.16215197773692705
420 429 -0.85166065346334485
430 530 0.20485653515135924
430 440 -1.3262684360716344
430 431 1.1883855170672686
431 531 -0.1562615934817263
431 441 1.9533138840786768
431 432 0.015331903544482385
432 532 -0.64186740984193646
432 442 -0.30830740981259042
432 433 -0.90050029186631297
433 533 0.40914540985911413
433 443 -2.2175721925346865
433 434 1.225574948955247
434 534 -0.92458997983541913
434 444 1.082018604868783
434 435 0.18585899856785826
435 535 0.01970088112857777
435 445 0.22764493446063735
435 436 -0.025603906594478976
436 536 -1.0793689726818254
436 446 1.0308712374213966
436 437 0.99445616181096019
437 537 1.4731001234186574
437 447 1.6794029132546859
437 438 -1.0623032395429963
438 538 0.82665763193467323
438 448 -0.16211049197460012
438 439 1.6212201469998164
439 539 -0.53643874771121369
439 449 -2.0550888316051319
430 439 -0.22503915378277853
440 540 -0.22955809048172424
440 450 -0.40872252101696083
440 441 0.45664205376914341
441 541 -0.041013671145803184
441 451 -0.50267028462089403
441 442 1.8726078303686089
442 542 -0.57269707334472453
442 452 -0.21492798825054929
442 443 0.03763164966404834
443 543 0.53711195130022005
443 453 1.0498731134508725
443 444 -0.89558007976949294
444 544 -0.33741026005963037
444 454 1.0756474806819638
444 445 -0.77303370872233967
445 545 0.12479386577409961
445 455 -0.06477948228418591
445 446 -0.92388091471322675
446 546 2.7735421687922992
446 456 0.094923130632892497
446 447 0.15703077792168565
447 547 0.056701697816058001
447 457 0.50191819124826953
447 448 -0.99941667614088048
448 548 -0.67395648334210856
448 458 0.66964337103630789
448 449 -1.5429031535833553
449 549 -0.37674950239527916
449 459 2.2544784310633372
440 449 -1.1106369267085299
450 550 0.82812473533190045
450 460 0.0014574128065032183
450 451 -0.80522952374073342
451 551 0.2243321927951705
451 461 -1.0900555602629713
451 452 -0.53039431932890446
452 552 0.75944255070065025
452 462 -1.9354702326803164
452 453 -1.2593209221786676
453 553 0.27658628686916525
453 463 -0.41421585607972816
453 454 0.74837984196666263
454 554 -1.1166999021061024
454 464 -0.3141662782086117
454 455 0.74646993892604818
455 555 -0.61024343920821755
455 465 0.27839101365597024
455 456 -0.79330523134107056
456 556 0.72653211439294618
456 466 -0.59498076900741914
456 457 0.51536099304404803
457 557 -2.208218143683141
457 467 1.5482143472984351
457 458 -0.077216676105883966
458 558 -0.049873134899002955
458 468 0.098997424680731999
458 459 -1.048727911659445
459 559 -0.60653148612917995
459 469 -0.14598124253196007
450 459 -0.13404960819490949
460 560 1.2587861696777585
460 470 -1.6181365742496567
460 461 -0.73036059889747929
461 561 0.58511506998974872
461 471 -1.254994693229224
461 462 -0.19084473411226474
462 562 0.1352625553089904
462 472 0.78856553774539073
462 463 -0.51874431087778006
463 563 -0.36845569387554977
463 473 1.0551906760711482
463 464 0.41149103866291026
464 564 -0.057953792367786236
464 474 0.45285146843508056
464 465 -0.621135681951278
465 565 -0.31019209582124169
465 475 0.95761565733719778
465 466 -0.16659549861986955
466 566 -1.0725370750575676
466 476 1.6448143190094391
466 467 -0.22181746499356286
467 567 0.32954663289256558
467 477 -1.067211046377653
467 468 -0.22042439044385723
468 568 1.3368462339300735
468 478 0.65942424433567781
468 469 -1.3798187579617951
469 569 0.097815753687997914
469 479 1.3049825360408118
460 469 -0.22767997045234681
470 570 1.2152358005478794
470 480 -1.6359304308860321
470 471 -0.1630001167371149
471 571 -0.26441461811895117
471 481 0.28670416233784585
471 472 0.8879818213400541
472 572 -0.74011542644304085
472 482 0.70178599207983805
472 473 -1.2295398557402994
473 573 -1.5915447331156907
473 483 -1.0404735649784436
473 474 0.13993502950405021
474 574 0.26925281394324008
474 484 -0.84279162046561162
474 475 -0.85338400887552313
475 575 0.10629940613314244
475 485 0.29361597168472181
475 476 -0.43092773934952316
476 576 -0.4741482657840691
476 486 -0.58459805913808272
476 477 -0.58737896465371731
477 577 -0.24208651021553235
477 487 -0.072866880231226241
477 478 0.093325000767275429
478 578 1.384619268440193
478 488 -1.8081509072076298
478 479 0.5778026776487668
479 579 1.115555592613485
479 489 -0.40551465900929262
470 479 -1.6040667247881171
480 580 -2.3920121776577239
480 490 -1.5823759691032051
480 481 0.92532554957752322
481 581 0.27099584380231534
481 491 1.1222874296344785
481 482 -0.92686114749319315
482 582 0.58284956448049796
482 492 -1.442366960080341
482 483 -0.38512982495624815
483 583 -0.88097177780128444
483 493 0.18261164282757847
483 484 2.3127750880546811
484 584 -0.97117321554397684
484 494 -0.71647140400895237
484 485 -0.46735269864678836
485 585 0.62028287936130677
485 495 0.62483299022903993
485 486 2.0043368440892286
486 586 -2.1467148348652478
486 496 1.1004848646816012
486 487 3.0107309491557173
487 587 -0.27305569451251716
487 497 -0.020148452934699985
487 488 -0.60169987732546004
488 588 0.93812239141422959
488 498 2.2294224602601798
488 489 1.7178960583347986
489 589 -0.88358356568514829
489 499 -0.22227162640894615
480 489 1.4312132249610841
490 590 -1.4002440559072995
400 490 1.3919424919715742
490 491 -0.85582097754989195
491 591 0.81104088571526622
401 491 -0.30049766672859318
491 492 0.070463973510377781
492 592 1.0592317331303263
402 492 1.1051342492184761
492 493 0.029852791842176096
493 593 0.82010741586680636
403 493 -0.39435473502627383
493 494 1.2615909292035528
494 594 0.17427717982454696
404 494 0.41753800127424723
494 495 1.0470060021473133
495 595 0.79853034221086772
405 495 -1.643216663350938
495 496 -0.59695242920159874
496 596 -0.55569596966170332
406 496 0.033646843778163578
496 497 0.88781830881152535
497 597 -1.0954190561922865
407 497 0.11099786563580562
497 498 -1.3496737095820521
498 598 -1.9649749735064179
408 498 -0.99588070121276551
498 499 0.52358433833947748
499 599 -1.4508186961561211
409 499 -1.5508715314394996
490 499 1.0508693428755556
500 600 -0.90554624879060164
500 510 -0.33835949430844248
500 501 0.24978157297906992
501 601 0.44486179606104009
501 511 1.8641650674143782
501 502 0.5210627101518146
502 602 -1.113756309430538
502 512 -0.31000664457125754
502 503 -2.0077340252098614
503 603 -0.28802249561414128
503 513 -1.1632308896114441
503 504 0.10297522050883079
504 604 -0.00054862411355790857
504 514 0.93570326982640351
504 505 -0.4735370536340594
505 605 -0.4078700522760817
505 515 1.9615725483543478
505 506 -0.90181957988310912
506 606 0.97950989697930901
506 516 2.1946833888102679
506 507 -0.73678726258071059
507 607 -0.86072077000034308
507 517 0.48835965846820373
507 508 1.0504101847234313
508 608 -0.52821207356373334
508 518 -0.5403066768205127
508 509 -0.3458655510690804
509 609 0.19432124125697242
509 519 -0.19669499744402683
500 509 -0.23148377711763596
510 610 0.37706300171655915
510 520 -1.0289004031537781
510 511 -1.2386977701436137
511 611 0.087711139937169919
511 521 1.4523523424678286
511 512 -0.44445168053263795
512 612 -0.92657752602696741
512 522 0.59144415682764762
512 513 -0.17743108826274057
513 613 1.7325487530960679
513 523 0.66195054242635698
513 514 0.072077528309012165
514 614 1.0895507442849592
514 524 -1.776487568900097
514 515 -0.97669694189477241
515 615 0.0046508428028544137
515 525 0.91279513149273317
515 516 -0.44491821013904181
516 616 -1.8772029066097606
516 526 -0.20715962388666867
516 517 -0.70534220010401194
517 617 -0.81019559915415729
517 527 -0.74546258866461024
517 518 -0.65202010868634774
518 618 -0.74336899353668062
518 528 0.66947975399415482
518 519 -1.1500759702931662
519 619 -0.51977712194461001
519 529 0.80636911318068272
510 519 -0.034752640936201111
520 620 0.98638919468573183
520 530 -0.54238970618299576
520 521 -1.9032207631100815
521 621 0.38028471523845842
521 531 -0.050672882369538978
521 522 -1.2361496533555323
522 622 -0.73894996657829759
522 532 -1.3916937655420358
522 523 -0.11902156280210614
523 623 1.2413111775907464
523 533 -0.32576355941388957
523 524 0.62453994734310569
524 624 -1.0648225394436761
524 534 0.069566586439886335
524 525 1.2550680689793436
525 625 0.40704827623018552
525 535 -0.55248181852441403
525 526 -1.601444037529187
526 626 -0.70619394313799333
526 536 0.44350737953189656
526 527 -1.111728730873667
527 627 0.14138244739280359
527 537 -2.6368280082511411
527 528 0.21165387363386159
528 628 0.24828154944847736
528 538 0.012262523639233603
528 529 1.1797071699574404
529 629 0.39096477965504101
529 539 0.0472240985676693
520 529 2.4236447998393462
530 630 0.68059680066056061
530 540 0.83005073581876865
530 531 0.96157709670753433
531 631 0.48380436404172528
531 541 0.33311250437274181
531 532 0.029984070485660284
532 632 -2.0435823364517915
532 542 -0.56641336207919923
532 533 -0.27414059135103186
533 633 0.73579145554262126
533 543 0.13296772873546139
533 534 -0.1118237521890711
534 634 -1.146710338136709
534 544 -0.017331325404795837
534 535 1.0645901310050032
535 635 -1.6836232921418568
535 545 -0.90133185304832353
535 536 -1.2781552932624487
536 636 0.93781797813581735
536 546 0.68404530525949714
536 537 -1.3086379387462519
537 637 0.16755143048460999
537 547 -0.63130008511398217
537 538 -0.30345765896388793
538 638 1.0864681997741799
538 548 0.4880286575971241
538 539 -0.054855323326291401
539 639 -0.31925284262549797
539 549 -0.35638269555346497
530 539 0.98911653070925176
540 640 0.37876289320250417
540 550 0.12636609518681938
540 541 -1.2985886352931115
541 641 1.8924488887902231
541 551 -1.5605309366642164
541 542 -0.35655153572061704
542 642 -1.1121902395305339
542 552 0.7460884683945731
542 543 -1.3442807145079516
543 643 -0.44846654368371563
543 553 -0.8868110692593727
543 544 -1.5510310863802643
544 644 -0.52353200688299928
544 554 -0.29602623315617349
544 545 -0.2361637855654177
545 645 -0.72346303250930966
545 555 0.8747604281325112
545 546 -0.70572167572815381
546 646 -1.2679174388401415
546 556 1.8764885720739397
546 547 -1.6839592453699006
547 647 -0.42992286187372963
547 557 0.59754934291656869
547 548 0.60215192676704288
548 648 0.68480573954068769
548 558 -2.0367978628254679
548 549 0.37153829928615795
549 649 -0.19789636207161296
549 559 -1.2787122669808006
540 549 0.14711420745270443
550 650 -1.3789038300506855
550 560 0.79769157374465427
550 551 0.30381627783735171
551 651 0.27205921630958513
551 561 0.11217242508774602
551 552 -0.65725265599682492
552 652 -0.25448802324280356
552 562 1.1351409418933356
552 553 -0.74366625700267797
553 653 0.84736952526857801
553 563 -1.4730592402708633
553 554 0.55341064581811494
554 654 0.83763880861669615
554 564 -0.13453733988103034
554 555 -0.67530006370809603
555 655 -0.87811683650741712
555 565 1.7398380203836743
555 556 -0.4347075776340299
556 656 0.91590195490870252
556 566 -0.043399563672244373
556 557 -0.36994009766093999
557 657 0.41515953985231441
557 567 0.8348929120679891
557 558 -0.45184450654093655
558 658 0.46032563071929034
558 568 -0.54008337346085156
558 559 0.70137460133832852
559 659 0.80984431211142005
559 569 -0.0094313265400153279
550 559 1.2953759445122686
560 660 -0.083049454129409575
560 570 0.013471231389143305
560 561 -0.25516987534613045
561 661 0.7292337450131291
561 571 2.0457215610419879
561 562 -0.42835201595429295
562 662 -0.056271772030192922
562 572 -1.6140360740369131
562 563 -1.3979464620316702
563 663 0.72727309302797494
563 573 -2.1035545624903529
563 564 0.13118788586552724
564 664 -1.5232380236835137
564 574 0.12916078415850771
564 565 -0.83626764695147981
565 665 0.58233766420198496
565 575 -0.105522265181018
565 566 0.61089873157927277
566 666 0.65151907228181072
566 576 -1.2061721583059442
566 567 0.46312244033199235
567 667 -2.3599546976582886
567 577 -1.4364719523320337
567 568 -0.10386300807471786
568 668 -0.28502963739300663
568 578 -0.67943471596969551
568 569 -0.15076500781307653
569 669 -0.44071915677735679
569 579 -0.11978260820631259
560 569 0.67640309689063971
570 670 -0.76376743792225443
570 580 -0.88899200766006425
570 571 -1.6678823288805129
571 671 0.38226171697698502
571 581 0.12631381766541733
571 572 -0.01677793586136845
572 672 -0.041839109811428042
572 582 -0.7479387300092043
572 573 0.66445648012854663
573 673 0.54348885251017931
573 583 0.57316560381865034
573 574 1.6796637984087015
574 674 0.21388914143733051
574 584 -1.1678397526336477
574 575 0.53337344565573797
575 675 0.3727109403659582
575 585 -0.11675167640593588
575 576 -0.34687390143337121
576 676 -1.4745003632803975
576 586 0.03345676546274625
576 577 -0.75094434197138948
577 677 0.66213340502896967
577 587 0.85152095798115623
577 578 -1.976515160292621
578 678 0.57612262772634681
578 588 0.24982883426598609
578 579 1.4825832261955578
579 679 -1.2327091470933489
579 589 0.25766468090871236
570 579 0.56281336865546761
580 680 0.55535920590590548
580 590 1.6418773480454005
580 581 -0.11072921853152219
581 681 -0.55961355515288791
581 591 1.153277308181168
581 582 0.24668508896006036
582 682 -0.2294345804904209
582 592 -1.241790364614026
582 583 -0.24466979322758781
583 683 0.026002032281442492
583 593 -0.36510077047712536
583 584 -0.85228473767873447
584 684 -0.50330346781798363
584 594 -0.679093164779902
584 585 2.1440346740214742
585 685 -0.46073801211341237
585 595 -0.21190209298086105
585 586 -0.1169577126127701
586 686 -1.0627771251125098
586 596 0.25431802582257446
586 587 -1.3379128198763757
587 687 -1.3872729251561065
587 597 -0.62895595603388454
587 588 -1.4159488458396312
588 688 -0.35999239713490927
588 598 -0.037001047546451532
588 589 1.305375860203503
589 689 1.5364510040012371
589 599 0.20561586198243648
580 589 0.27348863697041081
590 690 -1.5166785373828187
500 590 0.65775174052830754
590 591 -0.91825047522200898
591 691 -0.95496568828598682
501 591 -1.0336091294664647
591 592 -1.4696577787973994
592 692 -0.291919481730883
502 592 -0.84902798039286664
592 593 0.36529817399920961
593 693 1.3279449836888162
503 593 -0.97987182558448938
593 594 -0.56044228454748313
594 694 -0.80096801602739043
504 594 -0.25285038131530341
594 595 -1.9406637784057321
595 695 0.90872060471975413
505 595 0.13239180380243679
595 596 0.71750583914973232
596 696 0.25059093052838893
506 596 0.9457337000363637
596 597 -0.11271509711554982
597 697 -0.9061586265404179
507 597 -0.34733775453707083
597 598 1.1753235453444868
598 698 -0.33606155583355518
508 598 0.78112201821983596
598 599 0.77691210563188307
599 699 -0.70216547290262188
509 599 0.058728447721315954
590 599 0.51580245258811008
600 700 -0.43644858498360983
600 610 -0.46923359755743604
600 601 -0.10578721154791253
601 701 0.66054795191992222
601 611 0.88508412525602342
601 602 -1.1172296562046644
602 702 1.9409144991255936
602 612 0.24878124102390453
602 603 -2.0838218263855586
603 703 -0.55364465243947902
603 613 0.68312356767449223
603 604 1.3956638933831578
604 704 1.5431146964064208
604 614 -0.7184633247535791
604 605 1.6073444276307547
605 705 0.98185855780211617
605 615 -0.78300617506256753
605 606 -0.78917235672872743
606 706 -1.6209686094020916
606 616 -0.21746779663053181
606 607 2.1075770043815822
607 707 1.267792974818174
607 617 -0.10804650335289075
607 608 0.12621069625438086
608 708 0.8253142987039731
608 618 0.74980969500385863
608 609 0.064932777997773194
609 709 0.33386295338648431
609 619 0.53825022954358348
600 609 0.65581441226284876
610 710 -0.70869341288512888
610 620 1.2850931238121823
610 611 0.17577991950362359
611 711 2.0049855500713019
611 621 1.0698440594456098
611 612 -0.19886742249649494
612 712 0.70138762750079875
612 622 0.55440885758276115
612 613 0.094862576672785276
613 713 -0.14917858767700179
613 623 1.5769810075203916
613 614 0.97214299711320251
614 714 0.25099626175574713
614 624 -0.43298591521599794
614 615 -0.12649698235686035
615 715 1.7846018897994649
615 625 -0.75098579717540859
615 616 -1.3875850449290357
616 716 0.11130284653503815
616 626 -0.015708611670581126
616 617 1.5828919898507035
617 717 -0.363306256972109
617 627 -1.0178659820345475
617 618 0.11307371025857302
618 718 0.38828728675182955
618 628 -1.6276525567252629
618 619 -0.96090853153096123
619 719 0.5980546156294444
619 629 -0.17014777627283348
610 619 -0.53055563967120134
620 720 1.4521073240930658
620 630 1.8821970291378018
620 621 -0.24323138142650907
621 721 1.2819699502343918
621 631 0.24197487164696035
621 622 1.4307138809288804
622 722 1.2928731219137632
622 632 1.1955242132809754
622 623 -0.16711802923094368
623 723 -0.093798999128967248
623 633 0.63545794466685257
623 624 -0.79034425767625949
624 724 -0.11825174352206663
624 634 -1.1447834100087118
624 625 -0.28156638880947116
625 725 0.9950996018680982
625 635 0.99414777142550848
625 626 1.5203976331710418
626 726 0.60541987091970439
626 636 0.86958719704942156
626 627 1.6009727163834286
627 727 1.0470156300652016
627 637 -0.34423816165238208
627 628 -0.55089602432091911
628 728 0.75832116838995844
628 638 0.49258777446226776
628 629 0.50078482479902198
629 729 -0.80738091445906446
629 639 0.49425904919470226
620 629 1.5575409879325137
630 730 -1.7648816659521165
630 640 0.634670814346601
630 631 -0.90237481048626544
631 731 -1.8120542075101789
631 641 1.9830843675084884
631 632 0.41880685463306422
632 732 -1.2619087813528005
632 642 -0.49205991029149854
632 633 -0.49998490360221898
633 733 1.0250664579990851
633 643 2.0698464902411771
633 634 0.94638809628021325
634 734 -0.17199495395084807
634 644 1.3321205376523562
634 635 -0.38378955577940338
635 735 0.15446906304058061
635 645 1.3315334117224067
635 636 -0.12180526608646983
636 736 1.0456856435840931
636 646 0.16060818113854575
636 637 -0.98894599463867983
637 737 -0.68642940773728445
637 647 0.084278652794778558
637 638 1.0647871031408238
638 738 -0.20222975582345926
638 648 -0.4626803343902034
638 639 0.90564851960882331
639 739 0.015579530518501878
639 649 1.3831441576530459
630 639 -0.43521935615681251
640 740 -0.58920590916911364
640 650 1.1915330503706689
640 641 -1.3746542638828767
641 741 1.3145434057644712
641 651 -1.4622561222578181
641 642 0.23279856316288117
642 742 0.67268712235960626
642 652 -0.92275496459845174
642 643 0.18685191391751241
643 743 -0.90227583037047598
643 653 1.1131978918640724
643 644 0.4866128379259152
644 744 -1.1982329389614459
644 654 1.2799758954995639
644 645 -0.70274056946660246
645 745 0.040979671063475998
645 655 -0.6981350446263439
645 646 -0.66212637272791908
646 746 -0.2518874894138371
646 656 -0.85362322490496323
646 647 1.2435162698014446
647 747 0.46626935930029401
647 657 0.071406251313650471
647 648 -0.99154495260897213
648 748 -0.55064530644211052
648 658 -0.43401581327520805
648 649 0.51922385099605894
649 749 0.70291001744692261
649 659 0.45429065570595989
640 649 -0.80162601101128816
650 750 0.69251665507775984
650 660 -0.87965578363295982
650 651 0.31976687445643276
651 751 -0.81039224488452444
651 661 -1.8478683802196447
651 652 -0.46127967718987439
652 752 1.0822365789295176
652 662 1.0901415093724585
652 653 -0.35153105879258428
653 753 1.4132848431156413
653 663 -0.023214725679057278
653 654 0.12150520074081546
654 754 0.63146164202165989
654 664 0.48951539132480604
654 655 1.1572499358485195
655 755 0.93204307882165416
655 665 0.13666995921422301
655 656 -0.82433674676082547
656 756 1.500496054244093
656 666 0.19473919647157986
656 657 1.090620461261516
657 757 -0.44376693186182919
657 667 -0.86576575864171612
657 658 1.8280259516889712
658 758 0.33393698414679035
658 668 0.54960843664974279
658 659 1.8473345244899877
659 759 0.12391170964695154
659 669 -0.76155338752249602
650 659 -0.87264708572461025
660 760 -0.52371728201012557
660 670 -1.3936440581265408
660 661 -0.54564010291484932
661 761 1.162001947519798
661 671 1.452788019090703
661 662 0.17618019688521047
662 762 -0.97863559235675457
662 672 -0.18148133854124518
662 663 0.14762417262187646
663 763 -0.019794391460613875
663 673 -0.72105231654551427
663 664 1.0816986698243991
664 764 -0.64279471640582009
664 674 -0.78772122695032587
664 665 0.89364659345148567
665 765 -1.1034237189185727
665 675 1.1789310857098763
665 666 -1.111786313279169
666 766 0.44873933429352036
666 676 -2.1253629564850742
666 667 -1.8588262941118872
667 767 -0.89874715827069929
667 677 0.36515835584365225
667 668 -0.25620121322555134
668 768 0.78085289199513019
668 678 -0.22920741374965029
668 669 0.64510699902874435
669 769 0.54003813446705651
669 679 0.27795539901297084
660 669 0.013196946433653435
670 770 0.52281246153451011
670 680 -1.5564795604477921
670 671 1.234925332958158
671 771 -0.05250946618911273
671 681 -0.63741087836120369
671 672 -0.1802004300368433
672 772 -0.47264427196359599
672 682 -1.2894544018821581
672 673 -1.0843281732791805
673 773 -0.050488836093379223
673 683 -0.46924988433201686
673 674 -1.5678990210372536
674 774 0.94761352147122602
674 684 2.1261147930786275
674 675 1.031505410466417
675 775 -0.46657426177977801
675 685 0.3958373342503762
675 676 -0.074750049349101802
676 776 -1.2357422737179171
676 686 -0.33391313466489075
676 677 -1.2313500039254153
677 777 1.4748731662441352
677 687 -0.15708402175871877
677 678 1.4566719416895635
678 778 0.79080207878842279
678 688 0.74209811260960856
678 679 -0.12131086376569024
679 779 0.81830183747612983
679 689 0.34540573725303281
670 679 -0.39498254539922911
680 780 -1.0461893790705699
680 690 -0.14758904594546973
680 681 0.35161907108720214
681 781 1.0452783433028681
681 691 -0.3848114535225981
681 682 1.3238077288429893
682 782 0.55940133595733665
682 692 0.9543888105855487
682 683 -0.94612764461697629
683 783 -1.2983255074020008
683 693 0.34283662046408186
683 684 -1.9218635165220119
684 784 1.558627174164539
684 694 0.36447799082074062
684 685 -0.8651069529665274
685 785 0.27534356016890577
685 695 -0.77198527283609042
685 686 1.314898882533635
686 786 0.38262276681793383
686 696 0.92434389263643846
686 687 0.26166874163470238
687 787 -1.1693660990403192
687 697 -0.48111493826620927
687 688 1.5776118275438893
688 788 0.61678593074533428
688 698 0.62110932352632975
688 689 1.1624966140497932
689 789 -0.099516344653327315
689 699 0.90641606609015235
680 689 -0.41415706172037431
690 790 -1.2622735818530291
600 690 2.1398815776918374
690 691 -1.0555546647999776
691 791 -1.395473662085039
601 691 0.48893788398075244
691 692 0.18685338449334415
692 792 1.0198147008090921
602 692 1.6259637473035726
692 693 0.96965962180218457
693 793 0.67508836030473174
603 693 0.75380718612581687
693 694 1.6649746265657546
694 794 0.61740852953659442
604 694 0.97454510683582585
694 695 -2.0166375530900931
695 795 -0.15881512980261495
605 695 -0.7274546436123196
695 696 -0.38169564911101361
696 796 -0.89781960336399325
606 696 0.68388366319558214
696 697 0.8877968792660853
697 797 0.13659755185708738
607 697 -0.29843284034104567
697 698 1.4914154531881989
698 798 0.87541133521317849
608 698 -1.1351840864081355
698 699 0.32843915714255151
699 799 0.066672453600221254
609 699 0.66011004968060794
690 699 -1.2079347758265455
700 800 0.67689336494679109
700 710 1.0196494425060374
700 701 0.09740906619095667
701 801 1.4034073038435908
701 711 -1.0182159084758367
701 702 0.20452298625489354
702 802 -2.585851426741014
702 712 1.7678317005514967
702 703 -1.0023684043090644
703 803 0.19430671980966097
703 713 0.2053574221189349
703 704 1.0811594439218433
704 804 -0.81361966139162534
704 714 -0.1871693809826126
704 705 1.0398658394382683
705 805 0.16550613430862499
705 715 1.2571041903029117
705 706 -0.044736321906547152
706 806 -0.85820293773316492
706 716 1.2439003536973097
706 707 -0.063168743070489169
707 807 -0.53569990723505412
707 717 0.88060460811494423
707 708 -0.45274320045534261
708 808 0.77481577337757468
708 718 1.103957833396856
708 709 0.049206877377733493
709 809 -0.6974033526161717
709 719 0.53102025968699884
700 709 0.29285010976436998
710 810 -0.49680817398606714
710 720 0.39738835041567122
710 711 0.86670885853815127
711 811 0.024460595562646376
711 721 -1.3043548028670777
711 712 0.18532970669829929
712 812 1.3027020831524043
712 722 0.4914660201147677
712 713 -0.92028109997023144
713 813 -0.21355608491711797
713 723 0.38081181338262055
713 714 -0.45482191918625792
714 814 0.2177277828447069
714 724 -0.75509162299428956
714 715 -0.49272315945239525
715 815 -0.64075766892497665
715 725 0.02448249439796862
715 716 -0.79615275704935751
716 816 0.30709124271158683
716 726 -0.055029213521372675
716 717 -0.75440039333401077
717 817 0.018833330157419753
717 727 -0.14806968802798934
717 718 -1.1996278251887011
718 818 -1.238019365790805
718 728 -0.42863919380439996
718 719 -0.42840366789776396
719 819 -1.7099277922355651
719 729 -0.23830511200196028
710 719 -0.86055750429829836
720 820 0.71367913462053356
720 730 -0.18932269109340433
720 721 0.0052609195683690491
721 821 2.1433092837419503
721 731 1.1420247939218047
721 722 -0.47616525582106517
722 822 2.0909083004862721
722 732 -1.0675191092467928
722 723 0.18934642297175464
723 823 -0.45642128319421732
723 733 1.4768897486245269
723 724 0.096966350577590427
724 824 -1.3787492400227619
724 734 -0.049507042155572313
724 725 -0.45076945943029217
725 825 -0.76546055482527131
725 735 -0.36510304202796084
725 726 0.50790332632319679
726 826 -1.0937847559251102
726 736 -2.2225705796433082
726 727 -0.12646159508116492
727 827 1.2551954398151235
727 737 2.0037194162896412
727 728 -0.55172871087005093
728 828 0.62370426365279319
728 738 0.54098632861168705
728 729 0.97806580461128556
729 829 -1.0181641767969034
729 739 0.81128702872256764
720 729 -0.34620317270784051
730 830 0.54613397369493089
730 740 -0.68664414395281392
730 731 -1.6696563619541371
731 831 0.64310883770349903
731 741 -1.0508374678547761
731 732 -1.0121383782270559
732 832 -0.39222570007293517
732 742 0.52011288058395466
732 733 -0.73104952338144003
733 833 1.0349191708444134
733 743 1.554177757474499
733 734 0.76864487240688972
734 834 0.2894209209870805
734 744 0.43671064232298479
734 735 -0.12062234663562575
735 835 0.13890211200459168
735 745 -0.051209154866350276
735 736 -2.2203771918757935
736 836 0.1369485223912407
736 746 0.084803622974905582
736 737 0.14306404361093289
737 837 -0.0068674202671449684
737 747 0.66365704612371512
737 738 -0.30187713447782216
738 838 0.81683346883537378
738 748 0.77362299976666538
738 739 -1.1994886226285049
739 839 -1.2768236122364072
739 749 0.72888725071399618
730 739 -0.27497215570767508
740 840 -0.10782827116833578
740 750 0.32031381678264587
740 741 0.44486439703528635
741 841 1.3579569704453338
741 751 0.49666046527358931
741 742 -0.10858549225640295
742 842 0.5225655905440828
742 752 -0.28429050352846974
742 743 -1.1199128050836791
743 843 0.6557895886299776
743 753 0.32224400774472733
743 744 1.1796046498978545
744 844 -0.33650613725775591
744 754 0.12806217810336476
744 745 0.0019481807644648839
745 845 -0.74570868668708457
745 755 -1.5340878638035342
745 746 -2.4857493319146839
746 846 1.403518858888787
746 756 1.4037411335610193
746 747 0.35146235055188874
747 847 1.3083393024495997
747 757 0.49458064835358923
747 748 0.34241334044951288
748 848 -1.1453461277705634
748 758 0.88029138342853652
748 749 -0.61281264488077836
749 849 -0.53613897019915635
749 759 1.2494982545231008
740 749 0.38694828831338585
750 850 -3.3159482987534243
750 760 -0.084255800757658206
750 751 -1.043916489262378
751 851 0.091075128487814141
751 761 -0.20937661515736594
751 752 -0.99849623312989422
752 852 -0.99995742965042689
752 762 -0.16786331662859685
752 753 1.8681110896780564
753 853 1.3161752213228515
753 763 -0.54268462299555043
753 754 -0.16583569635767365
754 854 1.0171294867564837
754 764 0.41498597758206079
754 755 0.83829892618668589
755 855 -2.4548128599699517
755 765 1.0866171262294184
755 756 -0.42248395774868075
756 856 -0.14104525066763784
756 766 1.3476188914762011
756 757 1.2401546829417935
757 857 3.3921296013697018
757 767 -1.1595721632832381
757 758 1.4179110252086613
758 858 0.20633613191709801
758 768 -0.86694144697830433
758 759 -0.82661244697977665
759 859 -1.9378108288724769
759 769 1.3736010505302789
750 759 -0.79510862088277079
760 860 1.1380255752161512
760 770 -0.21612747681464967
760 761 -1.4928478798707272
761 861 -2.6100182085674883
761 771 1.0821522081467403
761 762 0.29215931953323637
762 862 -0.091735262858200106
762 772 1.960693258856963
762 763 -1.6539393594401879
763 863 -0.23402772434860433
763 773 -0.51113383867745277
763 764 -0.9416389658924248
764 864 -1.7294449517833648
764 774 0.27789767237543078
764 765 -1.0188068443133256
765 865 -1.7181847379495823
765 775 0.62315862664611776
765 766 0.28926534629181677
766 866 -1.5799276232079769
766 776 -0.7216279948314045
766 767 0.73785205003124499
767 867 -1.7706726363793981
767 777 -0.1782451724291749
767 768 -0.61173714781229871
768 868 -0.10337173827785469
768 778 -1.0733666129123007
768 769 0.29275232527875106
769 869 0.64504207260343005
769 779 0.54948425203752993
760 769 0.69390922449782577
770 870 -1.4267455879633468
770 780 -0.096203142171644648
770 771 1.1651064960125164
771 871 0.42652782836609321
771 781 -1.5930124226160212
771 772 -1.0228550638689253
772 872 -1.1994773622535058
772 782 -1.566502327708388
772 773 1.0615664686988671
773 873 1.960102376439657
773 783 1.0154527986943491
773 774 1.3279731533768007
774 874 -1.3445993625009744
774 784 -0.39919509583707458
774 775 -0.50083346946385876
775 875 -0.31686179021387745
775 785 1.0057650641502955
775 776 1.6338345043149107
776 876 0.0075218459432660105
776 786 0.62892631165438828
776 777 -0.11291985781033828
777 877 -1.6933788581989166
777 787 0.033912762195060064
777 778 -1.7313646297558358
778 878 0.7314807390771525
778 788 -0.96487775449073432
778 779 0.75558280199995864
779 879 0.96403006809078318
779 789 -1.0857571626834426
770 779 1.7215666836009282
780 880 1.5814696469380618
780 790 0.26614557461017857
780 781 -0.38879611999778868
781 881 -2.5582813066606853
781 791 1.6784486443173807
781 782 -0.13541607824482269
782 882 -0.31505786417339948
782 792 0.94134980252211919
782 783 1.1525016007709197
783 883 -2.8413256634315447
783 793 -0.71658240353609159
783 784 -0.2979389837438825
784 884 -0.57384045933848316
784 794 0.54137277668034622
784 785 -0.31538378685966778
785 885 0.42995899589696102
785 795 -0.39439776225258483
785 786 -0.16433918257819197
786 886 1.1985200179825597
786 796 0.052668890834962241
786 787 1.6728617455754022
787 887 -0.55883910413933136
787 797 0.11921499062786241
787 788 0.62116607911936905
788 888 -0.58797012884941557
788 798 -1.6318733219867245
788 789 0.77767224062531815
789 889 -0.32989579463361385
789 799 -0.29256965176821603
780 789 0.83985869240404887
790 890 -1.6507028548982132
700 790 1.2659543964091384
790 791 0.33919427278519715
791 891 0.87406933826093147
701 791 -0.49141840739082354
791 792 0.52678024609873486
792 892 -1.046364715302553
702 792 -0.34597654633659686
792 793 0.33397174491087001
793 893 1.0329355868719101
703 793 2.8155519478212874
793 794 0.036233007706600241
794 894 0.38828287973856718
704 794 -2.0251004810773092
794 795 0.38738575368914524
795 895 1.6387920345690308
705 795 0.44381984938702923
795 796 1.0318578263618965
796 896 -0.38365769675219963
706 796 0.32924549960804411
796 797 1.0623813080939863
797 897 0.33445444106138839
707 797 -0.097048285933538564
797 798 -0.079662574531963348
798 898 0.35431541143718875
708 798 0.55266400401075111
798 799 0.63847482405546274
799 899 0.592768085910367
709 799 -0.25848553042130634
790 799 1.1793516606827976
800 900 -1.064418710359567
800 810 0.89154821043247934
800 801 -0.42321077312316679
801 901 -0.74179797550615312
801 811 -0.67788480820675878
801 802 -0.08678095820517813
802 902 0.98424271507049221
802 812 -1.532822546911307
802 803 0.62063103351558968
803 903 -1.5988447580826759
803 813 0.93119511769705043
803 804 0.311832119656407
804 904 1.5651065879263713
804 814 -0.52446354159126263
804 805 -1.9241202511363795
805 905 0.22077732510347178
805 815 -0.37896415844436293
805 806 -1.3096048544913015
806 906 1.7261672522784077
806 816 -0.19021054118720213
806 807 -1.9321884021388074
807 907 -0.15084952392869716
807 817 0.81449761699294165
807 808 0.24799344090476824
808 908 -2.1416474508325263
808 818 0.41695477239685669
808 809 -1.3493921956301489
809 909 0.79704172785595795
809 819 0.80263392621292673
800 809 0.26198546115761406
810 910 -0.25146796956508782
810 820 -0.47294931933427364
810 811 0.53973036289807097
811 911 -0.96574516341786509
811 821 -0.56687149808201009
811 812 -1.375068137647379
812 912 -1.0203561628805915
812 822 -1.8337652922880419
812 813 -0.3368659588979766
813 913 -0.90278544927756366
813 823 1.3769220544821428
813 814 0.51262936176102025
814 914 -1.4584923325857619
814 824 1.8643103020631624
814 815 -0.30206912372065686
815 915 1.2781624290753393
815 825 -1.6544115168803988
815 816 -0.92728481251671779
816 916 -0.60301274040726449
816 826 0.026486578552687233
816 817 -0.75785718866836038
817 917 -1.5476234722829463
817 827 2.1246008799770042
817 818 -0.065604052971349996
818 918 0.38071164297235094
818 828 -1.4838134909614371
818 819 -0.35586145305555428
819 919 -0.93480228779183627
819 829 1.2379265344060464
810 819 -1.0033540125305187
820 920 -1.6871023683851334
820 830 -0.14257869219009836
820 821 1.2003284841842736
821 921 0.16009506453517008
821 831 -0.1650659679895003
821 822 -1.3838696112399866
822 922 0.61779219177793987
822 832 0.9113583981498623
822 823 0.035361897222368793
823 923 -0.19068541209934872
823 833 3.0347386824093019
823 824 0.81514703072173222
824 924 -0.16998771239511415
824 834 1.0385410564506912
824 825 0.82169662815999966
825 925 -0.59203201149676654
825 835 0.57012404664497307
825 826 1.869547318801037
826 926 0.12192595913848775
826 836 2.2870137409249596
826 827 0.96362770034642886
827 927 -0.28418045807269426
827 837 -0.94939056500310059
827 828 -0.84590391500332196
828 928 -0.45732107717776449
828 838 1.3709173336498233
828 829 -0.75959847212977705
829 929 -0.28804449238544155
829 839 0.78646546317303634
820 829 1.7172430719018443
830 930 -0.47173657514251249
830 840 0.44914476424656441
830 831 -0.83902294920924003
831 931 -1.1515672269618169
831 841 -0.79474329837513891
831 832 0.29610814514315548
832 932 -0.47640143824232967
832 842 2.0604912843813694
832 833 -0.85573284027450225
833 933 -0.081247042652953488
833 843 0.11539442884209397
833 834 0.28807270686305225
834 934 0.33845201598299746
834 844 0.70946479186460842
834 835 -2.1157108352526879
835 935 0.23675831869849007
835 845 1.0212279986686645
835 836 -1.2645538083242636
836 936 -0.18077181687295649
836 846 0.44373154793992003
836 837 0.078778397487769811
837 937 -0.78856741558600074
837 847 0.12749720001502479
837 838 0.27049098179731351
838 938 -1.2436559915760821
838 848 -0.4664051663153066
838 839 0.60385459230552452
839 939 -0.31348362954582515
839 849 -0.67562826313282631
830 839 -0.34238322377375308
840 940 0.12815860485060032
840 850 0.51339690865828014
840 841 1.4534730299224219
841 941 -0.3375816238123987
841 851 -0.048627793040972637
841 842 -0.53904182986114213
842 942 0.77741556635455311
842 852 -0.72254524371446904
842 843 -0.61991775224313939
843 943 -2.231378502714306
843 853 -1.3928312921433204
843 844 -1.4855238672729918
844 944 0.38196259697947432
844 854 0.44813013378895877
844 845 -0.11671879066374524
845 945 1.0152728017416666
845 855 -0.8360451405207967
845 846 0.95859525330480055
846 946 1.3138786534040285
846 856 -0.20773019676397603
846 847 2.7092483318005942
847 947 -0.65620635418631335
847 857 -1.0359014546162917
847 848 -0.73946947920447392
848 948 -1.2120920959387054
848 858 0.63889644885032582
848 849 -0.38862786193874216
849 949 0.3827967695665131
849 859 -1.0591760928228509
840 849 -0.3263493333300248
850 950 0.1525931752805893
850 860 -0.60802660877078929
850 851 -0.52816392128943368
851 951 -0.27778813085561738
851 861 1.0395634432042129
851 852 1.8654268966365695
852 952 1.0736737398671976
852 862 0.31623013569842728
852 853 0.85680499066671911
853 953 -1.1562660519609991
853 863 1.1746892077385289
853 854 0.64963695826745416
854 954 1.2195915287257566
854 864 1.6550804447554093
854 855 1.7789383489872017
855 955 1.7175699553072188
855 865 0.20227721502112006
855 856 -0.55081994006935908
856 956 0.53048854159216652
856 866 0.033601319235891942
856 857 1.5878503059524296
857 957 -1.2271334244740477
857 867 1.1983093117607522
857 858 1.6782280360312927
858 958 -0.53009098529664511
858 868 0.71050551522709615
858 859 0.72991927080461116
859 959 1.8715489001461547
859 869 -1.4327489538678562
850 859 0.049878665065913465
860 960 -0.85426434579813471
860 870 1.9182361692694527
860 861 -0.46679027893783293
861 961 1.2545953628906776
861 871 0.84768854111909753
861 862 -1.124854468359836
862 962 -0.18084602850787734
862 872 -0.52938004962066643
862 863 0.68304663458592219
863 963 1.0936345358313939
863 873 1.9322983036138488
863 864 1.9217686745344589
864 964 1.6842136766453599
864 874 0.63515004766276972
864 865 -1.0701514226424835
865 965 -0.41776519373407439
865 875 1.703152974381152
865 866 -0.39246283616661859
866 966 -0.25313912846836822
866 876 -0.85563657502073687
866 867 0.94758149212682041
867 967 -0.7349213893011689
867 877 -0.32422972255343818
867 868 1.7561274281238664
868 968 1.5883068236072806
868 878 -0.68185301063232784
868 869 -0.73460778135617022
869 969 0.66780750938320499
869 879 -0.06806373061432941
860 869 0.67464689310298331
870 970 -2.0582222361201992
870 880 0.43704841752878221
870 871 0.64221012956455481
871 971 0.63467690057514869
871 881 0.78961258054586581
871 872 0.10015539224952008
872 972 0.73282968215680711
872 882 -0.17277620546374556
872 873 -0.85327245394685691
873 973 1.1924031786233951
873 883 1.4232334512362559
873 874 0.21087407534597546
874 974 0.97696789553831787
874 884 -2.2063334694538521
874 875 -1.1004480598879736
875 975 -0.04263621678150855
875 885 -0.68132768627409013
875 876 -0.64126866325728427
876 976 1.590682242832961
876 886 0.99169060459395986
876 877 -2.0630316878912085
877 977 0.59909707098415443
877 887 0.92494431516078801
877 878 1.471414690092836
878 978 -0.0064240051793283178
878 888 0.0026532101698470878
878 879 0.34803405590263414
879 979 -0.16752098021180081
879 889 0.94849814629723661
870 879 0.96846982284650429
880 980 -0.87937497021439914
880 890 0.74774155350236216
880 881 -1.2877700005658095
881 981 -0.43986802705216788
881 891 -1.2393067535515032
881 882 -1.000448885289672
882 982 0.098154846016410183
882 892 0.67776636282425595
882 883 0.45007201352083831
883 983 -1.2767234654840334
883 893 -0.12677408972536711
883 884 0.16706674299918087
884 984 -0.41744312969186331
884 894 1.1591307022557296
884 885 0.32568110182332405
885 985 0.26193524985274208
885 895 2.1701513748297314
885 886 -0.13331368927744006
886 986 0.86905137652240072
886 896 -0.032461663821662934
886 887 -1.3185074507978998
887 987 1.654435618902667
887 897 0.53624599811177343
887 888 0.89343673142685098
888 988 0.5240681030317661
888 898 -0.11283935076941562
888 889 0.11654441615765689
889 989 2.7036932582085456
889 899 0.60992969562893085
880 889 0.54660361358737453
890 990 0.20644302599139347
800 890 0.56327070004880031
890 891 0.13540012471722565
891 991 0.49260671532749839
801 891 1.4616551462017351
891 892 0.86801103888665632
892 992 0.036173218588724472
802 892 1.8130287906215445
892 893 -2.7272551376183554
893 993 -1.7093120382399221
803 893 -1.5551171719196382
893 894 -0.33610442993095696
894 994 -0.21087835648766501
804 894 0.045472396803096157
894 895 -1.3758285551247511
895 995 -0.31564206815375745
805 895 0.64941326345616623
895 896 0.047492906713178649
896 996 1.0678763277973931
806 896 -1.1320566655811339
896 897 0.75408126427193345
897 997 0.68375620199430642
807 897 -0.26958735474093132
897 898 -1.8748884652409763
898 998 0.97792465755910996
808 898 1.3836639767387104
898 899 0.75433723838051669
899 999 1.1694636086114831
809 899 1.8083570222792937
890 899 2.0706478618169335
0 900 0.50025833369642747
900 910 -0.41114109246014291
900 901 -0.89969532588736778
1 901 -0.99807908365532427
901 911 -2.5219820058621023
901 902 -0.2558846721362476
2 902 1.1332887237621252
902 912 -1.6177737893817141
902 903 -0.3676843173583309
3 903 -1.0491836894971815
903 913 0.12419896809131252
903 904 -0.19554057446945
4 904 -1.1594835696672388
904 914 0.25765869839820427
904 905 1.3143038624306531
5 905 -0.36270885849070311
905 915 -1.3517870946961608
905 906 0.61437833134454545
6 906 1.8570842897162254
906 916 -0.040424122596134995
906 907 0.046114921818187452
7 907 0.56394703736507845
907 917 0.99816690480445669
907 908 -0.20780300766772578
8 908 1.658880859968632
908 918 -0.41289943181705624
908 909 0.87048187763814733
9 909 0.4603025154718734
909 919 -1.0431242999139771
900 909 -2.5197328226973528
10 910 0.70910826455727582
910 920 0.55843445073349962
910 911 0.10911288023703948
11 911 0.55072086238062534
911 921 -1.3970711441052417
911 912 1.4886676060276243
12 912 -1.2813823845811014
912 922 -0.45064369822420308
912 913 1.0760049277726143
13 913 1.0543384782501348
913 923 -0.86111465823002975
913 914 -0.9065370500610721
14 914 0.54766951482084092
914 924 0.7973134062114986
914 915 0.29058423355256652
15 915 1.8468212642173545
915 925 1.0255540122211355
915 916 0.31395874462422729
16 916 0.68515227499552911
916 926 1.2795027618953483
916 917 0.89806536316639429
17 917 -0.053932485833358017
917 927 -0.94391484910743306
917 918 -0.23968605073621241
18 918 1.3069110433128741
918 928 -0.66096162311611395
918 919 1.1795289508870603
19 919 -1.7592104409584373
919 929 -0.14369467568700681
910 919 -0.85284605653438583
20 920 -0.58612609961353401
920 930 0.78588370236611838
920 921 1.7803951367829021
21 921 -0.070747740156533456
921 931 1.0071013729598495
921 922 -0.63567754543576105
22 922 -0.18673393685642131
922 932 0.8557703178861511
922 923 0.47500727749532512
23 923 1.1145021961071238
923 933 -0.054841079792908184
923 924 0.81760046974299894
24 924 -0.22908161482881526
924 934 0.27720094801896994
924 925 0.45724267438559008
25 925 -0.65236287963415973
925 935 1.012034579386881
925 926 -0.78272196236309488
26 926 -1.2314216327584329
926 936 0.18568468538027316
926 927 2.030715316266845
27 927 -2.0486099587109274
927 937 -0.87753570495907729
927 928 1.2162466979791866
28 928 -0.7540178131646984
928 938 -1.0374340725924844
928 929 0.12305706286419091
29 929 1.9824985298484123
929 939 -0.090911515166067977
920 929 -0.46960287271726214
30 930 -1.1848466328503293
930 940 1.9655133907999818
930 931 -0.68151173020750222
31 931 0.63029725259749525
931 941 1.4377954587885351
931 932 0.12281758171319998
32 932 -0.96781300493099831
932 942 -1.1132835684164786
932 933 0.21278266381812108
33 933 0.80494851252319544
933 943 -0.28054070039483359
933 934 -0.24576980473167814
34 934 1.0878853444986494
934 944 0.7000620620930349
934 935 0.55257254435396297
35 935 0.64204329604730825
935 945 -1.3600241984277135
935 936 -1.1457009363418102
36 936 0.38397651093205887
936 946 0.74609058700429465
936 937 1.2461919570372819
37 937 0.11089013665620748
937 947 0.34088102201517795
937 938 0.063602563989961849
38 938 0.28036388332656825
938 948 1.2344677986032571
938 939 -0.99701776094136618
39 939 -0.84090533550298585
939 949 -0.49137318865289858
930 939 1.5446477845379212
40 940 0.32220919146427851
940 950 0.94290351161219854
940 941 -0.67207503018371972
41 941 1.5997702999765391
941 951 0.35899752066622254
941 942 -1.4008071186607465
42 942 -0.23900995028485961
942 952 -0.83880014194987917
942 943 1.4776432160709283
43 943 0.62231090950785961
943 953 -0.57034191962829384
943 944 -0.065229774531699772
44 944 -0.17378241129605976
944 954 -0.92408602353448233
944 945 -1.0934551703965878
45 945 3.4631251975668227
945 955 0.57118558904585093
945 946 -0.30660571276793919
46 946 -0.25140092905740286
946 956 -0.11327773393105905
946 947 -1.3883351028505704
47 947 -1.4337474160665318
947 957 -0.77690047746556068
947 948 0.23501340604136864
48 948 -1.8644703304879358
948 958 0.69201838643743863
948 949 -0.61835525129107449
49 949 0.45158153668903112
949 959 0.37674873736959968
940 949 0.66478146363480517
50 950 1.2679650263596027
950 960 0.7899663708740936
950 951 -0.53715783897832214
51 951 -1.5708544731767071
951 961 -1.4882353462858793
951 952 0.30457115927688605
52 952 0.024325900098465362
952 962 -0.46733290765759333
952 953 0.29472279155625675
53 953 1.173904583479874
953 963 0.1818179070680859
953 954 -1.3277495024342989
54 954 0.058971357993121802
954 964 -0.48191356132511909
954 955 -0.24065618509630979
55 955 -0.053170582634213266
955 965 1.4574645742514878
955 956 0.10374922778159784
56 956 -0.45657987153792673
956 966 0.60781111302945645
956 957 0.83382951836436769
57 957 1.4787327412115614
957 967 -1.3703570590040346
957 958 -1.0477984726755509
58 958 1.9273666669711673
958 968 0.50275970213002785
958 959 -0.56611023951560902
59 959 -0.01540797884419824
959 969 -1.0256827379086766
950 959 2.057110598668535
60 960 0.57171842224989988
960 970 0.67773766710899619
960 961 -0.92738046498025617
61 961 -0.47515158523127915
961 971 1.0260715968154084
961 962 -0.047011822641394099
62 962 -0.058349484773970783
962 972 -0.56167071425519521
962 963 -0.92797736063714009
63 963 0.23311233298087594
963 973 -1.3070229234447415
963 964 0.62749421447824461
64 964 -0.11356177407579662
964 974 0.43176186921864562
964 965 -0.79262067922356017
65 965 -0.59975214802692989
965 975 -0.19135468634015437
965 966 -0.35944692392176358
66 966 -0.21905054580826208
966 976 1.6784320793027125
966 967 0.69952433967232175
67 967 0.21154887473791031
967 977 -1.2359572183123095
967 968 -0.25814358699462608
68 968 -0.49240203286066059
968 978 1.7557720414649913
968 969 -1.2488083826214778
69 969 2.0123585998129614
969 979 -0.28726062750906978
960 969 -1.8542061620234376
70 970 -0.74976162271624036
970 980 -1.0438725782362963
970 971 1.8449227668642261
71 971 -1.1073819689814752
971 981 -0.62883881636158967
971 972 0.34054589307396449
72 972 1.4661719820259227
972 982 0.73528212351153788
972 973 2.1496330816304989
73 973 -2.0050398724747578
973 983 -1.948302435681097
973 974 -1.2599625065341116
74 974 0.020904927388376311
974 984 0.77852072926448079
974 975 2.0241599979496487
75 975 0.74528482855639344
975 985 -0.6601347098503455
975 976 1.2059039528999711
76 976 2.1865147856254161
976 986 1.3391809235746179
976 977 1.1524299293231104
77 977 0.37688651852801752
977 987 -0.60566033378479001
977 978 1.2575824424372537
78 978 0.94562690567478347
978 988 0.2373394918144266
978 979 -0.21266814409119367
79 979 1.693118674647488
979 989 0.96861497758745019
970 979 -0.069964748580764222
80 980 -2.134054499462045
980 990 -0.14103634699962306
980 981 0.91159549348694069
81 981 0.92163241594417078
981 991 0.5278746204911694
981 982 2.6141455494060257
82 982 0.043220891782942424
982 992 -1.2864612132433491
982 983 1.4051054302581385
83 983 0.57041332373294451
983 993 0.55436370146987224
983 984 1.7177823514153596
84 984 -0.1372817514954415
984 994 -1.2880465442689211
984 985 1.5210979656157269
85 985 1.957608153669349
985 995 0.59709971278209106
985 986 -0.86917776441226613
86 986 0.26425231614418476
986 996 1.476856653514443
986 987 -1.6321560690340176
87 987 -0.92486657512043191
987 997 0.75068175291211148
987 988 0.68957571909901949
88 988 -1.7274981812774146
988 998 0.28571001385820821
988 989 -2.2079075985528265
89 989 -1.5839659848812651
989 999 -0.16430588153928125
980 989 -0.099426960431059266
90 990 0.18940767494043848
900 990 0.26952884813564054
990 991 -1.0645317247216195
91 991 -0.045199077568036046
901 991 -0.95321698060684024
991 992 -0.35285835996330972
92 992 -0.55986378628250155
902 992 -0.063262587396879622
992 993 -1.4733923849266146
93 993 -1.3380655656409413
903 993 1.3393688023696473
993 994 -0.60518215775956863
94 994 -0.65910368987333923
904 994 -0.040413327604101192
994 995 -1.2833366279873284
95 995 -0.070360935592088183
905 995 0.36831091963160012
995 996 1.1082781517480753
96 996 0.97928856044613588
906 996 0.06673073896510541
996 997 0.56529483864160002
97 997 0.72559440086936944
907 997 -0.65695338032290529
997 998 -1.3112024120678791
98 998 0.4486407431333958
908 998 0.15246761671909456
998 999 2.1520238997462715
99 999 0.39609620039404497
909 999 1.2734903230615588
990 999 -1.6410204623633622
