# model=ea3d N=512 meanJ=0 seed=695913902 distribution=gaussian field=0 num_fields=512 num_couplings=1536
0 0
1 0
2 0
3 0
4 0
5 0
6 0
7 0
8 0
9 0
10 0
11 0
12 0
13 0
14 0
15 0
16 0
17 0
18 0
19 0
20 0
21 0
22 0
23 0
24 0
25 0
26 0
27 0
28 0
29 0
30 0
31 0
32 0
33 0
34 0
35 0
36 0
37 0
38 0
39 0
40 0
41 0
42 0
43 0
44 0
45 0
46 0
47 0
48 0
49 0
50 0
51 0
52 0
53 0
54 0
55 0
56 0
57 0
58 0
59 0
60 0
61 0
62 0
63 0
64 0
65 0
66 0
67 0
68 0
69 0
70 0
71 0
72 0
73 0
74 0
75 0
76 0
77 0
78 0
79 0
80 0
81 0
82 0
83 0
84 0
85 0
86 0
87 0
88 0
89 0
90 0
91 0
92 0
93 0
94 0
95 0
96 0
97 0
98 0
99 0
100 0
101 0
102 0
103 0
104 0
105 0
106 0
107 0
108 0
109 0
110 0
111 0
112 0
113 0
114 0
115 0
116 0
117 0
118 0
119 0
120 0
121 0
122 0
123 0
124 0
125 0
126 0
127 0
128 0
129 0
130 0
131 0
132 0
133 0
134 0
135 0
136 0
137 0
138 0
139 0
140 0
141 0
142 0
143 0
144 0
145 0
146 0
147 0
148 0
149 0
150 0
151 0
152 0
153 0
154 0
155 0
156 0
157 0
158 0
159 0
160 0
161 0
162 0
163 0
164 0
165 0
166 0
167 0
168 0
169 0
170 0
171 0
172 0
173 0
174 0
175 0
176 0
177 0
178 0
179 0
180 0
181 0
182 0
183 0
184 0
185 0
186 0
187 0
188 0
189 0
190 0
191 0
192 0
193 0
194 0
195 0
196 0
197 0
198 0
199 0
200 0
201 0
202 0
203 0
204 0
205 0
206 0
207 0
208 0
209 0
210 0
211 0
212 0
213 0
214 0
215 0
216 0
217 0
218 0
219 0
220 0
221 0
222 0
223 0
224 0
225 0
226 0
227 0
228 0
229 0
230 0
231 0
232 0
233 0
234 0
235 0
236 0
237 0
238 0
239 0
240 0
241 0
242 0
243 0
244 0
245 0
246 0
247 0
248 0
249 0
250 0
251 0
252 0
253 0
254 0
255 0
256 0
257 0
258 0
259 0
260 0
261 0
262 0
263 0
264 0
265 0
266 0
267 0
268 0
269 0
270 0
271 0
272 0
273 0
274 0
275 0
276 0
277 0
278 0
279 0
280 0
281 0
282 0
283 0
284 0
285 0
286 0
287 0
288 0
289 0
290 0
291 0
292 0
293 0
294 0
295 0
296 0
297 0
298 0
299 0
300 0
301 0
302 0
303 0
304 0
305 0
306 0
307 0
308 0
309 0
310 0
311 0
312 0
313 0
314 0
315 0
316 0
317 0
318 0
319 0
320 0
321 0
322 0
323 0
324 0
325 0
326 0
327 0
328 0
329 0
330 0
331 0
332 0
333 0
334 0
335 0
336 0
337 0
338 0
339 0
340 0
341 0
342 0
343 0
344 0
345 0
346 0
347 0
348 0
349 0
350 0
351 0
352 0
353 0
354 0
355 0
356 0
357 0
358 0
359 0
360 0
361 0
362 0
363 0
364 0
365 0
366 0
367 0
368 0
369 0
370 0
371 0
372 0
373 0
374 0
375 0
376 0
377 0
378 0
379 0
380 0
381 0
382 0
383 0
384 0
385 0
386 0
387 0
388 0
389 0
390 0
391 0
392 0
393 0
394 0
395 0
396 0
397 0
398 0
399 0
400 0
401 0
402 0
403 0
404 0
405 0
406 0
407 0
408 0
409 0
410 0
411 0
412 0
413 0
414 0
415 0
416 0
417 0
418 0
419 0
420 0
421 0
422 0
423 0
424 0
425 0
426 0
427 0
428 0
429 0
430 0
431 0
432 0
433 0
434 0
435 0
436 0
437 0
438 0
439 0
440 0
441 0
442 0
443 0
444 0
445 0
446 0
447 0
448 0
449 0
450 0
451 0
452 0
453 0
454 0
455 0
456 0
457 0
458 0
459 0
460 0
461 0
462 0
463 0
464 0
465 0
466 0
467 0
468 0
469 0
470 0
471 0
472 0
473 0
474 0
475 0
476 0
477 0
478 0
479 0
480 0
481 0
482 0
483 0
484 0
485 0
486 0
487 0
488 0
489 0
490 0
491 0
492 0
493 0
494 0
495 0
496 0
497 0
498 0
499 0
500 0
501 0
502 0
503 0
504 0
505 0
506 0
507 0
508 0
509 0
510 0
511 0
0 64 1.9757479212003912
0 8 -0.0040443560625895688
0 1 -1.1391705609376424
1 65 0.14454519692011344
1 9 -1.0009493716116975
1 2 0.98727328427850702
2 66 1.1138651422994206
2 10 -1.5705757212240423
2 3 2.0103295526322782
3 67 0.88727647262393916
3 11 0.74958589920917695
3 4 0.66490360720448893
4 68 -0.11572471070140759
4 12 -1.5049108388053398
4 5 0.31185771383794658
5 69 -0.86177766777683884
5 13 -0.52894427730149374
5 6 0.49013546614120884
6 70 0.65120331827217237
6 14 -0.55324529100884701
6 7 -1.2995262772850127
7 71 1.8390905699609787
7 15 -0.26831639626901854
0 7 1.0364662191027487
8 72 2.5485380860648275
8 16 0.81438674211750095
8 9 0.98915098091720421
9 73 -0.051951381415809669
9 17 -0.1197380672659666
9 10 -0.8784955470505933
10 74 -0.51228301102649809
10 18 -0.2367736429336964
10 11 -1.1694339330213479
11 75 1.4819546424501293
11 19 -0.64096625787600581
11 12 1.7928892077515497
12 76 -1.7508814299918249
12 20 2.2973820547199999
12 13 0.28267422925327529
13 77 0.20313293645582745
13 21 0.098242146591072138
13 14 0.61087362977810733
14 78 -0.99952441226705935
14 22 1.1687813121844937
14 15 -1.2690917639974233
15 79 -0.67503645588935346
15 23 -0.49439160791077369
8 15 -0.28453245937032395
16 80 0.013341558203971968
16 24 0.60899413603758779
16 17 -0.67854548330382292
17 81 0.1332725120229695
17 25 1.390768539984758
17 18 0.6676651987638248
18 82 -0.95052016731897659
18 26 -0.59827539086390602
18 19 -0.35200977254970994
19 83 -0.29013009687230895
19 27 -0.34206991334464637
19 20 0.098984591410497522
20 84 1.094609878430953
20 28 -0.11558513854226524
20 21 -0.81595788709412864
21 85 -0.75063515479985643
21 29 0.88753402442552887
21 22 0.23354409149216263
22 86 0.2676216356867509
22 30 0.02706588778881772
22 23 0.85355880811699725
23 87 -0.57341530896601089
23 31 0.19784469458507595
16 23 -1.5215537673568467
24 88 -1.3737616920831099
24 32 0.50260951039546387
24 25 -1.6725891732181197
25 89 -1.7436440409164289
25 33 0.50816178380011512
25 26 -0.60111383266070517
26 90 -0.32540096818707104
26 34 0.03651656978120283
26 27 -1.2638294973379496
27 91 0.86881147430269579
27 35 -0.043986022261966046
27 28 -0.80147230545769454
28 92 2.1585293294133847
28 36 -2.4453862941859508
28 29 -2.0934506157918435
29 93 0.25452171680134728
29 37 -0.17884715573252691
29 30 0.98591167603358443
30 94 -0.30073564303516587
30 38 -1.3118470884226467
30 31 -0.8236214187071691
31 95 0.85996614974281804
31 39 -0.2024383161399104
24 31 0.16421272745619536
32 96 -0.79181370693696862
32 40 1.9089503664711134
32 33 -0.019763191787383689
33 97 -0.79331424308690923
33 41 0.69879376868394871
33 34 -1.5526211382875545
34 98 0.46458542941750158
34 42 0.43433572937494974
34 35 -0.61109357830463795
35 99 -0.43336366871282461
35 43 -0.019625706324452128
35 36 1.0374522351195614
36 100 -0.3941983821554822
36 44 -0.42347753559616513
36 37 -1.1956410392706052
37 101 -0.077513459865744302
37 45 -0.65866461567398604
37 38 1.2256439381792741
38 102 -0.28177496686415893
38 46 0.27255338775071186
38 39 -1.6281831923730499
39 103 -0.71558349589213432
39 47 -0.32901715428574785
32 39 1.780617616334969
40 104 1.0863095213144729
40 48 -0.60426971942149155
40 41 0.95225847403191022
41 105 0.86143683215276545
41 49 -0.4073515341495626
41 42 1.7284110496401437
42 106 -2.53876581572024
42 50 -1.2689380269093182
42 43 -1.4877919539758602
43 107 1.485479538849108
43 51 0.13006439741645687
43 44 1.0386915192226398
44 108 -0.80083667254357138
44 52 -0.69975469654570088
44 45 0.72189883849408343
45 109 -0.77697101550130998
45 53 0.2372098655020784
45 46 0.84305637925770083
46 110 2.3533522866999927
46 54 -0.71835465375970975
46 47 1.1748412719933865
47 111 0.074732985915151193
47 55 0.66878615867378
40 47 -0.1834246842540509
48 112 -0.50556461095690008
48 56 0.83053643006550448
48 49 -0.51253782762246969
49 113 0.4240702658146116
49 57 0.42777175112193977
49 50 0.70177376375865197
50 114 0.10360304976504521
50 58 0.90254123204168246
50 51 2.8257571791276348
51 115 -0.13078889079753214
51 59 -0.24260906520574763
51 52 2.0725121500984627
52 116 1.5267784928728672
52 60 0.60699885129952613
52 53 1.4574731129468677
53 117 0.60373196113922756
53 61 0.64932153613292987
53 54 -2.0864703194384266
54 118 0.76193816165808237
54 62 -2.2867893583358105
54 55 1.6660057558269479
55 119 0.47099430347469501
55 63 0.56124199816936848
48 55 -1.3477536715312668
56 120 0.28719081753445069
0 56 1.0363948491586541
56 57 -1.4525773990483055
57 121 -0.6239059243438646
1 57 1.1050248131957661
57 58 -0.2671428124654876
58 122 -1.1702168784121214
2 58 1.1658427537150491
58 59 0.29846814450653497
59 123 1.3088144759773075
3 59 -0.77686653709440467
59 60 -0.91023771180896418
60 124 1.0737453282993494
4 60 0.28853791302757986
60 61 0.31831611292706546
61 125 -2.8394503406903642
5 61 1.7820628190945085
61 62 0.54138733067832379
62 126 0.41639484773683999
6 62 -1.246600463771413
62 63 1.096774554521075
63 127 -0.21394467847481283
7 63 0.52721979860345614
56 63 0.71165982204521727
64 128 -0.56051018267933406
64 72 -0.40344378684786347
64 65 -0.82714921230473348
65 129 -1.2251682018465591
65 73 -0.18735433348388658
65 66 -1.0069661137702584
66 130 0.76550210178151512
66 74 1.0271939180717891
66 67 0.52608558920054882
67 131 0.14920329107320107
67 75 -0.72996063877863471
67 68 -1.3118596266424425
68 132 0.75847192398816554
68 76 1.2405514573493908
68 69 -0.28305818047517872
69 133 -1.2055439680078295
69 77 0.68397912457639853
69 70 -2.6352105381627413
70 134 -0.11604798713848304
70 78 1.7846862146755504
70 71 -0.2111721535311146
71 135 -0.67667024167292633
71 79 0.39056831634540712
64 71 0.87565768343626216
72 136 -1.1485502537783134
72 80 0.82247904546623962
72 73 -0.60327352809534052
73 137 1.513459510938068
73 81 2.0657306754772895
73 74 0.6876387346975269
74 138 0.40902161692760647
74 82 0.3345966750100125
74 75 -1.3067816652351825
75 139 2.3942231238928526
75 83 1.1069385966121459
75 76 -1.4379591482142986
76 140 -0.15195993213178452
76 84 -0.23780850138483761
76 77 -0.044598052279124743
77 141 -0.021747682605870445
77 85 -1.0325716477729665
77 78 -0.90755488815026986
78 142 1.2809570210534498
78 86 1.2200269934063332
78 79 -1.9774136546897954
79 143 -0.060835149958149808
79 87 -0.39178563201958216
72 79 1.7583256719579221
80 144 -0.75883651415347786
80 88 0.89281940128335724
80 81 -0.45037923071418778
81 145 0.74723217070625925
81 89 -1.3055966645613126
81 82 -0.74366300345387348
82 146 0.14263521711678037
82 90 0.65011335379263691
82 83 -2.4622683471891063
83 147 -0.077447065905958595
83 91 0.87088130500353911
83 84 -1.4028348982741943
84 148 -1.6035818768811911
84 92 -0.11320828384254121
84 85 -0.34941743127093544
85 149 2.3504401126842089
85 93 0.9369403649345277
85 86 -0.48054119585530708
86 150 -0.23245494205578249
86 94 0.43625636261598288
86 87 -0.63058594224912823
87 151 -1.5148416012959376
87 95 -0.48539504725381
80 87 0.46999134185451508
88 152 -0.89404089456431635
88 96 -0.54507707926354032
88 89 -0.0012661031591789697
89 153 0.26579066612547625
89 97 0.66716401475680076
89 90 0.14768748725748884
90 154 -0.21332144170233056
90 98 0.70525435491710919
90 91 -1.1876680798053585
91 155 -0.32409677778502904
91 99 0.15745140672885607
91 92 2.043123656614183
92 156 1.4970999731570165
92 100 -0.16259831052523263
92 93 0.24434305710570672
93 157 -0.76735540903891897
93 101 -0.04800302371061644
93 94 1.1820562183977064
94 158 -0.83167595087918311
94 102 1.05209311485966
94 95 0.52653974980965423
95 159 -0.26826838480185322
95 103 1.1073372183437691
88 95 0.33168403182859429
96 160 0.98637592533554908
96 104 -1.9191018649380744
96 97 1.0315672600239012
97 161 1.7671099853624244
97 105 -0.13278827791348086
97 98 -0.97646904196264062
98 162 0.068616662408405624
98 106 -1.1086876724119694
98 99 1.5088168789139484
99 163 1.0987640624292927
99 107 0.37083665865845289
99 100 0.34048025048730129
100 164 0.93184716592291261
100 108 2.2241815003440903
100 101 0.7074994882718878
101 165 0.78917271238212616
101 109 1.1838749057028088
101 102 -0.21471110378659644
102 166 -0.98049523233858393
102 110 0.1008279673061693
102 103 -0.99990622473634472
103 167 -0.92934835884031841
103 111 0.2700017775117261
96 103 -0.45154690942864617
104 168 -0.37401675949600566
104 112 0.81230900750070001
104 105 0.78098320580243663
105 169 1.546216653280293
105 113 -0.052169777549220517
105 106 0.32190757587405322
106 170 -0.84300426826017327
106 114 0.043867519180473567
106 107 0.78040399203386168
107 171 0.92409930138616014
107 115 1.6218548144228195
107 108 0.28320462490440446
108 172 -0.50340373987723286
108 116 -2.2452215927926109
108 109 0.21890768197864729
109 173 -0.12004251611388222
109 117 0.82391165743396488
109 110 -0.15206089887559118
110 174 -0.57314286807947412
110 118 1.4304823141922871
110 111 -0.52605021639478999
111 175 -1.7730838690051069
111 119 -0.66707535601270662
104 111 -1.162538281466815
112 176 0.049675589833739105
112 120 -0.84738093015511118
112 113 -1.1956112884652377
113 177 0.60366215750579166
113 121 0.39807617434281256
113 114 0.41486386412067905
114 178 -0.93141753255777926
114 122 -0.19887122702150423
114 115 -0.53967024434338462
115 179 1.7279924342467181
115 123 -0.58259961540026084
115 116 -0.3011497377710351
116 180 0.096410793926133068
116 124 -1.1269337372139734
116 117 0.42193014045289501
117 181 -1.2267212117267099
117 125 0.53594214946275531
117 118 0.90461315616313043
118 182 -0.487419233875798
118 126 -1.812649313647869
118 119 0.55113397393761265
119 183 0.45242966339867846
119 127 -0.072443070154643588
112 119 0.022618833169787817
120 184 -1.8365527959171646
64 120 0.58993045675123357
120 121 -0.61642115456594648
121 185 -0.69307410994503282
65 121 -2.1798491746568156
121 122 1.0297866518748751
122 186 1.3974855333170961
66 122 -2.0285139133914005
122 123 0.91945209805064987
123 187 0.58330737509301722
67 123 -0.78895430159448143
123 124 -0.093307813497903763
124 188 -1.2802453346325506
68 124 0.092275131752420456
124 125 1.7174525895404127
125 189 -0.91422433404765746
69 125 -1.023594214471429
125 126 0.77524595130792706
126 190 0.56514450037042951
70 126 2.4214104551750211
126 127 -0.28679173280423292
127 191 0.2440842861304959
71 127 0.97744643086555283
120 127 -0.52311556965391792
128 192 -0.40702347387728693
128 136 0.9827361721253447
128 129 -0.06757157834598497
129 193 1.1158784550652128
129 137 -1.9523674217358764
129 130 -0.74417618581722722
130 194 0.97054623107974836
130 138 0.17284618996531048
130 131 -0.86812662617193426
131 195 -0.18484940705906161
131 139 -0.53020653375151539
131 132 -0.53947758533617596
132 196 1.3428044727041595
132 140 -0.829877575583987
132 133 0.91200154023056057
133 197 -1.5257772824668487
133 141 0.60896847203891158
133 134 2.0762462870287104
134 198 1.0811598242282732
134 142 0.54071868230645137
134 135 1.0842722434247489
135 199 1.1344143690470228
135 143 0.58615917555830599
128 135 1.8337417534688041
136 200 -1.2213409853561175
136 144 -1.2820921694105378
136 137 0.30650048463158086
137 201 -0.47597732500636553
137 145 0.15519192426092779
137 138 0.22218098327127456
138 202 1.0994387935076952
138 146 -0.58644120106452835
138 139 -1.4479682793263835
139 203 -0.22593017950976974
139 147 -0.27954337398317541
139 140 0.27079170263496688
140 204 -0.04943188431742862
140 148 0.65167901902224301
140 141 0.01846851929615732
141 205 1.8034629397723323
141 149 0.22593168962300036
141 142 -2.1140549769281649
142 206 1.4271977625280587
142 150 -0.13264144278219028
142 143 -0.64374136069028698
143 207 1.8735866842887219
143 151 -0.66039779079870131
136 143 1.2295087466723815
144 208 1.6740828961336998
144 152 -1.9918412605013389
144 145 -1.1728901209811247
145 209 2.1786465417559917
145 153 -0.11691376718310403
145 146 -0.26748286647250974
146 210 0.77053771558249695
146 154 0.61113359640478415
146 147 -0.068133037529038265
147 211 0.91017571031257949
147 155 0.23847713482529764
147 148 -1.5020536710251589
148 212 -1.0892270353720717
148 156 -0.72765704772776818
148 149 -1.1265415918549071
149 213 -1.5282866051043382
149 157 -0.29242515100305611
149 150 -0.086498199057625666
150 214 1.9399026468904577
150 158 -0.26846459512951021
150 151 -0.34507784555918963
151 215 -1.426414893098773
151 159 -0.33947316964523655
144 151 0.10346181015961256
152 216 -0.26551053155123416
152 160 -0.15476773926292989
152 153 -0.20891682284257709
153 217 1.060552008600502
153 161 1.3366039558773231
153 154 -0.51871761335606548
154 218 1.3123341041335648
154 162 -0.77956288704744903
154 155 1.6202136197020356
155 219 0.99522837709013001
155 163 1.6532001554032854
155 156 -0.57532110529972158
156 220 -2.1301971637942949
156 164 -0.050255998512546488
156 157 0.23203651306862855
157 221 -0.90724398929914973
157 165 1.1559820753548669
157 158 0.95546911398198153
158 222 0.37576939459516567
158 166 0.6788524002109354
158 159 2.2224054583159356
159 223 0.74014066973590442
159 167 -0.55798308764743199
152 159 -2.0566244599426464
160 224 0.4517916063875676
160 168 -0.50388619540120749
160 161 0.8147687702068992
161 225 -0.26665078258671104
161 169 0.086799333233464268
161 162 2.0699416660267955
162 226 1.3166270305726744
162 170 0.31931362596150037
162 163 1.5473600163290251
163 227 -1.1191021334101665
163 171 0.59670942141400951
163 164 0.32470928569162083
164 228 -0.58785080928962097
164 172 1.0449217170127887
164 165 -0.19562455728182007
165 229 0.95832709458329268
165 173 0.53317710108210015
165 166 1.372869297161351
166 230 0.20286631617464926
166 174 0.59019568102116604
166 167 -0.49666508263764791
167 231 0.5448162894070735
167 175 0.15583965679008532
160 167 -0.81513007792493064
168 232 -1.0130010800733336
168 176 2.2793491593894024
168 169 -0.16902343749601109
169 233 0.5824353532155796
169 177 -1.5033224083333898
169 170 0.052933606605227376
170 234 -0.12501066218947787
170 178 0.30717127402932298
170 171 -1.0211173117961161
171 235 0.87084728127466315
171 179 -0.4305250565197925
171 172 0.76311671878808018
172 236 0.063641642542806603
172 180 -1.0033361442154101
172 173 -0.11676520384728058
173 237 -0.085540273319306026
173 181 -1.578696432863786
173 174 1.2688657023106285
174 238 -1.0898966194192468
174 182 1.2270077784689604
174 175 0.33782415470953869
175 239 -1.3037952108240778
175 183 -0.3702186373817048
168 175 -0.54023400678714362
176 240 -2.0093308035670163
176 184 0.97784783989282009
176 177 -0.15865039554404692
177 241 -0.70437222554737056
177 185 -0.42165928538723163
177 178 -0.33206388989991364
178 242 -0.27319891537195007
178 186 0.14570246332147571
178 179 -0.16667484253791889
179 243 -0.61715972472027847
179 187 -0.61453759060154656
179 180 0.11718054250670772
180 244 0.42857608025890098
180 188 1.3798477110787817
180 181 0.3611899737315048
181 245 -1.7053071054464373
181 189 0.061636002210843269
181 182 -0.40270834565319824
182 246 1.5015114356942727
182 190 -0.47427367394094883
182 183 -0.52739254467668339
183 247 1.0147332195952719
183 191 -0.22793189410523026
176 183 0.61379994157986451
184 248 1.1060094620011984
128 184 0.15424428413565192
184 185 0.36377178288135675
185 249 -0.78658643132784034
129 185 0.07814567752452875
185 186 -1.4775098124051806
186 250 0.2503696749816543
130 186 0.88906278851303999
186 187 0.07647037396271758
187 251 -0.00024163894809389703
131 187 1.6855835477099146
187 188 0.83433142881515054
188 252 -0.40977062151100641
132 188 1.1300052239981955
188 189 -0.93176320948401736
189 253 0.82782272086513264
133 189 1.2765359313272966
189 190 -0.26591230705343383
190 254 -1.2580047578600579
134 190 -1.010405194147209
190 191 1.4289515871486147
191 255 0.9325770068995729
135 191 -0.22068226276057404
184 191 0.83107265657282159
192 256 -0.88938369407092099
192 200 -0.1146443441771562
192 193 -1.1485932102864747
193 257 0.8693752794506534
193 201 1.109275678180337
193 194 -1.1919792724941058
194 258 0.211384781152649
194 202 -0.20006661786741417
194 195 0.1749937190134849
195 259 -0.17123124650857535
195 203 0.0094947877193482157
195 196 1.9708394025712859
196 260 1.7991357782828619
196 204 0.86653878285165453
196 197 -0.35941177624870391
197 261 -0.33499062203476099
197 205 -1.5296660541492031
197 198 0.84159904949210007
198 262 -0.85898716954809162
198 206 0.21747199286282776
198 199 0.19363868732572828
199 263 0.55370744428501295
199 207 0.50188939327862259
192 199 1.7474995151823622
200 264 -0.38318883887449706
200 208 0.30225557541260517
200 201 -0.8859399100185853
201 265 -0.98761684546940498
201 209 -0.26909661462106549
201 202 1.1662521598305058
202 266 0.58721474311958821
202 210 -0.77501262115226832
202 203 0.61593928832530187
203 267 0.030564761807103907
203 211 -1.1599946312398048
203 204 -1.4429238980058161
204 268 1.2281431209116727
204 212 2.2738017018806418
204 205 -0.39663127523306546
205 269 -0.70149228413881604
205 213 -1.3128393081200815
205 206 -0.45381176312072147
206 270 -0.93803746382653874
206 214 -1.9891096909634456
206 207 0.41106558598991488
207 271 0.76000592747097573
207 215 0.16614636301817926
200 207 0.93799798399316847
208 272 -1.036967676511108
208 216 -0.29741643110894223
208 209 0.55634286988043546
209 273 1.0662463903288026
209 217 -1.9293173179150336
209 210 2.3394058511518661
210 274 -1.9920787341402424
210 218 0.22157063391020035
210 211 1.2182519021542575
211 275 -0.16008488234028498
211 219 -1.1317877606318136
211 212 -0.079589969485356307
212 276 -0.45370756433189452
212 220 0.52465859715309493
212 213 -1.7107264334051564
213 277 0.31155025906472267
213 221 0.99403532513736115
213 214 1.7293488773559007
214 278 -1.2033971428601422
214 222 0.14201698979149269
214 215 0.52173125416832289
215 279 0.41544377240449409
215 223 2.6721488956472608
208 215 -2.5224880774413174
216 280 0.66350981096922168
216 224 0.64517790327827207
216 217 -1.0612367579476649
217 281 -1.0173198411204629
217 225 2.4837526269169263
217 218 -0.18845227298012676
218 282 1.9747256636500963
218 226 -1.2569804435454976
218 219 1.5930553451900782
219 283 0.23144987751165666
219 227 -0.16246606760270574
219 220 1.525894207180472
220 284 0.47944032322250313
220 228 -0.53752168319151905
220 221 -1.8930362002027592
221 285 -0.43751205832660617
221 229 0.37409757278783562
221 222 -1.07585665652673
222 286 0.32950437944235944
222 230 0.020794616135721308
222 223 1.7096348735509266
223 287 -0.15815691009065155
223 231 -1.208463851029969
216 223 -0.74462809418634801
224 288 1.01989883214727
224 232 1.8445808360144595
224 225 -0.28357911980134265
225 289 -0.55357573106454283
225 233 1.597679819310186
225 226 2.3804216124197874
226 290 -0.95299311680752208
226 234 2.6164559566760777
226 227 -1.0898075583707629
227 291 -0.21805924331165513
227 235 1.3155991479028299
227 228 1.3155847415913613
228 292 -0.97281850464639696
228 236 1.5196527274516145
228 229 1.105256482368306
229 293 0.69953526006221645
229 237 1.1551792555575933
229 230 0.55189155327817552
230 294 1.9599347752424132
230 238 1.2076730287891408
230 231 1.4923031172445427
231 295 0.49177822498236973
231 239 0.49874581883422148
224 231 -0.22829334394030776
232 296 1.339422669116922
232 240 -0.096929430068369307
232 233 -0.10366237728007072
233 297 -1.0206023485099218
233 241 0.79688188914872959
233 234 -1.1626909639925909
234 298 1.7556733604456154
234 242 -0.49605795322754714
234 235 -0.72396228824832698
235 299 0.5285809534806325
235 243 0.26320222362319173
235 236 0.41457581338435029
236 300 1.5860676942958039
236 244 0.18679283468835031
236 237 -0.098136623583005927
237 301 1.9199940944559575
237 245 -0.3827017068679695
237 238 0.8564202442612352
238 302 0.36606755447662959
238 246 -0.34985626982907408
238 239 0.94834031746341985
239 303 1.0386219923852025
239 247 1.8963089679409313
232 239 1.3896005620653613
240 304 1.5386265228413545
240 248 1.6636192280447157
240 241 1.4815007744994322
241 305 0.2905728729265617
241 249 -0.78618688758007405
241 242 0.30446536409511049
242 306 -0.80252790153183573
242 250 -1.2943452651538445
242 243 0.21097248457717227
243 307 2.0889870275584523
243 251 0.0073557209979471013
243 244 -0.94512630428634226
244 308 1.8422939329317787
244 252 -2.1735136463544147
244 245 -0.29627532952022417
245 309 -0.42913278098137331
245 253 0.53261362200382278
245 246 0.78392545147926163
246 310 0.82175547304712959
246 254 -0.70391538277320942
246 247 0.69672634964523261
247 311 0.76408392885324738
247 255 0.067080399484751821
240 247 -0.66030027702121652
248 312 -1.8382441725761567
192 248 0.44821766565446391
248 249 1.1760762664406339
249 313 0.71570738195235362
193 249 -1.0488644778362879
249 250 -2.1960485407904971
250 314 -0.01495101560770673
194 250 -0.11250322982665892
250 251 -1.950879040668543
251 315 -0.40142908565194108
195 251 -0.98567076294272882
251 252 -0.72842554048205044
252 316 1.6519289282785614
196 252 -0.7376460971013048
252 253 -0.83669908996001019
253 317 0.17112440641023818
197 253 0.22073501604951803
253 254 0.027353426395047498
254 318 0.54228598700530339
198 254 -0.28237737332471635
254 255 -0.22417578528127088
255 319 -0.23365517591190074
199 255 0.84423966183852817
248 255 0.85112792035991369
256 320 -0.39812391769010658
256 264 -0.0083745455936708787
256 257 -0.52011162403546329
257 321 -0.2219172096321857
257 265 -1.1387606930245953
257 258 1.4080073598598466
258 322 1.7253017218875046
258 266 -0.53670135091568016
258 259 -0.17809731967272233
259 323 0.34549422891533971
259 267 -0.19567479001772606
259 260 -0.48434565817033254
260 324 -1.7137895663739957
260 268 -0.37015957359833662
260 261 -1.5140984353742637
261 325 -0.54738607874786638
261 269 -0.61270126645578227
261 262 -1.0280371459084725
262 326 1.3276895077872273
262 270 -0.5081882869691382
262 263 -0.76286647022825804
263 327 -1.1604431151055827
263 271 0.17564376166241086
256 263 0.60751373996831959
264 328 0.78069986698624794
264 272 -0.3558773608143988
264 265 0.51589958827764426
265 329 1.6065417594691203
265 273 -1.8800864570146392
265 266 1.0176671311950758
266 330 -1.408574046334014
266 274 -0.47335607090605097
266 267 0.90502620935929645
267 331 -1.4321827362400494
267 275 0.58833119850446514
267 268 1.0531843786705615
268 332 -0.79041617200913628
268 276 -0.11869871958993861
268 269 -1.9400036881161231
269 333 0.45279223864059409
269 277 -0.1638489816549174
269 270 -1.0054447151951673
270 334 -0.087942057372515772
270 278 -2.1617127099218325
270 271 -0.69230086301422422
271 335 -0.42709544086689644
271 279 -1.899194537448802
264 271 0.29284067870194902
272 336 -0.069981437643139605
272 280 -3.0638854182766262
272 273 -2.4394528164800415
273 337 -0.75538255367988738
273 281 2.0551578712027023
273 274 0.14688085881437196
274 338 -0.949835981062082
274 282 -2.0824933164759765
274 275 0.40402545714824178
275 339 1.1210020570352486
275 283 0.89143469478798754
275 276 -0.71129102921621745
276 340 -1.6942349083550305
276 284 0.023795934461907038
276 277 -0.91340247090490734
277 341 -1.0963276658778243
277 285 -0.93182773322268031
277 278 1.0784836726551335
278 342 1.1491773817412767
278 286 0.30762696973394382
278 279 0.4042047213461144
279 343 -0.02018806765970739
279 287 1.0907080502387259
272 279 1.0326364630693974
280 344 1.7111114163694656
280 288 -0.32679975588199012
280 281 -0.9131996053972059
281 345 -0.44523270616747346
281 289 0.16144793978404684
281 282 0.22588083771416143
282 346 -2.7201343990389217
282 290 0.70358075017296251
282 283 -0.88685149621667669
283 347 -1.4834423246712509
283 291 0.62860305932493443
283 284 -0.52442649132282648
284 348 0.21646147925943296
284 292 -0.49535819190166736
284 285 -0.75314317347899773
285 349 0.79252846693470314
285 293 0.85642688031483571
285 286 -1.3228067869216449
286 350 0.44555962818054284
286 294 2.7076944760279273
286 287 1.8135929094997387
287 351 -1.0670380685974659
287 295 0.48604127475490583
280 287 -0.81344996173619677
288 352 -0.71033880465618171
288 296 1.2407331388292768
288 289 -0.20315860640753303
289 353 0.41670714347174947
289 297 -0.79862798475965957
289 290 -1.2478958012219907
290 354 -0.0082582929112527594
290 298 0.38647847603217772
290 291 -0.81521964538404479
291 355 0.89622667443452353
291 299 0.64563465228169803
291 292 0.50128641159772935
292 356 1.2261506131465192
292 300 1.3055541570674052
292 293 -0.3456961029000945
293 357 0.54319850300457473
293 301 0.42264211855911388
293 294 0.51893276371876296
294 358 0.18309621229640932
294 302 1.2843331423793543
294 295 -0.42663711186019737
295 359 -0.35157616499412947
295 303 -0.29211540349915871
288 295 0.6613653849118204
296 360 -0.071677954156291121
296 304 0.27614160685466149
296 297 -1.4293431191714585
297 361 0.64833840240621954
297 305 -0.65775634651696335
297 298 -0.42086389053218665
298 362 1.5456259045054686
298 306 -0.37996511800818583
298 299 1.6322901358188548
299 363 -0.4602727934375358
299 307 -0.27731492462325863
299 300 -0.81177597683778091
300 364 -0.025132601358128403
300 308 -1.3685524481744769
300 301 0.72043876797411854
301 365 -1.2154429976756651
301 309 0.31557937718484491
301 302 -0.16473726728518087
302 366 0.64955731574141817
302 310 -1.1316104688892843
302 303 -0.50932113934333179
303 367 -0.16230898691226495
303 311 -3.0763961251921597
296 303 -0.11802170183514352
304 368 0.42718210081618208
304 312 -1.1993117626275294
304 305 0.42489430903767134
305 369 0.76165237071206349
305 313 -1.2199682074983793
305 306 0.18390316053255334
306 370 -1.5882591823050196
306 314 0.8063844338594961
306 307 1.2077542433482968
307 371 1.1370611490438995
307 315 -1.0837161303575482
307 308 0.56781913819853747
308 372 -2.0259034017947006
308 316 0.36156264961349954
308 309 1.2871090409070192
309 373 0.42936738237341487
309 317 -0.44419116962926364
309 310 0.46350466219699538
310 374 1.2030597281719204
310 318 1.1236371595433827
310 311 0.31149375883524566
311 375 -0.32586309402668073
311 319 -1.3269225685198298
304 311 -0.93425084363986521
312 376 -1.1324058266814041
256 312 -0.17498541712341995
312 313 -0.0023715285773553197
313 377 0.76427408094059013
257 313 1.0623245985631582
313 314 1.1053921715897672
314 378 -0.24266811005603578
258 314 0.60935707804078543
314 315 0.66398461112121399
315 379 1.5702959531397445
259 315 -0.34459069683373827
315 316 -1.1596812778480685
316 380 0.85008174649342805
260 316 -0.1621807833696243
316 317 -1.0402351894033557
317 381 -2.2962614738601053
261 317 -0.75888336731519301
317 318 1.0117966246393686
318 382 -0.21263159393439687
262 318 0.065274987089014663
318 319 0.90219066967516515
319 383 -0.021070322275745727
263 319 -0.12103078704284047
312 319 0.69236438558657076
320 384 -1.9792351032839259
320 328 0.789661564289041
320 321 -1.5617434332888374
321 385 1.9067111261481799
321 329 -0.28368060637525927
321 322 0.99650680629985577
322 386 -2.5632399234683314
322 330 -1.1522965330671322
322 323 -1.3583394840756489
323 387 -0.10957058322469194
323 331 -1.2804244290858828
323 324 0.86866474135820793
324 388 -0.96054548432772557
324 332 -0.56552210230271738
324 325 0.75930521709188581
325 389 -1.1760867182026533
325 333 0.65887879784348791
325 326 0.91149583356128394
326 390 0.93267861022711551
326 334 0.72914086376180542
326 327 -0.75227671788924444
327 391 0.1122486892615029
327 335 -0.37733337085365487
320 327 -0.76399012816127587
328 392 1.0520950453885591
328 336 -1.9148209200392832
328 329 -0.08153467106196581
329 393 -0.743419837333682
329 337 1.282366420284083
329 330 2.0287413094877675
330 394 -0.24168967615002568
330 338 -1.4959263998802435
330 331 -0.11159361028635185
331 395 -0.78819940741566497
331 339 0.1788812033451333
331 332 -1.5654832679421931
332 396 -0.83339844346542613
332 340 -3.3648315631680465
332 333 0.58710090194428055
333 397 -0.23458848730645249
333 341 1.0388191418928601
333 334 0.55436828815989503
334 398 -0.97888367693840916
334 342 0.24468673032238741
334 335 0.72200664393377079
335 399 -0.98089754672382146
335 343 -1.9291572248645137
328 335 0.68731795811562812
336 400 -0.088921674202598833
336 344 -0.41114730973902319
336 337 -1.3365530094755229
337 401 1.3224141821680442
337 345 0.63455144425679777
337 338 -0.89048508667611193
338 402 0.83341310939932156
338 346 0.77814306348136053
338 339 1.265970427544171
339 403 1.0074328863115476
339 347 0.79545437627603155
339 340 -0.37175495056118091
340 404 1.4973314525169759
340 348 -0.53087510241341662
340 341 -0.14994707120451631
341 405 0.23786701914212777
341 349 -0.20672152386766582
341 342 -0.21899654130881424
342 406 0.074523071242274502
342 350 1.0051404647716886
342 343 -0.11077438808886572
343 407 -0.023227525150739229
343 351 -3.4368108167990616
336 343 -0.33947128179203317
344 408 1.0981214183975225
344 352 -0.84276890330590704
344 345 0.020321940019574759
345 409 0.29557790337913176
345 353 -0.76735789741862603
345 346 1.3496011069816471
346 410 0.95249200558472635
346 354 0.14560896528058223
346 347 0.098251982451079828
347 411 1.8199565161205942
347 355 0.55765786644718118
347 348 0.57232834237532293
348 412 -0.89763268456553691
348 356 0.6248192507657907
348 349 -0.23620909041619872
349 413 0.7805868612096587
349 357 -2.0009969543997541
349 350 0.91070680565159956
350 414 1.0433239904786311
350 358 0.74987338186726649
350 351 -0.57097002633793159
351 415 -0.6740661087177755
351 359 -0.57616423153586549
344 351 -1.059085941003465
352 416 -1.744168431715476
352 360 0.17918222576753215
352 353 1.9701912651789792
353 417 -0.4065678011875396
353 361 -1.8090064844258487
353 354 0.37036427020367002
354 418 0.82677587120240559
354 362 0.50858207523815591
354 355 1.0874180105697659
355 419 -1.5208868353106524
355 363 -1.1133824225886344
355 356 -2.0257605134641454
356 420 -1.1916785509991226
356 364 -1.601324608745972
356 357 0.14588125577529124
357 421 0.02233796165965091
357 365 0.22086791499115482
357 358 -1.8724558714476087
358 422 -0.0011248357505893492
358 366 1.9314227371452035
358 359 -0.43189036197218333
359 423 -1.050081072698136
359 367 -1.0953596853184437
352 359 -1.3293325022074602
360 424 -1.2710841332644136
360 368 -1.7756312369560106
360 361 -1.3515349167899884
361 425 2.4136241894875954
361 369 -0.264447083313811
361 362 -0.37955999457960482
362 426 -1.0182249005907713
362 370 -0.020440334418131156
362 363 -0.52012315567351652
363 427 -0.34100766194056825
363 371 -1.5789289949048124
363 364 0.89542884765419239
364 428 0.51127088393297859
364 372 0.69080046354059221
364 365 -0.19093141245939668
365 429 -0.28658144963668686
365 373 -0.63235838434069713
365 366 -1.513034142028495
366 430 0.55921829108476451
366 374 -0.48313530934179233
366 367 0.44318664464248786
367 431 0.45988651917700357
367 375 0.088692725974614334
360 367 0.34157348134769083
368 432 1.4512674639644123
368 376 1.1479231081083756
368 369 0.54277895993516712
369 433 1.2214409925679548
369 377 1.1535603494724784
369 370 0.36812319064340598
370 434 0.36940839237167711
370 378 -0.068280444477571492
370 371 -0.77062391016923082
371 435 0.3995048518117893
371 379 0.076440136557023905
371 372 1.6221284785744523
372 436 0.39470706307174197
372 380 1.0835925347595585
372 373 -0.74822622717825082
373 437 -0.21466747446271919
373 381 1.3265060590287168
373 374 0.69292417248333482
374 438 -0.61878509006713966
374 382 0.90803791453574634
374 375 -0.85033481592104276
375 439 -0.82860278445100555
375 383 0.95941051534972654
368 375 1.1969247872749995
376 440 1.5319015534475537
320 376 -1.1931426938775305
376 377 -0.78891977863218588
377 441 0.81216056401654479
321 377 0.92896239714981876
377 378 0.63747852515501358
378 442 -0.65968019408219725
322 378 1.4182272833358411
378 379 0.32068850073678179
379 443 0.54056495758626799
323 379 -0.25181352575192545
379 380 -0.88536744652559807
380 444 -2.4547781942351734
324 380 -0.011056881366635773
380 381 -0.32411617073856597
381 445 -0.5461413623851562
325 381 -0.72685490028382005
381 382 0.49076743309247195
382 446 -0.2989741775801556
326 382 -0.68408264531914686
382 383 1.3016370491664921
383 447 0.021859038331468659
327 383 0.41507863263353867
376 383 0.27042352674391823
384 448 0.053188944068893539
384 392 -2.9424866488901174
384 385 -0.7552436330474751
385 449 0.45170363687966392
385 393 0.77779087114281087
385 386 -0.1803792186358662
386 450 1.4593997946051465
386 394 0.8012364175663591
386 387 -1.0028605916855036
387 451 0.29769080441103402
387 395 0.32078269785769914
387 388 0.39723565897133217
388 452 -0.48491405518211989
388 396 -0.40998368949456654
388 389 -1.7468491622042777
389 453 0.44226811440016683
389 397 0.82244587037621431
389 390 -0.70849066643565939
390 454 -1.4071562282533587
390 398 1.7661373550991672
390 391 -0.20203758823140872
391 455 -0.62028821562912684
391 399 -0.26615784045124669
384 391 0.21417364529690508
392 456 -1.4572164004674648
392 400 -0.23243059940380148
392 393 0.5664929395333308
393 457 -0.83563035754514292
393 401 -0.24860449525786754
393 394 -1.204071769521138
394 458 0.36766442557649187
394 402 0.42339363192499224
394 395 -0.14750518843359739
395 459 -0.74653781349120651
395 403 0.65975252594397915
395 396 0.53694849641816433
396 460 -0.93876931276408293
396 404 0.46304616774899421
396 397 0.59989822527121917
397 461 -0.81696022831196258
397 405 -0.64236733464662565
397 398 -0.35967709812335036
398 462 1.2348521540930133
398 406 0.53139576744689432
398 399 -1.0000419274239791
399 463 -1.2312681872058677
399 407 -0.26770302786885714
392 399 -1.427997502639162
400 464 -0.041777535110846413
400 408 -0.925639717910824
400 401 -1.1047551185526538
401 465 -1.3100631901574411
401 409 -0.12139545258854097
401 402 -0.75496054445343064
402 466 -1.3871048794198633
402 410 -0.26519456359495347
402 403 -0.21681968063603038
403 467 0.62066170294213296
403 411 -1.1503559117427737
403 404 -0.54695466845208551
404 468 0.59326990528000612
404 412 0.085208646711027194
404 405 0.43442843354831068
405 469 -1.1593460443156809
405 413 -0.83343916314185884
405 406 -1.5883385373027654
406 470 0.049189702240365688
406 414 -0.57072695958331821
406 407 -2.0218349352391969
407 471 -0.36270104018253058
407 415 1.3504672674109599
400 407 0.28053149395097221
408 472 1.1026139327306983
408 416 -1.0400436780081521
408 409 -0.4378711679300149
409 473 0.18580085994606765
409 417 0.31408289016233371
409 410 -1.0833049088829019
410 474 0.52453936112321042
410 418 -0.027260758697773741
410 411 -0.46567983994122231
411 475 1.3386498355773935
411 419 -0.96489706013944532
411 412 1.0443254383653453
412 476 -0.52362690358102193
412 420 -1.712602491082021
412 413 -0.22330300226261274
413 477 0.18601859588898473
413 421 -0.42010859674146878
413 414 0.23617968825787131
414 478 -0.13915566986693842
414 422 0.39388647097932428
414 415 -0.82893433883395362
415 479 -0.21414530869094622
415 423 -0.11922977297407662
408 415 1.1840840839810767
416 480 0.35484597109980537
416 424 0.51083354531743397
416 417 1.1447923022031754
417 481 -0.024692191584600846
417 425 2.0726866205353849
417 418 -0.55660525194213428
418 482 0.052475443931599135
418 426 -1.3554494483813417
418 419 0.21179110966073611
419 483 -0.68053206089307261
419 427 -0.18155233564093978
419 420 -0.76931823763382301
420 484 -0.7474888345099201
420 428 -1.9525042608259997
420 421 0.33505553018839779
421 485 -0.52805423618890512
421 429 -0.24591072808835493
421 422 -0.16217757055094162
422 486 -0.37145801382184807
422 430 -0.16115611085711601
422 423 0.95553738383993214
423 487 -0.26701857895832726
423 431 -0.63949162552352767
416 423 0.56662215286263939
424 488 0.12800744636052655
424 432 -0.37608313886838374
424 425 -1.3036921091346652
425 489 -0.15081737115082669
425 433 -1.9286412048421575
425 426 1.5883137744946401
426 490 1.4482363667423208
426 434 -0.07702026074227826
426 427 0.35054059232775076
427 491 0.4057878272258405
427 435 0.93410424027068106
427 428 0.66899415380818683
428 492 0.1044467973717067
428 436 0.02729382525978059
428 429 0.081783279192208277
429 493 -0.66438164952553347
429 437 0.42217896829505425
429 430 -0.3249389130584539
430 494 -0.16269424803890178
430 438 -1.1446932666339271
430 431 -0.88060035195177444
431 495 0.56555842721592675
431 439 -1.7504727625077807
424 431 1.9835456958359408
432 496 0.61156243848130354
432 440 -0.50346827538909855
432 433 0.30580013285911045
433 497 0.2280305964042148
433 441 1.2502132474731056
433 434 -0.68882490104305671
434 498 0.37210569868116344
434 442 1.2624733858441357
434 435 -0.3108611110885765
435 499 2.0647740811004489
435 443 -0.99990161554782231
435 436 -0.55206691934585372
436 500 0.5473071968114499
436 444 -0.40771456978265525
436 437 -0.46540006332136019
437 501 0.85221208487466271
437 445 0.77650398541820875
437 438 -0.2944349842354414
438 502 -0.42023455576071128
438 446 -1.1298372463753521
438 439 -0.071047480393283582
439 503 -0.95798219998546874
439 447 -0.1928803006301745
432 439 0.68238958423038043
440 504 -0.88660791044142662
384 440 -0.91938986385362531
440 441 0.01975286752210291
441 505 0.10139923270620986
385 441 -0.75157375469198562
441 442 0.82487863931256966
442 506 0.19380286231257005
386 442 -1.3137960080735731
442 443 -0.36758637413329759
443 507 -1.120608737905032
387 443 0.58180156583790577
443 444 -0.089512221308235496
444 508 -1.2257568657302589
388 444 1.1364201619055507
444 445 -1.5357911637511639
445 509 -0.79082243952192677
389 445 -0.75214763282612596
445 446 -0.072066711110189446
446 510 0.9360693438652844
390 446 -0.61255912543178126
446 447 1.6108061156071383
447 511 -1.3853244997379976
391 447 -1.0583226377942252
440 447 -0.80412895549763186
0 448 0.11123658547763964
448 456 -1.2724967600711758
448 449 -0.62564442185987501
1 449 -0.18639559608776482
449 457 1.1030116980381266
449 450 -0.84569195837377886
2 450 0.53032560441399224
450 458 1.4041349042101567
450 451 1.5681936856789491
3 451 1.6086851938439908
451 459 0.10609662869552154
451 452 -1.2910981958871737
4 452 -0.25964310886325903
452 460 -1.6441037272367358
452 453 -2.5357522054216504
5 453 1.4121306994298304
453 461 2.249946123084881
453 454 -0.80301424371827435
6 454 1.0081249884492371
454 462 -1.1320782769532716
454 455 -0.57618325128069137
7 455 -0.68527523754913755
455 463 1.2306211448113791
448 455 -1.1671344404102499
8 456 0.57951016859143722
456 464 -0.23696040466509452
456 457 -0.4903179365475539
9 457 -0.050268731996461674
457 465 -1.3459719968754393
457 458 1.1938000499520141
10 458 0.20506052747589054
458 466 -0.31452476085282771
458 459 0.68365247118011996
11 459 -0.31335831271849635
459 467 -0.159200377341602
459 460 1.2453440116191612
12 460 0.13309992695232828
460 468 2.0623148461719971
460 461 -0.99254580301570428
13 461 0.72345472891511697
461 469 0.66157829733589335
461 462 0.34416497614084057
14 462 0.34586401673641265
462 470 -0.23044509179964584
462 463 -0.57568228884609352
15 463 -1.149531490767312
463 471 0.6158761981073011
456 463 -1.6981801241538079
16 464 -0.44266934099470878
464 472 0.0088624618766759561
464 465 -0.2192769254501058
17 465 -0.43386906383142843
465 473 0.702652732565755
465 466 -0.097906447481893935
18 466 -0.27086656132334119
466 474 -0.32715120250162488
466 467 -1.8934125108738789
19 467 0.00089918731440553922
467 475 -0.29178160622288557
467 468 -0.30578969373632714
20 468 -0.91320564633144874
468 476 -0.40698088127056697
468 469 0.67088715944084687
21 469 -1.2042361911958039
469 477 -1.89855180669417
469 470 1.5182874159626087
22 470 -1.3616340265952802
470 478 0.30975836173352717
470 471 -1.6599220230018792
23 471 -0.1762264765261557
471 479 -0.69161035489793043
464 471 -0.66539934938328837
24 472 1.8859949269299934
472 480 -0.03532994764325164
472 473 0.65511240532773907
25 473 -0.089035178816428057
473 481 0.82849012359603602
473 474 0.84162896276413979
26 474 -0.91928199676880451
474 482 -2.09380535753807
474 475 0.16892853647641015
27 475 -0.83389627001282551
475 483 1.8310634077587491
475 476 -0.61709522588381016
28 476 -0.55836771100635718
476 484 0.87585112092981243
476 477 -0.15359070701011041
29 477 0.40430276156176598
477 485 -0.19134275856071703
477 478 -0.90367964541911128
30 478 1.7080653137645925
478 486 0.17912608189567497
478 479 -0.071633483618813179
31 479 -0.050210400023552516
479 487 0.52009413567222829
472 479 -0.97211104218125022
32 480 -0.17827608347168383
480 488 -0.62539672866865936
480 481 -0.27863698516798419
33 481 -1.3438419119279472
481 489 -0.64613635924367385
481 482 -0.74099383394951457
34 482 1.082855458381822
482 490 1.486874313915868
482 483 0.31469407824115475
35 483 -0.91498593750483936
483 491 -1.0922424362786773
483 484 -0.77460883767844924
36 484 -1.0663534433994093
484 492 -0.041085706150170639
484 485 0.4636682286455564
37 485 0.60271397808261418
485 493 -1.2982025335801972
485 486 -0.24838184138066993
38 486 -0.56414136911951895
486 494 0.13219249233474525
486 487 1.0345455917840414
39 487 -0.36579053671410056
487 495 0.19545533318583719
480 487 0.49289672211203006
40 488 0.65930486836671087
488 496 0.94729833674311648
488 489 0.6810910076386345
41 489 -0.29454437380598181
489 497 0.34551261098218689
489 490 1.1967375980185524
42 490 0.54883310783896977
490 498 0.76970641638090276
490 491 1.2819385853904843
43 491 1.7757599934637656
491 499 -0.7742666824592187
491 492 0.83453801030527219
44 492 1.1676611631194784
492 500 0.24338930045123036
492 493 -1.0652668326445058
45 493 -1.2739323311638473
493 501 -0.29806510830327732
493 494 -1.9333252181418239
46 494 2.4723439043515647
494 502 0.05106894977428026
494 495 1.2837865620037652
47 495 -2.627298492112331
495 503 -0.25690556517944302
488 495 -0.27531429761812332
48 496 0.71634970587641345
496 504 0.29591210570041976
496 497 -0.5114441131688775
49 497 -0.33964126915262771
497 505 -0.43703503526697846
497 498 -0.11211112293806995
50 498 -1.8227167009129224
498 506 0.72336001864363564
498 499 -0.94965850808997443
51 499 -0.20314844763838361
499 507 -0.49983488800737802
499 500 -1.7925869390629003
52 500 1.6096252684360211
500 508 0.95578911940285094
500 501 0.1928696692097398
53 501 -1.2609239424853065
501 509 -0.72731385663993098
501 502 0.9010148021592721
54 502 -0.48821042557682598
502 510 -1.3236913356730475
502 503 -2.3535600952580062
55 503 0.6433224898050105
503 511 -1.7789577160742691
496 503 -0.72406475539093573
56 504 -0.47446280001986668
448 504 0.21622938157838811
504 505 -2.2831590641347819
57 505 1.466784295917988
449 505 -1.1794011810430143
505 506 -0.73310352408623713
58 506 0.21036218720654037
450 506 -0.69313434037507737
506 507 -1.2686617297586253
59 507 0.098368660946809391
451 507 0.77273641191230125
507 508 2.4156830311846842
60 508 -1.0448991821391342
452 508 -0.96369280288936465
508 509 -0.87032646802069469
61 509 -0.2897390010603122
453 509 -0.54808028249096186
509 510 0.15514838508193221
62 510 -0.1184154273595876
454 510 -0.88367957712295719
510 511 -0.79724294452910249
63 511 -1.6176627935520205
455 511 0.11123532066525357
504 511 -0.99281657524941413
