# model=ea2d N=2304 meanJ=0 seed=2797126961 distribution=gaussian field=0 num_fields=2304 num_couplings=4608
0 0
1 0
2 0
3 0
4 0
5 0
6 0
7 0
8 0
9 0
10 0
11 0
12 0
13 0
14 0
15 0
16 0
17 0
18 0
19 0
20 0
21 0
22 0
23 0
24 0
25 0
26 0
27 0
28 0
29 0
30 0
31 0
32 0
33 0
34 0
35 0
36 0
37 0
38 0
39 0
40 0
41 0
42 0
43 0
44 0
45 0
46 0
47 0
48 0
49 0
50 0
51 0
52 0
53 0
54 0
55 0
56 0
57 0
58 0
59 0
60 0
61 0
62 0
63 0
64 0
65 0
66 0
67 0
68 0
69 0
70 0
71 0
72 0
73 0
74 0
75 0
76 0
77 0
78 0
79 0
80 0
81 0
82 0
83 0
84 0
85 0
86 0
87 0
88 0
89 0
90 0
91 0
92 0
93 0
94 0
95 0
96 0
97 0
98 0
99 0
100 0
101 0
102 0
103 0
104 0
105 0
106 0
107 0
108 0
109 0
110 0
111 0
112 0
113 0
114 0
115 0
116 0
117 0
118 0
119 0
120 0
121 0
122 0
123 0
124 0
125 0
126 0
127 0
128 0
129 0
130 0
131 0
132 0
133 0
134 0
135 0
136 0
137 0
138 0
139 0
140 0
141 0
142 0
143 0
144 0
145 0
146 0
147 0
148 0
149 0
150 0
151 0
152 0
153 0
154 0
155 0
156 0
157 0
158 0
159 0
160 0
161 0
162 0
163 0
164 0
165 0
166 0
167 0
168 0
169 0
170 0
171 0
172 0
173 0
174 0
175 0
176 0
177 0
178 0
179 0
180 0
181 0
182 0
183 0
184 0
185 0
186 0
187 0
188 0
189 0
190 0
191 0
192 0
193 0
194 0
195 0
196 0
197 0
198 0
199 0
200 0
201 0
202 0
203 0
204 0
205 0
206 0
207 0
208 0
209 0
210 0
211 0
212 0
213 0
214 0
215 0
216 0
217 0
218 0
219 0
220 0
221 0
222 0
223 0
224 0
225 0
226 0
227 0
228 0
229 0
230 0
231 0
232 0
233 0
234 0
235 0
236 0
237 0
238 0
239 0
240 0
241 0
242 0
243 0
244 0
245 0
246 0
247 0
248 0
249 0
250 0
251 0
252 0
253 0
254 0
255 0
256 0
257 0
258 0
259 0
260 0
261 0
262 0
263 0
264 0
265 0
266 0
267 0
268 0
269 0
270 0
271 0
272 0
273 0
274 0
275 0
276 0
277 0
278 0
279 0
280 0
281 0
282 0
283 0
284 0
285 0
286 0
287 0
288 0
289 0
290 0
291 0
292 0
293 0
294 0
295 0
296 0
297 0
298 0
299 0
300 0
301 0
302 0
303 0
304 0
305 0
306 0
307 0
308 0
309 0
310 0
311 0
312 0
313 0
314 0
315 0
316 0
317 0
318 0
319 0
320 0
321 0
322 0
323 0
324 0
325 0
326 0
327 0
328 0
329 0
330 0
331 0
332 0
333 0
334 0
335 0
336 0
337 0
338 0
339 0
340 0
341 0
342 0
343 0
344 0
345 0
346 0
347 0
348 0
349 0
350 0
351 0
352 0
353 0
354 0
355 0
356 0
357 0
358 0
359 0
360 0
361 0
362 0
363 0
364 0
365 0
366 0
367 0
368 0
369 0
370 0
371 0
372 0
373 0
374 0
375 0
376 0
377 0
378 0
379 0
380 0
381 0
382 0
383 0
384 0
385 0
386 0
387 0
388 0
389 0
390 0
391 0
392 0
393 0
394 0
395 0
396 0
397 0
398 0
399 0
400 0
401 0
402 0
403 0
404 0
405 0
406 0
407 0
408 0
409 0
410 0
411 0
412 0
413 0
414 0
415 0
416 0
417 0
418 0
419 0
420 0
421 0
422 0
423 0
424 0
425 0
426 0
427 0
428 0
429 0
430 0
431 0
432 0
433 0
434 0
435 0
436 0
437 0
438 0
439 0
440 0
441 0
442 0
443 0
444 0
445 0
446 0
447 0
448 0
449 0
450 0
451 0
452 0
453 0
454 0
455 0
456 0
457 0
458 0
459 0
460 0
461 0
462 0
463 0
464 0
465 0
466 0
467 0
468 0
469 0
470 0
471 0
472 0
473 0
474 0
475 0
476 0
477 0
478 0
479 0
480 0
481 0
482 0
483 0
484 0
485 0
486 0
487 0
488 0
489 0
490 0
491 0
492 0
493 0
494 0
495 0
496 0
497 0
498 0
499 0
500 0
501 0
502 0
503 0
504 0
505 0
506 0
507 0
508 0
509 0
510 0
511 0
512 0
513 0
514 0
515 0
516 0
517 0
518 0
519 0
520 0
521 0
522 0
523 0
524 0
525 0
526 0
527 0
528 0
529 0
530 0
531 0
532 0
533 0
534 0
535 0
536 0
537 0
538 0
539 0
540 0
541 0
542 0
543 0
544 0
545 0
546 0
547 0
548 0
549 0
550 0
551 0
552 0
553 0
554 0
555 0
556 0
557 0
558 0
559 0
560 0
561 0
562 0
563 0
564 0
565 0
566 0
567 0
568 0
569 0
570 0
571 0
572 0
573 0
574 0
575 0
576 0
577 0
578 0
579 0
580 0
581 0
582 0
583 0
584 0
585 0
586 0
587 0
588 0
589 0
590 0
591 0
592 0
593 0
594 0
595 0
596 0
597 0
598 0
599 0
600 0
601 0
602 0
603 0
604 0
605 0
606 0
607 0
608 0
609 0
610 0
611 0
612 0
613 0
614 0
615 0
616 0
617 0
618 0
619 0
620 0
621 0
622 0
623 0
624 0
625 0
626 0
627 0
628 0
629 0
630 0
631 0
632 0
633 0
634 0
635 0
636 0
637 0
638 0
639 0
640 0
641 0
642 0
643 0
644 0
645 0
646 0
647 0
648 0
649 0
650 0
651 0
652 0
653 0
654 0
655 0
656 0
657 0
658 0
659 0
660 0
661 0
662 0
663 0
664 0
665 0
666 0
667 0
668 0
669 0
670 0
671 0
672 0
673 0
674 0
675 0
676 0
677 0
678 0
679 0
680 0
681 0
682 0
683 0
684 0
685 0
686 0
687 0
688 0
689 0
690 0
691 0
692 0
693 0
694 0
695 0
696 0
697 0
698 0
699 0
700 0
701 0
702 0
703 0
704 0
705 0
706 0
707 0
708 0
709 0
710 0
711 0
712 0
713 0
714 0
715 0
716 0
717 0
718 0
719 0
720 0
721 0
722 0
723 0
724 0
725 0
726 0
727 0
728 0
729 0
730 0
731 0
732 0
733 0
734 0
735 0
736 0
737 0
738 0
739 0
740 0
741 0
742 0
743 0
744 0
745 0
746 0
747 0
748 0
749 0
750 0
751 0
752 0
753 0
754 0
755 0
756 0
757 0
758 0
759 0
760 0
761 0
762 0
763 0
764 0
765 0
766 0
767 0
768 0
769 0
770 0
771 0
772 0
773 0
774 0
775 0
776 0
777 0
778 0
779 0
780 0
781 0
782 0
783 0
784 0
785 0
786 0
787 0
788 0
789 0
790 0
791 0
792 0
793 0
794 0
795 0
796 0
797 0
798 0
799 0
800 0
801 0
802 0
803 0
804 0
805 0
806 0
807 0
808 0
809 0
810 0
811 0
812 0
813 0
814 0
815 0
816 0
817 0
818 0
819 0
820 0
821 0
822 0
823 0
824 0
825 0
826 0
827 0
828 0
829 0
830 0
831 0
832 0
833 0
834 0
835 0
836 0
837 0
838 0
839 0
840 0
841 0
842 0
843 0
844 0
845 0
846 0
847 0
848 0
849 0
850 0
851 0
852 0
853 0
854 0
855 0
856 0
857 0
858 0
859 0
860 0
861 0
862 0
863 0
864 0
865 0
866 0
867 0
868 0
869 0
870 0
871 0
872 0
873 0
874 0
875 0
876 0
877 0
878 0
879 0
880 0
881 0
882 0
883 0
884 0
885 0
886 0
887 0
888 0
889 0
890 0
891 0
892 0
893 0
894 0
895 0
896 0
897 0
898 0
899 0
900 0
901 0
902 0
903 0
904 0
905 0
906 0
907 0
908 0
909 0
910 0
911 0
912 0
913 0
914 0
915 0
916 0
917 0
918 0
919 0
920 0
921 0
922 0
923 0
924 0
925 0
926 0
927 0
928 0
929 0
930 0
931 0
932 0
933 0
934 0
935 0
936 0
937 0
938 0
939 0
940 0
941 0
942 0
943 0
944 0
945 0
946 0
947 0
948 0
949 0
950 0
951 0
952 0
953 0
954 0
955 0
956 0
957 0
958 0
959 0
960 0
961 0
962 0
963 0
964 0
965 0
966 0
967 0
968 0
969 0
970 0
971 0
972 0
973 0
974 0
975 0
976 0
977 0
978 0
979 0
980 0
981 0
982 0
983 0
984 0
985 0
986 0
987 0
988 0
989 0
990 0
991 0
992 0
993 0
994 0
995 0
996 0
997 0
998 0
999 0
1000 0
1001 0
1002 0
1003 0
1004 0
1005 0
1006 0
1007 0
1008 0
1009 0
1010 0
1011 0
1012 0
1013 0
1014 0
1015 0
1016 0
1017 0
1018 0
1019 0
1020 0
1021 0
1022 0
1023 0
1024 0
1025 0
1026 0
1027 0
1028 0
1029 0
1030 0
1031 0
1032 0
1033 0
1034 0
1035 0
1036 0
1037 0
1038 0
1039 0
1040 0
1041 0
1042 0
1043 0
1044 0
1045 0
1046 0
1047 0
1048 0
1049 0
1050 0
1051 0
1052 0
1053 0
1054 0
1055 0
1056 0
1057 0
1058 0
1059 0
1060 0
1061 0
1062 0
1063 0
1064 0
1065 0
1066 0
1067 0
1068 0
1069 0
1070 0
1071 0
1072 0
1073 0
1074 0
1075 0
1076 0
1077 0
1078 0
1079 0
1080 0
1081 0
1082 0
1083 0
1084 0
1085 0
1086 0
1087 0
1088 0
1089 0
1090 0
1091 0
1092 0
1093 0
1094 0
1095 0
1096 0
1097 0
1098 0
1099 0
1100 0
1101 0
1102 0
1103 0
1104 0
1105 0
1106 0
1107 0
1108 0
1109 0
1110 0
1111 0
1112 0
1113 0
1114 0
1115 0
1116 0
1117 0
1118 0
1119 0
1120 0
1121 0
1122 0
1123 0
1124 0
1125 0
1126 0
1127 0
1128 0
1129 0
1130 0
1131 0
1132 0
1133 0
1134 0
1135 0
1136 0
1137 0
1138 0
1139 0
1140 0
1141 0
1142 0
1143 0
1144 0
1145 0
1146 0
1147 0
1148 0
1149 0
1150 0
1151 0
1152 0
1153 0
1154 0
1155 0
1156 0
1157 0
1158 0
1159 0
1160 0
1161 0
1162 0
1163 0
1164 0
1165 0
1166 0
1167 0
1168 0
1169 0
1170 0
1171 0
1172 0
1173 0
1174 0
1175 0
1176 0
1177 0
1178 0
1179 0
1180 0
1181 0
1182 0
1183 0
1184 0
1185 0
1186 0
1187 0
1188 0
1189 0
1190 0
1191 0
1192 0
1193 0
1194 0
1195 0
1196 0
1197 0
1198 0
1199 0
1200 0
1201 0
1202 0
1203 0
1204 0
1205 0
1206 0
1207 0
1208 0
1209 0
1210 0
1211 0
1212 0
1213 0
1214 0
1215 0
1216 0
1217 0
1218 0
1219 0
1220 0
1221 0
1222 0
1223 0
1224 0
1225 0
1226 0
1227 0
1228 0
1229 0
1230 0
1231 0
1232 0
1233 0
1234 0
1235 0
1236 0
1237 0
1238 0
1239 0
1240 0
1241 0
1242 0
1243 0
1244 0
1245 0
1246 0
1247 0
1248 0
1249 0
1250 0
1251 0
1252 0
1253 0
1254 0
1255 0
1256 0
1257 0
1258 0
1259 0
1260 0
1261 0
1262 0
1263 0
1264 0
1265 0
1266 0
1267 0
1268 0
1269 0
1270 0
1271 0
1272 0
1273 0
1274 0
1275 0
1276 0
1277 0
1278 0
1279 0
1280 0
1281 0
1282 0
1283 0
1284 0
1285 0
1286 0
1287 0
1288 0
1289 0
1290 0
1291 0
1292 0
1293 0
1294 0
1295 0
1296 0
1297 0
1298 0
1299 0
1300 0
1301 0
1302 0
1303 0
1304 0
1305 0
1306 0
1307 0
1308 0
1309 0
1310 0
1311 0
1312 0
1313 0
1314 0
1315 0
1316 0
1317 0
1318 0
1319 0
1320 0
1321 0
1322 0
1323 0
1324 0
1325 0
1326 0
1327 0
1328 0
1329 0
1330 0
1331 0
1332 0
1333 0
1334 0
1335 0
1336 0
1337 0
1338 0
1339 0
1340 0
1341 0
1342 0
1343 0
1344 0
1345 0
1346 0
1347 0
1348 0
1349 0
1350 0
1351 0
1352 0
1353 0
1354 0
1355 0
1356 0
1357 0
1358 0
1359 0
1360 0
1361 0
1362 0
1363 0
1364 0
1365 0
1366 0
1367 0
1368 0
1369 0
1370 0
1371 0
1372 0
1373 0
1374 0
1375 0
1376 0
1377 0
1378 0
1379 0
1380 0
1381 0
1382 0
1383 0
1384 0
1385 0
1386 0
1387 0
1388 0
1389 0
1390 0
1391 0
1392 0
1393 0
1394 0
1395 0
1396 0
1397 0
1398 0
1399 0
1400 0
1401 0
1402 0
1403 0
1404 0
1405 0
1406 0
1407 0
1408 0
1409 0
1410 0
1411 0
1412 0
1413 0
1414 0
1415 0
1416 0
1417 0
1418 0
1419 0
1420 0
1421 0
1422 0
1423 0
1424 0
1425 0
1426 0
1427 0
1428 0
1429 0
1430 0
1431 0
1432 0
1433 0
1434 0
1435 0
1436 0
1437 0
1438 0
1439 0
1440 0
1441 0
1442 0
1443 0
1444 0
1445 0
1446 0
1447 0
1448 0
1449 0
1450 0
1451 0
1452 0
1453 0
1454 0
1455 0
1456 0
1457 0
1458 0
1459 0
1460 0
1461 0
1462 0
1463 0
1464 0
1465 0
1466 0
1467 0
1468 0
1469 0
1470 0
1471 0
1472 0
1473 0
1474 0
1475 0
1476 0
1477 0
1478 0
1479 0
1480 0
1481 0
1482 0
1483 0
1484 0
1485 0
1486 0
1487 0
1488 0
1489 0
1490 0
1491 0
1492 0
1493 0
1494 0
1495 0
1496 0
1497 0
1498 0
1499 0
1500 0
1501 0
1502 0
1503 0
1504 0
1505 0
1506 0
1507 0
1508 0
1509 0
1510 0
1511 0
1512 0
1513 0
1514 0
1515 0
1516 0
1517 0
1518 0
1519 0
1520 0
1521 0
1522 0
1523 0
1524 0
1525 0
1526 0
1527 0
1528 0
1529 0
1530 0
1531 0
1532 0
1533 0
1534 0
1535 0
1536 0
1537 0
1538 0
1539 0
1540 0
1541 0
1542 0
1543 0
1544 0
1545 0
1546 0
1547 0
1548 0
1549 0
1550 0
1551 0
1552 0
1553 0
1554 0
1555 0
1556 0
1557 0
1558 0
1559 0
1560 0
1561 0
1562 0
1563 0
1564 0
1565 0
1566 0
1567 0
1568 0
1569 0
1570 0
1571 0
1572 0
1573 0
1574 0
1575 0
1576 0
1577 0
1578 0
1579 0
1580 0
1581 0
1582 0
1583 0
1584 0
1585 0
1586 0
1587 0
1588 0
1589 0
1590 0
1591 0
1592 0
1593 0
1594 0
1595 0
1596 0
1597 0
1598 0
1599 0
1600 0
1601 0
1602 0
1603 0
1604 0
1605 0
1606 0
1607 0
1608 0
1609 0
1610 0
1611 0
1612 0
1613 0
1614 0
1615 0
1616 0
1617 0
1618 0
1619 0
1620 0
1621 0
1622 0
1623 0
1624 0
1625 0
1626 0
1627 0
1628 0
1629 0
1630 0
1631 0
1632 0
1633 0
1634 0
1635 0
1636 0
1637 0
1638 0
1639 0
1640 0
1641 0
1642 0
1643 0
1644 0
1645 0
1646 0
1647 0
1648 0
1649 0
1650 0
1651 0
1652 0
1653 0
1654 0
1655 0
1656 0
1657 0
1658 0
1659 0
1660 0
1661 0
1662 0
1663 0
1664 0
1665 0
1666 0
1667 0
1668 0
1669 0
1670 0
1671 0
1672 0
1673 0
1674 0
1675 0
1676 0
1677 0
1678 0
1679 0
1680 0
1681 0
1682 0
1683 0
1684 0
1685 0
1686 0
1687 0
1688 0
1689 0
1690 0
1691 0
1692 0
1693 0
1694 0
1695 0
1696 0
1697 0
1698 0
1699 0
1700 0
1701 0
1702 0
1703 0
1704 0
1705 0
1706 0
1707 0
1708 0
1709 0
1710 0
1711 0
1712 0
1713 0
1714 0
1715 0
1716 0
1717 0
1718 0
1719 0
1720 0
1721 0
1722 0
1723 0
1724 0
1725 0
1726 0
1727 0
1728 0
1729 0
1730 0
1731 0
1732 0
1733 0
1734 0
1735 0
1736 0
1737 0
1738 0
1739 0
1740 0
1741 0
1742 0
1743 0
1744 0
1745 0
1746 0
1747 0
1748 0
1749 0
1750 0
1751 0
1752 0
1753 0
1754 0
1755 0
1756 0
1757 0
1758 0
1759 0
1760 0
1761 0
1762 0
1763 0
1764 0
1765 0
1766 0
1767 0
1768 0
1769 0
1770 0
1771 0
1772 0
1773 0
1774 0
1775 0
1776 0
1777 0
1778 0
1779 0
1780 0
1781 0
1782 0
1783 0
1784 0
1785 0
1786 0
1787 0
1788 0
1789 0
1790 0
1791 0
1792 0
1793 0
1794 0
1795 0
1796 0
1797 0
1798 0
1799 0
1800 0
1801 0
1802 0
1803 0
1804 0
1805 0
1806 0
1807 0
1808 0
1809 0
1810 0
1811 0
1812 0
1813 0
1814 0
1815 0
1816 0
1817 0
1818 0
1819 0
1820 0
1821 0
1822 0
1823 0
1824 0
1825 0
1826 0
1827 0
1828 0
1829 0
1830 0
1831 0
1832 0
1833 0
1834 0
1835 0
1836 0
1837 0
1838 0
1839 0
1840 0
1841 0
1842 0
1843 0
1844 0
1845 0
1846 0
1847 0
1848 0
1849 0
1850 0
1851 0
1852 0
1853 0
1854 0
1855 0
1856 0
1857 0
1858 0
1859 0
1860 0
1861 0
1862 0
1863 0
1864 0
1865 0
1866 0
1867 0
1868 0
1869 0
1870 0
1871 0
1872 0
1873 0
1874 0
1875 0
1876 0
1877 0
1878 0
1879 0
1880 0
1881 0
1882 0
1883 0
1884 0
1885 0
1886 0
1887 0
1888 0
1889 0
1890 0
1891 0
1892 0
1893 0
1894 0
1895 0
1896 0
1897 0
1898 0
1899 0
1900 0
1901 0
1902 0
1903 0
1904 0
1905 0
1906 0
1907 0
1908 0
1909 0
1910 0
1911 0
1912 0
1913 0
1914 0
1915 0
1916 0
1917 0
1918 0
1919 0
1920 0
1921 0
1922 0
1923 0
1924 0
1925 0
1926 0
1927 0
1928 0
1929 0
1930 0
1931 0
1932 0
1933 0
1934 0
1935 0
1936 0
1937 0
1938 0
1939 0
1940 0
1941 0
1942 0
1943 0
1944 0
1945 0
1946 0
1947 0
1948 0
1949 0
1950 0
1951 0
1952 0
1953 0
1954 0
1955 0
1956 0
1957 0
1958 0
1959 0
1960 0
1961 0
1962 0
1963 0
1964 0
1965 0
1966 0
1967 0
1968 0
1969 0
1970 0
1971 0
1972 0
1973 0
1974 0
1975 0
1976 0
1977 0
1978 0
1979 0
1980 0
1981 0
1982 0
1983 0
1984 0
1985 0
1986 0
1987 0
1988 0
1989 0
1990 0
1991 0
1992 0
1993 0
1994 0
1995 0
1996 0
1997 0
1998 0
1999 0
2000 0
2001 0
2002 0
2003 0
2004 0
2005 0
2006 0
2007 0
2008 0
2009 0
2010 0
2011 0
2012 0
2013 0
2014 0
2015 0
2016 0
2017 0
2018 0
2019 0
2020 0
2021 0
2022 0
2023 0
2024 0
2025 0
2026 0
2027 0
2028 0
2029 0
2030 0
2031 0
2032 0
2033 0
2034 0
2035 0
2036 0
2037 0
2038 0
2039 0
2040 0
2041 0
2042 0
2043 0
2044 0
2045 0
2046 0
2047 0
2048 0
2049 0
2050 0
2051 0
2052 0
2053 0
2054 0
2055 0
2056 0
2057 0
2058 0
2059 0
2060 0
2061 0
2062 0
2063 0
2064 0
2065 0
2066 0
2067 0
2068 0
2069 0
2070 0
2071 0
2072 0
2073 0
2074 0
2075 0
2076 0
2077 0
2078 0
2079 0
2080 0
2081 0
2082 0
2083 0
2084 0
2085 0
2086 0
2087 0
2088 0
2089 0
2090 0
2091 0
2092 0
2093 0
2094 0
2095 0
2096 0
2097 0
2098 0
2099 0
2100 0
2101 0
2102 0
2103 0
2104 0
2105 0
2106 0
2107 0
2108 0
2109 0
2110 0
2111 0
2112 0
2113 0
2114 0
2115 0
2116 0
2117 0
2118 0
2119 0
2120 0
2121 0
2122 0
2123 0
2124 0
2125 0
2126 0
2127 0
2128 0
2129 0
2130 0
2131 0
2132 0
2133 0
2134 0
2135 0
2136 0
2137 0
2138 0
2139 0
2140 0
2141 0
2142 0
2143 0
2144 0
2145 0
2146 0
2147 0
2148 0
2149 0
2150 0
2151 0
2152 0
2153 0
2154 0
2155 0
2156 0
2157 0
2158 0
2159 0
2160 0
2161 0
2162 0
2163 0
2164 0
2165 0
2166 0
2167 0
2168 0
2169 0
2170 0
2171 0
2172 0
2173 0
2174 0
2175 0
2176 0
2177 0
2178 0
2179 0
2180 0
2181 0
2182 0
2183 0
2184 0
2185 0
2186 0
2187 0
2188 0
2189 0
2190 0
2191 0
2192 0
2193 0
2194 0
2195 0
2196 0
2197 0
2198 0
2199 0
2200 0
2201 0
2202 0
2203 0
2204 0
2205 0
2206 0
2207 0
2208 0
2209 0
2210 0
2211 0
2212 0
2213 0
2214 0
2215 0
2216 0
2217 0
2218 0
2219 0
2220 0
2221 0
2222 0
2223 0
2224 0
2225 0
2226 0
2227 0
2228 0
2229 0
2230 0
2231 0
2232 0
2233 0
2234 0
2235 0
2236 0
2237 0
2238 0
2239 0
2240 0
2241 0
2242 0
2243 0
2244 0
2245 0
2246 0
2247 0
2248 0
2249 0
2250 0
2251 0
2252 0
2253 0
2254 0
2255 0
2256 0
2257 0
2258 0
2259 0
2260 0
2261 0
2262 0
2263 0
2264 0
2265 0
2266 0
2267 0
2268 0
2269 0
2270 0
2271 0
2272 0
2273 0
2274 0
2275 0
2276 0
2277 0
2278 0
2279 0
2280 0
2281 0
2282 0
2283 0
2284 0
2285 0
2286 0
2287 0
2288 0
2289 0
2290 0
2291 0
2292 0
2293 0
2294 0
2295 0
2296 0
2297 0
2298 0
2299 0
2300 0
2301 0
2302 0
2303 0
0 1 0.82562
0 47 -0.43107
0 48 0.11736
0 2256 -1.10371
1 2 0.52543
1 49 0.10706
1 2257 0.25375
2 3 -0.21015
2 50 -0.7028
2 2258 -1.21873
3 4 -0.87321
3 51 1.06886
3 2259 -0.17177
4 5 0.84724
4 52 -0.95682
4 2260 -1.32086
5 6 0.90692
5 53 2.12913
5 2261 -0.25936
6 7 1.06817
6 54 0.27651
6 2262 0.9191
7 8 -0.22514
7 55 1.11295
7 2263 0.4656
8 9 -1.13902
8 56 2.14357
8 2264 0.43924
9 10 0.19947
9 57 -0.51339
9 2265 -0.25613
10 11 0.30076
10 58 -1.10014
10 2266 -1.41218
11 12 -1.03443
11 59 -1.30706
11 2267 -1.33149
12 13 0.14295
12 60 -0.02426
12 2268 0.84766
13 14 2.42432
13 61 -1.07071
13 2269 0.24931
14 15 2.8966
14 62 0.10967
14 2270 1.17339
15 16 0.55446
15 63 -0.0582
15 2271 -1.18207
16 17 0.0011
16 64 0.41846
16 2272 0.97994
17 18 0.35831
17 65 -1.03642
17 2273 -0.75089
18 19 0.14527
18 66 -0.45962
18 2274 -0.23192
19 20 1.72279
19 67 0.97769
19 2275 0.08506
20 21 0.27035
20 68 -0.14639
20 2276 1.05218
21 22 1.33894
21 69 -0.91366
21 2277 -0.26606
22 23 -0.98351
22 70 0.0029
22 2278 0.81952
23 24 -2.66932
23 71 -0.30668
23 2279 2.49182
24 25 -0.24739
24 72 0.92145
24 2280 0.63446
25 26 -0.86394
25 73 0.77663
25 2281 -2.9263
26 27 1.33933
26 74 2.37474
26 2282 0.52756
27 28 1.7351
27 75 0.97588
27 2283 -1.66581
28 29 -0.43449
28 76 -1.45265
28 2284 0.51098
29 30 -0.92909
29 77 -3.14774
29 2285 -0.34776
30 31 -0.54896
30 78 1.75981
30 2286 -0.24693
31 32 1.01335
31 79 0.18906
31 2287 0.95312
32 33 -0.85726
32 80 -0.62251
32 2288 -0.25833
33 34 -1.0588
33 81 -0.90282
33 2289 -1.19667
34 35 -0.86852
34 82 -1.24826
34 2290 -0.0208
35 36 -0.48989
35 83 0.21585
35 2291 0.19027
36 37 -0.67999
36 84 0.03784
36 2292 -0.56912
37 38 1.0749
37 85 0.42635
37 2293 -1.69409
38 39 -0.06975
38 86 0.75809
38 2294 -0.41622
39 40 -0.42687
39 87 0.71601
39 2295 -0.89566
40 41 -0.11357
40 88 0.20774
40 2296 0.57033
41 42 -0.05076
41 89 -0.88741
41 2297 2.55325
42 43 -1.06206
42 90 0.30413
42 2298 -1.40827
43 44 -0.02577
43 91 -0.57941
43 2299 -1.45153
44 45 1.02975
44 92 -0.3887
44 2300 -0.38082
45 46 -0.0673
45 93 0.70233
45 2301 0.68115
46 47 0.66333
46 94 -1.95508
46 2302 -0.28023
47 95 1.67538
47 2303 -0.20822
48 49 0.50613
48 95 0.81479
48 96 -0.58009
49 50 1.57883
49 97 0.52394
50 51 0.6571
50 98 -0.27151
51 52 -1.28473
51 99 0.42187
52 53 1.90436
52 100 0.78044
53 54 -1.29362
53 101 -1.30492
54 55 -0.83935
54 102 -0.55358
55 56 -0.92347
55 103 0.66614
56 57 0.58445
56 104 -0.61157
57 58 1.82079
57 105 -0.12623
58 59 -1.03362
58 106 -1.40988
59 60 -0.41211
59 107 -1.06814
60 61 -0.36774
60 108 -1.20765
61 62 0.55101
61 109 -0.40585
62 63 -0.39347
62 110 -0.80599
63 64 2.04238
63 111 0.35647
64 65 0.69594
64 112 -0.04634
65 66 -0.16769
65 113 0.22305
66 67 -1.43656
66 114 -1.55341
67 68 1.58457
67 115 -0.65201
68 69 0.69743
68 116 1.91823
69 70 0.67564
69 117 1.61879
70 71 1.29535
70 118 -0.35448
71 72 1.05031
71 119 1.2841
72 73 -0.20494
72 120 0.14904
73 74 0.86301
73 121 -0.22625
74 75 -2.05783
74 122 0.51433
75 76 -2.02256
75 123 0.56531
76 77 1.99191
76 124 -1.56505
77 78 0.61255
77 125 -0.85961
78 79 0.79272
78 126 1.25092
79 80 0.86316
79 127 0.86553
80 81 -1.75742
80 128 -0.89664
81 82 1.16083
81 129 0.73989
82 83 -0.57929
82 130 -0.97125
83 84 1.43921
83 131 -0.19669
84 85 0.27257
84 132 0.07737
85 86 0.27742
85 133 -0.03267
86 87 0.25109
86 134 0.23645
87 88 1.53805
87 135 0.90162
88 89 0.63887
88 136 -1.35213
89 90 1.28086
89 137 -1.25427
90 91 -0.43535
90 138 1.38595
91 92 -1.1279
91 139 0.00976
92 93 0.35001
92 140 -1.2191
93 94 -0.3252
93 141 -0.49235
94 95 0.73816
94 142 -0.15514
95 143 -0.30438
96 97 0.88498
96 143 0.32565
96 144 0.68085
97 98 -0.21356
97 145 0.88472
98 99 -0.21289
98 146 1.78668
99 100 -1.50194
99 147 0.1452
100 101 -0.83153
100 148 1.11069
101 102 0.65139
101 149 -0.47523
102 103 0.75473
102 150 0.32179
103 104 -0.15487
103 151 0.1089
104 105 1.91037
104 152 -0.25757
105 106 -2.37047
105 153 0.8423
106 107 -1.63411
106 154 -2.27308
107 108 -0.23568
107 155 0.08515
108 109 0.87729
108 156 0.37384
109 110 -1.34961
109 157 -0.24213
110 111 -0.83641
110 158 -1.63666
111 112 -0.44446
111 159 -1.30728
112 113 -0.64547
112 160 -0.1062
113 114 1.27399
113 161 1.52969
114 115 -2.06644
114 162 0.45583
115 116 -0.83555
115 163 0.97566
116 117 0.52208
116 164 -0.64347
117 118 0.75685
117 165 0.22735
118 119 0.06477
118 166 -1.70298
119 120 -1.2834
119 167 0.44919
120 121 0.82669
120 168 -0.72986
121 122 -0.18823
121 169 -0.36571
122 123 -1.27233
122 170 -0.4083
123 124 -0.62614
123 171 1.71908
124 125 0.94654
124 172 -0.95749
125 126 -0.52392
125 173 -1.69892
126 127 0.57491
126 174 0.31385
127 128 0.30084
127 175 -1.48427
128 129 -0.09035
128 176 0.51478
129 130 -0.93138
129 177 -0.93791
130 131 1.62146
130 178 -0.61658
131 132 1.75605
131 179 1.34996
132 133 0.1514
132 180 0.59225
133 134 0.37045
133 181 -0.31107
134 135 -0.11814
134 182 0.67487
135 136 1.42048
135 183 0.33118
136 137 -0.2013
136 184 0.42034
137 138 0.64581
137 185 1.17266
138 139 -0.85753
138 186 -1.33628
139 140 -0.23374
139 187 0.33478
140 141 -2.01111
140 188 -0.55142
141 142 0.8663
141 189 -1.23911
142 143 -0.71787
142 190 -1.14859
143 191 0.01696
144 145 0.0156
144 191 -0.20671
144 192 -1.93808
145 146 -0.20887
145 193 -1.104
146 147 0.33718
146 194 -0.26747
147 148 -0.99558
147 195 -0.92087
148 149 -0.02069
148 196 0.29385
149 150 0.54656
149 197 -0.67417
150 151 -1.10101
150 198 0.794
151 152 0.15152
151 199 0.39502
152 153 -0.90699
152 200 0.41993
153 154 0.87606
153 201 1.8728
154 155 1.44861
154 202 0.83155
155 156 -0.79053
155 203 1.1583
156 157 0.80064
156 204 -0.55569
157 158 0.34553
157 205 -1.64991
158 159 -0.22426
158 206 -1.33683
159 160 2.18569
159 207 1.39613
160 161 -0.52694
160 208 -1.57767
161 162 -1.12005
161 209 -0.9717
162 163 -0.39655
162 210 1.5015
163 164 -0.65405
163 211 0.35832
164 165 1.64742
164 212 1.14097
165 166 0.77233
165 213 0.07018
166 167 -0.19521
166 214 -0.41948
167 168 -0.53187
167 215 1.17192
168 169 -1.17599
168 216 -0.68825
169 170 -0.61064
169 217 0.85457
170 171 1.64186
170 218 -1.40573
171 172 0.21738
171 219 1.0132
172 173 0.08347
172 220 -1.87769
173 174 0.89085
173 221 -0.4602
174 175 -0.50488
174 222 -1.60438
175 176 -0.17794
175 223 0.08012
176 177 -1.61372
176 224 1.02581
177 178 -1.92301
177 225 -0.62974
178 179 -0.55378
178 226 1.86049
179 180 0.8833
179 227 -0.79201
180 181 -0.11552
180 228 1.67529
181 182 -0.63309
181 229 1.58617
182 183 -0.85165
182 230 -0.64279
183 184 -0.65986
183 231 0.84452
184 185 -1.06528
184 232 0.0123
185 186 0.74325
185 233 -1.45036
186 187 -0.59071
186 234 -0.08255
187 188 -2.95602
187 235 -0.8407
188 189 -0.00739
188 236 -0.78612
189 190 1.16621
189 237 0.07897
190 191 1.864
190 238 -0.06365
191 239 -0.26761
192 193 0.79797
192 239 -0.43247
192 240 0.57343
193 194 0.5431
193 241 -1.0649
194 195 -0.81384
194 242 -0.95726
195 196 -0.01553
195 243 0.85537
196 197 0.09181
196 244 -0.92051
197 198 1.27923
197 245 1.20219
198 199 0.98928
198 246 -1.16223
199 200 -1.14021
199 247 -0.78847
200 201 -0.07002
200 248 0.49942
201 202 0.84723
201 249 -0.0466
202 203 -0.83645
202 250 -0.36705
203 204 -0.87378
203 251 0.41196
204 205 1.65188
204 252 0.05834
205 206 -0.3742
205 253 1.04211
206 207 -2.20114
206 254 -0.31568
207 208 -0.86767
207 255 0.15104
208 209 0.01137
208 256 0.931
209 210 2.84079
209 257 2.02391
210 211 -0.33587
210 258 -0.28305
211 212 1.04342
211 259 0.10092
212 213 0.06055
212 260 0.03842
213 214 1.07446
213 261 3.23031
214 215 0.17649
214 262 -1.54214
215 216 1.58214
215 263 0.75684
216 217 -1.54418
216 264 1.25634
217 218 0.17942
217 265 0.62103
218 219 1.09833
218 266 -0.71348
219 220 -1.38796
219 267 -0.82405
220 221 1.00017
220 268 0.07635
221 222 -1.24757
221 269 -0.05785
222 223 0.72498
222 270 0.77293
223 224 -0.2765
223 271 0.12854
224 225 0.47821
224 272 -0.70691
225 226 -2.69368
225 273 -0.10269
226 227 0.54074
226 274 0.33214
227 228 -0.61954
227 275 -0.63477
228 229 -0.39237
228 276 -0.12708
229 230 1.29201
229 277 -0.45123
230 231 -0.69203
230 278 -0.37005
231 232 -0.63958
231 279 -0.59229
232 233 -0.80533
232 280 1.61973
233 234 -0.64689
233 281 -1.48467
234 235 -1.15784
234 282 1.96244
235 236 -1.47844
235 283 -1.38977
236 237 -0.67506
236 284 -0.57678
237 238 0.90795
237 285 -0.40612
238 239 0.08942
238 286 -0.71188
239 287 0.88087
240 241 -0.65506
240 287 1.00995
240 288 -0.15057
241 242 0.16179
241 289 0.05062
242 243 1.32081
242 290 -0.12477
243 244 -0.15471
243 291 -0.40611
244 245 -1.4291
244 292 1.864
245 246 0.84453
245 293 0.01274
246 247 1.05449
246 294 -1.40958
247 248 -1.13551
247 295 1.07891
248 249 1.70461
248 296 1.15509
249 250 -1.00392
249 297 0.76777
250 251 -1.49424
250 298 -1.12726
251 252 0.83012
251 299 -1.92965
252 253 0.39296
252 300 1.36263
253 254 -0.20191
253 301 -0.85589
254 255 1.3102
254 302 -0.50914
255 256 -0.90428
255 303 -0.61071
256 257 -1.24145
256 304 -0.79709
257 258 -1.6457
257 305 0.40685
258 259 -0.06123
258 306 -1.78834
259 260 -0.51138
259 307 0.74478
260 261 1.31188
260 308 1.5792
261 262 -2.0392
261 309 0.09198
262 263 0.54034
262 310 -0.01306
263 264 0.16174
263 311 0.9857
264 265 1.86271
264 312 -0.46335
265 266 -2.00775
265 313 1.10721
266 267 -0.47598
266 314 -0.42706
267 268 0.64
267 315 0.42983
268 269 0.88491
268 316 -1.92899
269 270 -0.97085
269 317 -0.94902
270 271 -1.17
270 318 -1.8493
271 272 -0.73458
271 319 0.50429
272 273 -2.19652
272 320 1.4731
273 274 1.09762
273 321 -1.64154
274 275 -1.07704
274 322 -0.93338
275 276 -1.9449
275 323 -0.97028
276 277 1.23804
276 324 -0.69076
277 278 -2.00346
277 325 1.36044
278 279 0.70397
278 326 -0.58125
279 280 -0.21381
279 327 -0.62144
280 281 -1.5672
280 328 1.21457
281 282 0.51438
281 329 0.05043
282 283 0.1811
282 330 -0.47086
283 284 0.93983
283 331 -0.8404
284 285 0.24826
284 332 0.00347
285 286 -1.00685
285 333 -0.23081
286 287 1.48163
286 334 0.82683
287 335 1.74507
288 289 0.52376
288 335 0.37538
288 336 0.76465
289 290 0.64396
289 337 0.14728
290 291 0.22814
290 338 -0.22714
291 292 -0.27363
291 339 -0.17194
292 293 -0.5369
292 340 -0.19518
293 294 0.09152
293 341 0.24257
294 295 -0.66642
294 342 0.90672
295 296 -1.68727
295 343 2.39259
296 297 2.37121
296 344 0.35027
297 298 1.20722
297 345 -1.59766
298 299 1.29599
298 346 -1.52769
299 300 0.05306
299 347 -2.52561
300 301 -0.80691
300 348 -0.26549
301 302 -0.45923
301 349 0.57304
302 303 -0.33789
302 350 0.24304
303 304 0.28523
303 351 -0.52587
304 305 0.34488
304 352 -0.82493
305 306 0.70509
305 353 0.79544
306 307 -0.78514
306 354 0.03688
307 308 0.68142
307 355 -1.87813
308 309 -0.46614
308 356 0.49491
309 310 1.15499
309 357 -0.48855
310 311 -0.59343
310 358 -0.36202
311 312 1.14809
311 359 -0.03338
312 313 1.87704
312 360 1.51475
313 314 0.6193
313 361 -2.02057
314 315 0.89426
314 362 -0.21664
315 316 0.31197
315 363 0.18363
316 317 0.78721
316 364 1.31473
317 318 0.21476
317 365 -0.61591
318 319 1.3584
318 366 0.17961
319 320 -1.33583
319 367 0.12023
320 321 1.13108
320 368 -0.05803
321 322 0.66902
321 369 0.33938
322 323 0.21734
322 370 0.99634
323 324 1.08059
323 371 -0.9044
324 325 0.15117
324 372 1.47547
325 326 -0.77433
325 373 1.73846
326 327 1.28689
326 374 0.75724
327 328 -1.61459
327 375 0.70996
328 329 -0.96197
328 376 -0.62038
329 330 0.72786
329 377 0.41084
330 331 1.70893
330 378 0.66925
331 332 -0.91858
331 379 -0.11135
332 333 -1.29017
332 380 0.48606
333 334 0.31301
333 381 -0.31927
334 335 -0.15665
334 382 -0.19823
335 383 1.52336
336 337 -2.25238
336 383 0.34282
336 384 -1.03671
337 338 -0.08494
337 385 0.70615
338 339 0.30978
338 386 0.98021
339 340 0.91613
339 387 -0.79842
340 341 -0.88545
340 388 0.64464
341 342 0.89808
341 389 -1.43739
342 343 0.27034
342 390 -0.38313
343 344 -0.80932
343 391 0.48328
344 345 0.64948
344 392 1.60812
345 346 2.35373
345 393 1.89819
346 347 -0.95409
346 394 -0.18284
347 348 -1.22231
347 395 -1.42063
348 349 0.41817
348 396 0.00979
349 350 -1.23685
349 397 -0.60219
350 351 -1.10887
350 398 0.99346
351 352 -0.17227
351 399 -1.29652
352 353 1.22113
352 400 -0.12308
353 354 0.1017
353 401 -0.27189
354 355 -0.50969
354 402 1.28262
355 356 0.42706
355 403 -1.76013
356 357 0.03403
356 404 2.02094
357 358 0.51755
357 405 -0.34103
358 359 -0.18164
358 406 -0.44015
359 360 -0.06938
359 407 1.74218
360 361 1.28861
360 408 -2.86603
361 362 -0.73761
361 409 0.3657
362 363 -0.13992
362 410 -1.28447
363 364 -1.32485
363 411 1.52395
364 365 -1.81889
364 412 0.01073
365 366 1.12276
365 413 0.84094
366 367 -1.20531
366 414 -0.73411
367 368 0.26451
367 415 -0.46376
368 369 1.05247
368 416 0.70909
369 370 -0.47288
369 417 -0.40984
370 371 -1.57411
370 418 -1.87733
371 372 0.9899
371 419 -0.22535
372 373 -0.90465
372 420 -0.70458
373 374 -0.07454
373 421 0.35373
374 375 1.37976
374 422 -0.21516
375 376 0.0402
375 423 -0.50846
376 377 -0.70703
376 424 0.14082
377 378 0.18066
377 425 2.59564
378 379 0.46545
378 426 1.2226
379 380 0.37319
379 427 0.24615
380 381 -2.19156
380 428 -0.4234
381 382 0.95724
381 429 -0.98583
382 383 0.07179
382 430 0.41585
383 431 -1.39617
384 385 0.73041
384 431 0.44825
384 432 0.01428
385 386 1.35993
385 433 -0.6595
386 387 -0.07413
386 434 0.76897
387 388 0.17574
387 435 0.09255
388 389 -0.79142
388 436 -0.49734
389 390 -1.10218
389 437 -0.35483
390 391 0.60086
390 438 1.02057
391 392 -0.51553
391 439 2.47216
392 393 1.09959
392 440 -0.99355
393 394 0.81521
393 441 -1.19529
394 395 0.74112
394 442 -0.90321
395 396 -1.05512
395 443 -1.06349
396 397 1.05518
396 444 0.07831
397 398 0.21408
397 445 0.39583
398 399 -0.19659
398 446 -0.03285
399 400 0.26332
399 447 -0.5156
400 401 1.92024
400 448 -0.44758
401 402 0.56696
401 449 0.17772
402 403 -1.91389
402 450 0.47055
403 404 -0.41474
403 451 -0.31798
404 405 -0.43948
404 452 1.03068
405 406 -1.31689
405 453 -0.18616
406 407 -0.45307
406 454 -0.48692
407 408 0.19811
407 455 0.27344
408 409 0.75706
408 456 -0.06831
409 410 0.22821
409 457 0.50244
410 411 -0.31078
410 458 -0.16404
411 412 0.11607
411 459 -1.03615
412 413 1.11591
412 460 0.6424
413 414 -1.40285
413 461 -0.89119
414 415 -2.49831
414 462 -0.811
415 416 -0.92474
415 463 -1.25092
416 417 1.56439
416 464 -1.1556
417 418 2.026
417 465 0.11328
418 419 -0.51508
418 466 -1.35495
419 420 0.89204
419 467 -0.52813
420 421 1.37024
420 468 -0.47125
421 422 0.41067
421 469 0.07068
422 423 1.13687
422 470 0.59978
423 424 -0.26846
423 471 0.06798
424 425 0.85741
424 472 -0.73531
425 426 -0.47863
425 473 -1.20416
426 427 0.27986
426 474 -0.14682
427 428 -1.46632
427 475 -0.07906
428 429 0.53836
428 476 -1.32418
429 430 0.72832
429 477 0.13497
430 431 -0.48607
430 478 0.843
431 479 -1.27323
432 433 0.06712
432 479 0.62561
432 480 -0.01847
433 434 -0.07191
433 481 -0.27737
434 435 0.40689
434 482 0.28081
435 436 -0.73209
435 483 -0.70088
436 437 0.8554
436 484 -0.73871
437 438 -1.34249
437 485 -0.71314
438 439 -1.86109
438 486 -0.19695
439 440 -0.55421
439 487 0.12761
440 441 0.38976
440 488 0.79198
441 442 -0.13733
441 489 -1.2056
442 443 -1.73305
442 490 0.00645
443 444 -0.44522
443 491 0.83102
444 445 0.0936
444 492 0.26877
445 446 -1.02141
445 493 0.22091
446 447 0.37837
446 494 -0.26217
447 448 0.06489
447 495 0.43035
448 449 -0.62764
448 496 -0.0452
449 450 -0.63729
449 497 -0.51653
450 451 0.08098
450 498 -0.19529
451 452 -1.08373
451 499 0.07345
452 453 0.02815
452 500 0.32215
453 454 1.19078
453 501 2.81823
454 455 -0.32181
454 502 0.41277
455 456 -0.89349
455 503 -0.15886
456 457 -1.1798
456 504 0.70297
457 458 -0.67413
457 505 -1.72054
458 459 0.15171
458 506 0.59695
459 460 -1.29602
459 507 -1.10521
460 461 0.32883
460 508 -1.18489
461 462 -0.46363
461 509 0.06038
462 463 1.05977
462 510 -0.10063
463 464 1.04456
463 511 1.03208
464 465 -1.6613
464 512 0.33609
465 466 0.26083
465 513 -0.50503
466 467 1.13458
466 514 -0.01099
467 468 -0.40561
467 515 -0.49939
468 469 -1.35767
468 516 -0.73313
469 470 1.21064
469 517 1.28582
470 471 1.36071
470 518 -1.0484
471 472 -0.35257
471 519 -0.7976
472 473 -2.1003
472 520 0.54782
473 474 -0.42686
473 521 -0.34339
474 475 -2.28971
474 522 -1.15322
475 476 -0.60465
475 523 -1.36569
476 477 -0.81411
476 524 -0.23034
477 478 -0.21429
477 525 1.6917
478 479 0.83452
478 526 -0.48317
479 527 -0.57465
480 481 0.01186
480 527 0.64585
480 528 -0.73243
481 482 -1.43202
481 529 0.96447
482 483 1.17285
482 530 -0.14977
483 484 -1.25872
483 531 1.41583
484 485 0.52558
484 532 0.3174
485 486 -1.1831
485 533 0.19976
486 487 -0.80281
486 534 -0.01695
487 488 -0.21956
487 535 1.4642
488 489 0.64687
488 536 0.1954
489 490 -0.35433
489 537 -1.319
490 491 0.7885
490 538 0.07392
491 492 0.17405
491 539 0.38033
492 493 -0.9843
492 540 -0.22607
493 494 0.13141
493 541 2.08397
494 495 -0.77655
494 542 -1.15906
495 496 -0.53795
495 543 1.32817
496 497 0.04299
496 544 -1.45334
497 498 -0.72569
497 545 1.95328
498 499 -1.15901
498 546 1.98678
499 500 -2.33801
499 547 -1.07267
500 501 -0.25978
500 548 0.52686
501 502 0.25998
501 549 0.3354
502 503 -0.67066
502 550 -0.73718
503 504 1.73784
503 551 -0.00446
504 505 -1.54207
504 552 -0.37702
505 506 -0.76232
505 553 1.9616
506 507 0.33784
506 554 -0.07754
507 508 -0.6517
507 555 0.31182
508 509 -0.09486
508 556 -0.84967
509 510 -0.31118
509 557 0.49662
510 511 0.64622
510 558 -0.33159
511 512 -0.63326
511 559 1.02462
512 513 -0.80242
512 560 -0.25204
513 514 0.065
513 561 0.92609
514 515 -0.86081
514 562 -1.08493
515 516 -1.48918
515 563 -0.40844
516 517 0.32639
516 564 -0.23448
517 518 -1.1439
517 565 1.06988
518 519 2.72217
518 566 1.35115
519 520 0.70495
519 567 1.64014
520 521 0.2931
520 568 -1.08355
521 522 -1.1219
521 569 0.85833
522 523 0.93152
522 570 -2.45617
523 524 -2.25616
523 571 1.29845
524 525 1.6686
524 572 -0.3639
525 526 0.15738
525 573 0.57485
526 527 -0.57374
526 574 -0.17201
527 575 -1.2761
528 529 0.00753
528 575 -1.02905
528 576 0.65372
529 530 -1.73514
529 577 0.99797
530 531 -0.5067
530 578 -0.18361
531 532 0.01039
531 579 -1.32141
532 533 -0.93157
532 580 1.08834
533 534 1.28742
533 581 0.06276
534 535 -1.14612
534 582 0.5135
535 536 0.35507
535 583 0.75206
536 537 0.48395
536 584 1.16723
537 538 -0.16583
537 585 -1.09343
538 539 0.74402
538 586 -0.47003
539 540 0.46338
539 587 0.31417
540 541 -0.59682
540 588 0.87394
541 542 0.90679
541 589 -0.22753
542 543 0.06864
542 590 0.19505
543 544 -1.45255
543 591 -1.22438
544 545 -1.22585
544 592 -0.50161
545 546 -1.24649
545 593 -0.24064
546 547 0.45885
546 594 -0.58848
547 548 -0.57822
547 595 -0.21835
548 549 -0.09547
548 596 0.94317
549 550 0.71996
549 597 0.2184
550 551 -0.86475
550 598 -0.08283
551 552 -0.63063
551 599 -1.10086
552 553 0.45973
552 600 -1.76758
553 554 -0.13488
553 601 -0.31796
554 555 0.98154
554 602 -0.77766
555 556 1.29873
555 603 -0.88187
556 557 -0.4429
556 604 1.33473
557 558 1.92932
557 605 0.71775
558 559 0.34229
558 606 0.10437
559 560 -0.4041
559 607 0.9218
560 561 2.15691
560 608 -2.85306
561 562 1.4804
561 609 -3.4463
562 563 0.75858
562 610 -0.57695
563 564 -2.20229
563 611 -1.41919
564 565 1.55749
564 612 0.49543
565 566 -1.50213
565 613 -1.53988
566 567 2.7217
566 614 0.15132
567 568 -0.25643
567 615 0.42441
568 569 1.19288
568 616 -0.42319
569 570 -0.53763
569 617 1.24397
570 571 -1.4536
570 618 -1.6187
571 572 -0.35043
571 619 0.66553
572 573 -0.22222
572 620 0.04959
573 574 -1.18462
573 621 0.85381
574 575 0.76848
574 622 -1.23547
575 623 -2.42714
576 577 1.50954
576 623 -1.04346
576 624 -0.00416
577 578 0.45238
577 625 0.68305
578 579 0.42451
578 626 -0.95255
579 580 -0.65286
579 627 1.40476
580 581 -1.05382
580 628 -0.16564
581 582 -1.09359
581 629 1.336
582 583 -0.56591
582 630 -1.01261
583 584 1.81198
583 631 0.33169
584 585 0.45176
584 632 -2.08879
585 586 -1.39674
585 633 -0.27116
586 587 -0.00875
586 634 0.0927
587 588 -1.13309
587 635 -1.18714
588 589 1.48755
588 636 -0.16082
589 590 -0.83425
589 637 -0.7771
590 591 -0.09291
590 638 1.10454
591 592 0.56098
591 639 -1.34426
592 593 -1.24895
592 640 -0.67143
593 594 -0.21006
593 641 -1.43769
594 595 -0.06264
594 642 0.31642
595 596 -0.13603
595 643 -1.54517
596 597 0.8972
596 644 -0.33133
597 598 0.43947
597 645 1.69981
598 599 -0.51307
598 646 2.06841
599 600 0.24241
599 647 1.37473
600 601 -0.4819
600 648 0.5528
601 602 1.16945
601 649 -0.54868
602 603 -0.47973
602 650 0.44112
603 604 -1.12001
603 651 0.22261
604 605 -0.20637
604 652 -0.00418
605 606 2.0498
605 653 1.25457
606 607 -0.46776
606 654 0.35856
607 608 -0.12464
607 655 -0.12244
608 609 -0.08335
608 656 1.26447
609 610 0.55146
609 657 0.85655
610 611 -1.86313
610 658 -0.46905
611 612 -0.70177
611 659 -0.00668
612 613 -0.50692
612 660 -1.25551
613 614 0.38784
613 661 0.8248
614 615 0.49237
614 662 -0.67422
615 616 -0.39027
615 663 1.37103
616 617 0.51027
616 664 -1.43484
617 618 1.01613
617 665 0.86731
618 619 0.22046
618 666 1.01262
619 620 -1.16951
619 667 0.8389
620 621 1.43272
620 668 1.16635
621 622 0.48627
621 669 2.02149
622 623 0.53626
622 670 -1.62895
623 671 0.89478
624 625 -0.75315
624 671 -0.78194
624 672 -1.77364
625 626 -1.03437
625 673 0.42354
626 627 -0.20459
626 674 0.32926
627 628 -0.69228
627 675 1.1349
628 629 -1.5355
628 676 -0.51033
629 630 0.48505
629 677 -0.95139
630 631 -0.80924
630 678 -0.60757
631 632 -0.50601
631 679 0.11808
632 633 0.55302
632 680 -1.87395
633 634 0.49172
633 681 0.62166
634 635 0.28246
634 682 -0.96115
635 636 -0.20065
635 683 4.03293
636 637 0.67542
636 684 -0.57334
637 638 0.5701
637 685 -0.20253
638 639 -0.59793
638 686 -1.15282
639 640 1.06513
639 687 -0.41798
640 641 0.56592
640 688 -1.43117
641 642 -0.25817
641 689 0.96644
642 643 -1.41174
642 690 -0.09247
643 644 1.14495
643 691 0.09795
644 645 -2.23368
644 692 -0.03581
645 646 -0.86446
645 693 0.50203
646 647 0.25556
646 694 0.27729
647 648 -1.05969
647 695 2.24945
648 649 1.17837
648 696 1.24116
649 650 -0.2447
649 697 0.30047
650 651 -1.65365
650 698 0.92292
651 652 -1.0428
651 699 2.17097
652 653 -0.58415
652 700 -0.18012
653 654 -0.36897
653 701 1.61593
654 655 0.77934
654 702 1.16607
655 656 -0.8716
655 703 -0.24038
656 657 -0.16368
656 704 -1.76315
657 658 -0.47321
657 705 1.49884
658 659 0.23108
658 706 -1.03419
659 660 0.31919
659 707 0.02351
660 661 -0.08707
660 708 -0.07323
661 662 0.75178
661 709 -0.14523
662 663 0.37976
662 710 -0.16609
663 664 -0.37781
663 711 0.37616
664 665 -2.15977
664 712 1.91218
665 666 -2.30865
665 713 0.87111
666 667 0.03413
666 714 0.93702
667 668 -0.5177
667 715 0.09155
668 669 -1.9017
668 716 -0.96344
669 670 -1.79702
669 717 -1.531
670 671 -1.0689
670 718 -0.25594
671 719 -1.71669
672 673 0.92502
672 719 -0.47225
672 720 -0.87826
673 674 -1.89732
673 721 -0.32522
674 675 0.42261
674 722 -0.87558
675 676 0.23418
675 723 -2.40475
676 677 -0.56877
676 724 -1.47177
677 678 -1.27294
677 725 -0.67445
678 679 0.89338
678 726 0.5813
679 680 -0.53605
679 727 0.79802
680 681 -0.30336
680 728 0.51837
681 682 0.37397
681 729 -1.74456
682 683 1.51836
682 730 -1.14303
683 684 -0.31177
683 731 -0.54109
684 685 2.01934
684 732 -0.61254
685 686 0.68472
685 733 -1.69856
686 687 -0.75414
686 734 0.2013
687 688 -0.80169
687 735 -1.77702
688 689 -1.73251
688 736 1.15335
689 690 -0.21343
689 737 1.26689
690 691 -1.67049
690 738 0.09281
691 692 -0.2695
691 739 -0.23908
692 693 -0.8767
692 740 0.90313
693 694 0.46934
693 741 -1.2108
694 695 0.21681
694 742 0.28053
695 696 -0.12828
695 743 0.6961
696 697 0.38185
696 744 -1.63339
697 698 -0.10096
697 745 -0.20662
698 699 -1.14367
698 746 -0.34511
699 700 0.03118
699 747 0.09282
700 701 1.1874
700 748 -0.54502
701 702 -0.94859
701 749 -0.51553
702 703 1.23426
702 750 -0.72294
703 704 0.40775
703 751 1.05093
704 705 0.84929
704 752 0.48563
705 706 -0.86119
705 753 0.49957
706 707 0.68404
706 754 0.87596
707 708 -1.65624
707 755 -0.27175
708 709 0.46085
708 756 -0.5703
709 710 0.12444
709 757 -1.29871
710 711 -0.35107
710 758 1.72486
711 712 1.14218
711 759 1.64668
712 713 -0.43311
712 760 -1.92352
713 714 -0.04604
713 761 0.14921
714 715 -1.68263
714 762 -0.02187
715 716 0.62603
715 763 -0.75792
716 717 -0.0674
716 764 0.01169
717 718 0.27508
717 765 0.70297
718 719 0.91547
718 766 0.02949
719 767 -0.83252
720 721 2.39782
720 767 -2.10214
720 768 -0.25419
721 722 -0.22805
721 769 0.56162
722 723 -1.08244
722 770 -1.59886
723 724 -0.44493
723 771 0.66776
724 725 -0.60981
724 772 -0.74117
725 726 -1.20385
725 773 -0.44611
726 727 0.28384
726 774 0.05923
727 728 0.62947
727 775 0.32945
728 729 0.59884
728 776 0.45379
729 730 -1.40468
729 777 -0.1457
730 731 -1.1267
730 778 0.08885
731 732 0.50974
731 779 -1.42869
732 733 0.36203
732 780 1.205
733 734 1.50381
733 781 -1.0785
734 735 -1.6776
734 782 -0.59088
735 736 -1.41055
735 783 -0.12372
736 737 0.63767
736 784 0.47737
737 738 -1.46679
737 785 -0.82713
738 739 0.10375
738 786 -1.44136
739 740 1.21995
739 787 0.8724
740 741 -1.50758
740 788 -0.72871
741 742 -1.764
741 789 0.00908
742 743 0.29372
742 790 -0.84068
743 744 3.9097
743 791 0.66496
744 745 -0.33785
744 792 -1.85269
745 746 -0.08974
745 793 -0.08384
746 747 -0.69502
746 794 1.11176
747 748 -1.38076
747 795 0.37822
748 749 -0.47063
748 796 2.51577
749 750 -1.15237
749 797 0.31262
750 751 -0.83038
750 798 0.15259
751 752 0.62939
751 799 2.06977
752 753 0.10902
752 800 -0.64387
753 754 -0.45136
753 801 1.10983
754 755 0.50484
754 802 1.09069
755 756 0.30809
755 803 -1.12604
756 757 -0.97359
756 804 -0.59453
757 758 0.1429
757 805 1.08065
758 759 0.34099
758 806 -1.41462
759 760 -2.88169
759 807 -0.34233
760 761 0.53676
760 808 -1.71193
761 762 -0.5653
761 809 -0.98308
762 763 -1.959
762 810 -0.6123
763 764 -0.70499
763 811 -0.89051
764 765 0.7211
764 812 0.90271
765 766 -2.06976
765 813 -0.18248
766 767 -1.34769
766 814 1.31026
767 815 1.161
768 769 -0.22421
768 815 -1.18051
768 816 0.51462
769 770 -1.48547
769 817 0.81876
770 771 -0.40167
770 818 0.96584
771 772 -0.09927
771 819 -0.47234
772 773 -0.46278
772 820 -0.6777
773 774 1.12888
773 821 -0.77991
774 775 0.73362
774 822 0.24727
775 776 0.19667
775 823 -1.78689
776 777 -1.17888
776 824 0.91276
777 778 1.1161
777 825 0.59468
778 779 -1.02492
778 826 1.37677
779 780 -0.65503
779 827 -0.56871
780 781 1.33807
780 828 -0.79913
781 782 0.19778
781 829 0.54209
782 783 -1.25102
782 830 0.62558
783 784 -0.42268
783 831 0.09679
784 785 -1.6202
784 832 0.32282
785 786 -0.69801
785 833 -0.65333
786 787 0.65344
786 834 0.80264
787 788 -0.29503
787 835 0.5888
788 789 1.4176
788 836 -0.82513
789 790 -0.23181
789 837 2.53556
790 791 0.56577
790 838 -0.9427
791 792 -1.43614
791 839 -2.32366
792 793 1.26317
792 840 -1.53968
793 794 1.0599
793 841 1.22573
794 795 -0.38955
794 842 -0.48258
795 796 -0.37132
795 843 -1.12413
796 797 -0.9074
796 844 -2.43642
797 798 -0.02674
797 845 0.4067
798 799 0.39234
798 846 1.22575
799 800 1.20607
799 847 0.89348
800 801 0.36462
800 848 -0.36136
801 802 -0.85234
801 849 1.47718
802 803 -1.31692
802 850 -1.07797
803 804 1.82411
803 851 -0.23036
804 805 0.84876
804 852 0.9272
805 806 1.24865
805 853 -0.13164
806 807 -0.33716
806 854 0.80666
807 808 1.729
807 855 0.07658
808 809 0.68859
808 856 0.52017
809 810 -1.52272
809 857 -0.28305
810 811 0.07732
810 858 0.35397
811 812 -0.80006
811 859 -1.14447
812 813 0.56822
812 860 -1.18522
813 814 -0.07618
813 861 1.95765
814 815 1.54364
814 862 0.21755
815 863 -0.63401
816 817 0.07113
816 863 -1.2943
816 864 -2.02743
817 818 -0.27386
817 865 0.82837
818 819 -0.75461
818 866 -0.7118
819 820 -1.05456
819 867 0.72649
820 821 1.09169
820 868 0.25206
821 822 -1.10177
821 869 1.40972
822 823 0.28289
822 870 1.47781
823 824 -0.84922
823 871 0.61968
824 825 -1.511
824 872 -1.47363
825 826 0.91031
825 873 -0.93679
826 827 0.87154
826 874 -0.00797
827 828 -0.1779
827 875 -2.0471
828 829 1.41753
828 876 0.23767
829 830 0.75256
829 877 -0.86712
830 831 0.36533
830 878 1.42227
831 832 1.01044
831 879 0.33714
832 833 0.15356
832 880 1.42008
833 834 -0.52649
833 881 -0.08452
834 835 -0.88501
834 882 -0.03732
835 836 -1.67619
835 883 0.88478
836 837 0.09627
836 884 0.33955
837 838 0.93129
837 885 0.08641
838 839 -0.12469
838 886 -0.37824
839 840 1.44129
839 887 -0.24855
840 841 -1.5039
840 888 -1.76801
841 842 -1.4325
841 889 -0.56724
842 843 0.76896
842 890 -0.37774
843 844 0.32748
843 891 0.43416
844 845 0.49937
844 892 -1.69416
845 846 -0.10156
845 893 1.29134
846 847 -1.62254
846 894 -0.14656
847 848 -0.21675
847 895 -0.58592
848 849 -0.76933
848 896 0.91358
849 850 -0.13036
849 897 -0.86297
850 851 -0.38042
850 898 1.10849
851 852 -0.27192
851 899 -0.80682
852 853 -2.04223
852 900 0.21338
853 854 0.281
853 901 -0.78095
854 855 0.23687
854 902 -0.90582
855 856 -0.53808
855 903 0.0979
856 857 1.15853
856 904 -1.99844
857 858 -0.62144
857 905 1.15133
858 859 0.22836
858 906 -1.42541
859 860 0.22836
859 907 0.113
860 861 0.62338
860 908 0.06694
861 862 -0.72884
861 909 -1.0077
862 863 -2.05571
862 910 -0.23351
863 911 1.65546
864 865 2.07856
864 911 -0.62383
864 912 0.68163
865 866 -2.17691
865 913 1.35635
866 867 2.05472
866 914 -0.49434
867 868 -0.37971
867 915 0.59222
868 869 -1.72368
868 916 -0.69142
869 870 2.67782
869 917 -0.52975
870 871 0.58234
870 918 2.66508
871 872 0.06142
871 919 -1.31321
872 873 -0.0885
872 920 -0.20852
873 874 -0.71951
873 921 -1.41082
874 875 -0.11008
874 922 -0.40674
875 876 0.53922
875 923 -1.17964
876 877 -1.16565
876 924 -0.92487
877 878 1.53879
877 925 0.94677
878 879 -0.25998
878 926 -1.6486
879 880 0.98344
879 927 -1.55921
880 881 0.55717
880 928 1.58758
881 882 0.26638
881 929 0.79691
882 883 1.28191
882 930 -0.15421
883 884 0.38198
883 931 1.67839
884 885 -0.00383
884 932 -1.83883
885 886 -1.07713
885 933 -0.86397
886 887 0.45005
886 934 -0.20558
887 888 -1.54625
887 935 0.0896
888 889 -1.4706
888 936 -2.45972
889 890 1.40224
889 937 1.0988
890 891 1.38272
890 938 -0.28538
891 892 0.56406
891 939 0.30228
892 893 -1.51512
892 940 0.06413
893 894 1.32637
893 941 -0.60659
894 895 -0.53957
894 942 0.43807
895 896 0.46966
895 943 0.5068
896 897 -1.07786
896 944 -0.81557
897 898 -0.26883
897 945 -1.87589
898 899 0.17601
898 946 0.52866
899 900 -0.74356
899 947 -0.86789
900 901 -1.10416
900 948 0.71566
901 902 0.42605
901 949 -0.14393
902 903 0.05554
902 950 -1.55969
903 904 -0.32935
903 951 0.87736
904 905 -1.28063
904 952 -0.19829
905 906 1.39964
905 953 -0.69472
906 907 0.32428
906 954 -0.24855
907 908 -0.48636
907 955 -0.60609
908 909 1.57596
908 956 1.19505
909 910 1.56637
909 957 1.65491
910 911 -0.59956
910 958 0.31012
911 959 -0.1286
912 913 0.59031
912 959 0.90151
912 960 -1.53238
913 914 0.27583
913 961 0.68201
914 915 0.09887
914 962 -1.29403
915 916 -0.16582
915 963 -0.1467
916 917 1.12425
916 964 -0.32094
917 918 -0.18975
917 965 2.26851
918 919 2.03817
918 966 -0.234
919 920 0.2774
919 967 -0.03522
920 921 1.37817
920 968 0.40844
921 922 0.63621
921 969 1.71013
922 923 0.25776
922 970 0.73609
923 924 1.2463
923 971 -0.76539
924 925 0.38786
924 972 -1.17439
925 926 -1.94226
925 973 0.35632
926 927 0.73588
926 974 0.90831
927 928 0.49598
927 975 1.31544
928 929 0.07133
928 976 -0.22946
929 930 0.98587
929 977 -0.93556
930 931 -0.3446
930 978 0.66634
931 932 -0.61273
931 979 0.67187
932 933 -0.48723
932 980 -1.19693
933 934 -0.98934
933 981 0.22437
934 935 -0.86752
934 982 -1.48204
935 936 1.85202
935 983 -0.0435
936 937 0.69649
936 984 0.74731
937 938 -1.63437
937 985 -1.30126
938 939 0.53411
938 986 1.03833
939 940 0.64523
939 987 1.04297
940 941 -0.00233
940 988 -0.46603
941 942 -0.14708
941 989 -0.72292
942 943 -0.26811
942 990 -0.63992
943 944 -0.70929
943 991 -0.67748
944 945 -1.58519
944 992 -0.00542
945 946 -1.24725
945 993 -0.04697
946 947 -0.12246
946 994 0.34802
947 948 0.71975
947 995 -0.0481
948 949 0.37489
948 996 1.05684
949 950 1.1143
949 997 -0.26281
950 951 -0.35279
950 998 1.17444
951 952 0.64099
951 999 -0.16081
952 953 -0.71522
952 1000 0.02985
953 954 2.27746
953 1001 0.60719
954 955 1.01457
954 1002 1.1591
955 956 -1.63488
955 1003 0.33638
956 957 -2.42009
956 1004 0.56088
957 958 0.44114
957 1005 1.32725
958 959 0.52087
958 1006 -0.9546
959 1007 -0.86551
960 961 -0.9735
960 1007 -1.11183
960 1008 -1.5368
961 962 1.69344
961 1009 -0.5162
962 963 1.22164
962 1010 -0.9857
963 964 0.80449
963 1011 0.95418
964 965 0.15222
964 1012 -0.14776
965 966 1.75175
965 1013 1.26816
966 967 -0.16388
966 1014 0.10271
967 968 2.03005
967 1015 0.36657
968 969 -0.70262
968 1016 0.27998
969 970 -0.09816
969 1017 0.23361
970 971 -0.69891
970 1018 -1.82891
971 972 2.03167
971 1019 -0.75914
972 973 -1.06565
972 1020 -0.62171
973 974 0.86058
973 1021 0.27833
974 975 -1.0782
974 1022 0.67832
975 976 1.47106
975 1023 0.02036
976 977 -1.50335
976 1024 -0.49791
977 978 2.20933
977 1025 -0.39715
978 979 0.16782
978 1026 0.22144
979 980 0.50085
979 1027 0.66442
980 981 0.33067
980 1028 0.19523
981 982 -0.35687
981 1029 0.16703
982 983 -0.48515
982 1030 0.31851
983 984 1.01734
983 1031 -0.86565
984 985 -1.15589
984 1032 -0.37548
985 986 -1.03165
985 1033 -0.07555
986 987 0.50995
986 1034 -0.08327
987 988 -1.27864
987 1035 -0.19085
988 989 0.44681
988 1036 1.16464
989 990 -0.35034
989 1037 -0.59904
990 991 -0.75759
990 1038 1.25087
991 992 0.51396
991 1039 -1.59008
992 993 0.28639
992 1040 -1.39788
993 994 1.37915
993 1041 -0.85737
994 995 -0.6397
994 1042 -0.13921
995 996 -0.54672
995 1043 -0.34663
996 997 -1.47536
996 1044 0.15203
997 998 -1.04178
997 1045 0.6051
998 999 -0.71267
998 1046 0.00873
999 1000 -1.29073
999 1047 0.01809
1000 1001 0.32253
1000 1048 -0.28798
1001 1002 -1.24973
1001 1049 -0.05757
1002 1003 -0.3785
1002 1050 0.34333
1003 1004 0.3056
1003 1051 0.10274
1004 1005 -0.14428
1004 1052 -0.68755
1005 1006 0.13813
1005 1053 2.09053
1006 1007 -0.60014
1006 1054 -0.8952
1007 1055 0.12441
1008 1009 -0.25461
1008 1055 1.42343
1008 1056 0.79867
1009 1010 0.30945
1009 1057 -0.23205
1010 1011 -1.95659
1010 1058 0.65936
1011 1012 -0.11198
1011 1059 -0.18664
1012 1013 -0.82259
1012 1060 -0.50472
1013 1014 -0.11874
1013 1061 -0.42946
1014 1015 -0.57049
1014 1062 -0.03704
1015 1016 0.09717
1015 1063 1.8708
1016 1017 1.21387
1016 1064 1.24782
1017 1018 -0.10105
1017 1065 1.35499
1018 1019 -0.98058
1018 1066 0.805
1019 1020 0.84114
1019 1067 -0.39273
1020 1021 0.46773
1020 1068 0.10251
1021 1022 -1.50156
1021 1069 1.31726
1022 1023 -0.51865
1022 1070 -1.88029
1023 1024 -1.73838
1023 1071 0.70157
1024 1025 -0.28995
1024 1072 -0.49756
1025 1026 1.2437
1025 1073 0.8025
1026 1027 0.27941
1026 1074 -0.97554
1027 1028 -0.37491
1027 1075 -1.06904
1028 1029 1.09146
1028 1076 -0.15747
1029 1030 0.72001
1029 1077 -0.96724
1030 1031 -1.16611
1030 1078 -0.0362
1031 1032 0.32884
1031 1079 -1.34631
1032 1033 -0.00194
1032 1080 0.54507
1033 1034 1.0445
1033 1081 -1.16047
1034 1035 0.61233
1034 1082 -0.27088
1035 1036 0.76929
1035 1083 -0.58047
1036 1037 0.46935
1036 1084 -0.62723
1037 1038 0.07412
1037 1085 0.97269
1038 1039 -0.06849
1038 1086 2.40329
1039 1040 -1.03673
1039 1087 0.63019
1040 1041 -1.74094
1040 1088 -0.17631
1041 1042 0.83666
1041 1089 0.15092
1042 1043 0.25252
1042 1090 -0.18295
1043 1044 -1.73201
1043 1091 0.56025
1044 1045 0.11211
1044 1092 0.78654
1045 1046 -1.51415
1045 1093 -0.8812
1046 1047 2.12102
1046 1094 -0.59818
1047 1048 0.24822
1047 1095 1.21594
1048 1049 -1.05634
1048 1096 0.74524
1049 1050 -0.07511
1049 1097 -0.68655
1050 1051 -1.17642
1050 1098 0.98371
1051 1052 -0.23761
1051 1099 0.30476
1052 1053 -0.6783
1052 1100 0.61677
1053 1054 0.59573
1053 1101 1.46225
1054 1055 -0.64861
1054 1102 -1.09265
1055 1103 -0.58417
1056 1057 2.06382
1056 1103 2.2584
1056 1104 0.19525
1057 1058 -0.00005
1057 1105 -1.56376
1058 1059 -0.87985
1058 1106 -0.59368
1059 1060 0.89291
1059 1107 -1.01826
1060 1061 1.15955
1060 1108 0.62581
1061 1062 -0.46245
1061 1109 0.56312
1062 1063 0.80067
1062 1110 0.47046
1063 1064 0.21271
1063 1111 -1.00439
1064 1065 -1.24973
1064 1112 -1.48451
1065 1066 -0.57852
1065 1113 -1.33741
1066 1067 -0.30712
1066 1114 0.85185
1067 1068 -0.67482
1067 1115 0.33292
1068 1069 1.74659
1068 1116 -2.34734
1069 1070 1.07182
1069 1117 -1.22748
1070 1071 0.22251
1070 1118 -0.679
1071 1072 -0.26398
1071 1119 1.51866
1072 1073 -0.07818
1072 1120 0.78631
1073 1074 -0.47443
1073 1121 -0.35295
1074 1075 -0.22443
1074 1122 -0.06467
1075 1076 1.04075
1075 1123 -0.82811
1076 1077 1.81474
1076 1124 -0.05296
1077 1078 0.01802
1077 1125 -1.60188
1078 1079 0.34291
1078 1126 2.09239
1079 1080 -1.31402
1079 1127 -0.79524
1080 1081 0.78353
1080 1128 2.20474
1081 1082 0.36542
1081 1129 0.39593
1082 1083 -0.0822
1082 1130 0.68768
1083 1084 0.11731
1083 1131 -1.2715
1084 1085 -1.45535
1084 1132 -0.7214
1085 1086 -0.21766
1085 1133 0.94369
1086 1087 -1.36166
1086 1134 0.32785
1087 1088 -1.29227
1087 1135 0.80091
1088 1089 0.18168
1088 1136 0.74354
1089 1090 1.24434
1089 1137 0.58929
1090 1091 -0.41601
1090 1138 1.0174
1091 1092 1.71796
1091 1139 -0.40644
1092 1093 0.42284
1092 1140 1.80111
1093 1094 -2.35855
1093 1141 0.64602
1094 1095 -1.42281
1094 1142 1.04247
1095 1096 2.3801
1095 1143 0.04937
1096 1097 1.34246
1096 1144 -0.26579
1097 1098 -1.2548
1097 1145 0.45764
1098 1099 -0.48634
1098 1146 -0.01675
1099 1100 -0.46091
1099 1147 0.0522
1100 1101 -1.45726
1100 1148 2.11278
1101 1102 -0.1796
1101 1149 0.25609
1102 1103 0.76829
1102 1150 0.82195
1103 1151 0.37517
1104 1105 -0.4698
1104 1151 -0.48844
1104 1152 0.24319
1105 1106 0.07787
1105 1153 0.69608
1106 1107 -2.43636
1106 1154 1.08577
1107 1108 0.20523
1107 1155 -0.0637
1108 1109 -0.36522
1108 1156 -0.36965
1109 1110 -0.07237
1109 1157 0.54482
1110 1111 -0.38955
1110 1158 -0.09374
1111 1112 -0.35049
1111 1159 1.82886
1112 1113 -0.4322
1112 1160 0.37085
1113 1114 -0.68717
1113 1161 0.58289
1114 1115 0.12414
1114 1162 0.68033
1115 1116 -0.57235
1115 1163 -1.31305
1116 1117 -1.26366
1116 1164 -0.7198
1117 1118 -1.03877
1117 1165 -3.14648
1118 1119 1.47669
1118 1166 0.33587
1119 1120 -0.28582
1119 1167 -0.05608
1120 1121 -1.63939
1120 1168 0.4518
1121 1122 1.18873
1121 1169 0.48192
1122 1123 -0.29407
1122 1170 0.15911
1123 1124 -1.20509
1123 1171 0.20832
1124 1125 -1.43632
1124 1172 -0.04924
1125 1126 -0.11862
1125 1173 0.42003
1126 1127 0.76058
1126 1174 -1.01068
1127 1128 0.85416
1127 1175 -1.82367
1128 1129 -0.38684
1128 1176 -1.26428
1129 1130 0.06878
1129 1177 1.12646
1130 1131 0.83553
1130 1178 -1.48065
1131 1132 -0.02916
1131 1179 1.62452
1132 1133 0.74003
1132 1180 0.16567
1133 1134 0.23258
1133 1181 1.26127
1134 1135 -1.73519
1134 1182 2.03146
1135 1136 -1.42323
1135 1183 -0.56249
1136 1137 0.34394
1136 1184 -1.01861
1137 1138 1.10505
1137 1185 1.29402
1138 1139 1.09757
1138 1186 -0.27813
1139 1140 -0.25225
1139 1187 0.48465
1140 1141 -0.28378
1140 1188 0.98017
1141 1142 -0.67862
1141 1189 -2.61701
1142 1143 0.08392
1142 1190 0.25731
1143 1144 -0.30703
1143 1191 -2.06662
1144 1145 0.23408
1144 1192 0.16859
1145 1146 -0.92282
1145 1193 -0.99979
1146 1147 1.39687
1146 1194 -0.1109
1147 1148 -0.06084
1147 1195 1.82429
1148 1149 2.04845
1148 1196 -0.59031
1149 1150 -0.7882
1149 1197 1.86781
1150 1151 1.17543
1150 1198 -1.71747
1151 1199 -0.60318
1152 1153 0.31659
1152 1199 0.56256
1152 1200 0.632
1153 1154 1.10789
1153 1201 -0.92184
1154 1155 0.79778
1154 1202 -1.66313
1155 1156 1.0663
1155 1203 1.55521
1156 1157 0.60271
1156 1204 -0.75806
1157 1158 -0.05991
1157 1205 2.11458
1158 1159 -0.20445
1158 1206 0.12665
1159 1160 -1.52121
1159 1207 0.45497
1160 1161 -0.05697
1160 1208 1.45098
1161 1162 0.0341
1161 1209 0.73061
1162 1163 1.24856
1162 1210 0.39172
1163 1164 -0.09651
1163 1211 0.41466
1164 1165 0.83029
1164 1212 -1.40855
1165 1166 1.46168
1165 1213 1.26049
1166 1167 1.06969
1166 1214 -0.88366
1167 1168 3.32616
1167 1215 0.42279
1168 1169 0.26825
1168 1216 -0.44412
1169 1170 -0.3512
1169 1217 -0.16895
1170 1171 -1.26818
1170 1218 -0.2134
1171 1172 -0.13145
1171 1219 0.71368
1172 1173 0.2807
1172 1220 -0.47178
1173 1174 -0.00514
1173 1221 0.18211
1174 1175 0.49584
1174 1222 0.42987
1175 1176 0.62587
1175 1223 -0.17222
1176 1177 1.10137
1176 1224 0.27183
1177 1178 1.41234
1177 1225 0.27587
1178 1179 0.89347
1178 1226 1.2339
1179 1180 0.46631
1179 1227 -0.03162
1180 1181 -0.13232
1180 1228 1.33645
1181 1182 0.85333
1181 1229 2.09575
1182 1183 -1.26528
1182 1230 -0.51158
1183 1184 -0.6946
1183 1231 -2.24569
1184 1185 -1.1026
1184 1232 -0.02422
1185 1186 -0.82726
1185 1233 -0.26146
1186 1187 0.40418
1186 1234 -0.72803
1187 1188 -0.26218
1187 1235 0.18707
1188 1189 0.56447
1188 1236 -0.95327
1189 1190 0.72928
1189 1237 -0.1532
1190 1191 -0.02856
1190 1238 -0.60328
1191 1192 0.60591
1191 1239 0.78496
1192 1193 -0.74771
1192 1240 -0.3286
1193 1194 0.70976
1193 1241 0.10145
1194 1195 -2.34248
1194 1242 -2.33393
1195 1196 -0.15832
1195 1243 0.42628
1196 1197 1.46018
1196 1244 -0.7893
1197 1198 0.08087
1197 1245 1.86959
1198 1199 0.69884
1198 1246 2.10245
1199 1247 -0.36605
1200 1201 0.91021
1200 1247 -2.17884
1200 1248 1.36484
1201 1202 0.28592
1201 1249 -0.15781
1202 1203 -1.08938
1202 1250 0.39649
1203 1204 0.88078
1203 1251 -1.19373
1204 1205 0.09732
1204 1252 -0.52555
1205 1206 0.86431
1205 1253 0.04419
1206 1207 1.01578
1206 1254 1.5507
1207 1208 0.82255
1207 1255 -0.23432
1208 1209 -0.24067
1208 1256 -0.3121
1209 1210 -0.55977
1209 1257 -0.42695
1210 1211 -0.47288
1210 1258 -1.23
1211 1212 -1.6005
1211 1259 -1.02595
1212 1213 1.24355
1212 1260 0.62428
1213 1214 0.00073
1213 1261 -0.15997
1214 1215 0.37266
1214 1262 0.71544
1215 1216 -0.75272
1215 1263 0.57435
1216 1217 -1.17603
1216 1264 0.44093
1217 1218 -0.26975
1217 1265 -1.5652
1218 1219 -0.82058
1218 1266 0.21766
1219 1220 -0.40309
1219 1267 0.37692
1220 1221 0.62854
1220 1268 -0.23242
1221 1222 -1.29749
1221 1269 0.09893
1222 1223 1.35566
1222 1270 -0.9811
1223 1224 -0.31207
1223 1271 1.72353
1224 1225 -0.52659
1224 1272 -0.12617
1225 1226 -0.12866
1225 1273 -0.28769
1226 1227 0.00468
1226 1274 0.30353
1227 1228 0.34318
1227 1275 0.71401
1228 1229 -1.19412
1228 1276 0.27628
1229 1230 -0.84174
1229 1277 1.54458
1230 1231 -0.9559
1230 1278 -0.01483
1231 1232 -0.01432
1231 1279 1.18659
1232 1233 0.79372
1232 1280 -1.43104
1233 1234 1.2049
1233 1281 1.49662
1234 1235 2.7964
1234 1282 -0.38091
1235 1236 -0.82631
1235 1283 0.72892
1236 1237 -0.43261
1236 1284 0.54896
1237 1238 -0.35084
1237 1285 0.41505
1238 1239 -0.30142
1238 1286 -1.00135
1239 1240 -0.44686
1239 1287 0.64447
1240 1241 -0.37839
1240 1288 -0.45794
1241 1242 0.87639
1241 1289 0.59373
1242 1243 -1.28553
1242 1290 -0.89811
1243 1244 -1.05689
1243 1291 0.65741
1244 1245 -0.57774
1244 1292 1.07132
1245 1246 0.09922
1245 1293 0.74265
1246 1247 0.6105
1246 1294 -1.05493
1247 1295 0.43368
1248 1249 1.31749
1248 1295 -0.76312
1248 1296 -0.84832
1249 1250 0.88136
1249 1297 0.64787
1250 1251 1.30165
1250 1298 -0.5239
1251 1252 0.1846
1251 1299 0.70093
1252 1253 0.06052
1252 1300 1.26421
1253 1254 0.61883
1253 1301 -1.08655
1254 1255 0.53806
1254 1302 0.16989
1255 1256 1.00618
1255 1303 -0.85616
1256 1257 -1.95378
1256 1304 0.40753
1257 1258 0.20778
1257 1305 -0.38298
1258 1259 -1.37959
1258 1306 0.03832
1259 1260 0.16526
1259 1307 0.62139
1260 1261 -0.4124
1260 1308 1.40457
1261 1262 0.42694
1261 1309 -0.9776
1262 1263 0.61255
1262 1310 0.51616
1263 1264 1.09526
1263 1311 1.66633
1264 1265 -0.35386
1264 1312 -1.56158
1265 1266 1.10324
1265 1313 -0.69638
1266 1267 0.17389
1266 1314 0.37341
1267 1268 -0.11573
1267 1315 1.24589
1268 1269 -0.84755
1268 1316 -0.54211
1269 1270 2.03895
1269 1317 -0.31427
1270 1271 -0.37981
1270 1318 1.47159
1271 1272 0.10995
1271 1319 -1.21381
1272 1273 1.35849
1272 1320 -0.98656
1273 1274 0.2503
1273 1321 0.43479
1274 1275 -1.46736
1274 1322 0.77257
1275 1276 -0.38851
1275 1323 -0.3942
1276 1277 0.06176
1276 1324 -1.6481
1277 1278 -0.91883
1277 1325 -0.5516
1278 1279 1.49493
1278 1326 0.73978
1279 1280 -0.19701
1279 1327 0.5818
1280 1281 0.2234
1280 1328 -0.33563
1281 1282 -0.24456
1281 1329 -0.48696
1282 1283 -1.58564
1282 1330 1.80442
1283 1284 -0.3718
1283 1331 2.52152
1284 1285 1.67147
1284 1332 2.0663
1285 1286 1.10813
1285 1333 0.57083
1286 1287 0.76394
1286 1334 -0.23702
1287 1288 0.25917
1287 1335 0.65226
1288 1289 0.47744
1288 1336 0.75479
1289 1290 -1.05351
1289 1337 -0.23053
1290 1291 -0.68293
1290 1338 0.90326
1291 1292 0.81099
1291 1339 0.17817
1292 1293 0.57522
1292 1340 -0.08649
1293 1294 -0.59418
1293 1341 -1.60345
1294 1295 -0.35688
1294 1342 0.46907
1295 1343 1.04149
1296 1297 1.49541
1296 1343 -0.18939
1296 1344 -0.38841
1297 1298 1.27333
1297 1345 -0.26024
1298 1299 -1.59344
1298 1346 -1.79856
1299 1300 0.96413
1299 1347 -1.31509
1300 1301 0.91621
1300 1348 -0.82184
1301 1302 0.94604
1301 1349 0.06454
1302 1303 -0.29834
1302 1350 1.44509
1303 1304 -0.26655
1303 1351 -0.03536
1304 1305 -0.71404
1304 1352 1.06795
1305 1306 -0.03806
1305 1353 0.08394
1306 1307 0.56151
1306 1354 -0.02657
1307 1308 -1.13736
1307 1355 -0.72434
1308 1309 0.47568
1308 1356 0.52524
1309 1310 -1.35513
1309 1357 0.01265
1310 1311 1.00056
1310 1358 -1.09652
1311 1312 -1.01354
1311 1359 0.53548
1312 1313 -0.77165
1312 1360 0.33893
1313 1314 -0.38337
1313 1361 -0.02534
1314 1315 0.24215
1314 1362 0.11463
1315 1316 -0.38008
1315 1363 0.28924
1316 1317 -0.33553
1316 1364 1.18679
1317 1318 -2.72865
1317 1365 1.15159
1318 1319 0.54379
1318 1366 -0.30018
1319 1320 1.19518
1319 1367 -0.11875
1320 1321 1.2823
1320 1368 0.23979
1321 1322 0.53918
1321 1369 -0.10137
1322 1323 0.9722
1322 1370 -0.05842
1323 1324 0.71553
1323 1371 -0.48212
1324 1325 0.82443
1324 1372 -1.67802
1325 1326 0.71891
1325 1373 0.97377
1326 1327 1.17449
1326 1374 0.25819
1327 1328 -1.10152
1327 1375 -1.5087
1328 1329 -0.06362
1328 1376 0.2162
1329 1330 -1.47215
1329 1377 1.66485
1330 1331 0.44623
1330 1378 -0.24239
1331 1332 0.40041
1331 1379 1.7695
1332 1333 -0.59012
1332 1380 2.83523
1333 1334 0.39056
1333 1381 -1.74337
1334 1335 0.77474
1334 1382 -0.36305
1335 1336 1.89871
1335 1383 -1.6746
1336 1337 -0.58191
1336 1384 0.16689
1337 1338 0.78435
1337 1385 0.68322
1338 1339 -0.7935
1338 1386 -1.76542
1339 1340 -1.0662
1339 1387 -1.80312
1340 1341 -0.22315
1340 1388 0.84434
1341 1342 -1.17747
1341 1389 -1.18302
1342 1343 1.48313
1342 1390 -0.03709
1343 1391 -1.20347
1344 1345 -0.00434
1344 1391 1.89243
1344 1392 0.70794
1345 1346 -0.67511
1345 1393 -1.47944
1346 1347 -0.12032
1346 1394 -1.41813
1347 1348 -0.40045
1347 1395 0.64808
1348 1349 -1.84847
1348 1396 -0.55219
1349 1350 0.20586
1349 1397 -0.28138
1350 1351 1.65977
1350 1398 0.48097
1351 1352 1.20117
1351 1399 0.64669
1352 1353 -0.69534
1352 1400 -0.69591
1353 1354 0.50047
1353 1401 0.84043
1354 1355 -0.11957
1354 1402 -0.08891
1355 1356 -0.79384
1355 1403 0.0856
1356 1357 -0.17589
1356 1404 -0.99686
1357 1358 -1.63663
1357 1405 0.44104
1358 1359 -0.94557
1358 1406 -0.65527
1359 1360 1.01804
1359 1407 0.44714
1360 1361 -0.94326
1360 1408 -0.15273
1361 1362 -0.14514
1361 1409 1.6166
1362 1363 -0.67703
1362 1410 0.76616
1363 1364 -1.52813
1363 1411 -0.27481
1364 1365 0.70916
1364 1412 0.47281
1365 1366 -0.37426
1365 1413 -1.0236
1366 1367 0.49633
1366 1414 0.79119
1367 1368 -1.15691
1367 1415 0.19754
1368 1369 0.5622
1368 1416 0.24172
1369 1370 0.45255
1369 1417 1.01452
1370 1371 0.24764
1370 1418 0.47102
1371 1372 0.72627
1371 1419 -1.58544
1372 1373 1.02037
1372 1420 1.05207
1373 1374 -0.65543
1373 1421 -0.77981
1374 1375 0.31143
1374 1422 -0.15597
1375 1376 -0.3036
1375 1423 -0.08622
1376 1377 0.05944
1376 1424 -0.35567
1377 1378 1.60004
1377 1425 0.69138
1378 1379 -0.82515
1378 1426 1.13483
1379 1380 0.77324
1379 1427 -0.66917
1380 1381 0.9095
1380 1428 0.72793
1381 1382 0.08992
1381 1429 -0.87536
1382 1383 -0.92081
1382 1430 -0.42403
1383 1384 2.45049
1383 1431 0.88452
1384 1385 -0.56267
1384 1432 -0.35293
1385 1386 1.0717
1385 1433 0.05654
1386 1387 -0.56181
1386 1434 -0.02315
1387 1388 0.85151
1387 1435 -0.16455
1388 1389 0.11368
1388 1436 2.31704
1389 1390 0.74314
1389 1437 1.25416
1390 1391 -0.09082
1390 1438 -0.85241
1391 1439 0.15057
1392 1393 0.79899
1392 1439 0.23199
1392 1440 0.58058
1393 1394 0.61809
1393 1441 -1.13755
1394 1395 -0.75197
1394 1442 -0.89053
1395 1396 -0.37063
1395 1443 -0.58444
1396 1397 -1.16694
1396 1444 -0.29912
1397 1398 0.9145
1397 1445 -1.49067
1398 1399 1.01365
1398 1446 1.56514
1399 1400 -1.5272
1399 1447 0.09
1400 1401 1.38186
1400 1448 -0.86743
1401 1402 -0.3964
1401 1449 -1.39826
1402 1403 -0.61442
1402 1450 -0.26669
1403 1404 -0.04643
1403 1451 0.50567
1404 1405 1.58228
1404 1452 -0.42757
1405 1406 -0.32418
1405 1453 -1.12679
1406 1407 1.16758
1406 1454 -1.20014
1407 1408 1.16479
1407 1455 1.54316
1408 1409 -0.04794
1408 1456 -0.17795
1409 1410 -0.23767
1409 1457 0.95414
1410 1411 -0.81358
1410 1458 0.76964
1411 1412 0.6256
1411 1459 0.36465
1412 1413 -0.02844
1412 1460 1.39601
1413 1414 1.2555
1413 1461 1.03909
1414 1415 0.84099
1414 1462 -1.05834
1415 1416 1.60096
1415 1463 1.80389
1416 1417 -1.83126
1416 1464 1.68406
1417 1418 0.14503
1417 1465 0.78353
1418 1419 0.41036
1418 1466 0.5144
1419 1420 0.89283
1419 1467 1.95594
1420 1421 0.45112
1420 1468 0.88861
1421 1422 0.70544
1421 1469 0.71168
1422 1423 0.07078
1422 1470 -1.26154
1423 1424 0.9457
1423 1471 -1.88656
1424 1425 -1.34534
1424 1472 -1.70476
1425 1426 -0.70732
1425 1473 -1.46374
1426 1427 -0.21382
1426 1474 0.72271
1427 1428 2.17334
1427 1475 -0.47464
1428 1429 0.02587
1428 1476 -1.33501
1429 1430 -0.25048
1429 1477 -1.68515
1430 1431 -2.05494
1430 1478 -0.08324
1431 1432 -0.75082
1431 1479 0.46562
1432 1433 0.2951
1432 1480 -1.26402
1433 1434 -0.53091
1433 1481 0.67111
1434 1435 0.02519
1434 1482 0.14361
1435 1436 1.27213
1435 1483 0.17837
1436 1437 -1.20062
1436 1484 -2.01834
1437 1438 -0.93924
1437 1485 0.14678
1438 1439 0.24278
1438 1486 -1.89845
1439 1487 -1.74983
1440 1441 -1.44536
1440 1487 -1.25336
1440 1488 0.00969
1441 1442 0.13269
1441 1489 -0.60825
1442 1443 -1.34878
1442 1490 1.43014
1443 1444 1.48836
1443 1491 0.52966
1444 1445 0.04501
1444 1492 0.19284
1445 1446 0.58755
1445 1493 -1.46959
1446 1447 -0.2413
1446 1494 -1.4266
1447 1448 1.33116
1447 1495 -2.39776
1448 1449 1.07368
1448 1496 -1.41091
1449 1450 0.33634
1449 1497 0.64886
1450 1451 -0.05536
1450 1498 -1.44296
1451 1452 0.42233
1451 1499 -0.45322
1452 1453 -0.97841
1452 1500 -0.36598
1453 1454 0.52652
1453 1501 0.50201
1454 1455 -0.07393
1454 1502 1.04095
1455 1456 -0.38379
1455 1503 1.1219
1456 1457 -0.59121
1456 1504 -1.24941
1457 1458 -1.51269
1457 1505 0.46607
1458 1459 -0.44386
1458 1506 0.86621
1459 1460 1.0508
1459 1507 0.57148
1460 1461 -0.77496
1460 1508 0.75419
1461 1462 -0.58443
1461 1509 -1.35007
1462 1463 0.57644
1462 1510 -0.36645
1463 1464 -0.95749
1463 1511 0.63939
1464 1465 -0.9853
1464 1512 -0.19654
1465 1466 -0.91721
1465 1513 -0.89338
1466 1467 -3.12709
1466 1514 -1.24183
1467 1468 -0.31363
1467 1515 -0.40815
1468 1469 -0.10896
1468 1516 -0.62761
1469 1470 -0.13595
1469 1517 -1.31326
1470 1471 -0.4536
1470 1518 -0.72951
1471 1472 1.07524
1471 1519 -0.02236
1472 1473 0.26723
1472 1520 0.66478
1473 1474 -1.835
1473 1521 0.63758
1474 1475 0.32327
1474 1522 -0.82456
1475 1476 0.41058
1475 1523 -1.50816
1476 1477 -1.18944
1476 1524 -0.3962
1477 1478 0.90294
1477 1525 1.09869
1478 1479 1.72029
1478 1526 -0.83131
1479 1480 -1.90938
1479 1527 1.24191
1480 1481 1.3624
1480 1528 0.13949
1481 1482 0.40392
1481 1529 -0.77992
1482 1483 0.1101
1482 1530 -1.30279
1483 1484 0.55912
1483 1531 1.89966
1484 1485 -0.01813
1484 1532 -0.15768
1485 1486 -0.73625
1485 1533 0.70458
1486 1487 0.25139
1486 1534 -0.85216
1487 1535 -0.35768
1488 1489 -0.94698
1488 1535 0.4568
1488 1536 0.57208
1489 1490 -1.87531
1489 1537 0.25687
1490 1491 1.46042
1490 1538 0.92084
1491 1492 0.52705
1491 1539 -0.12959
1492 1493 0.17045
1492 1540 0.54807
1493 1494 2.35454
1493 1541 0.22375
1494 1495 -1.416
1494 1542 0.45883
1495 1496 0.55919
1495 1543 -0.26439
1496 1497 0.85211
1496 1544 -1.02855
1497 1498 0.68988
1497 1545 0.8399
1498 1499 1.11738
1498 1546 -1.16428
1499 1500 -0.52134
1499 1547 0.3917
1500 1501 0.2271
1500 1548 1.41117
1501 1502 0.71227
1501 1549 -1.34184
1502 1503 1.75561
1502 1550 1.83202
1503 1504 0.15004
1503 1551 0.46848
1504 1505 -1.38004
1504 1552 1.67537
1505 1506 -0.8404
1505 1553 -1.28868
1506 1507 0.14212
1506 1554 -0.032
1507 1508 -1.53091
1507 1555 0.65764
1508 1509 1.17348
1508 1556 0.35971
1509 1510 -2.39762
1509 1557 0.0332
1510 1511 -1.41723
1510 1558 -0.96191
1511 1512 -0.07177
1511 1559 -0.49096
1512 1513 0.10808
1512 1560 1.00914
1513 1514 0.04552
1513 1561 0.2027
1514 1515 0.6894
1514 1562 1.03963
1515 1516 -0.33167
1515 1563 -0.70151
1516 1517 1.08067
1516 1564 -0.2639
1517 1518 -0.73459
1517 1565 -0.0393
1518 1519 -0.00394
1518 1566 -0.9428
1519 1520 0.37089
1519 1567 -0.03835
1520 1521 -1.02076
1520 1568 -1.01944
1521 1522 -0.02441
1521 1569 1.00774
1522 1523 -1.97969
1522 1570 0.31891
1523 1524 -0.98272
1523 1571 -0.35931
1524 1525 0.13487
1524 1572 0.01353
1525 1526 -0.10232
1525 1573 -0.78783
1526 1527 0.51154
1526 1574 -0.2584
1527 1528 0.73735
1527 1575 0.02413
1528 1529 1.20989
1528 1576 0.2984
1529 1530 -0.0794
1529 1577 -0.64405
1530 1531 -0.15128
1530 1578 0.28637
1531 1532 -0.0858
1531 1579 0.03966
1532 1533 0.75882
1532 1580 -1.42131
1533 1534 0.42774
1533 1581 0.21176
1534 1535 0.48862
1534 1582 -0.15186
1535 1583 -0.66196
1536 1537 -0.45167
1536 1583 -0.85461
1536 1584 -0.47715
1537 1538 -0.6276
1537 1585 0.49355
1538 1539 -1.24564
1538 1586 -0.24733
1539 1540 0.42327
1539 1587 0.21927
1540 1541 1.58438
1540 1588 1.35133
1541 1542 0.41549
1541 1589 -0.8788
1542 1543 0.23691
1542 1590 -1.66716
1543 1544 0.20207
1543 1591 -1.41853
1544 1545 0.82086
1544 1592 -0.27327
1545 1546 -0.65028
1545 1593 0.0526
1546 1547 -0.46945
1546 1594 0.69836
1547 1548 0.27272
1547 1595 0.50652
1548 1549 -0.46913
1548 1596 0.25535
1549 1550 -0.22717
1549 1597 -0.28553
1550 1551 1.01389
1550 1598 2.06318
1551 1552 0.18271
1551 1599 0.03654
1552 1553 -0.86917
1552 1600 -0.82797
1553 1554 0.63348
1553 1601 -0.61484
1554 1555 -0.48108
1554 1602 0.42392
1555 1556 -0.43159
1555 1603 0.28001
1556 1557 -0.20469
1556 1604 -0.972
1557 1558 -0.05351
1557 1605 0.82063
1558 1559 0.66269
1558 1606 -0.69524
1559 1560 0.68167
1559 1607 0.07729
1560 1561 -1.08676
1560 1608 0.25236
1561 1562 0.42951
1561 1609 -0.85694
1562 1563 -0.14338
1562 1610 -0.29393
1563 1564 0.03881
1563 1611 -0.57363
1564 1565 -0.14262
1564 1612 0.17821
1565 1566 -1.33857
1565 1613 -1.69621
1566 1567 0.158
1566 1614 0.05244
1567 1568 -0.50051
1567 1615 1.01737
1568 1569 1.28616
1568 1616 -0.72717
1569 1570 0.56456
1569 1617 0.59095
1570 1571 -1.55739
1570 1618 -0.00944
1571 1572 -1.09303
1571 1619 -0.01137
1572 1573 1.17769
1572 1620 0.50748
1573 1574 0.06829
1573 1621 -0.03957
1574 1575 0.04918
1574 1622 1.31759
1575 1576 0.71251
1575 1623 -2.26403
1576 1577 -0.23283
1576 1624 -0.47652
1577 1578 1.46038
1577 1625 0.80229
1578 1579 -2.28326
1578 1626 0.5342
1579 1580 -0.471
1579 1627 0.62433
1580 1581 -0.12616
1580 1628 -0.73496
1581 1582 -1.04112
1581 1629 0.70981
1582 1583 0.09117
1582 1630 -0.13056
1583 1631 0.63999
1584 1585 0.951
1584 1631 -1.14558
1584 1632 0.65542
1585 1586 -0.23028
1585 1633 -0.84684
1586 1587 1.13588
1586 1634 0.27008
1587 1588 1.23096
1587 1635 -2.55129
1588 1589 0.16294
1588 1636 0.52028
1589 1590 0.23203
1589 1637 0.05097
1590 1591 -1.0782
1590 1638 -0.37859
1591 1592 -0.53077
1591 1639 -0.67245
1592 1593 -1.80854
1592 1640 -1.84989
1593 1594 -0.63334
1593 1641 -1.53199
1594 1595 1.0555
1594 1642 -0.21082
1595 1596 0.46429
1595 1643 -0.15937
1596 1597 1.60594
1596 1644 -2.5846
1597 1598 0.39664
1597 1645 0.66227
1598 1599 -2.61928
1598 1646 0.30369
1599 1600 1.35267
1599 1647 0.81096
1600 1601 -0.72473
1600 1648 1.90662
1601 1602 -0.25435
1601 1649 1.33674
1602 1603 1.09015
1602 1650 -1.28519
1603 1604 -0.12842
1603 1651 -1.28623
1604 1605 -0.62182
1604 1652 0.63331
1605 1606 0.22715
1605 1653 -0.75452
1606 1607 -0.24961
1606 1654 0.81873
1607 1608 1.40052
1607 1655 0.35438
1608 1609 -0.21435
1608 1656 0.08399
1609 1610 0.95041
1609 1657 0.66192
1610 1611 0.58079
1610 1658 1.0553
1611 1612 0.65859
1611 1659 0.66552
1612 1613 0.17514
1612 1660 0.71501
1613 1614 2.21716
1613 1661 1.57311
1614 1615 1.4291
1614 1662 0.0736
1615 1616 -0.52556
1615 1663 0.41077
1616 1617 -1.02555
1616 1664 1.54011
1617 1618 0.3027
1617 1665 -1.01506
1618 1619 -0.67786
1618 1666 0.63103
1619 1620 -0.84575
1619 1667 1.01588
1620 1621 -1.4797
1620 1668 0.30591
1621 1622 -1.16394
1621 1669 -0.13527
1622 1623 0.55327
1622 1670 -0.0514
1623 1624 -1.63847
1623 1671 -0.54875
1624 1625 -2.78943
1624 1672 0.21655
1625 1626 -1.66656
1625 1673 0.7314
1626 1627 -0.86878
1626 1674 1.19105
1627 1628 0.3773
1627 1675 -1.57903
1628 1629 -0.36489
1628 1676 0.30507
1629 1630 -0.65512
1629 1677 0.68662
1630 1631 -0.47754
1630 1678 0.91774
1631 1679 -0.52253
1632 1633 -0.50807
1632 1679 0.74669
1632 1680 -2.74281
1633 1634 -0.74519
1633 1681 0.05895
1634 1635 0.38275
1634 1682 -0.82224
1635 1636 0.28495
1635 1683 -0.30262
1636 1637 0.53693
1636 1684 -0.85265
1637 1638 -2.57258
1637 1685 3.09242
1638 1639 0.53995
1638 1686 -0.39492
1639 1640 -1.3009
1639 1687 -0.53038
1640 1641 -1.62367
1640 1688 -0.08406
1641 1642 -1.62285
1641 1689 0.4373
1642 1643 -0.14783
1642 1690 0.35145
1643 1644 -0.74055
1643 1691 1.49434
1644 1645 -1.96947
1644 1692 -0.35976
1645 1646 -1.26011
1645 1693 0.69438
1646 1647 0.64453
1646 1694 -0.28475
1647 1648 -0.83083
1647 1695 -0.62498
1648 1649 -0.39148
1648 1696 -0.44173
1649 1650 0.02661
1649 1697 -0.20367
1650 1651 -1.35209
1650 1698 0.30367
1651 1652 -1.05083
1651 1699 0.86163
1652 1653 -0.07437
1652 1700 -0.23973
1653 1654 -0.0596
1653 1701 -0.59731
1654 1655 -0.39424
1654 1702 0.40249
1655 1656 -0.04445
1655 1703 -0.39213
1656 1657 0.02268
1656 1704 1.22891
1657 1658 -0.13941
1657 1705 0.86059
1658 1659 1.0585
1658 1706 -0.77866
1659 1660 1.38929
1659 1707 -0.56235
1660 1661 0.53723
1660 1708 0.65743
1661 1662 2.07151
1661 1709 0.23153
1662 1663 -0.59212
1662 1710 0.32129
1663 1664 -1.28786
1663 1711 1.56476
1664 1665 -0.08196
1664 1712 0.76781
1665 1666 -1.04301
1665 1713 -0.31947
1666 1667 0.42475
1666 1714 0.88396
1667 1668 -0.42306
1667 1715 -0.69708
1668 1669 -0.25753
1668 1716 0.70143
1669 1670 -0.3949
1669 1717 -0.35785
1670 1671 -0.86854
1670 1718 -1.11141
1671 1672 -1.26845
1671 1719 -0.51825
1672 1673 3.00961
1672 1720 1.35785
1673 1674 0.87022
1673 1721 0.21673
1674 1675 -0.37671
1674 1722 -1.48647
1675 1676 0.29496
1675 1723 0.7363
1676 1677 -0.3967
1676 1724 -1.72163
1677 1678 0.84062
1677 1725 -1.70877
1678 1679 -0.19142
1678 1726 0.03622
1679 1727 1.11438
1680 1681 0.7644
1680 1727 0.76155
1680 1728 -0.34461
1681 1682 -1.34971
1681 1729 1.53002
1682 1683 0.14845
1682 1730 -1.26262
1683 1684 0.45382
1683 1731 1.51426
1684 1685 1.37107
1684 1732 -0.51285
1685 1686 1.50139
1685 1733 -0.71618
1686 1687 -0.71662
1686 1734 0.28357
1687 1688 -0.25328
1687 1735 0.96484
1688 1689 -0.3439
1688 1736 1.03308
1689 1690 -0.80784
1689 1737 -0.67445
1690 1691 2.13897
1690 1738 -0.29466
1691 1692 -0.60173
1691 1739 -0.54082
1692 1693 -0.42558
1692 1740 -1.09911
1693 1694 0.59761
1693 1741 0.52238
1694 1695 0.14154
1694 1742 -0.96098
1695 1696 0.541
1695 1743 -0.76839
1696 1697 -0.38105
1696 1744 0.69411
1697 1698 0.9262
1697 1745 -1.42211
1698 1699 1.28836
1698 1746 0.41965
1699 1700 0.94922
1699 1747 0.30653
1700 1701 -0.33733
1700 1748 0.37563
1701 1702 -0.44352
1701 1749 0.7524
1702 1703 -0.35846
1702 1750 1.26699
1703 1704 -0.48881
1703 1751 -0.50535
1704 1705 -1.63768
1704 1752 1.28794
1705 1706 0.78922
1705 1753 0.02919
1706 1707 -0.75337
1706 1754 -1.46182
1707 1708 0.43463
1707 1755 -0.07744
1708 1709 -0.84354
1708 1756 0.96775
1709 1710 0.4065
1709 1757 0.2123
1710 1711 -1.24492
1710 1758 0.5365
1711 1712 -0.3621
1711 1759 -0.1267
1712 1713 0.6884
1712 1760 -0.43837
1713 1714 -0.37417
1713 1761 0.15887
1714 1715 -0.70462
1714 1762 -0.70305
1715 1716 0.01767
1715 1763 0.43713
1716 1717 0.90187
1716 1764 1.72627
1717 1718 -0.49625
1717 1765 -1.36997
1718 1719 0.55447
1718 1766 -0.83238
1719 1720 -1.55092
1719 1767 0.02886
1720 1721 0.41724
1720 1768 0.86712
1721 1722 -0.67893
1721 1769 1.20971
1722 1723 -1.00106
1722 1770 -0.68328
1723 1724 -0.84186
1723 1771 0.9605
1724 1725 -0.414
1724 1772 -0.0108
1725 1726 -0.49175
1725 1773 -1.35437
1726 1727 -0.61912
1726 1774 0.49935
1727 1775 0.41832
1728 1729 -0.95388
1728 1775 1.56333
1728 1776 0.76307
1729 1730 -0.79068
1729 1777 1.12661
1730 1731 -0.284
1730 1778 1.17708
1731 1732 1.93919
1731 1779 1.73119
1732 1733 -0.69938
1732 1780 -0.35772
1733 1734 -0.71928
1733 1781 0.85633
1734 1735 0.18797
1734 1782 3.09377
1735 1736 0.52752
1735 1783 -1.66162
1736 1737 0.43802
1736 1784 0.20777
1737 1738 1.37704
1737 1785 1.35055
1738 1739 0.74645
1738 1786 -0.97467
1739 1740 -1.51547
1739 1787 -1.77677
1740 1741 0.10063
1740 1788 -0.58844
1741 1742 -0.33551
1741 1789 -0.13946
1742 1743 -2.30921
1742 1790 1.55884
1743 1744 -0.62954
1743 1791 -0.33282
1744 1745 -0.12662
1744 1792 0.95862
1745 1746 -0.65421
1745 1793 -0.5002
1746 1747 0.19597
1746 1794 0.52452
1747 1748 -0.07242
1747 1795 0.22773
1748 1749 -0.49227
1748 1796 1.58057
1749 1750 -1.22015
1749 1797 -1.60774
1750 1751 -1.23697
1750 1798 1.74879
1751 1752 0.00916
1751 1799 -0.04158
1752 1753 0.29131
1752 1800 -2.3911
1753 1754 0.74932
1753 1801 -0.34504
1754 1755 1.02976
1754 1802 -0.02155
1755 1756 -0.19519
1755 1803 -0.08388
1756 1757 0.97201
1756 1804 -0.79003
1757 1758 0.82872
1757 1805 -0.40933
1758 1759 0.62933
1758 1806 0.85246
1759 1760 -1.02202
1759 1807 -0.48451
1760 1761 -0.23686
1760 1808 0.44859
1761 1762 -0.49659
1761 1809 0.88782
1762 1763 1.95889
1762 1810 0.33814
1763 1764 -0.00834
1763 1811 -2.31146
1764 1765 0.86491
1764 1812 0.05602
1765 1766 -0.4939
1765 1813 -0.52359
1766 1767 0.88951
1766 1814 -1.14218
1767 1768 0.59198
1767 1815 0.81432
1768 1769 -0.03531
1768 1816 0.98151
1769 1770 -0.8748
1769 1817 0.08843
1770 1771 0.55963
1770 1818 1.02673
1771 1772 -1.38882
1771 1819 0.13169
1772 1773 -0.1975
1772 1820 1.41887
1773 1774 -1.24077
1773 1821 -0.3541
1774 1775 0.86678
1774 1822 0.7883
1775 1823 0.19073
1776 1777 1.52072
1776 1823 1.2488
1776 1824 0.18293
1777 1778 1.78434
1777 1825 -0.32187
1778 1779 0.74485
1778 1826 1.51006
1779 1780 -2.12415
1779 1827 0.3162
1780 1781 -0.53786
1780 1828 -0.38891
1781 1782 -1.47558
1781 1829 0.36862
1782 1783 -0.47697
1782 1830 -0.15441
1783 1784 -0.24413
1783 1831 1.60946
1784 1785 0.43417
1784 1832 0.27082
1785 1786 1.39911
1785 1833 1.06665
1786 1787 -0.46356
1786 1834 -0.25746
1787 1788 -0.15706
1787 1835 -0.05352
1788 1789 -0.22558
1788 1836 -0.39043
1789 1790 0.25885
1789 1837 -0.66011
1790 1791 -0.31794
1790 1838 -0.62799
1791 1792 1.21178
1791 1839 -1.78746
1792 1793 0.38603
1792 1840 -0.88052
1793 1794 0.15378
1793 1841 0.37235
1794 1795 -0.16995
1794 1842 0.20372
1795 1796 1.27852
1795 1843 0.16977
1796 1797 -0.46473
1796 1844 0.62724
1797 1798 -1.11975
1797 1845 1.29777
1798 1799 0.19966
1798 1846 -2.63857
1799 1800 2.06636
1799 1847 0.74562
1800 1801 -0.74119
1800 1848 -0.03487
1801 1802 0.66636
1801 1849 -0.93181
1802 1803 -2.04287
1802 1850 -0.60933
1803 1804 0.32401
1803 1851 -1.26358
1804 1805 0.50343
1804 1852 1.05807
1805 1806 0.39091
1805 1853 -0.31594
1806 1807 -0.10646
1806 1854 -1.41411
1807 1808 -0.27895
1807 1855 0.29324
1808 1809 0.20506
1808 1856 0.02322
1809 1810 -0.42247
1809 1857 0.56461
1810 1811 -0.36479
1810 1858 0.57664
1811 1812 -0.22303
1811 1859 0.57377
1812 1813 -0.44224
1812 1860 2.47286
1813 1814 1.75297
1813 1861 1.59653
1814 1815 -0.95391
1814 1862 1.0239
1815 1816 0.42281
1815 1863 1.34453
1816 1817 1.8854
1816 1864 0.11985
1817 1818 -0.36367
1817 1865 -1.96983
1818 1819 -0.10111
1818 1866 -1.04953
1819 1820 0.56134
1819 1867 0.24197
1820 1821 -1.04887
1820 1868 -0.62441
1821 1822 0.40687
1821 1869 -0.49857
1822 1823 2.62426
1822 1870 0.05552
1823 1871 -0.7676
1824 1825 2.09327
1824 1871 -1.21952
1824 1872 -0.97565
1825 1826 -1.38025
1825 1873 0.22932
1826 1827 -2.44741
1826 1874 0.18577
1827 1828 -0.91596
1827 1875 -2.17047
1828 1829 1.39962
1828 1876 -0.32378
1829 1830 1.87941
1829 1877 1.1077
1830 1831 1.33153
1830 1878 -1.09331
1831 1832 1.00712
1831 1879 0.76818
1832 1833 1.27708
1832 1880 -1.36575
1833 1834 -0.47596
1833 1881 -0.69272
1834 1835 -1.06203
1834 1882 1.36503
1835 1836 0.3108
1835 1883 0.04898
1836 1837 0.36001
1836 1884 0.89832
1837 1838 1.00619
1837 1885 -1.15119
1838 1839 -0.77511
1838 1886 0.11245
1839 1840 -2.23085
1839 1887 0.93556
1840 1841 -1.84382
1840 1888 -0.89139
1841 1842 0.07656
1841 1889 1.82056
1842 1843 -0.74691
1842 1890 0.57781
1843 1844 -0.73186
1843 1891 0.46577
1844 1845 -0.43794
1844 1892 0.80077
1845 1846 -0.16877
1845 1893 1.56947
1846 1847 -2.48126
1846 1894 2.99137
1847 1848 0.20639
1847 1895 1.02888
1848 1849 1.32703
1848 1896 2.01452
1849 1850 -0.3439
1849 1897 -0.28804
1850 1851 0.16118
1850 1898 1.04315
1851 1852 -0.14827
1851 1899 -1.01793
1852 1853 0.18532
1852 1900 -1.52203
1853 1854 -2.05303
1853 1901 -0.48054
1854 1855 -0.80554
1854 1902 0.48775
1855 1856 0.23418
1855 1903 2.31374
1856 1857 1.69981
1856 1904 0.92266
1857 1858 0.85257
1857 1905 1.13825
1858 1859 -0.94534
1858 1906 -1.31942
1859 1860 0.03307
1859 1907 -0.13385
1860 1861 0.72266
1860 1908 -0.25249
1861 1862 0.30297
1861 1909 -0.11539
1862 1863 -1.56202
1862 1910 -0.634
1863 1864 0.98685
1863 1911 1.42885
1864 1865 -0.39332
1864 1912 -1.93375
1865 1866 -0.40932
1865 1913 -0.49626
1866 1867 0.93202
1866 1914 -0.48158
1867 1868 -0.00275
1867 1915 0.61692
1868 1869 -0.87617
1868 1916 0.06273
1869 1870 0.54014
1869 1917 -0.20837
1870 1871 -1.40699
1870 1918 0.06092
1871 1919 -0.70327
1872 1873 -1.98502
1872 1919 -0.20171
1872 1920 -0.16643
1873 1874 -0.03937
1873 1921 -0.26029
1874 1875 -0.34755
1874 1922 0.1177
1875 1876 -1.45075
1875 1923 0.71149
1876 1877 -0.39919
1876 1924 -1.47464
1877 1878 0.76108
1877 1925 0.79358
1878 1879 -1.37153
1878 1926 -1.23988
1879 1880 1.07504
1879 1927 -0.86211
1880 1881 -0.05871
1880 1928 0.91934
1881 1882 -0.51567
1881 1929 -0.22195
1882 1883 1.50161
1882 1930 0.26473
1883 1884 0.35592
1883 1931 0.57413
1884 1885 1.67771
1884 1932 0.23173
1885 1886 -1.01561
1885 1933 -1.69532
1886 1887 0.85297
1886 1934 0.59834
1887 1888 -0.45252
1887 1935 -0.17065
1888 1889 -0.70059
1888 1936 0.87135
1889 1890 0.78181
1889 1937 0.10664
1890 1891 0.62676
1890 1938 0.48065
1891 1892 1.4209
1891 1939 1.63043
1892 1893 -1.64275
1892 1940 -0.57881
1893 1894 -0.0318
1893 1941 0.00449
1894 1895 -0.00111
1894 1942 0.17217
1895 1896 0.42171
1895 1943 1.8516
1896 1897 0.10891
1896 1944 -0.53936
1897 1898 -0.69986
1897 1945 0.05777
1898 1899 1.18368
1898 1946 -0.22758
1899 1900 0.22364
1899 1947 1.43959
1900 1901 -1.19152
1900 1948 0.5544
1901 1902 0.56999
1901 1949 -1.01846
1902 1903 -0.66969
1902 1950 -1.00932
1903 1904 1.17718
1903 1951 0.31606
1904 1905 -1.01728
1904 1952 -1.23832
1905 1906 1.08769
1905 1953 0.14259
1906 1907 0.36271
1906 1954 -0.86743
1907 1908 -0.382
1907 1955 0.15207
1908 1909 -1.61439
1908 1956 0.14538
1909 1910 -2.27327
1909 1957 0.55822
1910 1911 0.20113
1910 1958 0.60353
1911 1912 0.70447
1911 1959 0.339
1912 1913 -1.47016
1912 1960 1.27048
1913 1914 -0.55828
1913 1961 -0.12225
1914 1915 2.91648
1914 1962 -0.8286
1915 1916 -1.30431
1915 1963 -1.06387
1916 1917 0.8616
1916 1964 0.28605
1917 1918 1.15334
1917 1965 0.43887
1918 1919 -0.71194
1918 1966 0.10737
1919 1967 -0.79526
1920 1921 -0.48663
1920 1967 1.48485
1920 1968 1.50875
1921 1922 0.74122
1921 1969 1.28526
1922 1923 0.35884
1922 1970 -0.57615
1923 1924 0.80516
1923 1971 -0.09205
1924 1925 -1.96125
1924 1972 1.35711
1925 1926 0.43528
1925 1973 -0.80282
1926 1927 -0.49896
1926 1974 0.68504
1927 1928 -0.12722
1927 1975 0.35991
1928 1929 -0.66993
1928 1976 0.28187
1929 1930 -0.137
1929 1977 0.37516
1930 1931 1.88118
1930 1978 0.98759
1931 1932 -1.41661
1931 1979 -0.99256
1932 1933 0.27472
1932 1980 -0.56561
1933 1934 -1.27477
1933 1981 -0.14224
1934 1935 -0.28308
1934 1982 1.25785
1935 1936 -0.14988
1935 1983 -0.31891
1936 1937 0.46414
1936 1984 0.57587
1937 1938 -1.18105
1937 1985 -0.01342
1938 1939 1.37198
1938 1986 1.46797
1939 1940 0.23952
1939 1987 0.93731
1940 1941 -0.22928
1940 1988 -2.27793
1941 1942 -0.51181
1941 1989 -0.05226
1942 1943 0.68374
1942 1990 -0.18051
1943 1944 -1.42411
1943 1991 -1.54202
1944 1945 -1.9131
1944 1992 -0.28507
1945 1946 0.43807
1945 1993 -0.1193
1946 1947 -0.2574
1946 1994 -0.02682
1947 1948 -0.40577
1947 1995 -1.16352
1948 1949 -0.90693
1948 1996 -0.59921
1949 1950 -0.21395
1949 1997 -1.52202
1950 1951 1.3796
1950 1998 -0.97357
1951 1952 0.73685
1951 1999 0.87086
1952 1953 0.31902
1952 2000 -0.23242
1953 1954 -0.82833
1953 2001 2.67791
1954 1955 -1.19698
1954 2002 0.74288
1955 1956 0.11578
1955 2003 -0.23149
1956 1957 -0.13565
1956 2004 -0.0956
1957 1958 -1.5102
1957 2005 -0.29819
1958 1959 0.52785
1958 2006 0.35061
1959 1960 -0.71364
1959 2007 -0.73277
1960 1961 -1.02156
1960 2008 -0.58308
1961 1962 -0.15869
1961 2009 -0.50624
1962 1963 -0.1591
1962 2010 -0.95184
1963 1964 0.95721
1963 2011 -0.55396
1964 1965 0.8344
1964 2012 -0.22172
1965 1966 0.32219
1965 2013 1.65515
1966 1967 -0.22403
1966 2014 -0.84498
1967 2015 0.91596
1968 1969 0.40747
1968 2015 -0.41171
1968 2016 0.98205
1969 1970 -1.87358
1969 2017 -0.39469
1970 1971 -1.44342
1970 2018 0.4563
1971 1972 -0.14293
1971 2019 0.24881
1972 1973 -0.41695
1972 2020 -0.21727
1973 1974 0.66074
1973 2021 1.50165
1974 1975 -1.73004
1974 2022 0.60531
1975 1976 -2.01262
1975 2023 0.24026
1976 1977 -1.59555
1976 2024 1.86761
1977 1978 1.38174
1977 2025 1.71001
1978 1979 -0.61333
1978 2026 0.46877
1979 1980 -0.39101
1979 2027 -0.19005
1980 1981 2.08705
1980 2028 -0.52381
1981 1982 1.20878
1981 2029 -0.99646
1982 1983 0.57616
1982 2030 -0.96319
1983 1984 -0.68872
1983 2031 0.26158
1984 1985 -1.92425
1984 2032 -1.87996
1985 1986 -1.16233
1985 2033 -0.18934
1986 1987 -1.0814
1986 2034 -0.08374
1987 1988 1.43667
1987 2035 -0.40106
1988 1989 0.20914
1988 2036 0.99507
1989 1990 -0.97178
1989 2037 0.1677
1990 1991 1.91669
1990 2038 -0.43134
1991 1992 -0.38826
1991 2039 -0.08323
1992 1993 -0.10989
1992 2040 0.43331
1993 1994 0.48036
1993 2041 0.06862
1994 1995 0.57854
1994 2042 0.24996
1995 1996 -0.05185
1995 2043 -0.2413
1996 1997 1.10827
1996 2044 -0.45013
1997 1998 0.28657
1997 2045 -0.11521
1998 1999 -1.1658
1998 2046 -0.00045
1999 2000 0.27069
1999 2047 0.88294
2000 2001 1.41828
2000 2048 2.52228
2001 2002 0.70005
2001 2049 1.80556
2002 2003 -0.84523
2002 2050 -0.89954
2003 2004 0.6133
2003 2051 1.00529
2004 2005 -0.55381
2004 2052 0.30667
2005 2006 0.53065
2005 2053 -0.66672
2006 2007 1.02602
2006 2054 0.58961
2007 2008 -2.02208
2007 2055 -1.38962
2008 2009 -0.06365
2008 2056 1.10815
2009 2010 0.79669
2009 2057 -1.62408
2010 2011 1.3375
2010 2058 -0.73708
2011 2012 -0.14956
2011 2059 0.26343
2012 2013 -0.33236
2012 2060 -0.31242
2013 2014 -0.2283
2013 2061 0.7989
2014 2015 0.92355
2014 2062 0.33168
2015 2063 -0.03669
2016 2017 0.19236
2016 2063 0.33256
2016 2064 -1.5673
2017 2018 0.48011
2017 2065 0.77457
2018 2019 0.70273
2018 2066 1.25956
2019 2020 1.51746
2019 2067 0.11066
2020 2021 -0.41707
2020 2068 0.95637
2021 2022 -0.42999
2021 2069 -0.25475
2022 2023 1.72289
2022 2070 1.49007
2023 2024 0.73969
2023 2071 -0.08949
2024 2025 0.27788
2024 2072 2.16712
2025 2026 -2.08991
2025 2073 -0.02272
2026 2027 1.24063
2026 2074 1.56718
2027 2028 -0.32286
2027 2075 -1.47762
2028 2029 -0.15673
2028 2076 -1.36275
2029 2030 -0.2975
2029 2077 0.36574
2030 2031 -1.27835
2030 2078 -0.70793
2031 2032 0.50192
2031 2079 -0.84323
2032 2033 1.2544
2032 2080 -0.16876
2033 2034 1.99358
2033 2081 -1.04167
2034 2035 0.2253
2034 2082 -1.0398
2035 2036 0.0762
2035 2083 -1.30343
2036 2037 -0.56775
2036 2084 -0.37445
2037 2038 0.26835
2037 2085 0.40747
2038 2039 0.78852
2038 2086 -2.84173
2039 2040 0.71038
2039 2087 -0.64105
2040 2041 0.22456
2040 2088 0.0728
2041 2042 0.78348
2041 2089 1.83288
2042 2043 -0.53503
2042 2090 1.82081
2043 2044 1.6579
2043 2091 -1.5703
2044 2045 0.65837
2044 2092 0.03218
2045 2046 -0.51373
2045 2093 1.04876
2046 2047 -0.39805
2046 2094 1.0752
2047 2048 0.01585
2047 2095 -0.7491
2048 2049 -0.15602
2048 2096 -0.09657
2049 2050 0.81055
2049 2097 0.1201
2050 2051 0.15583
2050 2098 -0.60793
2051 2052 -1.23268
2051 2099 -0.72389
2052 2053 -1.72517
2052 2100 -0.08757
2053 2054 2.91174
2053 2101 -0.57972
2054 2055 0.10445
2054 2102 0.27447
2055 2056 0.36375
2055 2103 -0.60461
2056 2057 0.74811
2056 2104 -1.39219
2057 2058 -3.05414
2057 2105 -0.13442
2058 2059 -0.34236
2058 2106 1.39503
2059 2060 0.02453
2059 2107 -0.29088
2060 2061 1.27247
2060 2108 1.01595
2061 2062 1.05389
2061 2109 -0.13964
2062 2063 0.40833
2062 2110 -1.24429
2063 2111 0.07092
2064 2065 -2.38374
2064 2111 1.37521
2064 2112 0.4411
2065 2066 0.03943
2065 2113 -0.45506
2066 2067 1.66074
2066 2114 0.45584
2067 2068 2.02468
2067 2115 -1.51177
2068 2069 -0.93748
2068 2116 0.46847
2069 2070 -0.43504
2069 2117 -2.20181
2070 2071 -1.5079
2070 2118 0.36665
2071 2072 1.07799
2071 2119 0.18476
2072 2073 -0.23156
2072 2120 -1.14924
2073 2074 0.1067
2073 2121 -1.63206
2074 2075 0.56874
2074 2122 2.88473
2075 2076 1.43671
2075 2123 -0.76469
2076 2077 1.90393
2076 2124 1.03447
2077 2078 2.23
2077 2125 -1.20266
2078 2079 0.45911
2078 2126 1.46774
2079 2080 -0.56633
2079 2127 0.47357
2080 2081 -0.02748
2080 2128 -0.6583
2081 2082 0.02487
2081 2129 0.59311
2082 2083 0.32033
2082 2130 0.20742
2083 2084 -0.57281
2083 2131 -0.88236
2084 2085 0.48425
2084 2132 1.13894
2085 2086 0.79997
2085 2133 1.40849
2086 2087 0.26424
2086 2134 -1.05768
2087 2088 -1.441
2087 2135 -0.20431
2088 2089 -0.53414
2088 2136 -0.54477
2089 2090 -0.96071
2089 2137 0.11745
2090 2091 -0.01065
2090 2138 2.1589
2091 2092 0.68732
2091 2139 0.58301
2092 2093 -0.7786
2092 2140 1.67126
2093 2094 -1.30624
2093 2141 -0.19517
2094 2095 1.13935
2094 2142 0.39679
2095 2096 1.23221
2095 2143 -1.35538
2096 2097 0.56273
2096 2144 -0.81315
2097 2098 -0.72749
2097 2145 0.12953
2098 2099 -0.10603
2098 2146 0.41841
2099 2100 0.33661
2099 2147 0.58869
2100 2101 -0.88173
2100 2148 0.09244
2101 2102 -0.02456
2101 2149 0.50784
2102 2103 0.36909
2102 2150 1.19141
2103 2104 1.6544
2103 2151 -1.61854
2104 2105 -0.44618
2104 2152 -0.21142
2105 2106 0.93306
2105 2153 -0.07547
2106 2107 1.1247
2106 2154 -0.06189
2107 2108 -1.03592
2107 2155 -0.33715
2108 2109 0.59683
2108 2156 -1.73531
2109 2110 1.7039
2109 2157 0.03692
2110 2111 -0.57382
2110 2158 0.94029
2111 2159 1.37838
2112 2113 -1.34942
2112 2159 0.46211
2112 2160 -0.03106
2113 2114 0.96864
2113 2161 0.88123
2114 2115 -0.83225
2114 2162 0.08069
2115 2116 1.19436
2115 2163 -0.11391
2116 2117 -1.17899
2116 2164 1.10487
2117 2118 -0.04756
2117 2165 -0.1266
2118 2119 -1.46717
2118 2166 0.01502
2119 2120 0.18765
2119 2167 0.81006
2120 2121 1.65898
2120 2168 2.07852
2121 2122 -0.746
2121 2169 -1.14794
2122 2123 -1.10836
2122 2170 -0.9361
2123 2124 -0.32692
2123 2171 -0.23488
2124 2125 -0.48515
2124 2172 -0.08279
2125 2126 -0.00409
2125 2173 0.16307
2126 2127 1.7264
2126 2174 -1.82706
2127 2128 -0.73757
2127 2175 -0.57845
2128 2129 1.1047
2128 2176 0.56934
2129 2130 0.42675
2129 2177 1.18574
2130 2131 1.3456
2130 2178 0.53781
2131 2132 0.36067
2131 2179 -0.70503
2132 2133 1.17928
2132 2180 1.54241
2133 2134 -0.46979
2133 2181 -0.24752
2134 2135 1.70047
2134 2182 -0.62382
2135 2136 -0.33242
2135 2183 0.36743
2136 2137 1.22859
2136 2184 -1.14947
2137 2138 1.10082
2137 2185 -1.94645
2138 2139 -0.06193
2138 2186 -0.3797
2139 2140 -0.24267
2139 2187 -1.26479
2140 2141 -0.34132
2140 2188 0.95555
2141 2142 -0.9964
2141 2189 -0.73672
2142 2143 1.027
2142 2190 -1.16365
2143 2144 -0.12032
2143 2191 -0.15231
2144 2145 0.01955
2144 2192 0.56364
2145 2146 -0.501
2145 2193 -0.25865
2146 2147 0.20731
2146 2194 0.69667
2147 2148 0.66409
2147 2195 1.33472
2148 2149 -0.68491
2148 2196 -1.36133
2149 2150 0.93499
2149 2197 -0.70781
2150 2151 -2.66289
2150 2198 -1.08102
2151 2152 1.14468
2151 2199 2.72431
2152 2153 0.34656
2152 2200 0.51502
2153 2154 -0.14528
2153 2201 0.19481
2154 2155 0.81354
2154 2202 -1.04459
2155 2156 0.27221
2155 2203 1.13386
2156 2157 0.95396
2156 2204 0.9764
2157 2158 -1.03309
2157 2205 0.10157
2158 2159 0.33503
2158 2206 1.2286
2159 2207 -0.23438
2160 2161 0.11181
2160 2207 0.57106
2160 2208 -0.75358
2161 2162 -0.43026
2161 2209 -0.16542
2162 2163 0.34344
2162 2210 1.19887
2163 2164 -0.11436
2163 2211 -0.7363
2164 2165 1.15017
2164 2212 0.07164
2165 2166 -1.08755
2165 2213 0.18799
2166 2167 -0.62982
2166 2214 0.60988
2167 2168 -1.21258
2167 2215 0.93603
2168 2169 -0.99069
2168 2216 -0.36631
2169 2170 -0.04273
2169 2217 0.32119
2170 2171 0.31322
2170 2218 -0.46526
2171 2172 0.24101
2171 2219 0.19761
2172 2173 -1.37217
2172 2220 0.03242
2173 2174 -0.79177
2173 2221 -0.32535
2174 2175 0.57323
2174 2222 -1.34924
2175 2176 -1.64463
2175 2223 0.10998
2176 2177 -0.54886
2176 2224 -0.20438
2177 2178 0.22578
2177 2225 0.1892
2178 2179 -0.29419
2178 2226 1.05228
2179 2180 -1.08993
2179 2227 -0.81245
2180 2181 0.14811
2180 2228 1.19693
2181 2182 -0.4926
2181 2229 -0.82263
2182 2183 -0.31309
2182 2230 -0.0702
2183 2184 -2.32642
2183 2231 -0.93952
2184 2185 1.91286
2184 2232 -2.7501
2185 2186 -1.06285
2185 2233 -1.29717
2186 2187 0.52355
2186 2234 0.9885
2187 2188 -1.23839
2187 2235 0.08694
2188 2189 -1.32717
2188 2236 0.1525
2189 2190 -0.64998
2189 2237 -1.15218
2190 2191 0.16347
2190 2238 -2.48104
2191 2192 -1.28522
2191 2239 -0.81643
2192 2193 -1.20536
2192 2240 -1.17175
2193 2194 0.69893
2193 2241 0.89968
2194 2195 -1.3547
2194 2242 0.59795
2195 2196 0.1773
2195 2243 0.71032
2196 2197 -0.38698
2196 2244 -0.17713
2197 2198 -0.78338
2197 2245 -0.16439
2198 2199 0.51648
2198 2246 -0.97598
2199 2200 0.67235
2199 2247 1.01227
2200 2201 0.63192
2200 2248 -1.18457
2201 2202 -0.05701
2201 2249 1.41389
2202 2203 -0.90683
2202 2250 -0.15294
2203 2204 -1.87067
2203 2251 -1.26118
2204 2205 0.47729
2204 2252 1.311
2205 2206 0.82933
2205 2253 0.1304
2206 2207 -0.72546
2206 2254 -0.82652
2207 2255 -0.27224
2208 2209 0.12059
2208 2255 0.09004
2208 2256 0.50519
2209 2210 -0.19313
2209 2257 0.20363
2210 2211 -0.20729
2210 2258 -1.40703
2211 2212 -0.74565
2211 2259 -1.12738
2212 2213 -0.49061
2212 2260 -1.60075
2213 2214 -0.64313
2213 2261 0.80518
2214 2215 0.36356
2214 2262 2.26288
2215 2216 -1.11937
2215 2263 1.91511
2216 2217 0.01155
2216 2264 2.0554
2217 2218 -1.45374
2217 2265 -0.66091
2218 2219 0.14217
2218 2266 0.83865
2219 2220 0.49125
2219 2267 1.05732
2220 2221 -0.69916
2220 2268 -0.96744
2221 2222 -1.36958
2221 2269 0.60845
2222 2223 -0.1231
2222 2270 0.105
2223 2224 -0.94531
2223 2271 -0.76149
2224 2225 -1.02851
2224 2272 -1.39277
2225 2226 0.07785
2225 2273 1.50242
2226 2227 -0.75082
2226 2274 0.44213
2227 2228 -1.43738
2227 2275 -1.67869
2228 2229 -1.37896
2228 2276 1.59801
2229 2230 0.91001
2229 2277 -0.1961
2230 2231 -1.19476
2230 2278 0.49329
2231 2232 0.38494
2231 2279 1.49968
2232 2233 -0.98212
2232 2280 -0.03294
2233 2234 -0.87314
2233 2281 0.31187
2234 2235 -0.94696
2234 2282 1.79644
2235 2236 1.27839
2235 2283 -0.67113
2236 2237 -0.81062
2236 2284 1.35959
2237 2238 0.31977
2237 2285 -0.71029
2238 2239 0.3038
2238 2286 -2.19783
2239 2240 -1.11555
2239 2287 -0.71701
2240 2241 -0.01135
2240 2288 -3.03107
2241 2242 0.3331
2241 2289 0.94677
2242 2243 0.44101
2242 2290 -1.53014
2243 2244 -0.05295
2243 2291 -0.26633
2244 2245 -1.01864
2244 2292 -0.20881
2245 2246 0.99751
2245 2293 0.19119
2246 2247 0.34396
2246 2294 -0.49777
2247 2248 0.01717
2247 2295 -0.87688
2248 2249 -0.07105
2248 2296 0.19249
2249 2250 -0.63905
2249 2297 0.1955
2250 2251 -1.36837
2250 2298 0.7008
2251 2252 0.67919
2251 2299 0.22586
2252 2253 -0.38932
2252 2300 0.46572
2253 2254 -0.73432
2253 2301 1.07124
2254 2255 -2.46695
2254 2302 -0.39269
2255 2303 -0.94365
2256 2257 0.52509
2256 2303 -0.00391
2257 2258 0.47127
2258 2259 0.80638
2259 2260 -1.5367
2260 2261 0.38321
2261 2262 0.41462
2262 2263 -0.56307
2263 2264 -0.23842
2264 2265 0.33724
2265 2266 0.52583
2266 2267 0.55851
2267 2268 -1.25364
2268 2269 0.51762
2269 2270 -0.92744
2270 2271 1.24943
2271 2272 0.47505
2272 2273 -0.41285
2273 2274 -0.77308
2274 2275 -0.95723
2275 2276 0.09342
2276 2277 -0.68544
2277 2278 -0.14973
2278 2279 1.11969
2279 2280 -1.36926
2280 2281 -0.9076
2281 2282 -0.20161
2282 2283 -0.45028
2283 2284 0.10434
2284 2285 2.37965
2285 2286 -0.79376
2286 2287 -0.08134
2287 2288 -0.26053
2288 2289 -0.05423
2289 2290 -0.74968
2290 2291 0.1061
2291 2292 1.85128
2292 2293 -1.10266
2293 2294 1.00006
2294 2295 1.05393
2295 2296 -0.77728
2296 2297 -1.5153
2297 2298 -1.59352
2298 2299 -0.81482
2299 2300 -0.61769
2300 2301 -0.48637
2301 2302 0.54826
2302 2303 0.74885
