# model=ea2d N=2304 meanJ=0 seed=2049739 distribution=gaussian field=0 num_fields=2304 num_couplings=4608 dim=2
0 0
1 0
2 0
3 0
4 0
5 0
6 0
7 0
8 0
9 0
10 0
11 0
12 0
13 0
14 0
15 0
16 0
17 0
18 0
19 0
20 0
21 0
22 0
23 0
24 0
25 0
26 0
27 0
28 0
29 0
30 0
31 0
32 0
33 0
34 0
35 0
36 0
37 0
38 0
39 0
40 0
41 0
42 0
43 0
44 0
45 0
46 0
47 0
48 0
49 0
50 0
51 0
52 0
53 0
54 0
55 0
56 0
57 0
58 0
59 0
60 0
61 0
62 0
63 0
64 0
65 0
66 0
67 0
68 0
69 0
70 0
71 0
72 0
73 0
74 0
75 0
76 0
77 0
78 0
79 0
80 0
81 0
82 0
83 0
84 0
85 0
86 0
87 0
88 0
89 0
90 0
91 0
92 0
93 0
94 0
95 0
96 0
97 0
98 0
99 0
100 0
101 0
102 0
103 0
104 0
105 0
106 0
107 0
108 0
109 0
110 0
111 0
112 0
113 0
114 0
115 0
116 0
117 0
118 0
119 0
120 0
121 0
122 0
123 0
124 0
125 0
126 0
127 0
128 0
129 0
130 0
131 0
132 0
133 0
134 0
135 0
136 0
137 0
138 0
139 0
140 0
141 0
142 0
143 0
144 0
145 0
146 0
147 0
148 0
149 0
150 0
151 0
152 0
153 0
154 0
155 0
156 0
157 0
158 0
159 0
160 0
161 0
162 0
163 0
164 0
165 0
166 0
167 0
168 0
169 0
170 0
171 0
172 0
173 0
174 0
175 0
176 0
177 0
178 0
179 0
180 0
181 0
182 0
183 0
184 0
185 0
186 0
187 0
188 0
189 0
190 0
191 0
192 0
193 0
194 0
195 0
196 0
197 0
198 0
199 0
200 0
201 0
202 0
203 0
204 0
205 0
206 0
207 0
208 0
209 0
210 0
211 0
212 0
213 0
214 0
215 0
216 0
217 0
218 0
219 0
220 0
221 0
222 0
223 0
224 0
225 0
226 0
227 0
228 0
229 0
230 0
231 0
232 0
233 0
234 0
235 0
236 0
237 0
238 0
239 0
240 0
241 0
242 0
243 0
244 0
245 0
246 0
247 0
248 0
249 0
250 0
251 0
252 0
253 0
254 0
255 0
256 0
257 0
258 0
259 0
260 0
261 0
262 0
263 0
264 0
265 0
266 0
267 0
268 0
269 0
270 0
271 0
272 0
273 0
274 0
275 0
276 0
277 0
278 0
279 0
280 0
281 0
282 0
283 0
284 0
285 0
286 0
287 0
288 0
289 0
290 0
291 0
292 0
293 0
294 0
295 0
296 0
297 0
298 0
299 0
300 0
301 0
302 0
303 0
304 0
305 0
306 0
307 0
308 0
309 0
310 0
311 0
312 0
313 0
314 0
315 0
316 0
317 0
318 0
319 0
320 0
321 0
322 0
323 0
324 0
325 0
326 0
327 0
328 0
329 0
330 0
331 0
332 0
333 0
334 0
335 0
336 0
337 0
338 0
339 0
340 0
341 0
342 0
343 0
344 0
345 0
346 0
347 0
348 0
349 0
350 0
351 0
352 0
353 0
354 0
355 0
356 0
357 0
358 0
359 0
360 0
361 0
362 0
363 0
364 0
365 0
366 0
367 0
368 0
369 0
370 0
371 0
372 0
373 0
374 0
375 0
376 0
377 0
378 0
379 0
380 0
381 0
382 0
383 0
384 0
385 0
386 0
387 0
388 0
389 0
390 0
391 0
392 0
393 0
394 0
395 0
396 0
397 0
398 0
399 0
400 0
401 0
402 0
403 0
404 0
405 0
406 0
407 0
408 0
409 0
410 0
411 0
412 0
413 0
414 0
415 0
416 0
417 0
418 0
419 0
420 0
421 0
422 0
423 0
424 0
425 0
426 0
427 0
428 0
429 0
430 0
431 0
432 0
433 0
434 0
435 0
436 0
437 0
438 0
439 0
440 0
441 0
442 0
443 0
444 0
445 0
446 0
447 0
448 0
449 0
450 0
451 0
452 0
453 0
454 0
455 0
456 0
457 0
458 0
459 0
460 0
461 0
462 0
463 0
464 0
465 0
466 0
467 0
468 0
469 0
470 0
471 0
472 0
473 0
474 0
475 0
476 0
477 0
478 0
479 0
480 0
481 0
482 0
483 0
484 0
485 0
486 0
487 0
488 0
489 0
490 0
491 0
492 0
493 0
494 0
495 0
496 0
497 0
498 0
499 0
500 0
501 0
502 0
503 0
504 0
505 0
506 0
507 0
508 0
509 0
510 0
511 0
512 0
513 0
514 0
515 0
516 0
517 0
518 0
519 0
520 0
521 0
522 0
523 0
524 0
525 0
526 0
527 0
528 0
529 0
530 0
531 0
532 0
533 0
534 0
535 0
536 0
537 0
538 0
539 0
540 0
541 0
542 0
543 0
544 0
545 0
546 0
547 0
548 0
549 0
550 0
551 0
552 0
553 0
554 0
555 0
556 0
557 0
558 0
559 0
560 0
561 0
562 0
563 0
564 0
565 0
566 0
567 0
568 0
569 0
570 0
571 0
572 0
573 0
574 0
575 0
576 0
577 0
578 0
579 0
580 0
581 0
582 0
583 0
584 0
585 0
586 0
587 0
588 0
589 0
590 0
591 0
592 0
593 0
594 0
595 0
596 0
597 0
598 0
599 0
600 0
601 0
602 0
603 0
604 0
605 0
606 0
607 0
608 0
609 0
610 0
611 0
612 0
613 0
614 0
615 0
616 0
617 0
618 0
619 0
620 0
621 0
622 0
623 0
624 0
625 0
626 0
627 0
628 0
629 0
630 0
631 0
632 0
633 0
634 0
635 0
636 0
637 0
638 0
639 0
640 0
641 0
642 0
643 0
644 0
645 0
646 0
647 0
648 0
649 0
650 0
651 0
652 0
653 0
654 0
655 0
656 0
657 0
658 0
659 0
660 0
661 0
662 0
663 0
664 0
665 0
666 0
667 0
668 0
669 0
670 0
671 0
672 0
673 0
674 0
675 0
676 0
677 0
678 0
679 0
680 0
681 0
682 0
683 0
684 0
685 0
686 0
687 0
688 0
689 0
690 0
691 0
692 0
693 0
694 0
695 0
696 0
697 0
698 0
699 0
700 0
701 0
702 0
703 0
704 0
705 0
706 0
707 0
708 0
709 0
710 0
711 0
712 0
713 0
714 0
715 0
716 0
717 0
718 0
719 0
720 0
721 0
722 0
723 0
724 0
725 0
726 0
727 0
728 0
729 0
730 0
731 0
732 0
733 0
734 0
735 0
736 0
737 0
738 0
739 0
740 0
741 0
742 0
743 0
744 0
745 0
746 0
747 0
748 0
749 0
750 0
751 0
752 0
753 0
754 0
755 0
756 0
757 0
758 0
759 0
760 0
761 0
762 0
763 0
764 0
765 0
766 0
767 0
768 0
769 0
770 0
771 0
772 0
773 0
774 0
775 0
776 0
777 0
778 0
779 0
780 0
781 0
782 0
783 0
784 0
785 0
786 0
787 0
788 0
789 0
790 0
791 0
792 0
793 0
794 0
795 0
796 0
797 0
798 0
799 0
800 0
801 0
802 0
803 0
804 0
805 0
806 0
807 0
808 0
809 0
810 0
811 0
812 0
813 0
814 0
815 0
816 0
817 0
818 0
819 0
820 0
821 0
822 0
823 0
824 0
825 0
826 0
827 0
828 0
829 0
830 0
831 0
832 0
833 0
834 0
835 0
836 0
837 0
838 0
839 0
840 0
841 0
842 0
843 0
844 0
845 0
846 0
847 0
848 0
849 0
850 0
851 0
852 0
853 0
854 0
855 0
856 0
857 0
858 0
859 0
860 0
861 0
862 0
863 0
864 0
865 0
866 0
867 0
868 0
869 0
870 0
871 0
872 0
873 0
874 0
875 0
876 0
877 0
878 0
879 0
880 0
881 0
882 0
883 0
884 0
885 0
886 0
887 0
888 0
889 0
890 0
891 0
892 0
893 0
894 0
895 0
896 0
897 0
898 0
899 0
900 0
901 0
902 0
903 0
904 0
905 0
906 0
907 0
908 0
909 0
910 0
911 0
912 0
913 0
914 0
915 0
916 0
917 0
918 0
919 0
920 0
921 0
922 0
923 0
924 0
925 0
926 0
927 0
928 0
929 0
930 0
931 0
932 0
933 0
934 0
935 0
936 0
937 0
938 0
939 0
940 0
941 0
942 0
943 0
944 0
945 0
946 0
947 0
948 0
949 0
950 0
951 0
952 0
953 0
954 0
955 0
956 0
957 0
958 0
959 0
960 0
961 0
962 0
963 0
964 0
965 0
966 0
967 0
968 0
969 0
970 0
971 0
972 0
973 0
974 0
975 0
976 0
977 0
978 0
979 0
980 0
981 0
982 0
983 0
984 0
985 0
986 0
987 0
988 0
989 0
990 0
991 0
992 0
993 0
994 0
995 0
996 0
997 0
998 0
999 0
1000 0
1001 0
1002 0
1003 0
1004 0
1005 0
1006 0
1007 0
1008 0
1009 0
1010 0
1011 0
1012 0
1013 0
1014 0
1015 0
1016 0
1017 0
1018 0
1019 0
1020 0
1021 0
1022 0
1023 0
1024 0
1025 0
1026 0
1027 0
1028 0
1029 0
1030 0
1031 0
1032 0
1033 0
1034 0
1035 0
1036 0
1037 0
1038 0
1039 0
1040 0
1041 0
1042 0
1043 0
1044 0
1045 0
1046 0
1047 0
1048 0
1049 0
1050 0
1051 0
1052 0
1053 0
1054 0
1055 0
1056 0
1057 0
1058 0
1059 0
1060 0
1061 0
1062 0
1063 0
1064 0
1065 0
1066 0
1067 0
1068 0
1069 0
1070 0
1071 0
1072 0
1073 0
1074 0
1075 0
1076 0
1077 0
1078 0
1079 0
1080 0
1081 0
1082 0
1083 0
1084 0
1085 0
1086 0
1087 0
1088 0
1089 0
1090 0
1091 0
1092 0
1093 0
1094 0
1095 0
1096 0
1097 0
1098 0
1099 0
1100 0
1101 0
1102 0
1103 0
1104 0
1105 0
1106 0
1107 0
1108 0
1109 0
1110 0
1111 0
1112 0
1113 0
1114 0
1115 0
1116 0
1117 0
1118 0
1119 0
1120 0
1121 0
1122 0
1123 0
1124 0
1125 0
1126 0
1127 0
1128 0
1129 0
1130 0
1131 0
1132 0
1133 0
1134 0
1135 0
1136 0
1137 0
1138 0
1139 0
1140 0
1141 0
1142 0
1143 0
1144 0
1145 0
1146 0
1147 0
1148 0
1149 0
1150 0
1151 0
1152 0
1153 0
1154 0
1155 0
1156 0
1157 0
1158 0
1159 0
1160 0
1161 0
1162 0
1163 0
1164 0
1165 0
1166 0
1167 0
1168 0
1169 0
1170 0
1171 0
1172 0
1173 0
1174 0
1175 0
1176 0
1177 0
1178 0
1179 0
1180 0
1181 0
1182 0
1183 0
1184 0
1185 0
1186 0
1187 0
1188 0
1189 0
1190 0
1191 0
1192 0
1193 0
1194 0
1195 0
1196 0
1197 0
1198 0
1199 0
1200 0
1201 0
1202 0
1203 0
1204 0
1205 0
1206 0
1207 0
1208 0
1209 0
1210 0
1211 0
1212 0
1213 0
1214 0
1215 0
1216 0
1217 0
1218 0
1219 0
1220 0
1221 0
1222 0
1223 0
1224 0
1225 0
1226 0
1227 0
1228 0
1229 0
1230 0
1231 0
1232 0
1233 0
1234 0
1235 0
1236 0
1237 0
1238 0
1239 0
1240 0
1241 0
1242 0
1243 0
1244 0
1245 0
1246 0
1247 0
1248 0
1249 0
1250 0
1251 0
1252 0
1253 0
1254 0
1255 0
1256 0
1257 0
1258 0
1259 0
1260 0
1261 0
1262 0
1263 0
1264 0
1265 0
1266 0
1267 0
1268 0
1269 0
1270 0
1271 0
1272 0
1273 0
1274 0
1275 0
1276 0
1277 0
1278 0
1279 0
1280 0
1281 0
1282 0
1283 0
1284 0
1285 0
1286 0
1287 0
1288 0
1289 0
1290 0
1291 0
1292 0
1293 0
1294 0
1295 0
1296 0
1297 0
1298 0
1299 0
1300 0
1301 0
1302 0
1303 0
1304 0
1305 0
1306 0
1307 0
1308 0
1309 0
1310 0
1311 0
1312 0
1313 0
1314 0
1315 0
1316 0
1317 0
1318 0
1319 0
1320 0
1321 0
1322 0
1323 0
1324 0
1325 0
1326 0
1327 0
1328 0
1329 0
1330 0
1331 0
1332 0
1333 0
1334 0
1335 0
1336 0
1337 0
1338 0
1339 0
1340 0
1341 0
1342 0
1343 0
1344 0
1345 0
1346 0
1347 0
1348 0
1349 0
1350 0
1351 0
1352 0
1353 0
1354 0
1355 0
1356 0
1357 0
1358 0
1359 0
1360 0
1361 0
1362 0
1363 0
1364 0
1365 0
1366 0
1367 0
1368 0
1369 0
1370 0
1371 0
1372 0
1373 0
1374 0
1375 0
1376 0
1377 0
1378 0
1379 0
1380 0
1381 0
1382 0
1383 0
1384 0
1385 0
1386 0
1387 0
1388 0
1389 0
1390 0
1391 0
1392 0
1393 0
1394 0
1395 0
1396 0
1397 0
1398 0
1399 0
1400 0
1401 0
1402 0
1403 0
1404 0
1405 0
1406 0
1407 0
1408 0
1409 0
1410 0
1411 0
1412 0
1413 0
1414 0
1415 0
1416 0
1417 0
1418 0
1419 0
1420 0
1421 0
1422 0
1423 0
1424 0
1425 0
1426 0
1427 0
1428 0
1429 0
1430 0
1431 0
1432 0
1433 0
1434 0
1435 0
1436 0
1437 0
1438 0
1439 0
1440 0
1441 0
1442 0
1443 0
1444 0
1445 0
1446 0
1447 0
1448 0
1449 0
1450 0
1451 0
1452 0
1453 0
1454 0
1455 0
1456 0
1457 0
1458 0
1459 0
1460 0
1461 0
1462 0
1463 0
1464 0
1465 0
1466 0
1467 0
1468 0
1469 0
1470 0
1471 0
1472 0
1473 0
1474 0
1475 0
1476 0
1477 0
1478 0
1479 0
1480 0
1481 0
1482 0
1483 0
1484 0
1485 0
1486 0
1487 0
1488 0
1489 0
1490 0
1491 0
1492 0
1493 0
1494 0
1495 0
1496 0
1497 0
1498 0
1499 0
1500 0
1501 0
1502 0
1503 0
1504 0
1505 0
1506 0
1507 0
1508 0
1509 0
1510 0
1511 0
1512 0
1513 0
1514 0
1515 0
1516 0
1517 0
1518 0
1519 0
1520 0
1521 0
1522 0
1523 0
1524 0
1525 0
1526 0
1527 0
1528 0
1529 0
1530 0
1531 0
1532 0
1533 0
1534 0
1535 0
1536 0
1537 0
1538 0
1539 0
1540 0
1541 0
1542 0
1543 0
1544 0
1545 0
1546 0
1547 0
1548 0
1549 0
1550 0
1551 0
1552 0
1553 0
1554 0
1555 0
1556 0
1557 0
1558 0
1559 0
1560 0
1561 0
1562 0
1563 0
1564 0
1565 0
1566 0
1567 0
1568 0
1569 0
1570 0
1571 0
1572 0
1573 0
1574 0
1575 0
1576 0
1577 0
1578 0
1579 0
1580 0
1581 0
1582 0
1583 0
1584 0
1585 0
1586 0
1587 0
1588 0
1589 0
1590 0
1591 0
1592 0
1593 0
1594 0
1595 0
1596 0
1597 0
1598 0
1599 0
1600 0
1601 0
1602 0
1603 0
1604 0
1605 0
1606 0
1607 0
1608 0
1609 0
1610 0
1611 0
1612 0
1613 0
1614 0
1615 0
1616 0
1617 0
1618 0
1619 0
1620 0
1621 0
1622 0
1623 0
1624 0
1625 0
1626 0
1627 0
1628 0
1629 0
1630 0
1631 0
1632 0
1633 0
1634 0
1635 0
1636 0
1637 0
1638 0
1639 0
1640 0
1641 0
1642 0
1643 0
1644 0
1645 0
1646 0
1647 0
1648 0
1649 0
1650 0
1651 0
1652 0
1653 0
1654 0
1655 0
1656 0
1657 0
1658 0
1659 0
1660 0
1661 0
1662 0
1663 0
1664 0
1665 0
1666 0
1667 0
1668 0
1669 0
1670 0
1671 0
1672 0
1673 0
1674 0
1675 0
1676 0
1677 0
1678 0
1679 0
1680 0
1681 0
1682 0
1683 0
1684 0
1685 0
1686 0
1687 0
1688 0
1689 0
1690 0
1691 0
1692 0
1693 0
1694 0
1695 0
1696 0
1697 0
1698 0
1699 0
1700 0
1701 0
1702 0
1703 0
1704 0
1705 0
1706 0
1707 0
1708 0
1709 0
1710 0
1711 0
1712 0
1713 0
1714 0
1715 0
1716 0
1717 0
1718 0
1719 0
1720 0
1721 0
1722 0
1723 0
1724 0
1725 0
1726 0
1727 0
1728 0
1729 0
1730 0
1731 0
1732 0
1733 0
1734 0
1735 0
1736 0
1737 0
1738 0
1739 0
1740 0
1741 0
1742 0
1743 0
1744 0
1745 0
1746 0
1747 0
1748 0
1749 0
1750 0
1751 0
1752 0
1753 0
1754 0
1755 0
1756 0
1757 0
1758 0
1759 0
1760 0
1761 0
1762 0
1763 0
1764 0
1765 0
1766 0
1767 0
1768 0
1769 0
1770 0
1771 0
1772 0
1773 0
1774 0
1775 0
1776 0
1777 0
1778 0
1779 0
1780 0
1781 0
1782 0
1783 0
1784 0
1785 0
1786 0
1787 0
1788 0
1789 0
1790 0
1791 0
1792 0
1793 0
1794 0
1795 0
1796 0
1797 0
1798 0
1799 0
1800 0
1801 0
1802 0
1803 0
1804 0
1805 0
1806 0
1807 0
1808 0
1809 0
1810 0
1811 0
1812 0
1813 0
1814 0
1815 0
1816 0
1817 0
1818 0
1819 0
1820 0
1821 0
1822 0
1823 0
1824 0
1825 0
1826 0
1827 0
1828 0
1829 0
1830 0
1831 0
1832 0
1833 0
1834 0
1835 0
1836 0
1837 0
1838 0
1839 0
1840 0
1841 0
1842 0
1843 0
1844 0
1845 0
1846 0
1847 0
1848 0
1849 0
1850 0
1851 0
1852 0
1853 0
1854 0
1855 0
1856 0
1857 0
1858 0
1859 0
1860 0
1861 0
1862 0
1863 0
1864 0
1865 0
1866 0
1867 0
1868 0
1869 0
1870 0
1871 0
1872 0
1873 0
1874 0
1875 0
1876 0
1877 0
1878 0
1879 0
1880 0
1881 0
1882 0
1883 0
1884 0
1885 0
1886 0
1887 0
1888 0
1889 0
1890 0
1891 0
1892 0
1893 0
1894 0
1895 0
1896 0
1897 0
1898 0
1899 0
1900 0
1901 0
1902 0
1903 0
1904 0
1905 0
1906 0
1907 0
1908 0
1909 0
1910 0
1911 0
1912 0
1913 0
1914 0
1915 0
1916 0
1917 0
1918 0
1919 0
1920 0
1921 0
1922 0
1923 0
1924 0
1925 0
1926 0
1927 0
1928 0
1929 0
1930 0
1931 0
1932 0
1933 0
1934 0
1935 0
1936 0
1937 0
1938 0
1939 0
1940 0
1941 0
1942 0
1943 0
1944 0
1945 0
1946 0
1947 0
1948 0
1949 0
1950 0
1951 0
1952 0
1953 0
1954 0
1955 0
1956 0
1957 0
1958 0
1959 0
1960 0
1961 0
1962 0
1963 0
1964 0
1965 0
1966 0
1967 0
1968 0
1969 0
1970 0
1971 0
1972 0
1973 0
1974 0
1975 0
1976 0
1977 0
1978 0
1979 0
1980 0
1981 0
1982 0
1983 0
1984 0
1985 0
1986 0
1987 0
1988 0
1989 0
1990 0
1991 0
1992 0
1993 0
1994 0
1995 0
1996 0
1997 0
1998 0
1999 0
2000 0
2001 0
2002 0
2003 0
2004 0
2005 0
2006 0
2007 0
2008 0
2009 0
2010 0
2011 0
2012 0
2013 0
2014 0
2015 0
2016 0
2017 0
2018 0
2019 0
2020 0
2021 0
2022 0
2023 0
2024 0
2025 0
2026 0
2027 0
2028 0
2029 0
2030 0
2031 0
2032 0
2033 0
2034 0
2035 0
2036 0
2037 0
2038 0
2039 0
2040 0
2041 0
2042 0
2043 0
2044 0
2045 0
2046 0
2047 0
2048 0
2049 0
2050 0
2051 0
2052 0
2053 0
2054 0
2055 0
2056 0
2057 0
2058 0
2059 0
2060 0
2061 0
2062 0
2063 0
2064 0
2065 0
2066 0
2067 0
2068 0
2069 0
2070 0
2071 0
2072 0
2073 0
2074 0
2075 0
2076 0
2077 0
2078 0
2079 0
2080 0
2081 0
2082 0
2083 0
2084 0
2085 0
2086 0
2087 0
2088 0
2089 0
2090 0
2091 0
2092 0
2093 0
2094 0
2095 0
2096 0
2097 0
2098 0
2099 0
2100 0
2101 0
2102 0
2103 0
2104 0
2105 0
2106 0
2107 0
2108 0
2109 0
2110 0
2111 0
2112 0
2113 0
2114 0
2115 0
2116 0
2117 0
2118 0
2119 0
2120 0
2121 0
2122 0
2123 0
2124 0
2125 0
2126 0
2127 0
2128 0
2129 0
2130 0
2131 0
2132 0
2133 0
2134 0
2135 0
2136 0
2137 0
2138 0
2139 0
2140 0
2141 0
2142 0
2143 0
2144 0
2145 0
2146 0
2147 0
2148 0
2149 0
2150 0
2151 0
2152 0
2153 0
2154 0
2155 0
2156 0
2157 0
2158 0
2159 0
2160 0
2161 0
2162 0
2163 0
2164 0
2165 0
2166 0
2167 0
2168 0
2169 0
2170 0
2171 0
2172 0
2173 0
2174 0
2175 0
2176 0
2177 0
2178 0
2179 0
2180 0
2181 0
2182 0
2183 0
2184 0
2185 0
2186 0
2187 0
2188 0
2189 0
2190 0
2191 0
2192 0
2193 0
2194 0
2195 0
2196 0
2197 0
2198 0
2199 0
2200 0
2201 0
2202 0
2203 0
2204 0
2205 0
2206 0
2207 0
2208 0
2209 0
2210 0
2211 0
2212 0
2213 0
2214 0
2215 0
2216 0
2217 0
2218 0
2219 0
2220 0
2221 0
2222 0
2223 0
2224 0
2225 0
2226 0
2227 0
2228 0
2229 0
2230 0
2231 0
2232 0
2233 0
2234 0
2235 0
2236 0
2237 0
2238 0
2239 0
2240 0
2241 0
2242 0
2243 0
2244 0
2245 0
2246 0
2247 0
2248 0
2249 0
2250 0
2251 0
2252 0
2253 0
2254 0
2255 0
2256 0
2257 0
2258 0
2259 0
2260 0
2261 0
2262 0
2263 0
2264 0
2265 0
2266 0
2267 0
2268 0
2269 0
2270 0
2271 0
2272 0
2273 0
2274 0
2275 0
2276 0
2277 0
2278 0
2279 0
2280 0
2281 0
2282 0
2283 0
2284 0
2285 0
2286 0
2287 0
2288 0
2289 0
2290 0
2291 0
2292 0
2293 0
2294 0
2295 0
2296 0
2297 0
2298 0
2299 0
2300 0
2301 0
2302 0
2303 0
0 1 0.34505
0 47 -1.04684
0 48 0.39234
0 2256 0.11867
1 2 0.39729
1 49 -0.13885
1 2257 1.1565
2 3 -0.02352
2 50 2.28909
2 2258 1.92271
3 4 1.02004
3 51 -0.77507
3 2259 -0.10465
4 5 -0.89202
4 52 0.23579
4 2260 1.40037
5 6 -0.3344
5 53 0.34857
5 2261 -0.06126
6 7 -0.08861
6 54 2.87103
6 2262 0.84348
7 8 -0.03812
7 55 2.36951
7 2263 -0.39834
8 9 -1.23095
8 56 0.91813
8 2264 0.55871
9 10 -1.26744
9 57 -2.05661
9 2265 -1.14406
10 11 -1.40641
10 58 -0.60899
10 2266 -0.60749
11 12 -0.23134
11 59 -0.46556
11 2267 -1.09089
12 13 0.45521
12 60 -0.34188
12 2268 0.5647
13 14 -0.15215
13 61 0.54341
13 2269 -0.14234
14 15 -0.25228
14 62 1.64233
14 2270 -0.86089
15 16 -1.03169
15 63 0.22569
15 2271 0.33294
16 17 -1.64099
16 64 -0.54413
16 2272 0.4213
17 18 0.87254
17 65 0.34622
17 2273 -0.18629
18 19 0.35253
18 66 -2.90608
18 2274 -0.33293
19 20 -1.14206
19 67 -0.10832
19 2275 -0.7544
20 21 0.93147
20 68 0.51609
20 2276 0.93135
21 22 -1.34587
21 69 -0.4166
21 2277 1.01868
22 23 -0.78655
22 70 0.31004
22 2278 -0.34516
23 24 0.11613
23 71 0.10256
23 2279 1.18643
24 25 -0.39998
24 72 -0.48518
24 2280 -0.95176
25 26 -0.65547
25 73 0.064
25 2281 -0.50019
26 27 -1.14128
26 74 1.64091
26 2282 0.16871
27 28 0.49689
27 75 -0.84589
27 2283 0.15188
28 29 -0.91662
28 76 -1.55705
28 2284 0.78969
29 30 -0.60111
29 77 1.23429
29 2285 -1.22363
30 31 1.33799
30 78 1.33326
30 2286 -1.05592
31 32 0.13541
31 79 -1.30306
31 2287 0.90323
32 33 0.14198
32 80 0.36168
32 2288 -2.01268
33 34 0.74006
33 81 0.41038
33 2289 -0.79665
34 35 1.36122
34 82 -0.08798
34 2290 1.19598
35 36 1.74467
35 83 -1.41101
35 2291 0.6343
36 37 1.04526
36 84 0.28877
36 2292 -2.68183
37 38 0.13339
37 85 -0.52427
37 2293 -0.50133
38 39 1.92578
38 86 0.90824
38 2294 -1.01587
39 40 0.36537
39 87 2.05917
39 2295 -0.03099
40 41 -0.5133
40 88 -0.3644
40 2296 1.52965
41 42 -0.285
41 89 0.79547
41 2297 -1.83785
42 43 -1.85065
42 90 -0.44609
42 2298 -0.69094
43 44 -0.96671
43 91 0.25498
43 2299 1.03736
44 45 -0.21448
44 92 0.45085
44 2300 -0.38224
45 46 -0.05029
45 93 -0.26259
45 2301 1.00724
46 47 0.52173
46 94 -1.15532
46 2302 1.43232
47 95 -1.16484
47 2303 -0.02016
48 49 0.36637
48 95 -1.64586
48 96 0.2994
49 50 -0.71632
49 97 0.17693
50 51 0.08787
50 98 -0.43264
51 52 -0.07681
51 99 0.91025
52 53 -1.05551
52 100 -0.09012
53 54 0.22588
53 101 0.92951
54 55 0.38154
54 102 0.15812
55 56 0.25552
55 103 -0.85066
56 57 -0.35975
56 104 1.1402
57 58 0.50999
57 105 -2.08918
58 59 -0.12482
58 106 -0.185
59 60 0.30076
59 107 0.24858
60 61 -0.09225
60 108 -1.14269
61 62 -0.06724
61 109 0.90015
62 63 -0.50694
62 110 0.33625
63 64 0.02841
63 111 0.67879
64 65 -1.34563
64 112 -0.13739
65 66 0.78584
65 113 -0.76682
66 67 0.42797
66 114 0.53815
67 68 0.4893
67 115 -0.53302
68 69 0.17301
68 116 -1.84198
69 70 -1.10853
69 117 -0.51909
70 71 0.77801
70 118 -1.27144
71 72 -0.47809
71 119 1.07624
72 73 -1.01668
72 120 1.64519
73 74 -1.11648
73 121 -0.29704
74 75 1.79755
74 122 -1.45981
75 76 0.72689
75 123 -0.30241
76 77 0.9212
76 124 -0.92789
77 78 -0.37125
77 125 1.13255
78 79 0.0598
78 126 -0.83057
79 80 0.35123
79 127 0.82325
80 81 -0.27519
80 128 -0.38944
81 82 -0.05522
81 129 1.5153
82 83 0.83792
82 130 0.69642
83 84 -0.11644
83 131 -0.41856
84 85 1.16255
84 132 -1.39797
85 86 -0.09047
85 133 0.78438
86 87 -0.33789
86 134 0.15724
87 88 0.03002
87 135 0.5411
88 89 0.22076
88 136 1.01805
89 90 -1.62718
89 137 -0.76727
90 91 -1.35262
90 138 0.30067
91 92 0.48862
91 139 -1.84202
92 93 2.08566
92 140 -1.34643
93 94 0.37524
93 141 -1.00881
94 95 1.1831
94 142 0.76819
95 143 0.54719
96 97 -0.03876
96 143 0.22039
96 144 -2.30542
97 98 0.429
97 145 0.07041
98 99 0.64141
98 146 1.63874
99 100 -0.16422
99 147 0.58516
100 101 -0.12662
100 148 0.91419
101 102 -0.90305
101 149 1.36859
102 103 0.06194
102 150 0.09651
103 104 0.24347
103 151 -1.33956
104 105 -1.21471
104 152 0.07333
105 106 -0.09527
105 153 0.78478
106 107 -0.17695
106 154 -0.53267
107 108 -1.18078
107 155 0.11198
108 109 0.95597
108 156 -0.14387
109 110 -0.04603
109 157 -1.17989
110 111 0.40907
110 158 1.04999
111 112 0.63129
111 159 0.00495
112 113 -0.34557
112 160 0.14209
113 114 -0.98835
113 161 -0.18957
114 115 -0.75146
114 162 0.80388
115 116 -0.18471
115 163 2.42272
116 117 -0.25211
116 164 0.43659
117 118 1.84026
117 165 0.92809
118 119 1.46838
118 166 0.56748
119 120 1.24093
119 167 1.23414
120 121 -1.39554
120 168 -1.06063
121 122 0.61254
121 169 1.15642
122 123 -0.34136
122 170 0.24736
123 124 -1.09813
123 171 1.64588
124 125 -0.88767
124 172 -0.95953
125 126 0.85556
125 173 -0.53386
126 127 0.60717
126 174 -0.1717
127 128 1.10557
127 175 1.06173
128 129 0.73732
128 176 1.81985
129 130 0.19807
129 177 -0.34754
130 131 0.34699
130 178 0.16983
131 132 -0.45482
131 179 -1.72732
132 133 1.26779
132 180 0.43173
133 134 0.00783
133 181 -0.41994
134 135 -0.44827
134 182 -0.02162
135 136 -0.20953
135 183 0.53835
136 137 -0.53525
136 184 -1.93302
137 138 1.86775
137 185 -2.01249
138 139 -0.76502
138 186 0.34618
139 140 1.47979
139 187 -1.81908
140 141 -0.45473
140 188 0.31158
141 142 -1.25721
141 189 -0.37292
142 143 0.26257
142 190 -0.00295
143 191 0.4625
144 145 0.85958
144 191 -0.10923
144 192 -0.61502
145 146 -0.87894
145 193 -1.45101
146 147 1.61029
146 194 -0.13531
147 148 -0.69881
147 195 1.16419
148 149 0.65716
148 196 0.90098
149 150 -0.02512
149 197 0.13747
150 151 -1.06984
150 198 0.40845
151 152 1.45937
151 199 1.50939
152 153 0.20785
152 200 -0.06002
153 154 0.36111
153 201 -2.72971
154 155 0.04411
154 202 0.34851
155 156 0.39368
155 203 0.19966
156 157 0.12351
156 204 -1.21315
157 158 0.0167
157 205 -0.48013
158 159 -1.13563
158 206 -0.36941
159 160 -1.57189
159 207 -0.09862
160 161 0.54789
160 208 2.24469
161 162 1.12997
161 209 -0.52998
162 163 -1.43862
162 210 -1.24899
163 164 -1.25231
163 211 0.01674
164 165 0.26316
164 212 0.63763
165 166 -0.62128
165 213 -1.04169
166 167 0.37361
166 214 0.72702
167 168 -0.7179
167 215 -0.73054
168 169 2.35212
168 216 -0.89413
169 170 1.45262
169 217 0.98632
170 171 -0.1993
170 218 0.34701
171 172 0.40663
171 219 0.98291
172 173 0.63984
172 220 -1.20349
173 174 -0.01168
173 221 -0.50242
174 175 -0.2073
174 222 1.58579
175 176 0.9521
175 223 0.25317
176 177 0.07483
176 224 0.87274
177 178 0.8945
177 225 -1.20289
178 179 -0.22832
178 226 -1.00624
179 180 -1.22882
179 227 -1.89926
180 181 -1.24954
180 228 0.82552
181 182 -1.2742
181 229 -0.83058
182 183 1.57844
182 230 -1.04246
183 184 -0.3228
183 231 0.76814
184 185 -0.81157
184 232 0.87621
185 186 1.20334
185 233 0.14398
186 187 -1.16311
186 234 0.188
187 188 -0.5204
187 235 0.00039
188 189 -0.44991
188 236 -0.3238
189 190 -0.19579
189 237 0.71728
190 191 0.41447
190 238 -2.1487
191 239 -1.08459
192 193 0.53528
192 239 -0.35521
192 240 0.10442
193 194 -1.37686
193 241 0.22801
194 195 -0.34429
194 242 -0.38858
195 196 -0.45376
195 243 0.30389
196 197 -0.08073
196 244 1.63552
197 198 0.12893
197 245 -0.46834
198 199 -0.94192
198 246 1.50436
199 200 -1.5121
199 247 1.46749
200 201 -1.24588
200 248 -0.5968
201 202 0.62447
201 249 0.87215
202 203 -0.41954
202 250 -2.0023
203 204 -0.06633
203 251 1.48452
204 205 -0.66454
204 252 -1.75613
205 206 -0.58801
205 253 -0.87571
206 207 -1.62067
206 254 4.31337
207 208 1.23477
207 255 1.78632
208 209 -1.02974
208 256 -1.55793
209 210 -1.36643
209 257 -0.81934
210 211 -0.09575
210 258 -1.06461
211 212 0.08728
211 259 -0.06051
212 213 0.13466
212 260 -0.53832
213 214 0.50854
213 261 0.38508
214 215 -0.79607
214 262 0.52971
215 216 -0.97876
215 263 -0.72735
216 217 0.06034
216 264 -1.46968
217 218 1.21358
217 265 0.47032
218 219 0.4387
218 266 -0.62682
219 220 -1.40279
219 267 -0.3095
220 221 -0.14196
220 268 -0.29415
221 222 0.60768
221 269 0.5964
222 223 -1.87175
222 270 -0.56006
223 224 1.37088
223 271 0.12007
224 225 0.6641
224 272 -0.4413
225 226 0.75491
225 273 0.20943
226 227 -1.1636
226 274 -0.21596
227 228 -0.30151
227 275 0.97557
228 229 -2.64104
228 276 1.75297
229 230 1.38616
229 277 -1.32641
230 231 -0.62639
230 278 -0.64298
231 232 -0.68396
231 279 -0.53872
232 233 -0.26495
232 280 0.41403
233 234 0.26036
233 281 -0.29256
234 235 2.2266
234 282 -0.75886
235 236 0.03077
235 283 -0.40796
236 237 -1.18369
236 284 -1.04263
237 238 0.06643
237 285 -0.01118
238 239 -1.78555
238 286 0.08195
239 287 2.26772
240 241 0.8989
240 287 0.17704
240 288 1.2235
241 242 -0.10026
241 289 -0.12123
242 243 0.79864
242 290 -0.76293
243 244 0.2852
243 291 0.4857
244 245 0.05718
244 292 0.53786
245 246 -2.42642
245 293 -1.24959
246 247 0.17816
246 294 0.68132
247 248 -0.59531
247 295 -0.58039
248 249 -1.42692
248 296 -0.37461
249 250 -0.00975
249 297 -0.4554
250 251 -0.53461
250 298 -0.0268
251 252 -2.37873
251 299 -0.1135
252 253 -0.56153
252 300 0.00586
253 254 1.91037
253 301 -1.03699
254 255 1.17116
254 302 -0.12941
255 256 1.4378
255 303 -0.20285
256 257 -1.73175
256 304 1.11235
257 258 0.96022
257 305 1.04006
258 259 -0.76069
258 306 0.23137
259 260 -0.51151
259 307 1.00154
260 261 0.98554
260 308 0.06575
261 262 -0.80468
261 309 0.67996
262 263 -0.031
262 310 0.27669
263 264 0.75245
263 311 -2.8738
264 265 -0.90244
264 312 -0.65891
265 266 0.78723
265 313 -0.34453
266 267 0.93614
266 314 -1.09537
267 268 0.36977
267 315 -0.5668
268 269 -1.08694
268 316 0.98621
269 270 0.75979
269 317 0.22988
270 271 -0.69214
270 318 0.14685
271 272 0.26653
271 319 0.805
272 273 0.27519
272 320 -0.33206
273 274 -1.45334
273 321 -0.53038
274 275 0.68813
274 322 0.63002
275 276 0.33138
275 323 0.455
276 277 0.28867
276 324 2.62195
277 278 -0.45649
277 325 -0.76489
278 279 0.38047
278 326 -0.74796
279 280 0.91491
279 327 1.11348
280 281 1.03787
280 328 1.12952
281 282 -0.11935
281 329 -0.16586
282 283 -0.43085
282 330 -0.11713
283 284 -1.10802
283 331 0.06719
284 285 0.55089
284 332 0.2549
285 286 1.88692
285 333 0.70064
286 287 -0.15488
286 334 1.60281
287 335 1.50989
288 289 -1.06441
288 335 0.20656
288 336 1.57377
289 290 0.11896
289 337 0.78625
290 291 0.7185
290 338 -0.98533
291 292 -1.17141
291 339 -1.25348
292 293 -2.04911
292 340 0.62311
293 294 -0.99954
293 341 2.72756
294 295 0.08223
294 342 1.11369
295 296 -0.45886
295 343 -1.77551
296 297 -1.14079
296 344 -0.01461
297 298 -1.05462
297 345 -0.30205
298 299 -0.61945
298 346 0.65243
299 300 -0.27351
299 347 2.08415
300 301 -1.54777
300 348 0.46712
301 302 -0.28407
301 349 0.97795
302 303 0.14408
302 350 -2.68355
303 304 -0.37973
303 351 0.29844
304 305 -1.09616
304 352 1.15538
305 306 -0.85593
305 353 0.16591
306 307 1.26333
306 354 0.36441
307 308 0.17128
307 355 -0.10255
308 309 -1.44622
308 356 -1.45031
309 310 0.95404
309 357 -1.9283
310 311 -0.10773
310 358 1.91532
311 312 0.57704
311 359 -0.12793
312 313 1.34566
312 360 0.24575
313 314 -0.10243
313 361 0.93698
314 315 -2.3386
314 362 0.84139
315 316 0.29418
315 363 -1.01849
316 317 -0.08266
316 364 2.20272
317 318 -0.43193
317 365 1.42037
318 319 -0.72913
318 366 -0.24278
319 320 -1.74186
319 367 0.94967
320 321 0.65633
320 368 -2.31272
321 322 -0.09724
321 369 0.12036
322 323 0.63559
322 370 -0.0358
323 324 1.90658
323 371 -1.80818
324 325 0.42513
324 372 1.07702
325 326 -0.78341
325 373 -1.14395
326 327 0.72115
326 374 1.33294
327 328 -0.32883
327 375 -0.93438
328 329 -0.49392
328 376 1.00503
329 330 0.84134
329 377 -0.4782
330 331 0.27288
330 378 -0.7269
331 332 1.15398
331 379 -1.19132
332 333 0.61759
332 380 0.14567
333 334 0.78144
333 381 1.20328
334 335 1.73755
334 382 0.64655
335 383 -0.23693
336 337 0.37868
336 383 2.75402
336 384 0.2042
337 338 -1.24107
337 385 1.33937
338 339 -0.93085
338 386 -0.02886
339 340 -0.56293
339 387 -0.44992
340 341 -0.89167
340 388 2.45629
341 342 1.19004
341 389 -0.25091
342 343 1.43098
342 390 -0.79195
343 344 0.95316
343 391 2.05681
344 345 0.63405
344 392 0.45639
345 346 -1.07951
345 393 -0.03107
346 347 -0.23399
346 394 0.2333
347 348 -1.08318
347 395 -0.63357
348 349 -1.95635
348 396 -1.08708
349 350 0.59216
349 397 -1.6049
350 351 1.27408
350 398 1.24585
351 352 -0.6433
351 399 -1.7942
352 353 -1.51994
352 400 -2.02152
353 354 1.33261
353 401 -2.47886
354 355 -0.2008
354 402 2.40677
355 356 0.94976
355 403 -1.81695
356 357 -0.17605
356 404 0.61634
357 358 -0.79545
357 405 0.56187
358 359 0.20078
358 406 0.27118
359 360 -0.30864
359 407 1.03285
360 361 -0.49035
360 408 0.09891
361 362 0.49841
361 409 -0.41089
362 363 -0.93753
362 410 1.56851
363 364 0.39554
363 411 0.19762
364 365 0.4094
364 412 -1.04675
365 366 -1.80392
365 413 -0.29727
366 367 -0.99922
366 414 0.7665
367 368 0.04184
367 415 -0.15824
368 369 -0.88673
368 416 1.16411
369 370 -0.46293
369 417 0.10745
370 371 0.23973
370 418 0.53814
371 372 1.21814
371 419 0.20786
372 373 1.3058
372 420 -1.81758
373 374 0.13175
373 421 1.04929
374 375 1.87447
374 422 -0.07465
375 376 -0.5832
375 423 0.53611
376 377 -0.07231
376 424 -2.18733
377 378 -0.30804
377 425 -0.41804
378 379 -0.67518
378 426 0.68539
379 380 -0.41992
379 427 -0.46436
380 381 0.80107
380 428 0.12944
381 382 0.47374
381 429 0.17747
382 383 0.51272
382 430 0.04128
383 431 -2.01204
384 385 1.30783
384 431 1.51853
384 432 -0.33674
385 386 0.42367
385 433 -0.30426
386 387 0.18593
386 434 0.52264
387 388 0.45156
387 435 -0.15822
388 389 -0.04627
388 436 0.40517
389 390 1.24108
389 437 -1.47784
390 391 0.98364
390 438 -1.33575
391 392 -1.00579
391 439 0.97442
392 393 0.32251
392 440 -0.37511
393 394 1.42143
393 441 1.64321
394 395 -0.84593
394 442 -0.5537
395 396 -0.86553
395 443 0.4079
396 397 -0.68285
396 444 0.87896
397 398 1.68777
397 445 -1.08236
398 399 -0.02326
398 446 1.107
399 400 0.28227
399 447 -0.04287
400 401 0.68601
400 448 0.78983
401 402 0.57031
401 449 -0.37875
402 403 0.2248
402 450 -1.82669
403 404 0.0539
403 451 -0.04659
404 405 -0.17176
404 452 -0.37791
405 406 -0.83382
405 453 -1.12256
406 407 0.582
406 454 -1.12527
407 408 -0.9624
407 455 -0.44355
408 409 -0.73053
408 456 -2.06374
409 410 1.20683
409 457 -1.83287
410 411 0.83918
410 458 -0.20567
411 412 1.19623
411 459 -0.69304
412 413 -1.70997
412 460 1.42234
413 414 0.98104
413 461 0.26126
414 415 -0.78194
414 462 -0.95208
415 416 -1.56796
415 463 0.50744
416 417 -0.72267
416 464 -0.87459
417 418 0.64056
417 465 -1.93553
418 419 -0.94915
418 466 0.92777
419 420 0.00142
419 467 -1.68421
420 421 1.32607
420 468 1.10137
421 422 -0.47281
421 469 0.38824
422 423 -0.90735
422 470 1.04894
423 424 0.29201
423 471 -0.09921
424 425 -0.29836
424 472 0.23514
425 426 -0.67445
425 473 -0.05886
426 427 -1.28264
426 474 -0.62267
427 428 -1.27906
427 475 -1.00494
428 429 -1.34525
428 476 -1.63611
429 430 0.7149
429 477 -0.50308
430 431 0.00313
430 478 0.03932
431 479 -0.57562
432 433 -0.92872
432 479 0.98137
432 480 1.30537
433 434 1.21981
433 481 0.36882
434 435 -0.1044
434 482 1.09046
435 436 0.26559
435 483 -0.08355
436 437 0.43027
436 484 0.05494
437 438 1.08438
437 485 0.32419
438 439 -1.59315
438 486 -0.44478
439 440 0.23846
439 487 0.12255
440 441 1.06245
440 488 2.53076
441 442 0.94284
441 489 -0.91227
442 443 0.1805
442 490 1.07445
443 444 2.19726
443 491 0.5153
444 445 1.41277
444 492 -0.79507
445 446 0.52276
445 493 0.04979
446 447 1.75373
446 494 0.48979
447 448 -1.44462
447 495 -0.06647
448 449 0.49671
448 496 -1.1592
449 450 -0.95066
449 497 -0.52371
450 451 0.1648
450 498 -0.6017
451 452 1.5267
451 499 -0.73239
452 453 0.90449
452 500 1.9092
453 454 0.77032
453 501 -1.54389
454 455 -0.52454
454 502 2.61912
455 456 -1.13006
455 503 -0.69351
456 457 -0.98218
456 504 0.51112
457 458 -0.98151
457 505 0.36687
458 459 -0.19216
458 506 -1.20354
459 460 -0.90462
459 507 1.00212
460 461 -0.40522
460 508 -0.03697
461 462 0.27734
461 509 0.37006
462 463 -0.54162
462 510 -0.93092
463 464 1.61485
463 511 0.51626
464 465 -1.90767
464 512 1.62421
465 466 1.56068
465 513 0.24375
466 467 1.01451
466 514 -0.55667
467 468 0.27087
467 515 0.79521
468 469 -0.71043
468 516 0.89766
469 470 1.81011
469 517 1.77058
470 471 -0.33346
470 518 -0.74127
471 472 -0.09594
471 519 0.63514
472 473 -1.24733
472 520 1.23947
473 474 0.25183
473 521 0.3523
474 475 0.9007
474 522 -1.27976
475 476 1.18858
475 523 -1.47181
476 477 -1.27162
476 524 -0.36748
477 478 -1.93699
477 525 -0.57291
478 479 -0.01307
478 526 -1.00808
479 527 0.53495
480 481 0.02167
480 527 -0.57101
480 528 0.41413
481 482 -0.99439
481 529 0.90569
482 483 -0.91183
482 530 0.41855
483 484 0.7382
483 531 1.45133
484 485 -0.9905
484 532 0.39149
485 486 -1.36681
485 533 -0.0445
486 487 -0.10349
486 534 0.04022
487 488 -1.04143
487 535 1.27633
488 489 -1.1427
488 536 0.07702
489 490 -1.01216
489 537 1.57103
490 491 -0.29507
490 538 1.12199
491 492 0.59293
491 539 -0.0448
492 493 0.62906
492 540 0.55905
493 494 0.0804
493 541 1.36254
494 495 0.31479
494 542 0.63595
495 496 0.66912
495 543 0.7302
496 497 -0.10774
496 544 -0.63541
497 498 0.64823
497 545 -0.9007
498 499 -0.7597
498 546 -0.45027
499 500 0.25118
499 547 1.45015
500 501 -0.13232
500 548 0.44115
501 502 1.08153
501 549 2.46839
502 503 0.35568
502 550 1.3755
503 504 1.61768
503 551 0.73007
504 505 -0.62168
504 552 0.32988
505 506 -1.02063
505 553 -1.20514
506 507 -1.21087
506 554 0.29901
507 508 1.35924
507 555 -0.09852
508 509 -1.78136
508 556 0.44999
509 510 -1.01774
509 557 -1.52613
510 511 0.3094
510 558 0.38833
511 512 -0.06345
511 559 -0.06126
512 513 -0.60045
512 560 -2.05619
513 514 2.43823
513 561 -0.34856
514 515 0.59585
514 562 0.33428
515 516 -0.35138
515 563 -0.54924
516 517 -0.75089
516 564 0.5683
517 518 0.82143
517 565 0.77141
518 519 2.80961
518 566 -1.15556
519 520 0.31054
519 567 -2.14311
520 521 -0.61493
520 568 0.09002
521 522 0.78624
521 569 -0.48426
522 523 -0.24261
522 570 -0.46311
523 524 -1.00782
523 571 -0.61558
524 525 1.04902
524 572 0.34866
525 526 0.22712
525 573 -1.22659
526 527 -0.87642
526 574 0.77898
527 575 0.02729
528 529 0.94904
528 575 0.40828
528 576 0.03766
529 530 0.61315
529 577 -0.04504
530 531 1.2716
530 578 0.00768
531 532 0.44468
531 579 1.11696
532 533 1.7388
532 580 1.26207
533 534 0.67632
533 581 -0.79834
534 535 0.08763
534 582 1.21257
535 536 -0.40182
535 583 -0.18092
536 537 -1.39009
536 584 -1.38109
537 538 0.71893
537 585 -1.23455
538 539 0.57163
538 586 -0.78654
539 540 0.14173
539 587 0.05199
540 541 -0.61793
540 588 -0.43307
541 542 2.39146
541 589 -0.53883
542 543 0.33658
542 590 -0.04692
543 544 0.34055
543 591 0.84983
544 545 0.46582
544 592 2.99335
545 546 -1.25125
545 593 0.08116
546 547 -1.07963
546 594 -0.24779
547 548 -0.87117
547 595 -0.25145
548 549 0.63806
548 596 0.22361
549 550 -0.62036
549 597 -1.10985
550 551 -0.27032
550 598 0.68187
551 552 -0.87343
551 599 -0.61998
552 553 -0.65896
552 600 1.15582
553 554 0.4176
553 601 0.58687
554 555 0.59913
554 602 -1.76317
555 556 -0.17805
555 603 1.5252
556 557 -0.61122
556 604 0.25039
557 558 0.99998
557 605 1.45289
558 559 -0.393
558 606 0.12109
559 560 -0.58668
559 607 1.14446
560 561 1.0374
560 608 0.5363
561 562 -0.18101
561 609 -0.01136
562 563 0.08915
562 610 1.80544
563 564 -0.24662
563 611 -1.82531
564 565 -0.65342
564 612 0.53243
565 566 0.97961
565 613 -1.95232
566 567 0.81704
566 614 2.55914
567 568 -0.06381
567 615 -1.32732
568 569 0.97535
568 616 -0.68762
569 570 -0.15305
569 617 -0.84768
570 571 -1.06764
570 618 -0.09739
571 572 -0.3497
571 619 0.91494
572 573 -0.32618
572 620 0.98286
573 574 -0.32621
573 621 -0.46335
574 575 0.35754
574 622 -1.02559
575 623 -1.7238
576 577 -1.32696
576 623 1.00131
576 624 -0.22939
577 578 1.44486
577 625 0.04111
578 579 -0.46366
578 626 0.50229
579 580 -0.72685
579 627 -1.49594
580 581 1.97391
580 628 0.10686
581 582 0.08926
581 629 0.58403
582 583 -0.24735
582 630 -1.86859
583 584 -0.79878
583 631 0.20393
584 585 -0.45916
584 632 0.14207
585 586 -0.83973
585 633 0.6346
586 587 0.17889
586 634 0.24879
587 588 -0.70785
587 635 1.75796
588 589 -0.06043
588 636 -0.20956
589 590 -0.32123
589 637 2.0857
590 591 0.8967
590 638 1.0474
591 592 -2.24541
591 639 -1.5967
592 593 -0.79884
592 640 0.47048
593 594 -0.65741
593 641 0.15618
594 595 0.3069
594 642 0.31702
595 596 1.4304
595 643 0.75721
596 597 -0.09642
596 644 0.22697
597 598 -1.59785
597 645 0.99904
598 599 -1.17904
598 646 0.42973
599 600 0.10911
599 647 0.34986
600 601 -0.38927
600 648 0.06555
601 602 -1.62558
601 649 0.14048
602 603 0.38988
602 650 -0.47669
603 604 -0.25083
603 651 -0.03484
604 605 0.63916
604 652 0.71144
605 606 1.46254
605 653 -0.12808
606 607 0.57511
606 654 0.15619
607 608 -0.24062
607 655 1.81022
608 609 0.67679
608 656 -0.82595
609 610 2.19509
609 657 -1.43451
610 611 -1.96339
610 658 1.62949
611 612 1.48677
611 659 1.24161
612 613 -1.26468
612 660 0.20994
613 614 0.18959
613 661 -1.19163
614 615 0.70251
614 662 -0.30719
615 616 0.46711
615 663 1.39528
616 617 -0.65567
616 664 -0.54794
617 618 0.72687
617 665 1.31214
618 619 -1.84994
618 666 -0.35423
619 620 -0.56411
619 667 1.57518
620 621 1.89802
620 668 -0.77734
621 622 1.76717
621 669 0.56595
622 623 0.64435
622 670 -0.55098
623 671 0.42252
624 625 0.89538
624 671 -1.88037
624 672 -0.70394
625 626 1.7692
625 673 -0.62888
626 627 -0.06069
626 674 -0.41502
627 628 0.87719
627 675 -1.50521
628 629 -0.17867
628 676 1.2902
629 630 0.83651
629 677 -0.43642
630 631 -1.59369
630 678 -0.98856
631 632 -1.08328
631 679 -0.81827
632 633 -1.50081
632 680 -0.29704
633 634 -0.14037
633 681 0.05343
634 635 0.06419
634 682 -0.06415
635 636 0.96754
635 683 -0.57167
636 637 -0.03998
636 684 0.61581
637 638 -0.38515
637 685 0.15459
638 639 0.16847
638 686 -1.06261
639 640 1.13298
639 687 -0.6576
640 641 0.9758
640 688 -1.56569
641 642 -0.14542
641 689 0.94185
642 643 -0.02454
642 690 -1.01953
643 644 0.35059
643 691 0.15307
644 645 2.40099
644 692 -0.79719
645 646 -0.10396
645 693 0.69661
646 647 0.94933
646 694 -0.49249
647 648 0.55214
647 695 0.69434
648 649 0.83074
648 696 1.14957
649 650 -0.0035
649 697 -0.27657
650 651 1.98594
650 698 1.37087
651 652 -0.82288
651 699 -1.17445
652 653 0.71827
652 700 -1.77591
653 654 0.84645
653 701 0.20127
654 655 1.16091
654 702 0.22988
655 656 0.48793
655 703 -0.92541
656 657 1.18399
656 704 -0.73065
657 658 -1.10052
657 705 -0.22256
658 659 0.89549
658 706 -0.61114
659 660 1.33124
659 707 1.20237
660 661 0.09894
660 708 -0.46748
661 662 1.44569
661 709 -0.78714
662 663 0.08129
662 710 0.89508
663 664 0.76362
663 711 -0.3704
664 665 0.704
664 712 0.30189
665 666 -1.70713
665 713 1.88217
666 667 0.10488
666 714 1.19442
667 668 -0.69334
667 715 -1.00349
668 669 -0.31394
668 716 -0.14167
669 670 0.49948
669 717 0.52587
670 671 0.01957
670 718 -1.13772
671 719 -1.19071
672 673 1.05074
672 719 0.33697
672 720 0.61513
673 674 -0.37471
673 721 2.70273
674 675 0.21106
674 722 2.24667
675 676 0.96184
675 723 -0.74912
676 677 0.17304
676 724 -1.30717
677 678 0.48066
677 725 1.93857
678 679 -0.12813
678 726 -0.04452
679 680 1.31826
679 727 0.32547
680 681 0.68953
680 728 0.47999
681 682 -0.09892
681 729 0.00706
682 683 -0.55857
682 730 0.64568
683 684 1.28152
683 731 0.95649
684 685 -2.59695
684 732 -0.19075
685 686 -0.13498
685 733 -0.40257
686 687 1.23487
686 734 0.15467
687 688 -0.49766
687 735 0.98494
688 689 -3.26095
688 736 -0.01826
689 690 0.2053
689 737 1.32738
690 691 0.32401
690 738 -1.36451
691 692 0.87945
691 739 -0.27446
692 693 0.23681
692 740 -0.20275
693 694 -0.05286
693 741 -0.37254
694 695 -1.28263
694 742 0.54225
695 696 -1.17268
695 743 0.71738
696 697 -2.08132
696 744 -0.10009
697 698 1.08524
697 745 -1.04956
698 699 1.23809
698 746 1.23964
699 700 -0.64051
699 747 -0.96984
700 701 0.53787
700 748 0.23459
701 702 0.97293
701 749 -0.44419
702 703 -1.21385
702 750 0.92805
703 704 -0.50703
703 751 -0.06114
704 705 -0.14796
704 752 -1.14996
705 706 1.0965
705 753 -0.8185
706 707 -0.55667
706 754 -0.26679
707 708 -3.03517
707 755 -0.61985
708 709 -1.34913
708 756 -1.57489
709 710 -0.74868
709 757 1.62075
710 711 0.50765
710 758 0.98121
711 712 0.37758
711 759 1.40726
712 713 0.66802
712 760 1.12508
713 714 1.07313
713 761 -0.17494
714 715 0.65398
714 762 0.36823
715 716 -0.68978
715 763 0.41771
716 717 0.12154
716 764 0.22081
717 718 -2.15654
717 765 -0.14667
718 719 -0.1191
718 766 1.78796
719 767 0.67083
720 721 0.79378
720 767 0.7167
720 768 -0.7577
721 722 -0.49357
721 769 -0.28574
722 723 -1.22726
722 770 0.76956
723 724 0.33545
723 771 -1.04434
724 725 1.14969
724 772 0.09283
725 726 -0.19913
725 773 -1.21389
726 727 -1.22664
726 774 -0.22614
727 728 0.22142
727 775 -0.14905
728 729 1.05568
728 776 0.08833
729 730 1.42763
729 777 0.44941
730 731 -0.25714
730 778 0.79465
731 732 0.50761
731 779 0.77568
732 733 -1.55172
732 780 0.00731
733 734 -1.42537
733 781 -1.07163
734 735 -0.68391
734 782 1.48003
735 736 0.61884
735 783 0.06176
736 737 0.06166
736 784 -1.65152
737 738 0.17328
737 785 -0.90686
738 739 1.32007
738 786 -0.30623
739 740 0.51636
739 787 1.49059
740 741 -0.22809
740 788 0.35783
741 742 -1.704
741 789 -1.57976
742 743 -0.14726
742 790 -0.24457
743 744 -0.11915
743 791 -0.239
744 745 -0.52719
744 792 -1.08422
745 746 -1.04433
745 793 0.25077
746 747 0.09961
746 794 0.06375
747 748 1.28189
747 795 -0.78731
748 749 0.60047
748 796 -0.65672
749 750 -1.24011
749 797 0.65736
750 751 1.14305
750 798 1.1194
751 752 -0.15119
751 799 -0.58346
752 753 -0.11192
752 800 0.65628
753 754 0.18306
753 801 0.03004
754 755 -0.53837
754 802 0.35816
755 756 0.66831
755 803 0.1716
756 757 1.67812
756 804 -1.51948
757 758 0.95148
757 805 -0.47538
758 759 -1.14242
758 806 1.63322
759 760 -0.82509
759 807 0.03924
760 761 -0.44733
760 808 -1.31333
761 762 0.0394
761 809 -2.71412
762 763 0.39308
762 810 -0.30311
763 764 1.32459
763 811 0.92693
764 765 -2.60708
764 812 0.79536
765 766 0.19558
765 813 0.95491
766 767 -0.58534
766 814 0.66866
767 815 0.59944
768 769 0.0054
768 815 1.8387
768 816 0.48388
769 770 1.21327
769 817 0.8717
770 771 0.57825
770 818 2.07036
771 772 -0.64527
771 819 0.39295
772 773 -0.59751
772 820 0.37907
773 774 1.31365
773 821 0.37062
774 775 -0.01226
774 822 -0.69917
775 776 0.69606
775 823 1.85841
776 777 0.56023
776 824 1.89371
777 778 -0.43798
777 825 -0.27914
778 779 0.0294
778 826 0.56387
779 780 1.19408
779 827 -1.55315
780 781 -0.24448
780 828 -1.45891
781 782 -0.69215
781 829 -0.53284
782 783 -1.91702
782 830 -0.52947
783 784 0.15149
783 831 -1.85227
784 785 0.62282
784 832 -0.15656
785 786 0.58672
785 833 0.01345
786 787 0.79966
786 834 1.24027
787 788 -1.69059
787 835 -0.77726
788 789 -0.63746
788 836 0.30315
789 790 1.64882
789 837 1.51179
790 791 2.41446
790 838 1.30086
791 792 -0.4155
791 839 -0.21428
792 793 -0.83611
792 840 0.91465
793 794 0.75886
793 841 0.56552
794 795 0.59822
794 842 0.1185
795 796 -0.7343
795 843 -0.87429
796 797 1.9593
796 844 -1.21847
797 798 0.49704
797 845 0.20011
798 799 -0.60292
798 846 1.97299
799 800 -0.52311
799 847 -2.29429
800 801 -0.06076
800 848 -1.59782
801 802 0.04228
801 849 -0.6692
802 803 0.955
802 850 1.29138
803 804 -0.57626
803 851 0.23606
804 805 1.22663
804 852 -1.45712
805 806 -0.52339
805 853 0.62369
806 807 -0.68624
806 854 0.05324
807 808 0.84169
807 855 -2.44097
808 809 -0.71873
808 856 0.4544
809 810 1.14916
809 857 0.39821
810 811 0.08269
810 858 0.93985
811 812 -1.34932
811 859 0.1008
812 813 1.20533
812 860 -0.08839
813 814 0.26632
813 861 -1.83543
814 815 0.37092
814 862 1.56621
815 863 0.47817
816 817 1.29274
816 863 -0.23654
816 864 -0.0372
817 818 1.14452
817 865 -1.20135
818 819 -1.35297
818 866 0.4948
819 820 -1.64708
819 867 0.05111
820 821 0.90299
820 868 -0.19512
821 822 0.83011
821 869 -0.47625
822 823 1.16118
822 870 0.32747
823 824 0.56151
823 871 -0.15214
824 825 -0.41425
824 872 -0.29947
825 826 0.31831
825 873 0.36843
826 827 0.49815
826 874 -0.5337
827 828 1.24555
827 875 -1.22848
828 829 -2.25278
828 876 -0.38842
829 830 -0.19765
829 877 0.84148
830 831 -0.86319
830 878 -0.5787
831 832 1.14288
831 879 0.36178
832 833 -2.15159
832 880 0.70116
833 834 1.49089
833 881 0.48727
834 835 -1.62409
834 882 1.53307
835 836 -1.34389
835 883 0.10625
836 837 0.1598
836 884 -1.79591
837 838 0.21281
837 885 2.7571
838 839 -1.46328
838 886 0.53702
839 840 -1.16666
839 887 0.2259
840 841 -0.79497
840 888 -0.03324
841 842 0.361
841 889 1.39592
842 843 -0.26833
842 890 0.7749
843 844 0.88889
843 891 0.35804
844 845 -1.46493
844 892 0.0286
845 846 -0.81697
845 893 0.7589
846 847 0.12565
846 894 -0.00895
847 848 -0.32902
847 895 -0.3838
848 849 -0.73855
848 896 -0.22701
849 850 -1.0185
849 897 -1.40477
850 851 -1.23712
850 898 1.65301
851 852 -0.65666
851 899 -2.05513
852 853 0.03305
852 900 0.17306
853 854 0.44804
853 901 -0.57227
854 855 -0.86674
854 902 -1.04012
855 856 -0.89093
855 903 0.81136
856 857 2.10692
856 904 -0.74675
857 858 -1.30465
857 905 0.55152
858 859 -0.45264
858 906 -0.01212
859 860 -1.60076
859 907 0.8655
860 861 -1.26645
860 908 0.10036
861 862 -0.2211
861 909 0.45859
862 863 -0.16045
862 910 0.12207
863 911 0.28648
864 865 -0.17485
864 911 0.57561
864 912 -0.96473
865 866 0.28272
865 913 0.54115
866 867 -0.73156
866 914 0.06714
867 868 -1.37705
867 915 -0.29381
868 869 0.81496
868 916 0.08553
869 870 0.4355
869 917 1.24059
870 871 -0.90109
870 918 0.25349
871 872 -0.56027
871 919 0.31179
872 873 -1.75003
872 920 0.74767
873 874 0.55575
873 921 -1.52302
874 875 -0.11123
874 922 -0.98611
875 876 0.91387
875 923 -0.3015
876 877 -0.99034
876 924 0.9294
877 878 -0.71679
877 925 -0.10642
878 879 -0.26514
878 926 0.63791
879 880 1.78699
879 927 -0.89745
880 881 0.21196
880 928 1.81589
881 882 -1.15913
881 929 1.48565
882 883 0.94247
882 930 -3.51595
883 884 0.39044
883 931 -1.33744
884 885 0.45275
884 932 0.1197
885 886 -0.30837
885 933 -0.69607
886 887 0.31762
886 934 2.0014
887 888 0.73378
887 935 0.06418
888 889 0.70868
888 936 1.18108
889 890 -0.78858
889 937 0.45926
890 891 0.16067
890 938 -1.27568
891 892 1.03852
891 939 -0.42871
892 893 0.78713
892 940 0.21613
893 894 0.17884
893 941 -0.33349
894 895 0.07791
894 942 1.25004
895 896 -0.12099
895 943 0.45625
896 897 -0.61793
896 944 0.72606
897 898 -2.11148
897 945 0.77894
898 899 0.48144
898 946 0.6037
899 900 -3.92113
899 947 -0.57912
900 901 -0.95802
900 948 -1.00504
901 902 -0.08874
901 949 -0.55959
902 903 -0.87911
902 950 0.51876
903 904 0.26798
903 951 -0.44627
904 905 0.10501
904 952 2.21734
905 906 -2.0838
905 953 -2.20738
906 907 0.68225
906 954 -0.49336
907 908 0.27979
907 955 -1.2255
908 909 -0.92307
908 956 0.55346
909 910 0.70926
909 957 -0.37382
910 911 -0.35329
910 958 -2.07644
911 959 1.13973
912 913 -0.35285
912 959 1.48099
912 960 0.12311
913 914 1.26704
913 961 -0.09165
914 915 -0.40735
914 962 0.53257
915 916 0.3351
915 963 -1.21527
916 917 -1.38119
916 964 0.75019
917 918 1.81693
917 965 1.00857
918 919 1.4872
918 966 0.63274
919 920 -0.92581
919 967 1.0168
920 921 0.32298
920 968 0.64136
921 922 -2.35537
921 969 0.4104
922 923 0.39294
922 970 -1.36782
923 924 1.5566
923 971 0.0111
924 925 -1.58512
924 972 -0.67828
925 926 -0.05813
925 973 -0.04927
926 927 2.11631
926 974 0.05853
927 928 -1.79266
927 975 0.41162
928 929 -0.16756
928 976 0.64392
929 930 0.60599
929 977 1.66575
930 931 0.82853
930 978 2.55534
931 932 -0.11119
931 979 -0.49612
932 933 0.67508
932 980 -0.43428
933 934 -0.43754
933 981 0.53026
934 935 2.57897
934 982 0.96753
935 936 0.26944
935 983 -1.83505
936 937 0.18694
936 984 -1.01924
937 938 0.04112
937 985 -0.70272
938 939 1.74668
938 986 -0.17186
939 940 -1.48434
939 987 0.1775
940 941 -2.03569
940 988 -0.29518
941 942 -0.2262
941 989 0.41316
942 943 0.32537
942 990 -0.17291
943 944 1.54446
943 991 -0.01039
944 945 -0.21424
944 992 -0.67227
945 946 -2.01866
945 993 1.09088
946 947 -0.35894
946 994 -0.79516
947 948 0.03397
947 995 0.15865
948 949 -0.88426
948 996 0.27714
949 950 -0.33472
949 997 0.59785
950 951 -0.23987
950 998 -1.14554
951 952 1.90314
951 999 0.75813
952 953 -0.93322
952 1000 1.14844
953 954 -0.74027
953 1001 0.2659
954 955 1.05558
954 1002 0.17974
955 956 -0.37122
955 1003 -0.48652
956 957 -0.64653
956 1004 0.26155
957 958 0.59048
957 1005 0.01729
958 959 -1.02361
958 1006 -2.17685
959 1007 1.26336
960 961 -0.46556
960 1007 0.51135
960 1008 -1.8271
961 962 0.0954
961 1009 1.57839
962 963 1.91111
962 1010 -0.4101
963 964 -0.46773
963 1011 -2.29317
964 965 1.22552
964 1012 0.63412
965 966 0.53449
965 1013 1.27984
966 967 0.71236
966 1014 -1.27986
967 968 0.08928
967 1015 0.61424
968 969 -0.18264
968 1016 0.11677
969 970 -0.24811
969 1017 -0.32414
970 971 0.1033
970 1018 -0.52393
971 972 -0.1662
971 1019 -0.13986
972 973 1.8649
972 1020 -0.2307
973 974 -0.84649
973 1021 -0.83923
974 975 1.41517
974 1022 -0.78236
975 976 -0.01709
975 1023 0.25288
976 977 -0.44577
976 1024 0.70629
977 978 -0.48176
977 1025 -0.7048
978 979 0.26246
978 1026 -0.50148
979 980 1.08365
979 1027 -1.86774
980 981 0.03892
980 1028 0.2469
981 982 -1.20607
981 1029 -0.54753
982 983 1.10291
982 1030 -1.19702
983 984 0.30134
983 1031 0.81523
984 985 -0.1562
984 1032 1.96641
985 986 -0.60303
985 1033 0.17997
986 987 0.43067
986 1034 0.2897
987 988 0.71738
987 1035 0.32839
988 989 0.31885
988 1036 -0.62846
989 990 -1.16794
989 1037 -0.29368
990 991 0.7025
990 1038 1.16449
991 992 -0.79914
991 1039 -0.45395
992 993 -0.03906
992 1040 0.80999
993 994 0.64974
993 1041 0.20843
994 995 2.80207
994 1042 1.90097
995 996 -0.53597
995 1043 -0.92932
996 997 -0.78112
996 1044 -1.34757
997 998 -0.22993
997 1045 0.90427
998 999 -0.8728
998 1046 -0.5729
999 1000 -0.04611
999 1047 -1.52928
1000 1001 0.95228
1000 1048 -1.50318
1001 1002 0.48681
1001 1049 -0.84971
1002 1003 1.56771
1002 1050 1.50754
1003 1004 -0.69972
1003 1051 1.08461
1004 1005 -1.22367
1004 1052 0.42734
1005 1006 0.95849
1005 1053 2.64
1006 1007 -0.66261
1006 1054 0.2572
1007 1055 -1.35801
1008 1009 0.72991
1008 1055 -0.42055
1008 1056 -0.69371
1009 1010 1.59563
1009 1057 0.04056
1010 1011 -0.7315
1010 1058 0.42403
1011 1012 -0.06011
1011 1059 0.66762
1012 1013 -0.78579
1012 1060 -1.05715
1013 1014 0.58135
1013 1061 -0.61029
1014 1015 0.04256
1014 1062 0.47959
1015 1016 -0.82252
1015 1063 0.04538
1016 1017 -1.42149
1016 1064 -0.73411
1017 1018 0.05193
1017 1065 -0.92523
1018 1019 0.36315
1018 1066 -0.19153
1019 1020 -1.56171
1019 1067 0.92702
1020 1021 0.10506
1020 1068 -0.72367
1021 1022 1.487
1021 1069 0.02645
1022 1023 -0.34712
1022 1070 1.38834
1023 1024 -0.3221
1023 1071 0.69926
1024 1025 -0.24282
1024 1072 1.42409
1025 1026 -0.14204
1025 1073 -1.39108
1026 1027 2.49743
1026 1074 0.3746
1027 1028 0.3832
1027 1075 -0.16729
1028 1029 0.98253
1028 1076 2.02826
1029 1030 0.77669
1029 1077 1.01118
1030 1031 1.16204
1030 1078 0.88611
1031 1032 -0.22611
1031 1079 -1.15865
1032 1033 0.2435
1032 1080 0.39441
1033 1034 -1.00081
1033 1081 -2.47974
1034 1035 -0.3539
1034 1082 -0.52181
1035 1036 -0.71695
1035 1083 0.29783
1036 1037 -0.40474
1036 1084 0.38436
1037 1038 -0.33509
1037 1085 -0.2717
1038 1039 -0.9102
1038 1086 -0.91972
1039 1040 -0.32355
1039 1087 -0.9773
1040 1041 1.0741
1040 1088 0.3723
1041 1042 -0.0542
1041 1089 0.16036
1042 1043 -1.57919
1042 1090 -0.82075
1043 1044 0.895
1043 1091 0.57291
1044 1045 -0.59182
1044 1092 -0.27354
1045 1046 -0.2497
1045 1093 -0.62048
1046 1047 -0.46418
1046 1094 -0.03331
1047 1048 -1.39543
1047 1095 -0.56246
1048 1049 -0.04148
1048 1096 -0.01562
1049 1050 1.08885
1049 1097 0.63241
1050 1051 0.53778
1050 1098 -1.36654
1051 1052 -0.5979
1051 1099 0.2662
1052 1053 -0.74492
1052 1100 -1.13403
1053 1054 -0.66829
1053 1101 -0.04143
1054 1055 0.60448
1054 1102 -0.14549
1055 1103 0.76556
1056 1057 0.75648
1056 1103 1.18052
1056 1104 -1.00116
1057 1058 -0.5565
1057 1105 -3.08168
1058 1059 -1.85346
1058 1106 0.87623
1059 1060 -0.38528
1059 1107 0.69759
1060 1061 -1.86092
1060 1108 0.35213
1061 1062 -1.32381
1061 1109 0.49705
1062 1063 -1.1205
1062 1110 -1.47052
1063 1064 0.1684
1063 1111 -0.08726
1064 1065 -0.17219
1064 1112 -1.68341
1065 1066 0.06351
1065 1113 0.42773
1066 1067 0.13964
1066 1114 -0.92101
1067 1068 -0.20698
1067 1115 0.96512
1068 1069 -0.60549
1068 1116 -1.91638
1069 1070 0.66389
1069 1117 -1.01275
1070 1071 1.78443
1070 1118 1.98831
1071 1072 0.37705
1071 1119 -0.65698
1072 1073 -0.1981
1072 1120 0.62286
1073 1074 -0.81216
1073 1121 -0.19259
1074 1075 0.0118
1074 1122 -0.40364
1075 1076 0.50558
1075 1123 0.152
1076 1077 1.1317
1076 1124 -1.22144
1077 1078 1.17953
1077 1125 -0.07318
1078 1079 -1.24593
1078 1126 1.09695
1079 1080 0.57654
1079 1127 -0.65157
1080 1081 0.35857
1080 1128 0.16805
1081 1082 0.51809
1081 1129 0.60985
1082 1083 -0.49051
1082 1130 -0.26479
1083 1084 -1.13559
1083 1131 0.28183
1084 1085 1.01781
1084 1132 -1.21203
1085 1086 -1.59754
1085 1133 -0.07014
1086 1087 -1.03461
1086 1134 -0.67643
1087 1088 1.45915
1087 1135 0.27669
1088 1089 -1.01148
1088 1136 -0.32504
1089 1090 0.0176
1089 1137 -0.84877
1090 1091 0.60338
1090 1138 1.39135
1091 1092 1.9406
1091 1139 0.17098
1092 1093 -0.3287
1092 1140 0.58671
1093 1094 -1.87244
1093 1141 0.52937
1094 1095 1.09751
1094 1142 -0.52257
1095 1096 0.19461
1095 1143 0.59841
1096 1097 0.91924
1096 1144 0.55608
1097 1098 0.25144
1097 1145 -0.29916
1098 1099 0.36522
1098 1146 0.66078
1099 1100 -0.94424
1099 1147 1.14546
1100 1101 1.0071
1100 1148 0.05226
1101 1102 -0.8417
1101 1149 -0.17294
1102 1103 -0.35556
1102 1150 0.6546
1103 1151 -1.08481
1104 1105 -0.54213
1104 1151 1.10547
1104 1152 -0.37741
1105 1106 0.02656
1105 1153 0.60118
1106 1107 0.36389
1106 1154 0.85563
1107 1108 0.0986
1107 1155 -0.97463
1108 1109 1.09673
1108 1156 0.77306
1109 1110 0.7732
1109 1157 1.12863
1110 1111 -0.20968
1110 1158 0.82626
1111 1112 -0.3222
1111 1159 0.46127
1112 1113 -0.136
1112 1160 1.42925
1113 1114 -1.87187
1113 1161 1.1226
1114 1115 0.79717
1114 1162 0.60821
1115 1116 -1.51442
1115 1163 -1.01599
1116 1117 0.12326
1116 1164 -0.07729
1117 1118 -0.69388
1117 1165 -0.67349
1118 1119 1.12469
1118 1166 0.07516
1119 1120 2.80723
1119 1167 -1.1534
1120 1121 -0.32299
1120 1168 2.3295
1121 1122 -0.51151
1121 1169 -0.65437
1122 1123 0.76614
1122 1170 -0.03243
1123 1124 0.05829
1123 1171 -0.13441
1124 1125 -0.12157
1124 1172 -0.2529
1125 1126 0.20015
1125 1173 0.02895
1126 1127 -0.9292
1126 1174 -0.83223
1127 1128 0.0528
1127 1175 1.77741
1128 1129 0.38676
1128 1176 1.09146
1129 1130 0.70423
1129 1177 0.15643
1130 1131 -0.99178
1130 1178 -1.52498
1131 1132 -0.13537
1131 1179 -0.68561
1132 1133 1.29633
1132 1180 -0.13131
1133 1134 0.40346
1133 1181 -0.11981
1134 1135 -0.68827
1134 1182 1.00963
1135 1136 -0.12559
1135 1183 -0.68589
1136 1137 -0.87771
1136 1184 -2.27401
1137 1138 -1.37202
1137 1185 -1.05462
1138 1139 -1.83724
1138 1186 -3.55397
1139 1140 -0.82382
1139 1187 2.54223
1140 1141 -1.44699
1140 1188 0.18446
1141 1142 0.82959
1141 1189 1.23034
1142 1143 0.73582
1142 1190 0.09292
1143 1144 -1.17246
1143 1191 -0.27903
1144 1145 0.1435
1144 1192 0.50899
1145 1146 -1.96904
1145 1193 0.55985
1146 1147 0.2954
1146 1194 0.67841
1147 1148 1.77507
1147 1195 -0.53209
1148 1149 -1.26688
1148 1196 0.70224
1149 1150 0.29713
1149 1197 0.26558
1150 1151 -1.88367
1150 1198 0.19756
1151 1199 -0.03101
1152 1153 -0.94816
1152 1199 -1.12685
1152 1200 1.06828
1153 1154 -0.83626
1153 1201 0.8766
1154 1155 0.52386
1154 1202 -1.38334
1155 1156 0.58317
1155 1203 -1.67354
1156 1157 -0.74182
1156 1204 2.24647
1157 1158 -0.27505
1157 1205 0.4579
1158 1159 1.64941
1158 1206 -1.17884
1159 1160 -0.25461
1159 1207 -0.36567
1160 1161 0.03376
1160 1208 -0.21146
1161 1162 1.31808
1161 1209 -0.60539
1162 1163 -0.39338
1162 1210 -0.32901
1163 1164 -0.21465
1163 1211 -1.30188
1164 1165 -0.58823
1164 1212 -0.34546
1165 1166 0.20738
1165 1213 -0.496
1166 1167 0.00467
1166 1214 -0.6966
1167 1168 -1.10406
1167 1215 0.8732
1168 1169 0.43345
1168 1216 -0.38037
1169 1170 0.41648
1169 1217 0.403
1170 1171 0.97126
1170 1218 1.97769
1171 1172 0.69978
1171 1219 -1.41808
1172 1173 -0.03751
1172 1220 -0.07042
1173 1174 -0.85625
1173 1221 -0.15195
1174 1175 -0.42397
1174 1222 1.22784
1175 1176 -0.07398
1175 1223 2.04411
1176 1177 -0.9869
1176 1224 0.53404
1177 1178 -1.96957
1177 1225 -0.16732
1178 1179 -2.06177
1178 1226 0.41138
1179 1180 0.41814
1179 1227 -0.49723
1180 1181 0.83101
1180 1228 -0.91144
1181 1182 0.43489
1181 1229 -1.49752
1182 1183 -1.5955
1182 1230 1.12991
1183 1184 -1.78237
1183 1231 -1.25513
1184 1185 0.57385
1184 1232 -0.80961
1185 1186 1.63113
1185 1233 -0.39023
1186 1187 -0.26009
1186 1234 1.0824
1187 1188 -1.26552
1187 1235 2.21213
1188 1189 0.75295
1188 1236 -1.41432
1189 1190 0.31411
1189 1237 1.61032
1190 1191 0.30897
1190 1238 -1.25071
1191 1192 -1.23238
1191 1239 -0.90922
1192 1193 1.05949
1192 1240 -2.43027
1193 1194 -1.41803
1193 1241 -0.74375
1194 1195 -0.54922
1194 1242 0.23217
1195 1196 0.24679
1195 1243 0.24108
1196 1197 -0.2664
1196 1244 2.22597
1197 1198 1.43036
1197 1245 -0.82183
1198 1199 -1.84704
1198 1246 0.5057
1199 1247 0.51523
1200 1201 -0.44623
1200 1247 -1.37225
1200 1248 -0.0016
1201 1202 0.10302
1201 1249 -0.38203
1202 1203 -2.50529
1202 1250 -1.4631
1203 1204 -1.01558
1203 1251 0.23658
1204 1205 -0.69799
1204 1252 -0.34498
1205 1206 0.0355
1205 1253 -1.34893
1206 1207 -0.20883
1206 1254 -0.99642
1207 1208 -0.75645
1207 1255 -0.28701
1208 1209 1.67171
1208 1256 1.06348
1209 1210 -1.5198
1209 1257 -0.03278
1210 1211 1.12488
1210 1258 0.99823
1211 1212 0.13683
1211 1259 2.18931
1212 1213 0.13487
1212 1260 0.45922
1213 1214 -0.53118
1213 1261 -0.89652
1214 1215 1.53757
1214 1262 -0.57847
1215 1216 0.08656
1215 1263 0.90988
1216 1217 -0.6263
1216 1264 -1.15607
1217 1218 0.0973
1217 1265 -1.21103
1218 1219 1.70469
1218 1266 0.23654
1219 1220 -0.32091
1219 1267 0.21096
1220 1221 -0.65919
1220 1268 0.36244
1221 1222 0.31653
1221 1269 -1.07492
1222 1223 1.28159
1222 1270 -0.36607
1223 1224 -0.4305
1223 1271 -1.42549
1224 1225 1.17905
1224 1272 0.16584
1225 1226 0.13001
1225 1273 0.60776
1226 1227 -0.24408
1226 1274 0.70162
1227 1228 -0.49276
1227 1275 -1.19115
1228 1229 -0.13103
1228 1276 0.53855
1229 1230 0.50876
1229 1277 0.93335
1230 1231 0.80797
1230 1278 1.76727
1231 1232 -0.08607
1231 1279 -0.7953
1232 1233 -0.62155
1232 1280 -1.38792
1233 1234 -0.62198
1233 1281 1.67792
1234 1235 0.50166
1234 1282 1.32325
1235 1236 -0.42345
1235 1283 -0.25622
1236 1237 0.66885
1236 1284 0.12168
1237 1238 -0.79702
1237 1285 0.01726
1238 1239 -0.51889
1238 1286 -1.01076
1239 1240 -0.3811
1239 1287 -0.34823
1240 1241 1.92146
1240 1288 0.06492
1241 1242 -1.59889
1241 1289 0.88441
1242 1243 0.50101
1242 1290 0.88311
1243 1244 0.16194
1243 1291 0.11074
1244 1245 -0.60398
1244 1292 -0.02417
1245 1246 1.01801
1245 1293 -0.4846
1246 1247 0.53332
1246 1294 -0.53767
1247 1295 -0.62891
1248 1249 -1.0816
1248 1295 -0.72407
1248 1296 -0.9151
1249 1250 0.14926
1249 1297 -0.68734
1250 1251 0.61754
1250 1298 0.27334
1251 1252 0.59821
1251 1299 -0.42131
1252 1253 -0.00145
1252 1300 0.26392
1253 1254 -0.73393
1253 1301 -0.83774
1254 1255 0.62694
1254 1302 0.47629
1255 1256 0.48774
1255 1303 -0.01077
1256 1257 0.18366
1256 1304 1.39327
1257 1258 -0.86104
1257 1305 -1.32877
1258 1259 -0.6165
1258 1306 -1.45072
1259 1260 -0.72159
1259 1307 0.64952
1260 1261 -1.99324
1260 1308 0.59637
1261 1262 1.36272
1261 1309 -0.44311
1262 1263 0.27414
1262 1310 1.18082
1263 1264 -0.76155
1263 1311 0.74031
1264 1265 -0.49358
1264 1312 0.31404
1265 1266 -1.59596
1265 1313 -0.0983
1266 1267 -0.57036
1266 1314 0.44214
1267 1268 -0.59264
1267 1315 -0.60197
1268 1269 0.87132
1268 1316 -1.79889
1269 1270 -0.47535
1269 1317 0.4975
1270 1271 -0.54249
1270 1318 -0.33229
1271 1272 0.99026
1271 1319 -0.40896
1272 1273 -1.92475
1272 1320 0.02958
1273 1274 0.5082
1273 1321 0.99871
1274 1275 0.3457
1274 1322 0.58461
1275 1276 -0.4061
1275 1323 0.9917
1276 1277 0.4495
1276 1324 -1.44446
1277 1278 -0.42244
1277 1325 -0.08741
1278 1279 0.81509
1278 1326 -0.04484
1279 1280 -0.73273
1279 1327 0.19881
1280 1281 1.14392
1280 1328 1.48298
1281 1282 0.46458
1281 1329 0.17796
1282 1283 -0.27966
1282 1330 -2.64931
1283 1284 0.67953
1283 1331 -1.23992
1284 1285 0.09788
1284 1332 1.1093
1285 1286 -0.5936
1285 1333 0.09
1286 1287 -0.28153
1286 1334 1.28638
1287 1288 2.59042
1287 1335 0.91164
1288 1289 0.57684
1288 1336 0.24094
1289 1290 -1.06959
1289 1337 1.58852
1290 1291 0.67557
1290 1338 -0.09973
1291 1292 -0.89219
1291 1339 -0.90298
1292 1293 0.05131
1292 1340 -0.63999
1293 1294 -0.27807
1293 1341 -1.39913
1294 1295 -1.65633
1294 1342 0.09681
1295 1343 -0.12791
1296 1297 0.16926
1296 1343 -0.64525
1296 1344 -1.10195
1297 1298 2.18854
1297 1345 -0.15445
1298 1299 -0.19529
1298 1346 1.52583
1299 1300 -0.97928
1299 1347 -0.48565
1300 1301 0.04192
1300 1348 0.20159
1301 1302 1.13478
1301 1349 -0.52985
1302 1303 0.09837
1302 1350 -0.33377
1303 1304 1.05587
1303 1351 0.41883
1304 1305 -0.09842
1304 1352 0.33385
1305 1306 -0.20928
1305 1353 0.61532
1306 1307 0.70775
1306 1354 -0.45677
1307 1308 0.21688
1307 1355 2.14805
1308 1309 0.53732
1308 1356 -0.12237
1309 1310 0.04548
1309 1357 -1.42665
1310 1311 -0.21783
1310 1358 -0.27039
1311 1312 -0.14363
1311 1359 -0.26419
1312 1313 1.12318
1312 1360 -0.63799
1313 1314 0.69192
1313 1361 0.70351
1314 1315 -0.01566
1314 1362 -0.42704
1315 1316 -0.25453
1315 1363 1.21377
1316 1317 0.62603
1316 1364 1.18437
1317 1318 0.222
1317 1365 -0.93013
1318 1319 1.14878
1318 1366 0.81793
1319 1320 -1.30193
1319 1367 -0.30396
1320 1321 -0.09201
1320 1368 1.36956
1321 1322 -1.05142
1321 1369 -0.07149
1322 1323 -0.62216
1322 1370 -0.00835
1323 1324 0.90388
1323 1371 -0.52736
1324 1325 0.52894
1324 1372 -0.95515
1325 1326 0.66522
1325 1373 0.06429
1326 1327 0.65882
1326 1374 -0.54684
1327 1328 -0.18926
1327 1375 -1.03045
1328 1329 -1.4355
1328 1376 -1.32502
1329 1330 -0.28527
1329 1377 2.07874
1330 1331 0.20838
1330 1378 -1.3313
1331 1332 0.24437
1331 1379 -1.98098
1332 1333 0.22349
1332 1380 0.54078
1333 1334 -2.30243
1333 1381 0.94372
1334 1335 2.54765
1334 1382 -0.86541
1335 1336 -0.52424
1335 1383 0.7592
1336 1337 -0.68582
1336 1384 0.52877
1337 1338 -0.96022
1337 1385 -1.93359
1338 1339 1.29443
1338 1386 -0.20931
1339 1340 -0.96156
1339 1387 -2.1807
1340 1341 0.92031
1340 1388 -0.07291
1341 1342 0.80965
1341 1389 0.44728
1342 1343 -0.88686
1342 1390 1.01816
1343 1391 0.47721
1344 1345 -0.41317
1344 1391 -1.03053
1344 1392 0.46306
1345 1346 0.46784
1345 1393 -0.22736
1346 1347 0.71161
1346 1394 -0.04083
1347 1348 0.02614
1347 1395 1.71747
1348 1349 0.49362
1348 1396 -1.45304
1349 1350 1.12257
1349 1397 -0.28513
1350 1351 0.32228
1350 1398 0.00873
1351 1352 0.90835
1351 1399 -1.75455
1352 1353 -1.45682
1352 1400 -0.02874
1353 1354 0.18278
1353 1401 0.24001
1354 1355 0.70029
1354 1402 0.0514
1355 1356 -0.61215
1355 1403 -0.04558
1356 1357 -0.94461
1356 1404 -1.17055
1357 1358 -2.64344
1357 1405 0.00294
1358 1359 -0.43139
1358 1406 1.05807
1359 1360 0.5884
1359 1407 -0.60176
1360 1361 -1.62745
1360 1408 1.16149
1361 1362 -1.65787
1361 1409 0.21916
1362 1363 -0.46104
1362 1410 1.13078
1363 1364 0.4949
1363 1411 -1.8183
1364 1365 0.08629
1364 1412 0.44927
1365 1366 -0.18408
1365 1413 -0.48026
1366 1367 -0.25584
1366 1414 -0.15022
1367 1368 0.15588
1367 1415 -0.66954
1368 1369 0.00397
1368 1416 0.15684
1369 1370 0.60476
1369 1417 0.14917
1370 1371 -0.73092
1370 1418 -0.88392
1371 1372 0.05109
1371 1419 -1.22166
1372 1373 -0.2433
1372 1420 0.64724
1373 1374 -0.63631
1373 1421 -0.19738
1374 1375 3.6939
1374 1422 0.241
1375 1376 0.90957
1375 1423 0.79735
1376 1377 0.81309
1376 1424 -1.62512
1377 1378 -0.14741
1377 1425 -1.26856
1378 1379 1.4071
1378 1426 -0.30747
1379 1380 -0.52753
1379 1427 0.13556
1380 1381 -0.72379
1380 1428 -0.06645
1381 1382 -0.706
1381 1429 -1.20297
1382 1383 1.69624
1382 1430 -0.15788
1383 1384 1.25161
1383 1431 -0.84368
1384 1385 0.25921
1384 1432 -0.32738
1385 1386 0.34282
1385 1433 -0.37142
1386 1387 -0.75069
1386 1434 2.52279
1387 1388 0.22557
1387 1435 0.87766
1388 1389 -0.44084
1388 1436 0.25536
1389 1390 -2.84629
1389 1437 -0.20144
1390 1391 -1.8555
1390 1438 -0.154
1391 1439 -1.80405
1392 1393 -0.04206
1392 1439 0.79749
1392 1440 1.87778
1393 1394 0.01843
1393 1441 -0.73168
1394 1395 -0.54045
1394 1442 -0.22388
1395 1396 0.26701
1395 1443 1.78605
1396 1397 0.96715
1396 1444 0.66292
1397 1398 0.42013
1397 1445 -0.82726
1398 1399 -0.18437
1398 1446 0.16224
1399 1400 -0.35299
1399 1447 1.08572
1400 1401 -1.48759
1400 1448 -1.55485
1401 1402 0.24671
1401 1449 -0.06899
1402 1403 -0.08356
1402 1450 -0.51994
1403 1404 -0.69928
1403 1451 1.04307
1404 1405 0.44555
1404 1452 -0.26775
1405 1406 1.15284
1405 1453 0.22107
1406 1407 -0.27092
1406 1454 0.56621
1407 1408 0.63949
1407 1455 -0.51917
1408 1409 0.92579
1408 1456 2.28722
1409 1410 0.0344
1409 1457 1.93206
1410 1411 -0.43231
1410 1458 0.6399
1411 1412 -1.19348
1411 1459 -1.02646
1412 1413 0.4773
1412 1460 -0.5056
1413 1414 0.34904
1413 1461 -1.06552
1414 1415 1.37554
1414 1462 -0.69214
1415 1416 -0.99245
1415 1463 1.21225
1416 1417 1.27697
1416 1464 1.10124
1417 1418 0.89339
1417 1465 -0.73702
1418 1419 -0.71022
1418 1466 -1.91385
1419 1420 -0.75017
1419 1467 -0.86511
1420 1421 0.97897
1420 1468 0.70831
1421 1422 0.87933
1421 1469 -0.16773
1422 1423 -0.50618
1422 1470 -0.82937
1423 1424 -0.40698
1423 1471 -0.6909
1424 1425 -0.41727
1424 1472 2.04917
1425 1426 -0.62103
1425 1473 -0.05213
1426 1427 1.20386
1426 1474 1.99815
1427 1428 1.79481
1427 1475 -1.49674
1428 1429 -0.39864
1428 1476 -0.8313
1429 1430 1.07604
1429 1477 1.14785
1430 1431 0.42848
1430 1478 -0.84861
1431 1432 0.24034
1431 1479 -1.36881
1432 1433 -1.03226
1432 1480 1.3046
1433 1434 -0.70071
1433 1481 1.40733
1434 1435 2.36239
1434 1482 0.06203
1435 1436 -0.86379
1435 1483 -0.74193
1436 1437 1.27318
1436 1484 -2.24775
1437 1438 -1.23079
1437 1485 -0.98286
1438 1439 -2.00861
1438 1486 -0.79051
1439 1487 0.82664
1440 1441 2.04734
1440 1487 -0.2815
1440 1488 0.07496
1441 1442 -1.10356
1441 1489 0.38976
1442 1443 0.06984
1442 1490 -0.139
1443 1444 -0.27524
1443 1491 -1.61213
1444 1445 1.43193
1444 1492 -0.15067
1445 1446 -0.66771
1445 1493 1.07343
1446 1447 -0.14097
1446 1494 0.71664
1447 1448 -0.21102
1447 1495 -1.11723
1448 1449 0.42129
1448 1496 -0.76494
1449 1450 0.14115
1449 1497 1.09815
1450 1451 -0.69076
1450 1498 0.79442
1451 1452 -0.17219
1451 1499 -0.74092
1452 1453 1.7287
1452 1500 1.22236
1453 1454 2.09386
1453 1501 0.67736
1454 1455 0.62431
1454 1502 0.13163
1455 1456 -1.35911
1455 1503 1.47189
1456 1457 -0.80295
1456 1504 -1.37585
1457 1458 -0.12716
1457 1505 0.98144
1458 1459 0.59487
1458 1506 0.89313
1459 1460 1.46481
1459 1507 0.27258
1460 1461 0.6338
1460 1508 0.28276
1461 1462 -0.47335
1461 1509 1.13332
1462 1463 0.42066
1462 1510 -0.14636
1463 1464 0.15278
1463 1511 -1.65307
1464 1465 1.42986
1464 1512 -0.93639
1465 1466 -2.01124
1465 1513 -0.75392
1466 1467 1.1624
1466 1514 0.21197
1467 1468 0.13498
1467 1515 0.32749
1468 1469 -1.00494
1468 1516 -0.18008
1469 1470 1.2595
1469 1517 -0.25808
1470 1471 -0.32671
1470 1518 -0.52308
1471 1472 -1.00934
1471 1519 0.37743
1472 1473 0.65487
1472 1520 0.74972
1473 1474 -0.08877
1473 1521 -1.62083
1474 1475 1.48729
1474 1522 -0.66071
1475 1476 -0.81872
1475 1523 1.86365
1476 1477 -0.88542
1476 1524 -2.53065
1477 1478 -1.89476
1477 1525 0.70084
1478 1479 -0.05213
1478 1526 0.25734
1479 1480 0.93437
1479 1527 -0.19082
1480 1481 -0.80472
1480 1528 -0.75037
1481 1482 -0.81231
1481 1529 0.18106
1482 1483 1.36556
1482 1530 0.05839
1483 1484 -0.25508
1483 1531 -0.61049
1484 1485 0.82613
1484 1532 0.22977
1485 1486 1.58861
1485 1533 0.97941
1486 1487 -0.83034
1486 1534 2.13877
1487 1535 2.28577
1488 1489 -0.6763
1488 1535 -0.0271
1488 1536 -0.54317
1489 1490 0.02034
1489 1537 1.95391
1490 1491 -1.15409
1490 1538 -0.4202
1491 1492 2.18525
1491 1539 -0.69413
1492 1493 -0.70794
1492 1540 -1.00159
1493 1494 -0.85753
1493 1541 0.63044
1494 1495 -1.04742
1494 1542 -0.5811
1495 1496 0.13053
1495 1543 -0.51046
1496 1497 1.32463
1496 1544 0.27607
1497 1498 0.50619
1497 1545 -0.79239
1498 1499 -1.82033
1498 1546 -0.98706
1499 1500 1.41236
1499 1547 -0.18801
1500 1501 0.00906
1500 1548 0.35811
1501 1502 -0.51817
1501 1549 -0.52799
1502 1503 -0.21674
1502 1550 1.48953
1503 1504 -1.01676
1503 1551 0.02897
1504 1505 1.212
1504 1552 -0.26314
1505 1506 1.17805
1505 1553 0.60272
1506 1507 -0.01811
1506 1554 -0.23984
1507 1508 -0.05857
1507 1555 -2.35925
1508 1509 -0.23473
1508 1556 1.36872
1509 1510 -1.00711
1509 1557 -1.01361
1510 1511 -1.4814
1510 1558 -0.75027
1511 1512 -0.94664
1511 1559 -0.95945
1512 1513 0.59019
1512 1560 -0.41175
1513 1514 -2.42108
1513 1561 1.53002
1514 1515 -0.74513
1514 1562 0.24471
1515 1516 -1.11976
1515 1563 -0.59487
1516 1517 -0.30258
1516 1564 -0.75875
1517 1518 2.38839
1517 1565 -1.06703
1518 1519 -1.56671
1518 1566 0.33913
1519 1520 -1.12504
1519 1567 -0.49126
1520 1521 0.63567
1520 1568 -0.62348
1521 1522 0.93631
1521 1569 1.00819
1522 1523 1.33827
1522 1570 -0.60165
1523 1524 -0.83706
1523 1571 -0.80083
1524 1525 -0.27259
1524 1572 0.72193
1525 1526 1.85456
1525 1573 0.42349
1526 1527 0.8703
1526 1574 -1.30434
1527 1528 0.48863
1527 1575 -0.94646
1528 1529 0.85251
1528 1576 -0.62978
1529 1530 0.06201
1529 1577 -1.78979
1530 1531 0.29391
1530 1578 0.16109
1531 1532 -0.17127
1531 1579 -0.65702
1532 1533 -1.35281
1532 1580 -0.70117
1533 1534 0.55124
1533 1581 0.58243
1534 1535 -0.16248
1534 1582 -1.57685
1535 1583 -1.38135
1536 1537 0.70366
1536 1583 -0.61105
1536 1584 0.28621
1537 1538 1.52483
1537 1585 0.62337
1538 1539 0.25351
1538 1586 2.56693
1539 1540 -0.17629
1539 1587 -0.71893
1540 1541 -0.73332
1540 1588 0.06303
1541 1542 1.81781
1541 1589 -0.08413
1542 1543 0.72205
1542 1590 -0.80267
1543 1544 -1.18519
1543 1591 0.10844
1544 1545 0.02104
1544 1592 2.06641
1545 1546 0.398
1545 1593 -1.62522
1546 1547 0.23627
1546 1594 -0.98599
1547 1548 0.3431
1547 1595 0.2212
1548 1549 -0.66079
1548 1596 -0.86033
1549 1550 0.04358
1549 1597 0.88992
1550 1551 -0.78354
1550 1598 -1.25917
1551 1552 -0.79525
1551 1599 -0.94757
1552 1553 -0.31104
1552 1600 0.81929
1553 1554 -0.44415
1553 1601 0.03047
1554 1555 -0.55917
1554 1602 0.51146
1555 1556 1.72268
1555 1603 -0.53695
1556 1557 0.47939
1556 1604 1.89274
1557 1558 -0.24316
1557 1605 1.27553
1558 1559 0.60518
1558 1606 -0.54162
1559 1560 -1.9028
1559 1607 -0.27407
1560 1561 1.06144
1560 1608 0.19431
1561 1562 0.02304
1561 1609 0.78975
1562 1563 -2.18655
1562 1610 0.37115
1563 1564 0.40737
1563 1611 0.23188
1564 1565 1.68641
1564 1612 -0.8722
1565 1566 0.70489
1565 1613 -1.29467
1566 1567 1.38446
1566 1614 -0.01919
1567 1568 -1.90893
1567 1615 -2.14138
1568 1569 0.30679
1568 1616 -0.73138
1569 1570 -1.37868
1569 1617 -0.01903
1570 1571 0.1095
1570 1618 1.37026
1571 1572 -0.01862
1571 1619 0.04952
1572 1573 -1.37238
1572 1620 0.56162
1573 1574 0.54192
1573 1621 0.12629
1574 1575 0.99804
1574 1622 0.70886
1575 1576 0.62012
1575 1623 0.5977
1576 1577 -0.01248
1576 1624 1.11404
1577 1578 -1.54141
1577 1625 0.53751
1578 1579 0.9359
1578 1626 0.60672
1579 1580 0.38671
1579 1627 -0.33596
1580 1581 0.54879
1580 1628 -1.41499
1581 1582 1.53932
1581 1629 0.45772
1582 1583 -0.50041
1582 1630 -1.42534
1583 1631 1.57932
1584 1585 -1.1736
1584 1631 -1.97348
1584 1632 0.51253
1585 1586 0.43108
1585 1633 1.55529
1586 1587 0.36189
1586 1634 -2.41014
1587 1588 -1.71956
1587 1635 -0.59725
1588 1589 -1.00962
1588 1636 -0.58024
1589 1590 -0.4121
1589 1637 -0.33274
1590 1591 -0.09172
1590 1638 -0.01335
1591 1592 -1.0085
1591 1639 -0.58398
1592 1593 0.36132
1592 1640 -0.51582
1593 1594 1.42312
1593 1641 0.2599
1594 1595 -0.79463
1594 1642 -0.09124
1595 1596 -0.83022
1595 1643 0.25344
1596 1597 0.3049
1596 1644 -1.08756
1597 1598 0.62815
1597 1645 0.79392
1598 1599 0.14736
1598 1646 -0.74198
1599 1600 0.3398
1599 1647 0.16052
1600 1601 -0.43577
1600 1648 0.54911
1601 1602 0.6165
1601 1649 -1.07551
1602 1603 0.16102
1602 1650 1.37888
1603 1604 2.16133
1603 1651 -0.94006
1604 1605 0.13012
1604 1652 1.18988
1605 1606 1.16244
1605 1653 -1.09764
1606 1607 -1.09815
1606 1654 1.39177
1607 1608 -0.15222
1607 1655 -0.11733
1608 1609 0.47566
1608 1656 -0.2481
1609 1610 -0.74213
1609 1657 -0.2001
1610 1611 -0.11701
1610 1658 0.15402
1611 1612 1.12572
1611 1659 1.73056
1612 1613 -0.28186
1612 1660 -2.06525
1613 1614 1.67853
1613 1661 2.01276
1614 1615 0.97057
1614 1662 0.49298
1615 1616 -0.49746
1615 1663 -0.97756
1616 1617 -0.55623
1616 1664 0.21545
1617 1618 1.28485
1617 1665 0.26741
1618 1619 -1.78782
1618 1666 -0.71781
1619 1620 0.93402
1619 1667 0.32068
1620 1621 0.3466
1620 1668 0.32588
1621 1622 -1.73456
1621 1669 -1.37037
1622 1623 1.23021
1622 1670 -0.05911
1623 1624 -0.63006
1623 1671 -2.57545
1624 1625 -0.4044
1624 1672 -2.06198
1625 1626 -0.10467
1625 1673 -0.78143
1626 1627 -0.16088
1626 1674 0.17418
1627 1628 0.23518
1627 1675 1.90517
1628 1629 -1.15493
1628 1676 2.0598
1629 1630 0.24362
1629 1677 -2.30802
1630 1631 -2.12422
1630 1678 -1.04833
1631 1679 -0.40251
1632 1633 1.27101
1632 1679 0.13322
1632 1680 -0.18505
1633 1634 -0.59396
1633 1681 0.52919
1634 1635 -0.44453
1634 1682 0.43638
1635 1636 0.98389
1635 1683 1.8458
1636 1637 -0.86399
1636 1684 1.70691
1637 1638 -0.15637
1637 1685 -0.84006
1638 1639 1.75388
1638 1686 -1.63564
1639 1640 0.01413
1639 1687 1.17581
1640 1641 0.07626
1640 1688 -0.72287
1641 1642 -0.33997
1641 1689 0.58564
1642 1643 -0.33292
1642 1690 -1.09067
1643 1644 -0.18311
1643 1691 1.57386
1644 1645 0.07698
1644 1692 0.93167
1645 1646 -0.91669
1645 1693 -0.02542
1646 1647 0.68894
1646 1694 -0.07768
1647 1648 -0.75825
1647 1695 -0.24659
1648 1649 0.08406
1648 1696 -0.20944
1649 1650 0.86936
1649 1697 0.12047
1650 1651 1.15908
1650 1698 -0.27512
1651 1652 -0.12571
1651 1699 1.35088
1652 1653 2.0487
1652 1700 0.17217
1653 1654 2.28295
1653 1701 0.88385
1654 1655 -1.47816
1654 1702 -1.86929
1655 1656 0.19727
1655 1703 0.34314
1656 1657 -1.50965
1656 1704 0.63339
1657 1658 0.35564
1657 1705 -0.23728
1658 1659 0.76554
1658 1706 -0.07129
1659 1660 -0.21267
1659 1707 -0.2799
1660 1661 -0.98402
1660 1708 -0.13342
1661 1662 -0.50124
1661 1709 0.15802
1662 1663 0.01174
1662 1710 0.04356
1663 1664 -1.57594
1663 1711 1.36094
1664 1665 -0.06518
1664 1712 -1.05761
1665 1666 -0.94015
1665 1713 -0.62699
1666 1667 -0.69509
1666 1714 -0.98532
1667 1668 -0.68824
1667 1715 -1.16331
1668 1669 -0.6658
1668 1716 -1.0394
1669 1670 0.36933
1669 1717 0.26376
1670 1671 0.10407
1670 1718 -0.23332
1671 1672 -1.81637
1671 1719 -0.55616
1672 1673 -0.87583
1672 1720 0.51482
1673 1674 0.79974
1673 1721 0.97499
1674 1675 -0.76643
1674 1722 -0.25456
1675 1676 -1.72149
1675 1723 -1.49889
1676 1677 0.07177
1676 1724 -2.63585
1677 1678 1.2818
1677 1725 -1.11703
1678 1679 -1.80699
1678 1726 0.34507
1679 1727 1.77599
1680 1681 -1.02409
1680 1727 0.21545
1680 1728 -1.96542
1681 1682 0.90759
1681 1729 2.2793
1682 1683 1.34539
1682 1730 0.57741
1683 1684 0.48609
1683 1731 -0.16054
1684 1685 0.46445
1684 1732 -2.57634
1685 1686 0.9671
1685 1733 -0.04214
1686 1687 0.0329
1686 1734 0.41258
1687 1688 -2.66656
1687 1735 -0.15876
1688 1689 -0.20556
1688 1736 0.08098
1689 1690 0.04336
1689 1737 -1.45155
1690 1691 1.73121
1690 1738 -0.32652
1691 1692 -1.14716
1691 1739 -0.85831
1692 1693 -1.09575
1692 1740 -1.35461
1693 1694 1.42248
1693 1741 -1.30864
1694 1695 0.44561
1694 1742 0.12553
1695 1696 -0.11861
1695 1743 0.1719
1696 1697 0.47512
1696 1744 0.36585
1697 1698 1.8066
1697 1745 -3.08817
1698 1699 -1.08987
1698 1746 0.25794
1699 1700 0.61778
1699 1747 0.08908
1700 1701 0.69761
1700 1748 -0.72832
1701 1702 0.51152
1701 1749 1.92439
1702 1703 0.65788
1702 1750 1.70054
1703 1704 0.75293
1703 1751 -0.61471
1704 1705 -1.17556
1704 1752 0.48229
1705 1706 -0.59508
1705 1753 -0.8101
1706 1707 1.25495
1706 1754 0.07789
1707 1708 -2.5054
1707 1755 0.899
1708 1709 -1.42792
1708 1756 1.14387
1709 1710 -0.50094
1709 1757 0.09574
1710 1711 1.97936
1710 1758 -0.3389
1711 1712 -0.44773
1711 1759 0.96338
1712 1713 -1.29355
1712 1760 0.29169
1713 1714 2.03512
1713 1761 -0.22789
1714 1715 -0.50815
1714 1762 1.75334
1715 1716 -1.2633
1715 1763 0.32825
1716 1717 -1.03191
1716 1764 0.68944
1717 1718 1.18258
1717 1765 0.18601
1718 1719 2.59792
1718 1766 0.19923
1719 1720 -0.01686
1719 1767 -0.98629
1720 1721 -0.41254
1720 1768 0.54858
1721 1722 1.1752
1721 1769 1.08267
1722 1723 1.07751
1722 1770 0.01919
1723 1724 0.73009
1723 1771 1.64589
1724 1725 -1.3535
1724 1772 -0.30282
1725 1726 0.32901
1725 1773 -1.08896
1726 1727 1.58909
1726 1774 0.18259
1727 1775 -0.15566
1728 1729 -2.23636
1728 1775 0.5935
1728 1776 0.79783
1729 1730 -0.43549
1729 1777 -0.87417
1730 1731 0.54961
1730 1778 0.95979
1731 1732 0.05441
1731 1779 2.29657
1732 1733 -1.39006
1732 1780 0.68988
1733 1734 -0.60195
1733 1781 -1.22716
1734 1735 0.13196
1734 1782 1.97903
1735 1736 -1.27869
1735 1783 -0.4431
1736 1737 0.24463
1736 1784 -0.7491
1737 1738 -0.7084
1737 1785 -0.01907
1738 1739 -0.25083
1738 1786 -0.4965
1739 1740 -1.02024
1739 1787 -0.1203
1740 1741 1.15406
1740 1788 2.26178
1741 1742 0.48827
1741 1789 -0.31538
1742 1743 -0.41559
1742 1790 0.23396
1743 1744 -0.4835
1743 1791 1.08501
1744 1745 -2.818
1744 1792 -0.78904
1745 1746 0.87912
1745 1793 0.83772
1746 1747 0.58876
1746 1794 1.57003
1747 1748 2.57974
1747 1795 0.28364
1748 1749 -0.2638
1748 1796 0.16326
1749 1750 1.09784
1749 1797 -0.66612
1750 1751 1.04458
1750 1798 0.51148
1751 1752 0.82071
1751 1799 0.32175
1752 1753 -1.22167
1752 1800 -0.83317
1753 1754 1.11667
1753 1801 -0.3295
1754 1755 -0.66723
1754 1802 0.32708
1755 1756 -0.47649
1755 1803 -0.46581
1756 1757 1.70031
1756 1804 -0.48572
1757 1758 -1.67446
1757 1805 -1.27629
1758 1759 -0.43967
1758 1806 -0.66994
1759 1760 -2.28756
1759 1807 0.85533
1760 1761 -0.29606
1760 1808 -2.01426
1761 1762 -1.64757
1761 1809 0.96426
1762 1763 0.63136
1762 1810 0.19011
1763 1764 0.11711
1763 1811 -0.95936
1764 1765 0.61426
1764 1812 -0.42011
1765 1766 0.74097
1765 1813 -1.39786
1766 1767 1.61848
1766 1814 2.13365
1767 1768 0.32213
1767 1815 0.87315
1768 1769 1.9383
1768 1816 -0.4641
1769 1770 1.71418
1769 1817 -0.257
1770 1771 -0.81252
1770 1818 -0.04812
1771 1772 -1.05197
1771 1819 1.69069
1772 1773 0.10806
1772 1820 0.3794
1773 1774 -2.00419
1773 1821 0.2178
1774 1775 0.60154
1774 1822 0.37547
1775 1823 1.89689
1776 1777 0.94076
1776 1823 0.0622
1776 1824 1.1982
1777 1778 -0.12223
1777 1825 -0.93415
1778 1779 -0.48433
1778 1826 0.25449
1779 1780 0.69271
1779 1827 1.44643
1780 1781 -1.13231
1780 1828 0.85696
1781 1782 0.07856
1781 1829 -0.22357
1782 1783 0.08174
1782 1830 0.62995
1783 1784 0.8053
1783 1831 -0.48918
1784 1785 -1.23252
1784 1832 -2.29696
1785 1786 -0.2322
1785 1833 -1.54389
1786 1787 0.49142
1786 1834 0.02908
1787 1788 0.42697
1787 1835 1.10488
1788 1789 0.38705
1788 1836 -1.07258
1789 1790 -1.00479
1789 1837 1.83993
1790 1791 0.462
1790 1838 -0.24151
1791 1792 -1.4313
1791 1839 -1.67973
1792 1793 -2.35141
1792 1840 -1.38888
1793 1794 0.29098
1793 1841 -1.19686
1794 1795 0.00791
1794 1842 0.72716
1795 1796 0.69288
1795 1843 -0.64919
1796 1797 -1.10775
1796 1844 -1.48575
1797 1798 0.94924
1797 1845 1.4593
1798 1799 -0.44279
1798 1846 0.35744
1799 1800 -0.0181
1799 1847 -1.2378
1800 1801 -0.94926
1800 1848 -0.09872
1801 1802 0.42573
1801 1849 0.97606
1802 1803 0.98421
1802 1850 -0.68927
1803 1804 -1.902
1803 1851 1.10431
1804 1805 0.82043
1804 1852 0.53717
1805 1806 -0.15562
1805 1853 0.13966
1806 1807 0.81855
1806 1854 -0.06839
1807 1808 -3.128
1807 1855 1.11508
1808 1809 1.20064
1808 1856 1.85642
1809 1810 -0.46394
1809 1857 1.51791
1810 1811 -1.22812
1810 1858 0.79388
1811 1812 1.57768
1811 1859 -0.47265
1812 1813 -0.80024
1812 1860 -1.25172
1813 1814 1.61525
1813 1861 -0.11452
1814 1815 1.78951
1814 1862 1.62431
1815 1816 0.0403
1815 1863 1.22357
1816 1817 0.37024
1816 1864 -0.31731
1817 1818 -0.61704
1817 1865 0.17302
1818 1819 0.40023
1818 1866 -1.98964
1819 1820 0.25815
1819 1867 -2.41505
1820 1821 -0.28668
1820 1868 0.06346
1821 1822 0.7966
1821 1869 -0.3359
1822 1823 -0.34676
1822 1870 0.51987
1823 1871 -0.00096
1824 1825 -1.33256
1824 1871 -2.59733
1824 1872 -0.90202
1825 1826 1.03432
1825 1873 0.46219
1826 1827 -1.53217
1826 1874 0.29558
1827 1828 0.03504
1827 1875 -0.63852
1828 1829 -0.63
1828 1876 0.65608
1829 1830 -0.26255
1829 1877 1.05797
1830 1831 0.0705
1830 1878 1.02699
1831 1832 -0.75105
1831 1879 -0.97826
1832 1833 -0.88828
1832 1880 -1.20491
1833 1834 -1.12743
1833 1881 -1.05851
1834 1835 -0.05324
1834 1882 -1.32974
1835 1836 -0.09696
1835 1883 -0.44422
1836 1837 -1.84911
1836 1884 1.06106
1837 1838 -0.99549
1837 1885 -0.91084
1838 1839 1.15936
1838 1886 -0.61356
1839 1840 -0.18288
1839 1887 0.648
1840 1841 0.95548
1840 1888 -0.28402
1841 1842 -0.87068
1841 1889 0.06154
1842 1843 -0.62608
1842 1890 -0.16112
1843 1844 -0.78789
1843 1891 -0.61055
1844 1845 -0.44689
1844 1892 -1.65318
1845 1846 -1.23195
1845 1893 -0.59667
1846 1847 -1.20977
1846 1894 0.53714
1847 1848 0.25932
1847 1895 -0.06875
1848 1849 0.89722
1848 1896 0.81461
1849 1850 -0.00911
1849 1897 0.05297
1850 1851 -1.89937
1850 1898 -2.55336
1851 1852 1.55887
1851 1899 0.27114
1852 1853 -0.26387
1852 1900 0.17897
1853 1854 0.14163
1853 1901 -1.67855
1854 1855 -1.00527
1854 1902 -1.32358
1855 1856 -1.08717
1855 1903 1.53082
1856 1857 -0.62626
1856 1904 -0.08568
1857 1858 0.57473
1857 1905 0.89512
1858 1859 0.99527
1858 1906 -0.63724
1859 1860 -0.32164
1859 1907 1.88697
1860 1861 -0.01881
1860 1908 -1.56039
1861 1862 0.09687
1861 1909 0.80646
1862 1863 -2.13209
1862 1910 0.42563
1863 1864 0.58437
1863 1911 -0.31064
1864 1865 -0.10361
1864 1912 0.14982
1865 1866 1.86597
1865 1913 -1.45407
1866 1867 -0.00951
1866 1914 -0.90167
1867 1868 1.64237
1867 1915 -1.02209
1868 1869 -0.61015
1868 1916 -0.22098
1869 1870 -0.35389
1869 1917 -0.98854
1870 1871 0.27094
1870 1918 -0.01534
1871 1919 -1.36083
1872 1873 -1.30927
1872 1919 1.12611
1872 1920 0.8871
1873 1874 -0.22458
1873 1921 -1.12592
1874 1875 0.0194
1874 1922 1.26461
1875 1876 -2.21381
1875 1923 -0.23194
1876 1877 0.44214
1876 1924 1.21654
1877 1878 -1.64402
1877 1925 0.67524
1878 1879 -0.28812
1878 1926 -1.30254
1879 1880 0.86186
1879 1927 0.97245
1880 1881 0.62009
1880 1928 -1.79131
1881 1882 -1.19265
1881 1929 0.1822
1882 1883 -0.31726
1882 1930 -0.15322
1883 1884 0.79055
1883 1931 -0.4865
1884 1885 1.65447
1884 1932 -1.24938
1885 1886 1.19349
1885 1933 0.60047
1886 1887 -0.36898
1886 1934 0.20941
1887 1888 0.89332
1887 1935 -0.34581
1888 1889 -0.26293
1888 1936 1.93687
1889 1890 1.51424
1889 1937 0.26561
1890 1891 -2.439
1890 1938 -1.06044
1891 1892 0.20211
1891 1939 0.1344
1892 1893 0.24454
1892 1940 -0.40754
1893 1894 -2.59106
1893 1941 -0.92677
1894 1895 0.10386
1894 1942 -0.04653
1895 1896 0.17017
1895 1943 0.75793
1896 1897 0.22731
1896 1944 0.48385
1897 1898 -0.44234
1897 1945 0.33234
1898 1899 -0.83094
1898 1946 1.03773
1899 1900 0.26705
1899 1947 1.82711
1900 1901 0.10286
1900 1948 0.28837
1901 1902 1.24878
1901 1949 0.05235
1902 1903 1.63456
1902 1950 -1.22678
1903 1904 0.28587
1903 1951 0.63626
1904 1905 1.40154
1904 1952 -0.44925
1905 1906 0.35583
1905 1953 2.26365
1906 1907 0.63255
1906 1954 1.1323
1907 1908 1.18177
1907 1955 -0.91179
1908 1909 0.15188
1908 1956 1.00625
1909 1910 0.43235
1909 1957 0.04408
1910 1911 -1.19585
1910 1958 0.22207
1911 1912 -0.89285
1911 1959 -0.55904
1912 1913 1.14598
1912 1960 0.63685
1913 1914 -1.80511
1913 1961 -0.08816
1914 1915 1.33818
1914 1962 0.93372
1915 1916 0.44339
1915 1963 1.58684
1916 1917 1.24205
1916 1964 -0.26272
1917 1918 2.41999
1917 1965 0.60534
1918 1919 -0.4135
1918 1966 -1.55627
1919 1967 0.3869
1920 1921 -1.60758
1920 1967 0.02383
1920 1968 -0.28109
1921 1922 1.91156
1921 1969 -0.24515
1922 1923 -0.17966
1922 1970 0.57507
1923 1924 0.15925
1923 1971 -0.14506
1924 1925 -0.68049
1924 1972 -0.70396
1925 1926 0.38278
1925 1973 0.4285
1926 1927 -0.28835
1926 1974 -1.14118
1927 1928 -0.52255
1927 1975 -0.99862
1928 1929 2.09694
1928 1976 1.29578
1929 1930 -0.35724
1929 1977 0.64309
1930 1931 -0.47353
1930 1978 -0.79818
1931 1932 -1.36678
1931 1979 -1.06336
1932 1933 -0.78274
1932 1980 -0.97693
1933 1934 -1.22608
1933 1981 0.53815
1934 1935 -0.44066
1934 1982 0.4544
1935 1936 -0.89812
1935 1983 -1.20462
1936 1937 0.70261
1936 1984 0.761
1937 1938 1.54546
1937 1985 -0.76373
1938 1939 -1.35189
1938 1986 -0.3442
1939 1940 1.03761
1939 1987 2.23101
1940 1941 1.06291
1940 1988 -0.93529
1941 1942 0.53756
1941 1989 0.16678
1942 1943 -1.09496
1942 1990 -0.70485
1943 1944 -0.11343
1943 1991 0.3039
1944 1945 1.09764
1944 1992 -0.36919
1945 1946 -0.17287
1945 1993 1.44069
1946 1947 -2.781
1946 1994 -1.39823
1947 1948 1.48374
1947 1995 -1.48748
1948 1949 -0.08881
1948 1996 0.81622
1949 1950 0.07938
1949 1997 0.73733
1950 1951 -0.46485
1950 1998 0.83359
1951 1952 2.12713
1951 1999 -0.50435
1952 1953 0.98938
1952 2000 1.13928
1953 1954 -0.70374
1953 2001 0.67112
1954 1955 0.30919
1954 2002 0.12618
1955 1956 0.31003
1955 2003 -0.38367
1956 1957 1.04389
1956 2004 0.75975
1957 1958 0.40086
1957 2005 -0.22642
1958 1959 -1.35793
1958 2006 0.98764
1959 1960 0.90268
1959 2007 0.79974
1960 1961 0.80148
1960 2008 0.67473
1961 1962 -0.00913
1961 2009 -1.40014
1962 1963 -0.65632
1962 2010 1.01765
1963 1964 -0.73585
1963 2011 0.28662
1964 1965 -0.70662
1964 2012 -1.01547
1965 1966 0.99021
1965 2013 0.26206
1966 1967 0.59319
1966 2014 1.9186
1967 2015 -0.70368
1968 1969 -0.30386
1968 2015 1.03583
1968 2016 0.02566
1969 1970 0.87904
1969 2017 -0.14023
1970 1971 0.50403
1970 2018 -0.20039
1971 1972 -0.05532
1971 2019 1.84598
1972 1973 -0.48914
1972 2020 -1.1904
1973 1974 -0.46669
1973 2021 1.45695
1974 1975 1.73791
1974 2022 -1.09853
1975 1976 0.56431
1975 2023 -0.18933
1976 1977 0.54939
1976 2024 0.4841
1977 1978 0.18342
1977 2025 -0.00188
1978 1979 -0.21934
1978 2026 -0.16714
1979 1980 0.0048
1979 2027 1.15953
1980 1981 -0.0518
1980 2028 -0.35611
1981 1982 0.18164
1981 2029 -0.24527
1982 1983 0.47717
1982 2030 -2.40654
1983 1984 2.89693
1983 2031 -0.77486
1984 1985 -0.06113
1984 2032 1.0265
1985 1986 1.01428
1985 2033 -2.41438
1986 1987 0.71533
1986 2034 -1.71204
1987 1988 0.31601
1987 2035 -0.90961
1988 1989 0.67865
1988 2036 0.87913
1989 1990 0.33886
1989 2037 -0.03321
1990 1991 -0.23959
1990 2038 -1.88576
1991 1992 0.97986
1991 2039 0.38144
1992 1993 0.10595
1992 2040 -0.16846
1993 1994 -0.52164
1993 2041 0.29934
1994 1995 0.70832
1994 2042 -0.70648
1995 1996 -0.24482
1995 2043 0.36493
1996 1997 -0.32542
1996 2044 0.06696
1997 1998 0.91239
1997 2045 -0.09084
1998 1999 -0.37118
1998 2046 -2.12301
1999 2000 0.32633
1999 2047 -0.48189
2000 2001 -0.88431
2000 2048 -0.11388
2001 2002 -0.21557
2001 2049 0.89309
2002 2003 0.64059
2002 2050 0.52466
2003 2004 2.08552
2003 2051 -1.05956
2004 2005 0.34168
2004 2052 1.05579
2005 2006 -0.78675
2005 2053 -0.37255
2006 2007 0.54115
2006 2054 -0.03039
2007 2008 -0.16528
2007 2055 0.34562
2008 2009 -0.34297
2008 2056 0.21786
2009 2010 -0.58689
2009 2057 -0.8666
2010 2011 -0.34372
2010 2058 -0.65125
2011 2012 -1.59036
2011 2059 -0.50196
2012 2013 1.36733
2012 2060 -0.93294
2013 2014 -0.15745
2013 2061 -1.90291
2014 2015 -0.82559
2014 2062 -0.59294
2015 2063 -1.10756
2016 2017 -0.21916
2016 2063 -1.08575
2016 2064 0.75396
2017 2018 1.37673
2017 2065 1.03415
2018 2019 -0.50643
2018 2066 -0.58117
2019 2020 -1.11131
2019 2067 0.40697
2020 2021 0.70876
2020 2068 1.4436
2021 2022 -0.4654
2021 2069 -0.66649
2022 2023 -0.11773
2022 2070 0.39208
2023 2024 0.35655
2023 2071 2.09926
2024 2025 -0.00057
2024 2072 -1.12346
2025 2026 0.23981
2025 2073 0.64832
2026 2027 0.1889
2026 2074 0.87874
2027 2028 -0.56068
2027 2075 1.96336
2028 2029 -0.20404
2028 2076 -1.14217
2029 2030 1.85348
2029 2077 0.73658
2030 2031 -0.00907
2030 2078 0.21604
2031 2032 -1.3649
2031 2079 0.1468
2032 2033 1.14182
2032 2080 -0.20919
2033 2034 -1.98574
2033 2081 0.01073
2034 2035 1.0086
2034 2082 -0.60134
2035 2036 0.1436
2035 2083 0.70517
2036 2037 -0.46754
2036 2084 -1.7798
2037 2038 1.64591
2037 2085 0.00301
2038 2039 1.54176
2038 2086 1.11806
2039 2040 -0.22507
2039 2087 1.64967
2040 2041 1.06363
2040 2088 -0.29285
2041 2042 -1.11797
2041 2089 0.07501
2042 2043 -0.33742
2042 2090 0.30924
2043 2044 -0.09368
2043 2091 0.26838
2044 2045 -0.82798
2044 2092 -1.17329
2045 2046 -0.26922
2045 2093 1.29102
2046 2047 0.6963
2046 2094 0.36835
2047 2048 1.43408
2047 2095 0.11181
2048 2049 -0.71952
2048 2096 0.79739
2049 2050 1.32431
2049 2097 -1.01806
2050 2051 1.7938
2050 2098 1.8143
2051 2052 -0.59848
2051 2099 0.38971
2052 2053 2.40953
2052 2100 -0.40815
2053 2054 -0.76872
2053 2101 0.36611
2054 2055 1.17399
2054 2102 0.95223
2055 2056 1.2476
2055 2103 -2.06091
2056 2057 -0.33663
2056 2104 -0.43826
2057 2058 1.32235
2057 2105 -0.94021
2058 2059 -1.11053
2058 2106 0.19042
2059 2060 -0.33351
2059 2107 -0.04957
2060 2061 1.85189
2060 2108 0.07225
2061 2062 0.24968
2061 2109 -0.36091
2062 2063 1.28845
2062 2110 -0.00205
2063 2111 -0.14015
2064 2065 -0.04847
2064 2111 1.26511
2064 2112 -0.05914
2065 2066 1.22417
2065 2113 0.48758
2066 2067 0.58902
2066 2114 -1.08571
2067 2068 -0.07831
2067 2115 0.01952
2068 2069 0.45324
2068 2116 0.43626
2069 2070 -0.10548
2069 2117 0.12857
2070 2071 0.2686
2070 2118 1.1433
2071 2072 -0.03224
2071 2119 0.58972
2072 2073 0.76835
2072 2120 0.62046
2073 2074 -0.28528
2073 2121 -0.2377
2074 2075 0.58955
2074 2122 0.93041
2075 2076 0.83411
2075 2123 -0.87888
2076 2077 -0.54731
2076 2124 -0.14133
2077 2078 0.23334
2077 2125 0.08189
2078 2079 -1.0056
2078 2126 -0.26267
2079 2080 0.02246
2079 2127 -0.84653
2080 2081 2.07374
2080 2128 0.2394
2081 2082 -1.16893
2081 2129 0.32372
2082 2083 0.42754
2082 2130 1.39544
2083 2084 1.25443
2083 2131 -1.28756
2084 2085 -0.68285
2084 2132 0.46838
2085 2086 -0.39092
2085 2133 0.75362
2086 2087 -0.08718
2086 2134 -0.38711
2087 2088 -1.00374
2087 2135 -0.25723
2088 2089 -1.77872
2088 2136 0.03615
2089 2090 0.25012
2089 2137 1.06223
2090 2091 -1.81104
2090 2138 1.36984
2091 2092 0.73904
2091 2139 0.11649
2092 2093 -0.83539
2092 2140 -0.50003
2093 2094 0.17257
2093 2141 -0.55304
2094 2095 0.01364
2094 2142 -0.37757
2095 2096 -1.62115
2095 2143 0.56285
2096 2097 0.11849
2096 2144 -0.13754
2097 2098 -1.05403
2097 2145 0.86431
2098 2099 -0.86151
2098 2146 0.75334
2099 2100 0.12084
2099 2147 0.26468
2100 2101 -0.07712
2100 2148 0.39289
2101 2102 0.86974
2101 2149 1.32402
2102 2103 -1.70374
2102 2150 -0.65081
2103 2104 -1.67281
2103 2151 -1.35241
2104 2105 -0.88384
2104 2152 -0.84519
2105 2106 -2.22038
2105 2153 0.52576
2106 2107 -0.14344
2106 2154 -1.29679
2107 2108 0.50492
2107 2155 -0.67945
2108 2109 -1.26836
2108 2156 -1.58399
2109 2110 1.00226
2109 2157 -0.36017
2110 2111 -0.98966
2110 2158 -0.80524
2111 2159 -0.60823
2112 2113 -1.03545
2112 2159 -0.8762
2112 2160 -0.49872
2113 2114 -0.88565
2113 2161 -0.38663
2114 2115 -0.82313
2114 2162 -0.80725
2115 2116 -1.17718
2115 2163 -1.06028
2116 2117 -0.44209
2116 2164 0.17535
2117 2118 -1.05649
2117 2165 0.70518
2118 2119 -0.78209
2118 2166 1.31162
2119 2120 -0.12362
2119 2167 0.80627
2120 2121 -0.43114
2120 2168 -0.79916
2121 2122 0.61852
2121 2169 -0.29787
2122 2123 0.38776
2122 2170 1.11063
2123 2124 1.62171
2123 2171 0.63476
2124 2125 -0.09874
2124 2172 0.19276
2125 2126 -1.74639
2125 2173 -0.15268
2126 2127 -1.85696
2126 2174 -0.49304
2127 2128 0.59501
2127 2175 -0.99954
2128 2129 -0.10597
2128 2176 -0.27204
2129 2130 -0.47456
2129 2177 -2.6605
2130 2131 -0.20899
2130 2178 1.05969
2131 2132 -0.34527
2131 2179 0.32388
2132 2133 -0.54007
2132 2180 1.60004
2133 2134 -0.81198
2133 2181 -0.94831
2134 2135 0.54975
2134 2182 0.28511
2135 2136 -1.19884
2135 2183 -0.46413
2136 2137 0.48724
2136 2184 0.83592
2137 2138 0.45407
2137 2185 -1.27574
2138 2139 -1.81721
2138 2186 -0.00474
2139 2140 -0.84861
2139 2187 -1.83181
2140 2141 -1.71433
2140 2188 -0.56595
2141 2142 1.25089
2141 2189 -0.52876
2142 2143 -1.25657
2142 2190 -0.23308
2143 2144 -0.05931
2143 2191 0.15446
2144 2145 -0.76401
2144 2192 0.31815
2145 2146 0.46589
2145 2193 -0.73816
2146 2147 1.19726
2146 2194 -0.0667
2147 2148 -2.13664
2147 2195 -0.84964
2148 2149 0.96343
2148 2196 0.59224
2149 2150 0.69294
2149 2197 -1.22596
2150 2151 -2.15892
2150 2198 -1.06832
2151 2152 -0.40601
2151 2199 -0.81048
2152 2153 0.14384
2152 2200 -1.54012
2153 2154 0.53728
2153 2201 -0.45533
2154 2155 0.11198
2154 2202 1.78614
2155 2156 -0.64394
2155 2203 -0.2971
2156 2157 1.2304
2156 2204 0.53005
2157 2158 0.39126
2157 2205 -0.61578
2158 2159 0.23531
2158 2206 -0.74821
2159 2207 1.55433
2160 2161 -0.76685
2160 2207 0.11122
2160 2208 1.69005
2161 2162 0.58337
2161 2209 -0.58831
2162 2163 -1.1832
2162 2210 -0.71216
2163 2164 -0.0746
2163 2211 2.93272
2164 2165 -0.64984
2164 2212 0.81333
2165 2166 0.00808
2165 2213 1.10084
2166 2167 -1.27493
2166 2214 0.82984
2167 2168 0.0404
2167 2215 -0.41846
2168 2169 -0.17565
2168 2216 0.16459
2169 2170 0.29676
2169 2217 -0.14957
2170 2171 0.20725
2170 2218 -0.44608
2171 2172 -0.87576
2171 2219 0.55721
2172 2173 0.8026
2172 2220 -0.68862
2173 2174 0.41916
2173 2221 -0.26318
2174 2175 -1.02864
2174 2222 -0.62987
2175 2176 -0.80149
2175 2223 1.33755
2176 2177 -0.4891
2176 2224 -1.34565
2177 2178 -0.09177
2177 2225 -0.1524
2178 2179 0.15075
2178 2226 -0.55978
2179 2180 -1.08252
2179 2227 -0.31803
2180 2181 -0.24882
2180 2228 -0.62287
2181 2182 2.14715
2181 2229 -0.66426
2182 2183 0.47427
2182 2230 0.30446
2183 2184 1.52422
2183 2231 -2.98735
2184 2185 -0.55138
2184 2232 0.47423
2185 2186 0.90038
2185 2233 -0.83292
2186 2187 0.19321
2186 2234 -0.30553
2187 2188 -0.50687
2187 2235 0.05375
2188 2189 1.09166
2188 2236 1.63702
2189 2190 1.17628
2189 2237 -1.16543
2190 2191 -3.2278
2190 2238 -1.7721
2191 2192 -0.79556
2191 2239 0.73898
2192 2193 0.60686
2192 2240 0.36538
2193 2194 -1.10591
2193 2241 -0.20977
2194 2195 -0.26417
2194 2242 -0.22311
2195 2196 0.81789
2195 2243 1.13775
2196 2197 0.63415
2196 2244 -1.19445
2197 2198 1.3486
2197 2245 1.24143
2198 2199 0.69195
2198 2246 -0.5394
2199 2200 -0.99778
2199 2247 0.31436
2200 2201 -0.18011
2200 2248 2.52576
2201 2202 -0.32099
2201 2249 0.0146
2202 2203 0.50669
2202 2250 1.31718
2203 2204 0.19739
2203 2251 -0.50432
2204 2205 -0.05425
2204 2252 0.2114
2205 2206 0.81676
2205 2253 -1.1907
2206 2207 0.9781
2206 2254 0.3883
2207 2255 0.78446
2208 2209 1.25767
2208 2255 -1.3664
2208 2256 0.27201
2209 2210 1.1705
2209 2257 -1.65693
2210 2211 0.50492
2210 2258 -0.10208
2211 2212 0.14717
2211 2259 -0.69946
2212 2213 -0.6701
2212 2260 1.5712
2213 2214 0.25083
2213 2261 -0.00679
2214 2215 0.14751
2214 2262 0.71748
2215 2216 0.08135
2215 2263 -0.11811
2216 2217 1.45427
2216 2264 -1.1616
2217 2218 0.88211
2217 2265 -0.41315
2218 2219 0.20686
2218 2266 -0.88369
2219 2220 -0.27472
2219 2267 0.26287
2220 2221 -0.4421
2220 2268 -0.11573
2221 2222 -1.76216
2221 2269 0.89194
2222 2223 -0.79051
2222 2270 -0.62008
2223 2224 -0.56268
2223 2271 -0.82235
2224 2225 -1.18394
2224 2272 2.01176
2225 2226 -1.08595
2225 2273 0.0987
2226 2227 0.74619
2226 2274 -0.20697
2227 2228 0.16684
2227 2275 0.75403
2228 2229 -0.88152
2228 2276 0.10918
2229 2230 0.1636
2229 2277 1.17193
2230 2231 0.59826
2230 2278 0.66528
2231 2232 -0.34652
2231 2279 -0.63018
2232 2233 -0.89292
2232 2280 0.6178
2233 2234 0.60351
2233 2281 -0.45566
2234 2235 -0.44689
2234 2282 -1.68854
2235 2236 -0.65795
2235 2283 0.72677
2236 2237 0.08461
2236 2284 0.2473
2237 2238 -0.03485
2237 2285 0.97459
2238 2239 -0.82975
2238 2286 0.12895
2239 2240 -0.04077
2239 2287 -0.16769
2240 2241 -1.37628
2240 2288 -0.8106
2241 2242 0.16539
2241 2289 -0.37157
2242 2243 0.33682
2242 2290 0.02307
2243 2244 0.90355
2243 2291 2.20235
2244 2245 0.14929
2244 2292 0.54394
2245 2246 -2.30559
2245 2293 1.27201
2246 2247 0.49916
2246 2294 -0.6067
2247 2248 -0.49645
2247 2295 0.22195
2248 2249 -1.27671
2248 2296 -1.96302
2249 2250 0.61898
2249 2297 0.9289
2250 2251 0.62775
2250 2298 -0.8388
2251 2252 -0.50259
2251 2299 -0.01813
2252 2253 -1.6133
2252 2300 0.58328
2253 2254 -0.21444
2253 2301 -0.52663
2254 2255 -0.79374
2254 2302 1.05935
2255 2303 0.73293
2256 2257 -1.68619
2256 2303 -0.23406
2257 2258 -2.20168
2258 2259 -0.68009
2259 2260 -0.50191
2260 2261 0.03057
2261 2262 -0.69537
2262 2263 -0.58627
2263 2264 -0.09596
2264 2265 0.71853
2265 2266 -0.75132
2266 2267 0.50775
2267 2268 -2.21015
2268 2269 0.81001
2269 2270 0.45632
2270 2271 0.26158
2271 2272 -0.63069
2272 2273 -0.3833
2273 2274 -0.32927
2274 2275 1.28179
2275 2276 -1.05466
2276 2277 0.89751
2277 2278 -0.57323
2278 2279 -1.40981
2279 2280 -0.015
2280 2281 -0.2002
2281 2282 0.33062
2282 2283 -0.12787
2283 2284 0.53254
2284 2285 0.00818
2285 2286 1.98167
2286 2287 -1.07947
2287 2288 2.10369
2288 2289 -0.23342
2289 2290 0.44854
2290 2291 -0.15656
2291 2292 0.78325
2292 2293 -1.62659
2293 2294 -0.25541
2294 2295 -1.70989
2295 2296 0.66897
2296 2297 -0.0168
2297 2298 -0.01615
2298 2299 -0.62622
2299 2300 0.72361
2300 2301 -1.0251
2301 2302 0.25046
2302 2303 -0.87536
