# model=ea2d N=2304 meanJ=0 seed=270757550 distribution=gaussian field=0 num_fields=2304 num_couplings=4608
0 0
1 0
2 0
3 0
4 0
5 0
6 0
7 0
8 0
9 0
10 0
11 0
12 0
13 0
14 0
15 0
16 0
17 0
18 0
19 0
20 0
21 0
22 0
23 0
24 0
25 0
26 0
27 0
28 0
29 0
30 0
31 0
32 0
33 0
34 0
35 0
36 0
37 0
38 0
39 0
40 0
41 0
42 0
43 0
44 0
45 0
46 0
47 0
48 0
49 0
50 0
51 0
52 0
53 0
54 0
55 0
56 0
57 0
58 0
59 0
60 0
61 0
62 0
63 0
64 0
65 0
66 0
67 0
68 0
69 0
70 0
71 0
72 0
73 0
74 0
75 0
76 0
77 0
78 0
79 0
80 0
81 0
82 0
83 0
84 0
85 0
86 0
87 0
88 0
89 0
90 0
91 0
92 0
93 0
94 0
95 0
96 0
97 0
98 0
99 0
100 0
101 0
102 0
103 0
104 0
105 0
106 0
107 0
108 0
109 0
110 0
111 0
112 0
113 0
114 0
115 0
116 0
117 0
118 0
119 0
120 0
121 0
122 0
123 0
124 0
125 0
126 0
127 0
128 0
129 0
130 0
131 0
132 0
133 0
134 0
135 0
136 0
137 0
138 0
139 0
140 0
141 0
142 0
143 0
144 0
145 0
146 0
147 0
148 0
149 0
150 0
151 0
152 0
153 0
154 0
155 0
156 0
157 0
158 0
159 0
160 0
161 0
162 0
163 0
164 0
165 0
166 0
167 0
168 0
169 0
170 0
171 0
172 0
173 0
174 0
175 0
176 0
177 0
178 0
179 0
180 0
181 0
182 0
183 0
184 0
185 0
186 0
187 0
188 0
189 0
190 0
191 0
192 0
193 0
194 0
195 0
196 0
197 0
198 0
199 0
200 0
201 0
202 0
203 0
204 0
205 0
206 0
207 0
208 0
209 0
210 0
211 0
212 0
213 0
214 0
215 0
216 0
217 0
218 0
219 0
220 0
221 0
222 0
223 0
224 0
225 0
226 0
227 0
228 0
229 0
230 0
231 0
232 0
233 0
234 0
235 0
236 0
237 0
238 0
239 0
240 0
241 0
242 0
243 0
244 0
245 0
246 0
247 0
248 0
249 0
250 0
251 0
252 0
253 0
254 0
255 0
256 0
257 0
258 0
259 0
260 0
261 0
262 0
263 0
264 0
265 0
266 0
267 0
268 0
269 0
270 0
271 0
272 0
273 0
274 0
275 0
276 0
277 0
278 0
279 0
280 0
281 0
282 0
283 0
284 0
285 0
286 0
287 0
288 0
289 0
290 0
291 0
292 0
293 0
294 0
295 0
296 0
297 0
298 0
299 0
300 0
301 0
302 0
303 0
304 0
305 0
306 0
307 0
308 0
309 0
310 0
311 0
312 0
313 0
314 0
315 0
316 0
317 0
318 0
319 0
320 0
321 0
322 0
323 0
324 0
325 0
326 0
327 0
328 0
329 0
330 0
331 0
332 0
333 0
334 0
335 0
336 0
337 0
338 0
339 0
340 0
341 0
342 0
343 0
344 0
345 0
346 0
347 0
348 0
349 0
350 0
351 0
352 0
353 0
354 0
355 0
356 0
357 0
358 0
359 0
360 0
361 0
362 0
363 0
364 0
365 0
366 0
367 0
368 0
369 0
370 0
371 0
372 0
373 0
374 0
375 0
376 0
377 0
378 0
379 0
380 0
381 0
382 0
383 0
384 0
385 0
386 0
387 0
388 0
389 0
390 0
391 0
392 0
393 0
394 0
395 0
396 0
397 0
398 0
399 0
400 0
401 0
402 0
403 0
404 0
405 0
406 0
407 0
408 0
409 0
410 0
411 0
412 0
413 0
414 0
415 0
416 0
417 0
418 0
419 0
420 0
421 0
422 0
423 0
424 0
425 0
426 0
427 0
428 0
429 0
430 0
431 0
432 0
433 0
434 0
435 0
436 0
437 0
438 0
439 0
440 0
441 0
442 0
443 0
444 0
445 0
446 0
447 0
448 0
449 0
450 0
451 0
452 0
453 0
454 0
455 0
456 0
457 0
458 0
459 0
460 0
461 0
462 0
463 0
464 0
465 0
466 0
467 0
468 0
469 0
470 0
471 0
472 0
473 0
474 0
475 0
476 0
477 0
478 0
479 0
480 0
481 0
482 0
483 0
484 0
485 0
486 0
487 0
488 0
489 0
490 0
491 0
492 0
493 0
494 0
495 0
496 0
497 0
498 0
499 0
500 0
501 0
502 0
503 0
504 0
505 0
506 0
507 0
508 0
509 0
510 0
511 0
512 0
513 0
514 0
515 0
516 0
517 0
518 0
519 0
520 0
521 0
522 0
523 0
524 0
525 0
526 0
527 0
528 0
529 0
530 0
531 0
532 0
533 0
534 0
535 0
536 0
537 0
538 0
539 0
540 0
541 0
542 0
543 0
544 0
545 0
546 0
547 0
548 0
549 0
550 0
551 0
552 0
553 0
554 0
555 0
556 0
557 0
558 0
559 0
560 0
561 0
562 0
563 0
564 0
565 0
566 0
567 0
568 0
569 0
570 0
571 0
572 0
573 0
574 0
575 0
576 0
577 0
578 0
579 0
580 0
581 0
582 0
583 0
584 0
585 0
586 0
587 0
588 0
589 0
590 0
591 0
592 0
593 0
594 0
595 0
596 0
597 0
598 0
599 0
600 0
601 0
602 0
603 0
604 0
605 0
606 0
607 0
608 0
609 0
610 0
611 0
612 0
613 0
614 0
615 0
616 0
617 0
618 0
619 0
620 0
621 0
622 0
623 0
624 0
625 0
626 0
627 0
628 0
629 0
630 0
631 0
632 0
633 0
634 0
635 0
636 0
637 0
638 0
639 0
640 0
641 0
642 0
643 0
644 0
645 0
646 0
647 0
648 0
649 0
650 0
651 0
652 0
653 0
654 0
655 0
656 0
657 0
658 0
659 0
660 0
661 0
662 0
663 0
664 0
665 0
666 0
667 0
668 0
669 0
670 0
671 0
672 0
673 0
674 0
675 0
676 0
677 0
678 0
679 0
680 0
681 0
682 0
683 0
684 0
685 0
686 0
687 0
688 0
689 0
690 0
691 0
692 0
693 0
694 0
695 0
696 0
697 0
698 0
699 0
700 0
701 0
702 0
703 0
704 0
705 0
706 0
707 0
708 0
709 0
710 0
711 0
712 0
713 0
714 0
715 0
716 0
717 0
718 0
719 0
720 0
721 0
722 0
723 0
724 0
725 0
726 0
727 0
728 0
729 0
730 0
731 0
732 0
733 0
734 0
735 0
736 0
737 0
738 0
739 0
740 0
741 0
742 0
743 0
744 0
745 0
746 0
747 0
748 0
749 0
750 0
751 0
752 0
753 0
754 0
755 0
756 0
757 0
758 0
759 0
760 0
761 0
762 0
763 0
764 0
765 0
766 0
767 0
768 0
769 0
770 0
771 0
772 0
773 0
774 0
775 0
776 0
777 0
778 0
779 0
780 0
781 0
782 0
783 0
784 0
785 0
786 0
787 0
788 0
789 0
790 0
791 0
792 0
793 0
794 0
795 0
796 0
797 0
798 0
799 0
800 0
801 0
802 0
803 0
804 0
805 0
806 0
807 0
808 0
809 0
810 0
811 0
812 0
813 0
814 0
815 0
816 0
817 0
818 0
819 0
820 0
821 0
822 0
823 0
824 0
825 0
826 0
827 0
828 0
829 0
830 0
831 0
832 0
833 0
834 0
835 0
836 0
837 0
838 0
839 0
840 0
841 0
842 0
843 0
844 0
845 0
846 0
847 0
848 0
849 0
850 0
851 0
852 0
853 0
854 0
855 0
856 0
857 0
858 0
859 0
860 0
861 0
862 0
863 0
864 0
865 0
866 0
867 0
868 0
869 0
870 0
871 0
872 0
873 0
874 0
875 0
876 0
877 0
878 0
879 0
880 0
881 0
882 0
883 0
884 0
885 0
886 0
887 0
888 0
889 0
890 0
891 0
892 0
893 0
894 0
895 0
896 0
897 0
898 0
899 0
900 0
901 0
902 0
903 0
904 0
905 0
906 0
907 0
908 0
909 0
910 0
911 0
912 0
913 0
914 0
915 0
916 0
917 0
918 0
919 0
920 0
921 0
922 0
923 0
924 0
925 0
926 0
927 0
928 0
929 0
930 0
931 0
932 0
933 0
934 0
935 0
936 0
937 0
938 0
939 0
940 0
941 0
942 0
943 0
944 0
945 0
946 0
947 0
948 0
949 0
950 0
951 0
952 0
953 0
954 0
955 0
956 0
957 0
958 0
959 0
960 0
961 0
962 0
963 0
964 0
965 0
966 0
967 0
968 0
969 0
970 0
971 0
972 0
973 0
974 0
975 0
976 0
977 0
978 0
979 0
980 0
981 0
982 0
983 0
984 0
985 0
986 0
987 0
988 0
989 0
990 0
991 0
992 0
993 0
994 0
995 0
996 0
997 0
998 0
999 0
1000 0
1001 0
1002 0
1003 0
1004 0
1005 0
1006 0
1007 0
1008 0
1009 0
1010 0
1011 0
1012 0
1013 0
1014 0
1015 0
1016 0
1017 0
1018 0
1019 0
1020 0
1021 0
1022 0
1023 0
1024 0
1025 0
1026 0
1027 0
1028 0
1029 0
1030 0
1031 0
1032 0
1033 0
1034 0
1035 0
1036 0
1037 0
1038 0
1039 0
1040 0
1041 0
1042 0
1043 0
1044 0
1045 0
1046 0
1047 0
1048 0
1049 0
1050 0
1051 0
1052 0
1053 0
1054 0
1055 0
1056 0
1057 0
1058 0
1059 0
1060 0
1061 0
1062 0
1063 0
1064 0
1065 0
1066 0
1067 0
1068 0
1069 0
1070 0
1071 0
1072 0
1073 0
1074 0
1075 0
1076 0
1077 0
1078 0
1079 0
1080 0
1081 0
1082 0
1083 0
1084 0
1085 0
1086 0
1087 0
1088 0
1089 0
1090 0
1091 0
1092 0
1093 0
1094 0
1095 0
1096 0
1097 0
1098 0
1099 0
1100 0
1101 0
1102 0
1103 0
1104 0
1105 0
1106 0
1107 0
1108 0
1109 0
1110 0
1111 0
1112 0
1113 0
1114 0
1115 0
1116 0
1117 0
1118 0
1119 0
1120 0
1121 0
1122 0
1123 0
1124 0
1125 0
1126 0
1127 0
1128 0
1129 0
1130 0
1131 0
1132 0
1133 0
1134 0
1135 0
1136 0
1137 0
1138 0
1139 0
1140 0
1141 0
1142 0
1143 0
1144 0
1145 0
1146 0
1147 0
1148 0
1149 0
1150 0
1151 0
1152 0
1153 0
1154 0
1155 0
1156 0
1157 0
1158 0
1159 0
1160 0
1161 0
1162 0
1163 0
1164 0
1165 0
1166 0
1167 0
1168 0
1169 0
1170 0
1171 0
1172 0
1173 0
1174 0
1175 0
1176 0
1177 0
1178 0
1179 0
1180 0
1181 0
1182 0
1183 0
1184 0
1185 0
1186 0
1187 0
1188 0
1189 0
1190 0
1191 0
1192 0
1193 0
1194 0
1195 0
1196 0
1197 0
1198 0
1199 0
1200 0
1201 0
1202 0
1203 0
1204 0
1205 0
1206 0
1207 0
1208 0
1209 0
1210 0
1211 0
1212 0
1213 0
1214 0
1215 0
1216 0
1217 0
1218 0
1219 0
1220 0
1221 0
1222 0
1223 0
1224 0
1225 0
1226 0
1227 0
1228 0
1229 0
1230 0
1231 0
1232 0
1233 0
1234 0
1235 0
1236 0
1237 0
1238 0
1239 0
1240 0
1241 0
1242 0
1243 0
1244 0
1245 0
1246 0
1247 0
1248 0
1249 0
1250 0
1251 0
1252 0
1253 0
1254 0
1255 0
1256 0
1257 0
1258 0
1259 0
1260 0
1261 0
1262 0
1263 0
1264 0
1265 0
1266 0
1267 0
1268 0
1269 0
1270 0
1271 0
1272 0
1273 0
1274 0
1275 0
1276 0
1277 0
1278 0
1279 0
1280 0
1281 0
1282 0
1283 0
1284 0
1285 0
1286 0
1287 0
1288 0
1289 0
1290 0
1291 0
1292 0
1293 0
1294 0
1295 0
1296 0
1297 0
1298 0
1299 0
1300 0
1301 0
1302 0
1303 0
1304 0
1305 0
1306 0
1307 0
1308 0
1309 0
1310 0
1311 0
1312 0
1313 0
1314 0
1315 0
1316 0
1317 0
1318 0
1319 0
1320 0
1321 0
1322 0
1323 0
1324 0
1325 0
1326 0
1327 0
1328 0
1329 0
1330 0
1331 0
1332 0
1333 0
1334 0
1335 0
1336 0
1337 0
1338 0
1339 0
1340 0
1341 0
1342 0
1343 0
1344 0
1345 0
1346 0
1347 0
1348 0
1349 0
1350 0
1351 0
1352 0
1353 0
1354 0
1355 0
1356 0
1357 0
1358 0
1359 0
1360 0
1361 0
1362 0
1363 0
1364 0
1365 0
1366 0
1367 0
1368 0
1369 0
1370 0
1371 0
1372 0
1373 0
1374 0
1375 0
1376 0
1377 0
1378 0
1379 0
1380 0
1381 0
1382 0
1383 0
1384 0
1385 0
1386 0
1387 0
1388 0
1389 0
1390 0
1391 0
1392 0
1393 0
1394 0
1395 0
1396 0
1397 0
1398 0
1399 0
1400 0
1401 0
1402 0
1403 0
1404 0
1405 0
1406 0
1407 0
1408 0
1409 0
1410 0
1411 0
1412 0
1413 0
1414 0
1415 0
1416 0
1417 0
1418 0
1419 0
1420 0
1421 0
1422 0
1423 0
1424 0
1425 0
1426 0
1427 0
1428 0
1429 0
1430 0
1431 0
1432 0
1433 0
1434 0
1435 0
1436 0
1437 0
1438 0
1439 0
1440 0
1441 0
1442 0
1443 0
1444 0
1445 0
1446 0
1447 0
1448 0
1449 0
1450 0
1451 0
1452 0
1453 0
1454 0
1455 0
1456 0
1457 0
1458 0
1459 0
1460 0
1461 0
1462 0
1463 0
1464 0
1465 0
1466 0
1467 0
1468 0
1469 0
1470 0
1471 0
1472 0
1473 0
1474 0
1475 0
1476 0
1477 0
1478 0
1479 0
1480 0
1481 0
1482 0
1483 0
1484 0
1485 0
1486 0
1487 0
1488 0
1489 0
1490 0
1491 0
1492 0
1493 0
1494 0
1495 0
1496 0
1497 0
1498 0
1499 0
1500 0
1501 0
1502 0
1503 0
1504 0
1505 0
1506 0
1507 0
1508 0
1509 0
1510 0
1511 0
1512 0
1513 0
1514 0
1515 0
1516 0
1517 0
1518 0
1519 0
1520 0
1521 0
1522 0
1523 0
1524 0
1525 0
1526 0
1527 0
1528 0
1529 0
1530 0
1531 0
1532 0
1533 0
1534 0
1535 0
1536 0
1537 0
1538 0
1539 0
1540 0
1541 0
1542 0
1543 0
1544 0
1545 0
1546 0
1547 0
1548 0
1549 0
1550 0
1551 0
1552 0
1553 0
1554 0
1555 0
1556 0
1557 0
1558 0
1559 0
1560 0
1561 0
1562 0
1563 0
1564 0
1565 0
1566 0
1567 0
1568 0
1569 0
1570 0
1571 0
1572 0
1573 0
1574 0
1575 0
1576 0
1577 0
1578 0
1579 0
1580 0
1581 0
1582 0
1583 0
1584 0
1585 0
1586 0
1587 0
1588 0
1589 0
1590 0
1591 0
1592 0
1593 0
1594 0
1595 0
1596 0
1597 0
1598 0
1599 0
1600 0
1601 0
1602 0
1603 0
1604 0
1605 0
1606 0
1607 0
1608 0
1609 0
1610 0
1611 0
1612 0
1613 0
1614 0
1615 0
1616 0
1617 0
1618 0
1619 0
1620 0
1621 0
1622 0
1623 0
1624 0
1625 0
1626 0
1627 0
1628 0
1629 0
1630 0
1631 0
1632 0
1633 0
1634 0
1635 0
1636 0
1637 0
1638 0
1639 0
1640 0
1641 0
1642 0
1643 0
1644 0
1645 0
1646 0
1647 0
1648 0
1649 0
1650 0
1651 0
1652 0
1653 0
1654 0
1655 0
1656 0
1657 0
1658 0
1659 0
1660 0
1661 0
1662 0
1663 0
1664 0
1665 0
1666 0
1667 0
1668 0
1669 0
1670 0
1671 0
1672 0
1673 0
1674 0
1675 0
1676 0
1677 0
1678 0
1679 0
1680 0
1681 0
1682 0
1683 0
1684 0
1685 0
1686 0
1687 0
1688 0
1689 0
1690 0
1691 0
1692 0
1693 0
1694 0
1695 0
1696 0
1697 0
1698 0
1699 0
1700 0
1701 0
1702 0
1703 0
1704 0
1705 0
1706 0
1707 0
1708 0
1709 0
1710 0
1711 0
1712 0
1713 0
1714 0
1715 0
1716 0
1717 0
1718 0
1719 0
1720 0
1721 0
1722 0
1723 0
1724 0
1725 0
1726 0
1727 0
1728 0
1729 0
1730 0
1731 0
1732 0
1733 0
1734 0
1735 0
1736 0
1737 0
1738 0
1739 0
1740 0
1741 0
1742 0
1743 0
1744 0
1745 0
1746 0
1747 0
1748 0
1749 0
1750 0
1751 0
1752 0
1753 0
1754 0
1755 0
1756 0
1757 0
1758 0
1759 0
1760 0
1761 0
1762 0
1763 0
1764 0
1765 0
1766 0
1767 0
1768 0
1769 0
1770 0
1771 0
1772 0
1773 0
1774 0
1775 0
1776 0
1777 0
1778 0
1779 0
1780 0
1781 0
1782 0
1783 0
1784 0
1785 0
1786 0
1787 0
1788 0
1789 0
1790 0
1791 0
1792 0
1793 0
1794 0
1795 0
1796 0
1797 0
1798 0
1799 0
1800 0
1801 0
1802 0
1803 0
1804 0
1805 0
1806 0
1807 0
1808 0
1809 0
1810 0
1811 0
1812 0
1813 0
1814 0
1815 0
1816 0
1817 0
1818 0
1819 0
1820 0
1821 0
1822 0
1823 0
1824 0
1825 0
1826 0
1827 0
1828 0
1829 0
1830 0
1831 0
1832 0
1833 0
1834 0
1835 0
1836 0
1837 0
1838 0
1839 0
1840 0
1841 0
1842 0
1843 0
1844 0
1845 0
1846 0
1847 0
1848 0
1849 0
1850 0
1851 0
1852 0
1853 0
1854 0
1855 0
1856 0
1857 0
1858 0
1859 0
1860 0
1861 0
1862 0
1863 0
1864 0
1865 0
1866 0
1867 0
1868 0
1869 0
1870 0
1871 0
1872 0
1873 0
1874 0
1875 0
1876 0
1877 0
1878 0
1879 0
1880 0
1881 0
1882 0
1883 0
1884 0
1885 0
1886 0
1887 0
1888 0
1889 0
1890 0
1891 0
1892 0
1893 0
1894 0
1895 0
1896 0
1897 0
1898 0
1899 0
1900 0
1901 0
1902 0
1903 0
1904 0
1905 0
1906 0
1907 0
1908 0
1909 0
1910 0
1911 0
1912 0
1913 0
1914 0
1915 0
1916 0
1917 0
1918 0
1919 0
1920 0
1921 0
1922 0
1923 0
1924 0
1925 0
1926 0
1927 0
1928 0
1929 0
1930 0
1931 0
1932 0
1933 0
1934 0
1935 0
1936 0
1937 0
1938 0
1939 0
1940 0
1941 0
1942 0
1943 0
1944 0
1945 0
1946 0
1947 0
1948 0
1949 0
1950 0
1951 0
1952 0
1953 0
1954 0
1955 0
1956 0
1957 0
1958 0
1959 0
1960 0
1961 0
1962 0
1963 0
1964 0
1965 0
1966 0
1967 0
1968 0
1969 0
1970 0
1971 0
1972 0
1973 0
1974 0
1975 0
1976 0
1977 0
1978 0
1979 0
1980 0
1981 0
1982 0
1983 0
1984 0
1985 0
1986 0
1987 0
1988 0
1989 0
1990 0
1991 0
1992 0
1993 0
1994 0
1995 0
1996 0
1997 0
1998 0
1999 0
2000 0
2001 0
2002 0
2003 0
2004 0
2005 0
2006 0
2007 0
2008 0
2009 0
2010 0
2011 0
2012 0
2013 0
2014 0
2015 0
2016 0
2017 0
2018 0
2019 0
2020 0
2021 0
2022 0
2023 0
2024 0
2025 0
2026 0
2027 0
2028 0
2029 0
2030 0
2031 0
2032 0
2033 0
2034 0
2035 0
2036 0
2037 0
2038 0
2039 0
2040 0
2041 0
2042 0
2043 0
2044 0
2045 0
2046 0
2047 0
2048 0
2049 0
2050 0
2051 0
2052 0
2053 0
2054 0
2055 0
2056 0
2057 0
2058 0
2059 0
2060 0
2061 0
2062 0
2063 0
2064 0
2065 0
2066 0
2067 0
2068 0
2069 0
2070 0
2071 0
2072 0
2073 0
2074 0
2075 0
2076 0
2077 0
2078 0
2079 0
2080 0
2081 0
2082 0
2083 0
2084 0
2085 0
2086 0
2087 0
2088 0
2089 0
2090 0
2091 0
2092 0
2093 0
2094 0
2095 0
2096 0
2097 0
2098 0
2099 0
2100 0
2101 0
2102 0
2103 0
2104 0
2105 0
2106 0
2107 0
2108 0
2109 0
2110 0
2111 0
2112 0
2113 0
2114 0
2115 0
2116 0
2117 0
2118 0
2119 0
2120 0
2121 0
2122 0
2123 0
2124 0
2125 0
2126 0
2127 0
2128 0
2129 0
2130 0
2131 0
2132 0
2133 0
2134 0
2135 0
2136 0
2137 0
2138 0
2139 0
2140 0
2141 0
2142 0
2143 0
2144 0
2145 0
2146 0
2147 0
2148 0
2149 0
2150 0
2151 0
2152 0
2153 0
2154 0
2155 0
2156 0
2157 0
2158 0
2159 0
2160 0
2161 0
2162 0
2163 0
2164 0
2165 0
2166 0
2167 0
2168 0
2169 0
2170 0
2171 0
2172 0
2173 0
2174 0
2175 0
2176 0
2177 0
2178 0
2179 0
2180 0
2181 0
2182 0
2183 0
2184 0
2185 0
2186 0
2187 0
2188 0
2189 0
2190 0
2191 0
2192 0
2193 0
2194 0
2195 0
2196 0
2197 0
2198 0
2199 0
2200 0
2201 0
2202 0
2203 0
2204 0
2205 0
2206 0
2207 0
2208 0
2209 0
2210 0
2211 0
2212 0
2213 0
2214 0
2215 0
2216 0
2217 0
2218 0
2219 0
2220 0
2221 0
2222 0
2223 0
2224 0
2225 0
2226 0
2227 0
2228 0
2229 0
2230 0
2231 0
2232 0
2233 0
2234 0
2235 0
2236 0
2237 0
2238 0
2239 0
2240 0
2241 0
2242 0
2243 0
2244 0
2245 0
2246 0
2247 0
2248 0
2249 0
2250 0
2251 0
2252 0
2253 0
2254 0
2255 0
2256 0
2257 0
2258 0
2259 0
2260 0
2261 0
2262 0
2263 0
2264 0
2265 0
2266 0
2267 0
2268 0
2269 0
2270 0
2271 0
2272 0
2273 0
2274 0
2275 0
2276 0
2277 0
2278 0
2279 0
2280 0
2281 0
2282 0
2283 0
2284 0
2285 0
2286 0
2287 0
2288 0
2289 0
2290 0
2291 0
2292 0
2293 0
2294 0
2295 0
2296 0
2297 0
2298 0
2299 0
2300 0
2301 0
2302 0
2303 0
0 1 -1.07065
0 47 0.96455
0 48 0.34033
0 2256 -0.60129
1 2 1.61877
1 49 1.71254
1 2257 0.06359
2 3 -0.97839
2 50 -0.54226
2 2258 0.54256
3 4 -0.03078
3 51 2.20426
3 2259 0.25748
4 5 0.65258
4 52 -0.94332
4 2260 -1.22972
5 6 2.1376
5 53 -1.39812
5 2261 -0.50517
6 7 0.8605
6 54 0.00398
6 2262 0.36949
7 8 0.66392
7 55 -0.20306
7 2263 0.80109
8 9 0.24797
8 56 0.52084
8 2264 0.72438
9 10 -0.18894
9 57 0.64431
9 2265 1.12737
10 11 -1.3268
10 58 0.23503
10 2266 -0.70153
11 12 -1.41714
11 59 -0.28367
11 2267 -0.25309
12 13 -1.05137
12 60 1.35343
12 2268 1.32585
13 14 0.99504
13 61 0.51993
13 2269 0.33705
14 15 -0.48113
14 62 0.83323
14 2270 -1.85799
15 16 -1.44354
15 63 -0.37551
15 2271 0.00733
16 17 -1.06815
16 64 0.03303
16 2272 0.82021
17 18 -1.67238
17 65 -0.48082
17 2273 0.59167
18 19 -0.92346
18 66 0.56318
18 2274 0.8959
19 20 -0.62505
19 67 -0.40824
19 2275 -1.65072
20 21 1.09323
20 68 -1.59528
20 2276 -0.09788
21 22 1.40055
21 69 0.24615
21 2277 -0.62028
22 23 -0.12905
22 70 -1.15424
22 2278 -0.62077
23 24 -1.37285
23 71 0.4576
23 2279 0.74754
24 25 -2.15855
24 72 -0.14611
24 2280 -0.21942
25 26 1.11189
25 73 -1.11181
25 2281 1.55004
26 27 0.35292
26 74 0.16759
26 2282 -1.25817
27 28 -0.04085
27 75 2.00905
27 2283 -0.59112
28 29 0.78436
28 76 -0.07112
28 2284 -0.93415
29 30 1.0107
29 77 0.12011
29 2285 -2.78434
30 31 0.95319
30 78 -1.88711
30 2286 0.93252
31 32 -2.23296
31 79 -0.0902
31 2287 0.33921
32 33 0.58681
32 80 0.10657
32 2288 0.09323
33 34 -0.96945
33 81 0.04415
33 2289 0.40974
34 35 0.06691
34 82 0.41292
34 2290 -1.19861
35 36 0.71439
35 83 0.17074
35 2291 0.98876
36 37 -0.57407
36 84 -0.67057
36 2292 -0.16386
37 38 -1.42256
37 85 2.12163
37 2293 -0.7221
38 39 1.34295
38 86 0.61426
38 2294 -1.1723
39 40 0.10196
39 87 -0.4401
39 2295 -0.73651
40 41 -0.69515
40 88 0.02934
40 2296 0.10714
41 42 0.77233
41 89 -0.15265
41 2297 -0.93355
42 43 0.07836
42 90 -1.02734
42 2298 0.72978
43 44 2.38361
43 91 0.78606
43 2299 -1.36574
44 45 -0.15371
44 92 0.9604
44 2300 1.4002
45 46 -0.97683
45 93 -1.40697
45 2301 0.24845
46 47 0.32472
46 94 0.25157
46 2302 -0.34491
47 95 -0.09792
47 2303 -0.51616
48 49 -0.15693
48 95 -1.3459
48 96 1.3068
49 50 0.91066
49 97 1.27147
50 51 1.10012
50 98 -1.01013
51 52 0.04035
51 99 0.21786
52 53 2.00823
52 100 -0.41677
53 54 0.57706
53 101 1.27892
54 55 -1.50626
54 102 -1.2127
55 56 -1.76159
55 103 -0.19074
56 57 -2.33225
56 104 -0.10076
57 58 -1.81013
57 105 0.47356
58 59 0.15193
58 106 0.23875
59 60 -0.33129
59 107 -0.30339
60 61 -0.62745
60 108 0.79308
61 62 -0.82382
61 109 0.25451
62 63 -0.20975
62 110 -0.82765
63 64 -0.51614
63 111 -0.19368
64 65 -2.33063
64 112 1.62653
65 66 0.0412
65 113 -1.19876
66 67 -0.22701
66 114 0.04775
67 68 0.47918
67 115 -1.78045
68 69 0.51339
68 116 -0.23983
69 70 -0.02852
69 117 -0.6631
70 71 0.25836
70 118 0.77855
71 72 0.37037
71 119 -1.77634
72 73 1.34254
72 120 0.84403
73 74 0.09511
73 121 0.68598
74 75 0.66065
74 122 1.17571
75 76 -0.53531
75 123 -3.59314
76 77 -0.25954
76 124 0.08848
77 78 -0.07256
77 125 -0.19303
78 79 0.37637
78 126 0.85593
79 80 -0.45747
79 127 0.59499
80 81 -1.90901
80 128 0.81851
81 82 -0.93804
81 129 0.30679
82 83 -0.58852
82 130 0.61815
83 84 -0.8269
83 131 -0.75914
84 85 0.57998
84 132 0.74563
85 86 1.53316
85 133 0.89675
86 87 -0.47133
86 134 1.69264
87 88 0.28574
87 135 -0.28595
88 89 0.42367
88 136 -1.40552
89 90 -0.57919
89 137 -0.47081
90 91 1.0102
90 138 0.58132
91 92 -1.41159
91 139 1.62007
92 93 0.31849
92 140 0.53968
93 94 0.37353
93 141 1.46686
94 95 0.32771
94 142 -0.10412
95 143 0.61114
96 97 -1.79188
96 143 1.32249
96 144 0.22238
97 98 -0.04963
97 145 0.5639
98 99 -1.57774
98 146 0.11131
99 100 2.41757
99 147 -0.18942
100 101 1.50468
100 148 0.03954
101 102 -0.52776
101 149 0.7937
102 103 0.74533
102 150 -0.97768
103 104 0.02099
103 151 0.71118
104 105 0.45774
104 152 0.39448
105 106 0.42249
105 153 -1.53585
106 107 -0.112
106 154 -1.00938
107 108 -0.95327
107 155 0.70239
108 109 -0.02062
108 156 -1.50094
109 110 -0.04073
109 157 0.1644
110 111 0.12134
110 158 -1.24947
111 112 -0.56728
111 159 -2.69091
112 113 -0.12191
112 160 -0.87701
113 114 0.39139
113 161 -0.62741
114 115 0.30081
114 162 -1.8016
115 116 1.80889
115 163 1.14685
116 117 -0.03717
116 164 -0.71644
117 118 -0.12224
117 165 0.58376
118 119 -1.46272
118 166 0.1101
119 120 -0.09249
119 167 1.89329
120 121 -0.41767
120 168 1.0423
121 122 -0.01821
121 169 -1.2584
122 123 1.13338
122 170 -0.76109
123 124 -1.35161
123 171 -0.82865
124 125 -0.89913
124 172 0.87576
125 126 -1.14214
125 173 -1.75939
126 127 -0.6442
126 174 0.88077
127 128 -0.13923
127 175 1.10675
128 129 0.5362
128 176 0.8267
129 130 0.18091
129 177 0.07207
130 131 -1.00588
130 178 -0.29756
131 132 0.99138
131 179 -0.73433
132 133 0.70024
132 180 0.5949
133 134 2.40659
133 181 2.16247
134 135 -1.35155
134 182 -1.55489
135 136 0.18915
135 183 -0.73261
136 137 -0.29792
136 184 -0.0254
137 138 0.87386
137 185 1.13875
138 139 0.76046
138 186 0.84625
139 140 2.23921
139 187 -0.81205
140 141 -0.79294
140 188 -0.39976
141 142 -2.15068
141 189 1.06409
142 143 1.17348
142 190 0.23839
143 191 -0.94482
144 145 0.55029
144 191 -1.78466
144 192 0.48951
145 146 -1.84303
145 193 0.64305
146 147 0.75234
146 194 -1.85859
147 148 -0.12879
147 195 -1.52186
148 149 -1.31303
148 196 -1.00662
149 150 0.66673
149 197 -0.24786
150 151 0.37242
150 198 1.1384
151 152 1.15135
151 199 0.56774
152 153 1.34441
152 200 -0.33694
153 154 -0.12097
153 201 -0.02703
154 155 -0.19523
154 202 -0.50074
155 156 -0.26313
155 203 1.3716
156 157 -0.56035
156 204 -0.43272
157 158 0.82232
157 205 0.33628
158 159 0.42949
158 206 1.58087
159 160 -0.27159
159 207 0.60673
160 161 -2.25817
160 208 -0.05589
161 162 -1.57067
161 209 -1.67935
162 163 0.40196
162 210 -1.13012
163 164 -0.59658
163 211 -1.78859
164 165 -1.98834
164 212 0.67717
165 166 -1.29067
165 213 -1.89064
166 167 -0.8252
166 214 0.24008
167 168 -0.68692
167 215 0.45768
168 169 0.77284
168 216 0.2078
169 170 0.62479
169 217 0.11714
170 171 0.28852
170 218 1.20285
171 172 0.7194
171 219 0.47124
172 173 0.62868
172 220 -1.54657
173 174 -1.53244
173 221 0.04074
174 175 -1.2504
174 222 0.3617
175 176 0.58877
175 223 -0.15075
176 177 0.54915
176 224 0.63163
177 178 0.43173
177 225 0.41482
178 179 -2.16643
178 226 0.39091
179 180 -0.52828
179 227 -0.73633
180 181 0.12487
180 228 1.22069
181 182 -0.85053
181 229 0.99386
182 183 -0.23038
182 230 -1.18753
183 184 -1.15831
183 231 -0.04777
184 185 1.20885
184 232 0.13667
185 186 -0.47087
185 233 -0.98807
186 187 -0.53852
186 234 -1.72123
187 188 1.46526
187 235 0.72957
188 189 -0.00197
188 236 -0.44977
189 190 0.94747
189 237 0.73163
190 191 0.61161
190 238 -1.07766
191 239 0.6968
192 193 -1.24052
192 239 -0.42844
192 240 -0.06229
193 194 -0.38665
193 241 -0.51323
194 195 -1.84226
194 242 0.43772
195 196 -0.3466
195 243 0.93885
196 197 1.5138
196 244 0.11497
197 198 0.49068
197 245 0.06835
198 199 -1.79809
198 246 0.53748
199 200 -1.02507
199 247 0.62526
200 201 1.18348
200 248 -1.28583
201 202 0.64985
201 249 -0.34091
202 203 0.29345
202 250 0.01336
203 204 -0.0933
203 251 1.29229
204 205 0.20351
204 252 -1.71723
205 206 1.15023
205 253 -1.72922
206 207 2.23814
206 254 -0.09737
207 208 1.13731
207 255 0.43887
208 209 -0.59181
208 256 -0.05371
209 210 0.60952
209 257 -0.0597
210 211 -0.58799
210 258 1.04491
211 212 -0.24851
211 259 1.24187
212 213 -0.20207
212 260 -1.23709
213 214 -1.83847
213 261 -0.5999
214 215 1.55114
214 262 -0.63373
215 216 1.35827
215 263 -0.83936
216 217 0.58627
216 264 -0.39704
217 218 -1.50723
217 265 0.60294
218 219 0.24984
218 266 -0.79405
219 220 -1.23592
219 267 -0.39315
220 221 1.52886
220 268 -0.42008
221 222 -0.20691
221 269 -0.72789
222 223 -0.32868
222 270 -0.02454
223 224 -0.4196
223 271 1.50453
224 225 0.06654
224 272 2.76876
225 226 2.1271
225 273 -0.53059
226 227 -1.17734
226 274 2.12623
227 228 1.68659
227 275 -1.80418
228 229 2.75785
228 276 -0.42918
229 230 0.94229
229 277 -1.77312
230 231 1.47666
230 278 0.22268
231 232 -0.88463
231 279 -0.0832
232 233 1.26847
232 280 -1.29833
233 234 -0.80604
233 281 0.47835
234 235 0.19774
234 282 0.31005
235 236 0.85493
235 283 -0.63732
236 237 0.02521
236 284 -0.88427
237 238 -0.40158
237 285 1.59633
238 239 -1.56601
238 286 -0.61318
239 287 -0.05218
240 241 -0.58538
240 287 -0.10461
240 288 -0.7398
241 242 -0.28043
241 289 -0.13316
242 243 0.38516
242 290 -1.59018
243 244 -0.42874
243 291 0.9652
244 245 0.55445
244 292 0.26266
245 246 0.0215
245 293 0.61232
246 247 -0.04455
246 294 1.06734
247 248 1.55929
247 295 1.50395
248 249 1.48098
248 296 -0.73009
249 250 -0.39442
249 297 -0.23367
250 251 1.91568
250 298 -0.98202
251 252 1.53102
251 299 0.18689
252 253 0.58049
252 300 -1.39773
253 254 -0.82535
253 301 2.64767
254 255 0.57066
254 302 -0.66683
255 256 1.73607
255 303 -0.34366
256 257 0.54116
256 304 -0.55741
257 258 0.75002
257 305 0.95593
258 259 1.3607
258 306 0.31755
259 260 -0.1936
259 307 0.19603
260 261 -1.18686
260 308 -1.46438
261 262 1.86893
261 309 0.90297
262 263 -0.86346
262 310 0.71435
263 264 0.04177
263 311 0.15633
264 265 0.71215
264 312 0.1329
265 266 -0.50962
265 313 -1.27299
266 267 1.10378
266 314 0.80272
267 268 -0.32933
267 315 -0.32099
268 269 0.49541
268 316 -1.67257
269 270 0.61562
269 317 -1.43433
270 271 0.26121
270 318 1.70955
271 272 0.04603
271 319 0.71325
272 273 1.3615
272 320 0.13247
273 274 0.54405
273 321 0.55497
274 275 -1.49984
274 322 0.42123
275 276 0.01046
275 323 0.6334
276 277 0.37449
276 324 1.45437
277 278 1.24948
277 325 0.51045
278 279 0.42656
278 326 0.78466
279 280 -0.90889
279 327 0.62787
280 281 0.24047
280 328 0.31711
281 282 -1.0521
281 329 -0.77212
282 283 -0.65218
282 330 1.8294
283 284 1.12289
283 331 -0.94807
284 285 -1.41943
284 332 0.25005
285 286 1.39951
285 333 -0.93928
286 287 0.19479
286 334 -1.10202
287 335 -1.68658
288 289 -1.74886
288 335 1.81389
288 336 -0.11121
289 290 -0.01704
289 337 0.3777
290 291 0.25089
290 338 0.62397
291 292 0.70019
291 339 -0.39404
292 293 0.02982
292 340 -1.01425
293 294 1.20606
293 341 0.81131
294 295 -2.77983
294 342 2.53046
295 296 0.77328
295 343 -0.75351
296 297 -0.56655
296 344 1.13515
297 298 -0.72924
297 345 0.94819
298 299 -1.99757
298 346 -0.30652
299 300 -1.23122
299 347 0.20597
300 301 0.87867
300 348 -1.14822
301 302 0.9856
301 349 0.32672
302 303 -0.86718
302 350 0.8552
303 304 0.81231
303 351 0.80163
304 305 -0.18254
304 352 1.30175
305 306 -0.01973
305 353 -0.78258
306 307 0.4074
306 354 -0.88352
307 308 -0.12948
307 355 -1.19493
308 309 0.04954
308 356 0.40776
309 310 1.55919
309 357 -0.27529
310 311 -0.28168
310 358 -0.61507
311 312 0.75163
311 359 -0.1312
312 313 0.79691
312 360 -0.6653
313 314 0.56633
313 361 -0.03464
314 315 -0.61811
314 362 1.59339
315 316 0.49098
315 363 0.77882
316 317 -0.92225
316 364 0.07439
317 318 -0.20537
317 365 1.30755
318 319 1.76913
318 366 -0.8334
319 320 -0.39262
319 367 -0.67742
320 321 0.2998
320 368 2.45543
321 322 1.30638
321 369 1.43322
322 323 1.90109
322 370 0.44146
323 324 -0.13382
323 371 0.53578
324 325 0.64275
324 372 2.34381
325 326 -0.87871
325 373 0.54408
326 327 0.69337
326 374 1.49679
327 328 -0.65991
327 375 -1.33011
328 329 -0.67267
328 376 1.30215
329 330 0.78376
329 377 -0.69569
330 331 0.92055
330 378 -1.09539
331 332 0.16097
331 379 0.12613
332 333 1.02066
332 380 1.80969
333 334 -0.82561
333 381 1.02763
334 335 0.56395
334 382 0.36489
335 383 0.69651
336 337 0.47593
336 383 -0.91631
336 384 0.42089
337 338 1.68006
337 385 0.26026
338 339 -1.61066
338 386 -1.70404
339 340 -0.52424
339 387 0.52878
340 341 1.39937
340 388 0.97544
341 342 -1.40347
341 389 0.15564
342 343 -0.87698
342 390 -0.23973
343 344 -0.7354
343 391 -0.56894
344 345 1.6046
344 392 0.44091
345 346 0.0664
345 393 -0.21219
346 347 -0.97705
346 394 0.62108
347 348 1.39331
347 395 -0.10359
348 349 0.82321
348 396 0.44548
349 350 1.23593
349 397 -0.56037
350 351 0.23003
350 398 -1.71843
351 352 0.55223
351 399 -0.68577
352 353 -0.73156
352 400 1.28707
353 354 0.08475
353 401 -0.30879
354 355 0.85651
354 402 0.93469
355 356 0.01495
355 403 -0.09248
356 357 -0.36551
356 404 0.65139
357 358 1.58228
357 405 0.37537
358 359 -0.5211
358 406 0.27567
359 360 -0.54977
359 407 1.04679
360 361 0.73132
360 408 0.95391
361 362 -1.48243
361 409 1.79902
362 363 0.11524
362 410 0.01099
363 364 -1.57041
363 411 -0.29077
364 365 -2.88536
364 412 -0.25593
365 366 -0.40897
365 413 -0.93458
366 367 2.12633
366 414 0.82982
367 368 0.42284
367 415 -0.46514
368 369 -0.59944
368 416 0.74638
369 370 -0.60077
369 417 0.47928
370 371 -2.02596
370 418 0.58082
371 372 0.45483
371 419 0.29435
372 373 -0.24493
372 420 0.79209
373 374 0.0115
373 421 1.03425
374 375 -0.417
374 422 -2.51888
375 376 -1.20593
375 423 1.81318
376 377 -0.54543
376 424 -1.1902
377 378 -0.00986
377 425 -0.16152
378 379 -0.62553
378 426 -1.25571
379 380 0.53489
379 427 1.48083
380 381 -0.95641
380 428 -0.08459
381 382 -0.05724
381 429 0.51989
382 383 -0.41633
382 430 0.44305
383 431 -0.44026
384 385 0.23489
384 431 -1.44195
384 432 0.84153
385 386 -0.45863
385 433 -0.11724
386 387 -0.39633
386 434 0.1218
387 388 -0.70777
387 435 -0.06282
388 389 1.15837
388 436 0.99701
389 390 -0.13656
389 437 -0.1166
390 391 0.63842
390 438 -0.8647
391 392 0.38487
391 439 0.88552
392 393 -0.86922
392 440 -0.46044
393 394 -0.39255
393 441 1.36508
394 395 1.56141
394 442 0.36858
395 396 -0.36938
395 443 -0.44851
396 397 0.02883
396 444 0.88062
397 398 1.33307
397 445 0.06856
398 399 1.32574
398 446 -1.30529
399 400 0.09072
399 447 1.06295
400 401 0.0416
400 448 0.56177
401 402 -0.38664
401 449 -1.04671
402 403 0.42162
402 450 -1.19584
403 404 -1.97434
403 451 0.50318
404 405 -0.24546
404 452 -2.79591
405 406 0.99687
405 453 0.0955
406 407 0.407
406 454 0.60852
407 408 -1.38416
407 455 -0.24693
408 409 1.51685
408 456 -0.23084
409 410 -0.47475
409 457 1.71676
410 411 1.39469
410 458 -0.27834
411 412 -0.8563
411 459 0.53771
412 413 -0.55969
412 460 -1.0056
413 414 0.29813
413 461 2.36692
414 415 -2.22787
414 462 -0.29479
415 416 0.30544
415 463 -0.64916
416 417 -0.66333
416 464 1.46569
417 418 -0.53302
417 465 -0.74457
418 419 -0.85284
418 466 -1.79598
419 420 -0.43013
419 467 -1.61685
420 421 -0.9263
420 468 -1.91934
421 422 -1.01482
421 469 -0.4197
422 423 0.40093
422 470 -0.10406
423 424 -0.85506
423 471 -0.30181
424 425 -1.90083
424 472 0.21719
425 426 -0.53506
425 473 -0.13653
426 427 0.54307
426 474 1.47453
427 428 -1.90353
427 475 0.77063
428 429 0.32155
428 476 1.30677
429 430 1.20239
429 477 -0.11347
430 431 -1.02235
430 478 -0.07671
431 479 0.60984
432 433 -0.64545
432 479 0.33882
432 480 -1.29972
433 434 -0.77519
433 481 -0.06603
434 435 0.21161
434 482 -0.45258
435 436 -1.0472
435 483 -0.33976
436 437 0.64836
436 484 -0.81002
437 438 -0.83651
437 485 -1.03582
438 439 -1.40915
438 486 0.35014
439 440 1.43837
439 487 -0.18055
440 441 0.1754
440 488 -1.12156
441 442 -1.98993
441 489 0.1009
442 443 -0.20248
442 490 1.08869
443 444 0.73692
443 491 -0.7003
444 445 -0.42121
444 492 0.66576
445 446 1.49381
445 493 -0.40031
446 447 -1.02947
446 494 -1.46269
447 448 1.23031
447 495 0.60551
448 449 -2.30642
448 496 -0.11424
449 450 0.04415
449 497 -1.64304
450 451 -3.18239
450 498 0.00049
451 452 0.44415
451 499 2.3728
452 453 -0.52778
452 500 -0.93311
453 454 0.71636
453 501 0.83951
454 455 -0.36902
454 502 -0.16753
455 456 0.30964
455 503 -0.15849
456 457 -0.23318
456 504 -0.78065
457 458 -1.32296
457 505 -1.69886
458 459 1.2316
458 506 -0.06694
459 460 -0.88479
459 507 0.42678
460 461 1.6803
460 508 -0.9258
461 462 -1.20845
461 509 -0.04227
462 463 0.44533
462 510 0.62236
463 464 -0.86689
463 511 0.68344
464 465 -1.11491
464 512 1.56881
465 466 -1.3317
465 513 -0.11246
466 467 -1.07766
466 514 0.00464
467 468 -0.00178
467 515 -0.31503
468 469 0.50034
468 516 -0.03958
469 470 -0.0393
469 517 -1.86347
470 471 -0.73985
470 518 -0.1566
471 472 1.82744
471 519 -1.27046
472 473 0.22769
472 520 -0.7808
473 474 -0.35028
473 521 0.1332
474 475 -0.50759
474 522 -0.43192
475 476 -1.12444
475 523 2.3637
476 477 1.42263
476 524 -0.25851
477 478 0.8259
477 525 1.82105
478 479 -0.25095
478 526 -0.24657
479 527 -1.82908
480 481 1.51988
480 527 0.73435
480 528 2.1395
481 482 0.08299
481 529 -1.05298
482 483 -0.07697
482 530 0.07358
483 484 -0.63799
483 531 0.53091
484 485 -1.37195
484 532 0.69952
485 486 -0.14467
485 533 1.29763
486 487 0.58588
486 534 -1.02847
487 488 -0.49055
487 535 -0.99936
488 489 0.82452
488 536 -1.3251
489 490 0.20933
489 537 -0.21329
490 491 -0.64896
490 538 0.7896
491 492 1.2343
491 539 1.19956
492 493 0.20954
492 540 0.4536
493 494 -0.03691
493 541 0.09784
494 495 -0.82298
494 542 -0.08245
495 496 0.03619
495 543 1.42244
496 497 -0.33333
496 544 0.67269
497 498 -1.59905
497 545 0.00685
498 499 2.45833
498 546 0.66306
499 500 0.20362
499 547 1.39748
500 501 -0.12431
500 548 -2.59941
501 502 -0.06935
501 549 -1.28789
502 503 -0.24044
502 550 0.97914
503 504 -0.72916
503 551 0.87306
504 505 0.3841
504 552 -0.07981
505 506 -0.72658
505 553 -0.65215
506 507 0.5934
506 554 1.50792
507 508 -0.89461
507 555 -1.60679
508 509 0.17425
508 556 0.29011
509 510 1.39321
509 557 -0.17723
510 511 -1.41799
510 558 -1.73302
511 512 0.41888
511 559 0.043
512 513 -0.30559
512 560 -0.02887
513 514 0.07041
513 561 -0.10111
514 515 0.40115
514 562 -0.17008
515 516 0.04126
515 563 1.02903
516 517 -0.12553
516 564 2.42209
517 518 -0.13027
517 565 0.91774
518 519 0.62996
518 566 -1.99746
519 520 0.45777
519 567 -1.38126
520 521 -0.44924
520 568 0.64605
521 522 0.69871
521 569 -2.29599
522 523 1.19163
522 570 1.0782
523 524 -0.32326
523 571 -1.30178
524 525 -0.36451
524 572 -0.83724
525 526 0.42874
525 573 0.11011
526 527 -0.29872
526 574 -0.9751
527 575 0.78065
528 529 -2.7989
528 575 -0.30462
528 576 -0.23374
529 530 -1.31485
529 577 0.01716
530 531 -0.31204
530 578 -0.37267
531 532 0.91965
531 579 1.86833
532 533 1.21825
532 580 -0.93842
533 534 -1.97754
533 581 0.18609
534 535 1.62114
534 582 1.23159
535 536 -0.32803
535 583 1.0548
536 537 1.07528
536 584 0.49237
537 538 -0.30916
537 585 -0.74758
538 539 1.38125
538 586 0.01516
539 540 -1.41007
539 587 -0.03665
540 541 0.92414
540 588 0.42567
541 542 -0.068
541 589 -0.55909
542 543 -1.10091
542 590 -0.42318
543 544 -1.28827
543 591 1.1249
544 545 0.18206
544 592 -1.65801
545 546 0.128
545 593 -0.64166
546 547 0.45405
546 594 0.43447
547 548 0.78984
547 595 1.13896
548 549 -0.92639
548 596 1.74152
549 550 -1.28387
549 597 -0.33823
550 551 -0.77116
550 598 0.02186
551 552 1.11072
551 599 0.0848
552 553 -1.63338
552 600 0.44443
553 554 -1.22871
553 601 -0.20224
554 555 -2.11016
554 602 -0.38953
555 556 1.47044
555 603 -0.6626
556 557 0.31963
556 604 -0.03832
557 558 -1.5558
557 605 -0.32255
558 559 -1.17153
558 606 0.02647
559 560 -0.19608
559 607 1.05402
560 561 0.99748
560 608 0.69859
561 562 0.42433
561 609 1.13329
562 563 -1.36259
562 610 0.60479
563 564 -0.42307
563 611 -0.12048
564 565 0.48869
564 612 0.42164
565 566 -1.08203
565 613 0.20597
566 567 -0.67905
566 614 0.51707
567 568 -2.32016
567 615 -0.1292
568 569 -1.51948
568 616 -0.5616
569 570 -1.57063
569 617 -1.62234
570 571 -1.52526
570 618 -0.18045
571 572 0.87125
571 619 -0.74076
572 573 -0.404
572 620 2.0357
573 574 0.06419
573 621 -0.35221
574 575 -0.85731
574 622 -0.03803
575 623 -0.18456
576 577 -0.49503
576 623 0.37208
576 624 -0.38669
577 578 2.03771
577 625 0.17004
578 579 -1.87994
578 626 -0.26989
579 580 0.92391
579 627 0.28111
580 581 -0.11006
580 628 0.23175
581 582 -1.94877
581 629 0.94619
582 583 -0.43204
582 630 1.65873
583 584 -0.27731
583 631 1.00682
584 585 -0.4637
584 632 -0.57752
585 586 0.77134
585 633 1.77344
586 587 0.1505
586 634 0.33863
587 588 1.308
587 635 -2.17128
588 589 -0.46307
588 636 -0.85383
589 590 0.79605
589 637 -1.19859
590 591 1.60149
590 638 -1.52689
591 592 1.18996
591 639 -0.92401
592 593 -0.77162
592 640 0.77273
593 594 -0.41605
593 641 -0.72839
594 595 -1.79857
594 642 -0.92923
595 596 -0.34913
595 643 -1.24741
596 597 -0.1154
596 644 -0.36863
597 598 -0.28544
597 645 1.07945
598 599 1.37538
598 646 -1.90349
599 600 0.35187
599 647 0.18834
600 601 -2.14918
600 648 1.03144
601 602 -0.26848
601 649 -0.3007
602 603 -0.16213
602 650 0.83442
603 604 -0.68046
603 651 -0.35339
604 605 0.87192
604 652 -1.39108
605 606 -1.04586
605 653 -0.68627
606 607 0.34712
606 654 -0.0515
607 608 -0.06704
607 655 1.73416
608 609 -0.11594
608 656 -0.89134
609 610 -0.39142
609 657 0.54997
610 611 -1.11403
610 658 0.57666
611 612 0.29815
611 659 0.264
612 613 1.0564
612 660 -1.65704
613 614 -1.86151
613 661 0.47563
614 615 -0.58924
614 662 -1.00606
615 616 0.43251
615 663 1.10589
616 617 -0.24137
616 664 -1.08818
617 618 0.72644
617 665 -0.07429
618 619 -0.07991
618 666 -1.42592
619 620 -0.22233
619 667 1.41439
620 621 0.77107
620 668 -0.59984
621 622 1.50659
621 669 1.04503
622 623 -1.11193
622 670 -0.44729
623 671 -0.41246
624 625 -0.99357
624 671 -0.06934
624 672 -0.45732
625 626 -0.28046
625 673 1.21462
626 627 -0.18382
626 674 -0.29657
627 628 0.71172
627 675 -0.16102
628 629 0.27771
628 676 -0.65004
629 630 1.27304
629 677 -0.2322
630 631 -1.05184
630 678 -0.28685
631 632 -1.23675
631 679 -0.36218
632 633 0.50955
632 680 -0.14026
633 634 0.23548
633 681 -0.2628
634 635 -1.67697
634 682 -0.22361
635 636 1.38981
635 683 0.62904
636 637 0.66209
636 684 -0.64079
637 638 -1.04623
637 685 0.03024
638 639 -0.09125
638 686 -1.57457
639 640 0.73899
639 687 -0.08827
640 641 0.6732
640 688 0.45276
641 642 -1.23294
641 689 0.94494
642 643 1.11853
642 690 2.23032
643 644 1.77344
643 691 -0.51063
644 645 0.20503
644 692 1.03376
645 646 0.52415
645 693 0.20461
646 647 0.09312
646 694 2.80742
647 648 -0.40719
647 695 1.0442
648 649 1.15414
648 696 1.06558
649 650 -0.39291
649 697 -0.58842
650 651 -0.92125
650 698 1.15992
651 652 1.03926
651 699 -1.67936
652 653 -0.95439
652 700 0.77643
653 654 0.85239
653 701 1.32441
654 655 0.30448
654 702 0.65061
655 656 -1.5186
655 703 -1.38376
656 657 -1.34974
656 704 0.32139
657 658 0.61611
657 705 -0.80823
658 659 0.75768
658 706 -0.4607
659 660 0.66814
659 707 1.15867
660 661 -1.70237
660 708 -0.46368
661 662 -0.07265
661 709 -0.9151
662 663 0.6057
662 710 -1.69988
663 664 -0.77291
663 711 0.49845
664 665 0.63409
664 712 2.49462
665 666 0.37844
665 713 1.68878
666 667 -1.81448
666 714 0.27268
667 668 -0.69011
667 715 0.34923
668 669 0.44183
668 716 0.56319
669 670 -0.06055
669 717 -1.01933
670 671 0.28643
670 718 -0.47056
671 719 -0.04357
672 673 -0.71749
672 719 -1.18138
672 720 0.24904
673 674 -0.56821
673 721 -0.43764
674 675 -0.88237
674 722 -1.20435
675 676 -2.00328
675 723 -0.11841
676 677 0.28312
676 724 -3.57645
677 678 -0.63151
677 725 -1.27832
678 679 0.55886
678 726 -1.17072
679 680 -1.17037
679 727 2.15441
680 681 -0.38574
680 728 0.29231
681 682 0.83324
681 729 -1.96154
682 683 -0.70588
682 730 -1.72333
683 684 0.91225
683 731 0.54178
684 685 -0.13393
684 732 -0.73997
685 686 -2.22968
685 733 -2.00813
686 687 1.61313
686 734 0.74947
687 688 -0.31709
687 735 -0.38839
688 689 -1.63872
688 736 0.50635
689 690 -0.22949
689 737 -1.426
690 691 1.26874
690 738 -0.50775
691 692 -0.1443
691 739 0.34692
692 693 -0.07159
692 740 1.57268
693 694 0.35404
693 741 1.68375
694 695 0.04006
694 742 0.01813
695 696 0.12486
695 743 0.4018
696 697 -1.28878
696 744 -0.99252
697 698 -2.31345
697 745 -1.1001
698 699 -1.05163
698 746 -0.04662
699 700 1.29515
699 747 1.95435
700 701 2.12694
700 748 -0.95994
701 702 2.4592
701 749 0.55485
702 703 -1.66906
702 750 0.2322
703 704 1.03984
703 751 0.74607
704 705 0.69747
704 752 -0.00734
705 706 -0.12472
705 753 -1.27953
706 707 -0.63961
706 754 -0.25911
707 708 -1.53831
707 755 -0.08458
708 709 0.29288
708 756 0.75106
709 710 0.18167
709 757 -0.308
710 711 0.26295
710 758 -0.96535
711 712 0.07258
711 759 0.19112
712 713 -0.11174
712 760 -0.52909
713 714 1.46889
713 761 0.86454
714 715 0.21143
714 762 -0.85968
715 716 0.03792
715 763 -0.94268
716 717 -0.5358
716 764 0.4975
717 718 -0.27415
717 765 -0.24571
718 719 0.17176
718 766 -0.7242
719 767 0.304
720 721 0.68555
720 767 0.1835
720 768 0.0657
721 722 -1.45555
721 769 -0.35178
722 723 1.3558
722 770 -0.75132
723 724 0.37022
723 771 -0.47433
724 725 0.7298
724 772 -0.63343
725 726 -0.02812
725 773 0.16287
726 727 0.60221
726 774 -1.80858
727 728 0.40521
727 775 -1.4195
728 729 0.80401
728 776 -0.12455
729 730 -0.47305
729 777 -1.99284
730 731 -0.32983
730 778 -0.61862
731 732 0.26251
731 779 -0.24719
732 733 1.37574
732 780 -0.55995
733 734 0.56465
733 781 0.54131
734 735 0.47694
734 782 0.08523
735 736 -0.65976
735 783 -1.62874
736 737 -2.55823
736 784 -0.81392
737 738 -0.29498
737 785 -2.06566
738 739 -1.05243
738 786 1.54915
739 740 0.04977
739 787 0.85069
740 741 0.2218
740 788 0.17515
741 742 -0.40822
741 789 -0.04579
742 743 -0.95027
742 790 -0.32681
743 744 -1.81037
743 791 -1.67245
744 745 -1.1895
744 792 -0.86446
745 746 -0.36948
745 793 1.35349
746 747 0.2226
746 794 1.24403
747 748 0.75317
747 795 -0.26377
748 749 -0.11869
748 796 -0.94435
749 750 -0.40005
749 797 1.35765
750 751 -1.94598
750 798 -0.11392
751 752 1.00032
751 799 2.06246
752 753 0.06207
752 800 -0.77097
753 754 1.04762
753 801 -1.67395
754 755 -0.78886
754 802 -1.26624
755 756 0.86614
755 803 -0.98237
756 757 -1.46207
756 804 -0.71999
757 758 1.04343
757 805 -1.65417
758 759 -0.00939
758 806 0.56091
759 760 -1.10108
759 807 -1.05361
760 761 -0.45089
760 808 0.62648
761 762 0.14874
761 809 -0.85998
762 763 -1.18775
762 810 -0.04377
763 764 1.69164
763 811 0.80522
764 765 1.24353
764 812 0.06595
765 766 -0.15379
765 813 1.33589
766 767 0.94496
766 814 -0.74837
767 815 2.1117
768 769 -0.42773
768 815 0.77579
768 816 -1.22733
769 770 -0.77519
769 817 1.89625
770 771 -1.30696
770 818 2.07157
771 772 -1.47408
771 819 1.47438
772 773 -0.08107
772 820 -0.31367
773 774 -1.73689
773 821 -1.36242
774 775 0.20235
774 822 -0.18861
775 776 -0.79146
775 823 -0.19463
776 777 -1.4617
776 824 -0.87737
777 778 -0.91466
777 825 -1.37985
778 779 -0.28954
778 826 0.47796
779 780 0.51413
779 827 -0.60787
780 781 -0.59449
780 828 0.05574
781 782 -1.9269
781 829 -1.73073
782 783 1.5351
782 830 -1.35595
783 784 -1.21504
783 831 0.68599
784 785 -0.67939
784 832 0.13285
785 786 1.56128
785 833 0.93715
786 787 -1.81553
786 834 -0.42355
787 788 0.48358
787 835 1.4976
788 789 -0.78627
788 836 0.29448
789 790 0.3696
789 837 -1.09152
790 791 -1.3271
790 838 -0.33381
791 792 -0.54733
791 839 1.65479
792 793 -0.16541
792 840 -1.87399
793 794 0.83885
793 841 -0.0241
794 795 0.52668
794 842 2.10569
795 796 -0.48823
795 843 1.56466
796 797 1.85305
796 844 -0.04178
797 798 0.44488
797 845 -1.48171
798 799 1.1908
798 846 -0.65297
799 800 -0.31649
799 847 -0.40316
800 801 0.98253
800 848 -0.91771
801 802 -1.36381
801 849 1.037
802 803 -1.20848
802 850 0.11037
803 804 -0.4202
803 851 -2.36011
804 805 0.19564
804 852 1.32222
805 806 -0.1931
805 853 -0.38531
806 807 -1.45303
806 854 2.27055
807 808 -0.31605
807 855 -1.27059
808 809 -1.1301
808 856 1.66623
809 810 0.74738
809 857 0.32873
810 811 -1.84965
810 858 -1.41005
811 812 -0.83004
811 859 -0.21208
812 813 2.37925
812 860 0.73992
813 814 2.1427
813 861 1.32327
814 815 1.05733
814 862 0.91304
815 863 -0.1388
816 817 -0.92864
816 863 1.08489
816 864 1.46381
817 818 -0.03582
817 865 -0.0178
818 819 2.52564
818 866 0.56487
819 820 0.87651
819 867 1.39535
820 821 0.68196
820 868 -1.29989
821 822 0.7928
821 869 -0.31934
822 823 -0.63623
822 870 1.5443
823 824 1.54869
823 871 -0.37784
824 825 -0.85347
824 872 0.88997
825 826 -0.31851
825 873 -1.32492
826 827 0.48037
826 874 1.13349
827 828 0.13102
827 875 2.1042
828 829 0.36729
828 876 0.89755
829 830 -1.38349
829 877 -1.19203
830 831 0.22021
830 878 -0.51271
831 832 0.31043
831 879 0.91018
832 833 -0.19548
832 880 0.44776
833 834 -0.20939
833 881 0.23062
834 835 1.12161
834 882 0.45642
835 836 -0.33907
835 883 -0.0124
836 837 1.41387
836 884 -0.60907
837 838 0.34429
837 885 0.58158
838 839 0.25003
838 886 -1.57635
839 840 -1.26508
839 887 -0.44742
840 841 0.20074
840 888 0.94083
841 842 1.03362
841 889 0.37958
842 843 2.01743
842 890 0.58322
843 844 -1.81877
843 891 1.18128
844 845 3.02578
844 892 0.69584
845 846 0.8014
845 893 1.52471
846 847 -0.26026
846 894 0.87785
847 848 2.96678
847 895 -1.18812
848 849 0.616
848 896 -0.667
849 850 1.25391
849 897 1.59459
850 851 0.22169
850 898 0.8953
851 852 0.8071
851 899 0.19897
852 853 -2.20237
852 900 0.79265
853 854 -0.26367
853 901 -0.0066
854 855 0.87963
854 902 0.81838
855 856 -0.39197
855 903 1.47267
856 857 1.08705
856 904 1.5514
857 858 -1.87442
857 905 2.70852
858 859 -0.36688
858 906 0.41447
859 860 -0.68047
859 907 -0.91877
860 861 -1.34942
860 908 0.03754
861 862 -0.33584
861 909 -0.89726
862 863 -1.25215
862 910 1.4812
863 911 0.81392
864 865 0.16201
864 911 0.44601
864 912 -1.23579
865 866 -0.54388
865 913 -1.81138
866 867 1.59162
866 914 2.45737
867 868 -1.64141
867 915 0.89199
868 869 -0.01919
868 916 0.8207
869 870 0.54547
869 917 1.37168
870 871 0.96536
870 918 -0.60711
871 872 -1.10075
871 919 0.32193
872 873 -0.07612
872 920 1.24291
873 874 -1.12222
873 921 -0.03674
874 875 0.62949
874 922 -0.27041
875 876 -0.05878
875 923 -0.92432
876 877 -1.26473
876 924 -0.28329
877 878 -0.31487
877 925 -1.23819
878 879 0.07683
878 926 -0.48371
879 880 -0.62887
879 927 -0.25972
880 881 0.88627
880 928 0.97646
881 882 -1.46968
881 929 0.90711
882 883 -2.53876
882 930 0.30473
883 884 -0.1643
883 931 0.82637
884 885 -1.2636
884 932 -0.25291
885 886 1.1883
885 933 1.04647
886 887 0.83497
886 934 0.20175
887 888 0.05638
887 935 0.8514
888 889 -0.017
888 936 -0.95924
889 890 0.87561
889 937 1.40375
890 891 0.38576
890 938 -0.83025
891 892 -2.29488
891 939 0.78846
892 893 0.53211
892 940 0.41968
893 894 0.27915
893 941 -0.03497
894 895 1.02549
894 942 -1.34647
895 896 0.32546
895 943 -1.47771
896 897 -1.66683
896 944 -1.64181
897 898 0.62721
897 945 -1.76593
898 899 -0.10435
898 946 -0.65559
899 900 1.18364
899 947 -3.40456
900 901 -0.67052
900 948 -0.80385
901 902 0.17441
901 949 0.11137
902 903 -0.02863
902 950 0.64412
903 904 -0.26239
903 951 -0.15588
904 905 1.36678
904 952 1.46159
905 906 -1.22145
905 953 -0.50715
906 907 1.48239
906 954 1.19624
907 908 -1.05572
907 955 0.04673
908 909 -0.08442
908 956 -3.70445
909 910 1.09802
909 957 -0.68195
910 911 0.18284
910 958 -0.27312
911 959 1.33595
912 913 -0.7342
912 959 -0.44471
912 960 0.6873
913 914 1.90825
913 961 -0.41426
914 915 -0.30434
914 962 -0.75986
915 916 -0.16077
915 963 -0.23094
916 917 -0.64811
916 964 1.94733
917 918 1.36118
917 965 0.23121
918 919 -0.15791
918 966 -0.97659
919 920 1.37379
919 967 -1.12939
920 921 1.37764
920 968 0.49749
921 922 -1.49675
921 969 1.56862
922 923 -0.37378
922 970 -0.41965
923 924 1.03593
923 971 -0.22123
924 925 0.60585
924 972 -0.19755
925 926 -1.40703
925 973 -0.33695
926 927 0.73046
926 974 -0.22559
927 928 0.86722
927 975 -1.90028
928 929 0.47725
928 976 0.69892
929 930 0.39208
929 977 -1.95426
930 931 -0.3354
930 978 -0.66669
931 932 -0.37382
931 979 0.30924
932 933 1.7039
932 980 -2.57429
933 934 0.55349
933 981 1.34446
934 935 -0.41756
934 982 1.73777
935 936 -0.34372
935 983 -0.15759
936 937 1.68769
936 984 1.0654
937 938 1.04104
937 985 0.61326
938 939 0.25903
938 986 0.83225
939 940 0.07894
939 987 -1.2285
940 941 0.85709
940 988 0.06961
941 942 0.09298
941 989 0.63055
942 943 0.1138
942 990 0.01102
943 944 0.46775
943 991 -0.50944
944 945 0.87648
944 992 -0.45063
945 946 -0.99749
945 993 0.2518
946 947 -1.16759
946 994 -0.87975
947 948 0.65038
947 995 0.70069
948 949 0.18599
948 996 0.46074
949 950 -1.95947
949 997 -1.53301
950 951 -0.95651
950 998 -0.73667
951 952 -0.68282
951 999 1.3629
952 953 0.72503
952 1000 -1.75863
953 954 0.34921
953 1001 -0.57548
954 955 -1.96667
954 1002 0.65947
955 956 0.80742
955 1003 0.89267
956 957 2.40775
956 1004 1.17795
957 958 -1.9424
957 1005 2.03165
958 959 1.1045
958 1006 0.21592
959 1007 -1.89422
960 961 0.65519
960 1007 0.06742
960 1008 -0.80793
961 962 0.55947
961 1009 1.23143
962 963 0.18268
962 1010 -0.26792
963 964 -0.70121
963 1011 -0.46304
964 965 0.29267
964 1012 -2.14939
965 966 0.0555
965 1013 -0.85129
966 967 0.271
966 1014 -0.23722
967 968 -0.8828
967 1015 -1.46753
968 969 -0.94234
968 1016 0.42232
969 970 -0.57594
969 1017 1.19831
970 971 -1.0987
970 1018 0.15351
971 972 -0.06876
971 1019 1.56435
972 973 -1.59151
972 1020 1.69409
973 974 -0.43229
973 1021 1.62325
974 975 -1.15513
974 1022 1.71666
975 976 0.59107
975 1023 -0.56808
976 977 -1.21223
976 1024 -0.57345
977 978 -0.84163
977 1025 0.70304
978 979 0.88274
978 1026 1.51478
979 980 -0.02292
979 1027 -0.80501
980 981 -0.84902
980 1028 -0.35967
981 982 -1.14758
981 1029 0.31619
982 983 0.40208
982 1030 -0.91115
983 984 -1.69186
983 1031 0.98586
984 985 -0.1882
984 1032 -1.57404
985 986 -1.86506
985 1033 0.48418
986 987 -0.44538
986 1034 -0.68985
987 988 -0.52153
987 1035 0.91075
988 989 -0.33413
988 1036 -0.98963
989 990 1.63923
989 1037 -0.53286
990 991 0.94832
990 1038 -0.33262
991 992 -1.15033
991 1039 -0.49441
992 993 0.12652
992 1040 0.19122
993 994 -1.22671
993 1041 0.0324
994 995 0.14535
994 1042 1.39754
995 996 0.7574
995 1043 2.03696
996 997 -0.83295
996 1044 0.37365
997 998 0.01321
997 1045 -1.31093
998 999 0.34324
998 1046 1.34523
999 1000 1.11642
999 1047 1.29923
1000 1001 0.40987
1000 1048 -0.73488
1001 1002 0.6787
1001 1049 -0.26632
1002 1003 0.26985
1002 1050 0.77448
1003 1004 0.86226
1003 1051 -0.36055
1004 1005 0.3601
1004 1052 0.78427
1005 1006 0.74889
1005 1053 0.41624
1006 1007 -0.40663
1006 1054 0.27131
1007 1055 -1.47547
1008 1009 1.57834
1008 1055 -0.93207
1008 1056 1.35269
1009 1010 -0.12172
1009 1057 1.08567
1010 1011 0.76546
1010 1058 -0.84744
1011 1012 -0.07027
1011 1059 -0.17229
1012 1013 -1.69646
1012 1060 -0.19112
1013 1014 0.35374
1013 1061 0.19601
1014 1015 -1.73752
1014 1062 -0.10486
1015 1016 0.3279
1015 1063 -0.32329
1016 1017 0.5265
1016 1064 2.95881
1017 1018 -0.0764
1017 1065 0.0773
1018 1019 0.90398
1018 1066 -0.68907
1019 1020 -0.72309
1019 1067 -0.62168
1020 1021 -1.34839
1020 1068 1.30004
1021 1022 0.75596
1021 1069 0.25308
1022 1023 -0.52266
1022 1070 0.98829
1023 1024 -0.39502
1023 1071 -0.35365
1024 1025 0.69801
1024 1072 -0.39135
1025 1026 -2.06316
1025 1073 1.40177
1026 1027 -2.28641
1026 1074 -1.42938
1027 1028 0.93989
1027 1075 0.93649
1028 1029 -1.0864
1028 1076 -0.26081
1029 1030 -0.19338
1029 1077 1.49776
1030 1031 0.14223
1030 1078 0.56398
1031 1032 0.15642
1031 1079 0.21178
1032 1033 -0.75044
1032 1080 -0.52421
1033 1034 -0.46743
1033 1081 0.36503
1034 1035 -0.90113
1034 1082 1.14329
1035 1036 -0.05131
1035 1083 -0.79624
1036 1037 -0.19022
1036 1084 1.65608
1037 1038 0.48657
1037 1085 -0.93549
1038 1039 -0.13224
1038 1086 -0.2655
1039 1040 -1.42939
1039 1087 -0.58039
1040 1041 0.38595
1040 1088 0.22994
1041 1042 0.43104
1041 1089 0.43149
1042 1043 1.78012
1042 1090 -0.36132
1043 1044 1.20946
1043 1091 0.73016
1044 1045 -0.02862
1044 1092 1.13983
1045 1046 1.53016
1045 1093 -2.66529
1046 1047 1.53945
1046 1094 -0.15671
1047 1048 -0.05745
1047 1095 0.27566
1048 1049 -0.72968
1048 1096 -1.02812
1049 1050 -1.23218
1049 1097 0.70511
1050 1051 0.81991
1050 1098 0.79478
1051 1052 1.55376
1051 1099 -0.43586
1052 1053 0.16302
1052 1100 -0.9012
1053 1054 0.47622
1053 1101 1.94702
1054 1055 -1.4774
1054 1102 0.62091
1055 1103 -0.08261
1056 1057 -2.00917
1056 1103 1.60189
1056 1104 -0.98973
1057 1058 0.34564
1057 1105 -0.55929
1058 1059 0.33626
1058 1106 -0.33115
1059 1060 0.32763
1059 1107 0.40311
1060 1061 -1.77642
1060 1108 -1.10224
1061 1062 0.08142
1061 1109 0.32538
1062 1063 2.20947
1062 1110 1.64828
1063 1064 -0.39036
1063 1111 0.99717
1064 1065 0.27997
1064 1112 0.28483
1065 1066 1.24828
1065 1113 0.83207
1066 1067 -1.70455
1066 1114 -2.13634
1067 1068 0.27525
1067 1115 1.81894
1068 1069 -0.65406
1068 1116 -0.23745
1069 1070 -0.70128
1069 1117 0.52981
1070 1071 -0.19263
1070 1118 0.24974
1071 1072 -0.47547
1071 1119 -1.06343
1072 1073 0.00056
1072 1120 -1.47711
1073 1074 1.33588
1073 1121 -1.35076
1074 1075 -0.34637
1074 1122 0.58918
1075 1076 0.22449
1075 1123 -0.50943
1076 1077 -1.1861
1076 1124 0.12538
1077 1078 1.26263
1077 1125 0.78826
1078 1079 -0.21445
1078 1126 -1.42092
1079 1080 -0.15768
1079 1127 -0.27631
1080 1081 -0.232
1080 1128 -0.23559
1081 1082 -0.66647
1081 1129 -1.63111
1082 1083 -1.20641
1082 1130 -0.86396
1083 1084 0.46321
1083 1131 -1.41157
1084 1085 0.5795
1084 1132 -1.20507
1085 1086 1.28187
1085 1133 -0.14625
1086 1087 -1.94201
1086 1134 -0.10903
1087 1088 0.41385
1087 1135 0.44213
1088 1089 0.51522
1088 1136 -0.21645
1089 1090 -0.72097
1089 1137 1.46005
1090 1091 -1.02796
1090 1138 -0.49183
1091 1092 -1.10616
1091 1139 0.74114
1092 1093 0.29483
1092 1140 0.04971
1093 1094 -0.36838
1093 1141 -0.24241
1094 1095 -0.94679
1094 1142 1.71817
1095 1096 -1.65117
1095 1143 1.19829
1096 1097 0.17989
1096 1144 1.23168
1097 1098 1.13299
1097 1145 1.38212
1098 1099 -0.26642
1098 1146 0.00205
1099 1100 -0.11137
1099 1147 -0.61674
1100 1101 0.21928
1100 1148 0.61552
1101 1102 1.02427
1101 1149 0.14635
1102 1103 0.30204
1102 1150 1.0628
1103 1151 -0.37905
1104 1105 0.16351
1104 1151 -0.16393
1104 1152 -0.19968
1105 1106 -0.23093
1105 1153 -0.22542
1106 1107 -0.92913
1106 1154 0.34229
1107 1108 1.07034
1107 1155 0.48594
1108 1109 1.41534
1108 1156 -0.11206
1109 1110 -0.61044
1109 1157 0.12672
1110 1111 -0.50643
1110 1158 0.13528
1111 1112 2.08794
1111 1159 -0.3318
1112 1113 0.24421
1112 1160 -1.01558
1113 1114 -0.7515
1113 1161 0.29387
1114 1115 -0.15212
1114 1162 0.58641
1115 1116 0.54773
1115 1163 0.12567
1116 1117 -0.00094
1116 1164 -2.06314
1117 1118 1.10805
1117 1165 0.4449
1118 1119 0.94542
1118 1166 -1.04569
1119 1120 1.14346
1119 1167 0.12329
1120 1121 -1.23158
1120 1168 0.29615
1121 1122 1.4027
1121 1169 -0.8884
1122 1123 -0.0608
1122 1170 0.23867
1123 1124 -1.0284
1123 1171 0.34565
1124 1125 0.38783
1124 1172 0.90894
1125 1126 1.34019
1125 1173 -0.60099
1126 1127 0.81093
1126 1174 1.20759
1127 1128 -0.0406
1127 1175 -0.96223
1128 1129 -0.08037
1128 1176 -0.86923
1129 1130 0.33391
1129 1177 -0.68165
1130 1131 -1.08722
1130 1178 -0.33991
1131 1132 -1.94807
1131 1179 1.18197
1132 1133 1.13087
1132 1180 0.9033
1133 1134 -2.37781
1133 1181 -1.40565
1134 1135 -0.31767
1134 1182 -1.08619
1135 1136 0.48684
1135 1183 0.00167
1136 1137 -0.81406
1136 1184 -0.13284
1137 1138 0.24945
1137 1185 0.56728
1138 1139 -1.21426
1138 1186 0.45573
1139 1140 -0.32871
1139 1187 -0.31684
1140 1141 1.1807
1140 1188 0.62208
1141 1142 1.96784
1141 1189 -0.27651
1142 1143 -1.01071
1142 1190 0.6659
1143 1144 -0.52517
1143 1191 1.96626
1144 1145 1.83152
1144 1192 -0.00887
1145 1146 -1.09559
1145 1193 0.10672
1146 1147 -0.35749
1146 1194 0.85333
1147 1148 0.6081
1147 1195 0.76972
1148 1149 -0.01352
1148 1196 -1.90961
1149 1150 -0.72017
1149 1197 0.33155
1150 1151 0.58024
1150 1198 -0.22958
1151 1199 0.29192
1152 1153 0.05248
1152 1199 0.50103
1152 1200 -0.69614
1153 1154 0.81966
1153 1201 1.70105
1154 1155 1.88922
1154 1202 0.16775
1155 1156 -1.12221
1155 1203 0.30883
1156 1157 1.42745
1156 1204 0.067
1157 1158 -0.05562
1157 1205 -1.18682
1158 1159 -0.55009
1158 1206 0.11308
1159 1160 1.27874
1159 1207 0.55307
1160 1161 0.08087
1160 1208 1.32964
1161 1162 0.1388
1161 1209 -0.25549
1162 1163 0.5702
1162 1210 1.90509
1163 1164 -1.93966
1163 1211 0.44651
1164 1165 -0.26599
1164 1212 -1.69172
1165 1166 -0.57297
1165 1213 -0.34404
1166 1167 0.57498
1166 1214 -1.71029
1167 1168 0.2344
1167 1215 1.41448
1168 1169 -0.23495
1168 1216 -0.1055
1169 1170 -0.10939
1169 1217 0.09353
1170 1171 0.40885
1170 1218 -0.30177
1171 1172 -0.43124
1171 1219 0.32787
1172 1173 1.55384
1172 1220 -1.32471
1173 1174 -0.67778
1173 1221 -0.52109
1174 1175 -0.53905
1174 1222 -1.14049
1175 1176 0.02857
1175 1223 2.31866
1176 1177 -0.56164
1176 1224 -0.2199
1177 1178 0.60032
1177 1225 -1.10591
1178 1179 0.239
1178 1226 -0.10212
1179 1180 0.18874
1179 1227 -0.47642
1180 1181 -0.8287
1180 1228 1.36424
1181 1182 -0.73514
1181 1229 0.19706
1182 1183 -0.81047
1182 1230 -1.48086
1183 1184 1.69675
1183 1231 0.96461
1184 1185 -1.07467
1184 1232 -1.71825
1185 1186 -0.38282
1185 1233 0.52548
1186 1187 1.18529
1186 1234 -0.93042
1187 1188 -0.40233
1187 1235 -0.2769
1188 1189 -0.78184
1188 1236 1.09342
1189 1190 0.73528
1189 1237 0.44473
1190 1191 -0.08406
1190 1238 -0.15961
1191 1192 0.56491
1191 1239 -2.31652
1192 1193 0.11282
1192 1240 -0.22805
1193 1194 0.03726
1193 1241 -1.60303
1194 1195 0.24246
1194 1242 0.3693
1195 1196 1.27085
1195 1243 -1.04919
1196 1197 -1.0452
1196 1244 0.89176
1197 1198 0.59623
1197 1245 1.61049
1198 1199 1.05635
1198 1246 0.65805
1199 1247 -0.11837
1200 1201 0.85701
1200 1247 -1.02782
1200 1248 -0.12151
1201 1202 -0.10765
1201 1249 -0.01772
1202 1203 -0.1858
1202 1250 0.99262
1203 1204 -0.65726
1203 1251 1.67866
1204 1205 0.19388
1204 1252 -0.21719
1205 1206 1.38231
1205 1253 -0.44906
1206 1207 0.2637
1206 1254 -2.19906
1207 1208 -0.60058
1207 1255 0.39385
1208 1209 -0.08992
1208 1256 0.39505
1209 1210 -0.138
1209 1257 -0.34436
1210 1211 0.62844
1210 1258 -0.2691
1211 1212 -0.57116
1211 1259 0.806
1212 1213 0.58702
1212 1260 0.04436
1213 1214 0.33353
1213 1261 -0.74804
1214 1215 -0.70015
1214 1262 0.0842
1215 1216 -0.56684
1215 1263 0.24351
1216 1217 -0.95373
1216 1264 -1.01371
1217 1218 1.01337
1217 1265 0.29495
1218 1219 -2.38261
1218 1266 -0.33834
1219 1220 0.50608
1219 1267 -0.61854
1220 1221 -0.60376
1220 1268 -1.5855
1221 1222 1.15494
1221 1269 -0.53996
1222 1223 -1.00277
1222 1270 -0.66519
1223 1224 -0.67378
1223 1271 -0.69578
1224 1225 0.3437
1224 1272 -1.2499
1225 1226 0.31143
1225 1273 3.49888
1226 1227 0.4146
1226 1274 -0.80881
1227 1228 2.09063
1227 1275 -1.77653
1228 1229 1.55519
1228 1276 0.1531
1229 1230 -0.55907
1229 1277 1.69787
1230 1231 -0.24406
1230 1278 -1.65918
1231 1232 -0.20165
1231 1279 -0.11428
1232 1233 0.49649
1232 1280 -1.21791
1233 1234 -0.95723
1233 1281 -0.61579
1234 1235 1.94928
1234 1282 0.36232
1235 1236 0.02359
1235 1283 -0.75797
1236 1237 -0.68934
1236 1284 0.81562
1237 1238 0.52276
1237 1285 -1.1167
1238 1239 -0.65837
1238 1286 -1.28362
1239 1240 -1.06773
1239 1287 0.05601
1240 1241 0.75732
1240 1288 1.15046
1241 1242 -1.54033
1241 1289 0.70365
1242 1243 -0.41164
1242 1290 1.12913
1243 1244 -0.19328
1243 1291 -0.29698
1244 1245 -0.23034
1244 1292 0.55407
1245 1246 -0.3366
1245 1293 1.46264
1246 1247 -1.20112
1246 1294 -0.03885
1247 1295 0.81578
1248 1249 1.59885
1248 1295 -1.39357
1248 1296 1.82248
1249 1250 1.74678
1249 1297 -0.41854
1250 1251 -0.08866
1250 1298 -0.31286
1251 1252 -0.77754
1251 1299 -0.224
1252 1253 0.78745
1252 1300 0.61438
1253 1254 0.38347
1253 1301 0.69801
1254 1255 -0.28493
1254 1302 0.78811
1255 1256 -1.3631
1255 1303 0.43029
1256 1257 -1.23085
1256 1304 0.60504
1257 1258 -1.20442
1257 1305 -1.33523
1258 1259 -0.67511
1258 1306 1.24315
1259 1260 1.33687
1259 1307 -1.57071
1260 1261 0.79214
1260 1308 -1.10656
1261 1262 0.35756
1261 1309 -0.04359
1262 1263 0.84327
1262 1310 1.21742
1263 1264 -1.34384
1263 1311 0.7048
1264 1265 2.88389
1264 1312 0.65889
1265 1266 -0.17432
1265 1313 0.637
1266 1267 -0.89713
1266 1314 -0.62592
1267 1268 0.19689
1267 1315 -0.43862
1268 1269 -1.30689
1268 1316 1.34659
1269 1270 -0.09762
1269 1317 -0.43591
1270 1271 -1.52751
1270 1318 0.53803
1271 1272 -0.36216
1271 1319 -0.04012
1272 1273 1.33031
1272 1320 0.37494
1273 1274 -0.36141
1273 1321 -0.15558
1274 1275 0.72576
1274 1322 -1.16924
1275 1276 -1.35872
1275 1323 0.29079
1276 1277 -1.1703
1276 1324 0.21522
1277 1278 -1.44055
1277 1325 -0.34382
1278 1279 -0.79817
1278 1326 -1.5036
1279 1280 0.24913
1279 1327 1.44836
1280 1281 0.10893
1280 1328 0.83701
1281 1282 0.49632
1281 1329 0.79064
1282 1283 -0.00043
1282 1330 1.29934
1283 1284 -1.79923
1283 1331 0.46648
1284 1285 -0.58625
1284 1332 0.85692
1285 1286 -1.17126
1285 1333 -1.24508
1286 1287 -0.53615
1286 1334 -0.23921
1287 1288 0.18038
1287 1335 -0.24037
1288 1289 -0.08366
1288 1336 -0.14061
1289 1290 -3.45276
1289 1337 0.78131
1290 1291 0.1835
1290 1338 0.63325
1291 1292 -0.90649
1291 1339 -1.44094
1292 1293 -1.35941
1292 1340 0.82209
1293 1294 1.18034
1293 1341 -0.73616
1294 1295 1.97027
1294 1342 0.9849
1295 1343 1.11546
1296 1297 0.35816
1296 1343 0.19419
1296 1344 -2.4508
1297 1298 -1.2336
1297 1345 0.94994
1298 1299 0.76371
1298 1346 -0.69355
1299 1300 0.08259
1299 1347 -0.07337
1300 1301 -0.92809
1300 1348 -0.43095
1301 1302 -0.0605
1301 1349 1.09679
1302 1303 0.8812
1302 1350 0.62139
1303 1304 -0.82537
1303 1351 2.574
1304 1305 0.46925
1304 1352 -1.38479
1305 1306 1.26557
1305 1353 -0.64252
1306 1307 0.67457
1306 1354 -0.17348
1307 1308 0.81494
1307 1355 0.4708
1308 1309 -1.08381
1308 1356 -0.31897
1309 1310 -0.3794
1309 1357 0.11049
1310 1311 -1.48508
1310 1358 -1.95023
1311 1312 0.22142
1311 1359 0.389
1312 1313 0.08174
1312 1360 0.79099
1313 1314 1.78705
1313 1361 1.2653
1314 1315 -2.09713
1314 1362 1.30517
1315 1316 -0.44659
1315 1363 0.5978
1316 1317 -1.28285
1316 1364 -0.02977
1317 1318 -0.17208
1317 1365 0.35158
1318 1319 1.06214
1318 1366 -0.00695
1319 1320 1.09413
1319 1367 -0.49242
1320 1321 -0.74018
1320 1368 -0.2706
1321 1322 -0.44352
1321 1369 -0.30563
1322 1323 -0.13438
1322 1370 -0.49839
1323 1324 -1.4711
1323 1371 -0.24355
1324 1325 1.50523
1324 1372 1.41251
1325 1326 -0.75293
1325 1373 0.8957
1326 1327 0.1761
1326 1374 -1.36682
1327 1328 0.66347
1327 1375 2.32297
1328 1329 -0.94402
1328 1376 -0.46307
1329 1330 0.46462
1329 1377 -0.23552
1330 1331 -1.40195
1330 1378 -0.0227
1331 1332 1.06657
1331 1379 -0.59345
1332 1333 -0.34514
1332 1380 1.00377
1333 1334 -0.71073
1333 1381 0.89679
1334 1335 -1.0457
1334 1382 -0.10498
1335 1336 0.73432
1335 1383 1.14513
1336 1337 2.6328
1336 1384 0.57291
1337 1338 0.45538
1337 1385 -1.00859
1338 1339 0.66395
1338 1386 1.90277
1339 1340 -0.2747
1339 1387 0.67885
1340 1341 -0.7784
1340 1388 -0.27826
1341 1342 0.58667
1341 1389 0.06031
1342 1343 -0.53364
1342 1390 0.02815
1343 1391 1.85823
1344 1345 -0.86319
1344 1391 -1.69017
1344 1392 1.27621
1345 1346 -1.41907
1345 1393 0.05778
1346 1347 0.09993
1346 1394 -0.16906
1347 1348 -0.21979
1347 1395 1.86861
1348 1349 -0.09072
1348 1396 -0.28644
1349 1350 -0.63181
1349 1397 0.8332
1350 1351 -0.62201
1350 1398 -0.74799
1351 1352 -1.70043
1351 1399 0.49951
1352 1353 0.12938
1352 1400 -1.296
1353 1354 -0.46201
1353 1401 0.74094
1354 1355 -0.37755
1354 1402 1.09504
1355 1356 1.08265
1355 1403 1.91614
1356 1357 -0.93729
1356 1404 -1.41761
1357 1358 0.00953
1357 1405 -0.05994
1358 1359 0.5544
1358 1406 -0.05803
1359 1360 0.05263
1359 1407 -0.23839
1360 1361 -2.08038
1360 1408 -0.65345
1361 1362 1.43796
1361 1409 1.02612
1362 1363 -0.37559
1362 1410 -0.80031
1363 1364 1.44742
1363 1411 -0.02158
1364 1365 1.78167
1364 1412 0.03625
1365 1366 0.19466
1365 1413 0.63423
1366 1367 -0.36302
1366 1414 -0.19016
1367 1368 0.96507
1367 1415 0.97808
1368 1369 -0.21802
1368 1416 0.40082
1369 1370 -0.47178
1369 1417 -1.0462
1370 1371 0.12689
1370 1418 1.07527
1371 1372 -0.01474
1371 1419 1.53143
1372 1373 -0.22998
1372 1420 -0.29972
1373 1374 -0.05168
1373 1421 0.48913
1374 1375 0.18783
1374 1422 1.54481
1375 1376 -1.87506
1375 1423 -0.50078
1376 1377 0.71733
1376 1424 -0.13774
1377 1378 0.08254
1377 1425 -0.4203
1378 1379 -0.71195
1378 1426 1.29466
1379 1380 -1.67694
1379 1427 -0.90994
1380 1381 0.75489
1380 1428 0.64908
1381 1382 -1.2797
1381 1429 0.94078
1382 1383 1.00439
1382 1430 -1.64499
1383 1384 -1.56094
1383 1431 2.15632
1384 1385 -0.30223
1384 1432 0.70717
1385 1386 -1.38877
1385 1433 -0.03528
1386 1387 -0.5164
1386 1434 -1.13946
1387 1388 1.08166
1387 1435 1.02965
1388 1389 0.78947
1388 1436 0.48692
1389 1390 -0.77079
1389 1437 -1.17739
1390 1391 1.18906
1390 1438 0.55934
1391 1439 0.00006
1392 1393 -0.62748
1392 1439 0.6463
1392 1440 -0.60447
1393 1394 -1.16349
1393 1441 -1.05754
1394 1395 -0.22785
1394 1442 0.64509
1395 1396 0.43851
1395 1443 -0.43145
1396 1397 -0.78402
1396 1444 1.32775
1397 1398 -0.37624
1397 1445 0.92303
1398 1399 0.34784
1398 1446 -0.72114
1399 1400 -0.80775
1399 1447 -0.5301
1400 1401 -1.60709
1400 1448 -0.35852
1401 1402 -1.81558
1401 1449 -2.4911
1402 1403 0.69681
1402 1450 -0.4083
1403 1404 -1.80377
1403 1451 -1.15217
1404 1405 0.03926
1404 1452 -1.52705
1405 1406 0.13773
1405 1453 0.21707
1406 1407 -0.90084
1406 1454 -0.77307
1407 1408 -1.27015
1407 1455 -2.45842
1408 1409 -0.54999
1408 1456 0.32438
1409 1410 -1.82023
1409 1457 -1.55699
1410 1411 1.49918
1410 1458 -0.30866
1411 1412 0.13607
1411 1459 0.78739
1412 1413 0.73176
1412 1460 0.73824
1413 1414 1.23976
1413 1461 -1.14587
1414 1415 0.95769
1414 1462 0.03796
1415 1416 -0.56736
1415 1463 -0.59588
1416 1417 -0.20459
1416 1464 -0.00049
1417 1418 -1.90337
1417 1465 -0.02589
1418 1419 -1.04839
1418 1466 1.19932
1419 1420 -0.85246
1419 1467 -1.20488
1420 1421 -1.37248
1420 1468 -0.71227
1421 1422 0.70846
1421 1469 0.94027
1422 1423 -0.91334
1422 1470 0.37464
1423 1424 -0.13379
1423 1471 0.9399
1424 1425 -0.06403
1424 1472 -0.35678
1425 1426 0.19183
1425 1473 0.10553
1426 1427 0.45364
1426 1474 0.35005
1427 1428 -0.33057
1427 1475 0.44228
1428 1429 0.82556
1428 1476 -0.63408
1429 1430 1.84219
1429 1477 -0.80328
1430 1431 0.97187
1430 1478 0.27091
1431 1432 -0.82883
1431 1479 -1.42559
1432 1433 -1.21371
1432 1480 0.70483
1433 1434 0.32791
1433 1481 0.84394
1434 1435 -0.97448
1434 1482 2.27137
1435 1436 -0.20248
1435 1483 -1.52473
1436 1437 -1.23778
1436 1484 1.90261
1437 1438 -1.25947
1437 1485 -0.15205
1438 1439 0.06234
1438 1486 -0.83453
1439 1487 0.72463
1440 1441 1.77452
1440 1487 -2.65091
1440 1488 0.30632
1441 1442 0.01686
1441 1489 0.7289
1442 1443 0.61782
1442 1490 -0.31564
1443 1444 2.82996
1443 1491 -0.54722
1444 1445 2.47634
1444 1492 1.41821
1445 1446 1.23487
1445 1493 -0.13657
1446 1447 -0.17589
1446 1494 0.40045
1447 1448 -0.27215
1447 1495 -0.08653
1448 1449 2.62874
1448 1496 0.66196
1449 1450 -0.96802
1449 1497 0.86949
1450 1451 -2.3656
1450 1498 -0.21502
1451 1452 -1.95054
1451 1499 -0.88007
1452 1453 -0.88219
1452 1500 0.24945
1453 1454 1.16681
1453 1501 0.5465
1454 1455 -0.31893
1454 1502 -0.40288
1455 1456 0.66387
1455 1503 -0.12739
1456 1457 0.59542
1456 1504 -0.06595
1457 1458 -0.4663
1457 1505 -0.11144
1458 1459 -0.12931
1458 1506 0.72805
1459 1460 -0.28884
1459 1507 -0.48851
1460 1461 0.11231
1460 1508 -0.10179
1461 1462 -1.04184
1461 1509 0.35282
1462 1463 -0.95072
1462 1510 2.3387
1463 1464 -0.13029
1463 1511 0.03576
1464 1465 -1.76093
1464 1512 -0.05092
1465 1466 -0.14538
1465 1513 0.0378
1466 1467 -0.65179
1466 1514 -0.65377
1467 1468 0.56797
1467 1515 -2.58739
1468 1469 -1.34996
1468 1516 0.60189
1469 1470 0.29063
1469 1517 0.54126
1470 1471 0.85603
1470 1518 1.87667
1471 1472 0.14202
1471 1519 1.48557
1472 1473 0.82078
1472 1520 -0.34696
1473 1474 -1.47725
1473 1521 -2.29066
1474 1475 0.37629
1474 1522 0.19399
1475 1476 0.21004
1475 1523 -1.04332
1476 1477 0.30443
1476 1524 -1.29942
1477 1478 -0.05118
1477 1525 -0.33527
1478 1479 -0.22317
1478 1526 -0.08188
1479 1480 -1.05755
1479 1527 0.19436
1480 1481 0.39209
1480 1528 1.27048
1481 1482 0.05563
1481 1529 1.09147
1482 1483 -0.86495
1482 1530 0.47809
1483 1484 1.55888
1483 1531 0.16977
1484 1485 0.03519
1484 1532 0.3281
1485 1486 0.31029
1485 1533 -0.70823
1486 1487 -0.904
1486 1534 -1.16782
1487 1535 0.09228
1488 1489 1.26019
1488 1535 -0.41777
1488 1536 0.2668
1489 1490 -0.30189
1489 1537 -0.8904
1490 1491 1.41538
1490 1538 0.07147
1491 1492 1.85135
1491 1539 -1.75456
1492 1493 1.05213
1492 1540 0.63505
1493 1494 -0.02593
1493 1541 -0.4369
1494 1495 0.18741
1494 1542 0.44212
1495 1496 0.44919
1495 1543 -0.36071
1496 1497 1.4439
1496 1544 -0.42258
1497 1498 -0.04145
1497 1545 1.77337
1498 1499 0.69572
1498 1546 1.60886
1499 1500 0.83169
1499 1547 -0.35927
1500 1501 -0.5198
1500 1548 -0.60414
1501 1502 0.92468
1501 1549 1.68475
1502 1503 1.56365
1502 1550 0.82531
1503 1504 0.13166
1503 1551 -0.59348
1504 1505 0.07916
1504 1552 0.60914
1505 1506 0.43116
1505 1553 -0.96426
1506 1507 -2.0035
1506 1554 0.63809
1507 1508 0.27813
1507 1555 -0.34053
1508 1509 0.39359
1508 1556 0.17506
1509 1510 0.64565
1509 1557 0.04358
1510 1511 -0.57953
1510 1558 0.77136
1511 1512 0.32448
1511 1559 1.49709
1512 1513 0.05691
1512 1560 0.30116
1513 1514 1.0766
1513 1561 -0.85397
1514 1515 0.95659
1514 1562 -0.12321
1515 1516 -1.65856
1515 1563 -0.25737
1516 1517 1.42167
1516 1564 0.09903
1517 1518 0.21718
1517 1565 0.10494
1518 1519 0.23161
1518 1566 -1.25117
1519 1520 1.18071
1519 1567 -1.04785
1520 1521 1.47588
1520 1568 -0.39511
1521 1522 0.74832
1521 1569 -0.38825
1522 1523 0.56192
1522 1570 3.00497
1523 1524 -0.99622
1523 1571 -0.52866
1524 1525 1.33416
1524 1572 0.38819
1525 1526 0.37469
1525 1573 -2.20292
1526 1527 0.46579
1526 1574 1.03208
1527 1528 1.27962
1527 1575 -0.97255
1528 1529 0.12932
1528 1576 0.36416
1529 1530 0.4456
1529 1577 0.33453
1530 1531 -0.69549
1530 1578 0.96205
1531 1532 -1.08955
1531 1579 -0.32494
1532 1533 1.74464
1532 1580 0.39408
1533 1534 1.63293
1533 1581 -0.50665
1534 1535 -0.13933
1534 1582 -0.678
1535 1583 0.36667
1536 1537 -0.96306
1536 1583 0.43009
1536 1584 1.51971
1537 1538 -2.71836
1537 1585 -0.97703
1538 1539 -0.44023
1538 1586 -0.99571
1539 1540 -0.31909
1539 1587 -0.072
1540 1541 1.09306
1540 1588 1.00505
1541 1542 0.59427
1541 1589 1.41229
1542 1543 -0.31379
1542 1590 -0.80946
1543 1544 -0.34791
1543 1591 -0.33171
1544 1545 -0.29935
1544 1592 -0.23487
1545 1546 1.46625
1545 1593 -1.03619
1546 1547 0.41471
1546 1594 -0.88633
1547 1548 0.03278
1547 1595 -0.73374
1548 1549 0.87496
1548 1596 -0.88206
1549 1550 0.31058
1549 1597 -0.77324
1550 1551 -1.64999
1550 1598 -0.77942
1551 1552 -3.20322
1551 1599 0.88719
1552 1553 0.18669
1552 1600 -0.77257
1553 1554 0.01613
1553 1601 -0.50435
1554 1555 0.49151
1554 1602 1.16025
1555 1556 -1.09037
1555 1603 0.09747
1556 1557 0.79156
1556 1604 -0.92755
1557 1558 -0.62125
1557 1605 -0.3432
1558 1559 -1.03973
1558 1606 -0.74104
1559 1560 1.36913
1559 1607 0.0574
1560 1561 -0.21881
1560 1608 -0.07646
1561 1562 -1.33431
1561 1609 0.74268
1562 1563 0.62116
1562 1610 -0.49617
1563 1564 -0.97688
1563 1611 1.00574
1564 1565 1.55008
1564 1612 -0.00765
1565 1566 0.54907
1565 1613 -1.15003
1566 1567 -1.4675
1566 1614 -0.21488
1567 1568 0.66151
1567 1615 0.24161
1568 1569 1.14421
1568 1616 1.4629
1569 1570 -0.01324
1569 1617 -0.68465
1570 1571 2.03551
1570 1618 -0.56607
1571 1572 -0.50487
1571 1619 1.57643
1572 1573 0.22674
1572 1620 0.63496
1573 1574 0.36479
1573 1621 -1.88765
1574 1575 2.73155
1574 1622 0.86258
1575 1576 0.02102
1575 1623 -0.2711
1576 1577 -1.18097
1576 1624 -1.64295
1577 1578 1.49874
1577 1625 -0.48532
1578 1579 0.9352
1578 1626 -0.93431
1579 1580 -0.86853
1579 1627 -0.57045
1580 1581 -0.12991
1580 1628 -0.97411
1581 1582 -0.08989
1581 1629 -0.28451
1582 1583 1.7454
1582 1630 1.52435
1583 1631 -0.15909
1584 1585 0.00016
1584 1631 1.78696
1584 1632 0.3379
1585 1586 -0.83361
1585 1633 -0.27577
1586 1587 0.54819
1586 1634 -0.00828
1587 1588 1.75414
1587 1635 -1.33874
1588 1589 -0.97114
1588 1636 -0.93543
1589 1590 -0.32646
1589 1637 -1.18965
1590 1591 0.61714
1590 1638 0.493
1591 1592 -0.58135
1591 1639 -0.61643
1592 1593 0.29908
1592 1640 0.99818
1593 1594 1.99114
1593 1641 0.68841
1594 1595 1.20629
1594 1642 -0.30432
1595 1596 1.10374
1595 1643 -0.87981
1596 1597 0.59145
1596 1644 0.37615
1597 1598 0.47096
1597 1645 0.35846
1598 1599 -2.16732
1598 1646 0.43888
1599 1600 2.63583
1599 1647 0.62829
1600 1601 -0.35191
1600 1648 -0.46727
1601 1602 -0.48491
1601 1649 0.36472
1602 1603 -0.78592
1602 1650 0.39241
1603 1604 0.07382
1603 1651 0.62325
1604 1605 -0.04572
1604 1652 2.06983
1605 1606 -0.98391
1605 1653 1.23973
1606 1607 0.36167
1606 1654 0.82548
1607 1608 -0.49859
1607 1655 -0.2613
1608 1609 -0.24362
1608 1656 0.37124
1609 1610 -2.90693
1609 1657 -0.15187
1610 1611 1.00994
1610 1658 0.68026
1611 1612 1.21468
1611 1659 1.78061
1612 1613 2.05821
1612 1660 -0.08476
1613 1614 1.37972
1613 1661 -1.7005
1614 1615 0.57601
1614 1662 0.03313
1615 1616 2.07326
1615 1663 -0.21995
1616 1617 -0.96363
1616 1664 0.49765
1617 1618 2.78167
1617 1665 0.41955
1618 1619 1.06299
1618 1666 -0.52274
1619 1620 -1.07912
1619 1667 0.44527
1620 1621 -0.79113
1620 1668 1.23481
1621 1622 -0.19548
1621 1669 0.89807
1622 1623 -0.11856
1622 1670 -0.6101
1623 1624 1.62023
1623 1671 -1.05904
1624 1625 -0.44013
1624 1672 -1.95268
1625 1626 -0.9922
1625 1673 -1.10834
1626 1627 1.15895
1626 1674 -1.20209
1627 1628 -0.23608
1627 1675 0.8032
1628 1629 -0.67358
1628 1676 0.04962
1629 1630 0.74347
1629 1677 0.59363
1630 1631 -1.39167
1630 1678 -1.00069
1631 1679 -1.10982
1632 1633 -0.56947
1632 1679 -0.88696
1632 1680 -0.14619
1633 1634 -1.20712
1633 1681 -0.2395
1634 1635 0.32363
1634 1682 -1.70961
1635 1636 -0.05597
1635 1683 0.12479
1636 1637 1.67684
1636 1684 -0.42149
1637 1638 -1.66825
1637 1685 0.71194
1638 1639 1.4809
1638 1686 1.96478
1639 1640 0.37613
1639 1687 1.42683
1640 1641 1.68934
1640 1688 -0.89934
1641 1642 -1.82368
1641 1689 0.46175
1642 1643 -0.40435
1642 1690 1.32207
1643 1644 1.11384
1643 1691 -0.20604
1644 1645 -1.47783
1644 1692 0.25893
1645 1646 0.65222
1645 1693 -0.13009
1646 1647 0.55201
1646 1694 -0.67003
1647 1648 -0.14125
1647 1695 0.11252
1648 1649 -0.44138
1648 1696 -0.37172
1649 1650 0.62849
1649 1697 -0.38889
1650 1651 -0.33288
1650 1698 -0.37817
1651 1652 1.38585
1651 1699 1.2427
1652 1653 -1.02861
1652 1700 0.3432
1653 1654 -0.1946
1653 1701 0.02699
1654 1655 0.33922
1654 1702 -1.22291
1655 1656 -0.18886
1655 1703 -1.14401
1656 1657 1.90634
1656 1704 3.35536
1657 1658 -0.28623
1657 1705 0.1066
1658 1659 0.756
1658 1706 -1.50173
1659 1660 -0.58318
1659 1707 1.85702
1660 1661 0.95096
1660 1708 -0.24657
1661 1662 -1.80535
1661 1709 1.05871
1662 1663 -0.06185
1662 1710 -0.19554
1663 1664 -0.67198
1663 1711 -1.54709
1664 1665 -0.11982
1664 1712 0.0626
1665 1666 -1.10412
1665 1713 1.86692
1666 1667 0.37596
1666 1714 -0.886
1667 1668 -0.81568
1667 1715 0.22748
1668 1669 -1.37489
1668 1716 0.71878
1669 1670 -0.70182
1669 1717 2.17103
1670 1671 -0.68753
1670 1718 -1.01891
1671 1672 -0.79813
1671 1719 0.07814
1672 1673 0.831
1672 1720 -1.16772
1673 1674 2.18904
1673 1721 -0.23538
1674 1675 1.23024
1674 1722 -0.03575
1675 1676 0.89782
1675 1723 0.61148
1676 1677 -0.30514
1676 1724 -1.12046
1677 1678 -0.18439
1677 1725 0.24522
1678 1679 0.14279
1678 1726 0.12948
1679 1727 1.08763
1680 1681 -1.75992
1680 1727 -0.39702
1680 1728 1.50254
1681 1682 -0.12581
1681 1729 0.66748
1682 1683 -0.65617
1682 1730 1.74171
1683 1684 -0.18965
1683 1731 2.2037
1684 1685 1.01614
1684 1732 -0.70016
1685 1686 -0.0687
1685 1733 -0.27358
1686 1687 -0.54684
1686 1734 -0.73576
1687 1688 -1.02754
1687 1735 1.59969
1688 1689 0.53434
1688 1736 -0.58923
1689 1690 1.84013
1689 1737 -0.39873
1690 1691 1.78253
1690 1738 0.2996
1691 1692 -0.42683
1691 1739 -0.45835
1692 1693 -0.83238
1692 1740 -0.01172
1693 1694 -1.87625
1693 1741 1.08544
1694 1695 0.9691
1694 1742 -0.65017
1695 1696 1.13061
1695 1743 -2.26066
1696 1697 0.82631
1696 1744 0.18668
1697 1698 0.57002
1697 1745 -0.40098
1698 1699 0.51396
1698 1746 1.64508
1699 1700 0.81103
1699 1747 0.15944
1700 1701 0.30643
1700 1748 1.89476
1701 1702 0.51116
1701 1749 -1.07333
1702 1703 -2.39302
1702 1750 -0.18335
1703 1704 0.86855
1703 1751 0.9897
1704 1705 1.75306
1704 1752 -0.07946
1705 1706 0.64692
1705 1753 -0.16893
1706 1707 -1.85507
1706 1754 0.50746
1707 1708 0.86066
1707 1755 0.56883
1708 1709 2.43586
1708 1756 -0.48875
1709 1710 -0.46293
1709 1757 1.98277
1710 1711 -0.02417
1710 1758 -0.14425
1711 1712 1.97785
1711 1759 0.40896
1712 1713 -0.19006
1712 1760 0.19248
1713 1714 -1.67422
1713 1761 1.97069
1714 1715 -0.85574
1714 1762 0.47316
1715 1716 -0.8796
1715 1763 -1.16809
1716 1717 -0.36646
1716 1764 -0.21389
1717 1718 0.82291
1717 1765 -0.71384
1718 1719 1.15169
1718 1766 1.63222
1719 1720 1.82502
1719 1767 0.00846
1720 1721 1.1378
1720 1768 -0.41037
1721 1722 0.0146
1721 1769 0.40337
1722 1723 0.5928
1722 1770 0.73547
1723 1724 -0.38949
1723 1771 0.20846
1724 1725 -1.69004
1724 1772 -0.13069
1725 1726 1.13731
1725 1773 -0.10289
1726 1727 -1.30955
1726 1774 0.35626
1727 1775 0.63262
1728 1729 0.56124
1728 1775 0.08967
1728 1776 0.84479
1729 1730 0.99861
1729 1777 0.75467
1730 1731 0.13351
1730 1778 -0.39887
1731 1732 0.17025
1731 1779 0.1623
1732 1733 0.36533
1732 1780 0.26822
1733 1734 0.87533
1733 1781 0.69452
1734 1735 0.9318
1734 1782 -2.17884
1735 1736 1.07551
1735 1783 0.69828
1736 1737 -0.07236
1736 1784 -0.22507
1737 1738 2.06589
1737 1785 1.59315
1738 1739 0.15639
1738 1786 -0.57603
1739 1740 0.33915
1739 1787 0.61532
1740 1741 -3.39391
1740 1788 1.38325
1741 1742 -0.15762
1741 1789 -0.20785
1742 1743 0.38458
1742 1790 -0.10177
1743 1744 0.60876
1743 1791 0.89339
1744 1745 -1.1918
1744 1792 1.75119
1745 1746 0.0989
1745 1793 -0.29856
1746 1747 -2.09719
1746 1794 0.4818
1747 1748 0.14121
1747 1795 0.46124
1748 1749 0.37894
1748 1796 -1.52292
1749 1750 1.59703
1749 1797 0.21739
1750 1751 -0.74045
1750 1798 -1.35658
1751 1752 -1.17822
1751 1799 1.82752
1752 1753 -0.52069
1752 1800 -0.80777
1753 1754 0.54184
1753 1801 -0.23919
1754 1755 0.35459
1754 1802 0.23336
1755 1756 0.36282
1755 1803 -0.45749
1756 1757 1.43664
1756 1804 1.05543
1757 1758 0.21023
1757 1805 0.00332
1758 1759 -1.02269
1758 1806 0.49335
1759 1760 0.834
1759 1807 -0.5612
1760 1761 0.22313
1760 1808 -0.06648
1761 1762 -0.02561
1761 1809 -2.74645
1762 1763 1.51603
1762 1810 -1.45204
1763 1764 0.08201
1763 1811 -0.8671
1764 1765 -0.23247
1764 1812 0.37224
1765 1766 0.44728
1765 1813 -0.74156
1766 1767 -0.21999
1766 1814 -0.35445
1767 1768 2.28842
1767 1815 0.71193
1768 1769 0.13491
1768 1816 -0.10104
1769 1770 -0.4555
1769 1817 0.00867
1770 1771 0.31052
1770 1818 -1.09908
1771 1772 -2.15245
1771 1819 -2.25252
1772 1773 1.269
1772 1820 -0.25089
1773 1774 0.41869
1773 1821 -2.0538
1774 1775 -0.60205
1774 1822 1.43656
1775 1823 -0.50442
1776 1777 0.54839
1776 1823 -1.65312
1776 1824 0.59875
1777 1778 -0.12601
1777 1825 -0.75235
1778 1779 0.91095
1778 1826 0.20449
1779 1780 -0.09399
1779 1827 0.35035
1780 1781 1.35378
1780 1828 1.39086
1781 1782 -0.76206
1781 1829 -0.07169
1782 1783 -0.3081
1782 1830 -0.68777
1783 1784 -0.32702
1783 1831 -0.9759
1784 1785 -1.35824
1784 1832 -0.24776
1785 1786 -0.35543
1785 1833 -0.11637
1786 1787 1.31707
1786 1834 -0.23003
1787 1788 0.61635
1787 1835 -0.69161
1788 1789 1.02458
1788 1836 0.47247
1789 1790 -0.24118
1789 1837 0.17756
1790 1791 0.69786
1790 1838 -0.03494
1791 1792 -1.01442
1791 1839 0.40997
1792 1793 0.07796
1792 1840 0.68844
1793 1794 -0.51948
1793 1841 0.67361
1794 1795 1.28522
1794 1842 0.73853
1795 1796 -0.50582
1795 1843 -0.04339
1796 1797 -2.05601
1796 1844 0.00319
1797 1798 -0.10363
1797 1845 -1.03966
1798 1799 -0.84686
1798 1846 -0.49779
1799 1800 -0.35719
1799 1847 -0.04405
1800 1801 0.25198
1800 1848 -1.51454
1801 1802 -0.45191
1801 1849 -0.91045
1802 1803 0.94082
1802 1850 -1.626
1803 1804 -0.60967
1803 1851 -1.61429
1804 1805 -0.07111
1804 1852 -0.25922
1805 1806 -0.1184
1805 1853 0.03963
1806 1807 -0.00661
1806 1854 2.39894
1807 1808 -0.63183
1807 1855 0.69992
1808 1809 0.60447
1808 1856 -1.30295
1809 1810 -1.26106
1809 1857 -0.08582
1810 1811 -0.31374
1810 1858 -0.31267
1811 1812 -0.62888
1811 1859 -0.41716
1812 1813 -0.97932
1812 1860 0.72759
1813 1814 -0.35057
1813 1861 0.24725
1814 1815 -2.18207
1814 1862 0.12525
1815 1816 -2.31481
1815 1863 -1.20117
1816 1817 -0.79251
1816 1864 1.06449
1817 1818 0.05194
1817 1865 -0.49632
1818 1819 0.71862
1818 1866 1.06101
1819 1820 0.61845
1819 1867 0.33668
1820 1821 -0.96772
1820 1868 -1.09172
1821 1822 1.91214
1821 1869 1.01621
1822 1823 0.26266
1822 1870 2.40413
1823 1871 0.95103
1824 1825 2.29251
1824 1871 -0.50716
1824 1872 -0.05229
1825 1826 -0.76671
1825 1873 -0.74593
1826 1827 0.88543
1826 1874 -0.82861
1827 1828 -0.11608
1827 1875 0.77561
1828 1829 0.81295
1828 1876 -0.29455
1829 1830 1.13896
1829 1877 0.20634
1830 1831 1.37012
1830 1878 -0.5052
1831 1832 0.02387
1831 1879 -0.81398
1832 1833 0.71109
1832 1880 -0.49108
1833 1834 -0.36547
1833 1881 -2.02025
1834 1835 1.28859
1834 1882 -2.33734
1835 1836 -0.12098
1835 1883 -1.71222
1836 1837 0.67491
1836 1884 -1.36338
1837 1838 -0.31785
1837 1885 0.5996
1838 1839 0.66718
1838 1886 0.75782
1839 1840 2.46392
1839 1887 -1.44997
1840 1841 -0.47518
1840 1888 0.67333
1841 1842 -1.9364
1841 1889 -0.36142
1842 1843 -0.79882
1842 1890 0.9506
1843 1844 -0.5693
1843 1891 -2.25013
1844 1845 -0.4975
1844 1892 -0.35765
1845 1846 0.28349
1845 1893 -1.08956
1846 1847 0.20547
1846 1894 1.12727
1847 1848 1.20151
1847 1895 -0.28006
1848 1849 0.23665
1848 1896 0.40683
1849 1850 1.23991
1849 1897 -0.06016
1850 1851 0.31018
1850 1898 0.8225
1851 1852 0.76052
1851 1899 -1.1177
1852 1853 -1.30066
1852 1900 0.67218
1853 1854 -0.5117
1853 1901 0.48431
1854 1855 0.17936
1854 1902 0.28224
1855 1856 -1.06949
1855 1903 0.58685
1856 1857 0.0903
1856 1904 0.29174
1857 1858 -0.49199
1857 1905 2.51946
1858 1859 -0.86799
1858 1906 -0.5501
1859 1860 -1.14217
1859 1907 0.00985
1860 1861 -0.13852
1860 1908 -1.02499
1861 1862 -1.83278
1861 1909 0.65084
1862 1863 -0.89109
1862 1910 2.42282
1863 1864 -0.57128
1863 1911 0.02718
1864 1865 -1.4004
1864 1912 -0.01671
1865 1866 1.68324
1865 1913 0.05696
1866 1867 0.24381
1866 1914 -0.42538
1867 1868 0.72038
1867 1915 0.26882
1868 1869 0.41076
1868 1916 -0.34445
1869 1870 1.06431
1869 1917 0.06545
1870 1871 -1.07961
1870 1918 0.2239
1871 1919 0.3235
1872 1873 -0.07277
1872 1919 0.76399
1872 1920 2.71506
1873 1874 0.5742
1873 1921 -1.34829
1874 1875 -0.15068
1874 1922 0.28518
1875 1876 -1.12749
1875 1923 -0.4304
1876 1877 -2.06107
1876 1924 -0.48365
1877 1878 -1.5259
1877 1925 -1.13503
1878 1879 -0.62913
1878 1926 0.37429
1879 1880 -1.0219
1879 1927 0.6757
1880 1881 0.91236
1880 1928 0.23895
1881 1882 0.85949
1881 1929 1.52039
1882 1883 -1.04739
1882 1930 -0.9911
1883 1884 0.50484
1883 1931 -0.0558
1884 1885 -0.78106
1884 1932 -1.4584
1885 1886 0.87579
1885 1933 -0.56535
1886 1887 0.35675
1886 1934 1.31927
1887 1888 -0.65546
1887 1935 -1.54421
1888 1889 0.69489
1888 1936 -0.86262
1889 1890 -0.08512
1889 1937 -0.90507
1890 1891 0.65762
1890 1938 -0.06956
1891 1892 0.66229
1891 1939 1.49958
1892 1893 0.36436
1892 1940 0.57199
1893 1894 -1.10389
1893 1941 -0.36452
1894 1895 1.20873
1894 1942 -1.40556
1895 1896 0.16526
1895 1943 0.39281
1896 1897 2.37929
1896 1944 -0.07011
1897 1898 0.28982
1897 1945 0.91834
1898 1899 -0.58852
1898 1946 -0.04299
1899 1900 0.9142
1899 1947 1.18042
1900 1901 -1.15916
1900 1948 0.14399
1901 1902 0.7881
1901 1949 0.55036
1902 1903 0.55487
1902 1950 0.29021
1903 1904 1.72329
1903 1951 -0.3262
1904 1905 0.19274
1904 1952 0.95092
1905 1906 1.23196
1905 1953 0.5406
1906 1907 0.10913
1906 1954 1.29191
1907 1908 -0.44391
1907 1955 1.101
1908 1909 0.60615
1908 1956 -0.81157
1909 1910 0.50193
1909 1957 -0.75762
1910 1911 0.68552
1910 1958 -0.36844
1911 1912 -0.49032
1911 1959 -0.15986
1912 1913 -1.01704
1912 1960 -0.02062
1913 1914 -1.32377
1913 1961 0.00057
1914 1915 0.69134
1914 1962 0.67435
1915 1916 0.9281
1915 1963 -0.22863
1916 1917 1.1344
1916 1964 0.74195
1917 1918 0.7063
1917 1965 -0.00908
1918 1919 0.11129
1918 1966 -0.24719
1919 1967 0.48965
1920 1921 1.17655
1920 1967 -1.01333
1920 1968 1.3829
1921 1922 -0.5248
1921 1969 0.10968
1922 1923 -0.32426
1922 1970 -1.93481
1923 1924 1.51559
1923 1971 0.26834
1924 1925 1.55688
1924 1972 1.11346
1925 1926 -0.08127
1925 1973 -2.75222
1926 1927 -0.1376
1926 1974 0.28893
1927 1928 0.75167
1927 1975 -1.03156
1928 1929 0.66069
1928 1976 0.44151
1929 1930 1.80852
1929 1977 -1.69878
1930 1931 0.41315
1930 1978 -0.24612
1931 1932 1.21824
1931 1979 0.58717
1932 1933 -0.0734
1932 1980 0.79086
1933 1934 -1.08531
1933 1981 0.94564
1934 1935 -0.0539
1934 1982 -0.51787
1935 1936 -1.46239
1935 1983 -0.46778
1936 1937 1.89568
1936 1984 0.38317
1937 1938 -1.11508
1937 1985 0.10253
1938 1939 0.78878
1938 1986 1.391
1939 1940 -1.09126
1939 1987 0.48013
1940 1941 -0.14147
1940 1988 -1.336
1941 1942 -1.80199
1941 1989 -1.58957
1942 1943 0.24161
1942 1990 -1.6393
1943 1944 -0.85704
1943 1991 0.69455
1944 1945 1.16721
1944 1992 0.92699
1945 1946 1.19587
1945 1993 0.75485
1946 1947 1.05147
1946 1994 -0.60287
1947 1948 1.55471
1947 1995 -0.70081
1948 1949 0.38811
1948 1996 -0.4105
1949 1950 -0.67087
1949 1997 0.43531
1950 1951 0.86839
1950 1998 1.38114
1951 1952 0.1646
1951 1999 0.92748
1952 1953 -0.89478
1952 2000 -0.65273
1953 1954 2.0436
1953 2001 0.6106
1954 1955 -0.43936
1954 2002 -0.41724
1955 1956 0.54987
1955 2003 0.33296
1956 1957 -0.29041
1956 2004 -1.19451
1957 1958 -0.80705
1957 2005 -2.62913
1958 1959 -0.83381
1958 2006 -2.20923
1959 1960 -0.09126
1959 2007 -1.02725
1960 1961 -0.06995
1960 2008 -0.35413
1961 1962 -0.13259
1961 2009 0.37
1962 1963 1.40428
1962 2010 0.46127
1963 1964 0.27605
1963 2011 -0.31514
1964 1965 -1.25901
1964 2012 -1.47693
1965 1966 -0.30789
1965 2013 0.93747
1966 1967 1.73158
1966 2014 -0.52976
1967 2015 0.76019
1968 1969 2.78235
1968 2015 -0.68496
1968 2016 1.23524
1969 1970 0.60458
1969 2017 -0.73561
1970 1971 0.85981
1970 2018 -1.48834
1971 1972 1.03469
1971 2019 -1.59089
1972 1973 -2.75475
1972 2020 -0.77553
1973 1974 -0.87336
1973 2021 0.08254
1974 1975 0.71105
1974 2022 -0.68024
1975 1976 1.42134
1975 2023 0.95411
1976 1977 0.30802
1976 2024 -0.32804
1977 1978 -1.3112
1977 2025 -0.39043
1978 1979 0.29322
1978 2026 0.2745
1979 1980 -0.08611
1979 2027 2.18115
1980 1981 -0.09436
1980 2028 0.48349
1981 1982 2.60848
1981 2029 -1.51013
1982 1983 0.39523
1982 2030 0.46582
1983 1984 0.30789
1983 2031 1.65712
1984 1985 1.69637
1984 2032 0.44115
1985 1986 -1.45864
1985 2033 0.98289
1986 1987 0.03899
1986 2034 0.43127
1987 1988 1.88551
1987 2035 -0.07751
1988 1989 -0.28652
1988 2036 0.31038
1989 1990 0.39793
1989 2037 0.33008
1990 1991 2.11357
1990 2038 -0.63527
1991 1992 -0.27646
1991 2039 0.57048
1992 1993 1.91377
1992 2040 1.20987
1993 1994 -0.87293
1993 2041 -0.36161
1994 1995 0.92481
1994 2042 -0.75789
1995 1996 0.15942
1995 2043 0.90016
1996 1997 -1.03325
1996 2044 0.25635
1997 1998 0.85127
1997 2045 0.72327
1998 1999 0.36853
1998 2046 0.82741
1999 2000 0.03551
1999 2047 1.20354
2000 2001 -1.28806
2000 2048 1.28487
2001 2002 -1.62672
2001 2049 -2.97002
2002 2003 -0.55728
2002 2050 0.62069
2003 2004 -0.40377
2003 2051 0.4555
2004 2005 1.20216
2004 2052 1.4009
2005 2006 -0.62776
2005 2053 0.22557
2006 2007 0.57478
2006 2054 -0.50785
2007 2008 0.40247
2007 2055 -0.4565
2008 2009 1.89737
2008 2056 -1.583
2009 2010 1.39619
2009 2057 1.29415
2010 2011 -0.11671
2010 2058 -1.25659
2011 2012 0.71061
2011 2059 -1.01642
2012 2013 -1.699
2012 2060 -0.09528
2013 2014 0.00276
2013 2061 -0.82032
2014 2015 -0.74895
2014 2062 -0.10784
2015 2063 -1.31522
2016 2017 1.14336
2016 2063 1.7742
2016 2064 1.20555
2017 2018 1.7523
2017 2065 1.56039
2018 2019 0.37008
2018 2066 -0.92748
2019 2020 -0.66198
2019 2067 -1.11036
2020 2021 2.75103
2020 2068 -0.45101
2021 2022 -0.86437
2021 2069 0.55179
2022 2023 -1.26341
2022 2070 0.36232
2023 2024 -0.26807
2023 2071 0.83947
2024 2025 0.27511
2024 2072 0.04512
2025 2026 -1.7114
2025 2073 1.82654
2026 2027 0.14192
2026 2074 0.7032
2027 2028 -0.51679
2027 2075 0.39181
2028 2029 0.39299
2028 2076 1.39625
2029 2030 -1.5265
2029 2077 -0.2329
2030 2031 0.53414
2030 2078 -0.01797
2031 2032 -0.95436
2031 2079 1.07872
2032 2033 -1.57838
2032 2080 -0.02298
2033 2034 -0.48501
2033 2081 -0.04323
2034 2035 0.60357
2034 2082 -2.12104
2035 2036 0.60685
2035 2083 -1.06344
2036 2037 -0.51424
2036 2084 -0.79511
2037 2038 0.96006
2037 2085 -0.49776
2038 2039 -0.97634
2038 2086 1.40157
2039 2040 -0.96698
2039 2087 -0.0634
2040 2041 0.53399
2040 2088 0.29454
2041 2042 -1.43202
2041 2089 1.75492
2042 2043 -0.14154
2042 2090 -0.6518
2043 2044 -0.15886
2043 2091 0.16374
2044 2045 0.34545
2044 2092 0.00032
2045 2046 0.06891
2045 2093 0.43238
2046 2047 1.21039
2046 2094 -0.59755
2047 2048 -0.19517
2047 2095 -0.80769
2048 2049 -1.35283
2048 2096 -0.8821
2049 2050 1.72689
2049 2097 -0.39241
2050 2051 1.94171
2050 2098 -1.45692
2051 2052 -0.69993
2051 2099 -0.31128
2052 2053 -1.07911
2052 2100 -0.48831
2053 2054 -0.965
2053 2101 1.6609
2054 2055 0.1394
2054 2102 0.04695
2055 2056 -0.54763
2055 2103 0.17044
2056 2057 0.57024
2056 2104 0.08626
2057 2058 -0.21255
2057 2105 -0.79279
2058 2059 -0.58518
2058 2106 0.05214
2059 2060 -0.09278
2059 2107 -0.08128
2060 2061 -1.24972
2060 2108 0.13293
2061 2062 -0.99353
2061 2109 -1.06322
2062 2063 1.17903
2062 2110 0.00159
2063 2111 1.24617
2064 2065 0.23125
2064 2111 -0.74317
2064 2112 0.56886
2065 2066 -0.13029
2065 2113 0.23672
2066 2067 0.24524
2066 2114 -0.23596
2067 2068 -0.14395
2067 2115 0.97534
2068 2069 0.16917
2068 2116 0.20963
2069 2070 0.42732
2069 2117 0.40411
2070 2071 -1.73986
2070 2118 0.47197
2071 2072 0.29462
2071 2119 -0.53383
2072 2073 0.06535
2072 2120 0.20267
2073 2074 0.37079
2073 2121 0.80735
2074 2075 0.01641
2074 2122 3.00662
2075 2076 -0.36858
2075 2123 0.03237
2076 2077 1.6049
2076 2124 -0.65279
2077 2078 -0.51189
2077 2125 -1.79235
2078 2079 -0.73298
2078 2126 1.51428
2079 2080 0.08504
2079 2127 0.34583
2080 2081 0.91037
2080 2128 0.7554
2081 2082 -0.43217
2081 2129 0.6578
2082 2083 -0.69076
2082 2130 -0.20019
2083 2084 1.88499
2083 2131 1.92673
2084 2085 0.80936
2084 2132 1.36667
2085 2086 -0.75882
2085 2133 0.05669
2086 2087 0.5123
2086 2134 -0.39494
2087 2088 0.91907
2087 2135 -0.48387
2088 2089 -1.40227
2088 2136 0.69463
2089 2090 0.1122
2089 2137 1.63315
2090 2091 -0.06079
2090 2138 1.6598
2091 2092 0.67092
2091 2139 2.28882
2092 2093 -1.45426
2092 2140 0.91966
2093 2094 0.24846
2093 2141 -0.2269
2094 2095 1.80881
2094 2142 1.1692
2095 2096 -0.68032
2095 2143 0.49274
2096 2097 0.90263
2096 2144 0.82528
2097 2098 -1.10347
2097 2145 -1.16827
2098 2099 1.23621
2098 2146 1.90252
2099 2100 -0.35923
2099 2147 0.46315
2100 2101 0.05125
2100 2148 0.96113
2101 2102 0.253
2101 2149 -1.38996
2102 2103 -1.23494
2102 2150 -1.21849
2103 2104 -0.5737
2103 2151 -0.07222
2104 2105 0.21619
2104 2152 0.19503
2105 2106 0.61682
2105 2153 0.07687
2106 2107 0.03247
2106 2154 -1.61535
2107 2108 0.6117
2107 2155 -2.16895
2108 2109 -0.19148
2108 2156 1.40937
2109 2110 -0.71052
2109 2157 -0.56922
2110 2111 0.76648
2110 2158 0.98302
2111 2159 -1.52538
2112 2113 0.42875
2112 2159 -0.24216
2112 2160 1.12172
2113 2114 0.6977
2113 2161 -0.61375
2114 2115 -0.2314
2114 2162 -0.60631
2115 2116 -0.57616
2115 2163 0.36945
2116 2117 0.36425
2116 2164 -0.57015
2117 2118 -1.21141
2117 2165 0.74965
2118 2119 0.57109
2118 2166 0.39986
2119 2120 0.75723
2119 2167 0.71025
2120 2121 -0.40123
2120 2168 0.09158
2121 2122 -0.28668
2121 2169 0.52411
2122 2123 1.57932
2122 2170 -0.676
2123 2124 0.9038
2123 2171 0.69872
2124 2125 -0.87444
2124 2172 0.25808
2125 2126 1.07131
2125 2173 0.38786
2126 2127 0.03085
2126 2174 1.32465
2127 2128 -0.2237
2127 2175 -1.74986
2128 2129 2.2393
2128 2176 -1.2823
2129 2130 -1.27449
2129 2177 1.46003
2130 2131 -0.22492
2130 2178 -1.79587
2131 2132 0.00686
2131 2179 -0.77838
2132 2133 0.31802
2132 2180 -1.03307
2133 2134 -1.18652
2133 2181 -0.34801
2134 2135 -0.35178
2134 2182 1.02282
2135 2136 0.62489
2135 2183 0.74246
2136 2137 1.21281
2136 2184 -0.31267
2137 2138 1.11758
2137 2185 -0.24284
2138 2139 0.70085
2138 2186 0.39236
2139 2140 0.25156
2139 2187 0.62922
2140 2141 0.84417
2140 2188 -1.28386
2141 2142 0.10349
2141 2189 0.74697
2142 2143 0.9488
2142 2190 0.39786
2143 2144 0.81145
2143 2191 0.25102
2144 2145 -0.08033
2144 2192 -0.89832
2145 2146 -0.55245
2145 2193 -1.22815
2146 2147 0.59138
2146 2194 0.38373
2147 2148 1.3344
2147 2195 0.06442
2148 2149 0.0572
2148 2196 -0.05263
2149 2150 0.91346
2149 2197 0.10366
2150 2151 -1.36525
2150 2198 -0.29694
2151 2152 -0.97574
2151 2199 -0.42001
2152 2153 -1.52909
2152 2200 1.25616
2153 2154 2.32798
2153 2201 -0.40172
2154 2155 0.81973
2154 2202 -0.0649
2155 2156 0.47346
2155 2203 -1.173
2156 2157 -0.20606
2156 2204 0.79909
2157 2158 1.31027
2157 2205 -0.42932
2158 2159 -0.66066
2158 2206 0.47456
2159 2207 -1.21663
2160 2161 -0.98905
2160 2207 0.86868
2160 2208 0.13473
2161 2162 0.36153
2161 2209 0.14096
2162 2163 -0.03905
2162 2210 -1.4204
2163 2164 0.98948
2163 2211 0.89109
2164 2165 0.38795
2164 2212 -0.52602
2165 2166 0.35626
2165 2213 0.16314
2166 2167 -1.95041
2166 2214 -0.31818
2167 2168 0.47139
2167 2215 -0.15254
2168 2169 0.44848
2168 2216 2.97285
2169 2170 0.38349
2169 2217 -0.96945
2170 2171 0.92873
2170 2218 -1.00625
2171 2172 -0.0183
2171 2219 1.24343
2172 2173 0.37558
2172 2220 -0.62871
2173 2174 0.16949
2173 2221 -0.17564
2174 2175 0.37278
2174 2222 0.62904
2175 2176 1.34851
2175 2223 -0.76102
2176 2177 -1.74097
2176 2224 -0.93513
2177 2178 -0.53169
2177 2225 0.36163
2178 2179 0.12435
2178 2226 0.99189
2179 2180 0.14529
2179 2227 0.84265
2180 2181 -1.4389
2180 2228 0.04348
2181 2182 0.83664
2181 2229 0.50544
2182 2183 0.85455
2182 2230 -0.41713
2183 2184 0.08453
2183 2231 -0.34613
2184 2185 0.62419
2184 2232 1.49623
2185 2186 0.72565
2185 2233 -1.20935
2186 2187 -0.41884
2186 2234 0.8091
2187 2188 -0.10984
2187 2235 -0.19556
2188 2189 1.94254
2188 2236 0.01116
2189 2190 -0.32741
2189 2237 0.67929
2190 2191 -0.31716
2190 2238 -0.96355
2191 2192 0.47155
2191 2239 0.83548
2192 2193 -1.92702
2192 2240 2.00816
2193 2194 -0.75426
2193 2241 1.33151
2194 2195 1.35281
2194 2242 1.06303
2195 2196 0.83714
2195 2243 -0.13234
2196 2197 -1.51945
2196 2244 -0.81301
2197 2198 -1.02546
2197 2245 -1.66198
2198 2199 -0.3427
2198 2246 0.9678
2199 2200 -1.10069
2199 2247 -0.96513
2200 2201 0.2099
2200 2248 -0.73515
2201 2202 0.29289
2201 2249 -1.00333
2202 2203 -0.91751
2202 2250 1.81516
2203 2204 -0.55896
2203 2251 0.32483
2204 2205 1.01141
2204 2252 -1.18519
2205 2206 0.65114
2205 2253 -0.17167
2206 2207 0.17235
2206 2254 0.102
2207 2255 0.81676
2208 2209 0.7327
2208 2255 -1.29402
2208 2256 -0.71927
2209 2210 0.32478
2209 2257 -0.10627
2210 2211 0.8692
2210 2258 0.07838
2211 2212 0.7052
2211 2259 -0.09094
2212 2213 -1.30492
2212 2260 1.74667
2213 2214 -0.19482
2213 2261 1.22638
2214 2215 0.44781
2214 2262 0.5047
2215 2216 -2.24623
2215 2263 0.92226
2216 2217 0.1322
2216 2264 0.32868
2217 2218 1.25059
2217 2265 -0.50525
2218 2219 -0.21763
2218 2266 2.51668
2219 2220 -0.481
2219 2267 -1.21074
2220 2221 0.14542
2220 2268 -0.83721
2221 2222 0.02947
2221 2269 0.68955
2222 2223 1.08234
2222 2270 0.15036
2223 2224 1.99087
2223 2271 -0.59211
2224 2225 0.30562
2224 2272 0.97007
2225 2226 0.02711
2225 2273 0.01433
2226 2227 2.26066
2226 2274 0.62827
2227 2228 -0.86191
2227 2275 -0.6191
2228 2229 0.57411
2228 2276 -0.26717
2229 2230 1.01203
2229 2277 -2.80515
2230 2231 0.06051
2230 2278 -0.81811
2231 2232 -1.80936
2231 2279 0.77954
2232 2233 -0.28807
2232 2280 -1.48093
2233 2234 -1.30069
2233 2281 -1.58336
2234 2235 -0.79825
2234 2282 -0.1808
2235 2236 -0.75055
2235 2283 -0.23157
2236 2237 -0.22668
2236 2284 -0.41124
2237 2238 -0.4936
2237 2285 1.56831
2238 2239 -1.45181
2238 2286 -0.23542
2239 2240 -0.62408
2239 2287 0.72159
2240 2241 -0.49844
2240 2288 0.12973
2241 2242 -0.42079
2241 2289 0.16034
2242 2243 0.54746
2242 2290 0.36383
2243 2244 0.57346
2243 2291 -0.6597
2244 2245 0.08293
2244 2292 0.10933
2245 2246 -0.29625
2245 2293 0.64588
2246 2247 1.68168
2246 2294 0.15006
2247 2248 1.14793
2247 2295 0.4126
2248 2249 1.05532
2248 2296 0.0361
2249 2250 -0.21965
2249 2297 -1.16224
2250 2251 0.54785
2250 2298 0.8873
2251 2252 -1.37388
2251 2299 -0.11303
2252 2253 -0.7065
2252 2300 1.03352
2253 2254 -0.02653
2253 2301 -2.3205
2254 2255 0.94861
2254 2302 0.15874
2255 2303 -0.97526
2256 2257 0.59847
2256 2303 0.17902
2257 2258 -1.38623
2258 2259 -0.47545
2259 2260 0.33111
2260 2261 0.71969
2261 2262 0.10038
2262 2263 0.05847
2263 2264 -0.47089
2264 2265 0.67692
2265 2266 0.17937
2266 2267 0.50967
2267 2268 -0.42953
2268 2269 0.0586
2269 2270 0.7119
2270 2271 -0.9421
2271 2272 -0.88944
2272 2273 -0.71508
2273 2274 1.95936
2274 2275 -0.49969
2275 2276 0.01796
2276 2277 -0.04345
2277 2278 0.43203
2278 2279 0.02999
2279 2280 -0.92852
2280 2281 -0.33768
2281 2282 -0.00987
2282 2283 -0.88618
2283 2284 -1.13545
2284 2285 0.54305
2285 2286 0.58503
2286 2287 -0.98295
2287 2288 -1.40789
2288 2289 2.3207
2289 2290 1.75462
2290 2291 -0.04651
2291 2292 -0.5316
2292 2293 -0.33804
2293 2294 0.02025
2294 2295 1.64613
2295 2296 0.55439
2296 2297 -0.06231
2297 2298 0.66665
2298 2299 0.07053
2299 2300 1.11271
2300 2301 -0.45517
2301 2302 0.68056
2302 2303 1.25214
