# model=ea2d N=2304 meanJ=0 seed=1896523080 distribution=gaussian field=0 num_fields=2304 num_couplings=4608
0 0
1 0
2 0
3 0
4 0
5 0
6 0
7 0
8 0
9 0
10 0
11 0
12 0
13 0
14 0
15 0
16 0
17 0
18 0
19 0
20 0
21 0
22 0
23 0
24 0
25 0
26 0
27 0
28 0
29 0
30 0
31 0
32 0
33 0
34 0
35 0
36 0
37 0
38 0
39 0
40 0
41 0
42 0
43 0
44 0
45 0
46 0
47 0
48 0
49 0
50 0
51 0
52 0
53 0
54 0
55 0
56 0
57 0
58 0
59 0
60 0
61 0
62 0
63 0
64 0
65 0
66 0
67 0
68 0
69 0
70 0
71 0
72 0
73 0
74 0
75 0
76 0
77 0
78 0
79 0
80 0
81 0
82 0
83 0
84 0
85 0
86 0
87 0
88 0
89 0
90 0
91 0
92 0
93 0
94 0
95 0
96 0
97 0
98 0
99 0
100 0
101 0
102 0
103 0
104 0
105 0
106 0
107 0
108 0
109 0
110 0
111 0
112 0
113 0
114 0
115 0
116 0
117 0
118 0
119 0
120 0
121 0
122 0
123 0
124 0
125 0
126 0
127 0
128 0
129 0
130 0
131 0
132 0
133 0
134 0
135 0
136 0
137 0
138 0
139 0
140 0
141 0
142 0
143 0
144 0
145 0
146 0
147 0
148 0
149 0
150 0
151 0
152 0
153 0
154 0
155 0
156 0
157 0
158 0
159 0
160 0
161 0
162 0
163 0
164 0
165 0
166 0
167 0
168 0
169 0
170 0
171 0
172 0
173 0
174 0
175 0
176 0
177 0
178 0
179 0
180 0
181 0
182 0
183 0
184 0
185 0
186 0
187 0
188 0
189 0
190 0
191 0
192 0
193 0
194 0
195 0
196 0
197 0
198 0
199 0
200 0
201 0
202 0
203 0
204 0
205 0
206 0
207 0
208 0
209 0
210 0
211 0
212 0
213 0
214 0
215 0
216 0
217 0
218 0
219 0
220 0
221 0
222 0
223 0
224 0
225 0
226 0
227 0
228 0
229 0
230 0
231 0
232 0
233 0
234 0
235 0
236 0
237 0
238 0
239 0
240 0
241 0
242 0
243 0
244 0
245 0
246 0
247 0
248 0
249 0
250 0
251 0
252 0
253 0
254 0
255 0
256 0
257 0
258 0
259 0
260 0
261 0
262 0
263 0
264 0
265 0
266 0
267 0
268 0
269 0
270 0
271 0
272 0
273 0
274 0
275 0
276 0
277 0
278 0
279 0
280 0
281 0
282 0
283 0
284 0
285 0
286 0
287 0
288 0
289 0
290 0
291 0
292 0
293 0
294 0
295 0
296 0
297 0
298 0
299 0
300 0
301 0
302 0
303 0
304 0
305 0
306 0
307 0
308 0
309 0
310 0
311 0
312 0
313 0
314 0
315 0
316 0
317 0
318 0
319 0
320 0
321 0
322 0
323 0
324 0
325 0
326 0
327 0
328 0
329 0
330 0
331 0
332 0
333 0
334 0
335 0
336 0
337 0
338 0
339 0
340 0
341 0
342 0
343 0
344 0
345 0
346 0
347 0
348 0
349 0
350 0
351 0
352 0
353 0
354 0
355 0
356 0
357 0
358 0
359 0
360 0
361 0
362 0
363 0
364 0
365 0
366 0
367 0
368 0
369 0
370 0
371 0
372 0
373 0
374 0
375 0
376 0
377 0
378 0
379 0
380 0
381 0
382 0
383 0
384 0
385 0
386 0
387 0
388 0
389 0
390 0
391 0
392 0
393 0
394 0
395 0
396 0
397 0
398 0
399 0
400 0
401 0
402 0
403 0
404 0
405 0
406 0
407 0
408 0
409 0
410 0
411 0
412 0
413 0
414 0
415 0
416 0
417 0
418 0
419 0
420 0
421 0
422 0
423 0
424 0
425 0
426 0
427 0
428 0
429 0
430 0
431 0
432 0
433 0
434 0
435 0
436 0
437 0
438 0
439 0
440 0
441 0
442 0
443 0
444 0
445 0
446 0
447 0
448 0
449 0
450 0
451 0
452 0
453 0
454 0
455 0
456 0
457 0
458 0
459 0
460 0
461 0
462 0
463 0
464 0
465 0
466 0
467 0
468 0
469 0
470 0
471 0
472 0
473 0
474 0
475 0
476 0
477 0
478 0
479 0
480 0
481 0
482 0
483 0
484 0
485 0
486 0
487 0
488 0
489 0
490 0
491 0
492 0
493 0
494 0
495 0
496 0
497 0
498 0
499 0
500 0
501 0
502 0
503 0
504 0
505 0
506 0
507 0
508 0
509 0
510 0
511 0
512 0
513 0
514 0
515 0
516 0
517 0
518 0
519 0
520 0
521 0
522 0
523 0
524 0
525 0
526 0
527 0
528 0
529 0
530 0
531 0
532 0
533 0
534 0
535 0
536 0
537 0
538 0
539 0
540 0
541 0
542 0
543 0
544 0
545 0
546 0
547 0
548 0
549 0
550 0
551 0
552 0
553 0
554 0
555 0
556 0
557 0
558 0
559 0
560 0
561 0
562 0
563 0
564 0
565 0
566 0
567 0
568 0
569 0
570 0
571 0
572 0
573 0
574 0
575 0
576 0
577 0
578 0
579 0
580 0
581 0
582 0
583 0
584 0
585 0
586 0
587 0
588 0
589 0
590 0
591 0
592 0
593 0
594 0
595 0
596 0
597 0
598 0
599 0
600 0
601 0
602 0
603 0
604 0
605 0
606 0
607 0
608 0
609 0
610 0
611 0
612 0
613 0
614 0
615 0
616 0
617 0
618 0
619 0
620 0
621 0
622 0
623 0
624 0
625 0
626 0
627 0
628 0
629 0
630 0
631 0
632 0
633 0
634 0
635 0
636 0
637 0
638 0
639 0
640 0
641 0
642 0
643 0
644 0
645 0
646 0
647 0
648 0
649 0
650 0
651 0
652 0
653 0
654 0
655 0
656 0
657 0
658 0
659 0
660 0
661 0
662 0
663 0
664 0
665 0
666 0
667 0
668 0
669 0
670 0
671 0
672 0
673 0
674 0
675 0
676 0
677 0
678 0
679 0
680 0
681 0
682 0
683 0
684 0
685 0
686 0
687 0
688 0
689 0
690 0
691 0
692 0
693 0
694 0
695 0
696 0
697 0
698 0
699 0
700 0
701 0
702 0
703 0
704 0
705 0
706 0
707 0
708 0
709 0
710 0
711 0
712 0
713 0
714 0
715 0
716 0
717 0
718 0
719 0
720 0
721 0
722 0
723 0
724 0
725 0
726 0
727 0
728 0
729 0
730 0
731 0
732 0
733 0
734 0
735 0
736 0
737 0
738 0
739 0
740 0
741 0
742 0
743 0
744 0
745 0
746 0
747 0
748 0
749 0
750 0
751 0
752 0
753 0
754 0
755 0
756 0
757 0
758 0
759 0
760 0
761 0
762 0
763 0
764 0
765 0
766 0
767 0
768 0
769 0
770 0
771 0
772 0
773 0
774 0
775 0
776 0
777 0
778 0
779 0
780 0
781 0
782 0
783 0
784 0
785 0
786 0
787 0
788 0
789 0
790 0
791 0
792 0
793 0
794 0
795 0
796 0
797 0
798 0
799 0
800 0
801 0
802 0
803 0
804 0
805 0
806 0
807 0
808 0
809 0
810 0
811 0
812 0
813 0
814 0
815 0
816 0
817 0
818 0
819 0
820 0
821 0
822 0
823 0
824 0
825 0
826 0
827 0
828 0
829 0
830 0
831 0
832 0
833 0
834 0
835 0
836 0
837 0
838 0
839 0
840 0
841 0
842 0
843 0
844 0
845 0
846 0
847 0
848 0
849 0
850 0
851 0
852 0
853 0
854 0
855 0
856 0
857 0
858 0
859 0
860 0
861 0
862 0
863 0
864 0
865 0
866 0
867 0
868 0
869 0
870 0
871 0
872 0
873 0
874 0
875 0
876 0
877 0
878 0
879 0
880 0
881 0
882 0
883 0
884 0
885 0
886 0
887 0
888 0
889 0
890 0
891 0
892 0
893 0
894 0
895 0
896 0
897 0
898 0
899 0
900 0
901 0
902 0
903 0
904 0
905 0
906 0
907 0
908 0
909 0
910 0
911 0
912 0
913 0
914 0
915 0
916 0
917 0
918 0
919 0
920 0
921 0
922 0
923 0
924 0
925 0
926 0
927 0
928 0
929 0
930 0
931 0
932 0
933 0
934 0
935 0
936 0
937 0
938 0
939 0
940 0
941 0
942 0
943 0
944 0
945 0
946 0
947 0
948 0
949 0
950 0
951 0
952 0
953 0
954 0
955 0
956 0
957 0
958 0
959 0
960 0
961 0
962 0
963 0
964 0
965 0
966 0
967 0
968 0
969 0
970 0
971 0
972 0
973 0
974 0
975 0
976 0
977 0
978 0
979 0
980 0
981 0
982 0
983 0
984 0
985 0
986 0
987 0
988 0
989 0
990 0
991 0
992 0
993 0
994 0
995 0
996 0
997 0
998 0
999 0
1000 0
1001 0
1002 0
1003 0
1004 0
1005 0
1006 0
1007 0
1008 0
1009 0
1010 0
1011 0
1012 0
1013 0
1014 0
1015 0
1016 0
1017 0
1018 0
1019 0
1020 0
1021 0
1022 0
1023 0
1024 0
1025 0
1026 0
1027 0
1028 0
1029 0
1030 0
1031 0
1032 0
1033 0
1034 0
1035 0
1036 0
1037 0
1038 0
1039 0
1040 0
1041 0
1042 0
1043 0
1044 0
1045 0
1046 0
1047 0
1048 0
1049 0
1050 0
1051 0
1052 0
1053 0
1054 0
1055 0
1056 0
1057 0
1058 0
1059 0
1060 0
1061 0
1062 0
1063 0
1064 0
1065 0
1066 0
1067 0
1068 0
1069 0
1070 0
1071 0
1072 0
1073 0
1074 0
1075 0
1076 0
1077 0
1078 0
1079 0
1080 0
1081 0
1082 0
1083 0
1084 0
1085 0
1086 0
1087 0
1088 0
1089 0
1090 0
1091 0
1092 0
1093 0
1094 0
1095 0
1096 0
1097 0
1098 0
1099 0
1100 0
1101 0
1102 0
1103 0
1104 0
1105 0
1106 0
1107 0
1108 0
1109 0
1110 0
1111 0
1112 0
1113 0
1114 0
1115 0
1116 0
1117 0
1118 0
1119 0
1120 0
1121 0
1122 0
1123 0
1124 0
1125 0
1126 0
1127 0
1128 0
1129 0
1130 0
1131 0
1132 0
1133 0
1134 0
1135 0
1136 0
1137 0
1138 0
1139 0
1140 0
1141 0
1142 0
1143 0
1144 0
1145 0
1146 0
1147 0
1148 0
1149 0
1150 0
1151 0
1152 0
1153 0
1154 0
1155 0
1156 0
1157 0
1158 0
1159 0
1160 0
1161 0
1162 0
1163 0
1164 0
1165 0
1166 0
1167 0
1168 0
1169 0
1170 0
1171 0
1172 0
1173 0
1174 0
1175 0
1176 0
1177 0
1178 0
1179 0
1180 0
1181 0
1182 0
1183 0
1184 0
1185 0
1186 0
1187 0
1188 0
1189 0
1190 0
1191 0
1192 0
1193 0
1194 0
1195 0
1196 0
1197 0
1198 0
1199 0
1200 0
1201 0
1202 0
1203 0
1204 0
1205 0
1206 0
1207 0
1208 0
1209 0
1210 0
1211 0
1212 0
1213 0
1214 0
1215 0
1216 0
1217 0
1218 0
1219 0
1220 0
1221 0
1222 0
1223 0
1224 0
1225 0
1226 0
1227 0
1228 0
1229 0
1230 0
1231 0
1232 0
1233 0
1234 0
1235 0
1236 0
1237 0
1238 0
1239 0
1240 0
1241 0
1242 0
1243 0
1244 0
1245 0
1246 0
1247 0
1248 0
1249 0
1250 0
1251 0
1252 0
1253 0
1254 0
1255 0
1256 0
1257 0
1258 0
1259 0
1260 0
1261 0
1262 0
1263 0
1264 0
1265 0
1266 0
1267 0
1268 0
1269 0
1270 0
1271 0
1272 0
1273 0
1274 0
1275 0
1276 0
1277 0
1278 0
1279 0
1280 0
1281 0
1282 0
1283 0
1284 0
1285 0
1286 0
1287 0
1288 0
1289 0
1290 0
1291 0
1292 0
1293 0
1294 0
1295 0
1296 0
1297 0
1298 0
1299 0
1300 0
1301 0
1302 0
1303 0
1304 0
1305 0
1306 0
1307 0
1308 0
1309 0
1310 0
1311 0
1312 0
1313 0
1314 0
1315 0
1316 0
1317 0
1318 0
1319 0
1320 0
1321 0
1322 0
1323 0
1324 0
1325 0
1326 0
1327 0
1328 0
1329 0
1330 0
1331 0
1332 0
1333 0
1334 0
1335 0
1336 0
1337 0
1338 0
1339 0
1340 0
1341 0
1342 0
1343 0
1344 0
1345 0
1346 0
1347 0
1348 0
1349 0
1350 0
1351 0
1352 0
1353 0
1354 0
1355 0
1356 0
1357 0
1358 0
1359 0
1360 0
1361 0
1362 0
1363 0
1364 0
1365 0
1366 0
1367 0
1368 0
1369 0
1370 0
1371 0
1372 0
1373 0
1374 0
1375 0
1376 0
1377 0
1378 0
1379 0
1380 0
1381 0
1382 0
1383 0
1384 0
1385 0
1386 0
1387 0
1388 0
1389 0
1390 0
1391 0
1392 0
1393 0
1394 0
1395 0
1396 0
1397 0
1398 0
1399 0
1400 0
1401 0
1402 0
1403 0
1404 0
1405 0
1406 0
1407 0
1408 0
1409 0
1410 0
1411 0
1412 0
1413 0
1414 0
1415 0
1416 0
1417 0
1418 0
1419 0
1420 0
1421 0
1422 0
1423 0
1424 0
1425 0
1426 0
1427 0
1428 0
1429 0
1430 0
1431 0
1432 0
1433 0
1434 0
1435 0
1436 0
1437 0
1438 0
1439 0
1440 0
1441 0
1442 0
1443 0
1444 0
1445 0
1446 0
1447 0
1448 0
1449 0
1450 0
1451 0
1452 0
1453 0
1454 0
1455 0
1456 0
1457 0
1458 0
1459 0
1460 0
1461 0
1462 0
1463 0
1464 0
1465 0
1466 0
1467 0
1468 0
1469 0
1470 0
1471 0
1472 0
1473 0
1474 0
1475 0
1476 0
1477 0
1478 0
1479 0
1480 0
1481 0
1482 0
1483 0
1484 0
1485 0
1486 0
1487 0
1488 0
1489 0
1490 0
1491 0
1492 0
1493 0
1494 0
1495 0
1496 0
1497 0
1498 0
1499 0
1500 0
1501 0
1502 0
1503 0
1504 0
1505 0
1506 0
1507 0
1508 0
1509 0
1510 0
1511 0
1512 0
1513 0
1514 0
1515 0
1516 0
1517 0
1518 0
1519 0
1520 0
1521 0
1522 0
1523 0
1524 0
1525 0
1526 0
1527 0
1528 0
1529 0
1530 0
1531 0
1532 0
1533 0
1534 0
1535 0
1536 0
1537 0
1538 0
1539 0
1540 0
1541 0
1542 0
1543 0
1544 0
1545 0
1546 0
1547 0
1548 0
1549 0
1550 0
1551 0
1552 0
1553 0
1554 0
1555 0
1556 0
1557 0
1558 0
1559 0
1560 0
1561 0
1562 0
1563 0
1564 0
1565 0
1566 0
1567 0
1568 0
1569 0
1570 0
1571 0
1572 0
1573 0
1574 0
1575 0
1576 0
1577 0
1578 0
1579 0
1580 0
1581 0
1582 0
1583 0
1584 0
1585 0
1586 0
1587 0
1588 0
1589 0
1590 0
1591 0
1592 0
1593 0
1594 0
1595 0
1596 0
1597 0
1598 0
1599 0
1600 0
1601 0
1602 0
1603 0
1604 0
1605 0
1606 0
1607 0
1608 0
1609 0
1610 0
1611 0
1612 0
1613 0
1614 0
1615 0
1616 0
1617 0
1618 0
1619 0
1620 0
1621 0
1622 0
1623 0
1624 0
1625 0
1626 0
1627 0
1628 0
1629 0
1630 0
1631 0
1632 0
1633 0
1634 0
1635 0
1636 0
1637 0
1638 0
1639 0
1640 0
1641 0
1642 0
1643 0
1644 0
1645 0
1646 0
1647 0
1648 0
1649 0
1650 0
1651 0
1652 0
1653 0
1654 0
1655 0
1656 0
1657 0
1658 0
1659 0
1660 0
1661 0
1662 0
1663 0
1664 0
1665 0
1666 0
1667 0
1668 0
1669 0
1670 0
1671 0
1672 0
1673 0
1674 0
1675 0
1676 0
1677 0
1678 0
1679 0
1680 0
1681 0
1682 0
1683 0
1684 0
1685 0
1686 0
1687 0
1688 0
1689 0
1690 0
1691 0
1692 0
1693 0
1694 0
1695 0
1696 0
1697 0
1698 0
1699 0
1700 0
1701 0
1702 0
1703 0
1704 0
1705 0
1706 0
1707 0
1708 0
1709 0
1710 0
1711 0
1712 0
1713 0
1714 0
1715 0
1716 0
1717 0
1718 0
1719 0
1720 0
1721 0
1722 0
1723 0
1724 0
1725 0
1726 0
1727 0
1728 0
1729 0
1730 0
1731 0
1732 0
1733 0
1734 0
1735 0
1736 0
1737 0
1738 0
1739 0
1740 0
1741 0
1742 0
1743 0
1744 0
1745 0
1746 0
1747 0
1748 0
1749 0
1750 0
1751 0
1752 0
1753 0
1754 0
1755 0
1756 0
1757 0
1758 0
1759 0
1760 0
1761 0
1762 0
1763 0
1764 0
1765 0
1766 0
1767 0
1768 0
1769 0
1770 0
1771 0
1772 0
1773 0
1774 0
1775 0
1776 0
1777 0
1778 0
1779 0
1780 0
1781 0
1782 0
1783 0
1784 0
1785 0
1786 0
1787 0
1788 0
1789 0
1790 0
1791 0
1792 0
1793 0
1794 0
1795 0
1796 0
1797 0
1798 0
1799 0
1800 0
1801 0
1802 0
1803 0
1804 0
1805 0
1806 0
1807 0
1808 0
1809 0
1810 0
1811 0
1812 0
1813 0
1814 0
1815 0
1816 0
1817 0
1818 0
1819 0
1820 0
1821 0
1822 0
1823 0
1824 0
1825 0
1826 0
1827 0
1828 0
1829 0
1830 0
1831 0
1832 0
1833 0
1834 0
1835 0
1836 0
1837 0
1838 0
1839 0
1840 0
1841 0
1842 0
1843 0
1844 0
1845 0
1846 0
1847 0
1848 0
1849 0
1850 0
1851 0
1852 0
1853 0
1854 0
1855 0
1856 0
1857 0
1858 0
1859 0
1860 0
1861 0
1862 0
1863 0
1864 0
1865 0
1866 0
1867 0
1868 0
1869 0
1870 0
1871 0
1872 0
1873 0
1874 0
1875 0
1876 0
1877 0
1878 0
1879 0
1880 0
1881 0
1882 0
1883 0
1884 0
1885 0
1886 0
1887 0
1888 0
1889 0
1890 0
1891 0
1892 0
1893 0
1894 0
1895 0
1896 0
1897 0
1898 0
1899 0
1900 0
1901 0
1902 0
1903 0
1904 0
1905 0
1906 0
1907 0
1908 0
1909 0
1910 0
1911 0
1912 0
1913 0
1914 0
1915 0
1916 0
1917 0
1918 0
1919 0
1920 0
1921 0
1922 0
1923 0
1924 0
1925 0
1926 0
1927 0
1928 0
1929 0
1930 0
1931 0
1932 0
1933 0
1934 0
1935 0
1936 0
1937 0
1938 0
1939 0
1940 0
1941 0
1942 0
1943 0
1944 0
1945 0
1946 0
1947 0
1948 0
1949 0
1950 0
1951 0
1952 0
1953 0
1954 0
1955 0
1956 0
1957 0
1958 0
1959 0
1960 0
1961 0
1962 0
1963 0
1964 0
1965 0
1966 0
1967 0
1968 0
1969 0
1970 0
1971 0
1972 0
1973 0
1974 0
1975 0
1976 0
1977 0
1978 0
1979 0
1980 0
1981 0
1982 0
1983 0
1984 0
1985 0
1986 0
1987 0
1988 0
1989 0
1990 0
1991 0
1992 0
1993 0
1994 0
1995 0
1996 0
1997 0
1998 0
1999 0
2000 0
2001 0
2002 0
2003 0
2004 0
2005 0
2006 0
2007 0
2008 0
2009 0
2010 0
2011 0
2012 0
2013 0
2014 0
2015 0
2016 0
2017 0
2018 0
2019 0
2020 0
2021 0
2022 0
2023 0
2024 0
2025 0
2026 0
2027 0
2028 0
2029 0
2030 0
2031 0
2032 0
2033 0
2034 0
2035 0
2036 0
2037 0
2038 0
2039 0
2040 0
2041 0
2042 0
2043 0
2044 0
2045 0
2046 0
2047 0
2048 0
2049 0
2050 0
2051 0
2052 0
2053 0
2054 0
2055 0
2056 0
2057 0
2058 0
2059 0
2060 0
2061 0
2062 0
2063 0
2064 0
2065 0
2066 0
2067 0
2068 0
2069 0
2070 0
2071 0
2072 0
2073 0
2074 0
2075 0
2076 0
2077 0
2078 0
2079 0
2080 0
2081 0
2082 0
2083 0
2084 0
2085 0
2086 0
2087 0
2088 0
2089 0
2090 0
2091 0
2092 0
2093 0
2094 0
2095 0
2096 0
2097 0
2098 0
2099 0
2100 0
2101 0
2102 0
2103 0
2104 0
2105 0
2106 0
2107 0
2108 0
2109 0
2110 0
2111 0
2112 0
2113 0
2114 0
2115 0
2116 0
2117 0
2118 0
2119 0
2120 0
2121 0
2122 0
2123 0
2124 0
2125 0
2126 0
2127 0
2128 0
2129 0
2130 0
2131 0
2132 0
2133 0
2134 0
2135 0
2136 0
2137 0
2138 0
2139 0
2140 0
2141 0
2142 0
2143 0
2144 0
2145 0
2146 0
2147 0
2148 0
2149 0
2150 0
2151 0
2152 0
2153 0
2154 0
2155 0
2156 0
2157 0
2158 0
2159 0
2160 0
2161 0
2162 0
2163 0
2164 0
2165 0
2166 0
2167 0
2168 0
2169 0
2170 0
2171 0
2172 0
2173 0
2174 0
2175 0
2176 0
2177 0
2178 0
2179 0
2180 0
2181 0
2182 0
2183 0
2184 0
2185 0
2186 0
2187 0
2188 0
2189 0
2190 0
2191 0
2192 0
2193 0
2194 0
2195 0
2196 0
2197 0
2198 0
2199 0
2200 0
2201 0
2202 0
2203 0
2204 0
2205 0
2206 0
2207 0
2208 0
2209 0
2210 0
2211 0
2212 0
2213 0
2214 0
2215 0
2216 0
2217 0
2218 0
2219 0
2220 0
2221 0
2222 0
2223 0
2224 0
2225 0
2226 0
2227 0
2228 0
2229 0
2230 0
2231 0
2232 0
2233 0
2234 0
2235 0
2236 0
2237 0
2238 0
2239 0
2240 0
2241 0
2242 0
2243 0
2244 0
2245 0
2246 0
2247 0
2248 0
2249 0
2250 0
2251 0
2252 0
2253 0
2254 0
2255 0
2256 0
2257 0
2258 0
2259 0
2260 0
2261 0
2262 0
2263 0
2264 0
2265 0
2266 0
2267 0
2268 0
2269 0
2270 0
2271 0
2272 0
2273 0
2274 0
2275 0
2276 0
2277 0
2278 0
2279 0
2280 0
2281 0
2282 0
2283 0
2284 0
2285 0
2286 0
2287 0
2288 0
2289 0
2290 0
2291 0
2292 0
2293 0
2294 0
2295 0
2296 0
2297 0
2298 0
2299 0
2300 0
2301 0
2302 0
2303 0
0 1 0.03215
0 47 0.07239
0 48 0.40391
0 2256 -1.08333
1 2 0.04117
1 49 0.37738
1 2257 -0.47299
2 3 -1.12981
2 50 -0.64871
2 2258 0.91827
3 4 -1.46733
3 51 0.00369
3 2259 -1.25347
4 5 1.10048
4 52 0.2084
4 2260 0.19677
5 6 -1.08967
5 53 0.45845
5 2261 0.77778
6 7 0.17895
6 54 0.34182
6 2262 -0.86787
7 8 -0.6808
7 55 -0.30405
7 2263 -0.76128
8 9 1.20573
8 56 0.34042
8 2264 1.55089
9 10 2.33772
9 57 -0.10091
9 2265 -0.18765
10 11 1.94782
10 58 -0.01987
10 2266 -1.12501
11 12 0.87096
11 59 -0.04823
11 2267 -2.24321
12 13 -0.34727
12 60 -0.40916
12 2268 -0.00058
13 14 -1.63322
13 61 -1.03762
13 2269 0.75662
14 15 0.96735
14 62 0.16781
14 2270 1.21759
15 16 1.36147
15 63 -0.6859
15 2271 0.30581
16 17 -1.52135
16 64 0.19654
16 2272 0.5675
17 18 -0.39003
17 65 0.64835
17 2273 -1.17307
18 19 -0.5116
18 66 -1.11549
18 2274 -0.11786
19 20 -1.99322
19 67 0.22101
19 2275 0.33399
20 21 1.63293
20 68 0.51376
20 2276 1.75517
21 22 -0.68119
21 69 0.2251
21 2277 0.19486
22 23 -1.17374
22 70 -0.26605
22 2278 -0.66244
23 24 0.50759
23 71 0.24011
23 2279 0.76729
24 25 -0.48393
24 72 -0.29595
24 2280 0.18894
25 26 -0.32695
25 73 0.89497
25 2281 -0.50027
26 27 1.45454
26 74 0.37565
26 2282 0.31793
27 28 0.74219
27 75 0.19563
27 2283 0.16199
28 29 0.04091
28 76 0.91904
28 2284 0.30764
29 30 0.06819
29 77 1.09927
29 2285 0.79546
30 31 -0.7583
30 78 1.62761
30 2286 0.99325
31 32 -0.41088
31 79 -1.17565
31 2287 -0.22856
32 33 -1.61869
32 80 -1.25821
32 2288 -0.26101
33 34 1.04138
33 81 0.95352
33 2289 -1.51184
34 35 -0.41695
34 82 -0.53908
34 2290 -0.6497
35 36 1.95212
35 83 -0.32115
35 2291 0.53278
36 37 -0.39258
36 84 0.14846
36 2292 0.32042
37 38 0.48314
37 85 1.79133
37 2293 -1.05274
38 39 0.59647
38 86 -0.77962
38 2294 0.63845
39 40 -1.12178
39 87 -0.10955
39 2295 -1.42085
40 41 -0.53067
40 88 -0.40804
40 2296 1.52585
41 42 -0.03986
41 89 0.92733
41 2297 0.06149
42 43 -1.25977
42 90 1.71276
42 2298 1.34789
43 44 1.97887
43 91 0.97402
43 2299 0.0487
44 45 1.30614
44 92 -1.53984
44 2300 -0.34988
45 46 -0.37369
45 93 1.7672
45 2301 -0.44545
46 47 1.62436
46 94 -0.86581
46 2302 -0.5879
47 95 -0.88275
47 2303 -1.23172
48 49 0.89459
48 95 -0.75033
48 96 -0.53196
49 50 -1.05333
49 97 -1.21607
50 51 -0.12486
50 98 -0.04173
51 52 0.61968
51 99 0.4799
52 53 1.01699
52 100 -0.17048
53 54 0.26606
53 101 -0.16646
54 55 1.78504
54 102 -0.63059
55 56 -0.64137
55 103 0.29164
56 57 -0.31764
56 104 0.81737
57 58 0.77843
57 105 -0.07878
58 59 -0.49935
58 106 -0.02796
59 60 -0.23759
59 107 0.52622
60 61 -0.10061
60 108 -1.10997
61 62 0.24279
61 109 -0.26002
62 63 -0.55999
62 110 -0.69192
63 64 -0.46833
63 111 -0.87662
64 65 -0.08551
64 112 0.47496
65 66 0.22602
65 113 1.70266
66 67 0.92424
66 114 1.69181
67 68 -0.14251
67 115 -0.6001
68 69 0.99481
68 116 0.19042
69 70 -0.47167
69 117 1.1197
70 71 0.31339
70 118 -0.4979
71 72 -1.18205
71 119 0.63427
72 73 0.27106
72 120 -1.09004
73 74 -0.18451
73 121 -0.39925
74 75 0.48237
74 122 -0.89126
75 76 -0.70456
75 123 0.57673
76 77 -0.02876
76 124 -1.49862
77 78 0.16186
77 125 0.02039
78 79 -0.63777
78 126 -0.43244
79 80 -0.30452
79 127 -0.911
80 81 -0.29186
80 128 -0.777
81 82 -1.40876
81 129 -1.51267
82 83 -1.83748
82 130 -0.51776
83 84 -1.23319
83 131 -0.9
84 85 0.86317
84 132 -0.7808
85 86 0.2646
85 133 0.23171
86 87 -1.14605
86 134 0.09357
87 88 0.98416
87 135 0.81211
88 89 -0.37374
88 136 -0.69231
89 90 1.77113
89 137 1.38059
90 91 -2.09798
90 138 0.59406
91 92 0.28793
91 139 -0.81332
92 93 -1.37652
92 140 -0.65026
93 94 0.13701
93 141 -1.54251
94 95 -0.86065
94 142 -1.18164
95 143 -0.42616
96 97 0.09822
96 143 1.00179
96 144 -0.14934
97 98 -0.64261
97 145 -2.22184
98 99 -0.19428
98 146 -0.53257
99 100 1.35835
99 147 1.15063
100 101 -0.6804
100 148 0.12322
101 102 -0.56016
101 149 2.04348
102 103 0.17021
102 150 0.752
103 104 0.98923
103 151 1.25254
104 105 -1.00295
104 152 0.4032
105 106 0.99307
105 153 -0.29421
106 107 0.19069
106 154 1.09709
107 108 1.58631
107 155 0.87046
108 109 0.03338
108 156 1.53201
109 110 -1.96964
109 157 -0.25316
110 111 -1.21272
110 158 -0.49608
111 112 2.57333
111 159 -0.91141
112 113 -0.24815
112 160 0.34842
113 114 -1.00125
113 161 0.02202
114 115 -1.3272
114 162 0.39777
115 116 -1.18605
115 163 0.57714
116 117 -0.34982
116 164 1.16337
117 118 1.84193
117 165 0.2245
118 119 0.92897
118 166 -0.42444
119 120 -1.72852
119 167 1.14206
120 121 1.75022
120 168 0.25307
121 122 1.62592
121 169 1.24265
122 123 0.4868
122 170 -0.49476
123 124 -1.2569
123 171 -0.88212
124 125 -1.94608
124 172 0.35179
125 126 -1.31113
125 173 -2.73769
126 127 0.69463
126 174 1.03456
127 128 -0.24154
127 175 0.03507
128 129 -0.2261
128 176 0.84514
129 130 0.58392
129 177 0.85616
130 131 -1.61808
130 178 0.12573
131 132 -0.84652
131 179 -0.76274
132 133 -0.1405
132 180 1.37678
133 134 0.12567
133 181 0.99656
134 135 1.03633
134 182 -0.95948
135 136 1.31633
135 183 0.17744
136 137 0.821
136 184 0.25517
137 138 0.38249
137 185 -1.72899
138 139 -0.16145
138 186 4.07773
139 140 -1.05657
139 187 -0.77275
140 141 1.55263
140 188 0.52157
141 142 -0.7681
141 189 0.40268
142 143 0.50039
142 190 -0.09944
143 191 -0.11098
144 145 0.2728
144 191 0.80999
144 192 -0.7614
145 146 -0.13855
145 193 0.29928
146 147 0.30868
146 194 1.03373
147 148 0.4306
147 195 0.60049
148 149 -1.78769
148 196 0.75861
149 150 0.85744
149 197 -0.09904
150 151 -2.01773
150 198 -0.73056
151 152 -0.93545
151 199 1.91618
152 153 0.5129
152 200 1.47811
153 154 -0.74268
153 201 -0.45069
154 155 0.26553
154 202 -0.02426
155 156 0.05434
155 203 -0.51704
156 157 2.68276
156 204 -0.18516
157 158 1.05941
157 205 0.93557
158 159 -1.12932
158 206 0.34269
159 160 0.55716
159 207 0.15239
160 161 0.1483
160 208 0.03279
161 162 0.38781
161 209 0.21045
162 163 1.00455
162 210 -0.21927
163 164 0.79047
163 211 0.14028
164 165 -0.20523
164 212 -0.05095
165 166 0.27679
165 213 -0.13225
166 167 -0.90457
166 214 -0.0693
167 168 2.52449
167 215 -0.40327
168 169 0.43637
168 216 -0.69087
169 170 -2.51502
169 217 0.16772
170 171 -1.25463
170 218 -0.20859
171 172 -0.80742
171 219 -0.10777
172 173 1.01064
172 220 -0.03156
173 174 -0.32003
173 221 -0.46845
174 175 1.24803
174 222 0.04315
175 176 -0.13076
175 223 0.87428
176 177 0.55169
176 224 -0.19069
177 178 1.50393
177 225 1.90342
178 179 -0.08601
178 226 -1.16133
179 180 -0.65058
179 227 0.03241
180 181 -0.05313
180 228 -0.38312
181 182 1.79063
181 229 0.78351
182 183 0.40901
182 230 0.62966
183 184 -1.41323
183 231 -0.51738
184 185 -0.23172
184 232 0.4677
185 186 0.4976
185 233 -0.48502
186 187 1.2782
186 234 -0.67416
187 188 -0.51065
187 235 0.00975
188 189 -0.30899
188 236 -0.02466
189 190 -0.10262
189 237 -0.56206
190 191 -0.55741
190 238 0.41297
191 239 0.79684
192 193 -1.20497
192 239 1.65647
192 240 0.55909
193 194 0.2881
193 241 0.2322
194 195 -0.13118
194 242 -1.78304
195 196 0.69763
195 243 -1.57676
196 197 -0.49545
196 244 0.41919
197 198 -1.71265
197 245 -0.40651
198 199 0.29845
198 246 -0.55774
199 200 0.34382
199 247 0.95222
200 201 -0.27736
200 248 -2.37375
201 202 -0.85249
201 249 -1.08676
202 203 2.00667
202 250 -0.05878
203 204 -3.05101
203 251 0.15362
204 205 -0.62157
204 252 -0.24958
205 206 -0.10523
205 253 -0.84584
206 207 1.93002
206 254 -1.29954
207 208 0.61569
207 255 -0.23021
208 209 -1.26874
208 256 1.15109
209 210 -0.35075
209 257 0.58006
210 211 0.14145
210 258 -0.06264
211 212 0.7855
211 259 -0.78702
212 213 1.39873
212 260 -0.70648
213 214 0.13438
213 261 -0.04656
214 215 -0.5807
214 262 -0.881
215 216 -0.38985
215 263 -0.28702
216 217 0.78403
216 264 1.69275
217 218 0.45741
217 265 -0.77859
218 219 0.35084
218 266 -0.41431
219 220 -0.74166
219 267 -0.69922
220 221 0.93117
220 268 -0.43282
221 222 -0.58891
221 269 -0.58304
222 223 0.59836
222 270 -0.23913
223 224 -3.24012
223 271 0.40389
224 225 -1.8586
224 272 -1.23753
225 226 -1.53937
225 273 -0.18297
226 227 -2.76746
226 274 -1.54147
227 228 0.59563
227 275 -0.19628
228 229 1.14078
228 276 -0.83191
229 230 1.71881
229 277 0.57715
230 231 -0.99822
230 278 0.52456
231 232 0.2428
231 279 -1.13151
232 233 -0.29742
232 280 0.12891
233 234 -0.39788
233 281 -1.4587
234 235 0.88646
234 282 -1.52695
235 236 0.20358
235 283 -1.35823
236 237 -0.50065
236 284 0.33907
237 238 -1.93757
237 285 -0.54895
238 239 -0.48809
238 286 2.45176
239 287 0.84658
240 241 0.47914
240 287 -1.72518
240 288 0.92375
241 242 0.43157
241 289 -0.0305
242 243 0.42833
242 290 0.14353
243 244 -0.68225
243 291 -0.9046
244 245 0.622
244 292 0.66623
245 246 0.65496
245 293 -0.70594
246 247 0.28326
246 294 1.53576
247 248 0.17314
247 295 0.45894
248 249 -0.27559
248 296 0.47096
249 250 0.89531
249 297 1.60606
250 251 -1.30532
250 298 -1.42704
251 252 -0.16237
251 299 -0.11621
252 253 -0.18039
252 300 0.4278
253 254 -0.11164
253 301 -0.99135
254 255 0.95829
254 302 0.43771
255 256 1.22809
255 303 0.91163
256 257 0.7496
256 304 0.4711
257 258 1.62547
257 305 1.46445
258 259 -1.53689
258 306 0.59321
259 260 0.67854
259 307 -0.64939
260 261 -0.12526
260 308 -0.07056
261 262 -1.18917
261 309 0.96077
262 263 -0.98927
262 310 -1.49711
263 264 -1.43717
263 311 -1.1942
264 265 0.6576
264 312 0.59103
265 266 -0.37623
265 313 -0.35024
266 267 0.79194
266 314 0.26287
267 268 1.75619
267 315 -0.4469
268 269 0.03625
268 316 0.33065
269 270 0.65128
269 317 -0.85324
270 271 -1.21469
270 318 -0.92006
271 272 0.88295
271 319 -2.10027
272 273 -0.94008
272 320 3.79697
273 274 -0.19737
273 321 -0.12266
274 275 0.92627
274 322 -1.37676
275 276 0.04055
275 323 -0.50948
276 277 -0.77458
276 324 -0.25348
277 278 0.06456
277 325 0.75611
278 279 -0.97462
278 326 0.14004
279 280 -0.01931
279 327 -0.9115
280 281 0.33239
280 328 1.10443
281 282 -0.4608
281 329 -2.6156
282 283 1.22259
282 330 -0.3172
283 284 0.5882
283 331 0.66477
284 285 -0.87937
284 332 1.20304
285 286 -0.51244
285 333 -0.00823
286 287 2.04601
286 334 -0.41645
287 335 0.77866
288 289 -0.24336
288 335 0.06395
288 336 -1.63068
289 290 1.0567
289 337 0.89891
290 291 2.45766
290 338 0.0187
291 292 1.90947
291 339 0.78385
292 293 0.77893
292 340 1.24108
293 294 0.88855
293 341 0.49006
294 295 -0.08766
294 342 0.21026
295 296 -0.10454
295 343 -0.24806
296 297 -1.05964
296 344 0.00175
297 298 -0.75439
297 345 -0.97819
298 299 1.19138
298 346 -0.88785
299 300 -0.61088
299 347 -0.01269
300 301 -0.52616
300 348 1.21396
301 302 0.55206
301 349 -1.32619
302 303 -0.58042
302 350 1.08533
303 304 -0.99265
303 351 -1.19306
304 305 -1.18171
304 352 -1.88097
305 306 -1.53532
305 353 -0.27566
306 307 -0.96215
306 354 0.04908
307 308 0.59571
307 355 -1.77023
308 309 1.05872
308 356 0.38253
309 310 -0.00687
309 357 -0.09178
310 311 0.26641
310 358 0.72599
311 312 0.30796
311 359 1.00639
312 313 0.96776
312 360 0.30272
313 314 -0.30372
313 361 -1.35077
314 315 0.29063
314 362 -0.85583
315 316 0.15843
315 363 0.28846
316 317 0.4587
316 364 -1.39791
317 318 -0.50123
317 365 -0.57176
318 319 -0.89511
318 366 0.20352
319 320 0.38362
319 367 0.63933
320 321 0.24904
320 368 0.28063
321 322 0.79227
321 369 0.66455
322 323 0.59163
322 370 1.65601
323 324 -0.25157
323 371 0.70219
324 325 1.72273
324 372 0.32467
325 326 0.3679
325 373 0.33167
326 327 -0.21767
326 374 -2.47151
327 328 -0.84951
327 375 -0.52737
328 329 0.30727
328 376 -0.46975
329 330 1.267
329 377 0.52895
330 331 1.11508
330 378 0.36507
331 332 0.53567
331 379 -0.18483
332 333 -0.84103
332 380 -0.37273
333 334 -0.34158
333 381 -1.50988
334 335 -0.58315
334 382 0.54257
335 383 -1.71971
336 337 1.15296
336 383 0.85038
336 384 1.43964
337 338 -1.26245
337 385 1.03574
338 339 -0.37716
338 386 0.06345
339 340 -0.25952
339 387 1.44003
340 341 -1.05389
340 388 -0.72201
341 342 -1.1644
341 389 0.2018
342 343 1.14327
342 390 0.05852
343 344 1.40229
343 391 0.28506
344 345 -0.00089
344 392 -0.13091
345 346 2.15228
345 393 0.8388
346 347 0.2905
346 394 -0.4215
347 348 0.48241
347 395 -0.22441
348 349 -0.34264
348 396 -1.19261
349 350 -0.82623
349 397 -0.192
350 351 0.55139
350 398 -1.49096
351 352 0.26084
351 399 0.3201
352 353 0.33987
352 400 -0.15627
353 354 -0.07145
353 401 2.02226
354 355 0.82204
354 402 -0.47238
355 356 -0.63603
355 403 -1.49842
356 357 0.58776
356 404 -0.63997
357 358 0.43114
357 405 -0.43968
358 359 0.47276
358 406 2.03701
359 360 -0.13699
359 407 -0.18111
360 361 -1.21593
360 408 1.1213
361 362 -2.44377
361 409 -0.93366
362 363 0.31006
362 410 0.41726
363 364 0.89569
363 411 -0.62565
364 365 2.13173
364 412 1.1931
365 366 0.93913
365 413 0.21156
366 367 0.21188
366 414 0.07916
367 368 -0.19275
367 415 -0.93337
368 369 1.02826
368 416 1.50918
369 370 1.26835
369 417 -0.75766
370 371 0.71035
370 418 1.21533
371 372 1.52547
371 419 -1.84562
372 373 -0.44595
372 420 -0.28295
373 374 -0.09028
373 421 0.10198
374 375 -0.0179
374 422 -0.19953
375 376 0.23754
375 423 0.57223
376 377 -0.38503
376 424 -1.24084
377 378 -0.07755
377 425 0.05105
378 379 -1.51061
378 426 -1.37224
379 380 -0.93359
379 427 1.25647
380 381 -2.10055
380 428 1.30812
381 382 0.64127
381 429 -0.52219
382 383 -1.07722
382 430 2.35077
383 431 -0.76231
384 385 1.33909
384 431 -1.27366
384 432 -1.31805
385 386 0.06294
385 433 -0.89766
386 387 -1.97725
386 434 -0.2198
387 388 -1.71179
387 435 0.43862
388 389 -1.01954
388 436 0.37719
389 390 2.29354
389 437 0.61291
390 391 -2.14301
390 438 -1.15063
391 392 -0.18539
391 439 1.03061
392 393 1.37501
392 440 -1.14755
393 394 0.25851
393 441 0.24919
394 395 0.78185
394 442 1.05501
395 396 -0.03499
395 443 0.30452
396 397 -0.27727
396 444 0.00822
397 398 0.77094
397 445 0.93227
398 399 1.29376
398 446 0.97038
399 400 1.11233
399 447 0.89569
400 401 -1.25588
400 448 -0.32453
401 402 0.86896
401 449 -0.26792
402 403 0.19372
402 450 0.00777
403 404 1.01568
403 451 0.09515
404 405 -0.85928
404 452 0.39453
405 406 -1.27387
405 453 3.82313
406 407 -0.1672
406 454 -0.24128
407 408 -0.61997
407 455 -2.24439
408 409 -1.80475
408 456 -0.51592
409 410 -0.10954
409 457 1.12297
410 411 0.62968
410 458 -0.38068
411 412 0.97953
411 459 -0.3931
412 413 -0.33341
412 460 -0.06716
413 414 -1.11716
413 461 2.45862
414 415 -0.56484
414 462 0.07308
415 416 0.98805
415 463 2.50472
416 417 1.04824
416 464 -1.83559
417 418 0.29836
417 465 0.13025
418 419 -0.48724
418 466 -0.38124
419 420 -1.06882
419 467 -0.69315
420 421 -0.31654
420 468 -0.66064
421 422 -1.46306
421 469 0.31083
422 423 -0.61768
422 470 -0.09584
423 424 2.55528
423 471 0.93952
424 425 3.50836
424 472 1.34768
425 426 1.36596
425 473 -0.74607
426 427 1.1428
426 474 3.43325
427 428 0.23881
427 475 0.18212
428 429 -1.04443
428 476 -0.65943
429 430 -0.40901
429 477 0.64382
430 431 1.12784
430 478 -1.38907
431 479 0.05486
432 433 -0.23698
432 479 -0.08779
432 480 -0.20063
433 434 0.15492
433 481 -1.40886
434 435 0.11432
434 482 0.74425
435 436 0.10588
435 483 -0.0182
436 437 -1.29981
436 484 -0.38411
437 438 -0.20438
437 485 -1.14612
438 439 0.62935
438 486 0.88947
439 440 0.51233
439 487 -0.34321
440 441 -1.11519
440 488 0.65158
441 442 0.73292
441 489 -1.67734
442 443 -1.79289
442 490 -1.40993
443 444 -2.1287
443 491 0.57876
444 445 0.9114
444 492 0.40845
445 446 -2.00209
445 493 -0.08197
446 447 -0.60793
446 494 -0.06231
447 448 -0.32202
447 495 0.72769
448 449 0.43352
448 496 -0.28287
449 450 1.01089
449 497 -0.34267
450 451 -1.24265
450 498 -0.44418
451 452 -1.41554
451 499 -1.51917
452 453 -0.66182
452 500 -0.32329
453 454 -0.27285
453 501 -1.43111
454 455 -1.71073
454 502 -1.54097
455 456 -2.3156
455 503 -0.93977
456 457 -1.29706
456 504 -0.97119
457 458 0.97232
457 505 -1.33878
458 459 0.31735
458 506 1.611
459 460 -0.32305
459 507 -0.40193
460 461 -1.9405
460 508 0.83052
461 462 0.34743
461 509 0.66697
462 463 -0.69655
462 510 -0.11981
463 464 -0.45549
463 511 -0.10668
464 465 -1.84465
464 512 -0.27331
465 466 1.33217
465 513 -1.43937
466 467 -0.98589
466 514 -1.40084
467 468 0.80004
467 515 -0.32162
468 469 0.32867
468 516 -1.00921
469 470 -0.80702
469 517 -0.53512
470 471 -1.62098
470 518 0.56494
471 472 -0.34004
471 519 -0.35975
472 473 -0.54362
472 520 0.15175
473 474 0.17936
473 521 0.66227
474 475 -1.67188
474 522 -0.56482
475 476 -0.38058
475 523 0.19355
476 477 -2.37331
476 524 -0.52605
477 478 1.17932
477 525 -0.8849
478 479 -0.15159
478 526 -0.00596
479 527 0.2334
480 481 -0.8368
480 527 -1.63562
480 528 0.0235
481 482 0.75996
481 529 2.44385
482 483 -0.50552
482 530 -0.21723
483 484 1.46255
483 531 0.43585
484 485 -3.67164
484 532 0.75209
485 486 0.13576
485 533 0.44652
486 487 1.29603
486 534 -0.63031
487 488 -0.53632
487 535 2.07882
488 489 -1.11689
488 536 0.52102
489 490 0.63768
489 537 0.34336
490 491 0.6193
490 538 1.2389
491 492 -1.21189
491 539 -0.85079
492 493 1.40284
492 540 0.53451
493 494 0.82324
493 541 0.82193
494 495 -0.18364
494 542 0.13623
495 496 -0.5455
495 543 -0.63696
496 497 0.43482
496 544 0.59053
497 498 -1.82538
497 545 1.64591
498 499 -0.67548
498 546 0.36886
499 500 1.88131
499 547 1.83181
500 501 0.34118
500 548 0.00833
501 502 -0.7006
501 549 1.00206
502 503 0.2078
502 550 1.08652
503 504 -1.50796
503 551 -1.15481
504 505 0.19802
504 552 -0.16465
505 506 0.60207
505 553 -0.8303
506 507 -2.22813
506 554 0.14581
507 508 -0.71373
507 555 1.42454
508 509 -0.28366
508 556 -0.23079
509 510 -0.52224
509 557 -0.26964
510 511 0.23901
510 558 -0.81507
511 512 1.16311
511 559 0.52602
512 513 0.09798
512 560 -0.81462
513 514 0.46696
513 561 0.73201
514 515 -0.05921
514 562 0.13936
515 516 -0.06454
515 563 -0.22108
516 517 -1.25028
516 564 -0.09651
517 518 -0.88821
517 565 1.28191
518 519 -0.68948
518 566 0.22392
519 520 -0.36307
519 567 0.48602
520 521 0.31447
520 568 -0.34198
521 522 1.06389
521 569 -1.09583
522 523 0.0269
522 570 -0.5616
523 524 -1.21794
523 571 -0.21766
524 525 -1.25934
524 572 -1.55649
525 526 0.96221
525 573 -0.98465
526 527 -0.55408
526 574 0.37637
527 575 1.09128
528 529 0.6821
528 575 -1.01569
528 576 0.54393
529 530 1.03939
529 577 0.90872
530 531 0.45683
530 578 -0.03984
531 532 0.40218
531 579 0.90111
532 533 0.3917
532 580 -1.19776
533 534 0.80901
533 581 0.07334
534 535 -0.42943
534 582 0.00238
535 536 0.29884
535 583 -1.02141
536 537 0.58481
536 584 0.14395
537 538 1.26561
537 585 -2.27643
538 539 -0.09392
538 586 1.68345
539 540 -0.10288
539 587 0.00838
540 541 0.00013
540 588 0.46038
541 542 0.65602
541 589 1.96257
542 543 0.57148
542 590 0.09603
543 544 0.62001
543 591 -0.93941
544 545 0.82278
544 592 1.73289
545 546 0.66979
545 593 0.89974
546 547 -0.86782
546 594 0.05859
547 548 -1.66804
547 595 -0.07717
548 549 -0.82742
548 596 0.25306
549 550 0.47067
549 597 -1.01337
550 551 0.68789
550 598 -0.4107
551 552 -0.53114
551 599 -0.5297
552 553 1.31031
552 600 -0.88517
553 554 -2.37098
553 601 0.86465
554 555 -1.27236
554 602 0.91572
555 556 -0.99265
555 603 -0.84111
556 557 -0.6241
556 604 -0.89095
557 558 0.31519
557 605 0.68033
558 559 0.06878
558 606 -0.76945
559 560 -2.52525
559 607 -0.60462
560 561 -0.34658
560 608 -0.54452
561 562 0.7571
561 609 0.51136
562 563 -0.51246
562 610 0.44437
563 564 -0.21928
563 611 -0.57673
564 565 0.85452
564 612 -0.9134
565 566 -0.26064
565 613 -0.67128
566 567 1.45795
566 614 -1.36635
567 568 -0.01909
567 615 -0.74389
568 569 -0.47494
568 616 1.076
569 570 -0.63503
569 617 -0.75485
570 571 -0.65572
570 618 1.26118
571 572 0.0468
571 619 -0.07963
572 573 0.56746
572 620 -1.2724
573 574 2.04746
573 621 -1.98024
574 575 -0.77866
574 622 -0.92329
575 623 1.62975
576 577 1.04135
576 623 -0.78089
576 624 -0.32282
577 578 0.95288
577 625 -0.5491
578 579 1.51601
578 626 -1.41006
579 580 -1.88537
579 627 1.06962
580 581 0.72293
580 628 0.07411
581 582 -0.84636
581 629 -0.86697
582 583 1.30081
582 630 -0.03848
583 584 -0.13239
583 631 1.53005
584 585 0.67612
584 632 0.38314
585 586 0.37545
585 633 0.27488
586 587 -1.10859
586 634 -0.12723
587 588 0.81617
587 635 0.63549
588 589 0.42148
588 636 0.52834
589 590 -0.4251
589 637 1.63715
590 591 -1.89067
590 638 0.00986
591 592 -2.18104
591 639 -0.8658
592 593 -1.86554
592 640 -0.72605
593 594 0.77575
593 641 0.4364
594 595 0.13285
594 642 -1.47058
595 596 1.33628
595 643 -0.08622
596 597 0.79731
596 644 -1.4624
597 598 0.00378
597 645 0.17404
598 599 0.66713
598 646 -0.38022
599 600 0.33592
599 647 -0.2286
600 601 0.24693
600 648 -0.14486
601 602 0.27507
601 649 -0.39363
602 603 0.33907
602 650 -0.24924
603 604 1.31317
603 651 0.76935
604 605 0.28476
604 652 0.071
605 606 0.32482
605 653 0.98491
606 607 1.02427
606 654 1.30884
607 608 -1.05104
607 655 -1.11235
608 609 -0.52189
608 656 -0.66422
609 610 -0.03146
609 657 -0.54076
610 611 -0.91878
610 658 -0.37668
611 612 -0.33665
611 659 -0.72771
612 613 -1.77971
612 660 -0.29121
613 614 0.44029
613 661 -1.55996
614 615 0.12203
614 662 -0.24063
615 616 0.59998
615 663 0.94927
616 617 0.38168
616 664 0.14135
617 618 1.3919
617 665 -0.97843
618 619 -0.00533
618 666 -1.51873
619 620 1.06781
619 667 0.56237
620 621 -1.52395
620 668 0.18519
621 622 -1.33087
621 669 -0.21924
622 623 -0.51697
622 670 0.28313
623 671 0.30246
624 625 -0.57583
624 671 -0.95534
624 672 -0.57264
625 626 0.41076
625 673 -0.94922
626 627 2.38675
626 674 0.57267
627 628 0.40268
627 675 -1.00461
628 629 -1.89864
628 676 -1.17168
629 630 -1.2655
629 677 -0.30745
630 631 -0.48855
630 678 -1.69397
631 632 1.07519
631 679 -1.47732
632 633 1.09934
632 680 0.41411
633 634 0.14575
633 681 1.22027
634 635 -0.50363
634 682 -0.64118
635 636 -0.1948
635 683 -0.34075
636 637 0.55815
636 684 0.93602
637 638 1.77042
637 685 0.64128
638 639 -0.79803
638 686 -0.28412
639 640 -0.13896
639 687 -1.45415
640 641 -0.54524
640 688 -0.85278
641 642 -0.55415
641 689 0.01313
642 643 2.16871
642 690 -1.09288
643 644 1.03668
643 691 1.39714
644 645 0.59412
644 692 0.19959
645 646 -1.35363
645 693 -2.02421
646 647 -1.28416
646 694 0.97059
647 648 0.66787
647 695 0.65354
648 649 -1.29412
648 696 0.13008
649 650 0.03966
649 697 1.09711
650 651 0.12021
650 698 -0.53229
651 652 0.50733
651 699 -0.53393
652 653 -0.42278
652 700 -0.05915
653 654 -0.16783
653 701 1.60134
654 655 1.24871
654 702 -0.77075
655 656 -0.20648
655 703 -0.52527
656 657 0.05911
656 704 0.04237
657 658 0.36702
657 705 0.59307
658 659 0.43658
658 706 -0.31517
659 660 -1.10753
659 707 -0.51028
660 661 -2.34822
660 708 -0.412
661 662 -0.47652
661 709 -0.18731
662 663 -0.31463
662 710 -0.30871
663 664 -0.22162
663 711 -0.86421
664 665 -0.18838
664 712 0.65107
665 666 -0.01477
665 713 -0.00822
666 667 -0.27541
666 714 1.06085
667 668 -1.49299
667 715 0.06289
668 669 -0.3544
668 716 -0.60099
669 670 0.05886
669 717 -0.04777
670 671 1.27805
670 718 0.09086
671 719 0.25434
672 673 0.16933
672 719 0.93157
672 720 -0.84271
673 674 0.25722
673 721 -0.03631
674 675 -2.22962
674 722 1.96396
675 676 1.42763
675 723 0.02274
676 677 0.35238
676 724 -0.74777
677 678 -1.09361
677 725 -0.89865
678 679 1.22459
678 726 -0.5432
679 680 1.59819
679 727 -0.15599
680 681 0.22163
680 728 -0.44136
681 682 -1.71056
681 729 -0.10022
682 683 -0.44715
682 730 -0.0785
683 684 -0.08705
683 731 -1.09055
684 685 0.26279
684 732 1.28364
685 686 -1.04793
685 733 0.11995
686 687 -1.92136
686 734 -1.23584
687 688 0.66989
687 735 -0.33659
688 689 -1.07937
688 736 0.52085
689 690 1.27
689 737 -0.56398
690 691 0.29526
690 738 -0.12131
691 692 -1.00822
691 739 -1.43399
692 693 0.09502
692 740 0.10509
693 694 -0.71703
693 741 1.37505
694 695 0.87441
694 742 0.72792
695 696 0.01215
695 743 -1.12898
696 697 -1.46176
696 744 0.89971
697 698 -0.04758
697 745 -0.07807
698 699 0.36236
698 746 -0.78435
699 700 -0.8143
699 747 -0.88534
700 701 0.69543
700 748 -1.65426
701 702 -0.6531
701 749 -0.30535
702 703 -0.70881
702 750 -0.59799
703 704 -1.93314
703 751 0.51006
704 705 0.06782
704 752 -1.26569
705 706 1.0638
705 753 -1.0617
706 707 -0.38215
706 754 -1.08392
707 708 0.16335
707 755 -0.16578
708 709 1.10795
708 756 0.64072
709 710 -0.2101
709 757 0.79718
710 711 0.22755
710 758 1.32989
711 712 1.10062
711 759 0.75377
712 713 1.31766
712 760 -0.16195
713 714 -0.59899
713 761 -0.50743
714 715 2.13215
714 762 0.8643
715 716 -1.23547
715 763 0.9226
716 717 -0.08237
716 764 -0.15796
717 718 0.9592
717 765 0.65959
718 719 0.64568
718 766 -0.17017
719 767 -1.66211
720 721 -1.88586
720 767 -0.14188
720 768 -0.83091
721 722 1.88494
721 769 0.33512
722 723 0.75196
722 770 -0.41798
723 724 -0.95727
723 771 -0.04366
724 725 -0.91161
724 772 0.06516
725 726 1.34039
725 773 -0.75245
726 727 -0.07104
726 774 -0.70592
727 728 -0.07449
727 775 0.69048
728 729 -0.44529
728 776 2.20542
729 730 -1.79593
729 777 -0.52509
730 731 1.11298
730 778 -0.58641
731 732 0.65756
731 779 -0.85591
732 733 -0.35423
732 780 0.05975
733 734 0.85088
733 781 1.30684
734 735 -1.22414
734 782 -0.35282
735 736 -0.57189
735 783 1.30498
736 737 1.71609
736 784 1.37839
737 738 0.38291
737 785 0.48665
738 739 -0.16319
738 786 1.09007
739 740 -0.3034
739 787 -0.42141
740 741 -1.04151
740 788 -0.83832
741 742 2.04504
741 789 -1.62998
742 743 0.21613
742 790 -1.26338
743 744 -0.74811
743 791 -0.52616
744 745 -0.33997
744 792 -0.66427
745 746 -1.10135
745 793 0.60449
746 747 0.26122
746 794 -3.1153
747 748 0.17423
747 795 1.20518
748 749 -1.19618
748 796 -0.64419
749 750 -0.11318
749 797 -1.03115
750 751 1.51166
750 798 -0.39597
751 752 -1.63322
751 799 0.52406
752 753 -0.33573
752 800 -1.14831
753 754 1.16323
753 801 -1.21565
754 755 -1.12144
754 802 1.20601
755 756 0.32612
755 803 1.11638
756 757 -1.25385
756 804 1.58216
757 758 -0.80393
757 805 1.14454
758 759 0.17806
758 806 -0.22593
759 760 0.24874
759 807 0.20813
760 761 1.06069
760 808 0.48782
761 762 -1.09332
761 809 0.24975
762 763 -0.39396
762 810 -1.06992
763 764 -1.1569
763 811 1.03528
764 765 -1.79871
764 812 -1.23738
765 766 0.25131
765 813 0.2913
766 767 1.35313
766 814 -0.49139
767 815 -2.10029
768 769 0.05573
768 815 0.28085
768 816 0.36346
769 770 -0.15183
769 817 1.43924
770 771 0.01027
770 818 -0.77388
771 772 -0.69135
771 819 -0.03595
772 773 1.45313
772 820 0.13691
773 774 1.06212
773 821 -2.39137
774 775 -1.21121
774 822 -2.81101
775 776 1.53883
775 823 0.20301
776 777 -0.14213
776 824 -0.02642
777 778 0.10368
777 825 -0.33839
778 779 0.67051
778 826 -0.94066
779 780 -0.10871
779 827 -0.05272
780 781 -0.03041
780 828 -0.08386
781 782 0.39406
781 829 0.3323
782 783 0.20945
782 830 -0.35236
783 784 -1.25873
783 831 1.15128
784 785 -0.4242
784 832 -2.41287
785 786 0.3306
785 833 0.04552
786 787 -0.41756
786 834 0.89313
787 788 0.74924
787 835 -1.2147
788 789 0.82089
788 836 0.28456
789 790 -0.55252
789 837 1.60027
790 791 -0.79732
790 838 -0.55203
791 792 0.0331
791 839 1.00916
792 793 -1.14006
792 840 -0.68822
793 794 -0.73266
793 841 -1.55895
794 795 -2.27847
794 842 -0.55742
795 796 0.22731
795 843 -0.05987
796 797 -1.09817
796 844 -0.687
797 798 -1.79333
797 845 -0.09129
798 799 -0.78555
798 846 -1.10508
799 800 -0.61711
799 847 -2.68259
800 801 1.30724
800 848 -1.46714
801 802 1.37551
801 849 0.19765
802 803 -0.37023
802 850 -1.16862
803 804 1.44387
803 851 -0.8967
804 805 0.2699
804 852 -1.89601
805 806 -0.19648
805 853 0.16411
806 807 0.68091
806 854 -0.28384
807 808 -0.79201
807 855 0.88012
808 809 0.19699
808 856 -0.91146
809 810 -1.99868
809 857 0.31078
810 811 -0.47429
810 858 1.64567
811 812 -0.43482
811 859 -1.15989
812 813 0.13876
812 860 -0.07538
813 814 0.59067
813 861 2.18576
814 815 0.31161
814 862 -1.66993
815 863 -0.39468
816 817 -0.81756
816 863 -1.35894
816 864 -1.80263
817 818 -0.86529
817 865 0.0606
818 819 -1.17126
818 866 -1.79259
819 820 -2.13929
819 867 -1.21942
820 821 0.19887
820 868 -0.9313
821 822 -1.78575
821 869 0.45927
822 823 0.3948
822 870 0.51384
823 824 0.60042
823 871 -0.63294
824 825 -0.51712
824 872 0.97415
825 826 2.47179
825 873 1.94077
826 827 0.35056
826 874 -0.33002
827 828 -0.4393
827 875 -0.99646
828 829 0.82858
828 876 0.89741
829 830 1.79231
829 877 -1.78389
830 831 0.15395
830 878 -0.65144
831 832 -0.21297
831 879 0.88562
832 833 0.1257
832 880 0.66405
833 834 0.73714
833 881 -1.09607
834 835 -0.99016
834 882 1.94169
835 836 0.67908
835 883 0.83423
836 837 -0.30933
836 884 1.74365
837 838 1.73522
837 885 -0.90621
838 839 1.82913
838 886 0.83045
839 840 1.06209
839 887 0.10852
840 841 -1.14612
840 888 -0.7663
841 842 -1.12988
841 889 0.81047
842 843 0.00694
842 890 1.26221
843 844 -1.18128
843 891 -0.85148
844 845 0.04474
844 892 -0.02189
845 846 0.46034
845 893 -0.3032
846 847 0.97123
846 894 0.41103
847 848 0.80772
847 895 0.39804
848 849 -0.34682
848 896 0.11507
849 850 -0.7888
849 897 0.26552
850 851 0.15833
850 898 0.79675
851 852 3.00055
851 899 -1.30719
852 853 1.60771
852 900 -0.55807
853 854 -0.24813
853 901 0.4648
854 855 -0.52288
854 902 0.54508
855 856 -0.59735
855 903 1.53681
856 857 -1.21801
856 904 -1.02575
857 858 -0.45366
857 905 -0.85394
858 859 0.9108
858 906 -1.66485
859 860 -0.5081
859 907 -0.89684
860 861 -0.51483
860 908 0.77329
861 862 0.09382
861 909 -0.71272
862 863 -1.02615
862 910 1.78612
863 911 1.14327
864 865 0.87426
864 911 0.70353
864 912 -0.01912
865 866 -0.46617
865 913 1.00116
866 867 -0.55608
866 914 -1.5543
867 868 -0.01678
867 915 -1.90969
868 869 0.1384
868 916 0.33643
869 870 -0.26465
869 917 -0.17517
870 871 -0.83616
870 918 1.78921
871 872 2.28705
871 919 -0.80737
872 873 0.83996
872 920 0.40193
873 874 -0.75411
873 921 0.59035
874 875 0.23657
874 922 1.80297
875 876 -1.18928
875 923 -0.28312
876 877 -0.81845
876 924 0.24589
877 878 -1.58667
877 925 0.70089
878 879 0.11513
878 926 1.26349
879 880 0.10574
879 927 0.71845
880 881 0.81069
880 928 0.09334
881 882 -0.14226
881 929 -0.03211
882 883 -1.62705
882 930 1.87658
883 884 -1.86753
883 931 -0.60739
884 885 0.02822
884 932 1.34602
885 886 -0.15392
885 933 0.52373
886 887 -0.64661
886 934 -0.50132
887 888 0.83484
887 935 1.06359
888 889 -0.05035
888 936 0.70384
889 890 -1.95828
889 937 0.00982
890 891 -0.79
890 938 -0.75315
891 892 0.97604
891 939 -1.28929
892 893 -0.2683
892 940 -0.77888
893 894 -2.41078
893 941 -0.41089
894 895 0.29263
894 942 -0.31283
895 896 -1.40397
895 943 0.76656
896 897 -0.24608
896 944 0.18523
897 898 -0.02604
897 945 0.08104
898 899 0.71299
898 946 -0.0029
899 900 0.58095
899 947 -0.09662
900 901 -0.17981
900 948 0.76809
901 902 -2.08825
901 949 -0.76587
902 903 1.29957
902 950 -0.38762
903 904 0.65117
903 951 -1.93537
904 905 0.39746
904 952 0.33809
905 906 0.36112
905 953 1.06143
906 907 1.5897
906 954 -0.63574
907 908 -0.1326
907 955 0.04788
908 909 -0.36455
908 956 -0.25469
909 910 -1.0203
909 957 1.89975
910 911 0.0478
910 958 -0.24661
911 959 0.9929
912 913 -0.53803
912 959 -2.53526
912 960 -0.84818
913 914 0.9475
913 961 0.21762
914 915 -0.17868
914 962 -2.27646
915 916 1.5053
915 963 -0.58238
916 917 1.45666
916 964 -1.61724
917 918 -2.70149
917 965 -2.29466
918 919 0.56165
918 966 1.05452
919 920 -1.27791
919 967 2.30537
920 921 0.28858
920 968 -0.01984
921 922 -0.467
921 969 0.29346
922 923 -0.80184
922 970 -0.41303
923 924 -0.0797
923 971 0.82092
924 925 0.84738
924 972 -0.44109
925 926 0.69637
925 973 -0.35137
926 927 1.60588
926 974 -0.6828
927 928 -1.39135
927 975 0.75341
928 929 0.50067
928 976 -0.4553
929 930 0.31721
929 977 1.11884
930 931 -0.01621
930 978 -1.39432
931 932 -0.29462
931 979 0.35372
932 933 0.93932
932 980 -0.37425
933 934 -0.75176
933 981 0.71418
934 935 -0.89328
934 982 -0.51231
935 936 -3.51993
935 983 0.36525
936 937 0.45025
936 984 2.90455
937 938 -0.05301
937 985 0.63856
938 939 0.7254
938 986 -0.47642
939 940 -0.26203
939 987 1.29042
940 941 -1.40549
940 988 1.12
941 942 0.69387
941 989 1.66146
942 943 0.05841
942 990 1.05632
943 944 0.41078
943 991 -0.23507
944 945 0.33431
944 992 2.01861
945 946 -0.57866
945 993 -1.94991
946 947 -0.87503
946 994 0.02727
947 948 -0.49261
947 995 0.59905
948 949 0.66605
948 996 1.01718
949 950 -0.60771
949 997 -0.205
950 951 1.20642
950 998 -0.69783
951 952 0.81407
951 999 0.54529
952 953 -1.37085
952 1000 1.85774
953 954 -0.28833
953 1001 0.30355
954 955 1.15881
954 1002 -0.08389
955 956 -0.6386
955 1003 1.3788
956 957 1.55044
956 1004 -1.63163
957 958 1.16883
957 1005 0.25319
958 959 0.75127
958 1006 0.42432
959 1007 0.59038
960 961 0.12495
960 1007 -0.06865
960 1008 0.23236
961 962 -0.31562
961 1009 -1.2413
962 963 -0.13307
962 1010 0.00334
963 964 0.80854
963 1011 -1.08195
964 965 -1.10844
964 1012 0.49501
965 966 0.57463
965 1013 -1.01833
966 967 -0.40493
966 1014 1.16044
967 968 -1.61435
967 1015 0.11092
968 969 0.70078
968 1016 -0.36239
969 970 -2.04969
969 1017 1.41831
970 971 1.35716
970 1018 -0.63927
971 972 -1.39461
971 1019 -0.1685
972 973 -0.64752
972 1020 2.26198
973 974 0.21642
973 1021 -0.19757
974 975 -1.58795
974 1022 -0.70397
975 976 -0.03102
975 1023 0.19109
976 977 -0.06008
976 1024 -0.31066
977 978 -0.29756
977 1025 0.20699
978 979 -1.31183
978 1026 0.39852
979 980 0.40746
979 1027 -1.22962
980 981 1.01589
980 1028 -1.74879
981 982 0.46942
981 1029 0.00398
982 983 0.6851
982 1030 -0.10215
983 984 0.20938
983 1031 -0.61545
984 985 -0.9169
984 1032 -0.19821
985 986 -0.45014
985 1033 -1.97374
986 987 -1.70562
986 1034 1.23378
987 988 -0.75332
987 1035 -0.20408
988 989 -0.45682
988 1036 0.62698
989 990 -0.94528
989 1037 0.93158
990 991 0.02678
990 1038 -0.0117
991 992 0.62527
991 1039 -2.06466
992 993 1.89486
992 1040 -1.6372
993 994 1.29044
993 1041 -0.5191
994 995 1.17918
994 1042 -0.99727
995 996 0.23091
995 1043 -0.54492
996 997 -1.77507
996 1044 0.62044
997 998 0.27598
997 1045 1.62004
998 999 0.66692
998 1046 -0.21828
999 1000 0.68375
999 1047 -0.36154
1000 1001 -0.26004
1000 1048 0.45796
1001 1002 -2.23051
1001 1049 1.7679
1002 1003 -0.22108
1002 1050 0.28371
1003 1004 -0.87173
1003 1051 -0.40186
1004 1005 -0.01453
1004 1052 2.34941
1005 1006 -0.9479
1005 1053 -2.46376
1006 1007 0.37444
1006 1054 0.19448
1007 1055 1.42274
1008 1009 -1.54403
1008 1055 0.70888
1008 1056 0.09908
1009 1010 1.6717
1009 1057 0.94288
1010 1011 -0.81126
1010 1058 0.14602
1011 1012 -0.92091
1011 1059 1.79287
1012 1013 1.22888
1012 1060 -1.03249
1013 1014 1.38604
1013 1061 1.53902
1014 1015 1.22439
1014 1062 -0.56152
1015 1016 -0.2136
1015 1063 1.34847
1016 1017 1.32643
1016 1064 -0.49292
1017 1018 -0.32343
1017 1065 -1.06596
1018 1019 -0.39858
1018 1066 -0.90392
1019 1020 1.55501
1019 1067 -1.45783
1020 1021 -0.58365
1020 1068 1.6239
1021 1022 -0.25702
1021 1069 -0.49484
1022 1023 -0.03213
1022 1070 -0.45928
1023 1024 -0.78908
1023 1071 0.87369
1024 1025 -0.79808
1024 1072 0.01774
1025 1026 0.14834
1025 1073 -0.92547
1026 1027 0.25439
1026 1074 -0.56148
1027 1028 -0.51558
1027 1075 -0.7749
1028 1029 -0.42381
1028 1076 0.49716
1029 1030 -0.6641
1029 1077 2.21746
1030 1031 -0.03686
1030 1078 0.12508
1031 1032 0.23395
1031 1079 -0.64541
1032 1033 -0.2958
1032 1080 -1.01408
1033 1034 -0.02528
1033 1081 -0.05391
1034 1035 -0.85914
1034 1082 0.5289
1035 1036 -0.38729
1035 1083 1.25499
1036 1037 -0.89867
1036 1084 -0.95283
1037 1038 1.05096
1037 1085 -0.58232
1038 1039 -0.31408
1038 1086 1.92128
1039 1040 -0.07999
1039 1087 -0.7237
1040 1041 2.50459
1040 1088 -1.71711
1041 1042 1.01626
1041 1089 -1.20629
1042 1043 0.21833
1042 1090 -0.48382
1043 1044 0.73191
1043 1091 0.04937
1044 1045 0.33017
1044 1092 -2.04541
1045 1046 0.5019
1045 1093 0.20175
1046 1047 -1.2917
1046 1094 -1.24215
1047 1048 -0.80599
1047 1095 1.43589
1048 1049 -0.1598
1048 1096 0.0526
1049 1050 0.3957
1049 1097 -0.41871
1050 1051 -1.21143
1050 1098 -0.33429
1051 1052 0.3752
1051 1099 -1.22398
1052 1053 -1.76322
1052 1100 0.81309
1053 1054 1.28341
1053 1101 0.07358
1054 1055 -1.30352
1054 1102 -0.44109
1055 1103 0.48567
1056 1057 -0.46005
1056 1103 0.40347
1056 1104 -0.90345
1057 1058 0.10465
1057 1105 0.068
1058 1059 1.16313
1058 1106 -0.70094
1059 1060 0.37585
1059 1107 -0.40057
1060 1061 0.49405
1060 1108 1.17205
1061 1062 -1.23953
1061 1109 0.04318
1062 1063 0.75622
1062 1110 1.83846
1063 1064 -0.7449
1063 1111 -1.88686
1064 1065 -0.05169
1064 1112 1.4759
1065 1066 2.05826
1065 1113 0.16236
1066 1067 1.8733
1066 1114 1.63357
1067 1068 0.2749
1067 1115 0.00465
1068 1069 1.53809
1068 1116 0.25534
1069 1070 -0.4906
1069 1117 -1.93141
1070 1071 1.74397
1070 1118 -0.99449
1071 1072 0.04597
1071 1119 1.09136
1072 1073 -0.72925
1072 1120 0.21421
1073 1074 -1.33451
1073 1121 -0.21371
1074 1075 -0.60827
1074 1122 2.02947
1075 1076 -0.24149
1075 1123 -0.09743
1076 1077 0.92615
1076 1124 1.5162
1077 1078 1.90204
1077 1125 -0.61891
1078 1079 0.02818
1078 1126 1.042
1079 1080 -1.28381
1079 1127 0.96309
1080 1081 -0.07582
1080 1128 1.06807
1081 1082 0.30876
1081 1129 -0.68746
1082 1083 0.39715
1082 1130 0.95911
1083 1084 -1.07598
1083 1131 -0.2218
1084 1085 0.46178
1084 1132 1.18651
1085 1086 1.96707
1085 1133 -1.95094
1086 1087 0.30494
1086 1134 -0.85389
1087 1088 -0.46484
1087 1135 0.37559
1088 1089 -0.85715
1088 1136 -1.25844
1089 1090 -0.2958
1089 1137 -0.47018
1090 1091 1.50389
1090 1138 0.56756
1091 1092 0.70448
1091 1139 -0.21012
1092 1093 -0.95695
1092 1140 -0.61303
1093 1094 0.60122
1093 1141 0.16169
1094 1095 0.85117
1094 1142 0.61513
1095 1096 1.09663
1095 1143 0.2465
1096 1097 0.06059
1096 1144 0.17764
1097 1098 0.36016
1097 1145 0.42919
1098 1099 0.06574
1098 1146 0.85695
1099 1100 -1.29437
1099 1147 1.82131
1100 1101 -0.14425
1100 1148 -2.36378
1101 1102 -0.33871
1101 1149 -1.14323
1102 1103 -0.48198
1102 1150 -0.86333
1103 1151 0.28831
1104 1105 -0.30234
1104 1151 0.41256
1104 1152 -1.31971
1105 1106 -0.95645
1105 1153 0.46647
1106 1107 0.9083
1106 1154 1.20933
1107 1108 -1.09851
1107 1155 0.31508
1108 1109 -0.93197
1108 1156 -0.89347
1109 1110 0.46306
1109 1157 0.76219
1110 1111 -0.35103
1110 1158 -0.08309
1111 1112 0.25119
1111 1159 0.90121
1112 1113 0.39001
1112 1160 -0.79753
1113 1114 0.21954
1113 1161 0.90773
1114 1115 -0.60871
1114 1162 -2.07154
1115 1116 -0.12849
1115 1163 -0.73086
1116 1117 -1.54098
1116 1164 0.96694
1117 1118 1.47903
1117 1165 0.32239
1118 1119 -1.08764
1118 1166 0.7218
1119 1120 -0.29806
1119 1167 -1.61738
1120 1121 1.05499
1120 1168 0.06715
1121 1122 -0.19375
1121 1169 0.93274
1122 1123 -1.80227
1122 1170 0.79761
1123 1124 -1.16902
1123 1171 0.90204
1124 1125 -1.87056
1124 1172 -0.08568
1125 1126 2.19551
1125 1173 0.55358
1126 1127 -1.01256
1126 1174 -0.88547
1127 1128 0.77009
1127 1175 0.38976
1128 1129 0.15909
1128 1176 0.81485
1129 1130 0.02274
1129 1177 -0.51028
1130 1131 -0.51173
1130 1178 1.07882
1131 1132 -2.88998
1131 1179 2.33029
1132 1133 -0.00943
1132 1180 -1.02885
1133 1134 -0.21574
1133 1181 0.38689
1134 1135 0.99864
1134 1182 -0.26659
1135 1136 -0.86893
1135 1183 -1.93315
1136 1137 1.69751
1136 1184 1.01059
1137 1138 -0.53964
1137 1185 -0.13377
1138 1139 0.09788
1138 1186 -0.45632
1139 1140 1.80613
1139 1187 -0.4992
1140 1141 0.25277
1140 1188 0.49153
1141 1142 -0.67379
1141 1189 -0.29402
1142 1143 0.78946
1142 1190 0.53956
1143 1144 1.04488
1143 1191 0.6314
1144 1145 -1.41105
1144 1192 -0.76509
1145 1146 -0.15015
1145 1193 -1.12296
1146 1147 -1.31414
1146 1194 -0.22466
1147 1148 0.22449
1147 1195 -1.42235
1148 1149 -0.41215
1148 1196 1.7622
1149 1150 0.01366
1149 1197 -0.09115
1150 1151 0.2687
1150 1198 -0.91162
1151 1199 -1.6457
1152 1153 -0.86987
1152 1199 -0.20159
1152 1200 -0.5501
1153 1154 2.01528
1153 1201 0.54335
1154 1155 0.20715
1154 1202 -1.30259
1155 1156 -1.33442
1155 1203 -0.77296
1156 1157 0.17585
1156 1204 -0.36782
1157 1158 0.26822
1157 1205 0.21762
1158 1159 -0.23684
1158 1206 0.73441
1159 1160 1.07246
1159 1207 0.05767
1160 1161 0.54279
1160 1208 0.32781
1161 1162 -0.02569
1161 1209 -0.72551
1162 1163 -0.95869
1162 1210 -0.28536
1163 1164 -1.88733
1163 1211 1.65284
1164 1165 -0.19134
1164 1212 0.07569
1165 1166 0.20714
1165 1213 0.22914
1166 1167 0.86175
1166 1214 1.2252
1167 1168 -0.8503
1167 1215 0.51209
1168 1169 -0.34283
1168 1216 0.85507
1169 1170 -1.68049
1169 1217 0.70811
1170 1171 -1.09035
1170 1218 -0.60092
1171 1172 -0.16489
1171 1219 -0.39436
1172 1173 0.81797
1172 1220 0.65238
1173 1174 -0.64252
1173 1221 0.99249
1174 1175 -3.11531
1174 1222 -0.22999
1175 1176 2.10491
1175 1223 -1.73518
1176 1177 1.31285
1176 1224 1.05481
1177 1178 -1.36511
1177 1225 -0.26467
1178 1179 2.06482
1178 1226 -0.25632
1179 1180 -2.33715
1179 1227 0.0708
1180 1181 -1.27686
1180 1228 2.07818
1181 1182 0.79767
1181 1229 -0.60228
1182 1183 1.40174
1182 1230 -1.03784
1183 1184 -0.93315
1183 1231 -0.05532
1184 1185 -0.98097
1184 1232 -1.45354
1185 1186 0.11979
1185 1233 2.2408
1186 1187 -2.2689
1186 1234 -0.35373
1187 1188 0.26121
1187 1235 -0.7695
1188 1189 -0.45467
1188 1236 1.21057
1189 1190 -0.32284
1189 1237 1.77976
1190 1191 0.08974
1190 1238 -0.89166
1191 1192 -0.64956
1191 1239 0.9951
1192 1193 -0.97273
1192 1240 -0.28085
1193 1194 1.73338
1193 1241 0.81972
1194 1195 0.92515
1194 1242 -0.44993
1195 1196 0.6617
1195 1243 -0.23883
1196 1197 -2.24055
1196 1244 -1.19275
1197 1198 0.88854
1197 1245 -1.09724
1198 1199 0.14853
1198 1246 -0.79853
1199 1247 -0.52814
1200 1201 1.64655
1200 1247 -0.10078
1200 1248 0.92895
1201 1202 -0.99324
1201 1249 1.93297
1202 1203 -0.00937
1202 1250 -0.12985
1203 1204 -0.43528
1203 1251 0.47675
1204 1205 1.17809
1204 1252 -0.12107
1205 1206 1.67882
1205 1253 -0.89419
1206 1207 0.11336
1206 1254 0.89768
1207 1208 0.92156
1207 1255 0.50679
1208 1209 0.01282
1208 1256 -1.10466
1209 1210 0.31282
1209 1257 0.49737
1210 1211 2.10545
1210 1258 1.26658
1211 1212 -0.93864
1211 1259 0.63824
1212 1213 -0.27944
1212 1260 0.41684
1213 1214 -0.71434
1213 1261 0.1321
1214 1215 0.53922
1214 1262 0.98484
1215 1216 0.06636
1215 1263 -1.65271
1216 1217 0.41685
1216 1264 -0.56465
1217 1218 -0.34309
1217 1265 -2.22986
1218 1219 1.4102
1218 1266 0.43598
1219 1220 0.77505
1219 1267 0.68802
1220 1221 0.07946
1220 1268 -0.59946
1221 1222 -0.75975
1221 1269 1.45789
1222 1223 -0.86036
1222 1270 -0.08371
1223 1224 0.20836
1223 1271 0.78092
1224 1225 0.90663
1224 1272 1.07639
1225 1226 0.83633
1225 1273 0.26706
1226 1227 0.62927
1226 1274 0.68111
1227 1228 -0.72125
1227 1275 1.81771
1228 1229 -0.88029
1228 1276 1.13587
1229 1230 1.07489
1229 1277 -1.16245
1230 1231 1.19085
1230 1278 -0.37949
1231 1232 -0.90518
1231 1279 -0.42941
1232 1233 -0.23237
1232 1280 0.37884
1233 1234 0.73598
1233 1281 0.24014
1234 1235 -0.88127
1234 1282 -1.54547
1235 1236 -0.5056
1235 1283 -1.36328
1236 1237 1.47055
1236 1284 -0.95369
1237 1238 0.86869
1237 1285 -0.23411
1238 1239 1.38837
1238 1286 -0.96082
1239 1240 0.59091
1239 1287 0.36978
1240 1241 0.23303
1240 1288 1.60301
1241 1242 -0.06332
1241 1289 1.74584
1242 1243 -1.39766
1242 1290 0.44107
1243 1244 0.82558
1243 1291 -0.78163
1244 1245 0.62501
1244 1292 -1.0234
1245 1246 0.81069
1245 1293 0.60573
1246 1247 -0.20811
1246 1294 1.5693
1247 1295 -0.07364
1248 1249 2.36988
1248 1295 0.94043
1248 1296 0.44844
1249 1250 -0.69517
1249 1297 1.73397
1250 1251 0.09213
1250 1298 1.28451
1251 1252 -1.25196
1251 1299 0.99209
1252 1253 0.78433
1252 1300 0.69874
1253 1254 -0.05428
1253 1301 1.18917
1254 1255 1.19211
1254 1302 -0.1228
1255 1256 0.01325
1255 1303 0.56805
1256 1257 0.05769
1256 1304 0.68851
1257 1258 0.24996
1257 1305 0.18344
1258 1259 -2.48813
1258 1306 -1.57307
1259 1260 0.26355
1259 1307 -1.75545
1260 1261 -0.43311
1260 1308 -0.51552
1261 1262 0.11655
1261 1309 0.86644
1262 1263 -0.28934
1262 1310 0.11777
1263 1264 0.39232
1263 1311 -0.32474
1264 1265 -1.48029
1264 1312 -1.71689
1265 1266 -1.39273
1265 1313 -0.32804
1266 1267 -0.011
1266 1314 -0.34217
1267 1268 0.01521
1267 1315 0.64983
1268 1269 -0.31004
1268 1316 -1.90036
1269 1270 0.15543
1269 1317 -0.57121
1270 1271 0.37989
1270 1318 0.15366
1271 1272 -0.03764
1271 1319 -0.45787
1272 1273 0.19183
1272 1320 0.56678
1273 1274 -1.78338
1273 1321 -0.51935
1274 1275 0.26519
1274 1322 -1.64166
1275 1276 -0.48288
1275 1323 1.55421
1276 1277 0.92853
1276 1324 -0.53829
1277 1278 0.54909
1277 1325 1.57959
1278 1279 0.41488
1278 1326 -0.72967
1279 1280 -1.57783
1279 1327 0.27561
1280 1281 1.15705
1280 1328 1.09903
1281 1282 -0.18122
1281 1329 0.60249
1282 1283 -0.54799
1282 1330 0.79725
1283 1284 -0.99704
1283 1331 -0.88653
1284 1285 0.07629
1284 1332 -0.81988
1285 1286 -0.38251
1285 1333 0.97961
1286 1287 -1.3724
1286 1334 -2.64587
1287 1288 1.04508
1287 1335 1.28462
1288 1289 0.20128
1288 1336 -0.17754
1289 1290 0.64508
1289 1337 -0.29075
1290 1291 -1.32693
1290 1338 0.88709
1291 1292 -0.33489
1291 1339 -0.23871
1292 1293 -0.87031
1292 1340 -0.35821
1293 1294 -0.87217
1293 1341 1.0045
1294 1295 -1.18958
1294 1342 0.4803
1295 1343 0.99991
1296 1297 -1.20777
1296 1343 1.07058
1296 1344 2.02761
1297 1298 0.50304
1297 1345 0.64001
1298 1299 0.62565
1298 1346 -0.63422
1299 1300 0.90512
1299 1347 1.37382
1300 1301 -0.67556
1300 1348 -1.42649
1301 1302 0.12907
1301 1349 0.64287
1302 1303 -0.47604
1302 1350 -0.58615
1303 1304 0.33623
1303 1351 1.67225
1304 1305 0.52378
1304 1352 -0.12209
1305 1306 -0.87786
1305 1353 -1.23022
1306 1307 -0.92765
1306 1354 -0.19649
1307 1308 0.75137
1307 1355 -2.16312
1308 1309 0.39199
1308 1356 0.42527
1309 1310 0.21333
1309 1357 -0.27912
1310 1311 1.44094
1310 1358 -0.21116
1311 1312 -0.46363
1311 1359 0.43804
1312 1313 -0.37111
1312 1360 -1.07421
1313 1314 0.20829
1313 1361 0.8899
1314 1315 -0.09438
1314 1362 -2.20577
1315 1316 -1.00883
1315 1363 -0.48118
1316 1317 1.23654
1316 1364 -0.72831
1317 1318 0.29581
1317 1365 -0.12086
1318 1319 1.7677
1318 1366 -1.84405
1319 1320 -1.31742
1319 1367 0.74589
1320 1321 -0.84734
1320 1368 -0.66968
1321 1322 1.78088
1321 1369 -0.99884
1322 1323 -0.90816
1322 1370 0.27081
1323 1324 0.05185
1323 1371 -0.13116
1324 1325 -0.21675
1324 1372 0.05937
1325 1326 -1.3731
1325 1373 0.70761
1326 1327 -0.1258
1326 1374 1.7144
1327 1328 -2.79832
1327 1375 -1.08197
1328 1329 -0.83
1328 1376 0.57046
1329 1330 0.86377
1329 1377 0.21781
1330 1331 -0.07501
1330 1378 -0.21512
1331 1332 0.18497
1331 1379 0.90721
1332 1333 -0.35306
1332 1380 0.73988
1333 1334 -1.1635
1333 1381 -0.18556
1334 1335 0.74873
1334 1382 0.15787
1335 1336 -0.00519
1335 1383 -1.13877
1336 1337 0.56764
1336 1384 -0.51955
1337 1338 0.0358
1337 1385 0.03074
1338 1339 -2.38214
1338 1386 0.2226
1339 1340 -0.63597
1339 1387 -0.10872
1340 1341 0.01699
1340 1388 -1.1943
1341 1342 -0.72229
1341 1389 0.98184
1342 1343 1.54898
1342 1390 0.51974
1343 1391 1.95213
1344 1345 0.08372
1344 1391 -1.04394
1344 1392 -0.66324
1345 1346 0.78353
1345 1393 0.69355
1346 1347 -0.21152
1346 1394 0.10484
1347 1348 -1.28178
1347 1395 -0.63321
1348 1349 -1.20228
1348 1396 -0.8007
1349 1350 -0.62754
1349 1397 -1.55797
1350 1351 1.85752
1350 1398 -1.10445
1351 1352 -0.40544
1351 1399 1.19724
1352 1353 1.56649
1352 1400 -0.9975
1353 1354 0.56312
1353 1401 -1.18856
1354 1355 0.18717
1354 1402 -0.32352
1355 1356 -1.03054
1355 1403 -1.73793
1356 1357 -0.35006
1356 1404 -1.73097
1357 1358 -0.15056
1357 1405 -0.43094
1358 1359 1.36781
1358 1406 -1.6265
1359 1360 1.38661
1359 1407 -1.49685
1360 1361 0.36149
1360 1408 -0.11983
1361 1362 2.69546
1361 1409 -1.10857
1362 1363 0.03619
1362 1410 1.53414
1363 1364 -0.7814
1363 1411 -1.67252
1364 1365 1.92256
1364 1412 -0.2471
1365 1366 0.225
1365 1413 0.37822
1366 1367 0.21312
1366 1414 1.17261
1367 1368 -1.0354
1367 1415 -0.91348
1368 1369 2.09986
1368 1416 0.72175
1369 1370 -0.98212
1369 1417 0.66252
1370 1371 -0.27036
1370 1418 0.69269
1371 1372 -0.47714
1371 1419 3.13193
1372 1373 -2.06213
1372 1420 -0.09729
1373 1374 1.27765
1373 1421 -0.68275
1374 1375 0.23779
1374 1422 0.01826
1375 1376 1.25281
1375 1423 -0.67228
1376 1377 0.17294
1376 1424 0.06234
1377 1378 -0.07825
1377 1425 -0.96921
1378 1379 -1.75206
1378 1426 0.34726
1379 1380 0.98053
1379 1427 -0.28282
1380 1381 1.60866
1380 1428 -1.13111
1381 1382 -1.97731
1381 1429 -2.90672
1382 1383 -0.21242
1382 1430 0.26367
1383 1384 0.22391
1383 1431 1.00717
1384 1385 0.05811
1384 1432 0.52666
1385 1386 -1.36268
1385 1433 0.62191
1386 1387 -1.56411
1386 1434 1.99346
1387 1388 0.64229
1387 1435 -0.09494
1388 1389 1.34069
1388 1436 -0.74318
1389 1390 -0.7728
1389 1437 -0.1557
1390 1391 0.74229
1390 1438 2.02684
1391 1439 -0.35842
1392 1393 -0.26351
1392 1439 0.12468
1392 1440 -1.182
1393 1394 -0.20858
1393 1441 -0.06528
1394 1395 -1.51116
1394 1442 1.62968
1395 1396 -1.33534
1395 1443 -0.01054
1396 1397 0.64961
1396 1444 -0.31466
1397 1398 0.4107
1397 1445 -1.02308
1398 1399 -2.90237
1398 1446 1.10954
1399 1400 0.319
1399 1447 0.74383
1400 1401 -0.73086
1400 1448 -0.03433
1401 1402 2.07712
1401 1449 -0.49308
1402 1403 -2.09832
1402 1450 0.19386
1403 1404 -0.93505
1403 1451 -0.59237
1404 1405 0.39361
1404 1452 0.33658
1405 1406 0.60037
1405 1453 -0.51295
1406 1407 0.44768
1406 1454 -0.27148
1407 1408 -0.56609
1407 1455 -1.65406
1408 1409 -0.02729
1408 1456 2.05973
1409 1410 -0.57808
1409 1457 0.26705
1410 1411 0.59719
1410 1458 -0.62104
1411 1412 1.26757
1411 1459 -0.40476
1412 1413 1.11373
1412 1460 -0.35397
1413 1414 -1.2571
1413 1461 -0.10923
1414 1415 1.10342
1414 1462 -0.22426
1415 1416 -0.21304
1415 1463 -0.39442
1416 1417 -1.79723
1416 1464 -0.83574
1417 1418 -1.84627
1417 1465 1.28406
1418 1419 0.61841
1418 1466 2.60201
1419 1420 1.02996
1419 1467 -1.22783
1420 1421 2.31697
1420 1468 0.85188
1421 1422 0.89857
1421 1469 -0.29257
1422 1423 0.35834
1422 1470 -0.55621
1423 1424 0.29407
1423 1471 0.50739
1424 1425 0.53054
1424 1472 0.0726
1425 1426 0.60952
1425 1473 -0.39789
1426 1427 0.24274
1426 1474 -0.10291
1427 1428 -2.65848
1427 1475 1.26573
1428 1429 0.94904
1428 1476 -0.5151
1429 1430 0.56654
1429 1477 1.14068
1430 1431 -0.13601
1430 1478 -0.19769
1431 1432 0.53467
1431 1479 -0.19337
1432 1433 -0.51258
1432 1480 -0.66535
1433 1434 -1.34437
1433 1481 1.31398
1434 1435 0.39566
1434 1482 -1.02369
1435 1436 0.56669
1435 1483 -1.44808
1436 1437 -0.11187
1436 1484 -2.19979
1437 1438 0.92601
1437 1485 -0.87645
1438 1439 1.11668
1438 1486 0.16598
1439 1487 0.9372
1440 1441 -1.62365
1440 1487 0.11119
1440 1488 -0.62685
1441 1442 1.37195
1441 1489 0.34131
1442 1443 0.13116
1442 1490 1.94883
1443 1444 -1.81204
1443 1491 -0.33545
1444 1445 -0.00869
1444 1492 -1.26918
1445 1446 -0.04082
1445 1493 0.63587
1446 1447 0.86321
1446 1494 1.66088
1447 1448 0.19377
1447 1495 0.46387
1448 1449 -0.27357
1448 1496 0.98286
1449 1450 -1.00669
1449 1497 0.83647
1450 1451 -0.63323
1450 1498 -0.96124
1451 1452 0.40861
1451 1499 -1.42485
1452 1453 -0.868
1452 1500 0.13082
1453 1454 0.02597
1453 1501 0.15605
1454 1455 0.21645
1454 1502 -0.41996
1455 1456 -0.82744
1455 1503 0.61897
1456 1457 -0.48727
1456 1504 0.46296
1457 1458 1.70815
1457 1505 -1.86791
1458 1459 -0.27816
1458 1506 -0.13358
1459 1460 -0.00263
1459 1507 -1.02854
1460 1461 -0.5764
1460 1508 -0.65068
1461 1462 -0.70831
1461 1509 -1.37197
1462 1463 0.75794
1462 1510 -2.14104
1463 1464 1.36458
1463 1511 0.01343
1464 1465 -1.2869
1464 1512 0.9283
1465 1466 1.1179
1465 1513 -3.11694
1466 1467 0.37434
1466 1514 0.67882
1467 1468 -0.09231
1467 1515 0.45519
1468 1469 -0.62999
1468 1516 -1.10737
1469 1470 0.10233
1469 1517 0.5838
1470 1471 0.10928
1470 1518 0.69407
1471 1472 1.06382
1471 1519 0.36523
1472 1473 -1.08652
1472 1520 0.04406
1473 1474 0.79926
1473 1521 0.57246
1474 1475 1.15639
1474 1522 -0.75403
1475 1476 -0.32892
1475 1523 -1.4249
1476 1477 0.22785
1476 1524 -0.46743
1477 1478 0.93758
1477 1525 -0.44915
1478 1479 0.12203
1478 1526 2.02166
1479 1480 1.39441
1479 1527 -1.38151
1480 1481 1.68097
1480 1528 1.04125
1481 1482 0.11445
1481 1529 1.25356
1482 1483 1.68964
1482 1530 -1.26667
1483 1484 -0.61078
1483 1531 -0.08656
1484 1485 1.00739
1484 1532 -1.66242
1485 1486 0.46853
1485 1533 1.46543
1486 1487 2.10365
1486 1534 0.97131
1487 1535 1.93424
1488 1489 0.92275
1488 1535 1.03684
1488 1536 -0.28935
1489 1490 -0.04565
1489 1537 0.13295
1490 1491 1.08315
1490 1538 0.72148
1491 1492 0.6649
1491 1539 -0.61606
1492 1493 -0.54389
1492 1540 -0.34505
1493 1494 -0.83806
1493 1541 -0.24954
1494 1495 -1.81906
1494 1542 0.49338
1495 1496 -0.57734
1495 1543 0.47222
1496 1497 -0.58306
1496 1544 -0.29408
1497 1498 -0.75035
1497 1545 1.43757
1498 1499 0.43298
1498 1546 -0.22798
1499 1500 1.15351
1499 1547 -0.29249
1500 1501 -1.03776
1500 1548 0.27367
1501 1502 0.1063
1501 1549 1.39816
1502 1503 -0.06011
1502 1550 0.33403
1503 1504 -0.34414
1503 1551 -0.5124
1504 1505 -0.11725
1504 1552 -1.33988
1505 1506 0.97324
1505 1553 0.5477
1506 1507 -0.21589
1506 1554 -0.71408
1507 1508 1.49864
1507 1555 -0.61692
1508 1509 0.22996
1508 1556 -0.07162
1509 1510 0.52022
1509 1557 0.9376
1510 1511 -0.10172
1510 1558 -0.12158
1511 1512 -0.57907
1511 1559 0.40763
1512 1513 0.28744
1512 1560 -0.62222
1513 1514 0.89173
1513 1561 0.1512
1514 1515 -1.32371
1514 1562 0.35608
1515 1516 -0.93349
1515 1563 0.15645
1516 1517 0.62866
1516 1564 1.54083
1517 1518 0.43572
1517 1565 -0.3574
1518 1519 -1.8572
1518 1566 0.40812
1519 1520 1.21575
1519 1567 0.33234
1520 1521 -0.04452
1520 1568 -1.82076
1521 1522 -0.44999
1521 1569 1.85582
1522 1523 -0.17073
1522 1570 -0.90694
1523 1524 -1.78211
1523 1571 0.62466
1524 1525 0.04203
1524 1572 -0.38545
1525 1526 -0.4452
1525 1573 0.05564
1526 1527 0.90144
1526 1574 0.32388
1527 1528 -0.6102
1527 1575 -0.24712
1528 1529 -1.59101
1528 1576 -0.53235
1529 1530 -0.58706
1529 1577 -1.68774
1530 1531 0.6706
1530 1578 -0.29768
1531 1532 0.29101
1531 1579 0.44065
1532 1533 -1.16567
1532 1580 -0.27723
1533 1534 1.3633
1533 1581 -0.76743
1534 1535 -0.45167
1534 1582 2.43025
1535 1583 1.74376
1536 1537 -0.02398
1536 1583 -0.43569
1536 1584 0.21824
1537 1538 -1.07098
1537 1585 0.00532
1538 1539 0.74482
1538 1586 0.16062
1539 1540 0.05324
1539 1587 -1.27499
1540 1541 -1.12895
1540 1588 -0.63839
1541 1542 -0.69353
1541 1589 -0.68811
1542 1543 -0.25021
1542 1590 -0.44902
1543 1544 -0.09744
1543 1591 1.08342
1544 1545 -0.57229
1544 1592 0.16744
1545 1546 -2.14498
1545 1593 1.06689
1546 1547 0.75682
1546 1594 2.34164
1547 1548 -0.44754
1547 1595 1.84853
1548 1549 1.03824
1548 1596 1.12859
1549 1550 -0.07941
1549 1597 0.76102
1550 1551 -0.91902
1550 1598 0.17977
1551 1552 -0.84036
1551 1599 1.12774
1552 1553 -2.46869
1552 1600 2.26294
1553 1554 1.16323
1553 1601 0.8416
1554 1555 -0.4655
1554 1602 0.39452
1555 1556 0.35004
1555 1603 0.56957
1556 1557 -0.75093
1556 1604 0.33257
1557 1558 -0.41889
1557 1605 0.87563
1558 1559 -1.19291
1558 1606 1.29196
1559 1560 0.07098
1559 1607 -1.16602
1560 1561 -2.71893
1560 1608 0.87108
1561 1562 1.29924
1561 1609 0.87264
1562 1563 0.06861
1562 1610 -1.86345
1563 1564 0.01702
1563 1611 -0.05667
1564 1565 -0.37141
1564 1612 2.13141
1565 1566 1.44272
1565 1613 -0.46772
1566 1567 -0.15954
1566 1614 0.40916
1567 1568 0.07693
1567 1615 0.50148
1568 1569 1.23817
1568 1616 -0.74045
1569 1570 -0.40801
1569 1617 -1.22718
1570 1571 1.53902
1570 1618 0.40854
1571 1572 0.13533
1571 1619 1.63486
1572 1573 1.19914
1572 1620 0.38885
1573 1574 -0.67876
1573 1621 -0.07732
1574 1575 -0.28388
1574 1622 -0.56642
1575 1576 0.81853
1575 1623 0.73665
1576 1577 -0.89047
1576 1624 -0.01245
1577 1578 0.69623
1577 1625 -0.31603
1578 1579 0.49386
1578 1626 -0.43644
1579 1580 -0.26275
1579 1627 1.58161
1580 1581 0.28216
1580 1628 -1.3829
1581 1582 0.87116
1581 1629 0.56974
1582 1583 -0.06944
1582 1630 -0.38244
1583 1631 0.56863
1584 1585 -0.2895
1584 1631 -0.47452
1584 1632 1.87117
1585 1586 -0.98876
1585 1633 -0.53797
1586 1587 0.18668
1586 1634 -0.54818
1587 1588 -0.5386
1587 1635 -1.54299
1588 1589 2.49318
1588 1636 -0.38871
1589 1590 2.26265
1589 1637 0.81382
1590 1591 0.04685
1590 1638 -0.64166
1591 1592 0.04503
1591 1639 0.48301
1592 1593 -0.89878
1592 1640 -1.00599
1593 1594 0.02531
1593 1641 0.40379
1594 1595 -0.4188
1594 1642 -0.30886
1595 1596 -0.30289
1595 1643 -0.75022
1596 1597 0.15118
1596 1644 1.11772
1597 1598 -1.37383
1597 1645 -1.35657
1598 1599 1.05685
1598 1646 -0.40098
1599 1600 1.57099
1599 1647 1.30231
1600 1601 -1.74007
1600 1648 0.24847
1601 1602 -1.05394
1601 1649 -0.81477
1602 1603 -0.71058
1602 1650 0.62435
1603 1604 -0.16676
1603 1651 -2.65676
1604 1605 0.02502
1604 1652 0.52924
1605 1606 0.77814
1605 1653 -1.0468
1606 1607 -0.81307
1606 1654 0.5657
1607 1608 0.17118
1607 1655 1.05411
1608 1609 2.51861
1608 1656 1.44599
1609 1610 -1.30414
1609 1657 -0.01485
1610 1611 0.85965
1610 1658 -0.54169
1611 1612 0.75148
1611 1659 -0.0702
1612 1613 2.31814
1612 1660 -0.56637
1613 1614 0.36639
1613 1661 -0.51653
1614 1615 -0.09914
1614 1662 0.12037
1615 1616 1.19769
1615 1663 -0.85507
1616 1617 0.69606
1616 1664 0.56436
1617 1618 -0.59615
1617 1665 1.09668
1618 1619 -0.20954
1618 1666 -1.61454
1619 1620 -0.67411
1619 1667 -0.2082
1620 1621 -0.97013
1620 1668 0.51362
1621 1622 -0.86337
1621 1669 0.36895
1622 1623 1.26339
1622 1670 -0.77193
1623 1624 -1.05884
1623 1671 -0.84716
1624 1625 -1.73495
1624 1672 0.46476
1625 1626 0.19215
1625 1673 -0.04827
1626 1627 -0.52082
1626 1674 0.17816
1627 1628 -0.2949
1627 1675 0.15346
1628 1629 -0.10087
1628 1676 -0.20916
1629 1630 0.59279
1629 1677 -0.6944
1630 1631 -0.19851
1630 1678 -0.33903
1631 1679 -0.73967
1632 1633 0.94473
1632 1679 0.79957
1632 1680 -2.5578
1633 1634 0.30892
1633 1681 1.20856
1634 1635 0.84846
1634 1682 0.13959
1635 1636 1.82369
1635 1683 -1.03611
1636 1637 2.57949
1636 1684 -0.65141
1637 1638 1.10801
1637 1685 0.13183
1638 1639 1.15149
1638 1686 -0.08153
1639 1640 -0.57533
1639 1687 0.62297
1640 1641 -1.16615
1640 1688 -1.3451
1641 1642 -0.15914
1641 1689 -0.1001
1642 1643 -1.34572
1642 1690 -0.62305
1643 1644 1.08689
1643 1691 0.52896
1644 1645 0.01611
1644 1692 -0.73196
1645 1646 -0.60043
1645 1693 1.11376
1646 1647 -0.78283
1646 1694 -0.14071
1647 1648 -0.51703
1647 1695 0.2593
1648 1649 0.18421
1648 1696 -0.11289
1649 1650 0.43925
1649 1697 -0.31886
1650 1651 -1.69565
1650 1698 1.16331
1651 1652 -0.30257
1651 1699 -2.0265
1652 1653 -0.14734
1652 1700 -1.37581
1653 1654 -0.00617
1653 1701 0.53484
1654 1655 -0.76115
1654 1702 1.71941
1655 1656 -0.00676
1655 1703 0.38137
1656 1657 0.72441
1656 1704 0.34215
1657 1658 -0.96162
1657 1705 -0.82028
1658 1659 0.97256
1658 1706 -1.42154
1659 1660 0.29551
1659 1707 1.21523
1660 1661 0.02473
1660 1708 -0.30028
1661 1662 0.78636
1661 1709 1.15305
1662 1663 0.29631
1662 1710 -0.38051
1663 1664 -0.49096
1663 1711 0.18682
1664 1665 0.85862
1664 1712 0.65779
1665 1666 -0.18703
1665 1713 -0.61742
1666 1667 1.02086
1666 1714 0.48363
1667 1668 -0.81296
1667 1715 1.20782
1668 1669 0.95338
1668 1716 -0.39403
1669 1670 -1.58685
1669 1717 0.69771
1670 1671 0.68561
1670 1718 -0.53549
1671 1672 0.22499
1671 1719 1.75726
1672 1673 0.61971
1672 1720 1.24879
1673 1674 -0.37701
1673 1721 0.3504
1674 1675 -0.32143
1674 1722 1.70482
1675 1676 0.8129
1675 1723 0.68063
1676 1677 1.23191
1676 1724 0.19247
1677 1678 -0.04701
1677 1725 0.28839
1678 1679 -0.30186
1678 1726 -2.4382
1679 1727 -0.0927
1680 1681 0.35983
1680 1727 1.22266
1680 1728 -1.05651
1681 1682 2.53465
1681 1729 0.70912
1682 1683 -0.23292
1682 1730 0.66166
1683 1684 2.0964
1683 1731 0.23601
1684 1685 1.27786
1684 1732 -0.94428
1685 1686 -0.57159
1685 1733 -1.86441
1686 1687 1.94819
1686 1734 -0.3885
1687 1688 -1.60132
1687 1735 -0.97532
1688 1689 -0.24448
1688 1736 0.99812
1689 1690 0.62405
1689 1737 -0.10527
1690 1691 1.73223
1690 1738 0.77588
1691 1692 -1.88134
1691 1739 0.47293
1692 1693 0.08876
1692 1740 0.40773
1693 1694 -0.60908
1693 1741 0.63623
1694 1695 -0.84546
1694 1742 0.83464
1695 1696 1.61219
1695 1743 -0.90099
1696 1697 1.06359
1696 1744 -1.21506
1697 1698 -1.26414
1697 1745 -0.19008
1698 1699 0.55952
1698 1746 -0.5723
1699 1700 -0.23412
1699 1747 -1.07534
1700 1701 -0.17203
1700 1748 0.46891
1701 1702 0.30112
1701 1749 -2.26291
1702 1703 0.27133
1702 1750 -0.68993
1703 1704 0.30663
1703 1751 0.6882
1704 1705 -0.1078
1704 1752 2.10889
1705 1706 -1.76962
1705 1753 0.00252
1706 1707 0.43173
1706 1754 1.55026
1707 1708 1.1102
1707 1755 -0.39047
1708 1709 -0.99168
1708 1756 0.09931
1709 1710 0.228
1709 1757 0.3613
1710 1711 -0.71496
1710 1758 -0.9228
1711 1712 0.97833
1711 1759 0.32932
1712 1713 -0.91682
1712 1760 0.81978
1713 1714 -0.66986
1713 1761 -0.12591
1714 1715 -0.54671
1714 1762 1.345
1715 1716 1.40915
1715 1763 -1.13405
1716 1717 0.04145
1716 1764 1.85887
1717 1718 0.22144
1717 1765 -0.19231
1718 1719 0.09958
1718 1766 -1.37042
1719 1720 0.82668
1719 1767 -1.3227
1720 1721 0.39673
1720 1768 -1.04275
1721 1722 -0.6106
1721 1769 1.4966
1722 1723 0.59397
1722 1770 1.32713
1723 1724 -0.83301
1723 1771 -1.43975
1724 1725 1.63018
1724 1772 1.57285
1725 1726 0.29949
1725 1773 0.93386
1726 1727 1.15858
1726 1774 -0.97604
1727 1775 1.31007
1728 1729 -0.04561
1728 1775 -1.13817
1728 1776 -1.61779
1729 1730 0.90606
1729 1777 2.11163
1730 1731 -2.6693
1730 1778 -1.21327
1731 1732 -0.71841
1731 1779 -0.19005
1732 1733 0.64389
1732 1780 1.18311
1733 1734 1.04934
1733 1781 -0.26837
1734 1735 0.45894
1734 1782 -0.31571
1735 1736 -2.08882
1735 1783 0.10929
1736 1737 1.0735
1736 1784 1.13082
1737 1738 1.53184
1737 1785 1.71635
1738 1739 -0.78623
1738 1786 0.12092
1739 1740 2.25116
1739 1787 0.64254
1740 1741 0.50518
1740 1788 1.63765
1741 1742 0.18219
1741 1789 -0.75386
1742 1743 1.31227
1742 1790 -0.51623
1743 1744 -0.94427
1743 1791 0.30084
1744 1745 1.57115
1744 1792 -0.15145
1745 1746 -1.50446
1745 1793 2.85447
1746 1747 2.14399
1746 1794 0.83342
1747 1748 -0.94541
1747 1795 0.50318
1748 1749 0.09855
1748 1796 2.599
1749 1750 -0.13204
1749 1797 0.94984
1750 1751 -0.20292
1750 1798 0.50484
1751 1752 0.31607
1751 1799 -0.56423
1752 1753 -1.15691
1752 1800 -0.10298
1753 1754 0.99884
1753 1801 0.83458
1754 1755 1.65808
1754 1802 -2.767
1755 1756 -1.08958
1755 1803 0.76237
1756 1757 -1.08402
1756 1804 -0.06129
1757 1758 -0.32346
1757 1805 -1.02548
1758 1759 -0.20936
1758 1806 1.1225
1759 1760 0.73331
1759 1807 -0.21469
1760 1761 -1.14174
1760 1808 -0.36888
1761 1762 0.44584
1761 1809 -0.10114
1762 1763 1.19154
1762 1810 -0.25111
1763 1764 1.02907
1763 1811 1.77696
1764 1765 -0.26071
1764 1812 -0.40956
1765 1766 -0.35654
1765 1813 0.33344
1766 1767 -0.61825
1766 1814 -1.25871
1767 1768 -0.24904
1767 1815 0.68596
1768 1769 -0.63421
1768 1816 -0.50215
1769 1770 0.83675
1769 1817 0.4641
1770 1771 -1.34865
1770 1818 -2.39622
1771 1772 -1.04298
1771 1819 0.9159
1772 1773 1.32798
1772 1820 0.22794
1773 1774 -1.56248
1773 1821 -0.05689
1774 1775 0.20729
1774 1822 -0.22341
1775 1823 0.48828
1776 1777 1.20221
1776 1823 0.3934
1776 1824 0.61018
1777 1778 0.02929
1777 1825 0.10644
1778 1779 0.35153
1778 1826 -0.40924
1779 1780 -1.14808
1779 1827 -0.36076
1780 1781 0.81062
1780 1828 1.40346
1781 1782 0.13833
1781 1829 -0.23266
1782 1783 -1.81754
1782 1830 -0.56271
1783 1784 -0.46444
1783 1831 -0.19817
1784 1785 -1.08349
1784 1832 0.47009
1785 1786 0.55581
1785 1833 0.18815
1786 1787 -0.99578
1786 1834 -1.18477
1787 1788 -0.25922
1787 1835 0.18318
1788 1789 -0.09765
1788 1836 -0.34014
1789 1790 0.99562
1789 1837 -0.42324
1790 1791 0.17381
1790 1838 0.73368
1791 1792 0.52699
1791 1839 1.9624
1792 1793 -0.09658
1792 1840 0.12248
1793 1794 -0.08574
1793 1841 -0.54812
1794 1795 -0.61283
1794 1842 1.74876
1795 1796 -1.11299
1795 1843 0.06054
1796 1797 1.57182
1796 1844 0.60901
1797 1798 0.18964
1797 1845 0.29054
1798 1799 0.54619
1798 1846 0.25134
1799 1800 -0.38795
1799 1847 0.29429
1800 1801 -0.87406
1800 1848 -0.05335
1801 1802 -0.43086
1801 1849 -1.08693
1802 1803 -0.21674
1802 1850 -0.41061
1803 1804 -0.37888
1803 1851 -1.39301
1804 1805 -0.66723
1804 1852 0.5747
1805 1806 -0.96061
1805 1853 0.64977
1806 1807 0.11507
1806 1854 0.65103
1807 1808 -0.88248
1807 1855 -0.7048
1808 1809 0.27629
1808 1856 -0.18149
1809 1810 0.17123
1809 1857 -1.37053
1810 1811 1.68779
1810 1858 0.54342
1811 1812 -0.46947
1811 1859 -1.31094
1812 1813 1.63765
1812 1860 0.36805
1813 1814 1.92856
1813 1861 -1.16849
1814 1815 2.28969
1814 1862 -0.56427
1815 1816 -0.35371
1815 1863 -0.58853
1816 1817 -0.03302
1816 1864 -0.30984
1817 1818 1.79381
1817 1865 1.06771
1818 1819 0.92858
1818 1866 -0.38042
1819 1820 -0.11825
1819 1867 -1.96553
1820 1821 -0.97964
1820 1868 0.06592
1821 1822 -2.41633
1821 1869 -0.5143
1822 1823 -1.56209
1822 1870 -0.24348
1823 1871 -1.52303
1824 1825 -0.81149
1824 1871 -0.51308
1824 1872 0.52387
1825 1826 0.84077
1825 1873 0.29756
1826 1827 -0.30546
1826 1874 -0.61534
1827 1828 -1.0878
1827 1875 0.30133
1828 1829 -2.07137
1828 1876 -0.77544
1829 1830 -1.18723
1829 1877 -0.99577
1830 1831 -0.28449
1830 1878 0.80763
1831 1832 1.89637
1831 1879 -2.07623
1832 1833 -0.74508
1832 1880 -0.58769
1833 1834 0.46551
1833 1881 -1.56607
1834 1835 -0.75113
1834 1882 -1.01215
1835 1836 -1.22656
1835 1883 0.83853
1836 1837 0.2143
1836 1884 -0.80566
1837 1838 -2.02631
1837 1885 0.67175
1838 1839 1.08597
1838 1886 -1.05567
1839 1840 -0.53961
1839 1887 -0.49357
1840 1841 -0.07977
1840 1888 -1.40064
1841 1842 0.25916
1841 1889 -0.22776
1842 1843 1.26262
1842 1890 2.57589
1843 1844 0.09885
1843 1891 1.04453
1844 1845 0.05063
1844 1892 1.19186
1845 1846 1.14786
1845 1893 0.17288
1846 1847 0.78819
1846 1894 2.43344
1847 1848 -0.91277
1847 1895 1.37089
1848 1849 0.11736
1848 1896 0.42284
1849 1850 0.5685
1849 1897 2.0542
1850 1851 -0.94036
1850 1898 1.51661
1851 1852 2.10147
1851 1899 0.55832
1852 1853 -1.76962
1852 1900 -1.76418
1853 1854 0.61614
1853 1901 0.79235
1854 1855 1.45638
1854 1902 -1.29248
1855 1856 -1.37782
1855 1903 0.0168
1856 1857 0.30537
1856 1904 -1.34431
1857 1858 -0.1263
1857 1905 0.79359
1858 1859 -0.5864
1858 1906 -0.28545
1859 1860 1.85014
1859 1907 0.12406
1860 1861 -0.61828
1860 1908 -0.34442
1861 1862 -1.95579
1861 1909 0.71631
1862 1863 0.83929
1862 1910 0.80393
1863 1864 -1.10282
1863 1911 0.66073
1864 1865 -0.50004
1864 1912 0.9564
1865 1866 0.06803
1865 1913 -1.52355
1866 1867 -0.3051
1866 1914 0.43888
1867 1868 0.27359
1867 1915 -0.09807
1868 1869 0.1265
1868 1916 -2.43543
1869 1870 0.70275
1869 1917 -0.35122
1870 1871 -0.02121
1870 1918 -1.07827
1871 1919 -0.17349
1872 1873 0.16298
1872 1919 0.7793
1872 1920 -1.4788
1873 1874 -1.4538
1873 1921 -1.23089
1874 1875 -0.72963
1874 1922 -0.24448
1875 1876 0.63858
1875 1923 -1.0141
1876 1877 0.159
1876 1924 -1.54125
1877 1878 0.87685
1877 1925 -1.29246
1878 1879 -0.0167
1878 1926 -0.13338
1879 1880 -2.76639
1879 1927 0.26603
1880 1881 -2.16896
1880 1928 0.16046
1881 1882 0.22839
1881 1929 1.20462
1882 1883 0.45641
1882 1930 0.89173
1883 1884 0.15458
1883 1931 -1.27762
1884 1885 1.27599
1884 1932 0.57282
1885 1886 0.49423
1885 1933 -1.42554
1886 1887 -1.33266
1886 1934 0.64015
1887 1888 0.09991
1887 1935 -1.74599
1888 1889 1.19478
1888 1936 0.41225
1889 1890 -0.24809
1889 1937 -1.7456
1890 1891 0.44636
1890 1938 0.2669
1891 1892 0.46324
1891 1939 0.2846
1892 1893 1.75812
1892 1940 -0.63232
1893 1894 -0.52025
1893 1941 0.66099
1894 1895 -1.27491
1894 1942 -0.21476
1895 1896 -1.74246
1895 1943 1.04057
1896 1897 1.56974
1896 1944 0.81904
1897 1898 1.97816
1897 1945 1.66323
1898 1899 -0.95203
1898 1946 0.35309
1899 1900 1.24056
1899 1947 0.97032
1900 1901 -1.01905
1900 1948 -0.08698
1901 1902 -1.08226
1901 1949 0.76843
1902 1903 -1.00239
1902 1950 1.50429
1903 1904 0.04672
1903 1951 -0.95829
1904 1905 -0.60779
1904 1952 0.0552
1905 1906 0.08561
1905 1953 0.81201
1906 1907 -1.55258
1906 1954 0.07174
1907 1908 0.25735
1907 1955 -0.17643
1908 1909 0.93407
1908 1956 0.78215
1909 1910 -0.26061
1909 1957 0.57144
1910 1911 -0.24929
1910 1958 -0.65207
1911 1912 -0.71677
1911 1959 -1.31555
1912 1913 -1.34437
1912 1960 -1.84945
1913 1914 -1.65181
1913 1961 -0.13692
1914 1915 -0.39875
1914 1962 0.08181
1915 1916 0.66344
1915 1963 -0.32711
1916 1917 -0.63992
1916 1964 -0.69674
1917 1918 0.71914
1917 1965 0.52742
1918 1919 -0.38641
1918 1966 -0.97975
1919 1967 0.45148
1920 1921 0.46546
1920 1967 0.68227
1920 1968 -1.02915
1921 1922 0.98242
1921 1969 0.71002
1922 1923 -1.71944
1922 1970 0.60578
1923 1924 0.29708
1923 1971 -1.01797
1924 1925 0.55011
1924 1972 -0.73933
1925 1926 -0.7622
1925 1973 -1.37922
1926 1927 0.55694
1926 1974 -0.13073
1927 1928 0.2608
1927 1975 -0.54225
1928 1929 1.20986
1928 1976 1.01665
1929 1930 0.83334
1929 1977 -0.83445
1930 1931 1.0004
1930 1978 0.76523
1931 1932 -0.42457
1931 1979 1.80318
1932 1933 0.7294
1932 1980 -0.14915
1933 1934 0.19333
1933 1981 1.36409
1934 1935 -0.24826
1934 1982 -0.27289
1935 1936 -0.15477
1935 1983 0.38097
1936 1937 -1.01146
1936 1984 1.1823
1937 1938 -0.30279
1937 1985 -0.64216
1938 1939 -0.39934
1938 1986 -0.61778
1939 1940 -1.64689
1939 1987 -0.72402
1940 1941 1.42897
1940 1988 0.64392
1941 1942 1.52542
1941 1989 -0.85856
1942 1943 0.31267
1942 1990 -1.52514
1943 1944 0.43145
1943 1991 0.55298
1944 1945 1.4409
1944 1992 0.51479
1945 1946 -0.15446
1945 1993 0.27217
1946 1947 -0.36365
1946 1994 -0.17215
1947 1948 -0.4912
1947 1995 -0.1678
1948 1949 -0.6539
1948 1996 -1.03795
1949 1950 -0.50193
1949 1997 0.38692
1950 1951 -0.09574
1950 1998 -0.35864
1951 1952 1.16824
1951 1999 -0.80309
1952 1953 0.75725
1952 2000 -0.71438
1953 1954 -0.34917
1953 2001 0.84001
1954 1955 0.96888
1954 2002 0.67884
1955 1956 1.70477
1955 2003 0.38266
1956 1957 -1.18325
1956 2004 0.06374
1957 1958 -0.47862
1957 2005 -1.40869
1958 1959 -1.85572
1958 2006 -1.74562
1959 1960 -1.69474
1959 2007 0.74552
1960 1961 -1.0696
1960 2008 -0.77494
1961 1962 0.42264
1961 2009 1.71251
1962 1963 0.66461
1962 2010 0.18187
1963 1964 1.23378
1963 2011 1.88783
1964 1965 -0.39599
1964 2012 -0.23711
1965 1966 1.47757
1965 2013 -0.68355
1966 1967 0.10712
1966 2014 1.60468
1967 2015 1.49865
1968 1969 0.43096
1968 2015 -1.02857
1968 2016 -0.25067
1969 1970 0.35356
1969 2017 -0.06468
1970 1971 0.97868
1970 2018 -0.62694
1971 1972 0.78332
1971 2019 0.3933
1972 1973 1.00423
1972 2020 0.16092
1973 1974 -1.77756
1973 2021 -0.2905
1974 1975 -1.81795
1974 2022 1.77822
1975 1976 -1.94451
1975 2023 -0.04057
1976 1977 -0.46047
1976 2024 0.45313
1977 1978 -2.51279
1977 2025 -1.42822
1978 1979 0.47876
1978 2026 1.47184
1979 1980 -0.64786
1979 2027 0.68997
1980 1981 1.51701
1980 2028 1.15049
1981 1982 -0.7768
1981 2029 0.33958
1982 1983 0.33028
1982 2030 -0.89751
1983 1984 -0.00535
1983 2031 0.50122
1984 1985 -0.33557
1984 2032 -0.89911
1985 1986 1.46974
1985 2033 0.55077
1986 1987 -0.13642
1986 2034 0.78512
1987 1988 2.08014
1987 2035 -1.05774
1988 1989 -1.55889
1988 2036 -0.67221
1989 1990 -0.21895
1989 2037 0.40696
1990 1991 0.02499
1990 2038 -0.5602
1991 1992 1.1287
1991 2039 0.45634
1992 1993 0.84845
1992 2040 1.2124
1993 1994 -0.95266
1993 2041 0.15052
1994 1995 0.42961
1994 2042 -0.51396
1995 1996 -0.2913
1995 2043 -1.71032
1996 1997 -0.47258
1996 2044 0.45384
1997 1998 1.17576
1997 2045 1.16712
1998 1999 -0.15968
1998 2046 0.56566
1999 2000 -0.92171
1999 2047 -0.80239
2000 2001 2.09542
2000 2048 1.21737
2001 2002 -1.12592
2001 2049 0.84106
2002 2003 -0.37228
2002 2050 -0.64509
2003 2004 2.13848
2003 2051 -0.08238
2004 2005 -1.62432
2004 2052 -0.63672
2005 2006 -1.44215
2005 2053 0.34216
2006 2007 -0.97144
2006 2054 1.79716
2007 2008 -0.61305
2007 2055 1.30383
2008 2009 -0.67573
2008 2056 -0.85393
2009 2010 1.10543
2009 2057 0.08888
2010 2011 0.14676
2010 2058 0.28101
2011 2012 0.46109
2011 2059 2.34355
2012 2013 -1.57657
2012 2060 0.40883
2013 2014 0.31482
2013 2061 -1.57126
2014 2015 1.02028
2014 2062 1.2163
2015 2063 -0.47924
2016 2017 -1.30316
2016 2063 0.56972
2016 2064 0.84758
2017 2018 0.74195
2017 2065 -1.38165
2018 2019 0.42533
2018 2066 -1.49761
2019 2020 -0.39
2019 2067 1.68932
2020 2021 -0.36762
2020 2068 0.96834
2021 2022 -0.25229
2021 2069 0.42197
2022 2023 -1.04714
2022 2070 0.95425
2023 2024 -0.28991
2023 2071 -0.09037
2024 2025 -0.20286
2024 2072 0.20388
2025 2026 0.23441
2025 2073 -0.1489
2026 2027 0.24924
2026 2074 -1.04801
2027 2028 0.07418
2027 2075 0.77178
2028 2029 -0.24277
2028 2076 0.44746
2029 2030 -0.44389
2029 2077 -2.0653
2030 2031 0.7588
2030 2078 -0.88778
2031 2032 -0.48193
2031 2079 0.81352
2032 2033 -0.51375
2032 2080 -0.46537
2033 2034 -0.57152
2033 2081 -2.90863
2034 2035 -0.21309
2034 2082 0.59743
2035 2036 -0.28812
2035 2083 -0.32834
2036 2037 -0.90454
2036 2084 -0.09309
2037 2038 -1.6961
2037 2085 2.03241
2038 2039 0.2719
2038 2086 0.25819
2039 2040 -0.59128
2039 2087 1.94801
2040 2041 0.49029
2040 2088 -1.27721
2041 2042 -1.09302
2041 2089 -0.81841
2042 2043 -0.0858
2042 2090 -0.40075
2043 2044 -0.83287
2043 2091 -0.00354
2044 2045 1.23937
2044 2092 0.408
2045 2046 0.62209
2045 2093 -0.14056
2046 2047 0.09789
2046 2094 -2.03824
2047 2048 2.18723
2047 2095 0.0313
2048 2049 1.21209
2048 2096 -1.07479
2049 2050 0.46476
2049 2097 0.24945
2050 2051 0.27538
2050 2098 0.0566
2051 2052 -0.29953
2051 2099 2.07825
2052 2053 -0.46676
2052 2100 -0.04283
2053 2054 -0.24006
2053 2101 -0.51535
2054 2055 1.37681
2054 2102 -1.23382
2055 2056 0.78433
2055 2103 -1.04235
2056 2057 0.15848
2056 2104 -0.43658
2057 2058 -0.06119
2057 2105 0.25847
2058 2059 1.25507
2058 2106 0.32714
2059 2060 1.37678
2059 2107 1.65435
2060 2061 1.98104
2060 2108 -1.5528
2061 2062 1.63124
2061 2109 1.11521
2062 2063 0.13743
2062 2110 0.42678
2063 2111 0.37159
2064 2065 -0.33468
2064 2111 -0.37173
2064 2112 -1.03788
2065 2066 2.31024
2065 2113 -0.80421
2066 2067 -2.08019
2066 2114 -0.04845
2067 2068 -1.07823
2067 2115 0.40449
2068 2069 0.54966
2068 2116 -0.21473
2069 2070 -0.48162
2069 2117 0.12203
2070 2071 -0.19734
2070 2118 -1.05789
2071 2072 -0.86075
2071 2119 0.18412
2072 2073 2.00016
2072 2120 -0.06734
2073 2074 -0.09927
2073 2121 -0.89658
2074 2075 -2.77918
2074 2122 0.37979
2075 2076 -0.08548
2075 2123 0.98623
2076 2077 1.0083
2076 2124 0.12833
2077 2078 1.72635
2077 2125 0.29748
2078 2079 0.81228
2078 2126 -0.81006
2079 2080 1.52089
2079 2127 -0.61543
2080 2081 -0.55911
2080 2128 -1.58
2081 2082 0.47757
2081 2129 -0.32634
2082 2083 -0.71051
2082 2130 -0.49805
2083 2084 0.20644
2083 2131 -0.2929
2084 2085 1.4411
2084 2132 -0.60618
2085 2086 0.13305
2085 2133 1.97392
2086 2087 -0.62915
2086 2134 0.36583
2087 2088 -0.36915
2087 2135 -0.29971
2088 2089 -2.0319
2088 2136 -0.16468
2089 2090 -1.18552
2089 2137 -0.17506
2090 2091 -1.16481
2090 2138 0.58839
2091 2092 0.1653
2091 2139 -1.7176
2092 2093 -1.14841
2092 2140 0.7385
2093 2094 -0.99438
2093 2141 -0.50439
2094 2095 -0.23703
2094 2142 -0.24744
2095 2096 -2.79582
2095 2143 0.52613
2096 2097 -0.64159
2096 2144 -1.29006
2097 2098 0.54371
2097 2145 -0.46115
2098 2099 0.87342
2098 2146 -0.09621
2099 2100 -0.69806
2099 2147 -0.70834
2100 2101 -1.02049
2100 2148 0.71123
2101 2102 -1.31924
2101 2149 -0.03708
2102 2103 1.35299
2102 2150 1.72345
2103 2104 -0.89626
2103 2151 -0.19769
2104 2105 -0.76037
2104 2152 0.86713
2105 2106 2.31514
2105 2153 1.60809
2106 2107 1.38978
2106 2154 0.94732
2107 2108 -0.79912
2107 2155 -0.6334
2108 2109 -2.20744
2108 2156 -1.56255
2109 2110 0.11641
2109 2157 -2.30482
2110 2111 -0.27009
2110 2158 2.40666
2111 2159 1.73398
2112 2113 -0.31403
2112 2159 0.02434
2112 2160 0.00367
2113 2114 0.18633
2113 2161 0.32955
2114 2115 -0.56077
2114 2162 -0.52807
2115 2116 -1.21977
2115 2163 0.76643
2116 2117 2.22072
2116 2164 -0.03475
2117 2118 -2.23286
2117 2165 0.27283
2118 2119 -0.36379
2118 2166 -0.12098
2119 2120 0.17533
2119 2167 -1.33907
2120 2121 -0.33818
2120 2168 -1.07986
2121 2122 0.326
2121 2169 1.20345
2122 2123 -1.47571
2122 2170 -0.52478
2123 2124 -1.86814
2123 2171 0.00235
2124 2125 -1.10311
2124 2172 -0.82901
2125 2126 1.38404
2125 2173 0.03726
2126 2127 -1.92203
2126 2174 -1.70291
2127 2128 -0.02153
2127 2175 0.64826
2128 2129 -0.15014
2128 2176 -0.47179
2129 2130 1.10793
2129 2177 -0.94969
2130 2131 0.51617
2130 2178 0.07473
2131 2132 1.85487
2131 2179 -0.52803
2132 2133 -0.50508
2132 2180 -0.82951
2133 2134 -3.26639
2133 2181 -1.41768
2134 2135 -0.20391
2134 2182 1.73243
2135 2136 0.79763
2135 2183 1.16003
2136 2137 -0.57832
2136 2184 0.54666
2137 2138 -1.60468
2137 2185 0.41915
2138 2139 -0.70425
2138 2186 -0.29303
2139 2140 -0.89338
2139 2187 0.26208
2140 2141 0.663
2140 2188 1.13017
2141 2142 -1.00512
2141 2189 -1.47361
2142 2143 -1.68228
2142 2190 -1.22229
2143 2144 -0.05969
2143 2191 1.33486
2144 2145 -1.19628
2144 2192 -0.3332
2145 2146 -1.97011
2145 2193 1.58173
2146 2147 -0.87988
2146 2194 0.15584
2147 2148 -0.02788
2147 2195 -0.60646
2148 2149 0.85726
2148 2196 -0.93305
2149 2150 -0.42071
2149 2197 -0.19874
2150 2151 -1.28195
2150 2198 -0.31837
2151 2152 -1.15217
2151 2199 1.17424
2152 2153 0.6126
2152 2200 0.22715
2153 2154 0.87335
2153 2201 1.19427
2154 2155 -0.07233
2154 2202 2.29072
2155 2156 -0.7648
2155 2203 -1.73203
2156 2157 -0.98365
2156 2204 -0.35983
2157 2158 -1.17138
2157 2205 1.08404
2158 2159 -0.59524
2158 2206 -0.53832
2159 2207 -0.58936
2160 2161 0.03922
2160 2207 1.56093
2160 2208 -0.28458
2161 2162 0.24937
2161 2209 -0.67478
2162 2163 -0.18983
2162 2210 -0.59729
2163 2164 0.38637
2163 2211 0.35119
2164 2165 -0.74727
2164 2212 0.33786
2165 2166 -0.86607
2165 2213 0.89076
2166 2167 0.7839
2166 2214 -0.20753
2167 2168 -0.11147
2167 2215 -0.66928
2168 2169 -1.67177
2168 2216 0.97084
2169 2170 -0.03695
2169 2217 0.37444
2170 2171 -0.1182
2170 2218 -1.10384
2171 2172 0.08109
2171 2219 0.4957
2172 2173 0.29452
2172 2220 -0.5867
2173 2174 -1.14657
2173 2221 -0.50163
2174 2175 -0.72255
2174 2222 0.50908
2175 2176 -0.16097
2175 2223 -1.25127
2176 2177 0.01467
2176 2224 0.97934
2177 2178 0.67215
2177 2225 -0.48654
2178 2179 1.54949
2178 2226 1.44153
2179 2180 0.27092
2179 2227 1.22961
2180 2181 0.29773
2180 2228 0.65572
2181 2182 0.5202
2181 2229 -0.11213
2182 2183 0.56716
2182 2230 0.56101
2183 2184 0.64244
2183 2231 1.24336
2184 2185 0.59051
2184 2232 -0.19204
2185 2186 -2.41467
2185 2233 1.61614
2186 2187 0.0159
2186 2234 -0.7107
2187 2188 -1.09615
2187 2235 0.17386
2188 2189 -0.24647
2188 2236 -0.20013
2189 2190 1.11399
2189 2237 -1.07476
2190 2191 2.33129
2190 2238 -1.87982
2191 2192 1.87854
2191 2239 0.62126
2192 2193 -0.34238
2192 2240 2.13007
2193 2194 -0.05808
2193 2241 -0.47075
2194 2195 1.73204
2194 2242 -0.10321
2195 2196 -1.20865
2195 2243 0.37595
2196 2197 0.50163
2196 2244 -0.09836
2197 2198 -0.79109
2197 2245 -0.02143
2198 2199 -2.30371
2198 2246 -1.27557
2199 2200 -0.46529
2199 2247 1.45328
2200 2201 0.06211
2200 2248 -0.5957
2201 2202 -0.90522
2201 2249 -0.66974
2202 2203 0.63045
2202 2250 -0.18079
2203 2204 0.52711
2203 2251 -0.01961
2204 2205 -0.29237
2204 2252 -0.14874
2205 2206 -0.19663
2205 2253 -1.46265
2206 2207 2.0979
2206 2254 -0.19525
2207 2255 -1.54924
2208 2209 -1.91379
2208 2255 1.1527
2208 2256 0.36616
2209 2210 1.32346
2209 2257 0.50983
2210 2211 1.29526
2210 2258 1.05357
2211 2212 1.51469
2211 2259 -1.06888
2212 2213 0.59831
2212 2260 0.03581
2213 2214 0.91009
2213 2261 0.68876
2214 2215 1.35914
2214 2262 -1.42925
2215 2216 0.07906
2215 2263 0.31321
2216 2217 -0.24062
2216 2264 -0.9354
2217 2218 0.03082
2217 2265 2.27432
2218 2219 -0.16156
2218 2266 -0.33459
2219 2220 0.53544
2219 2267 0.73229
2220 2221 0.76011
2220 2268 0.2476
2221 2222 -1.66697
2221 2269 0.73129
2222 2223 -0.57208
2222 2270 -0.73421
2223 2224 -1.26539
2223 2271 -0.11349
2224 2225 0.46653
2224 2272 -2.35731
2225 2226 -0.21984
2225 2273 0.40223
2226 2227 -0.28413
2226 2274 -1.58862
2227 2228 -1.54931
2227 2275 0.69353
2228 2229 0.54942
2228 2276 -0.93662
2229 2230 -0.85245
2229 2277 -0.60062
2230 2231 -0.98955
2230 2278 -2.30587
2231 2232 0.06704
2231 2279 -0.23943
2232 2233 -0.09631
2232 2280 0.71647
2233 2234 -1.41136
2233 2281 0.06412
2234 2235 -0.99561
2234 2282 -2.22058
2235 2236 -0.06303
2235 2283 0.04922
2236 2237 0.87857
2236 2284 0.52806
2237 2238 0.05896
2237 2285 -0.67646
2238 2239 0.92669
2238 2286 0.60656
2239 2240 0.09431
2239 2287 -0.32286
2240 2241 -0.2924
2240 2288 0.24614
2241 2242 1.19685
2241 2289 0.64454
2242 2243 1.19485
2242 2290 1.24652
2243 2244 0.98625
2243 2291 -0.65104
2244 2245 0.03013
2244 2292 2.2278
2245 2246 0.84984
2245 2293 1.05323
2246 2247 -1.87929
2246 2294 0.1133
2247 2248 -0.7714
2247 2295 0.47136
2248 2249 0.33454
2248 2296 -1.82378
2249 2250 -0.31216
2249 2297 2.54074
2250 2251 1.29227
2250 2298 -0.90689
2251 2252 0.1337
2251 2299 -0.7711
2252 2253 1.47222
2252 2300 -0.71683
2253 2254 -0.62182
2253 2301 -0.66221
2254 2255 1.27739
2254 2302 2.00453
2255 2303 0.09811
2256 2257 0.55143
2256 2303 1.98565
2257 2258 -0.38256
2258 2259 0.76374
2259 2260 -0.85266
2260 2261 0.49463
2261 2262 -0.04241
2262 2263 0.10671
2263 2264 -0.07426
2264 2265 -0.84892
2265 2266 0.99692
2266 2267 -0.91453
2267 2268 1.18423
2268 2269 -1.64408
2269 2270 -0.77676
2270 2271 0.42392
2271 2272 1.00162
2272 2273 -0.1971
2273 2274 0.40095
2274 2275 0.87405
2275 2276 0.08546
2276 2277 -0.90976
2277 2278 -1.52286
2278 2279 0.43755
2279 2280 -1.11826
2280 2281 -0.87522
2281 2282 0.04764
2282 2283 -1.97769
2283 2284 0.58751
2284 2285 0.36624
2285 2286 0.42127
2286 2287 -2.2201
2287 2288 -0.5946
2288 2289 0.91394
2289 2290 2.70235
2290 2291 0.3513
2291 2292 -1.60184
2292 2293 -1.48297
2293 2294 1.88712
2294 2295 -0.95958
2295 2296 -0.80096
2296 2297 -1.9659
2297 2298 0.01824
2298 2299 -0.56183
2299 2300 0.34548
2300 2301 0.12155
2301 2302 0.49283
2302 2303 0.58867
