# model=rrg N=100 meanJ=0 seed=1525112824 distribution=gaussian field=0 num_fields=100 num_couplings=150
0 0
1 0
2 0
3 0
4 0
5 0
6 0
7 0
8 0
9 0
10 0
11 0
12 0
13 0
14 0
15 0
16 0
17 0
18 0
19 0
20 0
21 0
22 0
23 0
24 0
25 0
26 0
27 0
28 0
29 0
30 0
31 0
32 0
33 0
34 0
35 0
36 0
37 0
38 0
39 0
40 0
41 0
42 0
43 0
44 0
45 0
46 0
47 0
48 0
49 0
50 0
51 0
52 0
53 0
54 0
55 0
56 0
57 0
58 0
59 0
60 0
61 0
62 0
63 0
64 0
65 0
66 0
67 0
68 0
69 0
70 0
71 0
72 0
73 0
74 0
75 0
76 0
77 0
78 0
79 0
80 0
81 0
82 0
83 0
84 0
85 0
86 0
87 0
88 0
89 0
90 0
91 0
92 0
93 0
94 0
95 0
96 0
97 0
98 0
99 0
0 38 0.11621
0 54 -0.52276
0 99 1.64007
1 6 -0.14141
1 48 -0.78593
1 64 -0.40506
2 53 -0.94303
2 71 0.49074
2 89 0.65196
3 39 -1.52908
3 48 0.63072
3 84 -0.05006
4 5 1.09649
4 70 -0.61238
4 76 -1.7006
5 9 1.55017
5 82 0.64078
6 24 0.55409
6 47 0.17389
7 21 -0.51873
7 37 -0.83148
7 53 -1.11979
8 24 0.37578
8 59 0.31314
8 74 -1.81137
9 27 -1.18252
9 31 1.47612
10 19 1.10083
10 52 1.11473
10 92 0.7354
11 46 -0.76764
11 49 -2.05278
11 82 -1.00681
12 46 0.52881
12 85 -0.95769
12 86 -1.50573
13 30 -0.44592
13 37 1.54957
13 58 0.07593
14 44 0.91842
14 84 0.95058
14 98 1.53886
15 29 1.91582
15 50 0.96478
15 66 1.3816
16 22 -0.09621
16 40 -0.90873
16 60 0.33416
17 55 -0.45801
17 70 1.01062
17 74 -0.22417
18 25 0.39498
18 58 -0.59616
18 73 -1.51609
19 84 0.71857
19 91 -0.43573
20 42 -0.0499
20 51 -1.87251
20 87 0.80408
21 48 -1.37392
21 94 0.81704
22 53 0.67759
22 89 1.83841
23 39 0.41656
23 63 1.03424
23 72 0.53081
24 45 0.16318
25 31 -0.60358
25 86 0.90222
26 35 -0.49794
26 58 0.24591
26 98 0.21702
27 28 1.19526
27 33 -2.89884
28 54 -0.14551
28 89 1.45427
29 75 0.06898
29 93 -0.40248
30 47 0.83984
30 52 1.05266
31 72 1.63366
32 40 -0.06664
32 50 0.30637
32 97 0.30858
33 43 1.72709
33 73 1.16198
34 44 -0.48283
34 62 -0.37046
34 63 -0.43533
35 69 0.68393
35 78 -0.13966
36 43 -0.15243
36 73 -1.37608
36 88 0.62191
37 75 2.51397
38 68 0.22768
38 74 0.57293
39 78 -1.72217
40 81 0.12963
41 45 -0.05236
41 66 -0.4447
41 79 -0.64298
42 80 0.55264
42 81 -1.06222
43 88 -0.04528
44 55 -1.03047
45 57 -2.06447
46 87 0.69189
47 79 -1.65747
49 60 1.42949
49 95 0.581
50 59 -1.74441
51 65 0.41257
51 95 1.40937
52 80 -0.4168
54 71 -0.30895
55 96 1.70013
56 57 2.01663
56 64 1.04143
56 68 -0.03825
57 77 1.01474
59 67 -0.17473
60 67 -1.50931
61 69 -0.21163
61 83 2.08357
61 92 -1.33328
62 69 0.02981
62 76 0.91573
63 94 1.12649
64 90 -0.7085
65 87 -0.83648
65 99 -0.71465
66 72 -0.84576
67 96 0.12089
68 99 -0.32144
70 80 -0.41113
71 90 -0.8622
75 92 0.74311
76 91 -0.43618
77 93 0.20963
77 98 1.21466
78 96 1.01927
79 97 -0.87313
81 86 0.1206
82 93 1.42291
83 85 -0.30585
83 88 -0.49444
85 90 -0.64353
91 94 -0.68604
95 97 -0.87642
