# model=ea2d N=100 meanJ=0 seed=370513139 distribution=gaussian field=0 num_fields=100 num_couplings=200
0 0
1 0
2 0
3 0
4 0
5 0
6 0
7 0
8 0
9 0
10 0
11 0
12 0
13 0
14 0
15 0
16 0
17 0
18 0
19 0
20 0
21 0
22 0
23 0
24 0
25 0
26 0
27 0
28 0
29 0
30 0
31 0
32 0
33 0
34 0
35 0
36 0
37 0
38 0
39 0
40 0
41 0
42 0
43 0
44 0
45 0
46 0
47 0
48 0
49 0
50 0
51 0
52 0
53 0
54 0
55 0
56 0
57 0
58 0
59 0
60 0
61 0
62 0
63 0
64 0
65 0
66 0
67 0
68 0
69 0
70 0
71 0
72 0
73 0
74 0
75 0
76 0
77 0
78 0
79 0
80 0
81 0
82 0
83 0
84 0
85 0
86 0
87 0
88 0
89 0
90 0
91 0
92 0
93 0
94 0
95 0
96 0
97 0
98 0
99 0
0 1 2.07344
0 9 2.45596
0 10 0.85443
0 90 -0.0298
1 2 0.50253
1 11 2.02416
1 91 1.02936
2 3 -2.10936
2 12 0.07788
2 92 0.45157
3 4 0.48016
3 13 1.08254
3 93 0.23172
4 5 1.26443
4 14 -0.1719
4 94 -0.08739
5 6 1.21077
5 15 1.29629
5 95 0.40273
6 7 0.44249
6 16 1.65776
6 96 1.20051
7 8 2.56411
7 17 1.14637
7 97 -1.44681
8 9 -1.93302
8 18 -0.80978
8 98 0.23111
9 19 -0.68883
9 99 -0.63486
10 11 -0.45941
10 19 0.18033
10 20 1.09458
11 12 0.39268
11 21 -1.28494
12 13 1.91038
12 22 0.95694
13 14 -0.08195
13 23 -0.41024
14 15 0.66015
14 24 0.52442
15 16 0.47905
15 25 0.37083
16 17 -1.12804
16 26 0.79345
17 18 0.36752
17 27 1.53499
18 19 -1.03678
18 28 -0.58766
19 29 0.66224
20 21 1.24915
20 29 -0.01812
20 30 1.12897
21 22 -0.53131
21 31 -0.45844
22 23 0.71308
22 32 -1.33383
23 24 2.67694
23 33 -0.63192
24 25 1.29428
24 34 1.44316
25 26 -1.05212
25 35 -0.1904
26 27 0.89799
26 36 0.71048
27 28 -0.14557
27 37 0.46219
28 29 -1.29751
28 38 -1.56437
29 39 -1.21138
30 31 0.19917
30 39 -0.30517
30 40 1.37237
31 32 0.75181
31 41 -1.41686
32 33 1.00248
32 42 0.93251
33 34 -0.02305
33 43 -0.27002
34 35 0.82936
34 44 -1.52173
35 36 -2.32407
35 45 1.14544
36 37 -0.3839
36 46 -0.2324
37 38 0.86121
37 47 0.34695
38 39 -0.16663
38 48 -1.16506
39 49 -0.32934
40 41 0.65554
40 49 -2.27468
40 50 -1.06622
41 42 0.30777
41 51 -0.86935
42 43 0.93412
42 52 0.20837
43 44 1.05505
43 53 0.37249
44 45 0.37736
44 54 0.2276
45 46 0.8456
45 55 -1.28058
46 47 -0.22522
46 56 0.70655
47 48 0.3029
47 57 1.17512
48 49 -0.62394
48 58 -1.37913
49 59 -0.1399
50 51 -0.71756
50 59 -0.55547
50 60 0.40494
51 52 0.13872
51 61 -1.53259
52 53 -0.73505
52 62 1.05312
53 54 -0.41714
53 63 0.50952
54 55 -0.42794
54 64 -1.11144
55 56 -1.29864
55 65 0.61871
56 57 0.78658
56 66 1.96971
57 58 -1.60668
57 67 -0.31046
58 59 -0.51826
58 68 -1.23024
59 69 -1.79914
60 61 -0.49395
60 69 -0.67479
60 70 -0.47492
61 62 -0.82375
61 71 -0.48687
62 63 1.01249
62 72 -1.05231
63 64 -0.48746
63 73 0.68275
64 65 1.71767
64 74 1.24656
65 66 -0.75758
65 75 1.01225
66 67 -1.04718
66 76 0.59285
67 68 -0.06508
67 77 -1.07462
68 69 -2.58279
68 78 -0.11114
69 79 -0.57865
70 71 -0.2118
70 79 -1.41274
70 80 1.1675
71 72 0.72781
71 81 -0.02564
72 73 0.95167
72 82 0.1168
73 74 1.63256
73 83 -0.17631
74 75 0.233
74 84 -0.68477
75 76 -0.0531
75 85 0.31202
76 77 0.06549
76 86 0.52851
77 78 -0.39212
77 87 0.07682
78 79 1.37272
78 88 -0.69073
79 89 -0.52637
80 81 -0.38649
80 89 -0.60448
80 90 -0.18326
81 82 0.08891
81 91 0.33197
82 83 -1.06833
82 92 -0.59598
83 84 -0.62573
83 93 -0.01582
84 85 0.08807
84 94 -0.88452
85 86 0.97957
85 95 0.7399
86 87 0.88945
86 96 -0.70613
87 88 -1.82133
87 97 1.42768
88 89 0.55025
88 98 -0.18818
89 99 -0.51549
90 91 -0.23801
90 99 -1.93968
91 92 0.74817
92 93 -0.02717
93 94 -0.37655
94 95 0.38937
95 96 0.70665
96 97 1.39379
97 98 2.20942
98 99 1.32585
