# model=ea2d N=100 meanJ=0 seed=558615717 distribution=gaussian field=0 num_fields=100 num_couplings=200
0 0
1 0
2 0
3 0
4 0
5 0
6 0
7 0
8 0
9 0
10 0
11 0
12 0
13 0
14 0
15 0
16 0
17 0
18 0
19 0
20 0
21 0
22 0
23 0
24 0
25 0
26 0
27 0
28 0
29 0
30 0
31 0
32 0
33 0
34 0
35 0
36 0
37 0
38 0
39 0
40 0
41 0
42 0
43 0
44 0
45 0
46 0
47 0
48 0
49 0
50 0
51 0
52 0
53 0
54 0
55 0
56 0
57 0
58 0
59 0
60 0
61 0
62 0
63 0
64 0
65 0
66 0
67 0
68 0
69 0
70 0
71 0
72 0
73 0
74 0
75 0
76 0
77 0
78 0
79 0
80 0
81 0
82 0
83 0
84 0
85 0
86 0
87 0
88 0
89 0
90 0
91 0
92 0
93 0
94 0
95 0
96 0
97 0
98 0
99 0
0 1 1.3536
0 9 -0.94128
0 10 0.37606
0 90 -0.34358
1 2 -0.23413
1 11 -0.46793
1 91 -0.66975
2 3 0.17735
2 12 -0.73879
2 92 -0.46074
3 4 0.95908
3 13 -1.23809
3 93 -1.33978
4 5 -0.51984
4 14 0.02005
4 94 0.97469
5 6 0.55866
5 15 -1.6394
5 95 0.82507
6 7 0.77988
6 16 1.20993
6 96 -0.27705
7 8 0.4153
7 17 -0.70636
7 97 0.62846
8 9 -0.2059
8 18 0.15367
8 98 0.42864
9 19 0.74888
9 99 -2.55378
10 11 -0.33347
10 19 0.19999
10 20 0.32334
11 12 0.44946
11 21 -0.56196
12 13 -1.21221
12 22 0.23698
13 14 -0.35023
13 23 -0.82653
14 15 1.18314
14 24 -0.907
15 16 0.33711
15 25 -0.57359
16 17 -0.32179
16 26 1.60236
17 18 0.64962
17 27 0.87117
18 19 -1.52885
18 28 1.68604
19 29 -0.5128
20 21 0.89434
20 29 2.24581
20 30 0.57995
21 22 0.60572
21 31 -0.74889
22 23 -1.33565
22 32 -1.05568
23 24 0.39383
23 33 -0.43366
24 25 -0.94916
24 34 0.37059
25 26 1.11116
25 35 1.4944
26 27 -0.06065
26 36 -0.73292
27 28 -1.1583
27 37 -0.79416
28 29 -1.22147
28 38 1.55778
29 39 -0.7005
30 31 0.22263
30 39 0.84403
30 40 -0.84023
31 32 0.2258
31 41 0.11767
32 33 0.02876
32 42 -0.95122
33 34 -1.22209
33 43 0.61772
34 35 -0.58092
34 44 2.23239
35 36 -1.14821
35 45 0.11532
36 37 -0.63576
36 46 -2.14084
37 38 -0.64476
37 47 0.54663
38 39 0.139
38 48 0.61816
39 49 0.32953
40 41 0.08841
40 49 0.2722
40 50 0.39675
41 42 0.27564
41 51 -0.46449
42 43 -1.81284
42 52 -0.77453
43 44 0.22009
43 53 0.52545
44 45 0.94055
44 54 -0.34589
45 46 -2.37369
45 55 -0.3068
46 47 -0.76755
46 56 -0.33831
47 48 0.08663
47 57 1.07385
48 49 0.89947
48 58 1.10992
49 59 0.4769
50 51 -0.95005
50 59 0.42436
50 60 0.2993
51 52 1.55058
51 61 -1.20275
52 53 1.08243
52 62 -0.38424
53 54 -0.29492
53 63 -0.24879
54 55 0.30128
54 64 0.07226
55 56 0.99983
55 65 -0.96702
56 57 1.02405
56 66 0.02401
57 58 -1.25518
57 67 -0.28637
58 59 1.3772
58 68 -0.59045
59 69 -2.69682
60 61 -0.61956
60 69 -0.96445
60 70 1.1107
61 62 0.78822
61 71 -0.1324
62 63 2.02213
62 72 -1.04838
63 64 -1.43785
63 73 -0.92885
64 65 1.84245
64 74 1.15603
65 66 -0.32619
65 75 -1.13081
66 67 -2.39856
66 76 0.04426
67 68 -0.85619
67 77 -1.05362
68 69 0.79255
68 78 0.01409
69 79 0.32002
70 71 -1.33518
70 79 0.54393
70 80 1.32709
71 72 0.7195
71 81 -0.41589
72 73 -0.00398
72 82 0.77169
73 74 1.22309
73 83 -0.14117
74 75 -0.66461
74 84 0.45069
75 76 1.81282
75 85 0.84638
76 77 -2.68857
76 86 -1.25356
77 78 -0.8034
77 87 1.01
78 79 0.90515
78 88 0.34761
79 89 1.11788
80 81 0.85283
80 89 1.23395
80 90 -0.33108
81 82 0.43049
81 91 0.53278
82 83 -1.23216
82 92 1.03931
83 84 0.82806
83 93 0.21691
84 85 -0.29833
84 94 0.60183
85 86 -0.01121
85 95 -0.04088
86 87 0.81036
86 96 -0.85982
87 88 -2.30403
87 97 1.40563
88 89 -0.74985
88 98 0.49628
89 99 -0.47972
90 91 -0.52269
90 99 -0.06622
91 92 0.32101
92 93 0.04293
93 94 -0.10561
94 95 -2.21933
95 96 -0.12346
96 97 -0.14239
97 98 -1.5538
98 99 0.49143
