# model=ea2d N=100 meanJ=0 seed=768611814 distribution=gaussian field=0 num_fields=100 num_couplings=200
0 0
1 0
2 0
3 0
4 0
5 0
6 0
7 0
8 0
9 0
10 0
11 0
12 0
13 0
14 0
15 0
16 0
17 0
18 0
19 0
20 0
21 0
22 0
23 0
24 0
25 0
26 0
27 0
28 0
29 0
30 0
31 0
32 0
33 0
34 0
35 0
36 0
37 0
38 0
39 0
40 0
41 0
42 0
43 0
44 0
45 0
46 0
47 0
48 0
49 0
50 0
51 0
52 0
53 0
54 0
55 0
56 0
57 0
58 0
59 0
60 0
61 0
62 0
63 0
64 0
65 0
66 0
67 0
68 0
69 0
70 0
71 0
72 0
73 0
74 0
75 0
76 0
77 0
78 0
79 0
80 0
81 0
82 0
83 0
84 0
85 0
86 0
87 0
88 0
89 0
90 0
91 0
92 0
93 0
94 0
95 0
96 0
97 0
98 0
99 0
0 1 1.38372
0 9 -1.39291
0 10 -0.97582
0 90 -2.02799
1 2 -0.596
1 11 0.54081
1 91 0.451
2 3 0.74507
2 12 0.24456
2 92 1.19654
3 4 0.68675
3 13 0.08478
3 93 1.17728
4 5 1.68919
4 14 0.13611
4 94 -0.82445
5 6 1.94116
5 15 1.18827
5 95 0.51353
6 7 -0.14834
6 16 0.16437
6 96 2.11114
7 8 0.16764
7 17 0.7189
7 97 -1.3849
8 9 -0.57103
8 18 1.53783
8 98 -1.39847
9 19 0.50536
9 99 -0.73459
10 11 2.53875
10 19 -1.15177
10 20 0.18433
11 12 -0.39909
11 21 -0.41748
12 13 -0.8544
12 22 -0.06118
13 14 -0.91688
13 23 -0.82451
14 15 -0.40175
14 24 0.32206
15 16 -1.67211
15 25 0.51509
16 17 -1.79652
16 26 1.17013
17 18 0.19443
17 27 -2.35223
18 19 -1.46467
18 28 0.09441
19 29 2.66126
20 21 2.15611
20 29 0.45006
20 30 0.14923
21 22 0.71208
21 31 0.94021
22 23 1.01102
22 32 1.19487
23 24 -1.10504
23 33 -2.16908
24 25 0.46901
24 34 1.32323
25 26 -1.54775
25 35 -1.83299
26 27 -0.46441
26 36 0.35777
27 28 1.33966
27 37 0.96497
28 29 0.53379
28 38 -1.29063
29 39 -1.05611
30 31 0.2341
30 39 -1.80871
30 40 0.53329
31 32 -0.70245
31 41 -0.61473
32 33 0.59685
32 42 -0.60271
33 34 0.0363
33 43 -1.87835
34 35 -0.14805
34 44 0.58753
35 36 0.00483
35 45 -0.2181
36 37 -0.11711
36 46 -0.31755
37 38 -0.61168
37 47 -0.36886
38 39 -0.28364
38 48 0.94186
39 49 -0.98198
40 41 0.74624
40 49 -0.4749
40 50 1.15492
41 42 -0.21483
41 51 -0.91575
42 43 -1.48794
42 52 1.20267
43 44 0.91727
43 53 -0.87035
44 45 0.75636
44 54 0.64009
45 46 -1.27283
45 55 0.01873
46 47 1.80826
46 56 1.94038
47 48 1.29886
47 57 -0.63611
48 49 -0.10752
48 58 -0.33604
49 59 0.73643
50 51 -0.39457
50 59 -0.0831
50 60 -1.01077
51 52 -0.04003
51 61 1.04929
52 53 -0.72197
52 62 0.3306
53 54 0.02949
53 63 1.55338
54 55 -1.24511
54 64 -0.81804
55 56 -2.02516
55 65 -0.53821
56 57 1.23443
56 66 -0.67452
57 58 1.2178
57 67 -1.22384
58 59 1.65743
58 68 -0.10184
59 69 -0.27747
60 61 -2.48899
60 69 0.29006
60 70 0.10881
61 62 -0.79584
61 71 -0.37205
62 63 -1.2406
62 72 -1.32494
63 64 -0.7102
63 73 -3.04027
64 65 1.25035
64 74 0.55616
65 66 1.53704
65 75 -0.6326
66 67 0.96846
66 76 -0.0556
67 68 -0.9621
67 77 0.41566
68 69 0.55561
68 78 0.19929
69 79 -0.83706
70 71 0.04279
70 79 1.32479
70 80 -0.79703
71 72 0.36179
71 81 1.15363
72 73 -0.51801
72 82 2.00015
73 74 0.56977
73 83 -0.19959
74 75 -0.08276
74 84 2.8346
75 76 0.32266
75 85 -0.6144
76 77 -0.75126
76 86 2.79752
77 78 0.50267
77 87 -0.20195
78 79 0.04113
78 88 0.13673
79 89 -0.12884
80 81 -0.23483
80 89 -0.34878
80 90 0.11016
81 82 1.13612
81 91 -0.06744
82 83 0.4572
82 92 -0.97469
83 84 -0.77386
83 93 0.68202
84 85 0.66344
84 94 -0.31525
85 86 1.24824
85 95 0.11098
86 87 0.02822
86 96 -0.55154
87 88 0.2912
87 97 -0.10049
88 89 -1.35577
88 98 0.1663
89 99 0.4227
90 91 -0.80067
90 99 -0.41559
91 92 -0.07773
92 93 1.56089
93 94 -0.45057
94 95 0.60147
95 96 -1.3599
96 97 -0.29342
97 98 1.77616
98 99 -1.06486
