# model=ea2d N=100 meanJ=0 seed=2550214058 distribution=gaussian field=0 num_fields=100 num_couplings=200
0 0
1 0
2 0
3 0
4 0
5 0
6 0
7 0
8 0
9 0
10 0
11 0
12 0
13 0
14 0
15 0
16 0
17 0
18 0
19 0
20 0
21 0
22 0
23 0
24 0
25 0
26 0
27 0
28 0
29 0
30 0
31 0
32 0
33 0
34 0
35 0
36 0
37 0
38 0
39 0
40 0
41 0
42 0
43 0
44 0
45 0
46 0
47 0
48 0
49 0
50 0
51 0
52 0
53 0
54 0
55 0
56 0
57 0
58 0
59 0
60 0
61 0
62 0
63 0
64 0
65 0
66 0
67 0
68 0
69 0
70 0
71 0
72 0
73 0
74 0
75 0
76 0
77 0
78 0
79 0
80 0
81 0
82 0
83 0
84 0
85 0
86 0
87 0
88 0
89 0
90 0
91 0
92 0
93 0
94 0
95 0
96 0
97 0
98 0
99 0
0 1 -1.10274
0 9 -3.01756
0 10 -0.83147
0 90 -2.15869
1 2 -0.49418
1 11 -0.75187
1 91 2.22757
2 3 -0.00303
2 12 2.16408
2 92 0.5696
3 4 1.3437
3 13 -0.97801
3 93 -0.05383
4 5 0.55798
4 14 -0.47801
4 94 -0.00157
5 6 1.32074
5 15 0.12225
5 95 0.61685
6 7 0.1543
6 16 -0.73846
6 96 -0.04494
7 8 0.52023
7 17 0.37989
7 97 -2.34631
8 9 -0.46202
8 18 0.81338
8 98 -2.69134
9 19 -0.14228
9 99 -0.23096
10 11 -0.19266
10 19 -1.9386
10 20 0.92562
11 12 -0.04826
11 21 1.20447
12 13 -0.19611
12 22 -1.19248
13 14 -1.69348
13 23 1.59936
14 15 0.39527
14 24 0.3317
15 16 0.22042
15 25 1.22397
16 17 0.2422
16 26 -1.26196
17 18 0.92021
17 27 -0.44155
18 19 0.21279
18 28 0.52607
19 29 1.09209
20 21 0.42195
20 29 -0.31556
20 30 0.98676
21 22 0.44647
21 31 0.45222
22 23 0.98446
22 32 -0.5698
23 24 1.86146
23 33 0.01653
24 25 -0.60896
24 34 0.0977
25 26 -0.20348
25 35 -1.20203
26 27 1.02407
26 36 0.29613
27 28 -1.34727
27 37 0.35333
28 29 -0.15749
28 38 -0.48074
29 39 1.80732
30 31 0.3098
30 39 -0.49147
30 40 0.24261
31 32 -0.02641
31 41 1.12013
32 33 0.28055
32 42 -0.75012
33 34 -1.5058
33 43 0.52236
34 35 0.80575
34 44 1.20376
35 36 -0.18571
35 45 -0.10836
36 37 0.83095
36 46 0.40762
37 38 0.47886
37 47 -0.16945
38 39 0.36839
38 48 -1.00919
39 49 0.18301
40 41 -0.71857
40 49 0.2958
40 50 1.96265
41 42 0.75831
41 51 -1.24063
42 43 -0.98561
42 52 -2.91819
43 44 -0.5704
43 53 0.80198
44 45 -0.95031
44 54 0.15524
45 46 1.73043
45 55 0.67823
46 47 0.31665
46 56 -0.05266
47 48 0.76064
47 57 -0.09459
48 49 -0.42235
48 58 -1.04032
49 59 0.08376
50 51 1.27446
50 59 1.4039
50 60 1.12588
51 52 -0.40045
51 61 1.05383
52 53 1.24078
52 62 -0.25433
53 54 -0.00703
53 63 0.1046
54 55 -0.03448
54 64 0.35623
55 56 0.64373
55 65 0.32489
56 57 -1.18452
56 66 0.8392
57 58 -2.04961
57 67 0.93989
58 59 0.83306
58 68 -0.21376
59 69 0.27235
60 61 -0.76497
60 69 -0.87399
60 70 0.21727
61 62 -0.78636
61 71 -1.03969
62 63 -1.53848
62 72 1.28276
63 64 -1.68791
63 73 0.67674
64 65 -1.27069
64 74 0.61907
65 66 -1.35314
65 75 0.07484
66 67 0.55723
66 76 -1.34498
67 68 -0.01548
67 77 -1.66389
68 69 -1.4953
68 78 -0.25922
69 79 0.43344
70 71 -0.15025
70 79 0.08244
70 80 1.26999
71 72 -1.27735
71 81 0.91682
72 73 0.31726
72 82 0.19323
73 74 -0.00859
73 83 1.38886
74 75 -0.35609
74 84 0.96793
75 76 0.39651
75 85 0.38931
76 77 0.88498
76 86 -1.31338
77 78 -0.12472
77 87 -0.37474
78 79 -0.13289
78 88 1.1395
79 89 1.27752
80 81 -0.12442
80 89 1.46342
80 90 -1.11078
81 82 1.39579
81 91 0.65447
82 83 1.11441
82 92 -0.65795
83 84 -1.23593
83 93 -1.87266
84 85 -0.34584
84 94 0.65166
85 86 0.64185
85 95 0.26502
86 87 0.76045
86 96 0.35612
87 88 0.05055
87 97 -0.51975
88 89 -2.8097
88 98 0.22468
89 99 -1.33585
90 91 -0.75105
90 99 -0.28676
91 92 -1.26653
92 93 -0.74748
93 94 -1.68896
94 95 -0.89033
95 96 1.57253
96 97 -0.65123
97 98 -0.74815
98 99 -0.85705
