# model=ea2d N=100 meanJ=0 seed=2011734 distribution=gaussian field=0 num_fields=100 num_couplings=200 dim=2
0 0
1 0
2 0
3 0
4 0
5 0
6 0
7 0
8 0
9 0
10 0
11 0
12 0
13 0
14 0
15 0
16 0
17 0
18 0
19 0
20 0
21 0
22 0
23 0
24 0
25 0
26 0
27 0
28 0
29 0
30 0
31 0
32 0
33 0
34 0
35 0
36 0
37 0
38 0
39 0
40 0
41 0
42 0
43 0
44 0
45 0
46 0
47 0
48 0
49 0
50 0
51 0
52 0
53 0
54 0
55 0
56 0
57 0
58 0
59 0
60 0
61 0
62 0
63 0
64 0
65 0
66 0
67 0
68 0
69 0
70 0
71 0
72 0
73 0
74 0
75 0
76 0
77 0
78 0
79 0
80 0
81 0
82 0
83 0
84 0
85 0
86 0
87 0
88 0
89 0
90 0
91 0
92 0
93 0
94 0
95 0
96 0
97 0
98 0
99 0
0 1 -0.13938
0 9 -0.76214
0 10 1.18881
0 90 -0.7198
1 2 -0.27554
1 11 0.66672
1 91 0.48278
2 3 0.35378
2 12 0.44782
2 92 -1.07286
3 4 -0.72491
3 13 1.86693
3 93 -0.89406
4 5 -0.31916
4 14 0.06113
4 94 0.24813
5 6 0.12498
5 15 0.7027
5 95 -0.6107
6 7 0.2482
6 16 -0.11095
6 96 -0.16426
7 8 -0.71417
7 17 -1.14279
7 97 -0.62376
8 9 -0.49069
8 18 -0.33558
8 98 1.37101
9 19 0.50981
9 99 0.51678
10 11 -0.9303
10 19 -0.77477
10 20 -0.21709
11 12 -0.2845
11 21 -1.77197
12 13 -0.46949
12 22 0.55363
13 14 -1.13325
13 23 -0.47371
14 15 1.04304
14 24 -0.14857
15 16 -0.3802
15 25 0.30027
16 17 -0.11917
16 26 -0.66318
17 18 1.01438
17 27 -1.40496
18 19 0.62998
18 28 1.02838
19 29 0.97896
20 21 0.17065
20 29 -0.77771
20 30 -0.79079
21 22 -0.20602
21 31 -0.83004
22 23 -0.01215
22 32 -0.70874
23 24 -1.65302
23 33 0.53239
24 25 2.09994
24 34 -0.49947
25 26 -1.01113
25 35 -1.82076
26 27 -0.01034
26 36 -0.44179
27 28 1.56705
27 37 -0.62372
28 29 0.26663
28 38 0.4856
29 39 -1.18101
30 31 1.01844
30 39 1.01376
30 40 1.22933
31 32 0.71052
31 41 -1.57755
32 33 -0.08165
32 42 -0.78262
33 34 1.18544
33 43 -1.28717
34 35 -1.33826
34 44 0.66688
35 36 -0.60626
35 45 -0.17322
36 37 1.01167
36 46 -0.19227
37 38 0.45941
37 47 1.04298
38 39 0.18505
38 48 -0.3845
39 49 -0.14132
40 41 0.51183
40 49 -0.85313
40 50 0.43016
41 42 -1.85678
41 51 -0.39867
42 43 -0.38278
42 52 1.00002
43 44 -1.34708
43 53 -2.42205
44 45 0.61768
44 54 2.72976
45 46 1.489
45 55 0.02188
46 47 -0.18323
46 56 0.83321
47 48 1.70358
47 57 -0.29214
48 49 1.52596
48 58 0.2739
49 59 0.66553
50 51 0.83385
50 59 -2.47675
50 60 -0.37974
51 52 -0.19895
51 61 -0.11278
52 53 0.40953
52 62 0.44137
53 54 0.83363
53 63 1.08542
54 55 0.97702
54 64 -0.31305
55 56 -0.01336
55 65 0.54183
56 57 0.3184
56 66 -1.08585
57 58 1.00586
57 67 -0.4508
58 59 1.08875
58 68 0.60942
59 69 -0.7442
60 61 -1.57675
60 69 -0.62845
60 70 0.01597
61 62 0.15044
61 71 0.22117
62 63 2.13447
62 72 -0.46772
63 64 0.27585
63 73 -0.26249
64 65 0.56222
64 74 0.1998
65 66 1.24722
65 75 0.12709
66 67 -1.08389
66 76 1.86901
67 68 0.02061
67 77 0.14972
68 69 -2.64184
68 78 -0.66421
69 79 1.10685
70 71 1.00906
70 79 0.52172
70 80 -1.08423
71 72 -0.31909
71 81 0.18841
72 73 0.3792
72 82 0.53716
73 74 -0.87662
73 83 1.33755
74 75 0.286
74 84 -0.1339
75 76 0.06915
75 85 -1.16429
76 77 1.65392
76 86 0.95161
77 78 -1.05751
77 87 -0.03353
78 79 -0.49562
78 88 0.65476
79 89 0.00514
80 81 1.19417
80 89 -0.28447
80 90 -0.9374
81 82 -1.13972
81 91 -1.30206
82 83 -0.46795
82 92 -0.63684
83 84 -0.09404
83 93 -2.76467
84 85 -0.65656
84 94 -1.00442
85 86 -0.5264
85 95 -1.01916
86 87 -0.10166
86 96 -0.02435
87 88 -1.41582
87 97 -1.16214
88 89 -0.50939
88 98 -0.12578
89 99 -0.12423
90 91 -0.46529
90 99 0.49194
91 92 -0.20638
92 93 2.14623
93 94 0.52622
94 95 -1.67855
95 96 -0.29128
96 97 -0.68698
97 98 2.14861
98 99 1.0751
