# model=ea2d N=100 meanJ=0 seed=1692112751 distribution=gaussian field=0 num_fields=100 num_couplings=200
0 0
1 0
2 0
3 0
4 0
5 0
6 0
7 0
8 0
9 0
10 0
11 0
12 0
13 0
14 0
15 0
16 0
17 0
18 0
19 0
20 0
21 0
22 0
23 0
24 0
25 0
26 0
27 0
28 0
29 0
30 0
31 0
32 0
33 0
34 0
35 0
36 0
37 0
38 0
39 0
40 0
41 0
42 0
43 0
44 0
45 0
46 0
47 0
48 0
49 0
50 0
51 0
52 0
53 0
54 0
55 0
56 0
57 0
58 0
59 0
60 0
61 0
62 0
63 0
64 0
65 0
66 0
67 0
68 0
69 0
70 0
71 0
72 0
73 0
74 0
75 0
76 0
77 0
78 0
79 0
80 0
81 0
82 0
83 0
84 0
85 0
86 0
87 0
88 0
89 0
90 0
91 0
92 0
93 0
94 0
95 0
96 0
97 0
98 0
99 0
0 1 0.03794
0 9 0.63201
0 10 -1.04971
0 90 -0.81361
1 2 -0.4463
1 11 -2.12446
1 91 -0.71639
2 3 -0.63982
2 12 -0.65418
2 92 -0.37314
3 4 1.39524
3 13 -1.65709
3 93 -0.27772
4 5 0.73322
4 14 0.96103
4 94 -0.42754
5 6 0.73963
5 15 -0.1125
5 95 0.87855
6 7 0.26258
6 16 -1.30398
6 96 -0.52783
7 8 0.01763
7 17 1.21876
7 97 0.7945
8 9 -0.51479
8 18 -1.18734
8 98 -0.03446
9 19 0.04619
9 99 -0.06418
10 11 0.47328
10 19 -0.49044
10 20 -0.63323
11 12 -0.22724
11 21 0.4125
12 13 -0.50704
12 22 0.70046
13 14 -0.92553
13 23 -1.22531
14 15 1.30751
14 24 0.92547
15 16 0.58316
15 25 2.0647
16 17 0.95091
16 26 0.73288
17 18 0.92452
17 27 1.47149
18 19 -0.7655
18 28 -0.33818
19 29 0.74953
20 21 -0.96014
20 29 0.74895
20 30 0.66029
21 22 0.0549
21 31 0.33078
22 23 -1.19021
22 32 -0.9306
23 24 -0.14828
23 33 1.34783
24 25 -1.61526
24 34 0.24951
25 26 0.21862
25 35 -0.83181
26 27 -0.04784
26 36 -1.24492
27 28 0.98797
27 37 0.56269
28 29 1.55832
28 38 -2.23408
29 39 -2.13137
30 31 0.02567
30 39 -1.54243
30 40 1.32028
31 32 0.36391
31 41 0.68304
32 33 0.43633
32 42 -0.47094
33 34 1.97732
33 43 -1.97319
34 35 0.28167
34 44 -0.1356
35 36 0.73846
35 45 0.00317
36 37 -0.33127
36 46 0.94562
37 38 1.51251
37 47 1.07558
38 39 0.07909
38 48 0.27098
39 49 0.72224
40 41 1.27255
40 49 0.42512
40 50 -0.89356
41 42 -0.88325
41 51 -1.84454
42 43 0.6453
42 52 0.40998
43 44 0.65215
43 53 0.75431
44 45 0.90515
44 54 1.90501
45 46 1.45003
45 55 -0.38271
46 47 -0.23981
46 56 0.66856
47 48 -1.67738
47 57 1.22093
48 49 -0.12546
48 58 -0.46512
49 59 -1.0911
50 51 0.85313
50 59 0.29887
50 60 -0.60764
51 52 1.28572
51 61 1.49816
52 53 0.82635
52 62 -1.061
53 54 0.09513
53 63 0.3246
54 55 0.1273
54 64 -0.69336
55 56 -0.36563
55 65 0.38821
56 57 -0.55969
56 66 1.68736
57 58 0.45306
57 67 -0.67744
58 59 -0.6438
58 68 1.03722
59 69 -0.56993
60 61 0.43691
60 69 -0.43518
60 70 -0.61602
61 62 0.55106
61 71 0.26711
62 63 -1.30865
62 72 -1.86016
63 64 -0.20642
63 73 0.92589
64 65 -0.33604
64 74 2.54087
65 66 0.57443
65 75 2.10686
66 67 -0.3765
66 76 -0.1421
67 68 0.49484
67 77 -1.3965
68 69 -0.1373
68 78 0.35101
69 79 -0.03978
70 71 1.13669
70 79 0.69545
70 80 -0.43153
71 72 -0.99511
71 81 0.356
72 73 -1.18611
72 82 -0.22194
73 74 0.97409
73 83 0.49553
74 75 -0.46494
74 84 -0.76176
75 76 -1.07628
75 85 -0.88601
76 77 -0.06117
76 86 -1.89035
77 78 0.10986
77 87 0.95812
78 79 -1.19645
78 88 0.01769
79 89 0.44893
80 81 0.3405
80 89 0.06815
80 90 1.28535
81 82 1.27905
81 91 -0.10448
82 83 -0.4821
82 92 1.47094
83 84 1.18671
83 93 1.95705
84 85 2.1358
84 94 0.5877
85 86 -0.27736
85 95 -1.0923
86 87 0.14554
86 96 0.89987
87 88 -1.34589
87 97 -0.24423
88 89 0.02668
88 98 -1.67666
89 99 0.27594
90 91 -0.75542
90 99 -0.08128
91 92 0.11693
92 93 0.70183
93 94 0.15622
94 95 0.42832
95 96 -0.2942
96 97 -0.7603
97 98 0.98288
98 99 0.00034
