# model=sk N=50 meanJ=0 seed=1901513553 distribution=gaussian field=0 num_fields=50 num_couplings=1225
0 0
1 0
2 0
3 0
4 0
5 0
6 0
7 0
8 0
9 0
10 0
11 0
12 0
13 0
14 0
15 0
16 0
17 0
18 0
19 0
20 0
21 0
22 0
23 0
24 0
25 0
26 0
27 0
28 0
29 0
30 0
31 0
32 0
33 0
34 0
35 0
36 0
37 0
38 0
39 0
40 0
41 0
42 0
43 0
44 0
45 0
46 0
47 0
48 0
49 0
0 1 -0.0068583084157123556
0 2 0.18303031516121854
0 3 -0.0072543669649898371
0 4 -0.073581973181433974
0 5 -0.08912252192134465
0 6 -0.033227059558943756
0 7 0.062513814657089661
0 8 -0.053067206820915667
0 9 0.14274925844776906
0 10 -0.082016871398989707
0 11 0.062607992210652025
0 12 0.16459483621669227
0 13 -0.030405326795570519
0 14 0.058818437429792841
0 15 -0.1295918600953205
0 16 0.14115041401035094
0 17 0.42350144420652902
0 18 0.22114613571976519
0 19 0.035832111495681065
0 20 -0.027534230712161198
0 21 -0.061929977674719264
0 22 -0.10340824641504395
0 23 -0.070424197845002909
0 24 -0.056532775162127319
0 25 0.04640836620553402
0 26 -0.14821165687506088
0 27 -0.018685013257740843
0 28 0.089727775168947491
0 29 -0.006098676819944175
0 30 -0.013439082216600196
0 31 0.080092033408929453
0 32 0.0038558979425354547
0 33 0.4650989780366665
0 34 0.19481543079626951
0 35 -0.072217541392529172
0 36 0.079097321428247977
0 37 0.15923596013739275
0 38 -0.2318933278780837
0 39 -0.15757214996228128
0 40 0.023993259295021347
0 41 -0.042152464364933626
0 42 0.26990954682540175
0 43 0.012878539384411945
0 44 -0.10738125749631641
0 45 -0.067980858913261846
0 46 -0.092808049094718278
0 47 -0.2115390075782306
0 48 0.040613050234581491
0 49 0.23906789103627732
1 2 0.24048201326855473
1 3 -0.096555133259536921
1 4 0.28028846808308644
1 5 0.072393821615434728
1 6 -0.20485547495612991
1 7 -0.095241870371875939
1 8 0.0036067057894081408
1 9 -0.031338278210868757
1 10 0.1022337391939967
1 11 -0.13379944155814935
1 12 0.18394568301902386
1 13 -0.030628874079927058
1 14 0.10934668190844631
1 15 -0.040023894072197502
1 16 0.00024932754386978469
1 17 0.13754161674480492
1 18 -0.28997505649923178
1 19 -0.13611180575220211
1 20 0.086713194623383116
1 21 0.086720025774260925
1 22 0.12441262789387174
1 23 0.12483896821699066
1 24 -0.090652940560271261
1 25 -0.12711006151324486
1 26 0.12029166535260487
1 27 0.10264736249794872
1 28 -0.082777044896649624
1 29 -0.065256665223081184
1 30 0.17189049397485526
1 31 -0.095557647653445085
1 32 0.076129632958037513
1 33 0.10442886746034964
1 34 -0.18119340265777079
1 35 0.14401751289180173
1 36 0.17334243691494941
1 37 0.1497562721213124
1 38 -0.13217066285873807
1 39 -0.24526837274473065
1 40 -0.096148619656457671
1 41 0.042588165250561187
1 42 -0.25141131850459952
1 43 0.18125490864571106
1 44 -0.30604814155099813
1 45 -0.12239817596590784
1 46 -0.10677851409014795
1 47 0.057341832489683019
1 48 0.057538161868642648
1 49 0.12680798252802741
2 3 0.003461790370744284
2 4 -0.00088601989035152443
2 5 -0.048676382560738841
2 6 0.076045423679143784
2 7 0.18345869459211547
2 8 -0.084530060104756152
2 9 -0.037251450383576468
2 10 0.081691140764571429
2 11 0.04356237210777722
2 12 0.084365906659343182
2 13 -0.12486956722096419
2 14 -0.09506268376036868
2 15 -0.029959000944011521
2 16 -0.055714985799354626
2 17 0.013082379286413023
2 18 0.066561625468523469
2 19 0.014756325366555158
2 20 -0.069292847347331668
2 21 -0.15337350560433369
2 22 -0.048186998057444315
2 23 0.00046755532936243813
2 24 0.082038953408045415
2 25 0.0863700232342451
2 26 -0.046013416995889497
2 27 0.077292489387319099
2 28 -0.10268198194996674
2 29 -0.11968084578532537
2 30 -0.18910400706561184
2 31 0.23527805801789239
2 32 -0.053821205641898386
2 33 0.31287871321467531
2 34 0.013888911775899931
2 35 0.070751846910476368
2 36 0.12737140439929523
2 37 0.27282606889661648
2 38 0.15823803046989782
2 39 0.040281490927666093
2 40 0.16925777758134999
2 41 0.025880624839514744
2 42 -0.042236194971005329
2 43 0.088864973832242261
2 44 -0.075835700215904064
2 45 -0.13247759446907376
2 46 0.091963820313387568
2 47 -0.21456186193690077
2 48 0.28093505759059623
2 49 0.073562157844130546
3 4 -0.022982951120677157
3 5 0.091200657807791755
3 6 -0.046701819888844587
3 7 0.19491602355548468
3 8 -0.076004614573913803
3 9 -0.17305564461470377
3 10 0.15219441596590849
3 11 -0.13515302033999821
3 12 0.12407380929155506
3 13 -0.17739241969778896
3 14 0.035966667444939183
3 15 -0.051214292505849295
3 16 0.11657754087240775
3 17 -0.11146383614680239
3 18 0.11325372651867777
3 19 -0.028841045461093801
3 20 -0.11753354603520258
3 21 -0.088112165045767465
3 22 0.27136988195271489
3 23 0.063826289791361068
3 24 -0.034625166456394255
3 25 -0.31223760682629392
3 26 0.13988547040682683
3 27 -0.15836662163814921
3 28 -0.041313114789750985
3 29 -0.1563209454415446
3 30 -0.0078566214537625426
3 31 -0.16310370678201508
3 32 -0.0087171607343827333
3 33 0.090839613772035324
3 34 0.03650355784935784
3 35 0.049020977759080472
3 36 -0.018423108562095319
3 37 0.35363523429717003
3 38 0.13086615209827152
3 39 0.12917565440539525
3 40 0.21593282059988383
3 41 -0.015252429721707849
3 42 0.10351214731227662
3 43 0.093340745865476638
3 44 0.071734433746269088
3 45 0.1085065616470056
3 46 0.3733261459033706
3 47 -0.097613988841242338
3 48 -0.24247056465867756
3 49 -0.39173735367650958
4 5 -0.063401800642474887
4 6 -0.20988993190612124
4 7 -0.0052462283754680927
4 8 -0.032893780324192337
4 9 0.021427262272116158
4 10 0.14784340248582106
4 11 -0.01090595560496274
4 12 -0.10391421618151872
4 13 -0.025848737816275908
4 14 -0.080483896822107909
4 15 -0.045467473333338129
4 16 -0.3316096723637631
4 17 0.17309327570314748
4 18 -0.079991808149680418
4 19 -0.15380696469177133
4 20 -0.016884309072410692
4 21 -0.064938447569202876
4 22 -0.024897623918324053
4 23 -0.035768744675132247
4 24 -0.081792299533861565
4 25 -0.18508905474671361
4 26 -0.12802929276798405
4 27 -0.080900677328642534
4 28 0.10075375022458924
4 29 0.13276904572504555
4 30 -0.16911461220558907
4 31 0.22482432187226911
4 32 0.32475759501945173
4 33 0.066263521363810418
4 34 0.27669272372422887
4 35 -0.326571566445364
4 36 -0.090991399140341905
4 37 0.047456550701522382
4 38 -0.096847558463541483
4 39 -0.14392206744688524
4 40 0.16028036037793469
4 41 0.090802343635732793
4 42 -0.10489900960899606
4 43 -0.060867129248487084
4 44 -0.11969672302190042
4 45 -0.07812740304272868
4 46 -0.14601729044589606
4 47 -0.1448736186836054
4 48 0.063442946931376407
4 49 -0.06390887270585982
5 6 0.22395090363744288
5 7 -0.26031220673337235
5 8 -0.019716945255071328
5 9 0.13129896598433932
5 10 0.029762171010010208
5 11 0.25275871220225132
5 12 -0.016523218012673063
5 13 0.18731506648492205
5 14 -0.30640769506036786
5 15 0.19004148153152411
5 16 -0.087009797952050077
5 17 0.20327611736271356
5 18 0.063498893914140833
5 19 0.23661540524317509
5 20 0.11672066972907093
5 21 0.17343651236122637
5 22 0.33126095795610261
5 23 0.17751836673743981
5 24 0.0544862583928701
5 25 -0.070785204219053252
5 26 -0.11100232352977278
5 27 0.068589576878691313
5 28 -0.046815012173723067
5 29 0.15599770452766965
5 30 -0.43147932193385374
5 31 0.11086800752692383
5 32 0.19485710885970753
5 33 -0.04657045787298357
5 34 -0.044338964594426773
5 35 -0.077022292940778919
5 36 -0.1784251768013301
5 37 0.18833753058375363
5 38 -0.0044789541554869352
5 39 -0.017033416345038226
5 40 -0.036501856525283649
5 41 -0.078026426353050363
5 42 0.12006302256259471
5 43 -0.18231282328471571
5 44 0.048992395455235274
5 45 -0.089026737912829307
5 46 -0.21206974201559364
5 47 0.16103772066287719
5 48 0.33912877144074077
5 49 0.044761145469273553
6 7 0.13481635875136161
6 8 -0.0096552426936972469
6 9 0.16349311667603481
6 10 0.14253065524138792
6 11 -0.12006122418746333
6 12 -0.065968096909256174
6 13 0.11143615198177748
6 14 0.00037920118855028727
6 15 -0.12455382449071381
6 16 -0.12448042891071551
6 17 0.056126173156159198
6 18 -0.0041880626907516592
6 19 0.17318632153937655
6 20 0.3091027815227172
6 21 0.21781877352963278
6 22 -0.17153363168670621
6 23 0.043601966120685155
6 24 0.024625934240095064
6 25 -0.15131633975545714
6 26 -0.1575152942592507
6 27 -0.2867550743544327
6 28 -0.1587001660871141
6 29 -0.0068233403037469631
6 30 0.020207985226256171
6 31 -0.038020547627088092
6 32 -0.027636950970022365
6 33 -0.017166871169483799
6 34 0.053477590399403176
6 35 -0.11306875069253024
6 36 -0.25573197723843299
6 37 0.11447273357840369
6 38 0.064979008549529468
6 39 0.13692194110810546
6 40 0.067593035599082557
6 41 0.093097145577230464
6 42 0.041086778031086887
6 43 0.18178229134645621
6 44 0.014115656669260753
6 45 -0.14483522676203106
6 46 -0.032380591332951771
6 47 -0.045475880977492035
6 48 0.011298510532194113
6 49 -0.087695514120167434
7 8 0.03320970623159987
7 9 -0.31396362963640739
7 10 0.031271945558382738
7 11 -0.085358628485964969
7 12 -0.22325582914495401
7 13 0.065904028867922085
7 14 -0.30137017026418433
7 15 0.07651215217246099
7 16 -0.032875480923685717
7 17 0.11673529176879645
7 18 -0.18216691044443117
7 19 0.16536552806542928
7 20 -0.059373787311992762
7 21 -0.041496943713863782
7 22 0.18676373415121644
7 23 0.067160739793746399
7 24 -0.048125492930817144
7 25 0.11960845941759841
7 26 0.16303040694403148
7 27 -0.055574833452391177
7 28 -0.089775574485770962
7 29 -0.26866747526085133
7 30 0.035231036164689915
7 31 -0.18180708885711894
7 32 0.076068569729756452
7 33 -0.047231347664287854
7 34 -0.0015688411408154909
7 35 0.058584951927065552
7 36 0.049663219598846835
7 37 0.11106760324604328
7 38 0.24280330388873381
7 39 0.13297825651329445
7 40 0.045124864857100225
7 41 0.016088357437554449
7 42 -0.10051896219144428
7 43 0.10116968066390902
7 44 0.01122711009125945
7 45 0.059386235475237054
7 46 0.23067488661440336
7 47 -0.065278230418845007
7 48 0.063459576445436525
7 49 0.11626647346596339
8 9 0.19941461719072456
8 10 -0.03418676576924283
8 11 0.076497666812867002
8 12 -0.2126979143974535
8 13 -0.012771343440696607
8 14 -0.17195354910792163
8 15 0.021833149214874198
8 16 0.10367450150287667
8 17 -0.1020664768754264
8 18 0.038408463109156278
8 19 -0.068641257406030887
8 20 -0.071630078823643459
8 21 0.13512373805702088
8 22 -0.14607125848007577
8 23 0.1300463849413194
8 24 -0.097303866978588907
8 25 0.1277225046980475
8 26 -0.055512119483487291
8 27 -0.22584024711194534
8 28 0.018155459388252037
8 29 -0.082621360769096291
8 30 0.15852530269991716
8 31 -0.069261826020715234
8 32 0.036855239436902471
8 33 0.14666613928080782
8 34 -0.032625057133130624
8 35 -0.093643249456099018
8 36 -0.12983021889754504
8 37 -0.050435720686208357
8 38 -0.26827242255523165
8 39 -0.093920594807428773
8 40 0.29202927843954274
8 41 -0.017202981793470892
8 42 0.10446309674162584
8 43 -0.089795299308984833
8 44 0.094400081819933673
8 45 -0.19645677615523527
8 46 -0.061203672202348972
8 47 -0.081470371669765507
8 48 0.045537052875614367
8 49 0.12967467940263425
9 10 -0.1340093822348519
9 11 -0.17669200049694159
9 12 0.12657212096169804
9 13 0.059077357120488637
9 14 -0.066463275921265802
9 15 -0.11003087416528141
9 16 0.073637403960979633
9 17 -0.12898598674863529
9 18 0.3231794967778408
9 19 0.15475610971554468
9 20 -0.049587184174801097
9 21 -0.1893283561715263
9 22 0.1660569450536378
9 23 -0.084571930919575919
9 24 0.18193638023248096
9 25 -0.11693413983486156
9 26 0.15600201599618047
9 27 0.30836052508663908
9 28 0.1116052674628098
9 29 0.094079664063534171
9 30 0.068524802259620307
9 31 0.1134518522452532
9 32 0.0024489867982091648
9 33 -0.05768906417834422
9 34 0.0079436801913676924
9 35 -0.14443267436337348
9 36 0.090539620692775644
9 37 -0.12282227378174088
9 38 -0.043704815324418202
9 39 0.054720994147417282
9 40 -0.064113034623922566
9 41 -0.021925003376444561
9 42 0.046259742760722471
9 43 0.072593474495102991
9 44 0.15392091276953848
9 45 -0.027093033628393135
9 46 0.1258039472243917
9 47 -0.31809871617775154
9 48 -0.06436266294963025
9 49 0.20859274585784551
10 11 0.071667344013013612
10 12 0.025672107949128879
10 13 -0.08572812479718675
10 14 -0.077074211384432503
10 15 -0.10248224747007542
10 16 0.32611292147027499
10 17 0.092367011205675031
10 18 -0.15214595455452565
10 19 0.13588626062574663
10 20 -0.043939038325414542
10 21 0.089408873402286107
10 22 0.007594867573490675
10 23 0.017496923713290397
10 24 -0.10312000049382022
10 25 -0.13694948040759666
10 26 0.23901931543185065
10 27 0.0053695718706388033
10 28 0.049015428382810367
10 29 -0.070539684643758857
10 30 0.032375175598312732
10 31 0.11158861379641494
10 32 -0.021244276959087125
10 33 0.42954019004047805
10 34 0.028021597670993138
10 35 0.0012678969651950148
10 36 0.12250789319940485
10 37 -0.16411905465372922
10 38 0.021544534715470624
10 39 0.049853738876378333
10 40 0.31021150860915708
10 41 0.052275120873644457
10 42 0.077497004011856899
10 43 -0.16882793775101504
10 44 -0.14442717405463934
10 45 0.022617762704757786
10 46 0.34319281243183403
10 47 -0.13569763988497943
10 48 -0.01107244049080683
10 49 -0.10131930010783312
11 12 -0.074867088708235954
11 13 0.066678568113705108
11 14 0.23660744707792886
11 15 0.23411151017059728
11 16 -0.32131433604026016
11 17 -0.012761639845613874
11 18 0.056074459598233331
11 19 0.19160928924322437
11 20 0.14870732563387667
11 21 -0.13355972495255317
11 22 0.016601291074291771
11 23 0.046613512743915328
11 24 0.20982940136185038
11 25 -0.07872590657034538
11 26 -0.095735474575063123
11 27 0.043618480909806058
11 28 -0.38181203003595804
11 29 -0.17606746261241957
11 30 0.12082373123119941
11 31 -0.11371841143735194
11 32 -0.16586360994619151
11 33 -0.07973470448136552
11 34 -0.18709636871207458
11 35 0.21445359977310716
11 36 -0.13268516055444091
11 37 0.077901104421563047
11 38 -0.058691700269511912
11 39 -0.026670448386057553
11 40 0.15564026206887907
11 41 0.0631849458483386
11 42 0.0062363573066456183
11 43 0.028793953088237307
11 44 0.064383906863147849
11 45 0.066629771398261581
11 46 0.036532888768871334
11 47 0.12238027250521356
11 48 -0.01207813773512979
11 49 0.018993835717388361
12 13 -0.29402619219480075
12 14 -0.25491080812701783
12 15 -0.10518466776060104
12 16 -0.11910533730261105
12 17 -0.095861328180683797
12 18 -0.067193212354835399
12 19 0.12446247967438548
12 20 0.057897478589563914
12 21 -0.035065586115936409
12 22 -0.021897980010089236
12 23 0.12100373392311037
12 24 -0.22453696115368191
12 25 -0.11627059153289541
12 26 -0.18756943779491564
12 27 -0.052276529318254598
12 28 -0.10374566205752735
12 29 0.010274747792530767
12 30 0.17613960541469442
12 31 -0.015360547326830983
12 32 -0.12304577080395784
12 33 -0.041345763725561438
12 34 -0.12271654330187942
12 35 0.059554964907425054
12 36 -0.15568578159722465
12 37 0.0060005769453155451
12 38 0.13742472872552716
12 39 0.079126384843726874
12 40 -0.095690320446406033
12 41 -0.032349061280750949
12 42 -0.028206421407154382
12 43 -0.075017655012116838
12 44 -0.12570030340762661
12 45 -0.21617971611220194
12 46 -0.12621836298077699
12 47 -0.049435765168263972
12 48 0.14713732786070635
12 49 -0.11000172031086072
13 14 -0.046181844952956408
13 15 0.098202367181899869
13 16 0.10317383960787319
13 17 -0.053057112220424141
13 18 0.0095110450807566402
13 19 0.023944694421184177
13 20 -0.030401447707080191
13 21 0.059397352130211134
13 22 0.18212085641964429
13 23 0.048093146811560065
13 24 -0.10885442147451689
13 25 0.10178308529318987
13 26 -0.052344896105668844
13 27 0.16542817754665179
13 28 0.16620181504684281
13 29 0.0047851347640733826
13 30 0.11790801169514457
13 31 -0.048174165486213394
13 32 -0.098071105312888138
13 33 0.1857122261254647
13 34 -0.053499181598705613
13 35 -0.0712125909281911
13 36 -0.12423038020693615
13 37 0.12982157090228535
13 38 -0.043693176170785317
13 39 -0.036209323846541609
13 40 0.015205964051968137
13 41 -0.078579645324127409
13 42 -0.11620393730904083
13 43 -0.018096707920103056
13 44 0.12484054818067546
13 45 -0.18265423350637514
13 46 -0.37079614726019777
13 47 -0.065211014135651169
13 48 0.080867956151994755
13 49 -0.048291646322797359
14 15 0.02521974226383774
14 16 0.13359811163714605
14 17 -0.049353219212213445
14 18 0.0037344714018706792
14 19 0.075000641791663408
14 20 -0.082774256177715971
14 21 -0.063580513730936927
14 22 0.15415651963291149
14 23 0.10498069739816701
14 24 -0.10440139622583816
14 25 -0.22735273783484464
14 26 0.015232054396058257
14 27 0.052531117325225571
14 28 0.099174976816077148
14 29 0.21305428440190169
14 30 -0.030564023645343004
14 31 0.10672409656315501
14 32 0.039286732886572251
14 33 0.12239726122322965
14 34 0.02296436487989683
14 35 -0.012520909012962777
14 36 0.034793666452790153
14 37 -0.24643438073982663
14 38 -0.17232287065313448
14 39 0.025304197378020411
14 40 0.027084229318513276
14 41 -0.010407377821611583
14 42 -0.14799561488603696
14 43 0.19365831616223042
14 44 0.045871272849559178
14 45 0.23280849757720254
14 46 0.059543824436714625
14 47 0.017140818482626819
14 48 -0.23361705786871881
14 49 0.087904527857693773
15 16 0.076165883311590604
15 17 -0.0505741766982764
15 18 0.13382633511326966
15 19 0.10622064660357436
15 20 -0.018686281708042225
15 21 0.0085086157342195781
15 22 0.08723109369529701
15 23 0.19106289782619656
15 24 0.028847934431377262
15 25 0.2069656714050806
15 26 -0.035341841375347398
15 27 -0.16849133951718923
15 28 -0.024021445452215916
15 29 -0.24447457730989
15 30 -0.051172394969192819
15 31 0.24671158624500958
15 32 -0.10211450009099901
15 33 0.036348165208210693
15 34 -0.14986521151086235
15 35 -0.14203022844546298
15 36 0.19405124450414532
15 37 -0.029524054567037751
15 38 -0.028946647830981879
15 39 0.038385967564611295
15 40 0.023958862547771846
15 41 -0.029123905620561625
15 42 -0.21851113288281523
15 43 -0.15487513272183334
15 44 -0.0096194959653806266
15 45 0.11117885213376034
15 46 0.062254928133581758
15 47 0.36932936431415786
15 48 0.11124320584990169
15 49 -0.17085221824738114
16 17 -0.074307029144235884
16 18 0.16731135892765694
16 19 0.011476080752447068
16 20 -0.16897413712013448
16 21 -0.25623253881867908
16 22 -0.0076940165553913073
16 23 -0.196572401063386
16 24 0.13638368020809175
16 25 0.066945722968107108
16 26 0.21615831944549219
16 27 0.12863520129900471
16 28 -0.16900334431003644
16 29 0.011687869294395154
16 30 0.09086027792018847
16 31 -0.17194679156082424
16 32 0.27671108865857735
16 33 -0.028390479303033143
16 34 0.057103793027064323
16 35 0.082539277440782904
16 36 0.33209786566831456
16 37 0.3990911861254901
16 38 -0.15943784519595902
16 39 -0.0069581830559985154
16 40 0.16567226826668829
16 41 0.0021224545970988046
16 42 0.19343916887748314
16 43 0.081608949661337207
16 44 -0.25034514994392448
16 45 -0.12261533006512408
16 46 0.051773903800846774
16 47 -0.23634482774625268
16 48 -0.022280261588580087
16 49 0.25974135886008859
17 18 -0.2665531641376751
17 19 -0.036738944170379879
17 20 0.15957480241422062
17 21 -0.012698639438076592
17 22 -0.15384131285122574
17 23 -0.067915104647521929
17 24 0.049073997210133752
17 25 0.076849534338519862
17 26 0.064667984915226392
17 27 -0.04801083516821146
17 28 -0.035872247626756046
17 29 0.48103276584725896
17 30 -0.050140722811383612
17 31 -0.13080426368737821
17 32 -0.0582691209858767
17 33 -0.11090642843803702
17 34 0.0064791036662251037
17 35 0.090043070397994626
17 36 0.057865411230079468
17 37 0.063155598439107938
17 38 -0.050450574829485985
17 39 -0.0020659893964165023
17 40 -0.1819684155133636
17 41 0.18687425789988452
17 42 0.096909244694169519
17 43 -0.10900218389620916
17 44 -0.15751979042253209
17 45 0.014006252244802958
17 46 0.1213679795469178
17 47 0.17294149861658065
17 48 -0.042506904371841368
17 49 -0.0016993290096423497
18 19 0.095113446252543518
18 20 0.090433281035417049
18 21 0.21667867057708726
18 22 -0.13949107142842931
18 23 0.094434997509166271
18 24 0.083668102714968162
18 25 0.068588609194208741
18 26 0.01192259594088447
18 27 -0.085302061709205595
18 28 -0.17816175249221469
18 29 -0.048945940802256838
18 30 -0.031880786702709107
18 31 0.13860207151145651
18 32 -0.095977949262754908
18 33 0.22884464010751521
18 34 -0.1251103804363754
18 35 -0.35366702545893858
18 36 0.25533051668333201
18 37 -0.16141615655865235
18 38 -0.16573263929347984
18 39 0.080407967767546037
18 40 -0.17442798786497457
18 41 0.090944557103917134
18 42 0.043744063712516247
18 43 0.024825890110566899
18 44 -0.10782729142069845
18 45 0.015230907421584727
18 46 0.1816337627210505
18 47 -0.0055120649964267923
18 48 0.0022985562818375964
18 49 0.22840088882552143
19 20 -0.033525950227991236
19 21 0.070683744836805298
19 22 -0.19856125884398837
19 23 -0.13794573648507877
19 24 0.17231764267652191
19 25 -0.094375533858540889
19 26 0.03757632039037026
19 27 -0.10967482452730308
19 28 0.16279356316676935
19 29 0.13675108303705358
19 30 0.075019705941342246
19 31 -0.08119283275604601
19 32 0.026399886948510549
19 33 0.093360904001855413
19 34 -0.028810328093704467
19 35 -0.039493402849588702
19 36 0.19613946259946125
19 37 -0.19964868577620634
19 38 -0.088934792992772363
19 39 -0.2498054482186815
19 40 0.26900356730683678
19 41 -0.15278029032663096
19 42 -0.17463918000525971
19 43 -0.19245513545496448
19 44 -0.046818267199443708
19 45 0.1253107468659693
19 46 -0.15584517451471308
19 47 -0.32205064888243018
19 48 -0.15702543777838249
19 49 -0.22938275157356128
20 21 -0.127974010188245
20 22 -0.036702883267767716
20 23 0.29187526133149516
20 24 -0.28961130276951164
20 25 -0.13101936085158727
20 26 0.21622192951200481
20 27 -0.3450908037308052
20 28 0.039760398490085905
20 29 -0.019294195217272252
20 30 0.024449491774264313
20 31 0.040024021298709279
20 32 -0.00524775306949585
20 33 0.013217066956094084
20 34 -0.17131708132977239
20 35 -0.028353556844826155
20 36 -0.064744857055097582
20 37 0.075075653118187341
20 38 -0.15347963725155109
20 39 -0.24755203434731476
20 40 -0.13161285589982546
20 41 0.34986528995869642
20 42 0.098626370330852933
20 43 0.050815176537535957
20 44 -0.23601334494799059
20 45 -0.046353332748893583
20 46 -0.10341572157748444
20 47 0.072086252013271096
20 48 -0.45119082504504221
20 49 -0.10139232643419924
21 22 -0.20207056537532339
21 23 -0.03080028326803292
21 24 0.07045598555536095
21 25 -0.039028549018027839
21 26 0.048004088018343431
21 27 -0.014382813839467644
21 28 -0.18357505521646594
21 29 0.13214919853292059
21 30 -0.11303908883122407
21 31 0.052260772320866018
21 32 -0.13936144388454361
21 33 0.049013936563840947
21 34 0.2314328228794271
21 35 -0.27637373972334689
21 36 0.047469773416870115
21 37 -0.031060453434332901
21 38 -0.022167870348616336
21 39 0.19592616315655867
21 40 -0.3210416632693856
21 41 -0.015554429431270547
21 42 -0.2093752737815667
21 43 -0.14938475975340601
21 44 -0.023734217898563083
21 45 -0.12199476565312502
21 46 -0.10137183375849568
21 47 -0.044793916368450287
21 48 -0.23523372753837654
21 49 -0.057460633136415244
22 23 0.16648313381040916
22 24 0.084643912672409824
22 25 -0.078055621446606396
22 26 0.17637287850723149
22 27 -0.19753374152840134
22 28 -0.05919887993579917
22 29 0.076965891956335131
22 30 -0.00096667906209363082
22 31 -0.069656883787827376
22 32 0.1844808720667491
22 33 -0.07954572132667076
22 34 -0.072380712087716223
22 35 0.14591436710146996
22 36 -0.24815834913628229
22 37 -0.20947039378477572
22 38 -0.22631123889486571
22 39 -0.12595550419235158
22 40 0.083834430431465753
22 41 -0.034718972241604938
22 42 -0.13115226796700455
22 43 0.17059667157897895
22 44 0.09966137336982607
22 45 0.18816563505847117
22 46 0.0054513721513332345
22 47 0.10964518555195184
22 48 -0.059097547509959367
22 49 -0.10081235245015739
23 24 0.15539754809702638
23 25 -0.13380720192669274
23 26 0.33536885324897764
23 27 -0.078592116039727114
23 28 -0.10956472077960129
23 29 -0.001890724287494226
23 30 0.034484843154707644
23 31 -0.24269436633398964
23 32 0.015555271708288526
23 33 -0.014488847859414839
23 34 0.12799266632572676
23 35 0.1630446143239799
23 36 -0.036225101895108094
23 37 -0.0012064208742859762
23 38 -0.0012402949907586215
23 39 -0.095175897881822347
23 40 -0.032401475599005899
23 41 0.015770932009521236
23 42 -0.23106865995060782
23 43 -0.29390840667213941
23 44 -0.13169433238339398
23 45 0.036259825598033819
23 46 0.023407953895471987
23 47 -0.0088432933744532396
23 48 -0.091853632284289319
23 49 -0.086346678784147021
24 25 -0.11512380908766627
24 26 -0.038189809213695511
24 27 -0.13491328412880479
24 28 -0.059532238838398296
24 29 -0.042240237913093621
24 30 -0.070899205660562029
24 31 0.080942024079036362
24 32 -0.10095847725802284
24 33 0.011054713783797292
24 34 -0.010878603053057389
24 35 0.19169054482712364
24 36 -0.19441780349629276
24 37 0.034081828459156256
24 38 0.067687625813429186
24 39 -0.31971101197902824
24 40 0.05303031856309328
24 41 0.31654607012280112
24 42 -0.042421984927226132
24 43 -0.074475066398046422
24 44 0.10724193413034554
24 45 0.13649357452975078
24 46 0.19742479120569859
24 47 0.076915425802734541
24 48 -0.054045247784748986
24 49 0.0076439471009177255
25 26 0.33265967845533595
25 27 0.21889656935948043
25 28 -0.073279395700358921
25 29 -0.10077655179626444
25 30 0.14659655950926562
25 31 -0.054240711084310105
25 32 -0.25112787031502787
25 33 0.082044262348213867
25 34 -0.043700321407725118
25 35 -0.016096018198971825
25 36 -0.13003047748580129
25 37 -0.17030503115357976
25 38 0.13140231714913561
25 39 0.18650727241795814
25 40 -0.14994993373726154
25 41 0.11919210602410771
25 42 0.0028074254653163936
25 43 -0.035991401514058746
25 44 -0.11731747128370189
25 45 0.11801223641812274
25 46 -0.071331230857606689
25 47 -0.052172864576497911
25 48 0.011251111606747393
25 49 -0.065449840844952159
26 27 -0.10142192053877927
26 28 0.057219613958807418
26 29 -0.089184917441284872
26 30 -0.016297705793113109
26 31 0.097912922262440194
26 32 -0.085604128040072683
26 33 0.02455392705073824
26 34 0.2100131558489452
26 35 0.19221014442118592
26 36 -0.064640844619186746
26 37 0.067844236595686586
26 38 -0.039180885264052598
26 39 -0.17082929061574945
26 40 0.064208367644025224
26 41 -0.042843267134609855
26 42 0.13258359612351453
26 43 -0.20978654753705525
26 44 0.066484238573246923
26 45 -0.0047297851024612845
26 46 0.23673918813409284
26 47 0.034183562533816367
26 48 -0.12648624514396475
26 49 -0.018284288213957282
27 28 -0.1217983759006092
27 29 -0.19100385874393849
27 30 0.021789359216044673
27 31 0.014067094245892312
27 32 0.18209627315762264
27 33 0.39068117737602021
27 34 0.084838650071050778
27 35 -0.015758303329742835
27 36 -0.0018340752794213629
27 37 0.11068349760339223
27 38 -0.19545203803795397
27 39 6.5787122322535482e-05
27 40 0.030521650708606012
27 41 0.10881400287174962
27 42 0.25522626495084461
27 43 0.062754440236611697
27 44 -0.076401213940504531
27 45 -0.21003437538344483
27 46 0.0091703890383621357
27 47 0.027322875404677406
27 48 -0.061539637109273494
27 49 0.047933811964141516
28 29 0.022863531788788072
28 30 -0.034661682771902361
28 31 -0.11653094178839765
28 32 0.010182274803886664
28 33 -0.046763228077277147
28 34 0.0028150380944754086
28 35 -0.13713678188564948
28 36 -0.047142843953726511
28 37 -0.1552368582704271
28 38 -0.0021483935675809199
28 39 -0.083611731410313098
28 40 -0.11015429446280542
28 41 -0.092845247102869607
28 42 -0.0686460313290021
28 43 0.12675552883939267
28 44 0.019519335980469142
28 45 -0.14890139457391652
28 46 0.11778394536980029
28 47 -0.31204760790651626
28 48 -0.29757270371601413
28 49 0.050202928580569378
29 30 -0.1104470216810844
29 31 0.19742619551519039
29 32 -0.07239456991628801
29 33 -0.12478845858811788
29 34 0.0020399076162438451
29 35 -0.096754009041187305
29 36 0.16068096931432685
29 37 0.094399972308093202
29 38 -0.016692774429639574
29 39 -0.123993087242702
29 40 -0.15395316627423156
29 41 0.087046134068300182
29 42 0.1913177108736642
29 43 -0.099032898238847422
29 44 0.11346408393252312
29 45 -0.042754624452773844
29 46 0.20485560552506674
29 47 0.039194593364029445
29 48 0.097333385329291131
29 49 -0.00015614049921439596
30 31 0.014609251752818285
30 32 0.037594521220546177
30 33 -0.15775729786250958
30 34 -0.06117155116039253
30 35 -0.16085673575388915
30 36 0.072007817836080942
30 37 -0.061965183893871095
30 38 0.081521709593030942
30 39 -0.25841118448849171
30 40 -0.034650153186178555
30 41 0.24735165191295308
30 42 -0.03551745290103045
30 43 -0.15426008966565777
30 44 0.16502693297849516
30 45 0.16494052569936629
30 46 0.014714849643672803
30 47 0.0084662673693717966
30 48 -0.28325523484837073
30 49 -0.16111382521082873
31 32 -0.14664866629576417
31 33 0.014472430362799727
31 34 -0.074238358990180067
31 35 -0.3261311965916085
31 36 0.074935126258952586
31 37 0.14192961286340566
31 38 -0.11666436270466531
31 39 -0.077099174250743377
31 40 -0.20239964520929726
31 41 0.043120333361368723
31 42 -0.1488530597276054
31 43 0.16290112883675092
31 44 0.054818725037132428
31 45 -0.05995740496534159
31 46 -0.013625486960683237
31 47 -0.023999883190497132
31 48 -0.14601278462123043
31 49 -0.058717758772906636
32 33 0.019465205950523323
32 34 -0.071791507024792672
32 35 -0.24871731533909003
32 36 -0.19055502979379926
32 37 -0.11250745179508484
32 38 0.17297002971338526
32 39 -0.0070903632461013742
32 40 -0.1472601360522694
32 41 -0.037878595148842641
32 42 -0.040253562914400125
32 43 -0.041623715798536964
32 44 0.030547694159549714
32 45 0.24769388169213782
32 46 -0.20827185279069912
32 47 0.1667877407973464
32 48 0.042667270032596995
32 49 -0.21849682140454835
33 34 -0.23166399162668549
33 35 0.078359600156003864
33 36 0.013711920430328537
33 37 0.2102051695558545
33 38 0.17324359884994012
33 39 0.1156221112895055
33 40 0.068490551559339613
33 41 -0.12386254098054887
33 42 -0.2173954647010215
33 43 -0.0023263537399380507
33 44 -0.0089920121008718653
33 45 0.0028335239286606724
33 46 0.060785478101440665
33 47 0.20434438717891873
33 48 -0.25298632858819503
33 49 0.016565733559065102
34 35 0.17348121796205068
34 36 0.10863077587647302
34 37 0.13585369524947125
34 38 -0.03323591195419684
34 39 0.13720425582253098
34 40 -0.044647642384784511
34 41 0.40489047859301502
34 42 0.2570192840917585
34 43 -0.10208533110490686
34 44 0.039285579839991196
34 45 -0.06637732634676273
34 46 0.068784261426358115
34 47 -0.084676414322667218
34 48 -0.12762761481748816
34 49 -0.056796383969897571
35 36 -0.14934262590298708
35 37 -0.26026841675984691
35 38 -0.18067712401248609
35 39 0.046461918024528884
35 40 -0.033895472595215928
35 41 0.16025093742193958
35 42 0.034543245442108808
35 43 0.048086051307610359
35 44 0.029643194202143175
35 45 -0.086698248326262273
35 46 -0.1208484365268295
35 47 0.0069264424389839634
35 48 -0.12025003503669612
35 49 -0.068047428169891372
36 37 0.091759516996869267
36 38 0.054395244279491974
36 39 0.17706365468398783
36 40 0.23898885291890329
36 41 0.085861680604340629
36 42 -0.19475681284897928
36 43 -0.10431874683823367
36 44 0.19628859449097738
36 45 -0.015085946522154742
36 46 0.14194371687085452
36 47 0.11678501121498755
36 48 -0.23303658582542247
36 49 0.24043533965549799
37 38 -0.11968595009453775
37 39 -0.19049047238993666
37 40 0.13228949826250441
37 41 -0.0040165630077990807
37 42 0.21015415598595158
37 43 0.23226111640830713
37 44 0.11510231666367306
37 45 0.18911395265310629
37 46 0.0024266879870630999
37 47 -0.082843540378004801
37 48 0.22024929071109053
37 49 0.052727731185725615
38 39 0.030333858523403513
38 40 0.0084319052017639232
38 41 -0.048925040767780655
38 42 -0.00077908024033232015
38 43 -0.16478044892027169
38 44 -0.33763131212313713
38 45 -0.08411604630083945
38 46 0.036954615379333311
38 47 0.042146898916182771
38 48 -0.0045243909174280056
38 49 0.051096264712162172
39 40 -0.1924741956114826
39 41 -0.21599227413747735
39 42 -0.11962234235047223
39 43 -0.31997561387648749
39 44 0.25541903932022564
39 45 -0.054093397091042356
39 46 0.18528113340880373
39 47 -0.28693356083761251
39 48 -0.13416098075386515
39 49 0.24487639915785953
40 41 0.2159552565949929
40 42 -0.23624183743779131
40 43 -0.24299418880122919
40 44 -0.25297702207412531
40 45 0.057624652864351138
40 46 0.031614450794561197
40 47 -0.20847140553417037
40 48 0.0031475965954215483
40 49 -0.17482170974833075
41 42 -0.15983783626648806
41 43 -0.14449930553150825
41 44 0.085281224117765952
41 45 0.17062832827722171
41 46 -0.004406380686194299
41 47 0.056262453644851898
41 48 0.027509581026040956
41 49 0.097759073266664984
42 43 -0.10125592901651323
42 44 -0.053038933844995785
42 45 -0.15214667337027707
42 46 -0.029738687906688755
42 47 -0.090661571093088034
42 48 0.098220805548159762
42 49 0.17255276363579167
43 44 -0.0092150273207321342
43 45 0.11956286342033473
43 46 -0.0010800470544604045
43 47 -0.081041622651903511
43 48 0.19487987025662096
43 49 -0.42968981834923514
44 45 -0.099859176479326184
44 46 0.35068325408424961
44 47 -0.26868158694974725
44 48 0.032244869913121969
44 49 -0.20810034969438143
45 46 0.02988302020495788
45 47 -0.023170892154472728
45 48 0.032409138550145704
45 49 -0.015561709971558547
46 47 -0.054260722577753578
46 48 -0.18800485828313651
46 49 0.11631782198778239
47 48 0.020469603544160955
47 49 -0.021716387565220634
48 49 0.086998119656931452
