# model=rrg N=300 meanJ=0 seed=2803410373 distribution=gaussian field=0 num_fields=300 num_couplings=450
0 0
1 0
2 0
3 0
4 0
5 0
6 0
7 0
8 0
9 0
10 0
11 0
12 0
13 0
14 0
15 0
16 0
17 0
18 0
19 0
20 0
21 0
22 0
23 0
24 0
25 0
26 0
27 0
28 0
29 0
30 0
31 0
32 0
33 0
34 0
35 0
36 0
37 0
38 0
39 0
40 0
41 0
42 0
43 0
44 0
45 0
46 0
47 0
48 0
49 0
50 0
51 0
52 0
53 0
54 0
55 0
56 0
57 0
58 0
59 0
60 0
61 0
62 0
63 0
64 0
65 0
66 0
67 0
68 0
69 0
70 0
71 0
72 0
73 0
74 0
75 0
76 0
77 0
78 0
79 0
80 0
81 0
82 0
83 0
84 0
85 0
86 0
87 0
88 0
89 0
90 0
91 0
92 0
93 0
94 0
95 0
96 0
97 0
98 0
99 0
100 0
101 0
102 0
103 0
104 0
105 0
106 0
107 0
108 0
109 0
110 0
111 0
112 0
113 0
114 0
115 0
116 0
117 0
118 0
119 0
120 0
121 0
122 0
123 0
124 0
125 0
126 0
127 0
128 0
129 0
130 0
131 0
132 0
133 0
134 0
135 0
136 0
137 0
138 0
139 0
140 0
141 0
142 0
143 0
144 0
145 0
146 0
147 0
148 0
149 0
150 0
151 0
152 0
153 0
154 0
155 0
156 0
157 0
158 0
159 0
160 0
161 0
162 0
163 0
164 0
165 0
166 0
167 0
168 0
169 0
170 0
171 0
172 0
173 0
174 0
175 0
176 0
177 0
178 0
179 0
180 0
181 0
182 0
183 0
184 0
185 0
186 0
187 0
188 0
189 0
190 0
191 0
192 0
193 0
194 0
195 0
196 0
197 0
198 0
199 0
200 0
201 0
202 0
203 0
204 0
205 0
206 0
207 0
208 0
209 0
210 0
211 0
212 0
213 0
214 0
215 0
216 0
217 0
218 0
219 0
220 0
221 0
222 0
223 0
224 0
225 0
226 0
227 0
228 0
229 0
230 0
231 0
232 0
233 0
234 0
235 0
236 0
237 0
238 0
239 0
240 0
241 0
242 0
243 0
244 0
245 0
246 0
247 0
248 0
249 0
250 0
251 0
252 0
253 0
254 0
255 0
256 0
257 0
258 0
259 0
260 0
261 0
262 0
263 0
264 0
265 0
266 0
267 0
268 0
269 0
270 0
271 0
272 0
273 0
274 0
275 0
276 0
277 0
278 0
279 0
280 0
281 0
282 0
283 0
284 0
285 0
286 0
287 0
288 0
289 0
290 0
291 0
292 0
293 0
294 0
295 0
296 0
297 0
298 0
299 0
0 1 -0.49128
0 120 -0.89037
0 245 -1.45877
1 114 0.37421
1 153 -0.51005
2 183 -1.74244
2 187 0.82678
2 223 -0.00877
3 128 0.82857
3 201 -0.134
3 269 -0.16214
4 24 -0.80587
4 37 -0.4108
4 248 -0.18006
5 244 0.13415
5 253 0.46255
5 287 0.07987
6 56 -0.45901
6 113 -0.24609
6 164 -0.28987
7 18 -0.31609
7 229 -1.17622
7 280 0.19169
8 66 1.51803
8 215 -0.88973
8 266 1.96131
9 89 -0.68034
9 196 3.02648
9 266 0.01066
10 17 -0.41451
10 51 1.18596
10 194 0.9331
11 74 0.73262
11 165 0.97444
11 196 -1.50228
12 19 0.13006
12 52 -0.13333
12 282 -0.23372
13 71 0.38685
13 210 -0.37944
13 238 -0.34453
14 55 -0.83969
14 77 0.2727
14 133 0.0758
15 108 -2.26133
15 244 0.69627
15 252 0.20508
16 140 -0.19843
16 168 0.36999
16 220 -0.50234
17 162 -0.58499
17 224 0.55979
18 39 1.60847
18 68 -0.06337
19 202 -1.02932
19 216 2.53858
20 154 -0.56396
20 155 -0.58603
20 224 -1.67183
21 52 0.34889
21 148 0.88886
21 267 -1.48622
22 185 1.05479
22 234 -1.10066
22 271 0.22354
23 81 0.52963
23 255 -0.60971
23 276 -0.01865
24 137 2.1738
24 145 -0.45348
25 75 -1.07645
25 207 0.77787
25 210 1.32106
26 37 -0.96193
26 184 0.92514
26 198 0.2212
27 58 1.10002
27 125 0.89215
27 162 0.46921
28 180 -0.64806
28 291 0.98159
28 298 0.71801
29 46 -0.13159
29 62 0.1147
29 248 1.04249
30 61 1.41104
30 76 -0.70591
30 222 0.54285
31 118 0.68222
31 257 0.60468
31 259 2.56006
32 50 -0.06928
32 171 -0.40161
32 207 0.11531
33 191 -0.96448
33 210 -1.02366
33 293 0.53948
34 144 -0.86041
34 201 1.53595
34 227 -3.004
35 94 -0.10699
35 215 0.7907
35 221 -0.20443
36 59 0.60557
36 161 2.04001
36 166 -0.82662
37 169 0.58163
38 87 0.50184
38 189 -0.12874
38 279 -1.08736
39 85 -1.55753
39 225 0.75066
40 122 0.16879
40 126 1.33368
40 290 1.02018
41 110 -0.31039
41 143 0.25725
41 145 -0.79163
42 48 2.07559
42 98 0.94024
42 109 -1.8008
43 86 0.006
43 103 0.42299
43 106 0.34155
44 80 1.45233
44 98 -0.94926
44 276 1.33169
45 118 1.23694
45 193 -1.10135
45 238 0.92525
46 65 0.53383
46 186 -0.59174
47 70 0.56311
47 112 -0.70783
47 164 -0.15936
48 174 -0.01377
48 286 0.79101
49 51 1.66267
49 72 0.70528
49 284 0.9242
50 70 -0.27416
50 117 -0.17471
51 247 0.29571
52 136 0.02853
53 178 -0.52037
53 258 -1.80039
53 278 0.21856
54 95 1.46164
54 156 -0.72465
54 194 0.62338
55 72 -1.02445
55 113 0.05738
56 108 -2.58339
56 188 -0.60741
57 90 2.54377
57 99 0.25793
57 101 1.14106
58 205 0.73065
58 291 -0.77085
59 144 1.14765
59 154 -1.58556
60 196 0.46169
60 230 0.1863
60 239 -0.16237
61 78 0.15572
61 129 0.06543
62 105 0.84437
62 176 0.25297
63 115 -1.26245
63 131 0.40178
63 290 -0.40811
64 82 -0.67832
64 266 1.19857
64 299 0.22331
65 72 -1.84301
65 263 -0.84804
66 108 1.29427
66 148 0.64589
67 206 0.15888
67 211 -0.08129
67 273 0.80646
68 130 -1.50664
68 161 0.38644
69 99 0.71819
69 261 -0.02333
69 297 0.83831
70 296 0.67612
71 131 -0.1103
71 162 0.59798
73 145 0.71901
73 155 0.23468
73 256 0.94755
74 81 0.95206
74 208 -0.1604
75 125 -1.3414
75 241 -0.22486
76 156 0.57526
76 199 1.13844
77 171 -1.12036
77 184 0.35416
78 114 0.89534
78 221 0.88999
79 82 1.76073
79 157 1.96465
79 277 -2.18271
80 111 -1.53044
80 293 0.60273
81 170 0.95015
82 242 -0.28295
83 98 0.49445
83 115 -2.19208
83 225 1.28625
84 187 1.40337
84 242 -0.56479
84 281 0.43437
85 139 1.31303
85 204 -0.72575
86 96 -1.52166
86 226 0.41947
87 193 1.20895
87 250 -1.43442
88 113 -0.30766
88 177 0.94774
88 190 0.00159
89 173 -0.25902
89 237 0.09119
90 214 1.26623
90 226 -2.10794
91 176 -0.27556
91 254 0.44376
91 280 0.09204
92 167 -0.00858
92 218 -0.46517
92 258 -0.47247
93 124 0.34169
93 160 1.46198
93 199 0.48676
94 136 -0.56296
94 174 -0.86962
95 231 0.46121
95 258 2.16277
96 178 -1.25689
96 291 0.50266
97 132 0.3174
97 139 0.84517
97 278 -0.00523
99 292 -0.80615
100 121 0.68124
100 140 -0.46885
100 298 -0.41445
101 137 0.67738
101 268 -0.79589
102 146 -0.70485
102 279 0.48027
102 294 -2.32147
103 123 0.82221
103 201 -1.04131
104 147 0.02957
104 148 0.69307
104 235 0.92641
105 170 0.3802
105 206 1.16701
106 147 -1.8103
106 211 0.81716
107 192 1.4752
107 205 1.00126
107 245 -0.96787
109 262 -0.12141
109 281 0.56791
110 179 -0.58293
110 224 -1.42093
111 209 0.56173
111 267 -0.05039
112 121 -0.97527
112 165 1.13574
114 153 0.00395
115 225 -0.97647
116 138 0.98569
116 153 -0.8274
116 241 -1.15776
117 177 -0.68183
117 219 -0.40226
118 146 0.88952
119 135 0.20757
119 173 0.14138
119 197 1.37315
120 156 0.4988
120 299 1.3999
121 287 -1.93764
122 292 0.77031
122 296 -0.66446
123 152 0.74662
123 203 -0.17793
124 127 0.87747
124 176 0.51756
125 140 0.46007
126 263 -0.31578
126 279 0.25385
127 163 -0.69475
127 237 -0.67545
128 221 -1.10379
128 295 0.46921
129 161 1.18517
129 175 -0.26763
130 142 -0.56334
130 249 -0.07573
131 278 -0.30687
132 146 -0.80807
132 274 1.49372
133 168 1.44595
133 260 -0.18894
134 141 1.54236
134 158 -1.47553
134 283 -0.72624
135 151 -0.27621
135 209 -0.99006
136 264 -1.32037
137 240 -1.23398
138 253 0.38905
138 280 -0.1194
139 230 -0.9673
141 203 0.94828
141 205 -0.10478
142 159 -0.69747
142 267 -1.6542
143 167 0.33979
143 265 -0.3992
144 166 0.99436
147 219 0.67668
149 158 -0.02288
149 217 1.13616
149 294 1.59838
150 169 0.73602
150 223 -0.01
150 248 0.52984
151 212 0.01004
151 243 -1.18606
152 204 -0.78441
152 293 -0.40362
154 200 -0.33272
155 203 -0.89975
157 195 1.54847
157 234 -0.76312
158 170 -1.47552
159 192 1.47056
159 274 -0.10801
160 178 -0.64803
160 264 0.56123
163 172 0.33773
163 287 0.66467
164 265 -0.37694
165 262 0.17127
166 252 -0.479
167 185 -0.93797
168 190 1.29319
169 208 -0.12788
171 256 -0.60153
172 189 1.12863
172 222 -0.64989
173 188 0.48281
174 260 -0.90527
175 216 -0.73443
175 264 0.79548
177 284 -0.09088
179 195 1.60479
179 220 0.18468
180 246 0.10508
180 288 1.09152
181 213 1.88693
181 244 0.45441
181 275 -0.30186
182 238 -1.77703
182 270 0.19137
182 288 1.84208
183 232 -0.11689
183 239 0.05199
184 236 -0.54652
185 198 -1.02382
186 191 -0.11467
186 240 -0.60454
187 241 -0.10196
188 228 0.11831
189 220 2.38296
190 282 1.59132
191 217 0.05521
192 234 0.75076
193 229 -1.37973
194 286 -1.28157
195 289 0.05994
197 254 0.57256
197 299 0.98176
198 270 -1.05546
199 283 -0.33907
200 285 -0.41382
200 292 -1.10245
202 216 -0.0034
202 289 0.93927
204 229 -0.34575
206 256 0.57911
207 289 0.44544
208 272 0.62097
209 239 0.79686
211 218 0.99042
212 233 0.32705
212 282 -2.38438
213 228 -1.62329
213 257 0.0443
214 217 -0.09869
214 259 1.25125
215 253 0.78519
218 251 0.68638
219 271 -1.4154
222 272 1.6596
223 243 0.1536
226 295 -0.54215
227 274 1.26328
227 296 2.05317
228 285 0.10465
230 294 0.77517
231 235 1.04973
231 237 2.09863
232 246 1.49857
232 249 -1.30909
233 249 0.70293
233 260 -0.02302
235 277 0.24107
236 245 0.33576
236 275 -1.08177
240 255 -1.67711
242 273 0.30822
243 285 0.28203
246 251 -0.43101
247 252 -0.79962
247 254 0.22867
250 263 -0.57497
250 290 -0.27992
251 286 -1.04861
255 297 0.40722
257 270 -0.02392
259 281 -0.45433
261 269 0.5736
261 272 -0.90382
262 297 -1.60714
265 276 0.86275
268 271 0.3151
268 295 1.03703
269 273 -0.56826
275 277 0.36199
283 298 0.66502
284 288 0.25335
