# model=rrg N=300 meanJ=0 seed=116015132 distribution=gaussian field=0 num_fields=300 num_couplings=450
0 0
1 0
2 0
3 0
4 0
5 0
6 0
7 0
8 0
9 0
10 0
11 0
12 0
13 0
14 0
15 0
16 0
17 0
18 0
19 0
20 0
21 0
22 0
23 0
24 0
25 0
26 0
27 0
28 0
29 0
30 0
31 0
32 0
33 0
34 0
35 0
36 0
37 0
38 0
39 0
40 0
41 0
42 0
43 0
44 0
45 0
46 0
47 0
48 0
49 0
50 0
51 0
52 0
53 0
54 0
55 0
56 0
57 0
58 0
59 0
60 0
61 0
62 0
63 0
64 0
65 0
66 0
67 0
68 0
69 0
70 0
71 0
72 0
73 0
74 0
75 0
76 0
77 0
78 0
79 0
80 0
81 0
82 0
83 0
84 0
85 0
86 0
87 0
88 0
89 0
90 0
91 0
92 0
93 0
94 0
95 0
96 0
97 0
98 0
99 0
100 0
101 0
102 0
103 0
104 0
105 0
106 0
107 0
108 0
109 0
110 0
111 0
112 0
113 0
114 0
115 0
116 0
117 0
118 0
119 0
120 0
121 0
122 0
123 0
124 0
125 0
126 0
127 0
128 0
129 0
130 0
131 0
132 0
133 0
134 0
135 0
136 0
137 0
138 0
139 0
140 0
141 0
142 0
143 0
144 0
145 0
146 0
147 0
148 0
149 0
150 0
151 0
152 0
153 0
154 0
155 0
156 0
157 0
158 0
159 0
160 0
161 0
162 0
163 0
164 0
165 0
166 0
167 0
168 0
169 0
170 0
171 0
172 0
173 0
174 0
175 0
176 0
177 0
178 0
179 0
180 0
181 0
182 0
183 0
184 0
185 0
186 0
187 0
188 0
189 0
190 0
191 0
192 0
193 0
194 0
195 0
196 0
197 0
198 0
199 0
200 0
201 0
202 0
203 0
204 0
205 0
206 0
207 0
208 0
209 0
210 0
211 0
212 0
213 0
214 0
215 0
216 0
217 0
218 0
219 0
220 0
221 0
222 0
223 0
224 0
225 0
226 0
227 0
228 0
229 0
230 0
231 0
232 0
233 0
234 0
235 0
236 0
237 0
238 0
239 0
240 0
241 0
242 0
243 0
244 0
245 0
246 0
247 0
248 0
249 0
250 0
251 0
252 0
253 0
254 0
255 0
256 0
257 0
258 0
259 0
260 0
261 0
262 0
263 0
264 0
265 0
266 0
267 0
268 0
269 0
270 0
271 0
272 0
273 0
274 0
275 0
276 0
277 0
278 0
279 0
280 0
281 0
282 0
283 0
284 0
285 0
286 0
287 0
288 0
289 0
290 0
291 0
292 0
293 0
294 0
295 0
296 0
297 0
298 0
299 0
0 9 -0.35949
0 171 1.08304
0 206 -1.57935
1 57 0.33576
1 201 -0.7844
1 290 -0.30769
2 70 1.01615
2 227 1.03443
2 287 -0.11044
3 66 0.64238
3 92 -0.10637
3 202 1.12027
4 191 0.60461
4 268 -0.01059
4 269 0.72191
5 134 -0.01467
5 253 -0.8441
5 260 0.04821
6 75 -1.55477
6 143 0.98136
6 213 -0.67187
7 10 -0.74732
7 277 0.65495
7 288 1.05698
8 209 0.31035
8 226 -0.003
8 283 -1.22843
9 51 0.46937
9 173 1.0326
10 45 -0.33197
10 92 -0.65222
11 50 -2.49758
11 172 -0.18886
11 200 -1.39348
12 77 0.53971
12 184 -2.37275
12 217 -0.69616
13 115 0.09622
13 202 -0.50873
13 215 0.03496
14 49 -0.76655
14 116 0.93787
14 258 -0.02998
15 38 0.64648
15 180 -1.08265
15 225 -1.10057
16 154 0.30084
16 231 0.62213
16 258 -0.59824
17 40 -0.90456
17 83 -0.86355
17 149 0.21315
18 51 0.43304
18 117 -0.29429
18 161 0.88478
19 178 0.56253
19 228 -1.21721
19 281 -0.02412
20 89 0.89203
20 230 1.46135
20 263 0.43914
21 29 0.22199
21 63 -1.67584
21 204 0.45834
22 158 -1.21745
22 217 0.02828
22 264 -1.58928
23 26 1.53451
23 280 1.61423
23 294 0.06581
24 138 0.508
24 219 -0.72217
24 274 1.33646
25 65 0.2104
25 164 -1.86299
25 224 0.12692
26 27 -0.80913
26 130 -0.81713
27 90 -1.17722
27 190 0.59659
28 249 0.94993
28 265 1.72117
28 267 1.63641
29 156 -0.6421
29 182 -0.92222
30 69 -0.72702
30 199 0.85458
30 246 0.25269
31 62 -1.16613
31 89 0.03737
31 265 0.34704
32 95 0.47363
32 107 -0.20656
32 126 -0.68731
33 43 1.22801
33 84 1.05446
33 85 0.13374
34 53 0.72821
34 111 -1.96923
34 165 0.74482
35 97 0.4559
35 108 0.72278
35 288 0.73611
36 175 -0.32797
36 235 0.26148
36 251 1.05999
37 74 1.49726
37 141 0.05929
37 197 0.52166
38 264 0.64678
38 279 0.22265
39 172 -0.19042
39 241 -0.76233
39 292 -0.47136
40 240 -1.72882
40 298 1.03926
41 114 1.04851
41 199 1.45389
41 295 0.88742
42 92 -0.68954
42 194 -1.04586
42 206 0.6947
43 235 -0.1254
43 277 -0.1945
44 76 -0.61377
44 120 -0.86369
44 166 -0.55382
45 86 -0.28377
45 163 0.22063
46 47 0.75743
46 124 0.02662
46 278 -2.17668
47 61 0.08006
47 80 -0.91145
48 81 -0.46705
48 248 -0.61476
48 276 -0.88194
49 113 0.51633
49 297 -1.46385
50 181 0.22901
50 271 -0.09624
51 119 0.07095
52 101 0.13444
52 103 0.32231
52 127 -0.01608
53 134 0.09719
53 281 0.99654
54 67 1.67284
54 221 0.07287
54 233 0.14219
55 126 0.04304
55 224 -0.49697
55 259 -0.623
56 117 0.36643
56 145 0.92855
56 227 -0.06133
57 125 -0.53373
57 141 -1.45536
58 82 -0.80746
58 120 -0.4819
58 207 -1.80733
59 211 0.20246
59 220 -0.53456
59 278 1.31187
60 87 1.5112
60 261 0.69674
60 268 -0.15786
61 177 0.70341
61 197 0.09991
62 121 0.33007
62 247 -0.2838
63 91 -1.17774
63 189 -0.08403
64 110 0.43557
64 130 -0.47499
64 282 -0.2993
65 67 -0.24562
65 298 -0.26283
66 159 0.61681
66 175 0.73325
67 213 0.09489
68 186 1.01425
68 208 -0.66411
68 297 1.40693
69 230 -1.88887
69 284 -0.63145
70 152 -0.45936
70 291 -0.16347
71 88 1.56892
71 104 0.18924
71 151 -1.79627
72 122 0.06863
72 176 0.75035
72 294 0.55477
73 161 -0.63258
73 239 -1.91406
73 247 -0.09977
74 123 -2.1484
74 280 -0.00186
75 133 0.0822
75 289 0.33181
76 103 -1.46631
76 268 -0.45295
77 156 0.89808
77 173 0.03699
78 138 -1.52317
78 162 1.29956
78 232 -1.77762
79 179 1.11842
79 189 -0.0272
79 285 -0.64767
80 107 2.54223
80 228 -0.52681
81 186 -1.31784
81 237 -1.71203
82 99 -0.39592
82 251 -1.29315
83 225 0.46033
83 279 -0.72409
84 128 0.71442
84 186 -1.46776
85 159 1.64495
85 265 0.75202
86 145 0.33061
86 246 0.64102
87 177 -1.07165
87 180 0.14386
88 270 1.81791
88 297 -0.21801
89 152 -0.05312
90 163 -0.06571
90 273 -0.70789
91 158 -0.11357
91 252 0.30152
93 182 -0.52658
93 196 0.44675
93 226 -0.65565
94 148 -0.68895
94 151 -1.49714
94 262 1.06916
95 210 -1.43643
95 211 -1.12316
96 221 0.51895
96 227 -0.13081
96 278 0.22824
97 164 -0.71206
97 210 -0.10464
98 104 -0.38135
98 180 -0.27681
98 229 0.29267
99 237 -0.96388
99 271 0.08692
100 139 0.78892
100 239 -1.36513
100 283 -0.08464
101 118 -0.45024
101 131 -1.57152
102 106 -0.63028
102 115 -0.39425
102 253 0.24911
103 146 -0.2856
104 132 2.30819
105 166 -0.83896
105 206 -0.6143
105 266 -0.28216
106 143 0.29488
106 277 -2.67629
107 242 -0.28214
108 154 -0.55171
108 247 -1.39233
109 169 -1.67831
109 187 -0.41086
109 250 0.19012
110 215 -0.56152
110 243 -0.02239
111 114 -0.86125
111 290 0.01827
112 132 1.2254
112 185 1.10153
112 238 -0.6919
113 165 -0.19965
113 286 0.20241
114 149 1.44871
115 299 1.10266
116 171 -0.19785
116 185 0.51932
117 284 0.97936
118 191 0.17087
118 203 -3.16992
119 223 -0.82751
119 270 1.32351
120 288 -1.44646
121 147 1.95215
121 192 0.83396
122 157 -1.27735
122 229 1.05115
123 124 -0.04685
123 274 -0.05038
124 257 -0.49529
125 140 -0.56362
125 144 -0.02118
126 276 -0.82453
127 193 -0.98633
127 196 1.10492
128 168 -2.33088
128 289 -0.68827
129 146 -0.56678
129 181 -1.34238
129 228 -0.07877
130 200 -0.8028
131 202 -1.04005
131 220 0.19815
132 285 0.94357
133 140 -1.27086
133 243 -0.24255
134 136 1.43845
135 160 -0.57301
135 192 0.14724
135 234 -0.83089
136 137 -0.86774
136 205 -0.50965
137 269 -0.59786
137 283 0.24024
138 240 -1.06808
139 167 -0.84932
139 273 -0.5935
140 214 0.16658
141 169 0.07795
142 170 -1.31136
142 213 0.14678
142 271 0.4176
143 219 0.94503
144 178 -1.19066
144 259 -0.2901
145 212 -0.06359
146 204 0.88951
147 236 1.77963
147 266 0.63048
148 183 -0.63129
148 241 1.34836
149 174 -0.01627
150 184 -1.41266
150 195 -0.38903
150 205 -0.52744
151 281 -0.53008
152 235 -0.52236
153 183 2.19157
153 272 -0.96799
153 292 -0.10682
154 256 -0.44218
155 198 0.20546
155 199 0.937
155 252 0.30999
156 272 0.49469
157 222 0.73348
157 223 1.32468
158 229 1.11807
159 188 0.37731
160 167 -0.11157
160 233 0.86967
161 188 -0.03405
162 188 -0.43827
162 256 -0.36375
163 226 0.03028
164 246 -0.08021
165 296 0.70681
166 286 -0.90454
167 292 0.72951
168 245 -0.13642
168 273 -0.58382
169 263 0.35305
170 260 -1.21853
170 284 -0.91476
171 172 -0.21764
173 174 0.23888
174 250 1.45127
175 298 0.20486
176 215 0.80531
176 218 -1.59187
177 293 -1.26737
178 249 -0.06973
179 261 0.84604
179 279 0.5515
181 260 0.26989
182 238 -0.09453
183 287 1.09676
184 259 -0.86511
185 269 -0.38091
187 211 -0.41558
187 293 -0.65572
189 214 -0.07159
190 193 1.46067
190 255 -1.21038
191 208 -0.97475
192 225 -1.51008
193 295 -0.90039
194 210 0.76463
194 232 0.32694
195 216 -1.49828
195 254 0.08968
196 197 0.20973
198 207 0.06824
198 267 -1.02275
200 208 2.63441
201 262 -0.25431
201 266 1.72511
203 234 -0.46208
203 282 0.07384
204 231 -0.50694
205 219 -1.89521
207 296 -0.25264
209 242 -0.20695
209 251 -0.79375
212 221 -0.79332
212 274 -1.80238
214 261 -1.08439
216 220 -0.78765
216 275 0.04536
217 263 0.73543
218 223 -1.24569
218 254 -0.61547
222 231 0.19266
222 287 0.58687
224 252 0.09792
230 286 0.45884
232 264 0.87448
233 248 0.82248
234 236 1.7138
236 240 0.22633
237 253 0.78812
238 256 -0.43601
239 258 1.21097
241 299 0.97875
242 291 0.56984
243 296 -0.13618
244 275 0.42756
244 282 -0.38354
244 285 1.31998
245 293 0.36393
245 299 1.98964
248 255 -0.13473
249 267 0.0997
250 257 -1.19083
254 294 0.2399
255 257 -0.72945
262 272 2.46208
270 295 -1.26843
275 290 1.57094
276 280 1.9059
289 291 1.37015
