# model=rrg N=200 meanJ=0 seed=174677311 distribution=gaussian field=0 num_fields=200 num_couplings=300
0 0
1 0
2 0
3 0
4 0
5 0
6 0
7 0
8 0
9 0
10 0
11 0
12 0
13 0
14 0
15 0
16 0
17 0
18 0
19 0
20 0
21 0
22 0
23 0
24 0
25 0
26 0
27 0
28 0
29 0
30 0
31 0
32 0
33 0
34 0
35 0
36 0
37 0
38 0
39 0
40 0
41 0
42 0
43 0
44 0
45 0
46 0
47 0
48 0
49 0
50 0
51 0
52 0
53 0
54 0
55 0
56 0
57 0
58 0
59 0
60 0
61 0
62 0
63 0
64 0
65 0
66 0
67 0
68 0
69 0
70 0
71 0
72 0
73 0
74 0
75 0
76 0
77 0
78 0
79 0
80 0
81 0
82 0
83 0
84 0
85 0
86 0
87 0
88 0
89 0
90 0
91 0
92 0
93 0
94 0
95 0
96 0
97 0
98 0
99 0
100 0
101 0
102 0
103 0
104 0
105 0
106 0
107 0
108 0
109 0
110 0
111 0
112 0
113 0
114 0
115 0
116 0
117 0
118 0
119 0
120 0
121 0
122 0
123 0
124 0
125 0
126 0
127 0
128 0
129 0
130 0
131 0
132 0
133 0
134 0
135 0
136 0
137 0
138 0
139 0
140 0
141 0
142 0
143 0
144 0
145 0
146 0
147 0
148 0
149 0
150 0
151 0
152 0
153 0
154 0
155 0
156 0
157 0
158 0
159 0
160 0
161 0
162 0
163 0
164 0
165 0
166 0
167 0
168 0
169 0
170 0
171 0
172 0
173 0
174 0
175 0
176 0
177 0
178 0
179 0
180 0
181 0
182 0
183 0
184 0
185 0
186 0
187 0
188 0
189 0
190 0
191 0
192 0
193 0
194 0
195 0
196 0
197 0
198 0
199 0
0 95 -0.48491
0 145 0.3152
0 177 0.02932
1 34 -0.28194
1 50 -0.50741
1 158 -1.87838
2 63 -1.08763
2 123 -0.90477
2 140 -0.40853
3 33 0.18588
3 72 -0.62696
3 169 0.02937
4 8 0.62884
4 9 0.96712
4 69 0.70441
5 31 0.15018
5 44 1.09438
5 130 -0.83578
6 36 -0.14032
6 80 -0.07264
6 180 0.33898
7 85 0.42208
7 103 0.26229
7 107 1.09032
8 87 -0.44164
8 132 2.09951
9 21 -0.93464
9 111 0.84626
10 132 0.52697
10 191 -0.43484
10 192 0.10957
11 99 -1.17809
11 118 -1.5391
11 168 0.0049
12 119 2.03664
12 152 -0.97124
12 178 0.18172
13 136 -0.14465
13 148 -1.0858
13 182 0.42779
14 60 -0.07893
14 67 1.40357
14 93 0.66296
15 80 0.22889
15 117 -0.74959
15 158 -0.33955
16 91 -0.68277
16 126 -0.6156
16 149 0.99612
17 21 -0.15869
17 42 -1.23382
17 64 0.38944
18 47 -0.04014
18 53 -0.78632
18 106 0.08839
19 20 1.0277
19 111 0.65408
19 119 0.07661
20 102 -1.86482
20 181 -0.55363
21 90 1.69946
22 127 0.69807
22 149 -0.43522
22 175 -0.3297
23 49 -1.03153
23 95 0.48938
23 98 2.40369
24 29 1.20255
24 61 -1.21382
24 194 -0.07415
25 67 0.3115
25 139 0.458
25 172 0.43978
26 83 -1.46907
26 101 1.60031
26 102 1.29541
27 52 0.21062
27 147 1.45805
27 186 0.3387
28 72 -0.01219
28 106 0.28579
28 190 -0.24058
29 69 -0.88462
29 137 -0.25958
30 116 1.46378
30 176 1.58368
30 187 1.42135
31 161 1.57172
31 184 -0.67727
32 33 0.63281
32 51 0.375
32 113 0.85929
33 76 0.2877
34 177 -1.52417
34 199 -0.55915
35 68 -0.42494
35 94 -1.31289
35 182 1.28368
36 51 -1.1738
36 174 0.40141
37 70 0.24907
37 128 -0.37584
37 142 -0.94897
38 43 0.22153
38 143 1.34054
38 155 -1.19707
39 42 0.32161
39 100 -0.1169
39 159 -1.87677
40 134 1.10006
40 141 -0.48782
40 185 1.00839
41 68 0.91046
41 166 -0.83949
41 177 0.57494
42 131 -0.4334
43 135 -0.91176
43 147 0.33585
44 113 0.13156
44 195 -0.32725
45 50 0.03294
45 57 0.74233
45 123 0.12308
46 47 0.99403
46 54 1.06997
46 101 0.64994
47 134 -1.45647
48 81 -0.83444
48 115 0.44209
48 167 -0.9337
49 112 -1.85934
49 165 2.18667
50 165 -0.5701
51 189 0.27895
52 58 0.83008
52 64 0.99303
53 158 0.91418
53 185 1.66418
54 75 -0.34855
54 144 1.63291
55 83 -0.42171
55 97 -1.69379
55 145 0.9311
56 79 1.56373
56 89 0.62693
56 156 -0.81798
57 98 -0.42418
57 170 0.72308
58 117 2.20127
58 171 -0.20728
59 95 -0.02622
59 126 -1.055
59 176 1.07465
60 94 -0.5884
60 135 -0.40265
61 107 -0.92385
61 135 0.69379
62 146 -0.29679
62 179 0.60708
62 183 0.37448
63 159 0.3888
63 176 0.35337
64 90 -0.33256
65 70 -0.26722
65 153 -0.66376
65 173 -0.08717
66 145 -0.74605
66 151 -0.65071
66 174 0.30691
67 103 -0.97123
68 131 -1.05253
69 88 -0.42297
70 174 -1.45371
71 137 0.851
71 140 -0.87077
71 187 1.89179
72 169 0.23936
73 88 0.38177
73 162 -1.52959
73 179 0.28906
74 108 -0.28225
74 161 -1.55059
74 164 -0.85234
75 154 2.17205
75 183 -1.84413
76 100 -1.66839
76 144 0.12386
77 81 0.67911
77 148 -0.3367
77 192 -1.57768
78 91 0.46246
78 113 -0.07632
78 161 -0.47403
79 102 -0.65596
79 108 -0.80256
80 190 0.02215
81 191 2.10708
82 85 0.11579
82 152 -0.61273
82 193 0.30492
83 140 -0.38287
84 129 -0.31525
84 142 -1.44204
84 157 0.09317
85 121 0.12761
86 163 -1.28209
86 167 0.98704
86 170 -0.51612
87 167 -0.36828
87 193 -0.34466
88 157 1.31149
89 153 0.5823
89 197 -1.65327
90 164 -0.18658
91 104 -1.66781
92 103 0.19682
92 182 1.26937
92 188 -1.39093
93 152 -0.58341
93 169 0.49496
94 124 -0.44597
96 109 0.90088
96 118 -0.67215
96 160 1.02425
97 122 0.10513
97 150 -1.11086
98 99 0.54777
99 114 1.82803
100 175 -1.94447
101 124 0.73194
104 138 0.62085
104 164 1.52773
105 121 1.13343
105 139 -1.04153
105 198 0.58189
106 138 -2.02736
107 114 0.32002
108 110 0.12756
109 159 0.65784
109 184 -0.24239
110 134 -0.56224
110 163 -0.85767
111 163 0.16761
112 118 2.12554
112 179 -0.81788
114 173 -1.74606
115 154 0.00971
115 181 -0.5291
116 155 0.67533
116 181 -1.86874
117 184 0.55408
119 178 -0.56665
120 156 0.35982
120 188 -0.92069
120 198 0.69945
121 151 -0.74878
122 193 1.42531
122 198 0.20031
123 153 1.02268
124 180 0.56137
125 168 1.54766
125 170 -0.49324
125 196 -0.61188
126 178 0.40962
127 172 -1.04597
127 196 -0.42725
128 166 -0.52662
128 197 1.19042
129 142 2.67023
129 171 -0.77581
130 188 -0.41316
130 195 -0.45229
131 148 0.92895
132 160 -0.0598
133 150 0.34598
133 160 -2.4557
133 165 0.06143
136 162 -0.94045
136 186 -0.64168
137 147 -1.31246
138 144 -0.62884
139 151 -1.33828
141 143 0.19823
141 194 -0.71214
143 156 -0.32695
146 150 -0.37755
146 197 -0.88287
149 157 -0.51123
154 185 0.30059
155 199 -0.61264
162 186 2.59871
166 189 0.79936
168 183 0.0447
171 195 1.86803
172 180 0.53121
173 192 -0.42761
175 191 0.11198
187 196 0.02265
189 190 1.34996
194 199 -0.75257
