# model=ea3d N=1000 meanJ=0 seed=984323260 distribution=gaussian field=0 num_fields=1000 num_couplings=3000
0 0
1 0
2 0
3 0
4 0
5 0
6 0
7 0
8 0
9 0
10 0
11 0
12 0
13 0
14 0
15 0
16 0
17 0
18 0
19 0
20 0
21 0
22 0
23 0
24 0
25 0
26 0
27 0
28 0
29 0
30 0
31 0
32 0
33 0
34 0
35 0
36 0
37 0
38 0
39 0
40 0
41 0
42 0
43 0
44 0
45 0
46 0
47 0
48 0
49 0
50 0
51 0
52 0
53 0
54 0
55 0
56 0
57 0
58 0
59 0
60 0
61 0
62 0
63 0
64 0
65 0
66 0
67 0
68 0
69 0
70 0
71 0
72 0
73 0
74 0
75 0
76 0
77 0
78 0
79 0
80 0
81 0
82 0
83 0
84 0
85 0
86 0
87 0
88 0
89 0
90 0
91 0
92 0
93 0
94 0
95 0
96 0
97 0
98 0
99 0
100 0
101 0
102 0
103 0
104 0
105 0
106 0
107 0
108 0
109 0
110 0
111 0
112 0
113 0
114 0
115 0
116 0
117 0
118 0
119 0
120 0
121 0
122 0
123 0
124 0
125 0
126 0
127 0
128 0
129 0
130 0
131 0
132 0
133 0
134 0
135 0
136 0
137 0
138 0
139 0
140 0
141 0
142 0
143 0
144 0
145 0
146 0
147 0
148 0
149 0
150 0
151 0
152 0
153 0
154 0
155 0
156 0
157 0
158 0
159 0
160 0
161 0
162 0
163 0
164 0
165 0
166 0
167 0
168 0
169 0
170 0
171 0
172 0
173 0
174 0
175 0
176 0
177 0
178 0
179 0
180 0
181 0
182 0
183 0
184 0
185 0
186 0
187 0
188 0
189 0
190 0
191 0
192 0
193 0
194 0
195 0
196 0
197 0
198 0
199 0
200 0
201 0
202 0
203 0
204 0
205 0
206 0
207 0
208 0
209 0
210 0
211 0
212 0
213 0
214 0
215 0
216 0
217 0
218 0
219 0
220 0
221 0
222 0
223 0
224 0
225 0
226 0
227 0
228 0
229 0
230 0
231 0
232 0
233 0
234 0
235 0
236 0
237 0
238 0
239 0
240 0
241 0
242 0
243 0
244 0
245 0
246 0
247 0
248 0
249 0
250 0
251 0
252 0
253 0
254 0
255 0
256 0
257 0
258 0
259 0
260 0
261 0
262 0
263 0
264 0
265 0
266 0
267 0
268 0
269 0
270 0
271 0
272 0
273 0
274 0
275 0
276 0
277 0
278 0
279 0
280 0
281 0
282 0
283 0
284 0
285 0
286 0
287 0
288 0
289 0
290 0
291 0
292 0
293 0
294 0
295 0
296 0
297 0
298 0
299 0
300 0
301 0
302 0
303 0
304 0
305 0
306 0
307 0
308 0
309 0
310 0
311 0
312 0
313 0
314 0
315 0
316 0
317 0
318 0
319 0
320 0
321 0
322 0
323 0
324 0
325 0
326 0
327 0
328 0
329 0
330 0
331 0
332 0
333 0
334 0
335 0
336 0
337 0
338 0
339 0
340 0
341 0
342 0
343 0
344 0
345 0
346 0
347 0
348 0
349 0
350 0
351 0
352 0
353 0
354 0
355 0
356 0
357 0
358 0
359 0
360 0
361 0
362 0
363 0
364 0
365 0
366 0
367 0
368 0
369 0
370 0
371 0
372 0
373 0
374 0
375 0
376 0
377 0
378 0
379 0
380 0
381 0
382 0
383 0
384 0
385 0
386 0
387 0
388 0
389 0
390 0
391 0
392 0
393 0
394 0
395 0
396 0
397 0
398 0
399 0
400 0
401 0
402 0
403 0
404 0
405 0
406 0
407 0
408 0
409 0
410 0
411 0
412 0
413 0
414 0
415 0
416 0
417 0
418 0
419 0
420 0
421 0
422 0
423 0
424 0
425 0
426 0
427 0
428 0
429 0
430 0
431 0
432 0
433 0
434 0
435 0
436 0
437 0
438 0
439 0
440 0
441 0
442 0
443 0
444 0
445 0
446 0
447 0
448 0
449 0
450 0
451 0
452 0
453 0
454 0
455 0
456 0
457 0
458 0
459 0
460 0
461 0
462 0
463 0
464 0
465 0
466 0
467 0
468 0
469 0
470 0
471 0
472 0
473 0
474 0
475 0
476 0
477 0
478 0
479 0
480 0
481 0
482 0
483 0
484 0
485 0
486 0
487 0
488 0
489 0
490 0
491 0
492 0
493 0
494 0
495 0
496 0
497 0
498 0
499 0
500 0
501 0
502 0
503 0
504 0
505 0
506 0
507 0
508 0
509 0
510 0
511 0
512 0
513 0
514 0
515 0
516 0
517 0
518 0
519 0
520 0
521 0
522 0
523 0
524 0
525 0
526 0
527 0
528 0
529 0
530 0
531 0
532 0
533 0
534 0
535 0
536 0
537 0
538 0
539 0
540 0
541 0
542 0
543 0
544 0
545 0
546 0
547 0
548 0
549 0
550 0
551 0
552 0
553 0
554 0
555 0
556 0
557 0
558 0
559 0
560 0
561 0
562 0
563 0
564 0
565 0
566 0
567 0
568 0
569 0
570 0
571 0
572 0
573 0
574 0
575 0
576 0
577 0
578 0
579 0
580 0
581 0
582 0
583 0
584 0
585 0
586 0
587 0
588 0
589 0
590 0
591 0
592 0
593 0
594 0
595 0
596 0
597 0
598 0
599 0
600 0
601 0
602 0
603 0
604 0
605 0
606 0
607 0
608 0
609 0
610 0
611 0
612 0
613 0
614 0
615 0
616 0
617 0
618 0
619 0
620 0
621 0
622 0
623 0
624 0
625 0
626 0
627 0
628 0
629 0
630 0
631 0
632 0
633 0
634 0
635 0
636 0
637 0
638 0
639 0
640 0
641 0
642 0
643 0
644 0
645 0
646 0
647 0
648 0
649 0
650 0
651 0
652 0
653 0
654 0
655 0
656 0
657 0
658 0
659 0
660 0
661 0
662 0
663 0
664 0
665 0
666 0
667 0
668 0
669 0
670 0
671 0
672 0
673 0
674 0
675 0
676 0
677 0
678 0
679 0
680 0
681 0
682 0
683 0
684 0
685 0
686 0
687 0
688 0
689 0
690 0
691 0
692 0
693 0
694 0
695 0
696 0
697 0
698 0
699 0
700 0
701 0
702 0
703 0
704 0
705 0
706 0
707 0
708 0
709 0
710 0
711 0
712 0
713 0
714 0
715 0
716 0
717 0
718 0
719 0
720 0
721 0
722 0
723 0
724 0
725 0
726 0
727 0
728 0
729 0
730 0
731 0
732 0
733 0
734 0
735 0
736 0
737 0
738 0
739 0
740 0
741 0
742 0
743 0
744 0
745 0
746 0
747 0
748 0
749 0
750 0
751 0
752 0
753 0
754 0
755 0
756 0
757 0
758 0
759 0
760 0
761 0
762 0
763 0
764 0
765 0
766 0
767 0
768 0
769 0
770 0
771 0
772 0
773 0
774 0
775 0
776 0
777 0
778 0
779 0
780 0
781 0
782 0
783 0
784 0
785 0
786 0
787 0
788 0
789 0
790 0
791 0
792 0
793 0
794 0
795 0
796 0
797 0
798 0
799 0
800 0
801 0
802 0
803 0
804 0
805 0
806 0
807 0
808 0
809 0
810 0
811 0
812 0
813 0
814 0
815 0
816 0
817 0
818 0
819 0
820 0
821 0
822 0
823 0
824 0
825 0
826 0
827 0
828 0
829 0
830 0
831 0
832 0
833 0
834 0
835 0
836 0
837 0
838 0
839 0
840 0
841 0
842 0
843 0
844 0
845 0
846 0
847 0
848 0
849 0
850 0
851 0
852 0
853 0
854 0
855 0
856 0
857 0
858 0
859 0
860 0
861 0
862 0
863 0
864 0
865 0
866 0
867 0
868 0
869 0
870 0
871 0
872 0
873 0
874 0
875 0
876 0
877 0
878 0
879 0
880 0
881 0
882 0
883 0
884 0
885 0
886 0
887 0
888 0
889 0
890 0
891 0
892 0
893 0
894 0
895 0
896 0
897 0
898 0
899 0
900 0
901 0
902 0
903 0
904 0
905 0
906 0
907 0
908 0
909 0
910 0
911 0
912 0
913 0
914 0
915 0
916 0
917 0
918 0
919 0
920 0
921 0
922 0
923 0
924 0
925 0
926 0
927 0
928 0
929 0
930 0
931 0
932 0
933 0
934 0
935 0
936 0
937 0
938 0
939 0
940 0
941 0
942 0
943 0
944 0
945 0
946 0
947 0
948 0
949 0
950 0
951 0
952 0
953 0
954 0
955 0
956 0
957 0
958 0
959 0
960 0
961 0
962 0
963 0
964 0
965 0
966 0
967 0
968 0
969 0
970 0
971 0
972 0
973 0
974 0
975 0
976 0
977 0
978 0
979 0
980 0
981 0
982 0
983 0
984 0
985 0
986 0
987 0
988 0
989 0
990 0
991 0
992 0
993 0
994 0
995 0
996 0
997 0
998 0
999 0
0 1 -0.74461
0 9 0.8168
0 10 -0.76561
0 90 -0.26337
0 100 -1.76016
0 900 1.26382
1 2 -0.05389
1 11 -0.91061
1 91 0.64137
1 101 1.57701
1 901 0.23312
2 3 0.16399
2 12 0.57428
2 92 0.09588
2 102 -1.67513
2 902 0.52401
3 4 0.52789
3 13 -0.23856
3 93 -2.65363
3 103 0.44016
3 903 0.81011
4 5 -2.41389
4 14 0.90107
4 94 0.18237
4 104 1.2535
4 904 1.65534
5 6 -1.67621
5 15 0.3294
5 95 -0.59363
5 105 0.19142
5 905 -0.43542
6 7 -0.26169
6 16 0.38854
6 96 2.08744
6 106 -0.61312
6 906 0.2336
7 8 0.043
7 17 -1.077
7 97 -1.1979
7 107 0.00244
7 907 -1.1587
8 9 -0.6145
8 18 -2.23304
8 98 -0.63445
8 108 -0.61942
8 908 0.16957
9 19 -0.09957
9 99 -0.03808
9 109 -0.66407
9 909 -2.32465
10 11 1.55539
10 19 0.59728
10 20 0.33217
10 110 1.01892
10 910 -0.56042
11 12 -0.30103
11 21 -0.42385
11 111 -1.18168
11 911 0.50202
12 13 0.62746
12 22 -0.96568
12 112 1.97432
12 912 -0.06181
13 14 -0.01816
13 23 -0.96279
13 113 -1.20906
13 913 1.12797
14 15 -0.47789
14 24 -0.95743
14 114 0.51645
14 914 0.42078
15 16 1.98766
15 25 -0.11219
15 115 -0.52981
15 915 0.81379
16 17 -0.12012
16 26 -1.27068
16 116 1.23323
16 916 -1.07949
17 18 0.70197
17 27 0.58266
17 117 0.61347
17 917 -1.79713
18 19 1.68515
18 28 -0.87126
18 118 -0.89886
18 918 -0.16308
19 29 -0.54683
19 119 0.9822
19 919 0.6086
20 21 0.20334
20 29 -0.85153
20 30 -0.52482
20 120 0.74946
20 920 -0.37032
21 22 -0.6436
21 31 -1.71012
21 121 0.31701
21 921 1.12535
22 23 1.48874
22 32 0.12695
22 122 1.67766
22 922 -1.35617
23 24 0.90692
23 33 0.81717
23 123 -0.45144
23 923 -0.17802
24 25 0.39252
24 34 -0.97975
24 124 -1.32299
24 924 1.32314
25 26 0.7725
25 35 -0.15247
25 125 0.08008
25 925 -0.14194
26 27 0.53279
26 36 -0.54125
26 126 1.1064
26 926 -0.21003
27 28 1.80199
27 37 -1.907
27 127 1.09213
27 927 0.82876
28 29 -1.08978
28 38 -1.50512
28 128 1.12505
28 928 -1.06469
29 39 -0.70414
29 129 0.6913
29 929 -0.88112
30 31 -0.96762
30 39 -0.26537
30 40 0.7083
30 130 0.55411
30 930 -0.25851
31 32 -0.21418
31 41 -0.16114
31 131 -0.56863
31 931 0.05002
32 33 1.31315
32 42 -1.07646
32 132 0.6404
32 932 1.53125
33 34 -0.90974
33 43 -1.09768
33 133 0.20017
33 933 -0.44992
34 35 1.84793
34 44 -1.21517
34 134 0.42483
34 934 -0.9276
35 36 0.83081
35 45 0.70394
35 135 -0.55718
35 935 -1.09128
36 37 -0.33779
36 46 -0.7808
36 136 0.51127
36 936 1.07529
37 38 0.24096
37 47 0.89111
37 137 0.45041
37 937 0.54916
38 39 0.01995
38 48 -0.2961
38 138 1.64651
38 938 0.91457
39 49 0.61694
39 139 1.64513
39 939 0.56126
40 41 0.19298
40 49 0.94644
40 50 -0.01025
40 140 2.2295
40 940 -0.93552
41 42 -0.53251
41 51 1.91301
41 141 0.83417
41 941 -1.55798
42 43 1.0964
42 52 0.49776
42 142 -0.33759
42 942 1.42316
43 44 -1.14006
43 53 -2.08741
43 143 -0.33838
43 943 -0.45357
44 45 -0.50215
44 54 1.32923
44 144 -1.67711
44 944 0.70552
45 46 0.67697
45 55 0.60535
45 145 0.52632
45 945 -0.52359
46 47 0.48929
46 56 -0.18445
46 146 -1.27341
46 946 0.42631
47 48 0.66007
47 57 -0.51159
47 147 -0.22276
47 947 -0.2591
48 49 1.73936
48 58 1.2836
48 148 0.90346
48 948 0.45233
49 59 -0.464
49 149 0.18589
49 949 0.08617
50 51 -0.98503
50 59 1.2769
50 60 -0.35767
50 150 0.83887
50 950 -0.39173
51 52 -0.67022
51 61 1.14559
51 151 -0.7443
51 951 -1.04274
52 53 1.24453
52 62 -0.41558
52 152 1.58003
52 952 0.44175
53 54 0.27343
53 63 1.56463
53 153 -0.62441
53 953 -0.39847
54 55 1.05057
54 64 -0.25446
54 154 0.04836
54 954 0.87202
55 56 0.17827
55 65 -0.68887
55 155 -0.25342
55 955 -0.21603
56 57 -1.02068
56 66 1.11736
56 156 1.72848
56 956 0.68283
57 58 -1.50667
57 67 0.24683
57 157 -0.49726
57 957 -0.37899
58 59 1.18757
58 68 -0.56859
58 158 0.1076
58 958 0.50342
59 69 -1.37995
59 159 0.58617
59 959 0.01022
60 61 0.1751
60 69 1.33004
60 70 -0.05575
60 160 0.38839
60 960 -0.67525
61 62 0.11444
61 71 2.55953
61 161 -0.34629
61 961 0.88394
62 63 1.23751
62 72 -0.32767
62 162 -0.28942
62 962 -1.3981
63 64 -0.14424
63 73 -0.65456
63 163 -0.61182
63 963 -0.46547
64 65 -0.5834
64 74 0.9378
64 164 -0.77045
64 964 -0.73142
65 66 -0.51952
65 75 -1.04655
65 165 1.15638
65 965 0.59649
66 67 -0.13942
66 76 1.28565
66 166 1.13237
66 966 0.69067
67 68 -1.21786
67 77 0.81112
67 167 -0.62489
67 967 -1.02325
68 69 -0.17923
68 78 -0.75675
68 168 -0.81179
68 968 0.38856
69 79 -0.12886
69 169 0.65058
69 969 -0.32598
70 71 -0.17886
70 79 0.23852
70 80 -0.76688
70 170 0.48606
70 970 -0.95329
71 72 -0.9027
71 81 -0.56827
71 171 0.65592
71 971 0.71358
72 73 -0.29893
72 82 0.61156
72 172 0.07218
72 972 0.2076
73 74 -0.37929
73 83 -0.33128
73 173 0.30387
73 973 0.95714
74 75 -0.50911
74 84 0.49244
74 174 -0.25765
74 974 0.36406
75 76 -0.32167
75 85 -0.66321
75 175 -0.92718
75 975 0.29086
76 77 0.51181
76 86 1.12568
76 176 0.64947
76 976 -0.74239
77 78 -0.57027
77 87 0.7722
77 177 0.36622
77 977 1.06846
78 79 -0.36032
78 88 -0.71735
78 178 0.99115
78 978 -0.82999
79 89 -0.47155
79 179 -0.07863
79 979 -1.15025
80 81 1.42929
80 89 -1.2053
80 90 0.81622
80 180 0.29922
80 980 -0.26437
81 82 1.10268
81 91 -1.17626
81 181 -1.64154
81 981 0.61829
82 83 0.03336
82 92 -0.04713
82 182 0.41168
82 982 0.54927
83 84 -0.10589
83 93 0.65376
83 183 -1.90693
83 983 0.74573
84 85 -0.05427
84 94 -0.29456
84 184 1.22545
84 984 0.62462
85 86 0.77579
85 95 0.06842
85 185 1.1389
85 985 0.30119
86 87 -0.33017
86 96 1.94796
86 186 -0.75411
86 986 1.39852
87 88 0.18358
87 97 -0.93661
87 187 -1.26208
87 987 -1.35697
88 89 0.55963
88 98 0.75302
88 188 -0.41259
88 988 0.20149
89 99 -0.05967
89 189 1.13437
89 989 -0.591
90 91 -0.1874
90 99 -0.40206
90 190 1.21341
90 990 -0.04129
91 92 1.88909
91 191 -0.90787
91 991 -0.51725
92 93 0.3947
92 192 -0.35279
92 992 1.02057
93 94 0.63283
93 193 -0.6828
93 993 2.35302
94 95 -0.23144
94 194 -0.5177
94 994 -0.57035
95 96 1.16858
95 195 0.79635
95 995 0.15017
96 97 -0.82828
96 196 -0.84806
96 996 0.61538
97 98 -1.20241
97 197 -1.2565
97 997 0.45032
98 99 0.61283
98 198 0.67084
98 998 -0.74178
99 199 0.74568
99 999 -0.45765
100 101 -0.02643
100 109 2.52364
100 110 0.46142
100 190 0.55774
100 200 0.61761
101 102 0.00242
101 111 0.26849
101 191 0.42259
101 201 -0.08126
102 103 0.27218
102 112 -0.57315
102 192 0.77568
102 202 0.53801
103 104 0.2689
103 113 0.4445
103 193 -1.82295
103 203 -0.46967
104 105 -0.45384
104 114 -0.19166
104 194 -1.18306
104 204 0.24072
105 106 -0.05846
105 115 -0.36948
105 195 0.09256
105 205 -1.45096
106 107 -0.13458
106 116 -0.45383
106 196 0.6669
106 206 -0.14204
107 108 0.18321
107 117 -1.17125
107 197 1.53768
107 207 0.58482
108 109 -0.13417
108 118 -1.29266
108 198 -0.20584
108 208 0.73142
109 119 0.48591
109 199 0.0093
109 209 0.36682
110 111 0.436
110 119 -1.3756
110 120 1.6635
110 210 -1.43505
111 112 0.93481
111 121 -0.4817
111 211 1.52368
112 113 0.5294
112 122 -0.59052
112 212 -1.74641
113 114 1.82308
113 123 0.1209
113 213 -0.43547
114 115 0.22249
114 124 -0.51659
114 214 0.29778
115 116 -0.6567
115 125 1.91157
115 215 -0.12462
116 117 0.34617
116 126 -0.7315
116 216 0.15371
117 118 -0.44327
117 127 -1.05673
117 217 -0.60762
118 119 0.4589
118 128 -0.2253
118 218 0.13311
119 129 -0.1619
119 219 -1.72847
120 121 1.51025
120 129 -0.72608
120 130 1.68075
120 220 -0.48606
121 122 -2.38604
121 131 1.3686
121 221 0.79536
122 123 -1.24034
122 132 -0.54457
122 222 0.13484
123 124 2.24981
123 133 -0.53827
123 223 -1.09364
124 125 2.32284
124 134 -0.27163
124 224 -0.45263
125 126 0.97281
125 135 0.17959
125 225 -0.31587
126 127 -0.74915
126 136 -0.49518
126 226 1.07249
127 128 0.60066
127 137 -0.03088
127 227 0.56448
128 129 -1.93658
128 138 -0.40323
128 228 0.55079
129 139 0.64715
129 229 0.6717
130 131 1.12895
130 139 -1.74765
130 140 0.03553
130 230 -0.0507
131 132 0.33185
131 141 -0.84579
131 231 3.36464
132 133 0.72172
132 142 -0.59412
132 232 0.67253
133 134 0.31672
133 143 -1.14791
133 233 1.9416
134 135 -1.67295
134 144 -0.18608
134 234 -0.93566
135 136 -0.71861
135 145 -0.92111
135 235 1.5289
136 137 -0.15657
136 146 -0.55275
136 236 -0.17036
137 138 -1.76313
137 147 -2.03876
137 237 0.33161
138 139 -0.68351
138 148 0.14669
138 238 -0.23522
139 149 1.29527
139 239 0.10391
140 141 1.22649
140 149 -0.36337
140 150 0.577
140 240 1.22911
141 142 0.91293
141 151 -0.90003
141 241 -1.61124
142 143 0.15417
142 152 -0.56962
142 242 -1.15271
143 144 -1.79224
143 153 0.61728
143 243 0.62255
144 145 1.06759
144 154 1.93697
144 244 0.49688
145 146 -1.27736
145 155 1.40841
145 245 -2.59057
146 147 0.39774
146 156 0.07966
146 246 0.45856
147 148 0.49618
147 157 1.39627
147 247 -1.22682
148 149 -0.706
148 158 1.24962
148 248 1.32665
149 159 -0.70677
149 249 2.351
150 151 -0.36838
150 159 -0.55862
150 160 0.78934
150 250 -1.99949
151 152 -0.61671
151 161 -0.25969
151 251 -0.91926
152 153 -1.9899
152 162 -0.97134
152 252 -0.37227
153 154 -0.96192
153 163 0.39598
153 253 0.71157
154 155 -1.3184
154 164 -0.52122
154 254 -2.03268
155 156 -1.0313
155 165 0.71783
155 255 0.56434
156 157 1.95738
156 166 0.72004
156 256 0.31798
157 158 -0.0018
157 167 -0.45651
157 257 0.24242
158 159 0.27875
158 168 1.58815
158 258 0.4686
159 169 -0.02213
159 259 0.63348
160 161 -0.88705
160 169 1.00061
160 170 -0.61814
160 260 0.56585
161 162 0.41159
161 171 -0.43043
161 261 -0.08495
162 163 0.47404
162 172 -0.3703
162 262 -0.65562
163 164 0.92872
163 173 1.44556
163 263 0.12722
164 165 0.64221
164 174 -0.12466
164 264 -0.64356
165 166 -0.05901
165 175 -1.41328
165 265 -1.35717
166 167 -1.01206
166 176 -1.77902
166 266 -0.63071
167 168 -0.59147
167 177 -0.84925
167 267 -0.5255
168 169 0.60502
168 178 0.17935
168 268 1.1159
169 179 1.89598
169 269 -1.54164
170 171 0.08624
170 179 0.28569
170 180 0.21265
170 270 -0.40137
171 172 0.85875
171 181 -1.47269
171 271 0.07765
172 173 -1.60815
172 182 -1.29109
172 272 -0.53501
173 174 -0.44221
173 183 -0.10527
173 273 1.19762
174 175 1.78653
174 184 -1.29221
174 274 0.05204
175 176 -0.13416
175 185 -0.71605
175 275 -0.3734
176 177 0.35499
176 186 -1.85061
176 276 -0.87788
177 178 0.26583
177 187 0.80399
177 277 1.06215
178 179 -2.73608
178 188 1.35379
178 278 -0.49386
179 189 0.40019
179 279 -0.69818
180 181 1.76602
180 189 -0.49536
180 190 -0.49081
180 280 -0.34082
181 182 -0.7015
181 191 0.86338
181 281 -0.10887
182 183 -0.07649
182 192 -0.12732
182 282 0.63729
183 184 -0.09457
183 193 0.04809
183 283 1.65522
184 185 -0.47567
184 194 -0.69918
184 284 -0.03437
185 186 1.03422
185 195 0.75642
185 285 -0.88837
186 187 -0.24797
186 196 1.1143
186 286 0.77392
187 188 1.11212
187 197 0.20792
187 287 0.86434
188 189 0.35482
188 198 -0.24181
188 288 1.63653
189 199 0.18545
189 289 -1.11346
190 191 1.02199
190 199 0.31563
190 290 -0.899
191 192 0.15173
191 291 1.24048
192 193 0.69213
192 292 1.28661
193 194 2.26808
193 293 1.29695
194 195 0.89744
194 294 0.31988
195 196 -1.31053
195 295 -1.05151
196 197 0.38266
196 296 0.00593
197 198 1.71918
197 297 1.13894
198 199 0.67617
198 298 -0.82375
199 299 -0.76482
200 201 -1.48557
200 209 1.07903
200 210 -0.07282
200 290 -2.20529
200 300 0.63656
201 202 -0.52504
201 211 1.91635
201 291 0.29521
201 301 0.69397
202 203 0.31546
202 212 -0.09882
202 292 -1.55789
202 302 -0.20195
203 204 -0.90037
203 213 -0.83042
203 293 -0.08738
203 303 -0.33729
204 205 -0.36919
204 214 -0.11691
204 294 -1.13138
204 304 -1.01168
205 206 -0.0861
205 215 0.95279
205 295 -0.74442
205 305 0.94695
206 207 -0.46324
206 216 -2.02405
206 296 -2.21166
206 306 0.61957
207 208 0.88319
207 217 -0.37166
207 297 -0.14966
207 307 -0.09599
208 209 1.28864
208 218 -0.18682
208 298 -0.57642
208 308 -0.44003
209 219 -0.53542
209 299 -0.46383
209 309 -0.76977
210 211 0.40465
210 219 0.51772
210 220 0.38663
210 310 -1.89833
211 212 1.01078
211 221 -0.98164
211 311 -0.70018
212 213 0.35018
212 222 0.50115
212 312 -0.64477
213 214 1.87358
213 223 1.5197
213 313 -0.45601
214 215 1.58868
214 224 -0.6351
214 314 1.00449
215 216 0.46715
215 225 -1.43714
215 315 0.72358
216 217 -0.69619
216 226 -0.91279
216 316 0.34337
217 218 0.32758
217 227 0.65694
217 317 0.66406
218 219 -2.32978
218 228 0.61698
218 318 -0.00137
219 229 -0.94644
219 319 -0.09825
220 221 -0.04359
220 229 -0.80947
220 230 -1.0169
220 320 0.35871
221 222 0.71156
221 231 0.29839
221 321 -0.29881
222 223 0.13321
222 232 -1.37804
222 322 -0.88633
223 224 0.08672
223 233 -0.18927
223 323 2.28979
224 225 -1.10937
224 234 0.77788
224 324 -1.71198
225 226 0.58871
225 235 -1.10189
225 325 1.18359
226 227 -0.53512
226 236 -0.02565
226 326 -0.74899
227 228 -0.8904
227 237 -0.30304
227 327 -1.4974
228 229 -0.31531
228 238 0.06734
228 328 0.05083
229 239 -0.56273
229 329 0.09645
230 231 -0.08626
230 239 -1.06418
230 240 0.17581
230 330 -1.96607
231 232 -0.42924
231 241 0.79505
231 331 0.87224
232 233 -0.27418
232 242 0.89865
232 332 -0.49888
233 234 -0.6485
233 243 -0.19899
233 333 -0.27786
234 235 0.75412
234 244 0.305
234 334 1.30511
235 236 -0.27339
235 245 0.08837
235 335 0.70983
236 237 0.38933
236 246 1.15672
236 336 0.84919
237 238 -0.07498
237 247 -1.59874
237 337 0.07855
238 239 0.28378
238 248 0.88365
238 338 -0.58289
239 249 -0.5519
239 339 0.11524
240 241 -0.24211
240 249 0.24822
240 250 -1.32793
240 340 -0.35267
241 242 0.84506
241 251 0.23037
241 341 -0.78612
242 243 1.10078
242 252 0.6447
242 342 -0.79594
243 244 -0.81906
243 253 1.4129
243 343 0.55229
244 245 -0.60828
244 254 -0.80289
244 344 0.76846
245 246 -0.21516
245 255 -0.6032
245 345 -0.89225
246 247 -0.10366
246 256 -2.30145
246 346 -1.05301
247 248 1.42223
247 257 -1.52017
247 347 -0.09999
248 249 -0.25377
248 258 -1.40821
248 348 -1.56384
249 259 1.4616
249 349 0.08886
250 251 1.27202
250 259 -0.76777
250 260 -0.24923
250 350 -0.29135
251 252 -2.34713
251 261 -0.4365
251 351 -1.69615
252 253 1.02481
252 262 0.26678
252 352 0.42082
253 254 0.02007
253 263 0.39533
253 353 -1.51651
254 255 -0.54817
254 264 -2.42365
254 354 -0.30675
255 256 -0.19862
255 265 0.62442
255 355 -0.80165
256 257 -1.37445
256 266 0.48611
256 356 -0.45791
257 258 0.60192
257 267 0.33956
257 357 -0.46263
258 259 0.44044
258 268 -1.21269
258 358 0.00165
259 269 -0.8048
259 359 0.07023
260 261 0.55573
260 269 -0.84927
260 270 -1.3179
260 360 0.23099
261 262 -0.88895
261 271 0.27381
261 361 -0.55643
262 263 0.25322
262 272 0.96613
262 362 -1.06391
263 264 -0.96615
263 273 1.4673
263 363 -1.13249
264 265 -0.0667
264 274 -0.24757
264 364 -0.8053
265 266 -0.4441
265 275 0.67536
265 365 1.42079
266 267 0.30719
266 276 -0.36357
266 366 -0.11815
267 268 -0.68259
267 277 0.35102
267 367 -1.12765
268 269 0.55577
268 278 0.68937
268 368 0.26153
269 279 1.18144
269 369 0.12084
270 271 1.54465
270 279 -0.88992
270 280 -0.98215
270 370 -0.60941
271 272 -1.20506
271 281 -0.26965
271 371 1.66609
272 273 1.18301
272 282 0.37061
272 372 -0.34672
273 274 0.48513
273 283 -1.17741
273 373 -0.15276
274 275 -2.47471
274 284 0.67981
274 374 2.06658
275 276 1.12335
275 285 -0.89722
275 375 -1.58576
276 277 -0.2514
276 286 0.08646
276 376 1.41236
277 278 1.20906
277 287 0.56912
277 377 1.041
278 279 0.64113
278 288 1.59
278 378 -0.29617
279 289 0.22912
279 379 0.23142
280 281 0.32234
280 289 -0.94186
280 290 -3.45296
280 380 -1.10374
281 282 -0.13949
281 291 0.73364
281 381 1.25386
282 283 -0.76847
282 292 -0.29231
282 382 -1.52328
283 284 -0.14539
283 293 0.69491
283 383 -1.03962
284 285 -1.28658
284 294 1.02247
284 384 0.98609
285 286 1.00017
285 295 -0.65684
285 385 -0.30879
286 287 1.17755
286 296 0.70154
286 386 0.61272
287 288 0.63357
287 297 -2.45542
287 387 -2.17019
288 289 0.41783
288 298 -0.84342
288 388 1.40439
289 299 -0.2077
289 389 0.26367
290 291 0.86545
290 299 1.4135
290 390 -1.72954
291 292 -1.47793
291 391 -0.31881
292 293 0.84795
292 392 -0.64117
293 294 -1.1306
293 393 1.13253
294 295 -0.87442
294 394 -0.76928
295 296 -0.76709
295 395 0.74921
296 297 0.66116
296 396 0.25759
297 298 -1.21555
297 397 -0.99134
298 299 1.70541
298 398 -0.3181
299 399 1.25848
300 301 -0.08519
300 309 -0.41079
300 310 -1.61437
300 390 -0.08407
300 400 -1.77111
301 302 -0.26831
301 311 -0.02914
301 391 -1.7206
301 401 -1.40133
302 303 0.46187
302 312 1.21993
302 392 -0.04859
302 402 -1.20178
303 304 -1.00471
303 313 0.03599
303 393 1.0181
303 403 0.9524
304 305 0.79511
304 314 -0.32321
304 394 -0.01468
304 404 0.67321
305 306 -0.82175
305 315 -0.26904
305 395 -0.91867
305 405 -0.07731
306 307 -0.28381
306 316 -0.05904
306 396 -1.90348
306 406 1.55118
307 308 -1.4314
307 317 -0.47451
307 397 0.2767
307 407 -1.31271
308 309 0.28859
308 318 -0.6681
308 398 -1.6396
308 408 -1.04816
309 319 0.31834
309 399 -0.3747
309 409 -1.1837
310 311 0.48872
310 319 0.64278
310 320 0.0398
310 410 0.4004
311 312 -0.51019
311 321 -2.10004
311 411 -0.11355
312 313 -0.6404
312 322 -0.2606
312 412 2.74664
313 314 -0.27788
313 323 0.30879
313 413 1.10689
314 315 -1.27991
314 324 -1.12584
314 414 -0.03345
315 316 -0.14895
315 325 0.62293
315 415 -1.21826
316 317 2.04309
316 326 0.87689
316 416 0.28443
317 318 1.5137
317 327 -1.11464
317 417 -0.78188
318 319 -0.66455
318 328 1.81721
318 418 -0.39791
319 329 0.83814
319 419 1.26691
320 321 1.46941
320 329 -0.30835
320 330 0.18289
320 420 -1.54963
321 322 -0.1043
321 331 -0.81999
321 421 1.74298
322 323 -1.65859
322 332 1.05078
322 422 1.50105
323 324 -0.29309
323 333 -0.64328
323 423 -1.26423
324 325 0.83102
324 334 0.68201
324 424 -0.34634
325 326 0.30837
325 335 -0.40539
325 425 -0.77135
326 327 0.18535
326 336 -2.4113
326 426 -1.01104
327 328 1.18933
327 337 -0.21526
327 427 0.74368
328 329 -0.72981
328 338 0.02512
328 428 1.06605
329 339 0.09148
329 429 0.36893
330 331 0.43739
330 339 -0.21702
330 340 -0.74616
330 430 -0.57096
331 332 0.50071
331 341 0.24521
331 431 1.56621
332 333 0.97539
332 342 0.04348
332 432 0.29015
333 334 1.52876
333 343 0.19931
333 433 -0.29178
334 335 2.04673
334 344 -0.7662
334 434 -0.08089
335 336 -2.32054
335 345 -0.16152
335 435 -0.49493
336 337 0.10508
336 346 0.39847
336 436 -0.12513
337 338 0.11306
337 347 -0.04665
337 437 -0.54907
338 339 1.21656
338 348 0.82321
338 438 0.84412
339 349 0.07296
339 439 -1.00232
340 341 -1.48299
340 349 -0.36406
340 350 -1.41701
340 440 -1.42771
341 342 0.42747
341 351 -0.98037
341 441 -0.31454
342 343 -0.27184
342 352 0.93477
342 442 0.37664
343 344 -0.5836
343 353 0.18418
343 443 -0.88571
344 345 0.37802
344 354 -0.27965
344 444 -0.84326
345 346 0.7125
345 355 -0.59
345 445 0.53152
346 347 -2.04038
346 356 -1.55381
346 446 -1.27506
347 348 -2.15718
347 357 -2.28221
347 447 -1.24659
348 349 -1.29359
348 358 -2.28783
348 448 0.92154
349 359 -0.384
349 449 0.43645
350 351 -0.31746
350 359 0.54646
350 360 1.4014
350 450 -0.25838
351 352 -1.66824
351 361 -0.06287
351 451 1.84692
352 353 -0.04594
352 362 -0.74444
352 452 -0.01514
353 354 0.879
353 363 -0.85681
353 453 0.39245
354 355 -0.56629
354 364 -1.5457
354 454 0.51425
355 356 -0.71652
355 365 0.13163
355 455 -0.19178
356 357 -0.67717
356 366 0.81147
356 456 -1.09527
357 358 -0.29139
357 367 -0.47128
357 457 0.19403
358 359 -1.14147
358 368 -0.27513
358 458 0.63979
359 369 -0.74322
359 459 -2.49485
360 361 -0.45573
360 369 1.08982
360 370 -0.90423
360 460 0.81603
361 362 -0.14537
361 371 -0.57045
361 461 -1.87314
362 363 -1.34306
362 372 0.01939
362 462 -0.19057
363 364 -0.60763
363 373 1.38676
363 463 -0.70168
364 365 -0.4462
364 374 1.86396
364 464 1.27782
365 366 -0.49571
365 375 -0.91372
365 465 0.19068
366 367 0.24556
366 376 1.05147
366 466 -0.37516
367 368 -0.11125
367 377 0.62029
367 467 0.15124
368 369 -0.62421
368 378 -0.36579
368 468 -1.5091
369 379 -0.47687
369 469 -0.53952
370 371 1.11739
370 379 0.72903
370 380 -0.69895
370 470 0.95482
371 372 1.55576
371 381 -0.292
371 471 0.40116
372 373 1.16818
372 382 1.17358
372 472 0.43918
373 374 0.07156
373 383 -0.45848
373 473 0.12139
374 375 1.36793
374 384 0.64442
374 474 -1.02888
375 376 0.92978
375 385 -0.8272
375 475 1.01413
376 377 0.43628
376 386 0.84577
376 476 0.26277
377 378 0.0437
377 387 0.10681
377 477 1.63471
378 379 -2.69779
378 388 0.39829
378 478 -0.20518
379 389 0.06907
379 479 -2.00298
380 381 0.24558
380 389 -0.28278
380 390 -1.03643
380 480 -0.81268
381 382 -0.592
381 391 0.43187
381 481 1.02997
382 383 0.25212
382 392 -0.44915
382 482 -0.43569
383 384 0.40442
383 393 -0.62437
383 483 -0.28419
384 385 1.67562
384 394 -1.30466
384 484 -0.02443
385 386 1.3961
385 395 -0.8772
385 485 -1.00556
386 387 0.2715
386 396 -1.13693
386 486 1.45849
387 388 -0.6998
387 397 0.42255
387 487 0.38947
388 389 0.12986
388 398 -1.19591
388 488 -0.50311
389 399 1.10179
389 489 -1.95847
390 391 0.19805
390 399 2.49258
390 490 -0.5238
391 392 0.3526
391 491 -0.30861
392 393 0.33757
392 492 -0.72993
393 394 0.92587
393 493 0.82923
394 395 1.43041
394 494 0.11141
395 396 -0.86528
395 495 -0.37688
396 397 1.71063
396 496 1.72621
397 398 -0.12776
397 497 -1.45396
398 399 0.59315
398 498 -2.69643
399 499 0.99317
400 401 -0.68978
400 409 -0.18003
400 410 -0.29926
400 490 0.60518
400 500 -0.48367
401 402 1.01593
401 411 0.93775
401 491 0.3353
401 501 0.7643
402 403 -1.58251
402 412 -1.71202
402 492 1.70671
402 502 0.0547
403 404 0.93595
403 413 -1.07935
403 493 0.56087
403 503 -0.02355
404 405 1.26945
404 414 -0.47997
404 494 1.27642
404 504 0.40882
405 406 0.81501
405 415 -1.07517
405 495 0.60885
405 505 -0.6011
406 407 0.23788
406 416 -2.12701
406 496 -1.14992
406 506 -0.12525
407 408 -0.61196
407 417 0.24498
407 497 0.32478
407 507 -0.52514
408 409 0.43845
408 418 -0.45901
408 498 -0.98097
408 508 0.99842
409 419 -0.16941
409 499 -0.17571
409 509 0.28754
410 411 1.31277
410 419 -0.75432
410 420 0.7586
410 510 1.01476
411 412 -1.00049
411 421 -0.95476
411 511 -1.02239
412 413 0.39942
412 422 0.59797
412 512 -0.1404
413 414 -0.55203
413 423 0.6636
413 513 0.48836
414 415 0.01724
414 424 1.51443
414 514 0.05563
415 416 -1.26297
415 425 -0.21431
415 515 2.91347
416 417 0.9685
416 426 1.03068
416 516 0.38414
417 418 -0.22489
417 427 -0.17674
417 517 0.24622
418 419 -0.62768
418 428 0.36966
418 518 0.16075
419 429 -1.10141
419 519 0.83091
420 421 -0.87097
420 429 -2.08521
420 430 -0.88875
420 520 -1.55796
421 422 -1.53495
421 431 1.60816
421 521 0.37155
422 423 0.16491
422 432 1.28735
422 522 0.37489
423 424 -1.21119
423 433 1.7714
423 523 -0.64744
424 425 -0.69366
424 434 -1.19779
424 524 0.84375
425 426 -0.10231
425 435 0.92219
425 525 0.13493
426 427 0.18325
426 436 0.48813
426 526 -0.75884
427 428 0.80633
427 437 0.20263
427 527 -1.097
428 429 -0.51915
428 438 -0.15012
428 528 -0.41552
429 439 0.91461
429 529 -0.4741
430 431 -1.22397
430 439 1.80945
430 440 -1.52575
430 530 0.90444
431 432 2.44038
431 441 0.79791
431 531 -1.60722
432 433 -0.05343
432 442 -0.89284
432 532 1.03768
433 434 1.95432
433 443 0.84996
433 533 -2.12264
434 435 -1.08483
434 444 1.24273
434 534 0.01917
435 436 -1.01924
435 445 1.25449
435 535 -1.30418
436 437 0.57457
436 446 1.35209
436 536 0.32484
437 438 -0.32447
437 447 1.418
437 537 0.96479
438 439 -1.54874
438 448 0.81444
438 538 1.00669
439 449 -1.6968
439 539 0.57182
440 441 0.68231
440 449 -0.14185
440 450 -0.95882
440 540 -1.09114
441 442 -1.92157
441 451 -1.32227
441 541 0.07352
442 443 -0.30482
442 452 0.38787
442 542 0.17934
443 444 0.08765
443 453 0.11464
443 543 1.87995
444 445 -0.02219
444 454 0.20014
444 544 0.18353
445 446 1.09262
445 455 0.45572
445 545 -1.81749
446 447 0.23907
446 456 -0.37225
446 546 -2.59476
447 448 0.10391
447 457 -1.88463
447 547 -0.80134
448 449 -0.57643
448 458 -1.24894
448 548 1.22981
449 459 -0.74999
449 549 -0.2229
450 451 0.42238
450 459 0.18895
450 460 0.17245
450 550 -0.32653
451 452 1.12446
451 461 0.02573
451 551 1.49899
452 453 0.13586
452 462 0.42923
452 552 -0.96669
453 454 -0.07952
453 463 0.45604
453 553 2.62618
454 455 -1.53161
454 464 1.23361
454 554 0.91425
455 456 -0.5197
455 465 -0.00743
455 555 -0.73989
456 457 -1.47469
456 466 -0.40022
456 556 -1.57138
457 458 2.79986
457 467 1.40613
457 557 -0.93182
458 459 -0.98284
458 468 -1.41707
458 558 -0.76012
459 469 0.05181
459 559 -1.14762
460 461 -0.60412
460 469 -0.35372
460 470 0.35258
460 560 0.75164
461 462 -0.34784
461 471 -1.37857
461 561 1.52101
462 463 -0.96236
462 472 -0.02919
462 562 -0.41734
463 464 2.35617
463 473 -0.00356
463 563 -0.30393
464 465 -0.20548
464 474 0.04669
464 564 -0.00048
465 466 -0.43936
465 475 -0.27199
465 565 0.60954
466 467 0.36329
466 476 -0.75424
466 566 0.19913
467 468 -0.41801
467 477 0.14459
467 567 1.38548
468 469 -0.39334
468 478 0.06106
468 568 -0.62025
469 479 0.05438
469 569 2.41641
470 471 -0.0254
470 479 0.68367
470 480 2.22267
470 570 -0.03237
471 472 0.80318
471 481 -0.12544
471 571 0.16049
472 473 -0.54439
472 482 -0.68288
472 572 -0.94838
473 474 -2.00016
473 483 0.1188
473 573 -0.3046
474 475 2.16602
474 484 0.40576
474 574 -1.0338
475 476 -0.3765
475 485 1.68735
475 575 -0.01216
476 477 1.37713
476 486 0.68727
476 576 0.84363
477 478 1.59798
477 487 -0.42746
477 577 -0.84189
478 479 1.10744
478 488 0.74297
478 578 -1.03867
479 489 1.33139
479 579 1.84296
480 481 -0.87228
480 489 -0.2242
480 490 -1.05596
480 580 2.22305
481 482 0.9588
481 491 -0.98718
481 581 -0.45358
482 483 -2.18282
482 492 -0.57299
482 582 0.85151
483 484 1.50292
483 493 -0.21269
483 583 0.94685
484 485 0.19382
484 494 -1.39008
484 584 -0.48838
485 486 -1.07049
485 495 -0.82275
485 585 -0.33096
486 487 -0.39429
486 496 -0.00303
486 586 -0.8316
487 488 0.61846
487 497 -0.65727
487 587 0.23392
488 489 0.33814
488 498 0.71017
488 588 -0.5334
489 499 0.77834
489 589 -0.38784
490 491 0.46705
490 499 0.55139
490 590 0.79569
491 492 -0.69813
491 591 -2.14848
492 493 1.03109
492 592 0.6669
493 494 -3.21477
493 593 -0.4466
494 495 -0.47214
494 594 0.12451
495 496 -1.02323
495 595 -0.28421
496 497 -0.0213
496 596 0.68698
497 498 0.56598
497 597 1.4912
498 499 -1.54778
498 598 -1.10646
499 599 0.97364
500 501 1.76414
500 509 0.11471
500 510 1.13941
500 590 -0.04539
500 600 -2.03123
501 502 -1.03402
501 511 -1.17611
501 591 -0.29818
501 601 1.57498
502 503 0.41534
502 512 -0.30592
502 592 1.24901
502 602 1.77602
503 504 1.3817
503 513 -0.70698
503 593 -0.24853
503 603 0.9929
504 505 -0.90743
504 514 0.34207
504 594 0.97023
504 604 -0.39842
505 506 0.71157
505 515 0.33255
505 595 0.26579
505 605 0.22153
506 507 2.97683
506 516 -0.24973
506 596 0.84446
506 606 2.67018
507 508 -2.40105
507 517 0.28162
507 597 2.73129
507 607 0.63837
508 509 1.64811
508 518 -1.72381
508 598 0.53399
508 608 -0.18925
509 519 0.62788
509 599 -0.83473
509 609 1.59995
510 511 0.65945
510 519 0.17434
510 520 -0.48481
510 610 0.12632
511 512 1.59258
511 521 -0.19615
511 611 -0.09054
512 513 -0.8574
512 522 0.7158
512 612 0.20604
513 514 -0.68269
513 523 -0.29718
513 613 -0.61489
514 515 0.63059
514 524 -1.12891
514 614 1.02575
515 516 -3.60137
515 525 -0.68261
515 615 1.37241
516 517 -1.34942
516 526 1.75211
516 616 -1.18686
517 518 -0.31023
517 527 0.05123
517 617 -0.59896
518 519 0.98749
518 528 1.67282
518 618 -0.64264
519 529 -1.47427
519 619 -1.04302
520 521 0.29504
520 529 -0.7896
520 530 -0.44155
520 620 -0.97082
521 522 0.37545
521 531 -1.02306
521 621 0.87955
522 523 0.69357
522 532 -0.87582
522 622 1.29589
523 524 1.09281
523 533 0.329
523 623 -0.56533
524 525 1.43928
524 534 -0.5146
524 624 -0.92682
525 526 -1.51253
525 535 -2.15736
525 625 0.18471
526 527 0.12392
526 536 2.36191
526 626 -0.30059
527 528 0.30146
527 537 0.44817
527 627 0.67283
528 529 2.20111
528 538 0.61095
528 628 0.90188
529 539 0.96025
529 629 -0.21516
530 531 -1.54899
530 539 0.03926
530 540 -0.79707
530 630 1.47723
531 532 0.02743
531 541 2.09656
531 631 -1.62808
532 533 -1.54181
532 542 0.91688
532 632 -0.03477
533 534 -0.7016
533 543 -0.28931
533 633 0.48458
534 535 0.41407
534 544 -0.79618
534 634 -0.71292
535 536 -0.41988
535 545 -0.6851
535 635 -1.34784
536 537 -0.50992
536 546 1.013
536 636 -0.24835
537 538 1.72607
537 547 0.64174
537 637 -0.89108
538 539 -0.37247
538 548 0.70873
538 638 -0.53582
539 549 -0.19478
539 639 -1.28503
540 541 0.32499
540 549 0.12695
540 550 -0.33449
540 640 -1.03023
541 542 -1.09509
541 551 0.97889
541 641 -0.74429
542 543 0.24767
542 552 0.74959
542 642 -0.27126
543 544 0.02474
543 553 -2.02983
543 643 0.18353
544 545 0.0687
544 554 -0.23399
544 644 2.7386
545 546 1.73084
545 555 -0.31927
545 645 -0.00136
546 547 -2.2565
546 556 -1.9877
546 646 0.5148
547 548 -0.74776
547 557 -0.1519
547 647 -0.5363
548 549 -0.2589
548 558 0.07168
548 648 -1.00786
549 559 -0.53396
549 649 0.79542
550 551 0.22757
550 559 1.17945
550 560 0.44131
550 650 1.60195
551 552 0.52604
551 561 0.18811
551 651 -0.25547
552 553 3.06042
552 562 1.08625
552 652 -1.10257
553 554 0.37586
553 563 -0.84308
553 653 -0.59227
554 555 1.30203
554 564 0.74444
554 654 -0.60934
555 556 -0.17469
555 565 0.15152
555 655 -1.76421
556 557 1.06497
556 566 0.29671
556 656 -0.03479
557 558 -1.19944
557 567 -0.77669
557 657 -2.48151
558 559 0.49232
558 568 -0.26401
558 658 -0.21455
559 569 -1.14981
559 659 -0.4939
560 561 -0.07917
560 569 0.83539
560 570 0.97553
560 660 -0.21822
561 562 1.20374
561 571 0.69675
561 661 -0.03293
562 563 0.37703
562 572 0.32088
562 662 -1.56701
563 564 -0.09032
563 573 0.22888
563 663 -0.25627
564 565 -0.24573
564 574 -1.33884
564 664 -0.99718
565 566 0.3692
565 575 1.37881
565 665 -2.7885
566 567 -1.62654
566 576 -0.92827
566 666 -0.6646
567 568 -1.04891
567 577 2.14579
567 667 0.64607
568 569 -0.74164
568 578 -0.09001
568 668 -0.64142
569 579 0.69379
569 669 0.66123
570 571 -1.0241
570 579 -0.75918
570 580 1.22704
570 670 -0.97621
571 572 1.72152
571 581 -1.18574
571 671 -0.23593
572 573 1.1943
572 582 -0.96342
572 672 0.54966
573 574 0.91714
573 583 -1.02552
573 673 0.63088
574 575 -1.26239
574 584 0.1267
574 674 0.33413
575 576 0.97569
575 585 -1.08929
575 675 1.17461
576 577 -1.06336
576 586 0.8422
576 676 1.08683
577 578 -0.10672
577 587 -1.16348
577 677 0.28496
578 579 -2.05674
578 588 0.09638
578 678 0.89489
579 589 -1.77728
579 679 0.25987
580 581 0.43231
580 589 -0.13439
580 590 0.32037
580 680 1.11321
581 582 1.64775
581 591 -0.03209
581 681 -0.82653
582 583 -0.1027
582 592 -0.81221
582 682 0.4252
583 584 0.22384
583 593 -0.8109
583 683 0.17501
584 585 2.09942
584 594 1.07887
584 684 0.2561
585 586 0.9203
585 595 -1.12144
585 685 0.94145
586 587 -0.40966
586 596 -1.0267
586 686 0.95355
587 588 -0.60361
587 597 -0.59049
587 687 0.42314
588 589 -0.65247
588 598 -0.71898
588 688 1.64747
589 599 0.36538
589 689 0.73682
590 591 0.3141
590 599 -0.38707
590 690 -1.65753
591 592 1.10515
591 691 0.53659
592 593 -1.17257
592 692 -0.19069
593 594 0.05111
593 693 -0.85148
594 595 -1.79434
594 694 -0.81087
595 596 -2.1594
595 695 0.95458
596 597 -0.40331
596 696 0.28293
597 598 -0.09383
597 697 0.42403
598 599 -0.06237
598 698 0.9924
599 699 0.60334
600 601 0.26169
600 609 0.49061
600 610 0.22376
600 690 1.70821
600 700 -0.70162
601 602 0.0656
601 611 -0.09411
601 691 0.36903
601 701 0.26036
602 603 0.22271
602 612 -1.12313
602 692 0.67949
602 702 0.22479
603 604 1.10744
603 613 1.50464
603 693 1.44022
603 703 0.84768
604 605 0.94375
604 614 0.51293
604 694 -0.18007
604 704 -1.56036
605 606 1.18662
605 615 0.14761
605 695 -0.22889
605 705 1.56962
606 607 0.36676
606 616 1.00916
606 696 -1.00964
606 706 -0.47614
607 608 -0.81167
607 617 0.36135
607 697 0.19358
607 707 1.59816
608 609 1.389
608 618 -0.71086
608 698 0.38541
608 708 1.10287
609 619 -0.22893
609 699 -0.10254
609 709 -0.77845
610 611 0.33281
610 619 -0.25049
610 620 0.63585
610 710 1.00003
611 612 0.18543
611 621 -0.49126
611 711 -1.15133
612 613 0.81409
612 622 -0.25455
612 712 -0.84996
613 614 0.1066
613 623 1.49974
613 713 -0.31611
614 615 -1.26945
614 624 2.64601
614 714 -1.05174
615 616 0.60366
615 625 -0.1587
615 715 -1.42792
616 617 -0.14823
616 626 -1.90439
616 716 1.25185
617 618 -1.62386
617 627 -0.99618
617 717 -1.17871
618 619 0.14042
618 628 -0.53705
618 718 -0.37353
619 629 -0.44848
619 719 -0.07168
620 621 -0.41481
620 629 1.00428
620 630 0.24947
620 720 0.57252
621 622 -0.22299
621 631 0.70213
621 721 1.36891
622 623 0.24678
622 632 0.1281
622 722 -0.40196
623 624 -1.05364
623 633 0.97021
623 723 1.70337
624 625 0.90914
624 634 1.95351
624 724 0.57855
625 626 1.13227
625 635 -1.48691
625 725 -0.49652
626 627 -0.17941
626 636 0.28215
626 726 0.69667
627 628 -1.22241
627 637 -1.45624
627 727 -1.31317
628 629 0.45944
628 638 -1.18816
628 728 0.51193
629 639 -0.94278
629 729 -1.48946
630 631 0.40975
630 639 -0.72158
630 640 0.92337
630 730 -0.26815
631 632 -1.69767
631 641 0.10862
631 731 -0.41217
632 633 0.85576
632 642 1.64174
632 732 -1.38655
633 634 -0.41755
633 643 1.15065
633 733 0.13209
634 635 0.10127
634 644 1.8726
634 734 1.00982
635 636 1.21446
635 645 -1.39946
635 735 1.03514
636 637 0.75443
636 646 -0.22235
636 736 0.74516
637 638 0.11058
637 647 -1.70635
637 737 -1.47834
638 639 -0.23219
638 648 -0.82479
638 738 -0.17017
639 649 -0.20212
639 739 -0.38484
640 641 -0.72953
640 649 -1.26662
640 650 0.84238
640 740 -0.04517
641 642 0.87026
641 651 -1.54281
641 741 -0.28501
642 643 0.17342
642 652 0.50486
642 742 0.52845
643 644 -0.71937
643 653 -2.09786
643 743 1.84387
644 645 -0.94673
644 654 -1.13137
644 744 0.53617
645 646 -1.22691
645 655 0.43169
645 745 -0.01814
646 647 -0.89091
646 656 0.83687
646 746 -0.38538
647 648 0.35449
647 657 0.60343
647 747 0.08306
648 649 -0.84459
648 658 0.41137
648 748 1.39557
649 659 1.72832
649 749 1.28647
650 651 0.87179
650 659 0.54318
650 660 -0.03214
650 750 0.88492
651 652 0.45372
651 661 -2.09287
651 751 -0.67061
652 653 1.96994
652 662 0.28636
652 752 -0.41279
653 654 0.47831
653 663 1.49022
653 753 1.15543
654 655 -0.74911
654 664 -1.81731
654 754 1.35675
655 656 1.17239
655 665 0.49708
655 755 1.77656
656 657 1.03276
656 666 0.61244
656 756 0.34125
657 658 -0.4238
657 667 -1.28597
657 757 0.47125
658 659 1.4615
658 668 0.022
658 758 -0.09014
659 669 1.3499
659 759 -1.0534
660 661 1.58032
660 669 -1.05855
660 670 1.03299
660 760 0.47675
661 662 0.18754
661 671 -1.49059
661 761 -0.18953
662 663 -1.1158
662 672 1.1195
662 762 -0.04056
663 664 0.96016
663 673 0.57911
663 763 -0.22664
664 665 -1.64885
664 674 0.08275
664 764 -0.28681
665 666 -1.17517
665 675 -2.00653
665 765 -0.23275
666 667 2.2343
666 676 0.29893
666 766 -0.17468
667 668 1.59885
667 677 -0.54554
667 767 -1.33018
668 669 0.0394
668 678 0.01845
668 768 -0.34305
669 679 -0.17451
669 769 0.5732
670 671 -1.03896
670 679 0.32517
670 680 -0.43924
670 770 -2.30463
671 672 1.11336
671 681 -0.70965
671 771 0.80009
672 673 0.27008
672 682 1.09003
672 772 1.7936
673 674 -0.61466
673 683 0.13614
673 773 -1.18241
674 675 -0.57405
674 684 -0.8318
674 774 -0.77344
675 676 -0.72408
675 685 -1.41478
675 775 0.14259
676 677 -0.30622
676 686 2.22713
676 776 -0.03157
677 678 -1.02332
677 687 -0.08933
677 777 -1.23293
678 679 -0.66112
678 688 -0.97962
678 778 0.59827
679 689 1.44443
679 779 -0.29167
680 681 0.35946
680 689 -0.46707
680 690 0.56927
680 780 0.31877
681 682 0.41411
681 691 -1.59357
681 781 -0.63126
682 683 0.37559
682 692 -0.52097
682 782 1.22328
683 684 -0.28673
683 693 -0.01006
683 783 1.50684
684 685 -2.06438
684 694 1.37766
684 784 -0.55105
685 686 -0.76912
685 695 1.11343
685 785 -0.23809
686 687 0.10748
686 696 -1.80169
686 786 0.35709
687 688 0.21769
687 697 -0.43082
687 787 -0.46306
688 689 0.3365
688 698 0.84755
688 788 -0.75664
689 699 -0.75508
689 789 0.3738
690 691 0.40493
690 699 1.43907
690 790 1.12685
691 692 0.57278
691 791 1.18977
692 693 1.14736
692 792 0.40343
693 694 0.09365
693 793 0.31937
694 695 0.28681
694 794 -0.00545
695 696 -0.86992
695 795 0.59443
696 697 -1.20262
696 796 0.63542
697 698 -0.59295
697 797 -0.56353
698 699 -1.15886
698 798 1.01428
699 799 -1.3365
700 701 -2.18083
700 709 0.07763
700 710 0.69283
700 790 0.21762
700 800 0.58383
701 702 -1.14803
701 711 -0.40425
701 791 -1.33234
701 801 1.16496
702 703 -0.38284
702 712 0.40939
702 792 -0.03767
702 802 -0.02171
703 704 0.81244
703 713 0.4042
703 793 0.66903
703 803 -0.29231
704 705 -0.57504
704 714 -0.25983
704 794 1.06328
704 804 1.99241
705 706 1.187
705 715 -1.0514
705 795 1.22336
705 805 -2.5197
706 707 -0.22263
706 716 -0.47591
706 796 -0.07626
706 806 -0.28505
707 708 1.01285
707 717 0.99035
707 797 0.1692
707 807 0.97807
708 709 -0.84857
708 718 0.46304
708 798 -0.88424
708 808 0.7728
709 719 -0.20029
709 799 1.00364
709 809 -0.43727
710 711 -0.08265
710 719 -0.38829
710 720 -1.80354
710 810 -1.16798
711 712 1.62531
711 721 -2.53453
711 811 0.6988
712 713 0.18318
712 722 -0.20974
712 812 -0.75371
713 714 0.3682
713 723 -0.45032
713 813 -1.47083
714 715 0.19346
714 724 -0.45057
714 814 -1.11338
715 716 -1.14971
715 725 -0.09379
715 815 0.23451
716 717 -0.01151
716 726 0.1155
716 816 -0.01116
717 718 -0.15144
717 727 0.86818
717 817 0.88743
718 719 -1.33794
718 728 2.49661
718 818 0.46132
719 729 0.55822
719 819 -1.07709
720 721 -0.15662
720 729 0.31984
720 730 -0.81091
720 820 1.60103
721 722 0.97813
721 731 -0.11872
721 821 0.31429
722 723 2.20772
722 732 0.66965
722 822 0.31063
723 724 1.39966
723 733 -1.64342
723 823 -1.35036
724 725 1.08077
724 734 -0.37245
724 824 0.97219
725 726 -0.79084
725 735 0.35478
725 825 -0.47304
726 727 0.77404
726 736 0.00725
726 826 -1.19082
727 728 -0.10414
727 737 -0.57452
727 827 -1.36948
728 729 -0.73036
728 738 -1.78335
728 828 0.27214
729 739 0.13926
729 829 -0.54278
730 731 1.03614
730 739 0.08788
730 740 -2.66703
730 830 -0.78693
731 732 2.34089
731 741 -0.1568
731 831 1.33482
732 733 1.20541
732 742 0.7513
732 832 0.78673
733 734 0.4584
733 743 1.06854
733 833 0.82306
734 735 0.321
734 744 -2.19831
734 834 -0.79687
735 736 -1.88863
735 745 0.36788
735 835 -0.15132
736 737 -1.92144
736 746 -0.20093
736 836 1.77316
737 738 1.64766
737 747 1.40881
737 837 0.50822
738 739 1.85938
738 748 0.01226
738 838 0.01723
739 749 0.3923
739 839 0.1303
740 741 -1.18258
740 749 0.96717
740 750 0.74545
740 840 1.53148
741 742 -1.12274
741 751 1.34607
741 841 0.01976
742 743 0.00052
742 752 0.76619
742 842 -0.6557
743 744 0.19148
743 753 -0.18324
743 843 0.06785
744 745 0.10051
744 754 1.7942
744 844 -1.41415
745 746 0.64586
745 755 -1.22548
745 845 0.01223
746 747 0.88631
746 756 -0.35038
746 846 -0.10521
747 748 -2.96717
747 757 1.92448
747 847 2.07607
748 749 -0.82584
748 758 0.68452
748 848 0.83184
749 759 1.86531
749 849 1.89834
750 751 -0.32893
750 759 0.67261
750 760 1.20714
750 850 -0.64817
751 752 0.85448
751 761 -0.63582
751 851 -0.31398
752 753 1.01909
752 762 0.34238
752 852 -1.72367
753 754 0.59629
753 763 0.02226
753 853 1.19917
754 755 -0.01265
754 764 -0.03186
754 854 0.40517
755 756 0.98092
755 765 0.03386
755 855 1.94074
756 757 0.38579
756 766 0.86268
756 856 0.32867
757 758 -0.43767
757 767 1.24169
757 857 -1.22625
758 759 1.67894
758 768 0.08999
758 858 1.61851
759 769 0.04108
759 859 1.16043
760 761 1.52051
760 769 -1.28564
760 770 -0.94705
760 860 0.4597
761 762 -0.4289
761 771 -1.54998
761 861 0.18613
762 763 -1.03623
762 772 -0.91174
762 862 -0.79937
763 764 1.79236
763 773 -0.92149
763 863 -2.66614
764 765 -0.8766
764 774 -0.42082
764 864 0.97223
765 766 -0.59155
765 775 -0.72249
765 865 -0.12898
766 767 -0.7828
766 776 -0.25523
766 866 -1.17275
767 768 0.60465
767 777 -0.57577
767 867 2.74648
768 769 -0.01547
768 778 0.38089
768 868 -0.07599
769 779 -0.09569
769 869 -0.62399
770 771 -0.34756
770 779 -0.14697
770 780 1.79649
770 870 -0.64811
771 772 -0.48412
771 781 -0.73912
771 871 -1.47791
772 773 0.54917
772 782 0.24665
772 872 -0.45848
773 774 -0.8707
773 783 0.56733
773 873 -0.106
774 775 0.89689
774 784 -0.58072
774 874 1.32269
775 776 -0.29877
775 785 -0.08506
775 875 0.41704
776 777 0.13933
776 786 0.802
776 876 -0.43686
777 778 0.20526
777 787 0.62777
777 877 -2.2212
778 779 -0.69458
778 788 1.04209
778 878 -0.2647
779 789 -0.1112
779 879 1.46897
780 781 0.10544
780 789 1.40243
780 790 1.19006
780 880 -0.29163
781 782 -1.00634
781 791 1.23608
781 881 1.3095
782 783 -2.17599
782 792 -0.9175
782 882 -0.30775
783 784 0.47517
783 793 -0.20442
783 883 0.54676
784 785 1.00839
784 794 -1.55856
784 884 0.0526
785 786 -1.76057
785 795 2.05028
785 885 -0.56831
786 787 0.66851
786 796 -0.48394
786 886 0.84643
787 788 1.25177
787 797 0.19774
787 887 -0.09878
788 789 -1.54424
788 798 0.14623
788 888 0.42409
789 799 -0.43377
789 889 -0.61657
790 791 0.72789
790 799 0.10433
790 890 0.35344
791 792 -0.357
791 891 1.6681
792 793 -1.24431
792 892 -0.05966
793 794 -1.91285
793 893 -0.94021
794 795 -0.65159
794 894 -1.4725
795 796 -0.6928
795 895 -0.457
796 797 -2.22247
796 896 1.17495
797 798 0.16318
797 897 -0.59886
798 799 -0.84903
798 898 -0.89753
799 899 -0.27761
800 801 0.11785
800 809 -0.68643
800 810 -0.62636
800 890 1.79153
800 900 -0.88385
801 802 -0.47272
801 811 -0.34479
801 891 -0.03611
801 901 -2.01526
802 803 0.13051
802 812 0.92592
802 892 0.49471
802 902 1.11207
803 804 1.93652
803 813 -1.37346
803 893 -0.99091
803 903 -0.60402
804 805 0.46628
804 814 0.75576
804 894 -1.82552
804 904 1.03415
805 806 0.22946
805 815 0.70775
805 895 -0.8665
805 905 -2.02226
806 807 0.63342
806 816 3.48741
806 896 -0.66975
806 906 -0.50185
807 808 0.472
807 817 0.10982
807 897 1.32362
807 907 -0.57187
808 809 1.42123
808 818 0.24666
808 898 0.41958
808 908 -1.0067
809 819 -0.72922
809 899 1.36997
809 909 0.36025
810 811 -1.50427
810 819 0.49578
810 820 -0.69957
810 910 0.72607
811 812 0.28897
811 821 -0.21161
811 911 -0.0394
812 813 -1.64093
812 822 -0.35334
812 912 -0.22341
813 814 1.55581
813 823 0.10233
813 913 -0.16167
814 815 -0.39315
814 824 0.90238
814 914 -0.09924
815 816 -0.57972
815 825 0.50708
815 915 0.68516
816 817 0.66033
816 826 1.8546
816 916 0.58268
817 818 -0.20506
817 827 -1.12945
817 917 1.01626
818 819 -2.251
818 828 -1.02129
818 918 2.59775
819 829 0.19126
819 919 -0.44563
820 821 0.456
820 829 0.87326
820 830 0.3999
820 920 0.15072
821 822 0.04532
821 831 -1.12703
821 921 2.02301
822 823 -1.9753
822 832 1.97135
822 922 -0.8325
823 824 -0.29584
823 833 0.09369
823 923 0.42502
824 825 0.19979
824 834 0.51798
824 924 0.53627
825 826 -0.86493
825 835 -0.31427
825 925 -1.13688
826 827 0.9874
826 836 -0.78574
826 926 -0.96331
827 828 -0.85546
827 837 -0.5823
827 927 -0.74872
828 829 1.50216
828 838 1.15571
828 928 1.19642
829 839 -0.4697
829 929 -0.81501
830 831 -0.52852
830 839 1.26076
830 840 2.16302
830 930 -0.56969
831 832 -0.92945
831 841 0.23536
831 931 -0.68737
832 833 -0.6158
832 842 1.37646
832 932 1.32373
833 834 -1.91676
833 843 -0.97714
833 933 0.33259
834 835 -1.13351
834 844 0.6921
834 934 0.96702
835 836 -0.17434
835 845 1.86098
835 935 -0.84167
836 837 2.2402
836 846 0.45246
836 936 1.95359
837 838 -0.21171
837 847 0.92486
837 937 -0.41182
838 839 0.82692
838 848 -2.61949
838 938 -1.08655
839 849 -0.88438
839 939 0.19793
840 841 0.56834
840 849 -1.40126
840 850 0.37388
840 940 -1.02084
841 842 -1.35936
841 851 0.62402
841 941 1.32662
842 843 0.25572
842 852 -0.36115
842 942 0.09418
843 844 0.28306
843 853 0.73043
843 943 -0.24979
844 845 -1.01558
844 854 1.14349
844 944 -2.00573
845 846 -0.75948
845 855 0.31677
845 945 -2.25362
846 847 -0.37957
846 856 -0.19654
846 946 0.0805
847 848 -0.53104
847 857 0.13994
847 947 -1.51721
848 849 -0.23224
848 858 1.36027
848 948 -0.33123
849 859 -0.44833
849 949 0.59733
850 851 -1.08197
850 859 -0.5128
850 860 0.3274
850 950 -0.76793
851 852 -2.6539
851 861 -0.47018
851 951 0.45321
852 853 -0.32637
852 862 0.45325
852 952 1.48004
853 854 -0.2297
853 863 -0.07683
853 953 0.08736
854 855 0.15541
854 864 0.79296
854 954 -0.14398
855 856 -1.33302
855 865 2.16003
855 955 2.00782
856 857 0.10624
856 866 0.52975
856 956 0.17379
857 858 0.32671
857 867 -0.37556
857 957 -1.61053
858 859 0.85222
858 868 0.41053
858 958 -0.45196
859 869 -0.89651
859 959 -1.25187
860 861 1.79859
860 869 0.6053
860 870 3.14909
860 960 0.62997
861 862 -1.64581
861 871 -0.57203
861 961 -0.41332
862 863 1.87037
862 872 0.25723
862 962 0.28913
863 864 -0.84318
863 873 0.96484
863 963 -0.26657
864 865 -1.48979
864 874 0.39822
864 964 0.63814
865 866 -0.30683
865 875 -0.63618
865 965 1.44608
866 867 1.238
866 876 -1.13654
866 966 -0.0176
867 868 -1.42139
867 877 -0.43919
867 967 -1.41285
868 869 -0.0763
868 878 -0.61662
868 968 1.28368
869 879 -1.30844
869 969 1.24671
870 871 0.18961
870 879 1.76258
870 880 0.25765
870 970 -0.69192
871 872 -1.00146
871 881 -0.66927
871 971 -1.46179
872 873 0.34837
872 882 -0.92115
872 972 -0.34373
873 874 -0.32395
873 883 0.31213
873 973 1.95947
874 875 -1.14222
874 884 -0.19491
874 974 -1.53243
875 876 2.61323
875 885 1.20929
875 975 0.53064
876 877 -0.18267
876 886 -0.18229
876 976 -0.62169
877 878 -1.59999
877 887 0.47149
877 977 -1.00707
878 879 2.14792
878 888 -0.4543
878 978 -0.03649
879 889 0.31897
879 979 0.10991
880 881 1.14667
880 889 0.78361
880 890 0.02405
880 980 0.10797
881 882 0.80345
881 891 -2.04664
881 981 -0.70526
882 883 -0.69608
882 892 -1.18043
882 982 1.4221
883 884 -0.29973
883 893 0.1201
883 983 -0.04585
884 885 -0.57927
884 894 -0.8078
884 984 0.53927
885 886 0.4393
885 895 -0.02729
885 985 2.07153
886 887 0.19438
886 896 0.34072
886 986 0.73306
887 888 -0.52758
887 897 -0.50538
887 987 0.74633
888 889 0.77287
888 898 -1.28537
888 988 -0.96367
889 899 0.46764
889 989 0.71931
890 891 -0.61512
890 899 -0.89826
890 990 -0.2471
891 892 1.71475
891 991 -0.81229
892 893 0.2658
892 992 -0.35807
893 894 -0.41782
893 993 1.73059
894 895 -0.47101
894 994 -0.53217
895 896 -0.60111
895 995 0.19876
896 897 -0.51909
896 996 -0.54055
897 898 0.2806
897 997 0.31627
898 899 -1.74472
898 998 0.92418
899 999 -0.2237
900 901 -1.15472
900 909 -0.26948
900 910 -0.5368
900 990 2.18511
901 902 -0.34462
901 911 -0.0496
901 991 -0.47164
902 903 -0.70158
902 912 -0.50433
902 992 0.22682
903 904 -0.0088
903 913 -2.2728
903 993 -1.16758
904 905 -0.19732
904 914 -1.474
904 994 0.06319
905 906 -1.57114
905 915 0.00031
905 995 0.91081
906 907 -0.85201
906 916 1.81955
906 996 0.72418
907 908 1.18439
907 917 -0.87197
907 997 -0.77739
908 909 0.34579
908 918 -0.36507
908 998 -0.96344
909 919 2.09535
909 999 0.65448
910 911 -1.86937
910 919 -0.29547
910 920 -0.07884
911 912 -0.46075
911 921 -1.92066
912 913 -1.28441
912 922 0.7218
913 914 0.56754
913 923 1.99987
914 915 -0.05356
914 924 0.19128
915 916 -0.44335
915 925 -1.84412
916 917 0.52029
916 926 1.11609
917 918 -0.92029
917 927 0.082
918 919 0.06473
918 928 0.32599
919 929 0.889
920 921 1.67308
920 929 -0.65609
920 930 0.29656
921 922 0.6893
921 931 0.25956
922 923 -1.29131
922 932 -0.5841
923 924 -0.79411
923 933 1.19727
924 925 1.0462
924 934 0.44609
925 926 -1.64965
925 935 -1.70431
926 927 0.03994
926 936 1.1902
927 928 -0.7798
927 937 0.31799
928 929 1.38991
928 938 1.19736
929 939 0.63735
930 931 0.13243
930 939 0.17635
930 940 1.30212
931 932 1.21427
931 941 1.24441
932 933 0.49428
932 942 -0.02156
933 934 -0.03201
933 943 0.98561
934 935 -1.15724
934 944 1.36881
935 936 1.55733
935 945 0.66084
936 937 -1.15585
936 946 2.87882
937 938 -1.01286
937 947 -0.39072
938 939 -0.7976
938 948 0.46484
939 949 0.00811
940 941 0.33394
940 949 1.60161
940 950 -0.34005
941 942 0.0576
941 951 0.04516
942 943 0.25362
942 952 -0.75942
943 944 0.73836
943 953 0.29723
944 945 -1.45617
944 954 -0.2445
945 946 -0.16898
945 955 1.08205
946 947 0.57047
946 956 0.54646
947 948 0.94316
947 957 0.511
948 949 0.65047
948 958 0.88851
949 959 0.44414
950 951 -0.14201
950 959 -0.90126
950 960 0.00279
951 952 1.21992
951 961 0.81322
952 953 0.62563
952 962 -0.71464
953 954 1.89997
953 963 1.09105
954 955 0.69649
954 964 -0.30553
955 956 -1.52259
955 965 -0.86558
956 957 0.08333
956 966 -0.35163
957 958 0.2688
957 967 2.2924
958 959 -0.65924
958 968 1.20366
959 969 -0.04877
960 961 0.09862
960 969 0.03608
960 970 -0.18664
961 962 -1.59029
961 971 -1.08713
962 963 -1.11625
962 972 -2.10309
963 964 -0.74775
963 973 -0.00312
964 965 -0.94692
964 974 -0.41454
965 966 -0.67375
965 975 -0.81091
966 967 0.28251
966 976 1.88777
967 968 -1.44057
967 977 1.28025
968 969 1.09979
968 978 0.60663
969 979 0.60972
970 971 0.32918
970 979 0.5161
970 980 0.00968
971 972 1.32079
971 981 0.05591
972 973 -0.6143
972 982 0.4085
973 974 1.18408
973 983 0.21384
974 975 0.42417
974 984 -0.0676
975 976 -0.43353
975 985 -0.51173
976 977 0.49249
976 986 -1.62001
977 978 -1.20061
977 987 -1.29888
978 979 -0.35595
978 988 -0.53747
979 989 2.00755
980 981 0.88149
980 989 -0.85992
980 990 -0.65263
981 982 -0.36133
981 991 -0.83233
982 983 0.00321
982 992 0.43627
983 984 0.64288
983 993 0.32758
984 985 0.59193
984 994 -0.71329
985 986 0.24304
985 995 -1.13241
986 987 -0.54761
986 996 0.12068
987 988 0.20106
987 997 -1.56049
988 989 -0.1953
988 998 0.23131
989 999 -1.09401
990 991 2.21166
990 999 -0.14179
991 992 -1.34415
992 993 1.79277
993 994 1.0222
994 995 -0.0903
995 996 1.54748
996 997 -1.52663
997 998 1.40707
998 999 -1.50438
