# model=ea3d N=1000 meanJ=0 seed=418527 distribution=gaussian field=0 num_fields=1000 num_couplings=3000 dim=3
0 0
1 0
2 0
3 0
4 0
5 0
6 0
7 0
8 0
9 0
10 0
11 0
12 0
13 0
14 0
15 0
16 0
17 0
18 0
19 0
20 0
21 0
22 0
23 0
24 0
25 0
26 0
27 0
28 0
29 0
30 0
31 0
32 0
33 0
34 0
35 0
36 0
37 0
38 0
39 0
40 0
41 0
42 0
43 0
44 0
45 0
46 0
47 0
48 0
49 0
50 0
51 0
52 0
53 0
54 0
55 0
56 0
57 0
58 0
59 0
60 0
61 0
62 0
63 0
64 0
65 0
66 0
67 0
68 0
69 0
70 0
71 0
72 0
73 0
74 0
75 0
76 0
77 0
78 0
79 0
80 0
81 0
82 0
83 0
84 0
85 0
86 0
87 0
88 0
89 0
90 0
91 0
92 0
93 0
94 0
95 0
96 0
97 0
98 0
99 0
100 0
101 0
102 0
103 0
104 0
105 0
106 0
107 0
108 0
109 0
110 0
111 0
112 0
113 0
114 0
115 0
116 0
117 0
118 0
119 0
120 0
121 0
122 0
123 0
124 0
125 0
126 0
127 0
128 0
129 0
130 0
131 0
132 0
133 0
134 0
135 0
136 0
137 0
138 0
139 0
140 0
141 0
142 0
143 0
144 0
145 0
146 0
147 0
148 0
149 0
150 0
151 0
152 0
153 0
154 0
155 0
156 0
157 0
158 0
159 0
160 0
161 0
162 0
163 0
164 0
165 0
166 0
167 0
168 0
169 0
170 0
171 0
172 0
173 0
174 0
175 0
176 0
177 0
178 0
179 0
180 0
181 0
182 0
183 0
184 0
185 0
186 0
187 0
188 0
189 0
190 0
191 0
192 0
193 0
194 0
195 0
196 0
197 0
198 0
199 0
200 0
201 0
202 0
203 0
204 0
205 0
206 0
207 0
208 0
209 0
210 0
211 0
212 0
213 0
214 0
215 0
216 0
217 0
218 0
219 0
220 0
221 0
222 0
223 0
224 0
225 0
226 0
227 0
228 0
229 0
230 0
231 0
232 0
233 0
234 0
235 0
236 0
237 0
238 0
239 0
240 0
241 0
242 0
243 0
244 0
245 0
246 0
247 0
248 0
249 0
250 0
251 0
252 0
253 0
254 0
255 0
256 0
257 0
258 0
259 0
260 0
261 0
262 0
263 0
264 0
265 0
266 0
267 0
268 0
269 0
270 0
271 0
272 0
273 0
274 0
275 0
276 0
277 0
278 0
279 0
280 0
281 0
282 0
283 0
284 0
285 0
286 0
287 0
288 0
289 0
290 0
291 0
292 0
293 0
294 0
295 0
296 0
297 0
298 0
299 0
300 0
301 0
302 0
303 0
304 0
305 0
306 0
307 0
308 0
309 0
310 0
311 0
312 0
313 0
314 0
315 0
316 0
317 0
318 0
319 0
320 0
321 0
322 0
323 0
324 0
325 0
326 0
327 0
328 0
329 0
330 0
331 0
332 0
333 0
334 0
335 0
336 0
337 0
338 0
339 0
340 0
341 0
342 0
343 0
344 0
345 0
346 0
347 0
348 0
349 0
350 0
351 0
352 0
353 0
354 0
355 0
356 0
357 0
358 0
359 0
360 0
361 0
362 0
363 0
364 0
365 0
366 0
367 0
368 0
369 0
370 0
371 0
372 0
373 0
374 0
375 0
376 0
377 0
378 0
379 0
380 0
381 0
382 0
383 0
384 0
385 0
386 0
387 0
388 0
389 0
390 0
391 0
392 0
393 0
394 0
395 0
396 0
397 0
398 0
399 0
400 0
401 0
402 0
403 0
404 0
405 0
406 0
407 0
408 0
409 0
410 0
411 0
412 0
413 0
414 0
415 0
416 0
417 0
418 0
419 0
420 0
421 0
422 0
423 0
424 0
425 0
426 0
427 0
428 0
429 0
430 0
431 0
432 0
433 0
434 0
435 0
436 0
437 0
438 0
439 0
440 0
441 0
442 0
443 0
444 0
445 0
446 0
447 0
448 0
449 0
450 0
451 0
452 0
453 0
454 0
455 0
456 0
457 0
458 0
459 0
460 0
461 0
462 0
463 0
464 0
465 0
466 0
467 0
468 0
469 0
470 0
471 0
472 0
473 0
474 0
475 0
476 0
477 0
478 0
479 0
480 0
481 0
482 0
483 0
484 0
485 0
486 0
487 0
488 0
489 0
490 0
491 0
492 0
493 0
494 0
495 0
496 0
497 0
498 0
499 0
500 0
501 0
502 0
503 0
504 0
505 0
506 0
507 0
508 0
509 0
510 0
511 0
512 0
513 0
514 0
515 0
516 0
517 0
518 0
519 0
520 0
521 0
522 0
523 0
524 0
525 0
526 0
527 0
528 0
529 0
530 0
531 0
532 0
533 0
534 0
535 0
536 0
537 0
538 0
539 0
540 0
541 0
542 0
543 0
544 0
545 0
546 0
547 0
548 0
549 0
550 0
551 0
552 0
553 0
554 0
555 0
556 0
557 0
558 0
559 0
560 0
561 0
562 0
563 0
564 0
565 0
566 0
567 0
568 0
569 0
570 0
571 0
572 0
573 0
574 0
575 0
576 0
577 0
578 0
579 0
580 0
581 0
582 0
583 0
584 0
585 0
586 0
587 0
588 0
589 0
590 0
591 0
592 0
593 0
594 0
595 0
596 0
597 0
598 0
599 0
600 0
601 0
602 0
603 0
604 0
605 0
606 0
607 0
608 0
609 0
610 0
611 0
612 0
613 0
614 0
615 0
616 0
617 0
618 0
619 0
620 0
621 0
622 0
623 0
624 0
625 0
626 0
627 0
628 0
629 0
630 0
631 0
632 0
633 0
634 0
635 0
636 0
637 0
638 0
639 0
640 0
641 0
642 0
643 0
644 0
645 0
646 0
647 0
648 0
649 0
650 0
651 0
652 0
653 0
654 0
655 0
656 0
657 0
658 0
659 0
660 0
661 0
662 0
663 0
664 0
665 0
666 0
667 0
668 0
669 0
670 0
671 0
672 0
673 0
674 0
675 0
676 0
677 0
678 0
679 0
680 0
681 0
682 0
683 0
684 0
685 0
686 0
687 0
688 0
689 0
690 0
691 0
692 0
693 0
694 0
695 0
696 0
697 0
698 0
699 0
700 0
701 0
702 0
703 0
704 0
705 0
706 0
707 0
708 0
709 0
710 0
711 0
712 0
713 0
714 0
715 0
716 0
717 0
718 0
719 0
720 0
721 0
722 0
723 0
724 0
725 0
726 0
727 0
728 0
729 0
730 0
731 0
732 0
733 0
734 0
735 0
736 0
737 0
738 0
739 0
740 0
741 0
742 0
743 0
744 0
745 0
746 0
747 0
748 0
749 0
750 0
751 0
752 0
753 0
754 0
755 0
756 0
757 0
758 0
759 0
760 0
761 0
762 0
763 0
764 0
765 0
766 0
767 0
768 0
769 0
770 0
771 0
772 0
773 0
774 0
775 0
776 0
777 0
778 0
779 0
780 0
781 0
782 0
783 0
784 0
785 0
786 0
787 0
788 0
789 0
790 0
791 0
792 0
793 0
794 0
795 0
796 0
797 0
798 0
799 0
800 0
801 0
802 0
803 0
804 0
805 0
806 0
807 0
808 0
809 0
810 0
811 0
812 0
813 0
814 0
815 0
816 0
817 0
818 0
819 0
820 0
821 0
822 0
823 0
824 0
825 0
826 0
827 0
828 0
829 0
830 0
831 0
832 0
833 0
834 0
835 0
836 0
837 0
838 0
839 0
840 0
841 0
842 0
843 0
844 0
845 0
846 0
847 0
848 0
849 0
850 0
851 0
852 0
853 0
854 0
855 0
856 0
857 0
858 0
859 0
860 0
861 0
862 0
863 0
864 0
865 0
866 0
867 0
868 0
869 0
870 0
871 0
872 0
873 0
874 0
875 0
876 0
877 0
878 0
879 0
880 0
881 0
882 0
883 0
884 0
885 0
886 0
887 0
888 0
889 0
890 0
891 0
892 0
893 0
894 0
895 0
896 0
897 0
898 0
899 0
900 0
901 0
902 0
903 0
904 0
905 0
906 0
907 0
908 0
909 0
910 0
911 0
912 0
913 0
914 0
915 0
916 0
917 0
918 0
919 0
920 0
921 0
922 0
923 0
924 0
925 0
926 0
927 0
928 0
929 0
930 0
931 0
932 0
933 0
934 0
935 0
936 0
937 0
938 0
939 0
940 0
941 0
942 0
943 0
944 0
945 0
946 0
947 0
948 0
949 0
950 0
951 0
952 0
953 0
954 0
955 0
956 0
957 0
958 0
959 0
960 0
961 0
962 0
963 0
964 0
965 0
966 0
967 0
968 0
969 0
970 0
971 0
972 0
973 0
974 0
975 0
976 0
977 0
978 0
979 0
980 0
981 0
982 0
983 0
984 0
985 0
986 0
987 0
988 0
989 0
990 0
991 0
992 0
993 0
994 0
995 0
996 0
997 0
998 0
999 0
0 1 -0.878071
0 10 -0.030900
0 100 -0.110000
1 2 0.177437
1 11 -0.313992
1 101 -0.665811
2 3 -0.619279
2 12 -0.656011
2 102 -0.140723
3 4 0.040200
3 13 0.429005
3 103 -0.748548
4 5 -0.348203
4 14 0.675859
4 104 2.494513
5 6 0.772108
5 15 -0.180177
5 105 -0.873718
6 7 0.256913
6 16 1.959377
6 106 0.677593
7 8 -0.436244
7 17 0.845310
7 107 1.489440
8 9 0.498143
8 18 0.756797
8 108 -0.131787
9 0 -0.150312
9 19 -0.152225
9 109 -1.914112
10 11 2.189953
10 20 -2.680705
10 110 0.615375
11 12 0.092648
11 21 -1.384378
11 111 1.940521
12 13 -0.134107
12 22 -0.773132
12 112 -0.102951
13 14 -1.267675
13 23 -0.908815
13 113 -1.126565
14 15 1.089036
14 24 -0.724292
14 114 -0.785522
15 16 -0.469539
15 25 0.904930
15 115 -0.244091
16 17 -0.737152
16 26 0.616590
16 116 1.821165
17 18 -3.361824
17 27 0.679442
17 117 0.434404
18 19 -0.278348
18 28 -0.325244
18 118 1.362830
19 10 -0.374878
19 29 -0.009656
19 119 -0.470082
20 21 0.968956
20 30 0.097488
20 120 -0.417574
21 22 -0.199337
21 31 0.567651
21 121 0.472932
22 23 -1.245117
22 32 0.829268
22 122 -0.137394
23 24 -0.117232
23 33 1.204342
23 123 0.675563
24 25 -0.529472
24 34 -2.051198
24 124 -1.806865
25 26 1.131861
25 35 0.124025
25 125 0.265334
26 27 1.083222
26 36 0.250128
26 126 1.414089
27 28 1.278675
27 37 -0.006710
27 127 -1.970887
28 29 -1.689247
28 38 -0.192521
28 128 -0.106607
29 20 -0.570841
29 39 -1.636342
29 129 1.248180
30 31 -0.837345
30 40 -0.080286
30 130 2.330792
31 32 -1.054172
31 41 -0.375193
31 131 -0.339020
32 33 0.366969
32 42 -0.685695
32 132 0.421020
33 34 -0.722707
33 43 2.678361
33 133 -0.434322
34 35 -0.718686
34 44 2.015588
34 134 1.341722
35 36 -0.296034
35 45 0.768326
35 135 -0.711442
36 37 -0.688397
36 46 0.070541
36 136 -0.415065
37 38 1.228108
37 47 1.306963
37 137 1.709186
38 39 0.095916
38 48 0.493553
38 138 -0.973936
39 30 0.213973
39 49 1.518037
39 139 0.158107
40 41 -0.080329
40 50 0.657503
40 140 -0.761799
41 42 -1.370006
41 51 -0.989871
41 141 0.152900
42 43 -0.361205
42 52 -1.871906
42 142 -0.303880
43 44 0.679624
43 53 0.943049
43 143 0.477271
44 45 1.057710
44 54 -0.715785
44 144 0.826706
45 46 -0.140924
45 55 0.002979
45 145 0.248962
46 47 -0.724565
46 56 2.537845
46 146 -1.342448
47 48 1.058081
47 57 0.358995
47 147 0.227862
48 49 -0.490286
48 58 0.496816
48 148 1.414172
49 40 -0.374736
49 59 -0.671211
49 149 -0.058089
50 51 -2.206319
50 60 0.939225
50 150 0.671007
51 52 -1.475143
51 61 -0.718195
51 151 1.316704
52 53 -0.172647
52 62 -2.698729
52 152 0.989060
53 54 2.120504
53 63 0.042624
53 153 1.583748
54 55 0.875532
54 64 0.465875
54 154 -0.536925
55 56 -0.594838
55 65 0.247042
55 155 -2.563123
56 57 1.678344
56 66 -0.161721
56 156 -0.865120
57 58 0.349716
57 67 -0.684815
57 157 1.345236
58 59 -0.511369
58 68 -1.409319
58 158 -0.317324
59 50 -1.485967
59 69 -2.031399
59 159 0.322734
60 61 0.093269
60 70 0.075278
60 160 -0.511889
61 62 -1.095734
61 71 -0.372863
61 161 -0.996585
62 63 -0.126305
62 72 -0.117199
62 162 0.050653
63 64 -0.547996
63 73 -0.128601
63 163 -1.207043
64 65 -0.563589
64 74 0.817043
64 164 -0.564275
65 66 -0.788521
65 75 -1.294599
65 165 0.565457
66 67 -1.701870
66 76 -1.535276
66 166 -1.330190
67 68 0.085751
67 77 -0.663510
67 167 -0.719844
68 69 -0.584704
68 78 -1.930028
68 168 1.263955
69 60 -0.776369
69 79 -1.316088
69 169 0.411559
70 71 -0.113724
70 80 -0.337863
70 170 -0.551012
71 72 -0.087865
71 81 1.028051
71 171 0.278253
72 73 -0.578436
72 82 -0.638716
72 172 0.377810
73 74 -0.559839
73 83 -0.005258
73 173 -0.645249
74 75 -1.199896
74 84 0.838417
74 174 -0.001620
75 76 0.455798
75 85 0.574996
75 175 -0.247024
76 77 -0.984369
76 86 -0.769163
76 176 1.106049
77 78 -1.418545
77 87 -0.415091
77 177 0.171322
78 79 -0.210833
78 88 -0.834516
78 178 -0.181712
79 70 -0.594351
79 89 -0.461479
79 179 0.569912
80 81 0.406552
80 90 -1.158085
80 180 1.437999
81 82 -0.379676
81 91 1.053518
81 181 -1.153523
82 83 -0.852532
82 92 0.624475
82 182 -0.675422
83 84 0.212617
83 93 1.030393
83 183 -0.994391
84 85 0.051024
84 94 0.310714
84 184 -0.499019
85 86 2.176060
85 95 0.451944
85 185 0.732539
86 87 1.007978
86 96 -0.156815
86 186 -0.242779
87 88 0.774747
87 97 0.507361
87 187 1.393814
88 89 0.592102
88 98 -1.667555
88 188 -0.335446
89 80 1.009882
89 99 -0.062695
89 189 -2.296846
90 91 0.374342
90 0 -0.097949
90 190 0.832320
91 92 0.856689
91 1 0.750399
91 191 1.268519
92 93 -0.634920
92 2 -0.473934
92 192 -2.982891
93 94 0.518232
93 3 0.685511
93 193 -0.248659
94 95 -0.952529
94 4 0.795160
94 194 1.094445
95 96 0.382146
95 5 -0.909964
95 195 1.478573
96 97 -0.557735
96 6 1.021879
96 196 -2.119783
97 98 1.275720
97 7 0.075972
97 197 -1.633607
98 99 -0.303216
98 8 1.318897
98 198 0.199355
99 90 0.707131
99 9 0.047844
99 199 0.171742
100 101 -0.545607
100 110 -0.573463
100 200 -1.083120
101 102 0.439832
101 111 -0.504704
101 201 -0.975116
102 103 -1.007191
102 112 0.453004
102 202 0.725070
103 104 -2.205673
103 113 0.538287
103 203 -0.065024
104 105 0.747303
104 114 -0.758343
104 204 0.484825
105 106 1.517374
105 115 -1.459043
105 205 -0.468689
106 107 1.058008
106 116 1.046667
106 206 -0.594196
107 108 -0.180275
107 117 -0.996438
107 207 1.282617
108 109 -0.843613
108 118 -1.165725
108 208 0.215418
109 100 0.223966
109 119 -1.019027
109 209 0.456795
110 111 1.807792
110 120 1.326117
110 210 1.678737
111 112 0.421705
111 121 -0.580758
111 211 0.211436
112 113 -1.252005
112 122 0.925661
112 212 -0.238326
113 114 -1.742073
113 123 0.279337
113 213 0.726348
114 115 -0.836966
114 124 -0.805329
114 214 1.644551
115 116 0.961160
115 125 0.800717
115 215 -0.843719
116 117 0.599806
116 126 -1.599449
116 216 1.555531
117 118 0.452387
117 127 0.970642
117 217 0.091193
118 119 -0.202289
118 128 1.537908
118 218 -0.864337
119 110 -0.243710
119 129 -0.259823
119 219 -0.772086
120 121 0.742310
120 130 -0.247626
120 220 1.535961
121 122 -1.453061
121 131 -0.831879
121 221 0.209020
122 123 0.540188
122 132 1.417497
122 222 -0.418143
123 124 0.341107
123 133 -0.036423
123 223 -0.499633
124 125 -1.689640
124 134 -1.180771
124 224 -1.365055
125 126 0.296880
125 135 0.260545
125 225 -0.313208
126 127 2.544801
126 136 0.331634
126 226 -0.606216
127 128 -1.421278
127 137 -1.961330
127 227 1.276933
128 129 0.160847
128 138 0.344680
128 228 -1.156796
129 120 -0.645603
129 139 -1.274815
129 229 -0.374163
130 131 -1.758971
130 140 0.013396
130 230 0.431989
131 132 0.602393
131 141 0.901761
131 231 -0.767537
132 133 1.836700
132 142 0.425809
132 232 0.078431
133 134 0.391262
133 143 0.249880
133 233 0.610695
134 135 1.407634
134 144 1.370187
134 234 0.039505
135 136 0.162917
135 145 1.923058
135 235 -1.116471
136 137 2.382299
136 146 0.751111
136 236 1.169242
137 138 -1.069595
137 147 -0.329326
137 237 -0.106422
138 139 0.186595
138 148 -0.292800
138 238 -1.152235
139 130 -0.707386
139 149 0.525936
139 239 0.332221
140 141 0.644235
140 150 -1.269048
140 240 -2.016943
141 142 0.875509
141 151 -0.688101
141 241 0.829245
142 143 -2.101757
142 152 -1.118665
142 242 -0.969056
143 144 -0.200253
143 153 -0.853217
143 243 0.963145
144 145 1.007965
144 154 -0.740318
144 244 -1.822254
145 146 -0.271273
145 155 0.357893
145 245 0.462978
146 147 -1.671648
146 156 0.853119
146 246 0.303215
147 148 -1.349432
147 157 -1.606000
147 247 0.062933
148 149 0.985603
148 158 -0.461553
148 248 0.776862
149 140 2.961440
149 159 0.203005
149 249 -1.035178
150 151 -0.832105
150 160 1.464822
150 250 0.617932
151 152 -0.223941
151 161 -0.757931
151 251 0.091080
152 153 -1.040852
152 162 0.065325
152 252 1.234663
153 154 0.648331
153 163 -0.743926
153 253 1.719713
154 155 -1.959074
154 164 0.951242
154 254 0.439264
155 156 -1.547701
155 165 -0.819176
155 255 -2.065338
156 157 -0.625675
156 166 -0.593475
156 256 0.819486
157 158 0.034347
157 167 1.274867
157 257 2.718796
158 159 -0.062085
158 168 -0.853615
158 258 0.521207
159 150 0.000045
159 169 -0.669070
159 259 -0.995287
160 161 -0.694247
160 170 0.073679
160 260 1.117635
161 162 -0.334890
161 171 0.041263
161 261 -0.388390
162 163 -1.278608
162 172 1.390794
162 262 -0.177646
163 164 -1.200796
163 173 -0.059039
163 263 0.709501
164 165 0.290267
164 174 -0.622843
164 264 -0.436029
165 166 0.675398
165 175 -0.945501
165 265 -2.266739
166 167 0.533866
166 176 -0.536749
166 266 1.593212
167 168 -1.053884
167 177 -0.004140
167 267 -0.737404
168 169 -0.595111
168 178 -0.529809
168 268 0.192817
169 160 0.574814
169 179 -0.520355
169 269 1.017324
170 171 -0.643608
170 180 -0.248750
170 270 -0.189193
171 172 0.782947
171 181 -0.471763
171 271 0.400334
172 173 0.400472
172 182 -0.328079
172 272 -1.077616
173 174 0.927014
173 183 0.365274
173 273 0.753870
174 175 -0.412055
174 184 -0.901191
174 274 0.016535
175 176 -0.634313
175 185 -0.259499
175 275 1.660413
176 177 -0.825105
176 186 0.121584
176 276 0.899541
177 178 0.254606
177 187 0.197267
177 277 0.219784
178 179 0.593859
178 188 1.117343
178 278 -0.364962
179 170 -0.608188
179 189 1.080230
179 279 -1.203531
180 181 0.063149
180 190 0.313595
180 280 0.894360
181 182 -1.932144
181 191 -0.303311
181 281 -0.530371
182 183 0.754728
182 192 1.140385
182 282 0.158680
183 184 -1.210518
183 193 -1.385024
183 283 0.497520
184 185 -0.864337
184 194 0.121584
184 284 -0.690105
185 186 1.569671
185 195 0.554726
185 285 -0.369712
186 187 0.236386
186 196 -0.396102
186 286 1.063625
187 188 1.280767
187 197 1.098283
187 287 0.246901
188 189 0.046040
188 198 3.177378
188 288 -0.479352
189 180 -1.570695
189 199 -2.253649
189 289 -0.704648
190 191 0.850604
190 100 -0.592602
190 290 0.873503
191 192 -1.001723
191 101 0.650182
191 291 -0.288065
192 193 2.061100
192 102 -0.529526
192 292 0.381353
193 194 -0.753811
193 103 -0.501277
193 293 0.085738
194 195 -0.866918
194 104 0.299041
194 294 -0.834420
195 196 0.592991
195 105 -1.223603
195 295 -1.291371
196 197 1.009204
196 106 -1.122277
196 296 1.416466
197 198 0.203279
197 107 -0.126405
197 297 -0.215648
198 199 0.352914
198 108 0.363227
198 298 0.490417
199 190 0.316287
199 109 0.080993
199 299 -1.688236
200 201 -0.255782
200 210 0.533661
200 300 0.039533
201 202 0.749310
201 211 -1.138902
201 301 0.826850
202 203 0.321006
202 212 2.173825
202 302 1.666117
203 204 -0.009173
203 213 2.151727
203 303 0.522146
204 205 0.934200
204 214 0.506582
204 304 0.682474
205 206 1.446264
205 215 -3.156551
205 305 -0.206109
206 207 0.229036
206 216 -0.257866
206 306 1.516593
207 208 -0.025394
207 217 -0.445300
207 307 0.096025
208 209 -0.290736
208 218 0.959663
208 308 -0.765299
209 200 -0.925655
209 219 0.380384
209 309 0.469535
210 211 -0.946075
210 220 -1.036056
210 310 0.172264
211 212 2.504504
211 221 -0.108510
211 311 0.005051
212 213 -0.409187
212 222 2.221509
212 312 -0.376892
213 214 -0.473315
213 223 -1.694707
213 313 -0.378970
214 215 0.311289
214 224 -1.286730
214 314 0.076205
215 216 -1.724096
215 225 0.260573
215 315 1.616488
216 217 0.980584
216 226 -0.137959
216 316 0.589217
217 218 -0.358255
217 227 -0.458316
217 317 0.574252
218 219 -0.129664
218 228 0.558872
218 318 0.372616
219 210 0.131251
219 229 0.402076
219 319 0.425633
220 221 -0.516713
220 230 0.727706
220 320 0.887471
221 222 -1.217751
221 231 0.835840
221 321 0.702133
222 223 0.516019
222 232 1.037149
222 322 -0.892185
223 224 -0.726055
223 233 -0.910263
223 323 1.667060
224 225 -0.233130
224 234 0.603851
224 324 1.244833
225 226 -1.438212
225 235 -0.615163
225 325 1.459320
226 227 0.493642
226 236 -0.748210
226 326 0.131369
227 228 0.766512
227 237 -1.489877
227 327 1.520561
228 229 0.484797
228 238 -0.990144
228 328 -1.259487
229 220 -0.911556
229 239 0.108645
229 329 -0.777925
230 231 0.145946
230 240 -1.711306
230 330 0.428661
231 232 -0.950001
231 241 1.383892
231 331 0.758902
232 233 -0.370693
232 242 1.045078
232 332 0.736974
233 234 2.291465
233 243 -0.840235
233 333 -1.086485
234 235 -1.190148
234 244 -0.595675
234 334 -0.322557
235 236 -0.317113
235 245 -1.589391
235 335 -0.220065
236 237 -0.073016
236 246 0.959501
236 336 -0.183437
237 238 0.667562
237 247 -0.902524
237 337 0.066161
238 239 -0.406833
238 248 -1.070211
238 338 -0.695158
239 230 -0.643316
239 249 1.189052
239 339 0.753635
240 241 0.562516
240 250 -0.495472
240 340 0.052380
241 242 -1.352035
241 251 -0.018724
241 341 1.689265
242 243 -1.703113
242 252 0.448123
242 342 -1.424069
243 244 -0.442680
243 253 1.160161
243 343 0.794768
244 245 1.606859
244 254 0.271405
244 344 -0.351937
245 246 0.273597
245 255 -0.344103
245 345 0.537152
246 247 0.346971
246 256 -0.757727
246 346 0.103264
247 248 -0.935959
247 257 -0.516956
247 347 -0.959523
248 249 0.218421
248 258 -0.135408
248 348 -0.892572
249 240 1.148610
249 259 0.538634
249 349 -1.070188
250 251 -0.377578
250 260 -0.272261
250 350 -0.073603
251 252 0.185046
251 261 -2.002113
251 351 0.350080
252 253 1.493641
252 262 -1.528858
252 352 -0.542382
253 254 2.195122
253 263 0.193592
253 353 0.420187
254 255 1.113665
254 264 -0.614342
254 354 0.568537
255 256 -0.086884
255 265 1.015324
255 355 -1.939757
256 257 2.570312
256 266 0.805936
256 356 -0.430167
257 258 -0.842640
257 267 1.102121
257 357 2.011146
258 259 0.542073
258 268 -2.106906
258 358 -0.636921
259 250 -1.291545
259 269 0.888725
259 359 -1.206588
260 261 1.009140
260 270 -0.828998
260 360 -0.228552
261 262 -0.572912
261 271 0.945499
261 361 -0.549962
262 263 -1.004294
262 272 -0.276279
262 362 0.128191
263 264 0.951754
263 273 -0.392277
263 363 -0.681631
264 265 -0.098300
264 274 1.009335
264 364 1.332123
265 266 -0.407695
265 275 0.259339
265 365 2.585427
266 267 -1.073546
266 276 0.475900
266 366 0.507755
267 268 -0.280609
267 277 1.395188
267 367 -0.644344
268 269 -0.708834
268 278 -0.769056
268 368 0.385529
269 260 0.313135
269 279 -0.054942
269 369 -0.093444
270 271 -0.627726
270 280 0.449265
270 370 -0.340263
271 272 0.364974
271 281 0.240800
271 371 0.434868
272 273 -0.656153
272 282 -0.051548
272 372 0.395760
273 274 -0.293844
273 283 0.786005
273 373 0.625273
274 275 0.318949
274 284 0.531466
274 374 -0.964633
275 276 -1.163346
275 285 1.004814
275 375 -0.574921
276 277 -0.038034
276 286 2.015085
276 376 -0.338236
277 278 1.330603
277 287 0.188851
277 377 1.360788
278 279 0.039319
278 288 0.395180
278 378 -0.222846
279 270 0.558147
279 289 3.143078
279 379 -2.046483
280 281 -0.959604
280 290 0.608375
280 380 1.244711
281 282 -0.260618
281 291 -0.117593
281 381 1.489953
282 283 -1.926109
282 292 0.896195
282 382 0.699731
283 284 1.053209
283 293 -0.322474
283 383 -0.822614
284 285 1.064931
284 294 -0.551367
284 384 -0.146534
285 286 -1.039895
285 295 0.749227
285 385 0.661025
286 287 -1.049453
286 296 -0.813957
286 386 -0.480797
287 288 -0.591899
287 297 3.853209
287 387 -1.041004
288 289 -1.410583
288 298 -0.582510
288 388 0.199651
289 280 0.442999
289 299 1.130136
289 389 0.826722
290 291 -1.883210
290 200 0.936350
290 390 1.381078
291 292 -0.234431
291 201 -0.645294
291 391 -0.278886
292 293 0.254749
292 202 -0.141314
292 392 0.466918
293 294 0.294142
293 203 -0.208756
293 393 0.448683
294 295 -1.839099
294 204 -1.466973
294 394 -0.471571
295 296 1.625649
295 205 -1.040180
295 395 0.834341
296 297 -1.783832
296 206 0.626695
296 396 -0.214062
297 298 -1.016173
297 207 -0.658000
297 397 1.085568
298 299 -0.621411
298 208 0.636286
298 398 0.601301
299 290 -0.893165
299 209 0.419408
299 399 0.168644
300 301 -1.274186
300 310 0.428404
300 400 0.465270
301 302 -1.364130
301 311 2.291432
301 401 1.783354
302 303 0.622396
302 312 0.304230
302 402 0.212238
303 304 -0.630927
303 313 -0.001032
303 403 -1.062636
304 305 -0.903195
304 314 0.166791
304 404 -0.555317
305 306 -0.040553
305 315 -0.411307
305 405 0.161745
306 307 -0.162106
306 316 0.637880
306 406 -0.191736
307 308 -1.563008
307 317 -1.142599
307 407 -0.274252
308 309 0.997095
308 318 -1.229104
308 408 -0.134509
309 300 1.149409
309 319 -0.483456
309 409 -0.491123
310 311 -0.200506
310 320 0.993492
310 410 -0.256437
311 312 0.663333
311 321 0.198579
311 411 -0.047084
312 313 1.197835
312 322 -0.187107
312 412 -0.577634
313 314 -0.069961
313 323 0.231745
313 413 1.829795
314 315 1.065305
314 324 0.716603
314 414 0.832991
315 316 -0.337319
315 325 0.679225
315 415 -1.196900
316 317 -0.184516
316 326 0.505071
316 416 -0.257735
317 318 1.161196
317 327 0.419694
317 417 -1.494909
318 319 0.061833
318 328 1.724135
318 418 -1.931950
319 310 0.102195
319 329 -1.851038
319 419 2.144193
320 321 0.216318
320 330 -1.063704
320 420 -0.878001
321 322 0.527010
321 331 0.351187
321 421 0.931364
322 323 -1.784593
322 332 -0.638356
322 422 -1.236293
323 324 1.677679
323 333 1.282798
323 423 -0.174205
324 325 -0.077559
324 334 -1.648857
324 424 0.521129
325 326 0.251944
325 335 1.170506
325 425 -0.767084
326 327 -1.941962
326 336 -0.448232
326 426 -0.149607
327 328 0.107976
327 337 0.331137
327 427 0.045125
328 329 -1.162076
328 338 -0.985328
328 428 -1.354821
329 320 0.968804
329 339 0.194477
329 429 -0.350165
330 331 -0.032613
330 340 -0.273967
330 430 -0.233710
331 332 -1.552892
331 341 0.923322
331 431 -1.764121
332 333 2.625883
332 342 -1.665512
332 432 -2.008272
333 334 0.329789
333 343 1.368113
333 433 0.074354
334 335 -1.213263
334 344 -0.619319
334 434 -1.421575
335 336 -0.561217
335 345 -2.110664
335 435 1.027934
336 337 -0.984969
336 346 -0.859878
336 436 -0.077917
337 338 1.181246
337 347 0.036366
337 437 -0.313212
338 339 1.132401
338 348 0.718903
338 438 1.445037
339 330 1.402019
339 349 0.102309
339 439 -1.085393
340 341 -0.730485
340 350 0.401532
340 440 -1.231513
341 342 0.442485
341 351 0.595412
341 441 0.263486
342 343 0.043055
342 352 0.094569
342 442 1.104751
343 344 -1.586334
343 353 0.557391
343 443 0.397648
344 345 -1.446209
344 354 -0.111751
344 444 -0.094348
345 346 -0.613526
345 355 -0.300454
345 445 1.723552
346 347 -0.104232
346 356 1.494026
346 446 -1.960939
347 348 1.004718
347 357 -1.976408
347 447 0.748636
348 349 0.940969
348 358 0.314853
348 448 -1.141655
349 340 1.194862
349 359 1.864192
349 449 0.246253
350 351 -0.875084
350 360 -0.396417
350 450 -0.138418
351 352 -1.128448
351 361 0.598337
351 451 0.300955
352 353 0.500426
352 362 1.516031
352 452 0.582124
353 354 1.389335
353 363 -0.181879
353 453 -1.025324
354 355 -0.081267
354 364 0.271680
354 454 -0.033801
355 356 0.838917
355 365 -0.324177
355 455 -1.014210
356 357 0.473993
356 366 2.320192
356 456 -0.692658
357 358 -0.350352
357 367 -0.284454
357 457 -1.109543
358 359 -0.443592
358 368 -0.955727
358 458 0.814908
359 350 -0.662324
359 369 -0.037093
359 459 1.485151
360 361 -0.351086
360 370 -0.217473
360 460 1.492446
361 362 0.687319
361 371 0.100833
361 461 -1.781251
362 363 1.336977
362 372 -0.831782
362 462 0.651735
363 364 0.180899
363 373 -0.110991
363 463 0.581061
364 365 -0.058968
364 374 -0.053996
364 464 1.290679
365 366 -1.891724
365 375 -0.269960
365 465 0.439053
366 367 -0.279146
366 376 0.008983
366 466 -0.006531
367 368 0.060622
367 377 1.092464
367 467 0.164135
368 369 -1.236236
368 378 1.264376
368 468 -1.526837
369 360 0.756961
369 379 -0.574217
369 469 -2.190858
370 371 0.997712
370 380 0.097566
370 470 -1.289800
371 372 0.109858
371 381 1.198171
371 471 -0.799540
372 373 -0.696773
372 382 1.555595
372 472 -0.131104
373 374 -0.166096
373 383 -0.262937
373 473 2.181116
374 375 0.408963
374 384 0.659084
374 474 1.031206
375 376 -0.267725
375 385 -1.454680
375 475 -1.716807
376 377 0.713739
376 386 -0.320739
376 476 1.408740
377 378 -0.050523
377 387 1.940261
377 477 1.871530
378 379 -1.220830
378 388 0.387960
378 478 -0.169424
379 370 -1.132378
379 389 1.143409
379 479 -0.671441
380 381 0.139277
380 390 0.452186
380 480 0.868953
381 382 0.135961
381 391 -0.188732
381 481 0.415933
382 383 -0.213874
382 392 2.049538
382 482 1.684887
383 384 0.352473
383 393 0.754832
383 483 0.307529
384 385 1.367193
384 394 -0.741587
384 484 1.200597
385 386 0.853744
385 395 -0.625696
385 485 -0.260399
386 387 0.554158
386 396 -0.518778
386 486 0.018025
387 388 -1.311772
387 397 -0.142325
387 487 -1.064667
388 389 0.216892
388 398 0.916180
388 488 0.839309
389 380 -1.393134
389 399 -0.752629
389 489 -0.175307
390 391 0.200592
390 300 0.114935
390 490 1.380330
391 392 0.850225
391 301 0.307768
391 491 0.826512
392 393 -1.526342
392 302 -1.890627
392 492 2.274391
393 394 -0.729354
393 303 0.068866
393 493 0.165846
394 395 0.617406
394 304 0.092691
394 494 0.442058
395 396 0.597221
395 305 0.180411
395 495 -1.082657
396 397 0.129727
396 306 0.961062
396 496 0.530774
397 398 0.051008
397 307 1.048180
397 497 0.452998
398 399 0.061533
398 308 1.500759
398 498 0.660959
399 390 -0.365915
399 309 0.458744
399 499 0.877525
400 401 -0.442047
400 410 -0.733741
400 500 -0.768071
401 402 -1.448654
401 411 -0.123788
401 501 0.477541
402 403 1.061083
402 412 2.125757
402 502 -2.885860
403 404 2.364398
403 413 -0.873874
403 503 0.353144
404 405 -0.714377
404 414 -0.575826
404 504 0.022464
405 406 -0.702708
405 415 -1.362652
405 505 -1.097091
406 407 1.668989
406 416 0.687786
406 506 -0.020494
407 408 1.346433
407 417 -0.946233
407 507 0.113676
408 409 0.080696
408 418 -0.740859
408 508 -0.996546
409 400 -0.595970
409 419 -0.418199
409 509 -0.792166
410 411 -0.428781
410 420 0.455047
410 510 2.161732
411 412 0.260992
411 421 -0.970883
411 511 0.545675
412 413 -0.340025
412 422 0.240045
412 512 -1.751058
413 414 0.245447
413 423 -0.726427
413 513 1.367124
414 415 -1.733584
414 424 0.606878
414 514 0.383428
415 416 -1.686219
415 425 -0.745436
415 515 -0.330272
416 417 -0.786088
416 426 -1.589225
416 516 0.424465
417 418 0.533003
417 427 -0.693055
417 517 -0.826387
418 419 -0.725254
418 428 -1.933672
418 518 -1.193127
419 410 0.824492
419 429 0.034507
419 519 0.903194
420 421 0.709515
420 430 1.187203
420 520 0.108306
421 422 2.051843
421 431 0.008889
421 521 0.614192
422 423 1.024468
422 432 0.563103
422 522 -0.461782
423 424 1.130535
423 433 -0.240885
423 523 -1.245650
424 425 0.233847
424 434 -1.068362
424 524 -0.243083
425 426 0.737392
425 435 0.540163
425 525 -0.185953
426 427 -0.626476
426 436 -0.178723
426 526 -2.518010
427 428 -1.582245
427 437 -0.286644
427 527 0.231703
428 429 0.208254
428 438 -0.469058
428 528 -1.996235
429 420 -0.300519
429 439 0.652665
429 529 -0.600942
430 431 1.473548
430 440 -0.171727
430 530 0.230760
431 432 -0.363716
431 441 -0.145612
431 531 -0.377738
432 433 -1.096285
432 442 -0.089036
432 532 1.355643
433 434 2.064942
433 443 1.906648
433 533 0.987068
434 435 0.226943
434 444 -0.605861
434 534 1.215314
435 436 1.273924
435 445 -0.120402
435 535 -0.549044
436 437 1.418151
436 446 0.076038
436 536 0.330465
437 438 -0.811482
437 447 0.530969
437 537 0.834470
438 439 0.461834
438 448 1.340577
438 538 -1.154505
439 430 -0.025825
439 449 -0.601468
439 539 -0.079158
440 441 -1.726599
440 450 0.878637
440 540 0.794620
441 442 0.167630
441 451 0.851633
441 541 -0.962795
442 443 -1.216921
442 452 -0.099685
442 542 0.974245
443 444 0.972565
443 453 1.330286
443 543 0.039033
444 445 0.412241
444 454 1.534303
444 544 0.082430
445 446 -0.289396
445 455 -0.624754
445 545 0.076836
446 447 -1.132159
446 456 -0.215109
446 546 -1.524389
447 448 -0.510211
447 457 -0.209995
447 547 -1.686282
448 449 0.406216
448 458 -0.368972
448 548 -1.036566
449 440 -0.170361
449 459 -0.264205
449 549 0.700315
450 451 -0.132791
450 460 0.509715
450 550 0.350850
451 452 0.837711
451 461 0.722486
451 551 -1.628190
452 453 0.420746
452 462 0.840136
452 552 -1.972970
453 454 1.665398
453 463 0.921718
453 553 1.411606
454 455 2.619865
454 464 2.802731
454 554 -1.081764
455 456 -0.401125
455 465 0.497173
455 555 -0.357711
456 457 1.169096
456 466 -0.449605
456 556 0.609094
457 458 -0.325543
457 467 -0.652519
457 557 -0.280786
458 459 0.430188
458 468 1.709354
458 558 -0.659002
459 450 -0.308055
459 469 -0.450450
459 559 -2.416331
460 461 1.369638
460 470 1.809676
460 560 0.945921
461 462 -0.999067
461 471 -0.020746
461 561 0.530976
462 463 0.210827
462 472 0.208694
462 562 -1.712802
463 464 1.386350
463 473 -0.868166
463 563 -0.406646
464 465 -1.371608
464 474 0.357229
464 564 -1.189756
465 466 0.659042
465 475 -1.260856
465 565 0.482752
466 467 0.832145
466 476 0.146269
466 566 -0.624595
467 468 -1.030038
467 477 0.047565
467 567 -0.456193
468 469 0.696052
468 478 1.433810
468 568 0.300160
469 460 1.198069
469 479 -0.956152
469 569 1.678973
470 471 0.514966
470 480 -0.763174
470 570 0.201073
471 472 -0.963080
471 481 0.071826
471 571 -0.073631
472 473 -0.995586
472 482 -0.478040
472 572 -1.118447
473 474 -1.837389
473 483 1.111862
473 573 0.767023
474 475 0.935820
474 484 0.105565
474 574 0.824859
475 476 0.974325
475 485 -2.397854
475 575 1.694904
476 477 0.084227
476 486 -0.284784
476 576 -2.029796
477 478 -0.910769
477 487 1.262337
477 577 -0.201655
478 479 -1.074323
478 488 1.375302
478 578 0.308585
479 470 -2.040610
479 489 0.588287
479 579 1.823424
480 481 -0.026160
480 490 0.381756
480 580 -1.060576
481 482 0.638455
481 491 -1.585545
481 581 -1.636170
482 483 0.398267
482 492 -0.174173
482 582 1.093542
483 484 0.242030
483 493 0.893970
483 583 1.287533
484 485 -0.526587
484 494 -1.720038
484 584 -0.480995
485 486 -1.120856
485 495 -0.194141
485 585 0.191298
486 487 -1.329326
486 496 1.510999
486 586 -1.558034
487 488 -1.237355
487 497 0.332645
487 587 -0.199319
488 489 1.307847
488 498 1.306019
488 588 0.123916
489 480 1.123570
489 499 -0.097389
489 589 0.409770
490 491 -0.294876
490 400 -0.042577
490 590 -0.776353
491 492 1.054393
491 401 -0.349271
491 591 -1.232695
492 493 0.279654
492 402 -1.287138
492 592 0.423512
493 494 -1.053600
493 403 -1.714155
493 593 -0.462572
494 495 -0.313437
494 404 0.099317
494 594 0.596166
495 496 -0.236825
495 405 0.405542
495 595 -1.046165
496 497 -0.780993
496 406 -0.834565
496 596 -0.745206
497 498 -1.553841
497 407 0.675241
497 597 -0.979090
498 499 -0.480210
498 408 -1.223948
498 598 1.366413
499 490 -0.273196
499 409 0.347785
499 599 0.174625
500 501 -1.263996
500 510 0.270468
500 600 0.848118
501 502 -0.338443
501 511 -0.018610
501 601 -0.676353
502 503 -0.521319
502 512 0.600502
502 602 0.337083
503 504 -0.045760
503 513 1.735351
503 603 0.948376
504 505 0.781790
504 514 1.377332
504 604 1.708777
505 506 -1.261712
505 515 0.332589
505 605 0.882795
506 507 1.596085
506 516 0.915179
506 606 1.007095
507 508 -2.434642
507 517 0.173636
507 607 0.050585
508 509 -1.589653
508 518 -0.034483
508 608 0.764966
509 500 1.627515
509 519 0.722686
509 609 0.782579
510 511 0.804288
510 520 -1.001554
510 610 0.329536
511 512 -0.200957
511 521 0.348486
511 611 -1.440740
512 513 -0.276936
512 522 -0.387825
512 612 -0.867434
513 514 0.173485
513 523 0.212458
513 613 -0.961398
514 515 -1.281495
514 524 -1.319333
514 614 0.564004
515 516 -1.574441
515 525 -1.329984
515 615 -0.162611
516 517 -1.573820
516 526 1.601155
516 616 -0.594735
517 518 -0.958565
517 527 -1.620771
517 617 -0.471080
518 519 -1.188410
518 528 0.350437
518 618 -1.127531
519 510 -1.423468
519 529 0.227552
519 619 1.604766
520 521 1.358209
520 530 -0.574406
520 620 -0.760344
521 522 1.389763
521 531 0.708014
521 621 1.653419
522 523 -0.060172
522 532 0.498081
522 622 1.968161
523 524 -1.138797
523 533 -1.321066
523 623 -0.273915
524 525 -0.139202
524 534 0.380141
524 624 -1.531187
525 526 -1.305075
525 535 0.310774
525 625 -0.427656
526 527 -0.405471
526 536 0.358394
526 626 -2.015281
527 528 0.207512
527 537 -0.193729
527 627 -0.231856
528 529 1.585191
528 538 -0.444816
528 628 -0.347555
529 520 0.054388
529 539 -1.200224
529 629 0.222409
530 531 -0.094227
530 540 2.610391
530 630 0.339277
531 532 -0.588084
531 541 0.050537
531 631 0.343236
532 533 0.914474
532 542 -0.347559
532 632 1.897876
533 534 -1.076281
533 543 0.025364
533 633 -0.455047
534 535 1.461153
534 544 -0.170683
534 634 1.777048
535 536 0.547715
535 545 -0.114733
535 635 0.962573
536 537 -0.260310
536 546 0.405365
536 636 -0.217671
537 538 -1.546946
537 547 -0.858334
537 637 -1.221839
538 539 -0.097483
538 548 -0.282412
538 638 -0.004798
539 530 -0.763478
539 549 0.357418
539 639 0.514408
540 541 -0.416744
540 550 -1.478736
540 640 -0.161702
541 542 -0.318576
541 551 -1.799190
541 641 1.010652
542 543 -1.852489
542 552 -0.457012
542 642 -0.363928
543 544 0.755476
543 553 -0.835217
543 643 -0.786315
544 545 1.555344
544 554 1.876383
544 644 -0.219034
545 546 0.280130
545 555 0.830127
545 645 0.514477
546 547 -2.209219
546 556 0.114733
546 646 1.561998
547 548 -0.562460
547 557 -0.938659
547 647 -0.408982
548 549 0.464011
548 558 -0.276479
548 648 0.520911
549 540 0.201257
549 559 0.979946
549 649 0.423273
550 551 1.340083
550 560 -0.738290
550 650 0.505881
551 552 0.426127
551 561 -0.162509
551 651 -1.773742
552 553 0.416264
552 562 0.717141
552 652 0.642905
553 554 -0.599624
553 563 2.684740
553 653 0.142311
554 555 -0.060356
554 564 -0.335243
554 654 -0.655223
555 556 -0.801808
555 565 0.062491
555 655 0.381797
556 557 -1.022334
556 566 -1.187968
556 656 0.999128
557 558 -0.548826
557 567 -0.813996
557 657 -0.789831
558 559 1.666647
558 568 0.064323
558 658 -0.201642
559 550 0.301992
559 569 -1.003233
559 659 0.260396
560 561 -0.060784
560 570 1.795673
560 660 0.051155
561 562 0.716807
561 571 -0.133959
561 661 -0.876958
562 563 -0.719232
562 572 -0.012302
562 662 0.098049
563 564 0.577099
563 573 -1.060580
563 663 0.003867
564 565 1.492796
564 574 0.641932
564 664 -1.094474
565 566 -1.737630
565 575 1.274267
565 665 1.155819
566 567 -1.931788
566 576 -1.273976
566 666 0.013050
567 568 -0.164077
567 577 -0.166021
567 667 -0.439312
568 569 1.709078
568 578 1.266070
568 668 -1.140595
569 560 1.119125
569 579 -0.162001
569 669 -1.489647
570 571 -0.776103
570 580 -1.446976
570 670 -0.640383
571 572 -1.024691
571 581 -0.512667
571 671 0.086354
572 573 0.148040
572 582 1.394409
572 672 0.178086
573 574 0.624746
573 583 1.267628
573 673 -0.448814
574 575 -0.311021
574 584 0.354550
574 674 0.984053
575 576 -0.968199
575 585 -0.361157
575 675 1.289724
576 577 -0.430516
576 586 1.612338
576 676 -0.751299
577 578 0.910571
577 587 0.324860
577 677 1.263780
578 579 0.720286
578 588 -1.068299
578 678 -0.323928
579 570 0.450942
579 589 1.333261
579 679 -0.158125
580 581 -2.034265
580 590 -0.312623
580 680 -0.843597
581 582 0.470721
581 591 -0.048126
581 681 -0.149350
582 583 0.022989
582 592 0.007481
582 682 0.407516
583 584 0.248383
583 593 0.082715
583 683 -0.963610
584 585 -1.756409
584 594 -0.815826
584 684 -1.068924
585 586 1.970454
585 595 -1.061865
585 685 1.401678
586 587 -0.345838
586 596 1.607412
586 686 0.746691
587 588 1.538042
587 597 0.094787
587 687 -1.792593
588 589 -1.380608
588 598 0.594608
588 688 0.416202
589 580 -0.317672
589 599 -1.267027
589 689 0.952158
590 591 -0.773325
590 500 0.148787
590 690 -0.577625
591 592 0.665011
591 501 0.664844
591 691 -0.350126
592 593 0.600694
592 502 0.701288
592 692 0.566772
593 594 -1.246061
593 503 -0.311321
593 693 0.646793
594 595 0.996536
594 504 -0.449186
594 694 -0.690311
595 596 -2.238722
595 505 0.878587
595 695 1.090657
596 597 -0.305953
596 506 0.322561
596 696 -0.772099
597 598 -0.559132
597 507 -1.112828
597 697 0.415077
598 599 -1.155202
598 508 -0.697430
598 698 2.184770
599 590 -0.788361
599 509 -0.571154
599 699 -0.780473
600 601 -1.607986
600 610 0.351807
600 700 -0.186030
601 602 0.366001
601 611 0.276288
601 701 -0.773485
602 603 -0.203043
602 612 0.511597
602 702 0.623501
603 604 -0.468400
603 613 -0.717638
603 703 -1.003303
604 605 -1.320661
604 614 -0.330670
604 704 0.657867
605 606 -0.715829
605 615 -0.093630
605 705 0.973473
606 607 -2.294044
606 616 0.826247
606 706 -1.600195
607 608 0.319080
607 617 -0.256106
607 707 -0.125379
608 609 1.337091
608 618 -0.822932
608 708 -0.696690
609 600 -1.113233
609 619 1.086920
609 709 -0.399268
610 611 -0.390744
610 620 -0.401076
610 710 1.177799
611 612 -2.139429
611 621 -0.259784
611 711 0.260202
612 613 1.480390
612 622 0.217427
612 712 2.394842
613 614 -1.124245
613 623 1.101015
613 713 -0.189747
614 615 0.911446
614 624 -1.100730
614 714 0.822271
615 616 -0.240459
615 625 0.590159
615 715 0.439522
616 617 -1.699708
616 626 -0.479705
616 716 -0.452937
617 618 -0.942015
617 627 -0.550251
617 717 -0.505564
618 619 0.337041
618 628 -0.218448
618 718 0.926678
619 610 -1.024790
619 629 1.212855
619 719 -0.181122
620 621 0.109118
620 630 -1.331284
620 720 0.868653
621 622 -0.924488
621 631 -0.869996
621 721 0.376626
622 623 0.789873
622 632 1.301849
622 722 0.398022
623 624 0.025404
623 633 1.242812
623 723 1.889978
624 625 -0.854506
624 634 -2.918987
624 724 -1.152706
625 626 0.630139
625 635 -0.279269
625 725 -0.926665
626 627 -1.492108
626 636 -0.388270
626 726 1.125844
627 628 -1.437167
627 637 -2.322992
627 727 0.432292
628 629 0.794493
628 638 -0.237994
628 728 -0.373686
629 620 0.161994
629 639 1.126637
629 729 1.829943
630 631 -0.981715
630 640 -1.387820
630 730 1.650901
631 632 -1.565234
631 641 0.618617
631 731 1.552645
632 633 0.079842
632 642 -0.089665
632 732 1.087070
633 634 0.054639
633 643 1.408103
633 733 2.093979
634 635 1.667717
634 644 -1.456244
634 734 2.826940
635 636 1.110698
635 645 -1.498238
635 735 0.669309
636 637 -0.925223
636 646 1.026567
636 736 2.104503
637 638 0.670843
637 647 0.134207
637 737 1.366503
638 639 -1.155360
638 648 -0.364876
638 738 -1.736885
639 630 -0.011630
639 649 2.370737
639 739 1.367780
640 641 0.055981
640 650 -0.542702
640 740 0.580500
641 642 -0.079729
641 651 1.248849
641 741 -0.297608
642 643 0.887691
642 652 -0.072566
642 742 -0.227592
643 644 -0.005502
643 653 0.803048
643 743 0.801530
644 645 0.460003
644 654 -0.024670
644 744 0.321723
645 646 1.507476
645 655 0.441869
645 745 -0.084331
646 647 -0.359550
646 656 -0.317237
646 746 -0.212334
647 648 -0.851125
647 657 -0.519241
647 747 -0.247729
648 649 0.045733
648 658 -0.036813
648 748 -0.776607
649 640 -0.373840
649 659 0.153922
649 749 -0.561376
650 651 0.923996
650 660 0.406114
650 750 0.636356
651 652 -0.065489
651 661 -0.033926
651 751 0.983632
652 653 0.377860
652 662 0.023511
652 752 -0.072608
653 654 3.068434
653 663 0.845066
653 753 2.514837
654 655 0.065214
654 664 -0.357483
654 754 -0.635488
655 656 -1.608388
655 665 -0.728328
655 755 -0.691714
656 657 1.694902
656 666 -0.017959
656 756 2.237591
657 658 0.998112
657 667 -1.312937
657 757 -2.643768
658 659 0.660256
658 668 0.663970
658 758 -1.455928
659 650 1.357444
659 669 -0.090819
659 759 0.544736
660 661 -0.064067
660 670 -1.143923
660 760 -1.367313
661 662 -1.566018
661 671 0.603503
661 761 -0.197279
662 663 1.424265
662 672 -0.213293
662 762 0.057630
663 664 -2.948540
663 673 -1.384059
663 763 1.068236
664 665 0.926994
664 674 -0.309152
664 764 2.129723
665 666 1.982857
665 675 0.158828
665 765 2.430986
666 667 -0.196559
666 676 0.572614
666 766 0.062284
667 668 0.022135
667 677 -1.478152
667 767 1.594889
668 669 -0.696676
668 678 2.264816
668 768 0.933836
669 660 0.077553
669 679 -2.123626
669 769 0.946644
670 671 0.848225
670 680 -0.547658
670 770 0.176691
671 672 0.572677
671 681 -1.847416
671 771 1.691269
672 673 -0.047233
672 682 -0.744054
672 772 -1.467676
673 674 0.894709
673 683 0.753595
673 773 -1.813778
674 675 -1.715298
674 684 1.156271
674 774 0.224718
675 676 -2.069719
675 685 0.571656
675 775 0.319700
676 677 2.423921
676 686 0.509784
676 776 -0.596631
677 678 -0.140293
677 687 -0.769214
677 777 -0.608556
678 679 -1.355362
678 688 0.201886
678 778 -0.304809
679 670 1.838465
679 689 0.036003
679 779 0.691196
680 681 -2.551027
680 690 1.298442
680 780 -0.141006
681 682 0.590136
681 691 -0.196552
681 781 -1.330971
682 683 0.043126
682 692 0.396232
682 782 0.385993
683 684 0.543008
683 693 -2.505119
683 783 -0.329243
684 685 2.433956
684 694 0.140130
684 784 -0.498731
685 686 -0.184615
685 695 0.122787
685 785 0.490313
686 687 0.597475
686 696 1.965212
686 786 0.747355
687 688 0.584134
687 697 -0.533576
687 787 0.402939
688 689 -1.736096
688 698 2.039979
688 788 0.724493
689 680 -1.700344
689 699 0.486129
689 789 2.094349
690 691 -0.085718
690 600 1.149114
690 790 -0.735757
691 692 -0.553732
691 601 -0.623468
691 791 1.708917
692 693 0.413990
692 602 -0.910307
692 792 0.321581
693 694 -2.055780
693 603 -0.541795
693 793 -1.587533
694 695 -1.801268
694 604 0.686647
694 794 0.735899
695 696 -0.614974
695 605 0.297714
695 795 0.234599
696 697 2.302662
696 606 -0.173841
696 796 -0.931770
697 698 -0.300603
697 607 -1.247223
697 797 0.064769
698 699 0.466081
698 608 -0.275058
698 798 0.774225
699 690 -0.414123
699 609 1.660771
699 799 1.925735
700 701 -0.842206
700 710 1.853591
700 800 -0.215589
701 702 0.161360
701 711 1.002949
701 801 1.694367
702 703 -0.079322
702 712 0.636381
702 802 -2.527509
703 704 -0.195726
703 713 -0.576572
703 803 0.315174
704 705 0.532848
704 714 1.544807
704 804 -0.488011
705 706 -1.282038
705 715 1.728469
705 805 1.118504
706 707 1.968694
706 716 -0.298589
706 806 0.328513
707 708 0.830867
707 717 -0.746486
707 807 0.378934
708 709 -0.790257
708 718 -1.908059
708 808 0.552974
709 700 0.146945
709 719 1.103525
709 809 -0.443955
710 711 0.142678
710 720 -0.219384
710 810 -0.623843
711 712 -0.594473
711 721 -1.178320
711 811 0.290577
712 713 -1.191023
712 722 0.104659
712 812 -1.773521
713 714 -0.688190
713 723 1.008047
713 813 0.816974
714 715 0.961046
714 724 0.469593
714 814 -0.740130
715 716 1.138513
715 725 0.255165
715 815 1.870875
716 717 -1.332883
716 726 1.657245
716 816 1.117143
717 718 -0.146109
717 727 -0.285840
717 817 0.389840
718 719 -0.167696
718 728 -0.186828
718 818 -0.678073
719 710 0.494202
719 729 0.334161
719 819 1.157091
720 721 -0.087574
720 730 0.961454
720 820 0.769765
721 722 -1.349182
721 731 -0.930762
721 821 1.363059
722 723 0.514171
722 732 1.041191
722 822 -1.485402
723 724 0.380004
723 733 -1.312869
723 823 -0.119889
724 725 -0.419760
724 734 -0.305620
724 824 0.704695
725 726 -0.370198
725 735 0.438405
725 825 0.226646
726 727 -2.422165
726 736 -0.164990
726 826 0.377121
727 728 -0.420383
727 737 -1.095133
727 827 0.293324
728 729 0.743930
728 738 0.213526
728 828 1.425016
729 720 0.645498
729 739 0.349305
729 829 -0.519545
730 731 -0.202070
730 740 0.077711
730 830 0.985357
731 732 -1.282249
731 741 1.398252
731 831 0.457969
732 733 1.674142
732 742 -0.030312
732 832 -0.172168
733 734 0.585086
733 743 -0.464961
733 833 -1.420347
734 735 -0.854608
734 744 -0.672216
734 834 0.534641
735 736 0.347957
735 745 -0.542920
735 835 -0.813368
736 737 -0.192007
736 746 0.007213
736 836 1.027856
737 738 0.353055
737 747 0.554078
737 837 0.558259
738 739 0.280843
738 748 -2.018648
738 838 -1.424729
739 730 0.008613
739 749 -0.839392
739 839 1.160829
740 741 0.394348
740 750 0.214443
740 840 1.089423
741 742 0.084661
741 751 -0.811361
741 841 -0.237178
742 743 -0.575334
742 752 0.055897
742 842 0.381533
743 744 -0.596016
743 753 0.168506
743 843 0.174623
744 745 -0.031400
744 754 -1.389544
744 844 -0.853804
745 746 0.411056
745 755 0.048967
745 845 1.474991
746 747 0.103345
746 756 0.766708
746 846 -0.966817
747 748 1.952181
747 757 -0.516976
747 847 2.138825
748 749 1.087996
748 758 -0.414128
748 848 -2.470207
749 740 -1.473776
749 759 -0.749466
749 849 0.612900
750 751 -0.092693
750 760 0.723398
750 850 0.194705
751 752 -1.895570
751 761 -0.826237
751 851 -1.780919
752 753 -0.045124
752 762 0.716299
752 852 1.301096
753 754 -0.638626
753 763 -0.631171
753 853 0.838671
754 755 0.003663
754 764 -0.562054
754 854 0.456184
755 756 -0.591300
755 765 0.354446
755 855 -1.009365
756 757 -0.322636
756 766 -0.089558
756 856 0.691380
757 758 -1.318613
757 767 -0.443185
757 857 0.592026
758 759 -0.303707
758 768 0.046293
758 858 -0.611574
759 750 -0.370837
759 769 0.293646
759 859 0.689452
760 761 0.886596
760 770 -0.371113
760 860 1.260290
761 762 1.807642
761 771 -0.644368
761 861 0.099360
762 763 0.869692
762 772 -0.385857
762 862 0.331868
763 764 -0.328404
763 773 0.423344
763 863 -0.532922
764 765 -0.619824
764 774 1.418112
764 864 0.659523
765 766 1.799074
765 775 -1.828731
765 865 2.659605
766 767 0.036939
766 776 0.017496
766 866 2.019713
767 768 1.398575
767 777 0.596067
767 867 -0.031220
768 769 0.612863
768 778 1.194527
768 868 0.246932
769 760 0.764197
769 779 -0.042848
769 869 -0.152079
770 771 1.368518
770 780 -0.234087
770 870 -0.685421
771 772 0.143188
771 781 0.380726
771 871 -1.130629
772 773 1.418982
772 782 0.092435
772 872 -0.341669
773 774 -0.651490
773 783 0.334975
773 873 0.028448
774 775 0.488628
774 784 -0.040911
774 874 0.794197
775 776 -0.073715
775 785 0.600233
775 875 1.435879
776 777 -0.233499
776 786 -1.088374
776 876 1.528498
777 778 -0.175523
777 787 0.281429
777 877 -0.474973
778 779 1.189994
778 788 0.384114
778 878 1.339945
779 770 1.088141
779 789 0.693748
779 879 0.188689
780 781 0.610432
780 790 1.082055
780 880 -0.520608
781 782 -0.005773
781 791 0.623574
781 881 -0.332772
782 783 1.488197
782 792 0.129341
782 882 -0.691539
783 784 -0.153777
783 793 -0.266733
783 883 0.336637
784 785 0.570163
784 794 0.150232
784 884 1.479894
785 786 0.081005
785 795 -0.584708
785 885 0.948127
786 787 0.435619
786 796 0.147724
786 886 0.441797
787 788 -0.637809
787 797 -1.533798
787 887 0.183978
788 789 -2.390601
788 798 -1.456348
788 888 1.008586
789 780 -2.051408
789 799 -0.474812
789 889 -0.195027
790 791 0.809723
790 700 -0.707182
790 890 -0.946279
791 792 1.005029
791 701 2.687434
791 891 -1.409132
792 793 -2.037638
792 702 0.634860
792 892 1.797967
793 794 0.456198
793 703 -1.657071
793 893 -0.750315
794 795 1.157683
794 704 -0.791374
794 894 -0.939448
795 796 -0.855384
795 705 -0.657047
795 895 0.783087
796 797 0.048614
796 706 -2.589794
796 896 0.449121
797 798 -1.625542
797 707 -0.961114
797 897 1.030907
798 799 -0.626156
798 708 -0.347966
798 898 -1.326781
799 790 -0.714015
799 709 0.567604
799 899 -1.172720
800 801 0.157299
800 810 1.092721
800 900 -1.285499
801 802 -0.565471
801 811 2.244496
801 901 1.204585
802 803 0.756407
802 812 1.349838
802 902 -2.486994
803 804 -0.040352
803 813 -0.654408
803 903 0.628677
804 805 -0.964261
804 814 1.172967
804 904 -1.470455
805 806 0.560935
805 815 -1.115965
805 905 0.294830
806 807 0.557754
806 816 1.927177
806 906 0.362494
807 808 0.525085
807 817 -0.012723
807 907 -1.462765
808 809 0.679264
808 818 -1.119530
808 908 0.105931
809 800 -1.311561
809 819 1.470152
809 909 -0.456516
810 811 -0.110861
810 820 -1.197862
810 910 -0.702500
811 812 -0.030515
811 821 0.867840
811 911 0.612362
812 813 0.628830
812 822 -0.048543
812 912 0.658870
813 814 -0.032306
813 823 -1.156649
813 913 0.133591
814 815 0.821190
814 824 2.300618
814 914 -0.387649
815 816 0.971161
815 825 -1.130158
815 915 0.878892
816 817 0.599496
816 826 -0.379939
816 916 1.217998
817 818 0.617706
817 827 -0.310914
817 917 -2.782737
818 819 1.269427
818 828 1.830433
818 918 -1.729030
819 810 2.679828
819 829 -0.632727
819 919 -1.293042
820 821 0.874965
820 830 -0.151952
820 920 -0.105926
821 822 0.073390
821 831 0.217593
821 921 0.323801
822 823 0.018021
822 832 -0.807785
822 922 1.067123
823 824 1.218168
823 833 -0.222547
823 923 0.220735
824 825 0.162305
824 834 -0.585980
824 924 -1.370752
825 826 -0.602226
825 835 1.530908
825 925 -0.603077
826 827 -0.161081
826 836 -0.807256
826 926 1.109073
827 828 -0.117484
827 837 -1.369902
827 927 0.082318
828 829 -1.881981
828 838 0.431424
828 928 -1.890980
829 820 0.240223
829 839 1.354732
829 929 0.453370
830 831 4.171979
830 840 1.149717
830 930 -0.251105
831 832 -0.058736
831 841 -0.612196
831 931 -0.296463
832 833 -0.519069
832 842 -0.342561
832 932 -0.570825
833 834 2.106452
833 843 -2.113968
833 933 -0.358347
834 835 -0.480451
834 844 -0.331136
834 934 -0.258493
835 836 0.266222
835 845 -1.010750
835 935 2.109247
836 837 0.477852
836 846 -0.175739
836 936 -0.308532
837 838 1.055730
837 847 -1.253289
837 937 0.895386
838 839 -1.313387
838 848 -0.877635
838 938 -0.596449
839 830 -1.040327
839 849 0.807321
839 939 -0.595140
840 841 1.411867
840 850 0.538327
840 940 -0.447662
841 842 -0.620456
841 851 0.514844
841 941 0.700226
842 843 -0.363850
842 852 -0.885331
842 942 -1.626562
843 844 -0.112308
843 853 -0.166380
843 943 0.119935
844 845 -0.661161
844 854 0.866040
844 944 0.080981
845 846 -0.834106
845 855 -0.054745
845 945 0.954526
846 847 1.005098
846 856 1.300476
846 946 -0.643679
847 848 -1.437756
847 857 0.794830
847 947 0.926420
848 849 0.093672
848 858 -0.642127
848 948 -1.777042
849 840 -1.393811
849 859 -0.918489
849 949 -0.283510
850 851 -0.011652
850 860 0.843645
850 950 1.190176
851 852 0.663318
851 861 0.459906
851 951 -0.850627
852 853 1.335459
852 862 -0.380502
852 952 -0.208586
853 854 -0.203121
853 863 -0.136553
853 953 0.963949
854 855 -0.324657
854 864 1.194723
854 954 -1.556568
855 856 -1.391186
855 865 -1.079823
855 955 0.956671
856 857 1.219940
856 866 1.189525
856 956 1.505533
857 858 0.391176
857 867 -0.278883
857 957 -0.753704
858 859 0.321828
858 868 0.024235
858 958 1.191601
859 850 0.174602
859 869 1.793727
859 959 1.808321
860 861 0.260211
860 870 -0.479165
860 960 1.342264
861 862 0.225104
861 871 -0.260646
861 961 -1.769797
862 863 1.343550
862 872 1.495302
862 962 -0.608709
863 864 -0.550544
863 873 -0.832937
863 963 0.743518
864 865 -0.619123
864 874 -0.332942
864 964 -0.413004
865 866 0.565031
865 875 -1.316958
865 965 1.269988
866 867 -0.928670
866 876 1.594780
866 966 0.123267
867 868 0.436008
867 877 -1.389358
867 967 0.685173
868 869 -1.293272
868 878 0.708017
868 968 0.348714
869 860 1.557605
869 879 -0.354658
869 969 0.088577
870 871 0.291074
870 880 -0.623277
870 970 -0.808672
871 872 -1.133550
871 881 -1.299591
871 971 0.418025
872 873 -1.673442
872 882 -0.075167
872 972 -1.764962
873 874 1.147177
873 883 0.693831
873 973 0.819019
874 875 -0.181188
874 884 0.779461
874 974 -0.888259
875 876 0.234860
875 885 -0.974851
875 975 1.688139
876 877 0.278733
876 886 -0.653901
876 976 -0.746356
877 878 -0.135681
877 887 1.157730
877 977 0.727806
878 879 -0.365101
878 888 1.395694
878 978 -0.191225
879 870 0.057447
879 889 -0.265887
879 979 0.095030
880 881 -0.959552
880 890 2.222295
880 980 0.640913
881 882 -1.367218
881 891 0.411557
881 981 0.413709
882 883 0.034083
882 892 -0.665844
882 982 -0.090053
883 884 0.753191
883 893 0.732451
883 983 1.473804
884 885 -0.625633
884 894 -0.109568
884 984 -0.329312
885 886 -0.196068
885 895 1.180915
885 985 -0.316826
886 887 0.543377
886 896 -0.781109
886 986 -0.413204
887 888 0.503296
887 897 -0.211360
887 987 -0.989574
888 889 0.608147
888 898 0.181222
888 988 -1.217364
889 880 0.365058
889 899 -0.248066
889 989 -1.068120
890 891 -0.174748
890 800 -0.185915
890 990 0.011221
891 892 0.188054
891 801 -0.597869
891 991 -1.866732
892 893 -1.523311
892 802 0.499873
892 992 0.617179
893 894 1.217704
893 803 -1.392730
893 993 -0.359200
894 895 0.080686
894 804 -0.403365
894 994 1.061809
895 896 -0.271347
895 805 0.503624
895 995 0.567254
896 897 0.852171
896 806 0.284584
896 996 -1.592104
897 898 0.792425
897 807 -0.853482
897 997 0.141924
898 899 1.656212
898 808 0.591260
898 998 -1.917595
899 890 -0.072506
899 809 2.008876
899 999 -2.091744
900 901 -0.164733
900 910 0.394778
900 0 0.731161
901 902 -0.790930
901 911 -1.241318
901 1 0.208150
902 903 0.888352
902 912 -1.103043
902 2 -0.216964
903 904 0.024551
903 913 -1.317268
903 3 -0.075374
904 905 -0.727194
904 914 0.644358
904 4 1.071462
905 906 -0.899475
905 915 1.334353
905 5 1.763360
906 907 0.498748
906 916 -0.895599
906 6 -1.277697
907 908 1.226102
907 917 -0.774245
907 7 0.481446
908 909 0.052805
908 918 0.425814
908 8 1.062892
909 900 -0.764665
909 919 0.675229
909 9 2.904422
910 911 -1.456432
910 920 -1.206870
910 10 0.140107
911 912 -1.859823
911 921 1.213766
911 11 -0.667733
912 913 -0.402493
912 922 0.985143
912 12 -0.742510
913 914 0.573200
913 923 2.710909
913 13 -0.059070
914 915 0.414124
914 924 0.869294
914 14 0.708719
915 916 2.616884
915 925 -0.917397
915 15 1.945084
916 917 -0.952535
916 926 0.713787
916 16 -1.587520
917 918 1.075097
917 927 -0.692446
917 17 -0.210341
918 919 -0.887533
918 928 -0.169471
918 18 -0.242515
919 910 0.397223
919 929 1.583163
919 19 -0.592835
920 921 0.099963
920 930 0.359244
920 20 -0.619737
921 922 -1.146067
921 931 0.178621
921 21 -0.257864
922 923 -0.356956
922 932 0.375688
922 22 0.311322
923 924 -0.719960
923 933 0.313085
923 23 0.174599
924 925 -1.157644
924 934 0.399782
924 24 -2.213221
925 926 0.679001
925 935 1.251912
925 25 1.671859
926 927 0.085521
926 936 0.153625
926 26 0.397011
927 928 0.116412
927 937 -0.105059
927 27 -0.651004
928 929 -0.577153
928 938 -0.921529
928 28 -0.099830
929 920 -1.414665
929 939 1.135998
929 29 -1.488644
930 931 -0.396410
930 940 -0.395684
930 30 -1.066434
931 932 0.554719
931 941 -2.224883
931 31 1.941228
932 933 0.001810
932 942 -1.448314
932 32 -0.382410
933 934 0.562848
933 943 0.434095
933 33 -0.663142
934 935 0.860900
934 944 -0.176558
934 34 0.035980
935 936 0.782405
935 945 -0.113465
935 35 -1.481242
936 937 1.780209
936 946 -0.180851
936 36 0.168141
937 938 0.421888
937 947 -0.161060
937 37 0.256883
938 939 0.514089
938 948 -0.145028
938 38 1.152207
939 930 2.008242
939 949 0.172551
939 39 -0.804572
940 941 0.045625
940 950 0.011361
940 40 1.370983
941 942 -1.083231
941 951 1.099445
941 41 0.500428
942 943 0.685099
942 952 -2.237973
942 42 -0.892348
943 944 0.418235
943 953 0.140592
943 43 -1.173097
944 945 0.865389
944 954 0.047675
944 44 -0.557939
945 946 0.487027
945 955 0.233762
945 45 0.458068
946 947 0.289488
946 956 -2.074394
946 46 -1.129422
947 948 0.246162
947 957 -0.298927
947 47 -2.598442
948 949 -1.096258
948 958 0.835586
948 48 0.885943
949 940 -1.282428
949 959 -0.210176
949 49 -0.188063
950 951 1.428899
950 960 1.114560
950 50 -0.870128
951 952 0.520699
951 961 -0.683633
951 51 -0.021689
952 953 1.249483
952 962 -0.985823
952 52 -0.503987
953 954 0.517533
953 963 1.179308
953 53 -0.436408
954 955 1.164030
954 964 -2.162118
954 54 -1.063153
955 956 -1.500473
955 965 -0.429960
955 55 2.242803
956 957 -0.151300
956 966 -0.499395
956 56 -1.413679
957 958 0.601926
957 967 0.363698
957 57 1.274763
958 959 0.027123
958 968 1.577584
958 58 -0.488199
959 950 -0.219794
959 969 0.446556
959 59 1.005201
960 961 -0.832819
960 970 2.273792
960 60 -1.648115
961 962 -0.154719
961 971 0.489632
961 61 0.083162
962 963 -0.715847
962 972 -0.706285
962 62 -0.218535
963 964 -0.508235
963 973 0.025298
963 63 -0.001442
964 965 -1.061831
964 974 -0.112149
964 64 0.515381
965 966 -0.773500
965 975 -1.511901
965 65 1.142151
966 967 -0.903263
966 976 -0.937179
966 66 -0.336719
967 968 -0.142754
967 977 -2.708143
967 67 -0.959244
968 969 -0.907808
968 978 0.080122
968 68 0.330042
969 960 0.712788
969 979 -0.239649
969 69 -0.008820
970 971 0.756915
970 980 0.390387
970 70 0.490145
971 972 -0.011868
971 981 -1.424565
971 71 -1.159690
972 973 -1.665180
972 982 0.849561
972 72 0.049779
973 974 -1.746602
973 983 -0.727694
973 73 0.727476
974 975 -0.015911
974 984 0.057513
974 74 -0.069369
975 976 1.195248
975 985 0.679581
975 75 -0.197483
976 977 0.803420
976 986 0.294554
976 76 1.055387
977 978 -0.474481
977 987 -0.013190
977 77 0.290857
978 979 -0.867959
978 988 0.743632
978 78 -0.321527
979 970 -1.664176
979 989 1.403026
979 79 -0.526772
980 981 0.180720
980 990 0.513727
980 80 2.246496
981 982 0.368799
981 991 0.969127
981 81 -0.223896
982 983 -0.559497
982 992 -0.503435
982 82 0.458643
983 984 0.890268
983 993 -0.062668
983 83 -0.595784
984 985 0.407164
984 994 -1.649062
984 84 0.882419
985 986 -0.614079
985 995 1.773514
985 85 0.524011
986 987 -0.629522
986 996 0.674406
986 86 -1.188077
987 988 0.161104
987 997 -0.235531
987 87 -0.883884
988 989 0.331595
988 998 -1.427241
988 88 -0.115823
989 980 0.577285
989 999 -0.329969
989 89 0.272631
990 991 -0.392744
990 900 -1.272892
990 90 1.879707
991 992 0.734615
991 901 -1.554088
991 91 0.992690
992 993 1.355336
992 902 -0.014696
992 92 0.301990
993 994 -0.185299
993 903 -0.211249
993 93 -0.673408
994 995 -0.109589
994 904 0.316811
994 94 -1.065700
995 996 -0.616994
995 905 -0.174062
995 95 -0.203279
996 997 0.155716
996 906 1.401443
996 96 -1.917407
997 998 0.124980
997 907 -0.848433
997 97 -0.171269
998 999 -0.217545
998 908 0.437474
998 98 -0.732156
999 990 -0.404600
999 909 -0.318848
999 99 -1.081955
