# model=ea3d N=1000 meanJ=0 seed=2679928999 distribution=gaussian field=0 num_fields=1000 num_couplings=3000
0 0
1 0
2 0
3 0
4 0
5 0
6 0
7 0
8 0
9 0
10 0
11 0
12 0
13 0
14 0
15 0
16 0
17 0
18 0
19 0
20 0
21 0
22 0
23 0
24 0
25 0
26 0
27 0
28 0
29 0
30 0
31 0
32 0
33 0
34 0
35 0
36 0
37 0
38 0
39 0
40 0
41 0
42 0
43 0
44 0
45 0
46 0
47 0
48 0
49 0
50 0
51 0
52 0
53 0
54 0
55 0
56 0
57 0
58 0
59 0
60 0
61 0
62 0
63 0
64 0
65 0
66 0
67 0
68 0
69 0
70 0
71 0
72 0
73 0
74 0
75 0
76 0
77 0
78 0
79 0
80 0
81 0
82 0
83 0
84 0
85 0
86 0
87 0
88 0
89 0
90 0
91 0
92 0
93 0
94 0
95 0
96 0
97 0
98 0
99 0
100 0
101 0
102 0
103 0
104 0
105 0
106 0
107 0
108 0
109 0
110 0
111 0
112 0
113 0
114 0
115 0
116 0
117 0
118 0
119 0
120 0
121 0
122 0
123 0
124 0
125 0
126 0
127 0
128 0
129 0
130 0
131 0
132 0
133 0
134 0
135 0
136 0
137 0
138 0
139 0
140 0
141 0
142 0
143 0
144 0
145 0
146 0
147 0
148 0
149 0
150 0
151 0
152 0
153 0
154 0
155 0
156 0
157 0
158 0
159 0
160 0
161 0
162 0
163 0
164 0
165 0
166 0
167 0
168 0
169 0
170 0
171 0
172 0
173 0
174 0
175 0
176 0
177 0
178 0
179 0
180 0
181 0
182 0
183 0
184 0
185 0
186 0
187 0
188 0
189 0
190 0
191 0
192 0
193 0
194 0
195 0
196 0
197 0
198 0
199 0
200 0
201 0
202 0
203 0
204 0
205 0
206 0
207 0
208 0
209 0
210 0
211 0
212 0
213 0
214 0
215 0
216 0
217 0
218 0
219 0
220 0
221 0
222 0
223 0
224 0
225 0
226 0
227 0
228 0
229 0
230 0
231 0
232 0
233 0
234 0
235 0
236 0
237 0
238 0
239 0
240 0
241 0
242 0
243 0
244 0
245 0
246 0
247 0
248 0
249 0
250 0
251 0
252 0
253 0
254 0
255 0
256 0
257 0
258 0
259 0
260 0
261 0
262 0
263 0
264 0
265 0
266 0
267 0
268 0
269 0
270 0
271 0
272 0
273 0
274 0
275 0
276 0
277 0
278 0
279 0
280 0
281 0
282 0
283 0
284 0
285 0
286 0
287 0
288 0
289 0
290 0
291 0
292 0
293 0
294 0
295 0
296 0
297 0
298 0
299 0
300 0
301 0
302 0
303 0
304 0
305 0
306 0
307 0
308 0
309 0
310 0
311 0
312 0
313 0
314 0
315 0
316 0
317 0
318 0
319 0
320 0
321 0
322 0
323 0
324 0
325 0
326 0
327 0
328 0
329 0
330 0
331 0
332 0
333 0
334 0
335 0
336 0
337 0
338 0
339 0
340 0
341 0
342 0
343 0
344 0
345 0
346 0
347 0
348 0
349 0
350 0
351 0
352 0
353 0
354 0
355 0
356 0
357 0
358 0
359 0
360 0
361 0
362 0
363 0
364 0
365 0
366 0
367 0
368 0
369 0
370 0
371 0
372 0
373 0
374 0
375 0
376 0
377 0
378 0
379 0
380 0
381 0
382 0
383 0
384 0
385 0
386 0
387 0
388 0
389 0
390 0
391 0
392 0
393 0
394 0
395 0
396 0
397 0
398 0
399 0
400 0
401 0
402 0
403 0
404 0
405 0
406 0
407 0
408 0
409 0
410 0
411 0
412 0
413 0
414 0
415 0
416 0
417 0
418 0
419 0
420 0
421 0
422 0
423 0
424 0
425 0
426 0
427 0
428 0
429 0
430 0
431 0
432 0
433 0
434 0
435 0
436 0
437 0
438 0
439 0
440 0
441 0
442 0
443 0
444 0
445 0
446 0
447 0
448 0
449 0
450 0
451 0
452 0
453 0
454 0
455 0
456 0
457 0
458 0
459 0
460 0
461 0
462 0
463 0
464 0
465 0
466 0
467 0
468 0
469 0
470 0
471 0
472 0
473 0
474 0
475 0
476 0
477 0
478 0
479 0
480 0
481 0
482 0
483 0
484 0
485 0
486 0
487 0
488 0
489 0
490 0
491 0
492 0
493 0
494 0
495 0
496 0
497 0
498 0
499 0
500 0
501 0
502 0
503 0
504 0
505 0
506 0
507 0
508 0
509 0
510 0
511 0
512 0
513 0
514 0
515 0
516 0
517 0
518 0
519 0
520 0
521 0
522 0
523 0
524 0
525 0
526 0
527 0
528 0
529 0
530 0
531 0
532 0
533 0
534 0
535 0
536 0
537 0
538 0
539 0
540 0
541 0
542 0
543 0
544 0
545 0
546 0
547 0
548 0
549 0
550 0
551 0
552 0
553 0
554 0
555 0
556 0
557 0
558 0
559 0
560 0
561 0
562 0
563 0
564 0
565 0
566 0
567 0
568 0
569 0
570 0
571 0
572 0
573 0
574 0
575 0
576 0
577 0
578 0
579 0
580 0
581 0
582 0
583 0
584 0
585 0
586 0
587 0
588 0
589 0
590 0
591 0
592 0
593 0
594 0
595 0
596 0
597 0
598 0
599 0
600 0
601 0
602 0
603 0
604 0
605 0
606 0
607 0
608 0
609 0
610 0
611 0
612 0
613 0
614 0
615 0
616 0
617 0
618 0
619 0
620 0
621 0
622 0
623 0
624 0
625 0
626 0
627 0
628 0
629 0
630 0
631 0
632 0
633 0
634 0
635 0
636 0
637 0
638 0
639 0
640 0
641 0
642 0
643 0
644 0
645 0
646 0
647 0
648 0
649 0
650 0
651 0
652 0
653 0
654 0
655 0
656 0
657 0
658 0
659 0
660 0
661 0
662 0
663 0
664 0
665 0
666 0
667 0
668 0
669 0
670 0
671 0
672 0
673 0
674 0
675 0
676 0
677 0
678 0
679 0
680 0
681 0
682 0
683 0
684 0
685 0
686 0
687 0
688 0
689 0
690 0
691 0
692 0
693 0
694 0
695 0
696 0
697 0
698 0
699 0
700 0
701 0
702 0
703 0
704 0
705 0
706 0
707 0
708 0
709 0
710 0
711 0
712 0
713 0
714 0
715 0
716 0
717 0
718 0
719 0
720 0
721 0
722 0
723 0
724 0
725 0
726 0
727 0
728 0
729 0
730 0
731 0
732 0
733 0
734 0
735 0
736 0
737 0
738 0
739 0
740 0
741 0
742 0
743 0
744 0
745 0
746 0
747 0
748 0
749 0
750 0
751 0
752 0
753 0
754 0
755 0
756 0
757 0
758 0
759 0
760 0
761 0
762 0
763 0
764 0
765 0
766 0
767 0
768 0
769 0
770 0
771 0
772 0
773 0
774 0
775 0
776 0
777 0
778 0
779 0
780 0
781 0
782 0
783 0
784 0
785 0
786 0
787 0
788 0
789 0
790 0
791 0
792 0
793 0
794 0
795 0
796 0
797 0
798 0
799 0
800 0
801 0
802 0
803 0
804 0
805 0
806 0
807 0
808 0
809 0
810 0
811 0
812 0
813 0
814 0
815 0
816 0
817 0
818 0
819 0
820 0
821 0
822 0
823 0
824 0
825 0
826 0
827 0
828 0
829 0
830 0
831 0
832 0
833 0
834 0
835 0
836 0
837 0
838 0
839 0
840 0
841 0
842 0
843 0
844 0
845 0
846 0
847 0
848 0
849 0
850 0
851 0
852 0
853 0
854 0
855 0
856 0
857 0
858 0
859 0
860 0
861 0
862 0
863 0
864 0
865 0
866 0
867 0
868 0
869 0
870 0
871 0
872 0
873 0
874 0
875 0
876 0
877 0
878 0
879 0
880 0
881 0
882 0
883 0
884 0
885 0
886 0
887 0
888 0
889 0
890 0
891 0
892 0
893 0
894 0
895 0
896 0
897 0
898 0
899 0
900 0
901 0
902 0
903 0
904 0
905 0
906 0
907 0
908 0
909 0
910 0
911 0
912 0
913 0
914 0
915 0
916 0
917 0
918 0
919 0
920 0
921 0
922 0
923 0
924 0
925 0
926 0
927 0
928 0
929 0
930 0
931 0
932 0
933 0
934 0
935 0
936 0
937 0
938 0
939 0
940 0
941 0
942 0
943 0
944 0
945 0
946 0
947 0
948 0
949 0
950 0
951 0
952 0
953 0
954 0
955 0
956 0
957 0
958 0
959 0
960 0
961 0
962 0
963 0
964 0
965 0
966 0
967 0
968 0
969 0
970 0
971 0
972 0
973 0
974 0
975 0
976 0
977 0
978 0
979 0
980 0
981 0
982 0
983 0
984 0
985 0
986 0
987 0
988 0
989 0
990 0
991 0
992 0
993 0
994 0
995 0
996 0
997 0
998 0
999 0
0 1 1.03376
0 9 1.65612
0 10 0.60717
0 90 0.16093
0 100 -0.29387
0 900 0.17912
1 2 -1.14215
1 11 -1.28591
1 91 -0.32847
1 101 -1.41852
1 901 -0.66576
2 3 -0.99783
2 12 -2.01053
2 92 0.08649
2 102 -0.89451
2 902 0.9326
3 4 -0.19962
3 13 -0.23663
3 93 -1.46927
3 103 0.78955
3 903 1.37176
4 5 -0.78178
4 14 1.53363
4 94 -1.37217
4 104 1.90506
4 904 -0.84431
5 6 0.45857
5 15 -0.8388
5 95 0.30421
5 105 0.86218
5 905 0.29552
6 7 1.2053
6 16 -1.93634
6 96 0.80912
6 106 -0.70447
6 906 0.34639
7 8 -2.37966
7 17 1.13489
7 97 0.13548
7 107 -0.94996
7 907 1.21234
8 9 -1.49085
8 18 0.0326
8 98 1.62708
8 108 0.08261
8 908 -0.8727
9 19 -0.30925
9 99 0.7565
9 109 -0.30792
9 909 0.94764
10 11 0.6277
10 19 0.73983
10 20 1.19973
10 110 0.60615
10 910 -1.07356
11 12 -1.06406
11 21 0.59464
11 111 0.37189
11 911 0.98651
12 13 -1.29734
12 22 -0.61579
12 112 0.60944
12 912 0.98006
13 14 0.57251
13 23 -0.51692
13 113 1.1643
13 913 0.51675
14 15 -1.92161
14 24 0.8382
14 114 -1.69192
14 914 0.44074
15 16 2.53425
15 25 0.71682
15 115 -0.2968
15 915 -0.65147
16 17 -0.82066
16 26 -1.43935
16 116 0.86418
16 916 -0.12702
17 18 -0.98753
17 27 0.59045
17 117 -0.24485
17 917 -1.94612
18 19 0.06256
18 28 0.05808
18 118 -0.68074
18 918 -0.9347
19 29 -0.80514
19 119 -0.03317
19 919 0.59103
20 21 -0.88247
20 29 -0.86121
20 30 2.50416
20 120 1.49825
20 920 -0.062
21 22 -0.4516
21 31 1.75413
21 121 -1.39706
21 921 0.1526
22 23 0.59081
22 32 -0.408
22 122 0.14522
22 922 1.46493
23 24 0.75931
23 33 -0.9475
23 123 -0.14358
23 923 -0.38803
24 25 0.29648
24 34 -0.51675
24 124 -0.22848
24 924 -0.38968
25 26 -0.04206
25 35 1.24704
25 125 -1.55535
25 925 -1.64818
26 27 0.78179
26 36 -1.26326
26 126 -0.30428
26 926 -1.20718
27 28 0.53564
27 37 0.28398
27 127 -0.28116
27 927 0.43437
28 29 0.77395
28 38 0.22717
28 128 -0.49061
28 928 -1.63593
29 39 -0.74307
29 129 0.89742
29 929 0.68076
30 31 1.55176
30 39 -0.88352
30 40 -0.28982
30 130 0.09668
30 930 0.43964
31 32 1.25606
31 41 -1.50017
31 131 -0.04614
31 931 -3.39549
32 33 -0.88173
32 42 1.76259
32 132 -1.44943
32 932 -0.19855
33 34 -0.70706
33 43 0.85978
33 133 -1.15137
33 933 1.10041
34 35 1.14423
34 44 0.01084
34 134 1.21915
34 934 -1.31792
35 36 1.15911
35 45 -0.23684
35 135 -1.48368
35 935 0.95778
36 37 1.95364
36 46 -0.30288
36 136 0.29375
36 936 0.2031
37 38 1.24602
37 47 0.83761
37 137 1.13989
37 937 -1.04837
38 39 -0.67767
38 48 0.3807
38 138 0.79044
38 938 -0.33619
39 49 -0.27741
39 139 0.09277
39 939 -0.54986
40 41 -1.39405
40 49 -0.26397
40 50 -0.45961
40 140 -1.3541
40 940 -0.34756
41 42 0.08918
41 51 -2.11629
41 141 0.22409
41 941 -0.60576
42 43 1.90293
42 52 -1.7668
42 142 0.2994
42 942 -0.3984
43 44 -0.76593
43 53 0.25379
43 143 1.70968
43 943 -0.39766
44 45 -1.24477
44 54 -0.77687
44 144 0.92738
44 944 -1.32772
45 46 0.59759
45 55 -0.76789
45 145 -1.91013
45 945 -0.62266
46 47 -0.19102
46 56 0.38149
46 146 -1.10072
46 946 1.35124
47 48 -0.13463
47 57 0.18768
47 147 0.22769
47 947 -0.16816
48 49 1.17924
48 58 -0.94191
48 148 0.06027
48 948 -2.88662
49 59 -0.78185
49 149 0.04507
49 949 0.38925
50 51 -0.27212
50 59 0.6098
50 60 -0.03175
50 150 -0.48161
50 950 1.05707
51 52 -0.56617
51 61 -0.07482
51 151 0.03355
51 951 -1.69031
52 53 0.25485
52 62 -0.74544
52 152 0.11816
52 952 -1.50717
53 54 0.20957
53 63 -0.54921
53 153 -0.93339
53 953 -0.03999
54 55 -0.61012
54 64 0.07971
54 154 -1.2247
54 954 -0.54469
55 56 1.5056
55 65 -0.18701
55 155 -0.91741
55 955 -0.89691
56 57 -2.14871
56 66 0.72364
56 156 -0.99903
56 956 -0.62056
57 58 -1.28957
57 67 1.04286
57 157 -1.17054
57 957 -0.4862
58 59 -0.56231
58 68 1.79498
58 158 -1.31312
58 958 0.17481
59 69 0.50536
59 159 -0.82673
59 959 0.76873
60 61 0.65028
60 69 -1.60438
60 70 1.26408
60 160 -0.09988
60 960 -1.33464
61 62 0.53967
61 71 0.58857
61 161 0.36711
61 961 -0.60914
62 63 1.25584
62 72 0.29686
62 162 -1.75816
62 962 -0.35437
63 64 -1.23671
63 73 1.99507
63 163 0.10762
63 963 -0.00074
64 65 -0.9372
64 74 1.70691
64 164 -1.18099
64 964 2.21884
65 66 -1.33552
65 75 0.4473
65 165 0.93054
65 965 0.42077
66 67 -0.91372
66 76 -1.3615
66 166 0.00644
66 966 -0.64679
67 68 -1.42641
67 77 2.10475
67 167 0.13062
67 967 0.72208
68 69 -0.16457
68 78 -0.92032
68 168 -0.60457
68 968 -2.52876
69 79 0.21365
69 169 1.84468
69 969 -0.31712
70 71 1.46006
70 79 0.68448
70 80 -0.36509
70 170 -0.74528
70 970 1.32694
71 72 -1.13122
71 81 0.19132
71 171 -0.89526
71 971 -2.95957
72 73 0.38515
72 82 0.27696
72 172 0.07481
72 972 0.59809
73 74 -0.13513
73 83 0.25937
73 173 0.94473
73 973 -0.49676
74 75 0.05843
74 84 -0.15048
74 174 -0.83035
74 974 0.16761
75 76 1.90658
75 85 -0.00068
75 175 -0.36568
75 975 2.15478
76 77 1.01163
76 86 0.41004
76 176 3.40934
76 976 0.27359
77 78 2.34754
77 87 -0.0114
77 177 -1.14252
77 977 -0.15722
78 79 0.92957
78 88 -0.57066
78 178 0.32562
78 978 -0.35512
79 89 0.39414
79 179 0.51499
79 979 -1.96846
80 81 0.48498
80 89 0.28742
80 90 -0.31504
80 180 -1.11226
80 980 0.04419
81 82 -0.36155
81 91 -0.22136
81 181 -0.69696
81 981 -0.49491
82 83 -0.52949
82 92 0.39973
82 182 -0.12124
82 982 -0.78946
83 84 -2.59826
83 93 0.26129
83 183 0.26549
83 983 0.45513
84 85 0.77485
84 94 -1.40871
84 184 -3.28891
84 984 1.57941
85 86 1.09445
85 95 -0.64899
85 185 -0.13527
85 985 -0.01728
86 87 1.12535
86 96 1.50991
86 186 2.09681
86 986 -0.60693
87 88 0.61207
87 97 -0.29432
87 187 0.76416
87 987 -0.51649
88 89 -0.3215
88 98 1.62742
88 188 -1.36346
88 988 -0.00991
89 99 -0.85946
89 189 -0.66239
89 989 0.76751
90 91 -1.65686
90 99 0.3877
90 190 -0.70496
90 990 -2.10045
91 92 1.06047
91 191 0.6229
91 991 0.0584
92 93 -0.12472
92 192 -1.09946
92 992 -0.53464
93 94 1.14969
93 193 -0.42311
93 993 0.9465
94 95 -0.22179
94 194 -0.11237
94 994 0.62824
95 96 1.87004
95 195 -0.34659
95 995 -2.15793
96 97 0.50468
96 196 0.54458
96 996 0.63429
97 98 -0.07753
97 197 0.77175
97 997 0.70367
98 99 -1.25945
98 198 -0.09387
98 998 -0.20952
99 199 1.14664
99 999 2.10652
100 101 -0.76704
100 109 1.05318
100 110 0.99781
100 190 -0.0409
100 200 -0.47076
101 102 -1.584
101 111 0.64496
101 191 0.5153
101 201 -0.92943
102 103 -0.62976
102 112 0.81397
102 192 -1.09894
102 202 0.34161
103 104 1.17411
103 113 -1.43116
103 193 -0.38915
103 203 3.0004
104 105 0.28624
104 114 2.07831
104 194 0.93732
104 204 1.09561
105 106 -1.26007
105 115 -1.9339
105 195 -1.86722
105 205 -0.16938
106 107 -3.00968
106 116 1.09015
106 196 1.36688
106 206 -0.01386
107 108 1.81545
107 117 0.68481
107 197 -0.66539
107 207 -0.11668
108 109 0.64179
108 118 1.17044
108 198 2.2334
108 208 0.63576
109 119 0.54444
109 199 0.24532
109 209 -1.22378
110 111 -1.20085
110 119 0.01284
110 120 -1.43125
110 210 -1.68375
111 112 -1.41544
111 121 -0.73636
111 211 1.03424
112 113 -1.03809
112 122 -0.0036
112 212 -0.59457
113 114 0.38173
113 123 1.25787
113 213 0.5641
114 115 1.33441
114 124 1.56399
114 214 1.67367
115 116 0.14032
115 125 0.60562
115 215 -0.03758
116 117 0.54497
116 126 -0.55242
116 216 1.7503
117 118 -0.71665
117 127 -0.2748
117 217 1.42285
118 119 -0.20126
118 128 0.45412
118 218 0.2149
119 129 0.76137
119 219 -0.23379
120 121 1.098
120 129 1.25113
120 130 0.24934
120 220 -0.70223
121 122 0.76146
121 131 -0.1495
121 221 1.49608
122 123 -0.75321
122 132 1.54616
122 222 0.74314
123 124 -0.88409
123 133 1.05761
123 223 -1.86435
124 125 -0.4554
124 134 0.05901
124 224 0.06166
125 126 0.24265
125 135 -0.32722
125 225 -1.12947
126 127 0.12051
126 136 -0.14886
126 226 0.96797
127 128 -0.82555
127 137 -0.48341
127 227 0.09167
128 129 -0.30982
128 138 0.41702
128 228 0.11408
129 139 -0.2057
129 229 0.30265
130 131 0.53587
130 139 0.20974
130 140 1.25303
130 230 0.9786
131 132 -0.12769
131 141 1.19425
131 231 -1.16836
132 133 -0.90007
132 142 0.76613
132 232 1.37006
133 134 -1.37437
133 143 0.89489
133 233 -0.77041
134 135 0.87816
134 144 0.61141
134 234 -0.48352
135 136 -0.71187
135 145 -1.11667
135 235 0.37438
136 137 -1.66676
136 146 -1.97246
136 236 1.20353
137 138 -0.00758
137 147 0.1994
137 237 -0.51831
138 139 2.23388
138 148 1.20237
138 238 -0.63784
139 149 -0.30321
139 239 -1.3596
140 141 -0.60395
140 149 0.63318
140 150 -1.00813
140 240 0.52682
141 142 0.05234
141 151 -1.16804
141 241 -1.75392
142 143 0.5654
142 152 0.96878
142 242 0.34792
143 144 -1.37858
143 153 -0.03466
143 243 -1.51511
144 145 -0.65021
144 154 1.58501
144 244 2.2579
145 146 1.40669
145 155 0.21225
145 245 0.57179
146 147 -0.02839
146 156 -0.77486
146 246 1.36427
147 148 0.07767
147 157 -1.19318
147 247 -0.6285
148 149 0.98485
148 158 0.91483
148 248 0.79099
149 159 -1.22738
149 249 -1.30253
150 151 0.24254
150 159 0.34913
150 160 -0.59776
150 250 0.35359
151 152 -0.63168
151 161 -2.24354
151 251 1.49706
152 153 -0.08235
152 162 -0.1824
152 252 -0.61113
153 154 0.61182
153 163 0.80713
153 253 0.41635
154 155 -1.07539
154 164 -0.56231
154 254 0.39006
155 156 -1.00766
155 165 0.99321
155 255 -1.3505
156 157 -0.36727
156 166 -1.12362
156 256 -1.03686
157 158 -0.05918
157 167 0.79701
157 257 0.01942
158 159 -1.22143
158 168 0.50754
158 258 -1.47047
159 169 -1.60739
159 259 -0.95765
160 161 -0.58843
160 169 -1.10914
160 170 -0.41349
160 260 -0.09725
161 162 -1.44942
161 171 -1.44721
161 261 -0.41079
162 163 -2.8996
162 172 0.49653
162 262 -0.14478
163 164 -2.10203
163 173 -1.14112
163 263 1.60234
164 165 0.46691
164 174 -0.19373
164 264 0.47334
165 166 0.17853
165 175 0.69714
165 265 -0.78777
166 167 1.37267
166 176 -0.25867
166 266 1.61737
167 168 0.79386
167 177 -2.02466
167 267 -2.36757
168 169 0.11689
168 178 -1.05815
168 268 0.79908
169 179 0.62632
169 269 -0.64469
170 171 -1.04164
170 179 1.68933
170 180 -0.69508
170 270 0.50061
171 172 0.72075
171 181 0.20369
171 271 -0.35553
172 173 -0.85686
172 182 0.87127
172 272 0.97379
173 174 -0.78358
173 183 0.54394
173 273 0.16792
174 175 0.54301
174 184 -0.55482
174 274 0.62427
175 176 0.71212
175 185 0.40178
175 275 1.97683
176 177 0.43458
176 186 -1.60157
176 276 -0.57193
177 178 -0.93941
177 187 -0.18589
177 277 -0.46916
178 179 1.37883
178 188 -2.63498
178 278 1.02127
179 189 1.58576
179 279 -1.18551
180 181 -0.2421
180 189 -0.72046
180 190 -1.95228
180 280 -0.03054
181 182 -0.93035
181 191 0.90901
181 281 -0.26515
182 183 -0.32277
182 192 -0.28023
182 282 0.64114
183 184 0.24897
183 193 1.23361
183 283 -1.11593
184 185 1.07198
184 194 -1.00489
184 284 0.424
185 186 0.0506
185 195 0.18292
185 285 -0.20776
186 187 0.90183
186 196 0.7814
186 286 -0.53742
187 188 -1.08621
187 197 0.47453
187 287 0.36755
188 189 0.73286
188 198 1.38038
188 288 0.29949
189 199 -0.74628
189 289 -1.60287
190 191 0.68676
190 199 -0.4619
190 290 -0.20923
191 192 -0.61752
191 291 -0.13791
192 193 -1.97408
192 292 -2.06529
193 194 -0.17956
193 293 0.4459
194 195 -0.39838
194 294 -0.90209
195 196 -0.06199
195 295 -2.18047
196 197 0.55653
196 296 0.0233
197 198 1.36048
197 297 0.26624
198 199 0.48345
198 298 -0.79366
199 299 0.57134
200 201 1.26067
200 209 0.44725
200 210 0.70103
200 290 1.19343
200 300 0.17575
201 202 -0.55412
201 211 -1.42264
201 291 2.22534
201 301 0.31522
202 203 -0.9749
202 212 -0.34446
202 292 1.68475
202 302 0.77755
203 204 0.58639
203 213 -0.10884
203 293 -0.51755
203 303 -0.66157
204 205 0.00204
204 214 -0.15073
204 294 0.3641
204 304 -0.4415
205 206 -0.00414
205 215 -0.50631
205 295 -0.71763
205 305 -0.8221
206 207 -0.26606
206 216 -1.04231
206 296 2.11216
206 306 -0.01367
207 208 -0.65494
207 217 -0.5594
207 297 -0.64479
207 307 0.49642
208 209 0.34248
208 218 0.91106
208 298 0.59053
208 308 -0.26235
209 219 -1.37435
209 299 0.17467
209 309 0.94639
210 211 -1.09086
210 219 -1.40202
210 220 0.01463
210 310 -0.65815
211 212 0.28214
211 221 0.22402
211 311 -0.47198
212 213 -0.54598
212 222 0.51394
212 312 0.82297
213 214 -0.73671
213 223 -0.0483
213 313 0.67185
214 215 -0.07766
214 224 -0.30442
214 314 0.92969
215 216 0.55364
215 225 2.40765
215 315 -0.08016
216 217 -1.32549
216 226 -1.87234
216 316 1.61825
217 218 0.21286
217 227 0.00164
217 317 0.73572
218 219 1.33425
218 228 0.18989
218 318 -0.36168
219 229 -1.02812
219 319 -0.91389
220 221 -1.33254
220 229 -0.0037
220 230 -0.0376
220 320 -1.82236
221 222 -0.21266
221 231 -0.93214
221 321 -1.71085
222 223 0.77176
222 232 -0.22258
222 322 -0.97657
223 224 -1.01906
223 233 0.87568
223 323 -0.80844
224 225 0.06987
224 234 -0.21551
224 324 -0.20904
225 226 -0.37786
225 235 -2.03724
225 325 1.01805
226 227 0.36744
226 236 0.43347
226 326 0.00059
227 228 -0.79847
227 237 0.65632
227 327 2.46389
228 229 -0.12187
228 238 -0.56217
228 328 -0.12404
229 239 1.39392
229 329 -0.6077
230 231 0.42115
230 239 -0.37645
230 240 0.30573
230 330 -1.40881
231 232 -0.55972
231 241 0.30219
231 331 0.39769
232 233 -0.95278
232 242 -0.98164
232 332 -0.288
233 234 -0.73492
233 243 -2.16603
233 333 0.09184
234 235 0.3363
234 244 0.80058
234 334 2.94739
235 236 0.44722
235 245 0.04308
235 335 0.67294
236 237 -0.07418
236 246 -0.13136
236 336 0.23181
237 238 1.22403
237 247 -2.50207
237 337 -0.61778
238 239 0.17896
238 248 -0.03668
238 338 1.591
239 249 0.08436
239 339 -1.94951
240 241 0.02168
240 249 0.67158
240 250 1.34008
240 340 -0.09842
241 242 1.64361
241 251 0.53245
241 341 0.16496
242 243 -0.51283
242 252 0.48503
242 342 -0.33097
243 244 0.628
243 253 0.11106
243 343 -0.69562
244 245 0.23338
244 254 -1.05003
244 344 -0.77781
245 246 -0.29677
245 255 2.17721
245 345 -0.32748
246 247 -1.02518
246 256 -0.05978
246 346 0.80194
247 248 -1.18194
247 257 -0.89217
247 347 -1.5806
248 249 0.11231
248 258 0.23018
248 348 -0.2395
249 259 -0.06896
249 349 -0.82107
250 251 -0.27063
250 259 1.50154
250 260 -0.21413
250 350 -1.24696
251 252 0.90808
251 261 -0.9971
251 351 2.85101
252 253 -0.81956
252 262 -1.40308
252 352 -0.08103
253 254 -0.0646
253 263 -0.34376
253 353 -0.97347
254 255 0.17684
254 264 -0.98601
254 354 0.15969
255 256 -0.95488
255 265 -1.02268
255 355 -0.46018
256 257 1.16697
256 266 0.04173
256 356 3.02296
257 258 -0.7302
257 267 -0.28878
257 357 2.00233
258 259 -0.09464
258 268 -1.15673
258 358 1.69377
259 269 -0.09222
259 359 0.83358
260 261 0.0889
260 269 1.29779
260 270 0.16461
260 360 0.39281
261 262 0.60327
261 271 -1.02759
261 361 -0.60634
262 263 -0.81316
262 272 -1.3509
262 362 -1.73744
263 264 -0.60932
263 273 -0.84265
263 363 0.2388
264 265 -1.58686
264 274 -0.59986
264 364 1.68316
265 266 -0.95632
265 275 -0.70768
265 365 -0.34913
266 267 -0.29108
266 276 -0.04613
266 366 -0.76118
267 268 0.41833
267 277 -0.54918
267 367 -0.10767
268 269 -1.41071
268 278 0.14758
268 368 0.16869
269 279 1.09234
269 369 -1.28577
270 271 0.74855
270 279 1.48965
270 280 1.05088
270 370 -1.19544
271 272 -1.03629
271 281 0.28575
271 371 -0.61056
272 273 1.30996
272 282 -0.0964
272 372 -0.81778
273 274 -0.43695
273 283 0.34081
273 373 0.43853
274 275 1.00341
274 284 2.38866
274 374 0.69768
275 276 -1.82435
275 285 0.41038
275 375 0.40557
276 277 -0.42743
276 286 -0.21904
276 376 0.29785
277 278 1.20822
277 287 1.01515
277 377 1.19673
278 279 0.16309
278 288 0.51334
278 378 -1.87403
279 289 -3.07357
279 379 -0.51839
280 281 0.18793
280 289 -0.12906
280 290 -1.10522
280 380 0.45993
281 282 -0.45546
281 291 0.07673
281 381 -1.12507
282 283 1.00423
282 292 1.76872
282 382 0.31345
283 284 -2.21065
283 293 -2.35113
283 383 -0.06585
284 285 0.69185
284 294 -0.21862
284 384 0.34568
285 286 1.35211
285 295 -0.32627
285 385 -0.87749
286 287 0.08597
286 296 -0.6668
286 386 0.10726
287 288 0.19051
287 297 0.21444
287 387 -0.9328
288 289 -1.03222
288 298 -0.17971
288 388 0.23712
289 299 1.05614
289 389 0.37295
290 291 1.00186
290 299 -1.50991
290 390 -0.94874
291 292 -0.18821
291 391 -0.36201
292 293 1.45436
292 392 0.59474
293 294 0.0082
293 393 -0.22864
294 295 1.94193
294 394 0.14685
295 296 1.02468
295 395 -0.13564
296 297 0.94156
296 396 -1.03225
297 298 0.88731
297 397 0.08293
298 299 0.58772
298 398 0.89539
299 399 1.98869
300 301 0.02468
300 309 -0.46819
300 310 -0.13472
300 390 0.26433
300 400 1.02453
301 302 0.59138
301 311 -0.29454
301 391 -0.30563
301 401 -0.00413
302 303 1.03635
302 312 -0.42141
302 392 -1.46128
302 402 0.21839
303 304 1.04207
303 313 -0.22712
303 393 -0.05932
303 403 -1.05911
304 305 -0.25674
304 314 0.59264
304 394 -0.51262
304 404 0.63071
305 306 1.59983
305 315 -1.07482
305 395 -2.0165
305 405 -0.94355
306 307 -0.44281
306 316 -2.25614
306 396 0.71353
306 406 0.464
307 308 1.0068
307 317 0.7687
307 397 -1.52198
307 407 -1.18655
308 309 1.10635
308 318 0.88161
308 398 0.94656
308 408 1.90539
309 319 -0.84826
309 399 1.569
309 409 0.37667
310 311 -0.14249
310 319 0.11382
310 320 1.35425
310 410 -1.43151
311 312 -0.38339
311 321 2.56463
311 411 -0.08781
312 313 0.99361
312 322 -0.5102
312 412 -0.05686
313 314 0.66649
313 323 0.76219
313 413 0.12955
314 315 -0.33051
314 324 -0.59539
314 414 -1.07142
315 316 -2.1068
315 325 1.84737
315 415 0.84093
316 317 0.94281
316 326 0.7467
316 416 0.17518
317 318 -2.1078
317 327 -0.64339
317 417 -0.23874
318 319 -0.79821
318 328 0.2476
318 418 2.25005
319 329 -1.31819
319 419 -0.42905
320 321 2.30114
320 329 2.17531
320 330 0.43737
320 420 0.34381
321 322 0.54041
321 331 -2.33182
321 421 -1.25996
322 323 -0.35468
322 332 0.54807
322 422 -1.72336
323 324 2.279
323 333 -0.99414
323 423 -1.11676
324 325 -0.3079
324 334 -0.23934
324 424 0.64362
325 326 -2.45466
325 335 -1.18615
325 425 2.09792
326 327 0.98792
326 336 1.32093
326 426 0.90387
327 328 0.96804
327 337 -0.07401
327 427 0.75397
328 329 0.86787
328 338 0.65438
328 428 1.95673
329 339 0.72184
329 429 0.32724
330 331 -1.0786
330 339 -1.20688
330 340 1.32786
330 430 1.92386
331 332 -0.03671
331 341 0.51379
331 431 -0.61454
332 333 0.76315
332 342 -0.04136
332 432 2.44327
333 334 -0.27644
333 343 -0.25833
333 433 -0.6032
334 335 0.14447
334 344 0.57772
334 434 0.02725
335 336 -0.01869
335 345 0.01312
335 435 1.10268
336 337 1.27917
336 346 -1.02787
336 436 -0.23189
337 338 -0.11269
337 347 -1.84951
337 437 0.03118
338 339 -0.05084
338 348 -0.20193
338 438 0.2898
339 349 -1.08926
339 439 0.22532
340 341 1.55842
340 349 -0.62549
340 350 0.37561
340 440 0.10054
341 342 -1.84316
341 351 -0.98426
341 441 -1.31377
342 343 0.4047
342 352 0.58354
342 442 0.29048
343 344 -0.37754
343 353 0.89994
343 443 -0.6467
344 345 -1.67814
344 354 -0.84044
344 444 -0.49837
345 346 0.93196
345 355 -0.8809
345 445 -0.25865
346 347 -1.40884
346 356 0.31632
346 446 1.67289
347 348 0.71718
347 357 -0.74225
347 447 -0.30274
348 349 -0.15493
348 358 0.65933
348 448 0.16262
349 359 0.01398
349 449 0.41581
350 351 1.15265
350 359 0.10391
350 360 0.57142
350 450 -0.27039
351 352 0.58651
351 361 -1.26487
351 451 -0.39003
352 353 -0.02958
352 362 1.18606
352 452 -0.22775
353 354 0.38196
353 363 3.53536
353 453 0.45604
354 355 -0.11843
354 364 0.86718
354 454 0.84927
355 356 -0.54743
355 365 0.4928
355 455 -0.75757
356 357 -1.14301
356 366 -0.33272
356 456 -0.19816
357 358 -1.06369
357 367 2.59056
357 457 0.38351
358 359 0.13018
358 368 -0.43994
358 458 0.69544
359 369 -2.30233
359 459 0.91194
360 361 0.70557
360 369 0.03107
360 370 0.40376
360 460 -0.06029
361 362 0.06837
361 371 0.65556
361 461 0.73692
362 363 1.07027
362 372 -0.28691
362 462 1.83978
363 364 0.32069
363 373 1.58628
363 463 -0.93578
364 365 1.02504
364 374 0.07155
364 464 0.75341
365 366 0.27185
365 375 -1.2812
365 465 0.46467
366 367 0.01124
366 376 1.07475
366 466 -0.3777
367 368 -2.37315
367 377 -1.99013
367 467 -0.99984
368 369 1.68538
368 378 1.26311
368 468 -0.24512
369 379 -1.01616
369 469 -0.67761
370 371 -1.75648
370 379 0.57917
370 380 1.02321
370 470 -1.79549
371 372 0.2174
371 381 -1.81656
371 471 1.42757
372 373 -0.00221
372 382 0.96507
372 472 0.5814
373 374 -0.07909
373 383 -0.79313
373 473 -1.63545
374 375 0.67786
374 384 -0.69663
374 474 0.47008
375 376 -0.31418
375 385 0.01579
375 475 1.58001
376 377 -0.97974
376 386 -0.13262
376 476 -1.19261
377 378 0.39783
377 387 -1.45732
377 477 0.02913
378 379 0.34969
378 388 -0.27034
378 478 -0.94313
379 389 2.03759
379 479 0.85726
380 381 -0.16479
380 389 -0.68509
380 390 1.00967
380 480 1.66697
381 382 0.72952
381 391 0.09436
381 481 -0.60083
382 383 0.35866
382 392 1.78177
382 482 0.43826
383 384 0.50121
383 393 -1.9601
383 483 1.13573
384 385 0.49713
384 394 -0.17525
384 484 0.55574
385 386 -0.2901
385 395 -0.03107
385 485 0.85248
386 387 -0.68808
386 396 -0.01861
386 486 1.58667
387 388 -0.08371
387 397 -1.36481
387 487 0.61227
388 389 -1.96724
388 398 0.1118
388 488 0.84948
389 399 1.4345
389 489 1.50971
390 391 -1.12356
390 399 -0.50691
390 490 0.73106
391 392 -0.13845
391 491 2.11672
392 393 1.51613
392 492 -0.16428
393 394 1.42899
393 493 1.35666
394 395 0.10218
394 494 -1.34613
395 396 -0.86527
395 495 -0.39507
396 397 0.88756
396 496 -1.131
397 398 -0.3852
397 497 -0.21113
398 399 -1.48901
398 498 -0.7541
399 499 -1.16619
400 401 0.87375
400 409 0.62005
400 410 0.05094
400 490 0.09491
400 500 -0.37506
401 402 0.25709
401 411 -0.80901
401 491 -0.75218
401 501 0.45398
402 403 0.37581
402 412 0.52718
402 492 -0.22828
402 502 0.52663
403 404 0.08171
403 413 0.69249
403 493 0.09351
403 503 -0.87733
404 405 -0.05777
404 414 0.00075
404 494 -0.27434
404 504 0.37875
405 406 -1.77623
405 415 -0.36113
405 495 -1.15015
405 505 -0.47883
406 407 -0.76627
406 416 -1.13803
406 496 0.77953
406 506 -0.09378
407 408 0.84513
407 417 -0.20534
407 497 -0.7083
407 507 1.171
408 409 -0.11824
408 418 0.35332
408 498 -0.12651
408 508 0.70323
409 419 0.54312
409 499 1.10798
409 509 -0.18681
410 411 0.84878
410 419 1.07661
410 420 1.42864
410 510 -1.20179
411 412 0.87554
411 421 -1.91738
411 511 1.47361
412 413 -0.13336
412 422 0.56198
412 512 -0.04577
413 414 -0.48891
413 423 1.37881
413 513 1.52892
414 415 0.25474
414 424 -0.79397
414 514 0.72062
415 416 -1.14082
415 425 0.4023
415 515 -1.90098
416 417 -0.18095
416 426 -0.53276
416 516 -1.01026
417 418 -1.03019
417 427 -0.28302
417 517 2.07774
418 419 -0.69365
418 428 1.2032
418 518 -0.40111
419 429 0.30972
419 519 -1.20734
420 421 -0.71016
420 429 -0.46502
420 430 -1.32422
420 520 0.64091
421 422 0.92231
421 431 -1.24669
421 521 -0.09543
422 423 0.28009
422 432 -1.36148
422 522 0.38048
423 424 1.04719
423 433 -0.4724
423 523 2.44139
424 425 1.89094
424 434 0.53976
424 524 0.97375
425 426 0.17062
425 435 0.82226
425 525 0.05785
426 427 -1.17283
426 436 0.59013
426 526 -0.06986
427 428 -0.29034
427 437 -0.42909
427 527 0.9495
428 429 -1.33975
428 438 -0.1859
428 528 -0.35196
429 439 -0.92053
429 529 -0.78015
430 431 0.82516
430 439 -2.39994
430 440 2.56132
430 530 2.36839
431 432 0.28902
431 441 -0.12851
431 531 0.24166
432 433 -1.32697
432 442 1.29482
432 532 0.54139
433 434 -0.78953
433 443 -0.30623
433 533 -0.60167
434 435 0.03925
434 444 0.29926
434 534 -0.11694
435 436 2.11536
435 445 1.36282
435 535 -0.22769
436 437 1.34126
436 446 -1.05631
436 536 0.46775
437 438 -1.90715
437 447 0.7615
437 537 -1.1531
438 439 -1.23725
438 448 0.95894
438 538 2.09071
439 449 0.90592
439 539 -2.65522
440 441 -1.49516
440 449 0.69357
440 450 0.04997
440 540 -0.65046
441 442 0.38151
441 451 -0.6827
441 541 -0.83981
442 443 -0.00366
442 452 -2.72318
442 542 0.15592
443 444 0.09041
443 453 -1.58695
443 543 1.68089
444 445 -0.42262
444 454 0.31183
444 544 -0.43068
445 446 0.88675
445 455 -0.95366
445 545 1.29083
446 447 -1.03186
446 456 -0.02369
446 546 1.12309
447 448 -0.37002
447 457 0.00251
447 547 0.35658
448 449 0.42358
448 458 0.66864
448 548 0.8574
449 459 -0.6275
449 549 1.1845
450 451 1.22783
450 459 -0.52354
450 460 -1.09568
450 550 0.73673
451 452 -0.35418
451 461 0.40258
451 551 -0.7416
452 453 0.13986
452 462 1.48055
452 552 -0.59372
453 454 -0.43693
453 463 0.89144
453 553 0.29559
454 455 -0.63281
454 464 1.34252
454 554 0.09373
455 456 0.61653
455 465 -0.50637
455 555 -1.05258
456 457 -1.6963
456 466 0.9042
456 556 0.7775
457 458 0.27204
457 467 2.05573
457 557 0.21358
458 459 2.03239
458 468 0.29796
458 558 -0.61486
459 469 -0.77979
459 559 0.63878
460 461 -1.2328
460 469 0.57448
460 470 1.51882
460 560 -2.04982
461 462 0.58725
461 471 0.91395
461 561 1.87701
462 463 -1.94161
462 472 -0.8861
462 562 -0.15727
463 464 0.25743
463 473 2.221
463 563 0.08992
464 465 -0.57899
464 474 0.46503
464 564 0.25455
465 466 1.51935
465 475 -1.60376
465 565 0.25777
466 467 -0.87604
466 476 2.35311
466 566 0.61394
467 468 1.20044
467 477 -0.97796
467 567 -0.30409
468 469 -1.63294
468 478 -1.80953
468 568 0.19558
469 479 -0.02929
469 569 0.75873
470 471 -1.04248
470 479 -0.5821
470 480 0.91604
470 570 -1.14696
471 472 0.56863
471 481 0.39519
471 571 -0.74033
472 473 -1.5103
472 482 0.46805
472 572 0.25482
473 474 1.01662
473 483 -0.24429
473 573 0.56319
474 475 0.18686
474 484 -1.41821
474 574 1.30339
475 476 0.18621
475 485 -1.57383
475 575 -0.50018
476 477 0.07121
476 486 -0.3982
476 576 0.42511
477 478 1.79971
477 487 0.36643
477 577 1.65679
478 479 1.0219
478 488 0.63342
478 578 0.20162
479 489 -0.16831
479 579 -0.08643
480 481 0.42763
480 489 -1.31521
480 490 -1.62299
480 580 0.7865
481 482 -1.57936
481 491 0.78787
481 581 -1.4727
482 483 0.31466
482 492 0.81691
482 582 0.84504
483 484 1.09284
483 493 0.01158
483 583 -2.70477
484 485 1.07581
484 494 -0.42161
484 584 -1.24925
485 486 0.24771
485 495 -0.302
485 585 1.65088
486 487 -1.21216
486 496 1.47442
486 586 0.1424
487 488 -0.53614
487 497 0.86911
487 587 0.93182
488 489 -1.8785
488 498 -0.63393
488 588 -0.42914
489 499 0.24697
489 589 1.85457
490 491 -1.94647
490 499 0.2444
490 590 -1.02626
491 492 -0.94017
491 591 0.47126
492 493 0.46819
492 592 -0.09812
493 494 0.51339
493 593 0.60188
494 495 0.49932
494 594 0.06698
495 496 -0.88163
495 595 -1.02715
496 497 -3.17058
496 596 1.66534
497 498 1.45119
497 597 -0.97993
498 499 -0.95213
498 598 -0.14853
499 599 -0.28644
500 501 -0.25296
500 509 1.47281
500 510 0.13503
500 590 -2.02054
500 600 1.99501
501 502 1.68868
501 511 0.19458
501 591 -0.15151
501 601 -0.17965
502 503 0.02502
502 512 0.99284
502 592 -0.28968
502 602 -1.32806
503 504 0.15621
503 513 -0.50894
503 593 -0.95767
503 603 0.24896
504 505 -1.36293
504 514 0.95991
504 594 -0.27641
504 604 -0.10396
505 506 1.45443
505 515 0.11893
505 595 0.57411
505 605 1.62824
506 507 -0.93515
506 516 -1.3707
506 596 0.11001
506 606 -0.42022
507 508 0.05329
507 517 -0.52086
507 597 0.79274
507 607 1.05808
508 509 -0.23985
508 518 -1.65605
508 598 -0.2345
508 608 0.08004
509 519 -0.07072
509 599 -0.8016
509 609 -0.25432
510 511 -1.59028
510 519 1.60843
510 520 0.06231
510 610 0.50615
511 512 -0.07395
511 521 0.42056
511 611 -0.74182
512 513 0.90615
512 522 -0.29205
512 612 -0.80495
513 514 -0.34451
513 523 -1.5702
513 613 0.29064
514 515 0.84693
514 524 -0.11963
514 614 -0.19721
515 516 1.19795
515 525 1.30713
515 615 0.19257
516 517 -0.79814
516 526 -0.01817
516 616 0.0048
517 518 0.33001
517 527 0.5166
517 617 -0.42439
518 519 -0.15696
518 528 -1.26663
518 618 -0.1581
519 529 -0.23944
519 619 -0.45321
520 521 -1.02243
520 529 -0.19715
520 530 0.16825
520 620 -0.04887
521 522 0.63068
521 531 -0.97233
521 621 1.22867
522 523 -0.03891
522 532 1.13149
522 622 0.74383
523 524 0.7194
523 533 -0.18568
523 623 0.24286
524 525 -1.26097
524 534 0.23575
524 624 -0.16109
525 526 1.29347
525 535 -0.04318
525 625 -0.8051
526 527 0.46079
526 536 -0.42676
526 626 0.33756
527 528 0.7711
527 537 -1.37828
527 627 -0.98745
528 529 -0.06623
528 538 1.1549
528 628 0.9166
529 539 -0.28012
529 629 1.04657
530 531 -2.05182
530 539 -0.0275
530 540 -1.7764
530 630 -0.20035
531 532 -1.48645
531 541 -1.2993
531 631 0.18083
532 533 1.15522
532 542 -0.49353
532 632 -0.0279
533 534 0.29426
533 543 0.84088
533 633 0.67986
534 535 1.17982
534 544 0.86217
534 634 -1.35136
535 536 -1.05902
535 545 0.46065
535 635 -0.67234
536 537 0.01687
536 546 1.33336
536 636 -0.61507
537 538 0.51141
537 547 0.63019
537 637 1.2046
538 539 -0.30217
538 548 -1.4561
538 638 0.66451
539 549 -0.29168
539 639 0.31298
540 541 0.18692
540 549 -0.68182
540 550 1.35663
540 640 -1.28197
541 542 1.1771
541 551 -0.55372
541 641 0.33989
542 543 0.06362
542 552 -1.56372
542 642 0.15268
543 544 0.32077
543 553 0.69501
543 643 -0.86832
544 545 -1.22818
544 554 -0.7165
544 644 -0.12254
545 546 -2.08819
545 555 -1.46537
545 645 0.84795
546 547 -0.25115
546 556 -0.63921
546 646 -0.25579
547 548 -2.58734
547 557 -0.37904
547 647 -0.99625
548 549 0.17121
548 558 -0.1284
548 648 -0.09825
549 559 0.13579
549 649 -0.17709
550 551 -0.13649
550 559 0.16896
550 560 -0.80705
550 650 0.0905
551 552 -0.22975
551 561 0.58828
551 651 0.23288
552 553 -0.23812
552 562 -1.57545
552 652 -0.23453
553 554 -1.80068
553 563 1.55983
553 653 -0.14195
554 555 1.1581
554 564 0.0312
554 654 0.41279
555 556 0.52192
555 565 0.47497
555 655 -1.66291
556 557 0.40523
556 566 -0.66236
556 656 -0.18864
557 558 0.21819
557 567 1.20575
557 657 -0.84629
558 559 0.07249
558 568 -0.77362
558 658 -1.31639
559 569 -1.75189
559 659 -0.96952
560 561 1.80588
560 569 -1.69495
560 570 -0.21709
560 660 0.5256
561 562 0.41564
561 571 0.02238
561 661 -0.7951
562 563 -1.6336
562 572 -0.21149
562 662 0.67034
563 564 0.6816
563 573 -0.29967
563 663 -0.10498
564 565 -0.29306
564 574 -0.50348
564 664 1.13263
565 566 0.02329
565 575 0.55483
565 665 0.4081
566 567 -0.16933
566 576 -1.31294
566 666 -0.45921
567 568 0.32943
567 577 0.18842
567 667 -0.68404
568 569 -0.1584
568 578 1.30987
568 668 -1.62267
569 579 -1.93702
569 669 -0.76313
570 571 0.25882
570 579 -0.19275
570 580 1.11082
570 670 1.57627
571 572 -0.5614
571 581 1.71787
571 671 0.99882
572 573 -0.54114
572 582 2.0738
572 672 -0.8348
573 574 -1.67049
573 583 -0.50849
573 673 -0.3534
574 575 -0.4312
574 584 0.43438
574 674 0.62074
575 576 2.64687
575 585 -0.5153
575 675 -0.33396
576 577 1.52935
576 586 1.77399
576 676 0.19147
577 578 1.05539
577 587 -0.60494
577 677 -1.42773
578 579 0.50722
578 588 2.22335
578 678 1.00613
579 589 1.40645
579 679 -0.1276
580 581 -1.28207
580 589 -0.23008
580 590 0.17147
580 680 -0.12429
581 582 -0.41931
581 591 -2.18092
581 681 -0.32092
582 583 -0.74797
582 592 -0.65163
582 682 -0.4062
583 584 -0.63751
583 593 -0.71431
583 683 -0.24719
584 585 -0.48097
584 594 -1.83154
584 684 -0.86623
585 586 -0.85936
585 595 -0.63624
585 685 -1.36746
586 587 -0.92786
586 596 1.13749
586 686 0.28845
587 588 -1.47183
587 597 -0.7556
587 687 -0.15251
588 589 -0.11387
588 598 -1.16516
588 688 -0.96818
589 599 -0.27774
589 689 0.49252
590 591 -1.14517
590 599 -0.5131
590 690 -1.44103
591 592 0.40396
591 691 0.06021
592 593 -0.85123
592 692 -0.50198
593 594 -1.39004
593 693 2.6158
594 595 -0.9788
594 694 -1.35834
595 596 -0.10947
595 695 -1.32269
596 597 -1.96424
596 696 -0.26397
597 598 1.19284
597 697 0.81366
598 599 0.39763
598 698 -0.84947
599 699 -0.60856
600 601 0.05264
600 609 -0.14599
600 610 -0.92257
600 690 0.33654
600 700 -1.24604
601 602 0.10996
601 611 -0.35038
601 691 -0.4051
601 701 -2.23371
602 603 -0.59302
602 612 -0.65749
602 692 -1.57589
602 702 -0.78085
603 604 0.08305
603 613 -0.45885
603 693 -0.65906
603 703 0.24375
604 605 -0.39461
604 614 0.11199
604 694 -0.33644
604 704 1.117
605 606 1.01905
605 615 0.68743
605 695 0.18058
605 705 1.407
606 607 -1.2057
606 616 0.23218
606 696 -0.01671
606 706 -0.65703
607 608 2.07855
607 617 -1.21128
607 697 0.32497
607 707 -0.13601
608 609 0.17279
608 618 1.7702
608 698 -1.74827
608 708 0.32564
609 619 -1.25768
609 699 -0.36756
609 709 0.23602
610 611 -0.59877
610 619 -1.4599
610 620 -0.32592
610 710 0.38271
611 612 1.31001
611 621 1.57234
611 711 1.23533
612 613 2.3073
612 622 -1.05522
612 712 -1.49007
613 614 -0.11422
613 623 -1.58266
613 713 -0.4747
614 615 -1.19058
614 624 0.9401
614 714 0.09834
615 616 1.24324
615 625 0.59549
615 715 -1.09903
616 617 -0.44908
616 626 1.59026
616 716 -1.35695
617 618 0.39369
617 627 1.91728
617 717 -0.45074
618 619 -0.42143
618 628 -0.80909
618 718 -1.84137
619 629 0.03697
619 719 -1.01316
620 621 -1.01295
620 629 0.00056
620 630 -1.0549
620 720 -1.40921
621 622 -0.48982
621 631 0.44081
621 721 0.0299
622 623 -1.15021
622 632 -1.48367
622 722 -0.72355
623 624 0.31285
623 633 0.05579
623 723 -0.70295
624 625 -0.01318
624 634 -0.73384
624 724 0.42605
625 626 -1.82348
625 635 0.53922
625 725 -0.84338
626 627 -0.43206
626 636 -0.11698
626 726 1.56688
627 628 -0.64654
627 637 -0.07188
627 727 -0.27577
628 629 -0.10872
628 638 0.11898
628 728 0.65766
629 639 1.34547
629 729 -0.03514
630 631 -0.32223
630 639 0.57681
630 640 0.36451
630 730 -1.04779
631 632 0.25028
631 641 0.72601
631 731 0.74034
632 633 -1.14016
632 642 0.44486
632 732 -0.99245
633 634 -0.59326
633 643 -1.12057
633 733 -0.34727
634 635 0.94349
634 644 1.00298
634 734 0.36625
635 636 0.00031
635 645 -1.25901
635 735 0.0678
636 637 -0.42866
636 646 -2.45233
636 736 0.30072
637 638 0.39629
637 647 -0.0932
637 737 0.23476
638 639 0.85905
638 648 0.24647
638 738 0.10014
639 649 0.21715
639 739 0.85608
640 641 1.55254
640 649 -0.26944
640 650 1.16089
640 740 -0.19419
641 642 -0.21116
641 651 2.39652
641 741 -0.46877
642 643 0.65058
642 652 0.94724
642 742 0.65024
643 644 0.32634
643 653 0.36934
643 743 -0.97165
644 645 0.5558
644 654 -1.14211
644 744 -2.91686
645 646 0.51143
645 655 -0.49687
645 745 -0.88669
646 647 0.37457
646 656 -0.32823
646 746 0.88551
647 648 0.31351
647 657 0.75526
647 747 1.5771
648 649 0.29903
648 658 -1.20955
648 748 1.35755
649 659 -1.3156
649 749 0.50537
650 651 0.69739
650 659 1.5674
650 660 0.38576
650 750 0.40451
651 652 0.60647
651 661 -1.0506
651 751 -0.1267
652 653 -1.23465
652 662 -0.63442
652 752 0.5301
653 654 1.12417
653 663 0.60448
653 753 -1.38465
654 655 -0.05657
654 664 1.32976
654 754 -2.01491
655 656 -0.25703
655 665 -0.64175
655 755 1.51406
656 657 -0.41404
656 666 0.57222
656 756 -1.06062
657 658 0.36838
657 667 0.02469
657 757 -0.63837
658 659 -0.05267
658 668 1.10202
658 758 0.25247
659 669 0.91699
659 759 -1.15371
660 661 -1.96963
660 669 1.32893
660 670 0.50403
660 760 -0.63365
661 662 1.04573
661 671 -2.196
661 761 1.44031
662 663 0.50075
662 672 1.7617
662 762 -0.8086
663 664 -0.39995
663 673 1.08052
663 763 2.07416
664 665 -0.17734
664 674 1.62994
664 764 -0.31549
665 666 0.59293
665 675 -0.272
665 765 -0.24797
666 667 -0.51676
666 676 -0.55547
666 766 -0.29794
667 668 -0.10565
667 677 -0.58848
667 767 0.66055
668 669 -1.5778
668 678 -0.09082
668 768 0.32959
669 679 -1.00737
669 769 -1.11205
670 671 -1.20522
670 679 1.01323
670 680 0.50534
670 770 -1.22051
671 672 0.29015
671 681 1.85551
671 771 2.00256
672 673 0.05004
672 682 1.19857
672 772 0.43431
673 674 0.73591
673 683 1.71295
673 773 0.38708
674 675 3.03268
674 684 1.33921
674 774 0.48791
675 676 -0.80825
675 685 -0.29517
675 775 -1.51836
676 677 -1.99462
676 686 0.75566
676 776 0.1987
677 678 -0.13481
677 687 2.08779
677 777 -2.09659
678 679 -2.53981
678 688 -0.38542
678 778 0.32412
679 689 0.04915
679 779 0.66431
680 681 1.05883
680 689 -1.17377
680 690 0.6881
680 780 0.93478
681 682 0.44853
681 691 1.55847
681 781 -0.05246
682 683 -0.45112
682 692 -1.04145
682 782 0.84784
683 684 -0.21686
683 693 0.05663
683 783 -0.42942
684 685 -0.60346
684 694 1.12454
684 784 0.46379
685 686 0.87108
685 695 0.79677
685 785 0.67413
686 687 -1.98019
686 696 0.30051
686 786 0.31809
687 688 1.00073
687 697 -1.31795
687 787 -0.95456
688 689 0.73226
688 698 -0.46792
688 788 -1.26835
689 699 -0.72616
689 789 -1.89526
690 691 -0.91774
690 699 0.44434
690 790 -1.69378
691 692 1.62471
691 791 0.31984
692 693 -0.19848
692 792 -0.25646
693 694 -0.79874
693 793 0.87082
694 695 0.87185
694 794 0.5534
695 696 0.36288
695 795 0.6108
696 697 -0.49304
696 796 -1.73482
697 698 0.12222
697 797 0.678
698 699 -1.24589
698 798 -1.54735
699 799 0.62279
700 701 0.85676
700 709 0.4778
700 710 -0.93237
700 790 0.19537
700 800 0.67988
701 702 -0.0792
701 711 -1.28178
701 791 0.93141
701 801 -1.54591
702 703 1.14497
702 712 -0.58527
702 792 0.20577
702 802 0.13439
703 704 1.81714
703 713 -1.5923
703 793 -0.32564
703 803 -0.85007
704 705 -1.39668
704 714 0.12585
704 794 1.50987
704 804 -1.05705
705 706 1.13423
705 715 0.54303
705 795 -0.62806
705 805 -0.84245
706 707 0.64886
706 716 -0.89264
706 796 1.42336
706 806 -0.24008
707 708 -1.13418
707 717 0.73186
707 797 0.29461
707 807 -0.46331
708 709 0.24094
708 718 0.70359
708 798 -1.9266
708 808 1.15079
709 719 2.00104
709 799 0.83274
709 809 -0.18194
710 711 -1.44983
710 719 -0.85585
710 720 1.06747
710 810 0.83825
711 712 -0.00742
711 721 -0.53829
711 811 0.10767
712 713 -0.32472
712 722 -0.26267
712 812 0.50122
713 714 -2.02737
713 723 0.50363
713 813 -0.7506
714 715 -0.46559
714 724 1.37502
714 814 -0.38887
715 716 1.03866
715 725 -1.10266
715 815 -0.64727
716 717 -1.4607
716 726 -1.11975
716 816 0.95118
717 718 -1.21911
717 727 -0.35114
717 817 0.51891
718 719 -0.57172
718 728 1.83321
718 818 -0.0969
719 729 -0.35005
719 819 1.90635
720 721 0.31216
720 729 0.24408
720 730 -0.54013
720 820 -1.42023
721 722 0.53432
721 731 0.14627
721 821 -1.74256
722 723 0.50243
722 732 -0.96383
722 822 -1.15374
723 724 1.52949
723 733 1.75087
723 823 -0.49653
724 725 0.93678
724 734 1.66985
724 824 -0.6328
725 726 -0.99867
725 735 -0.18992
725 825 1.05402
726 727 -0.17636
726 736 0.05484
726 826 -0.06161
727 728 2.27632
727 737 0.26755
727 827 1.0922
728 729 -0.30267
728 738 -0.51518
728 828 -0.77263
729 739 0.53946
729 829 0.09752
730 731 0.29416
730 739 0.96631
730 740 0.03453
730 830 0.06119
731 732 -0.3712
731 741 -1.06101
731 831 1.64327
732 733 0.36069
732 742 0.80925
732 832 0.1613
733 734 -0.95134
733 743 -0.65871
733 833 -0.26528
734 735 -1.30031
734 744 -1.76929
734 834 -0.32596
735 736 -0.6268
735 745 -0.93027
735 835 0.30238
736 737 -2.87311
736 746 -1.35944
736 836 -0.75145
737 738 1.01779
737 747 -1.01493
737 837 0.25596
738 739 -0.16998
738 748 2.2041
738 838 -0.17104
739 749 0.08165
739 839 -0.59807
740 741 -0.16112
740 749 0.20064
740 750 1.41481
740 840 -0.59279
741 742 0.28471
741 751 -1.01642
741 841 -1.76407
742 743 -0.20127
742 752 -1.11741
742 842 0.73158
743 744 -0.58768
743 753 1.05595
743 843 0.29466
744 745 0.05195
744 754 -1.78003
744 844 -1.71333
745 746 -0.27018
745 755 -0.10053
745 845 0.93761
746 747 2.13168
746 756 0.38092
746 846 0.77129
747 748 -0.6265
747 757 0.87821
747 847 -1.75984
748 749 0.89785
748 758 0.23782
748 848 0.73129
749 759 0.84611
749 849 -0.79167
750 751 1.07318
750 759 1.44207
750 760 -0.38764
750 850 -0.24548
751 752 0.47919
751 761 -1.94001
751 851 -1.50651
752 753 0.68038
752 762 1.84197
752 852 -0.63311
753 754 1.29204
753 763 -0.42615
753 853 0.77626
754 755 0.15162
754 764 -0.17826
754 854 0.74349
755 756 -1.37759
755 765 -0.46543
755 855 -2.01159
756 757 -0.30503
756 766 -0.06552
756 856 -0.26568
757 758 2.51134
757 767 -0.94094
757 857 -1.26525
758 759 -0.18905
758 768 -0.20663
758 858 -1.02494
759 769 0.90252
759 859 -0.73004
760 761 0.16909
760 769 0.67387
760 770 -2.35945
760 860 -0.196
761 762 2.8786
761 771 -0.13251
761 861 -0.55184
762 763 1.09354
762 772 0.10488
762 862 -0.43085
763 764 -0.34899
763 773 -0.92044
763 863 1.49509
764 765 0.03988
764 774 1.34205
764 864 -0.30977
765 766 -0.10071
765 775 0.83615
765 865 -1.11446
766 767 -0.76233
766 776 -1.04467
766 866 -0.17454
767 768 0.75863
767 777 -0.00916
767 867 1.26986
768 769 -1.21099
768 778 -0.81651
768 868 -0.47873
769 779 0.74533
769 869 0.29863
770 771 0.96725
770 779 0.65382
770 780 -1.51201
770 870 0.04582
771 772 1.05936
771 781 -0.76215
771 871 0.43712
772 773 1.10748
772 782 -1.22134
772 872 -2.11764
773 774 -1.08328
773 783 0.76956
773 873 0.16188
774 775 1.23065
774 784 -1.07908
774 874 0.80967
775 776 -0.13518
775 785 -0.39484
775 875 -0.52869
776 777 -0.11875
776 786 -0.988
776 876 -0.21509
777 778 1.23401
777 787 -0.69407
777 877 -1.34832
778 779 0.13994
778 788 0.06063
778 878 1.53626
779 789 0.4377
779 879 -0.53871
780 781 1.35351
780 789 1.39897
780 790 -0.65227
780 880 -0.67268
781 782 0.68901
781 791 -0.2848
781 881 0.38362
782 783 -1.70694
782 792 -0.95051
782 882 0.48646
783 784 1.81653
783 793 -0.49835
783 883 1.00065
784 785 -0.05509
784 794 -0.50105
784 884 -0.12904
785 786 -1.3965
785 795 -1.82137
785 885 0.27125
786 787 0.35982
786 796 2.46871
786 886 0.30628
787 788 -1.00907
787 797 -0.96162
787 887 -0.15899
788 789 -0.98065
788 798 -1.3743
788 888 0.23309
789 799 1.42114
789 889 0.12925
790 791 0.50242
790 799 0.38697
790 890 -1.3941
791 792 0.69717
791 891 -0.12257
792 793 0.42214
792 892 0.63728
793 794 -0.59778
793 893 2.29035
794 795 -0.99459
794 894 0.14095
795 796 -0.7958
795 895 1.21976
796 797 1.94543
796 896 1.73305
797 798 0.99412
797 897 -0.17483
798 799 0.73734
798 898 1.08621
799 899 -0.87937
800 801 -0.32329
800 809 0.63683
800 810 -2.20634
800 890 0.11344
800 900 -1.35058
801 802 1.76471
801 811 0.72026
801 891 0.61575
801 901 -0.48485
802 803 0.93861
802 812 -0.36871
802 892 -0.62243
802 902 -0.10878
803 804 -0.22233
803 813 -0.64863
803 893 2.17635
803 903 2.03575
804 805 2.19786
804 814 -2.02598
804 894 -1.15008
804 904 2.14481
805 806 1.35693
805 815 1.36061
805 895 -1.11646
805 905 1.22331
806 807 -1.02542
806 816 0.38669
806 896 1.24994
806 906 1.08489
807 808 -0.07465
807 817 0.24457
807 897 0.75455
807 907 -0.20634
808 809 -0.9526
808 818 1.2465
808 898 -0.75518
808 908 -0.93618
809 819 -0.12209
809 899 -0.0314
809 909 0.142
810 811 -0.86613
810 819 -0.22487
810 820 0.58554
810 910 0.79778
811 812 0.52034
811 821 -1.16524
811 911 0.11125
812 813 0.6265
812 822 1.45269
812 912 -1.88982
813 814 -0.16708
813 823 1.08415
813 913 1.46466
814 815 -0.80501
814 824 -1.09399
814 914 -0.11267
815 816 -0.65189
815 825 -0.66271
815 915 -0.35537
816 817 0.44381
816 826 1.25459
816 916 0.15286
817 818 1.69475
817 827 0.32192
817 917 0.19583
818 819 0.62489
818 828 0.4416
818 918 -0.69129
819 829 -0.18846
819 919 0.55941
820 821 0.28959
820 829 2.22042
820 830 -1.38505
820 920 -2.98341
821 822 -1.59261
821 831 0.78335
821 921 -1.4572
822 823 0.1637
822 832 0.08296
822 922 -0.12674
823 824 1.13279
823 833 0.61927
823 923 -0.92133
824 825 0.34997
824 834 1.6845
824 924 -0.29393
825 826 0.44517
825 835 0.73039
825 925 0.93168
826 827 -1.26941
826 836 1.97886
826 926 0.94063
827 828 0.51946
827 837 1.61226
827 927 0.75869
828 829 0.32882
828 838 -0.8779
828 928 1.7101
829 839 0.43116
829 929 0.67913
830 831 -0.69348
830 839 1.05494
830 840 0.21725
830 930 0.18365
831 832 -0.05348
831 841 -0.27564
831 931 -1.12483
832 833 -0.02486
832 842 1.14759
832 932 -0.69439
833 834 1.10271
833 843 0.03083
833 933 -0.96585
834 835 1.16567
834 844 1.05001
834 934 0.41553
835 836 -0.33646
835 845 1.52357
835 935 -1.11805
836 837 1.61649
836 846 -0.01311
836 936 0.47666
837 838 1.37449
837 847 -0.27332
837 937 0.49743
838 839 0.81883
838 848 -0.23126
838 938 0.76081
839 849 0.61205
839 939 0.85217
840 841 -0.74717
840 849 1.38353
840 850 0.53286
840 940 0.68787
841 842 0.00737
841 851 0.73672
841 941 0.5317
842 843 0.34927
842 852 1.16515
842 942 -0.21577
843 844 -0.88661
843 853 0.98347
843 943 0.08095
844 845 1.02401
844 854 0.56348
844 944 0.00411
845 846 -0.26261
845 855 0.05818
845 945 -0.14355
846 847 -1.82246
846 856 0.28448
846 946 0.42125
847 848 0.46603
847 857 0.7856
847 947 0.52708
848 849 1.94292
848 858 1.00988
848 948 0.12006
849 859 0.72918
849 949 -1.82461
850 851 -1.04389
850 859 -1.19824
850 860 0.45782
850 950 0.93413
851 852 0.75219
851 861 2.28252
851 951 -0.10344
852 853 0.61813
852 862 2.25535
852 952 -0.09533
853 854 -0.73321
853 863 -0.11505
853 953 0.19695
854 855 1.44688
854 864 -0.74357
854 954 0.6928
855 856 -0.1658
855 865 -1.30827
855 955 1.24054
856 857 0.81805
856 866 -0.98414
856 956 -0.37943
857 858 -0.90462
857 867 -2.10946
857 957 -0.59645
858 859 -0.60668
858 868 -0.15395
858 958 0.0457
859 869 0.23379
859 959 -1.62237
860 861 0.37369
860 869 -0.49568
860 870 -0.24289
860 960 0.47175
861 862 -1.4013
861 871 -0.05833
861 961 -1.83453
862 863 -0.39199
862 872 -0.45448
862 962 0.03919
863 864 0.34293
863 873 0.58296
863 963 -1.92739
864 865 -1.16896
864 874 0.31069
864 964 0.33236
865 866 0.58294
865 875 -0.08773
865 965 0.50149
866 867 -0.84334
866 876 0.70528
866 966 -1.30832
867 868 -0.55882
867 877 -0.32582
867 967 1.24206
868 869 0.99456
868 878 -0.90751
868 968 1.1745
869 879 -0.40831
869 969 1.44361
870 871 0.78526
870 879 0.55778
870 880 1.55407
870 970 0.77047
871 872 1.34218
871 881 0.69058
871 971 -0.36243
872 873 -1.32965
872 882 -1.70523
872 972 0.90289
873 874 0.50252
873 883 -0.78124
873 973 1.07221
874 875 0.25308
874 884 1.63285
874 974 -0.05702
875 876 -0.06597
875 885 1.37286
875 975 0.14038
876 877 -0.78004
876 886 -0.97942
876 976 -0.05746
877 878 0.55467
877 887 1.58892
877 977 0.83196
878 879 0.41994
878 888 0.79388
878 978 0.34394
879 889 -0.58412
879 979 0.93794
880 881 -1.97815
880 889 -1.91981
880 890 -1.49293
880 980 0.08393
881 882 0.42856
881 891 0.2575
881 981 0.13496
882 883 1.37466
882 892 -0.03948
882 982 0.15075
883 884 0.35551
883 893 -0.20022
883 983 1.26029
884 885 -1.55733
884 894 -0.54168
884 984 0.00764
885 886 -0.66459
885 895 1.38143
885 985 -1.11348
886 887 0.03249
886 896 0.07374
886 986 -0.70695
887 888 0.07689
887 897 1.03616
887 987 -0.25089
888 889 1.41778
888 898 0.00483
888 988 -0.60442
889 899 -0.66279
889 989 -0.74547
890 891 0.18828
890 899 -0.55406
890 990 -2.03434
891 892 0.82235
891 991 -1.79219
892 893 2.70138
892 992 0.99111
893 894 -0.11896
893 993 -0.11839
894 895 1.53506
894 994 1.61813
895 896 -1.54028
895 995 1.101
896 897 0.06252
896 996 0.56721
897 898 1.11799
897 997 -1.2983
898 899 -1.30514
898 998 -1.47015
899 999 0.15362
900 901 0.45791
900 909 -1.08778
900 910 0.25424
900 990 -0.9388
901 902 -0.11915
901 911 0.17979
901 991 0.45597
902 903 0.76093
902 912 -0.40114
902 992 -1.41533
903 904 0.20894
903 913 -0.23144
903 993 0.47032
904 905 0.80659
904 914 -0.71905
904 994 1.49153
905 906 0.18063
905 915 0.22436
905 995 -2.32924
906 907 1.69241
906 916 2.22344
906 996 0.48436
907 908 0.27288
907 917 -0.43481
907 997 -0.09024
908 909 -0.96175
908 918 0.74501
908 998 -0.07664
909 919 0.70153
909 999 0.98349
910 911 2.00063
910 919 -0.35702
910 920 0.1555
911 912 -0.15668
911 921 0.5332
912 913 1.44141
912 922 0.61017
913 914 -0.10337
913 923 -0.31702
914 915 -1.03387
914 924 0.55896
915 916 1.89109
915 925 0.70416
916 917 1.83538
916 926 -0.2509
917 918 -1.54846
917 927 0.60258
918 919 0.8219
918 928 1.02195
919 929 1.22344
920 921 0.45121
920 929 1.48171
920 930 -0.03391
921 922 -0.73743
921 931 -0.45498
922 923 -1.49932
922 932 0.60745
923 924 0.75841
923 933 -1.38045
924 925 1.34992
924 934 0.40251
925 926 -0.10241
925 935 0.38801
926 927 -0.0666
926 936 -1.12045
927 928 0.00553
927 937 -0.27193
928 929 -1.16643
928 938 0.16202
929 939 -1.92333
930 931 -1.35244
930 939 -1.83461
930 940 1.42349
931 932 0.48835
931 941 1.00481
932 933 -2.50619
932 942 0.76487
933 934 -1.19988
933 943 -0.36013
934 935 -1.10742
934 944 -0.16074
935 936 -0.3489
935 945 -1.35706
936 937 -0.44372
936 946 1.40832
937 938 -0.19994
937 947 0.57273
938 939 1.56185
938 948 -0.08766
939 949 -0.77802
940 941 0.94463
940 949 1.06449
940 950 -0.51829
941 942 -1.51849
941 951 0.23367
942 943 -0.41663
942 952 1.04815
943 944 1.98252
943 953 1.76157
944 945 0.23711
944 954 -2.0047
945 946 0.17662
945 955 -1.27243
946 947 0.27301
946 956 0.43851
947 948 0.22484
947 957 -0.46781
948 949 0.32756
948 958 1.20351
949 959 -0.05473
950 951 -0.58166
950 959 0.7136
950 960 -1.6066
951 952 1.17871
951 961 1.86741
952 953 0.67209
952 962 1.48354
953 954 0.06151
953 963 -0.13796
954 955 1.29015
954 964 -1.50791
955 956 1.21147
955 965 1.03021
956 957 2.38495
956 966 -1.74668
957 958 -0.98043
957 967 0.36326
958 959 1.89625
958 968 -0.86952
959 969 1.19975
960 961 -0.26649
960 969 -1.69101
960 970 -0.8242
961 962 0.85501
961 971 -0.46829
962 963 0.48933
962 972 0.61783
963 964 -0.13471
963 973 -2.1257
964 965 -2.52904
964 974 1.14239
965 966 -0.13979
965 975 0.26889
966 967 -0.67439
966 976 0.3883
967 968 0.04579
967 977 -1.6442
968 969 2.3849
968 978 -1.70836
969 979 0.06499
970 971 0.92825
970 979 -1.90945
970 980 0.67597
971 972 0.86362
971 981 0.95562
972 973 -0.64437
972 982 0.07356
973 974 0.26366
973 983 -0.51596
974 975 -0.43177
974 984 -0.77224
975 976 0.31467
975 985 0.77974
976 977 1.28936
976 986 -1.40707
977 978 1.03647
977 987 -0.40212
978 979 0.57775
978 988 -0.77747
979 989 -0.17994
980 981 0.1291
980 989 1.50622
980 990 -0.1834
981 982 1.54945
981 991 1.55531
982 983 -0.16314
982 992 -0.5964
983 984 -0.84925
983 993 0.96883
984 985 0.61042
984 994 0.79141
985 986 0.44916
985 995 2.13649
986 987 -0.47473
986 996 -0.40431
987 988 0.80437
987 997 -0.8083
988 989 0.58471
988 998 1.60794
989 999 -1.0409
990 991 1.19029
990 999 0.1677
991 992 -0.29124
992 993 -1.5336
993 994 0.15708
994 995 0.78983
995 996 0.46278
996 997 -1.32226
997 998 0.79843
998 999 0.57251
