# model=ea3d N=1000 meanJ=0 seed=787830540 distribution=gaussian field=0 num_fields=1000 num_couplings=3000
0 0
1 0
2 0
3 0
4 0
5 0
6 0
7 0
8 0
9 0
10 0
11 0
12 0
13 0
14 0
15 0
16 0
17 0
18 0
19 0
20 0
21 0
22 0
23 0
24 0
25 0
26 0
27 0
28 0
29 0
30 0
31 0
32 0
33 0
34 0
35 0
36 0
37 0
38 0
39 0
40 0
41 0
42 0
43 0
44 0
45 0
46 0
47 0
48 0
49 0
50 0
51 0
52 0
53 0
54 0
55 0
56 0
57 0
58 0
59 0
60 0
61 0
62 0
63 0
64 0
65 0
66 0
67 0
68 0
69 0
70 0
71 0
72 0
73 0
74 0
75 0
76 0
77 0
78 0
79 0
80 0
81 0
82 0
83 0
84 0
85 0
86 0
87 0
88 0
89 0
90 0
91 0
92 0
93 0
94 0
95 0
96 0
97 0
98 0
99 0
100 0
101 0
102 0
103 0
104 0
105 0
106 0
107 0
108 0
109 0
110 0
111 0
112 0
113 0
114 0
115 0
116 0
117 0
118 0
119 0
120 0
121 0
122 0
123 0
124 0
125 0
126 0
127 0
128 0
129 0
130 0
131 0
132 0
133 0
134 0
135 0
136 0
137 0
138 0
139 0
140 0
141 0
142 0
143 0
144 0
145 0
146 0
147 0
148 0
149 0
150 0
151 0
152 0
153 0
154 0
155 0
156 0
157 0
158 0
159 0
160 0
161 0
162 0
163 0
164 0
165 0
166 0
167 0
168 0
169 0
170 0
171 0
172 0
173 0
174 0
175 0
176 0
177 0
178 0
179 0
180 0
181 0
182 0
183 0
184 0
185 0
186 0
187 0
188 0
189 0
190 0
191 0
192 0
193 0
194 0
195 0
196 0
197 0
198 0
199 0
200 0
201 0
202 0
203 0
204 0
205 0
206 0
207 0
208 0
209 0
210 0
211 0
212 0
213 0
214 0
215 0
216 0
217 0
218 0
219 0
220 0
221 0
222 0
223 0
224 0
225 0
226 0
227 0
228 0
229 0
230 0
231 0
232 0
233 0
234 0
235 0
236 0
237 0
238 0
239 0
240 0
241 0
242 0
243 0
244 0
245 0
246 0
247 0
248 0
249 0
250 0
251 0
252 0
253 0
254 0
255 0
256 0
257 0
258 0
259 0
260 0
261 0
262 0
263 0
264 0
265 0
266 0
267 0
268 0
269 0
270 0
271 0
272 0
273 0
274 0
275 0
276 0
277 0
278 0
279 0
280 0
281 0
282 0
283 0
284 0
285 0
286 0
287 0
288 0
289 0
290 0
291 0
292 0
293 0
294 0
295 0
296 0
297 0
298 0
299 0
300 0
301 0
302 0
303 0
304 0
305 0
306 0
307 0
308 0
309 0
310 0
311 0
312 0
313 0
314 0
315 0
316 0
317 0
318 0
319 0
320 0
321 0
322 0
323 0
324 0
325 0
326 0
327 0
328 0
329 0
330 0
331 0
332 0
333 0
334 0
335 0
336 0
337 0
338 0
339 0
340 0
341 0
342 0
343 0
344 0
345 0
346 0
347 0
348 0
349 0
350 0
351 0
352 0
353 0
354 0
355 0
356 0
357 0
358 0
359 0
360 0
361 0
362 0
363 0
364 0
365 0
366 0
367 0
368 0
369 0
370 0
371 0
372 0
373 0
374 0
375 0
376 0
377 0
378 0
379 0
380 0
381 0
382 0
383 0
384 0
385 0
386 0
387 0
388 0
389 0
390 0
391 0
392 0
393 0
394 0
395 0
396 0
397 0
398 0
399 0
400 0
401 0
402 0
403 0
404 0
405 0
406 0
407 0
408 0
409 0
410 0
411 0
412 0
413 0
414 0
415 0
416 0
417 0
418 0
419 0
420 0
421 0
422 0
423 0
424 0
425 0
426 0
427 0
428 0
429 0
430 0
431 0
432 0
433 0
434 0
435 0
436 0
437 0
438 0
439 0
440 0
441 0
442 0
443 0
444 0
445 0
446 0
447 0
448 0
449 0
450 0
451 0
452 0
453 0
454 0
455 0
456 0
457 0
458 0
459 0
460 0
461 0
462 0
463 0
464 0
465 0
466 0
467 0
468 0
469 0
470 0
471 0
472 0
473 0
474 0
475 0
476 0
477 0
478 0
479 0
480 0
481 0
482 0
483 0
484 0
485 0
486 0
487 0
488 0
489 0
490 0
491 0
492 0
493 0
494 0
495 0
496 0
497 0
498 0
499 0
500 0
501 0
502 0
503 0
504 0
505 0
506 0
507 0
508 0
509 0
510 0
511 0
512 0
513 0
514 0
515 0
516 0
517 0
518 0
519 0
520 0
521 0
522 0
523 0
524 0
525 0
526 0
527 0
528 0
529 0
530 0
531 0
532 0
533 0
534 0
535 0
536 0
537 0
538 0
539 0
540 0
541 0
542 0
543 0
544 0
545 0
546 0
547 0
548 0
549 0
550 0
551 0
552 0
553 0
554 0
555 0
556 0
557 0
558 0
559 0
560 0
561 0
562 0
563 0
564 0
565 0
566 0
567 0
568 0
569 0
570 0
571 0
572 0
573 0
574 0
575 0
576 0
577 0
578 0
579 0
580 0
581 0
582 0
583 0
584 0
585 0
586 0
587 0
588 0
589 0
590 0
591 0
592 0
593 0
594 0
595 0
596 0
597 0
598 0
599 0
600 0
601 0
602 0
603 0
604 0
605 0
606 0
607 0
608 0
609 0
610 0
611 0
612 0
613 0
614 0
615 0
616 0
617 0
618 0
619 0
620 0
621 0
622 0
623 0
624 0
625 0
626 0
627 0
628 0
629 0
630 0
631 0
632 0
633 0
634 0
635 0
636 0
637 0
638 0
639 0
640 0
641 0
642 0
643 0
644 0
645 0
646 0
647 0
648 0
649 0
650 0
651 0
652 0
653 0
654 0
655 0
656 0
657 0
658 0
659 0
660 0
661 0
662 0
663 0
664 0
665 0
666 0
667 0
668 0
669 0
670 0
671 0
672 0
673 0
674 0
675 0
676 0
677 0
678 0
679 0
680 0
681 0
682 0
683 0
684 0
685 0
686 0
687 0
688 0
689 0
690 0
691 0
692 0
693 0
694 0
695 0
696 0
697 0
698 0
699 0
700 0
701 0
702 0
703 0
704 0
705 0
706 0
707 0
708 0
709 0
710 0
711 0
712 0
713 0
714 0
715 0
716 0
717 0
718 0
719 0
720 0
721 0
722 0
723 0
724 0
725 0
726 0
727 0
728 0
729 0
730 0
731 0
732 0
733 0
734 0
735 0
736 0
737 0
738 0
739 0
740 0
741 0
742 0
743 0
744 0
745 0
746 0
747 0
748 0
749 0
750 0
751 0
752 0
753 0
754 0
755 0
756 0
757 0
758 0
759 0
760 0
761 0
762 0
763 0
764 0
765 0
766 0
767 0
768 0
769 0
770 0
771 0
772 0
773 0
774 0
775 0
776 0
777 0
778 0
779 0
780 0
781 0
782 0
783 0
784 0
785 0
786 0
787 0
788 0
789 0
790 0
791 0
792 0
793 0
794 0
795 0
796 0
797 0
798 0
799 0
800 0
801 0
802 0
803 0
804 0
805 0
806 0
807 0
808 0
809 0
810 0
811 0
812 0
813 0
814 0
815 0
816 0
817 0
818 0
819 0
820 0
821 0
822 0
823 0
824 0
825 0
826 0
827 0
828 0
829 0
830 0
831 0
832 0
833 0
834 0
835 0
836 0
837 0
838 0
839 0
840 0
841 0
842 0
843 0
844 0
845 0
846 0
847 0
848 0
849 0
850 0
851 0
852 0
853 0
854 0
855 0
856 0
857 0
858 0
859 0
860 0
861 0
862 0
863 0
864 0
865 0
866 0
867 0
868 0
869 0
870 0
871 0
872 0
873 0
874 0
875 0
876 0
877 0
878 0
879 0
880 0
881 0
882 0
883 0
884 0
885 0
886 0
887 0
888 0
889 0
890 0
891 0
892 0
893 0
894 0
895 0
896 0
897 0
898 0
899 0
900 0
901 0
902 0
903 0
904 0
905 0
906 0
907 0
908 0
909 0
910 0
911 0
912 0
913 0
914 0
915 0
916 0
917 0
918 0
919 0
920 0
921 0
922 0
923 0
924 0
925 0
926 0
927 0
928 0
929 0
930 0
931 0
932 0
933 0
934 0
935 0
936 0
937 0
938 0
939 0
940 0
941 0
942 0
943 0
944 0
945 0
946 0
947 0
948 0
949 0
950 0
951 0
952 0
953 0
954 0
955 0
956 0
957 0
958 0
959 0
960 0
961 0
962 0
963 0
964 0
965 0
966 0
967 0
968 0
969 0
970 0
971 0
972 0
973 0
974 0
975 0
976 0
977 0
978 0
979 0
980 0
981 0
982 0
983 0
984 0
985 0
986 0
987 0
988 0
989 0
990 0
991 0
992 0
993 0
994 0
995 0
996 0
997 0
998 0
999 0
0 1 0.34383
0 9 0.3043
0 10 -1.08069
0 90 1.30492
0 100 0.08206
0 900 -0.5299
1 2 -1.08109
1 11 2.33634
1 91 -1.69224
1 101 0.41752
1 901 0.78405
2 3 -0.37873
2 12 1.16421
2 92 -0.98279
2 102 1.65857
2 902 -1.01404
3 4 -1.59461
3 13 0.43806
3 93 -0.89742
3 103 -0.1595
3 903 -0.68469
4 5 -0.78031
4 14 1.44898
4 94 -0.53356
4 104 -0.79048
4 904 1.32718
5 6 -0.91841
5 15 -0.64774
5 95 -0.19668
5 105 -0.89296
5 905 0.48995
6 7 -1.14196
6 16 0.5437
6 96 0.24727
6 106 -0.82349
6 906 0.00865
7 8 0.29318
7 17 -1.22529
7 97 -0.19141
7 107 0.06904
7 907 0.32662
8 9 -1.15904
8 18 -0.48949
8 98 0.96507
8 108 -0.66889
8 908 -0.3195
9 19 0.92894
9 99 -0.51825
9 109 1.13219
9 909 -0.38586
10 11 1.74392
10 19 0.41177
10 20 -1.30086
10 110 -0.2447
10 910 0.49555
11 12 -0.90505
11 21 -1.46509
11 111 0.62043
11 911 -0.60209
12 13 0.27871
12 22 0.16933
12 112 0.68403
12 912 -0.72174
13 14 -0.65129
13 23 0.90426
13 113 -0.35894
13 913 -1.21536
14 15 -0.2519
14 24 -0.04062
14 114 1.32863
14 914 0.75999
15 16 -1.2263
15 25 -0.79858
15 115 0.00156
15 915 -0.28629
16 17 -0.89041
16 26 0.66478
16 116 0.77647
16 916 -0.14931
17 18 0.5717
17 27 -0.40106
17 117 -0.24864
17 917 -1.06287
18 19 0.33178
18 28 0.67618
18 118 -0.46279
18 918 -0.57279
19 29 1.47935
19 119 -1.92024
19 919 -0.27887
20 21 -0.59115
20 29 0.31052
20 30 2.4626
20 120 -1.02219
20 920 -0.27193
21 22 -1.82738
21 31 -0.04204
21 121 1.52567
21 921 0.71916
22 23 -1.28092
22 32 0.71622
22 122 1.46451
22 922 0.79263
23 24 0.07277
23 33 0.06369
23 123 -0.64222
23 923 0.29718
24 25 2.19455
24 34 -0.92569
24 124 -0.70133
24 924 -0.18869
25 26 0.17037
25 35 1.04021
25 125 -1.23143
25 925 0.98846
26 27 -0.97459
26 36 -1.40343
26 126 -0.90502
26 926 0.71452
27 28 -0.32785
27 37 -1.0155
27 127 -0.42665
27 927 -0.455
28 29 0.74455
28 38 -0.96709
28 128 -0.26636
28 928 -1.46502
29 39 -2.01995
29 129 -0.23022
29 929 0.3273
30 31 -1.38495
30 39 -1.63708
30 40 0.29939
30 130 -1.65966
30 930 1.23622
31 32 0.49254
31 41 -1.27797
31 131 -0.75727
31 931 -0.12892
32 33 0.01898
32 42 -0.59635
32 132 0.55013
32 932 -1.55011
33 34 -1.21882
33 43 0.35951
33 133 0.10714
33 933 0.12942
34 35 1.52414
34 44 1.07777
34 134 -0.00585
34 934 1.08069
35 36 -0.38365
35 45 0.53848
35 135 0.49917
35 935 0.63171
36 37 0.33856
36 46 -0.79488
36 136 -0.30377
36 936 1.13554
37 38 1.33576
37 47 -0.8773
37 137 -0.02634
37 937 0.75444
38 39 0.01832
38 48 -0.69551
38 138 2.44692
38 938 -0.07796
39 49 0.5272
39 139 -0.35181
39 939 0.65554
40 41 -0.98634
40 49 -0.39537
40 50 0.48246
40 140 0.55239
40 940 -0.5411
41 42 0.33464
41 51 -1.19766
41 141 -0.29019
41 941 0.8322
42 43 -0.2743
42 52 -0.76661
42 142 -0.47898
42 942 -0.95925
43 44 0.41016
43 53 -0.33992
43 143 -1.37403
43 943 -0.82608
44 45 -0.69968
44 54 -0.63664
44 144 0.60619
44 944 0.04189
45 46 -0.81205
45 55 -0.91745
45 145 1.69639
45 945 0.67426
46 47 -1.17388
46 56 0.08891
46 146 0.10023
46 946 -0.00087
47 48 -1.29263
47 57 0.67154
47 147 0.51863
47 947 1.45047
48 49 -0.00604
48 58 -0.20764
48 148 -0.39857
48 948 0.16319
49 59 0.54246
49 149 1.95962
49 949 0.96736
50 51 0.16035
50 59 -0.21584
50 60 -0.37071
50 150 1.59329
50 950 -0.85056
51 52 -1.97886
51 61 1.10005
51 151 1.08558
51 951 -0.37476
52 53 -0.06409
52 62 0.76002
52 152 -1.08055
52 952 -0.7998
53 54 1.02475
53 63 -1.37619
53 153 -0.25801
53 953 0.16181
54 55 0.71939
54 64 1.0236
54 154 -1.55206
54 954 -0.082
55 56 0.21229
55 65 0.54987
55 155 0.40252
55 955 0.9646
56 57 -0.86557
56 66 0.15551
56 156 -1.52865
56 956 0.93351
57 58 0.21503
57 67 0.76928
57 157 -1.80693
57 957 0.57069
58 59 -0.95931
58 68 1.13486
58 158 0.41738
58 958 -0.27286
59 69 0.98291
59 159 -0.01775
59 959 -2.38703
60 61 1.94292
60 69 0.34559
60 70 -0.13888
60 160 -0.37486
60 960 0.4872
61 62 -1.69723
61 71 -0.20402
61 161 1.16027
61 961 0.20858
62 63 1.45247
62 72 0.00259
62 162 0.51926
62 962 0.39318
63 64 0.20035
63 73 0.14872
63 163 0.35012
63 963 1.14766
64 65 0.63386
64 74 -0.81389
64 164 -1.7712
64 964 -1.80506
65 66 0.30587
65 75 0.88192
65 165 -1.03043
65 965 -1.11704
66 67 0.84391
66 76 0.00103
66 166 -0.28752
66 966 0.68984
67 68 -0.85059
67 77 0.35532
67 167 -0.90618
67 967 -0.11663
68 69 -0.29561
68 78 -0.35066
68 168 -0.30454
68 968 0.63042
69 79 -0.34405
69 169 1.79184
69 969 0.56754
70 71 -1.179
70 79 -0.2518
70 80 0.50039
70 170 -0.46594
70 970 0.15564
71 72 0.63867
71 81 0.31732
71 171 0.02953
71 971 -2.20759
72 73 0.37266
72 82 -1.48178
72 172 -0.03639
72 972 0.3325
73 74 -1.41428
73 83 -0.43424
73 173 -0.46934
73 973 -0.9384
74 75 0.32004
74 84 -1.57136
74 174 -1.17163
74 974 0.55839
75 76 0.27943
75 85 1.26093
75 175 -0.10472
75 975 -0.34715
76 77 -2.23009
76 86 -0.56599
76 176 -1.78975
76 976 -1.0309
77 78 -0.83687
77 87 -1.17379
77 177 -0.71223
77 977 -0.63244
78 79 1.05928
78 88 -0.58915
78 178 0.92674
78 978 1.63737
79 89 -1.44482
79 179 0.04388
79 979 -0.07404
80 81 -0.50741
80 89 -0.324
80 90 -0.4802
80 180 0.72209
80 980 -0.033
81 82 0.25122
81 91 -0.64854
81 181 1.41014
81 981 -1.29149
82 83 -0.20349
82 92 0.83395
82 182 -1.68419
82 982 -0.81972
83 84 -0.20329
83 93 1.04957
83 183 0.70349
83 983 0.93471
84 85 -1.04957
84 94 -0.18064
84 184 0.00601
84 984 1.63632
85 86 1.23887
85 95 -0.14927
85 185 1.15316
85 985 -1.12971
86 87 1.37651
86 96 -0.58422
86 186 -2.41628
86 986 -0.56602
87 88 2.31937
87 97 0.48222
87 187 -0.87205
87 987 -1.30024
88 89 0.68642
88 98 -0.21606
88 188 1.40431
88 988 0.32725
89 99 -0.47774
89 189 -0.47965
89 989 0.82462
90 91 -0.63908
90 99 -1.55746
90 190 0.04504
90 990 1.53627
91 92 0.78701
91 191 0.0276
91 991 0.01612
92 93 -1.27255
92 192 1.05278
92 992 -0.2999
93 94 -1.2904
93 193 1.73551
93 993 -0.12767
94 95 -1.69209
94 194 -0.14543
94 994 -0.8532
95 96 -0.5527
95 195 2.01364
95 995 0.57124
96 97 0.25034
96 196 0.71907
96 996 0.40756
97 98 0.22359
97 197 3.28984
97 997 0.1759
98 99 0.93169
98 198 -0.74527
98 998 -1.2664
99 199 -1.87234
99 999 0.85642
100 101 -0.58541
100 109 0.83996
100 110 -0.90265
100 190 1.1887
100 200 1.89506
101 102 -0.2042
101 111 0.43293
101 191 0.83508
101 201 0.78436
102 103 -1.43902
102 112 -0.08301
102 192 -1.27988
102 202 0.03397
103 104 -0.83447
103 113 -0.41395
103 193 -0.1029
103 203 1.26124
104 105 -0.34341
104 114 0.43826
104 194 0.47148
104 204 1.22641
105 106 -0.41145
105 115 -2.03565
105 195 -1.68401
105 205 0.30511
106 107 -1.83631
106 116 -0.40502
106 196 1.27377
106 206 -0.6077
107 108 0.03515
107 117 0.9523
107 197 0.00158
107 207 -1.14992
108 109 1.11001
108 118 -0.70756
108 198 -0.67781
108 208 -1.15649
109 119 1.07151
109 199 0.4702
109 209 -2.46885
110 111 -0.57271
110 119 0.34299
110 120 0.08336
110 210 -0.13809
111 112 -0.28558
111 121 -0.14291
111 211 -0.05051
112 113 -1.35602
112 122 0.29343
112 212 1.75875
113 114 0.72993
113 123 -0.4859
113 213 -1.55472
114 115 -1.28113
114 124 0.22554
114 214 1.40091
115 116 -0.5329
115 125 -0.83519
115 215 -1.89437
116 117 0.64173
116 126 -0.5678
116 216 -1.40831
117 118 -0.93018
117 127 1.20328
117 217 -0.2979
118 119 0.89762
118 128 1.91579
118 218 0.33156
119 129 0.6628
119 219 1.50829
120 121 0.00845
120 129 2.97237
120 130 0.40637
120 220 -0.205
121 122 -0.08684
121 131 0.00603
121 221 1.86644
122 123 -0.24483
122 132 -0.25003
122 222 -0.5653
123 124 -0.17453
123 133 -1.48313
123 223 -0.00172
124 125 0.62436
124 134 1.38185
124 224 0.97175
125 126 -1.56197
125 135 -1.44446
125 225 -2.08312
126 127 0.6588
126 136 0.04156
126 226 0.43685
127 128 1.04383
127 137 -0.40215
127 227 2.01435
128 129 -0.7142
128 138 -0.77365
128 228 0.14587
129 139 0.79127
129 229 0.92046
130 131 0.34054
130 139 -0.94916
130 140 1.34382
130 230 0.60876
131 132 -0.67146
131 141 -1.29275
131 231 1.06201
132 133 -1.05608
132 142 -0.23483
132 232 0.06461
133 134 0.46417
133 143 0.18791
133 233 -0.72677
134 135 -1.84198
134 144 0.92008
134 234 -0.43389
135 136 -0.12264
135 145 1.1492
135 235 -0.70516
136 137 -0.14607
136 146 -0.21608
136 236 0.21018
137 138 1.07543
137 147 0.18098
137 237 0.33308
138 139 0.1211
138 148 -0.46988
138 238 -0.04928
139 149 -1.43757
139 239 0.45926
140 141 0.20625
140 149 -1.61381
140 150 1.74662
140 240 0.32775
141 142 1.38612
141 151 0.27284
141 241 0.33233
142 143 -1.05009
142 152 1.31204
142 242 -1.29891
143 144 -1.64296
143 153 -0.35188
143 243 -0.58412
144 145 0.54474
144 154 -0.12037
144 244 0.58561
145 146 0.26032
145 155 -0.12496
145 245 1.20197
146 147 -0.70935
146 156 0.48755
146 246 -0.00658
147 148 0.88401
147 157 1.06394
147 247 -2.58597
148 149 -1.24076
148 158 0.51147
148 248 0.84265
149 159 1.61233
149 249 -0.81209
150 151 0.07274
150 159 0.77222
150 160 -0.60337
150 250 -0.94951
151 152 0.66468
151 161 0.20334
151 251 -0.11537
152 153 0.24124
152 162 1.01719
152 252 0.33334
153 154 -0.01881
153 163 0.78356
153 253 0.50937
154 155 0.58923
154 164 -1.23061
154 254 0.42585
155 156 0.91054
155 165 0.46784
155 255 -0.7615
156 157 0.04012
156 166 -0.46604
156 256 -0.93843
157 158 1.11035
157 167 0.19507
157 257 -1.36463
158 159 -0.12378
158 168 -0.26388
158 258 -0.19425
159 169 0.14084
159 259 -0.83392
160 161 -1.59711
160 169 1.59745
160 170 1.43197
160 260 -1.57699
161 162 0.72448
161 171 0.29135
161 261 0.03968
162 163 1.8714
162 172 1.81055
162 262 -1.17731
163 164 0.39582
163 173 -1.22888
163 263 0.19269
164 165 0.25988
164 174 1.16953
164 264 0.67803
165 166 1.14423
165 175 0.91587
165 265 0.60277
166 167 -0.84054
166 176 1.32184
166 266 0.32804
167 168 -0.87074
167 177 -0.38485
167 267 -1.16044
168 169 -0.55374
168 178 0.97284
168 268 -0.61504
169 179 -0.14484
169 269 -0.12785
170 171 -0.27146
170 179 0.68463
170 180 0.78785
170 270 1.06675
171 172 -1.08369
171 181 0.69569
171 271 0.32823
172 173 -0.06916
172 182 -1.28524
172 272 0.47435
173 174 -0.06244
173 183 -0.03467
173 273 0.08307
174 175 0.29057
174 184 0.16914
174 274 0.62809
175 176 -0.78758
175 185 -0.2658
175 275 -0.26276
176 177 -0.34347
176 186 1.00038
176 276 -0.05143
177 178 -0.448
177 187 0.28066
177 277 -0.22741
178 179 -1.16386
178 188 1.11194
178 278 -0.08435
179 189 0.42757
179 279 -0.50141
180 181 -1.45419
180 189 -1.89016
180 190 0.05807
180 280 -1.44824
181 182 -0.53021
181 191 -0.95143
181 281 0.16127
182 183 -1.88682
182 192 0.70001
182 282 -0.96249
183 184 -0.57737
183 193 -0.79365
183 283 1.18961
184 185 0.2756
184 194 0.05205
184 284 0.86593
185 186 1.78321
185 195 -0.65487
185 285 -0.85259
186 187 0.09213
186 196 0.2738
186 286 0.25171
187 188 -0.58902
187 197 0.12621
187 287 -1.26756
188 189 1.01821
188 198 0.40324
188 288 1.0466
189 199 -0.56135
189 289 0.74404
190 191 1.55201
190 199 0.21885
190 290 0.16726
191 192 -1.44095
191 291 0.59991
192 193 0.31038
192 292 0.21676
193 194 -0.8256
193 293 3.05948
194 195 -0.28608
194 294 1.34185
195 196 0.33017
195 295 1.05594
196 197 0.39102
196 296 0.16678
197 198 -0.64449
197 297 -0.78825
198 199 -0.22065
198 298 -0.65282
199 299 1.34094
200 201 -1.60465
200 209 -1.90915
200 210 0.6822
200 290 -2.58827
200 300 0.39558
201 202 1.00857
201 211 -0.776
201 291 2.91658
201 301 0.5386
202 203 -0.04834
202 212 -0.42474
202 292 0.7459
202 302 -1.56716
203 204 -0.68791
203 213 -2.29529
203 293 0.06799
203 303 0.26922
204 205 -0.3283
204 214 2.56561
204 294 0.91965
204 304 1.23208
205 206 0.14801
205 215 -0.60732
205 295 -0.29031
205 305 1.2744
206 207 -1.04393
206 216 -1.14281
206 296 -0.55165
206 306 0.38955
207 208 2.58406
207 217 0.68091
207 297 0.22214
207 307 1.46034
208 209 -0.12321
208 218 -0.12275
208 298 -0.7424
208 308 -0.00852
209 219 -2.501
209 299 0.043
209 309 -2.09218
210 211 -0.84989
210 219 0.58789
210 220 -2.21623
210 310 -0.01431
211 212 0.25961
211 221 0.3993
211 311 0.92647
212 213 0.72653
212 222 -2.30923
212 312 -0.18502
213 214 1.96071
213 223 -0.01485
213 313 -1.03059
214 215 -0.2495
214 224 -0.66115
214 314 -1.80485
215 216 0.3595
215 225 0.25741
215 315 0.17654
216 217 -0.22302
216 226 -0.50394
216 316 -1.00141
217 218 -0.94918
217 227 -1.00551
217 317 -0.12124
218 219 -0.72576
218 228 -0.82858
218 318 0.29828
219 229 1.06569
219 319 1.61569
220 221 1.63816
220 229 0.37262
220 230 0.64203
220 320 -0.1364
221 222 -1.14297
221 231 1.09121
221 321 -0.24751
222 223 -0.59647
222 232 -0.44276
222 322 -0.42688
223 224 -0.43296
223 233 0.25327
223 323 0.78352
224 225 0.31823
224 234 0.06704
224 324 -1.34218
225 226 0.62177
225 235 -0.8076
225 325 0.38264
226 227 0.47771
226 236 -1.05805
226 326 1.86207
227 228 -0.32934
227 237 -0.94305
227 327 -0.62725
228 229 1.76254
228 238 -2.323
228 328 1.5505
229 239 -0.46432
229 329 0.83265
230 231 3.22259
230 239 0.7396
230 240 1.44021
230 330 0.2947
231 232 0.77031
231 241 0.03143
231 331 0.43854
232 233 -0.88755
232 242 0.28681
232 332 2.19852
233 234 -2.34484
233 243 0.61255
233 333 -1.61197
234 235 1.00972
234 244 1.42096
234 334 1.99428
235 236 1.96562
235 245 -1.37732
235 335 -0.0812
236 237 0.8356
236 246 -0.89978
236 336 -0.31525
237 238 2.49361
237 247 -0.7387
237 337 1.03672
238 239 -0.44452
238 248 1.07437
238 338 0.28292
239 249 -0.48476
239 339 -0.44137
240 241 0.23606
240 249 -0.30189
240 250 0.63248
240 340 2.18826
241 242 0.92734
241 251 0.05136
241 341 0.79982
242 243 -0.46875
242 252 1.39655
242 342 0.30201
243 244 -1.01439
243 253 0.14091
243 343 0.29382
244 245 -0.97287
244 254 0.726
244 344 -1.07519
245 246 0.892
245 255 0.57456
245 345 -1.19614
246 247 -1.95755
246 256 -0.45259
246 346 0.63037
247 248 -0.31728
247 257 -1.32141
247 347 -1.14507
248 249 -1.40762
248 258 0.907
248 348 -0.66229
249 259 1.98006
249 349 -1.51004
250 251 -0.55434
250 259 0.2884
250 260 0.36578
250 350 -0.84341
251 252 0.30762
251 261 1.93993
251 351 -0.95264
252 253 -1.60137
252 262 -0.29251
252 352 -2.63897
253 254 -0.032
253 263 -0.08065
253 353 1.40008
254 255 -1.00914
254 264 -1.19196
254 354 1.51563
255 256 1.0913
255 265 -0.64875
255 355 -0.16918
256 257 -0.17073
256 266 -0.38383
256 356 -0.28576
257 258 0.97727
257 267 0.51273
257 357 -1.39347
258 259 0.0523
258 268 -1.62965
258 358 0.67576
259 269 -2.05223
259 359 1.48102
260 261 1.17767
260 269 -0.00401
260 270 -0.11427
260 360 -0.48732
261 262 -0.05324
261 271 1.12578
261 361 0.23416
262 263 -0.28401
262 272 -0.12008
262 362 0.91436
263 264 -1.83459
263 273 1.06495
263 363 -0.21809
264 265 -0.95509
264 274 -0.16463
264 364 0.45745
265 266 -0.15894
265 275 -0.31664
265 365 0.22336
266 267 -0.49333
266 276 -1.31284
266 366 -0.60102
267 268 -1.81496
267 277 -0.98265
267 367 0.42844
268 269 -0.41442
268 278 0.98792
268 368 -1.03791
269 279 -1.50459
269 369 0.47242
270 271 0.00687
270 279 0.27303
270 280 0.41131
270 370 0.24652
271 272 -0.77893
271 281 1.61256
271 371 0.47389
272 273 1.93445
272 282 0.06759
272 372 0.2399
273 274 0.69797
273 283 -0.84458
273 373 1.37941
274 275 -0.48496
274 284 -0.82429
274 374 0.08328
275 276 -0.52847
275 285 -0.338
275 375 1.64953
276 277 0.29188
276 286 -0.22547
276 376 -0.09041
277 278 -0.32674
277 287 -0.49152
277 377 -0.51051
278 279 0.22727
278 288 1.83922
278 378 -0.30326
279 289 -0.73727
279 379 1.55122
280 281 0.17765
280 289 0.87026
280 290 1.07759
280 380 -0.6563
281 282 -1.45522
281 291 -1.71183
281 381 0.98266
282 283 0.03289
282 292 0.02863
282 382 -1.76359
283 284 1.21694
283 293 0.67601
283 383 -0.28607
284 285 -1.00207
284 294 0.27792
284 384 -0.00187
285 286 -0.32428
285 295 1.44873
285 385 -0.11573
286 287 0.7072
286 296 2.58444
286 386 0.8731
287 288 1.36678
287 297 1.00878
287 387 0.45658
288 289 -0.70469
288 298 -1.11151
288 388 -1.40773
289 299 0.91806
289 389 -0.18586
290 291 0.47635
290 299 -0.77802
290 390 0.88752
291 292 0.27714
291 391 -0.47841
292 293 1.97531
292 392 -0.02212
293 294 0.51052
293 393 1.22875
294 295 0.32812
294 394 0.39779
295 296 2.57274
295 395 -0.53231
296 297 -0.21094
296 396 0.74012
297 298 1.05513
297 397 -0.10419
298 299 0.68776
298 398 0.03739
299 399 -0.38211
300 301 -0.14857
300 309 -0.30374
300 310 1.00434
300 390 -0.90399
300 400 3.18911
301 302 -1.12974
301 311 -0.10189
301 391 -1.38564
301 401 -0.5224
302 303 1.37654
302 312 -0.57369
302 392 0.79762
302 402 0.63494
303 304 0.06061
303 313 0.07779
303 393 1.91803
303 403 -0.30274
304 305 0.56493
304 314 0.34977
304 394 -1.36634
304 404 -0.34943
305 306 -0.60014
305 315 1.29846
305 395 -2.46285
305 405 0.00449
306 307 0.73473
306 316 -0.86097
306 396 1.15593
306 406 0.00746
307 308 -0.73239
307 317 -0.03298
307 397 -0.52874
307 407 -0.19192
308 309 0.07116
308 318 1.08457
308 398 -0.06342
308 408 -0.25475
309 319 -1.75218
309 399 0.44211
309 409 0.6434
310 311 0.18556
310 319 0.72042
310 320 0.96017
310 410 -0.53139
311 312 0.50079
311 321 0.26212
311 411 -0.98927
312 313 -0.65701
312 322 -0.80083
312 412 -1.59157
313 314 1.52591
313 323 0.48171
313 413 0.03605
314 315 0.10748
314 324 0.49745
314 414 0.18712
315 316 -0.17437
315 325 1.22634
315 415 0.51494
316 317 0.30767
316 326 -0.0172
316 416 -0.48266
317 318 -1.51138
317 327 -0.1005
317 417 -1.16636
318 319 0.20033
318 328 1.32147
318 418 -1.58553
319 329 -1.40274
319 419 0.10854
320 321 -1.18375
320 329 -0.95524
320 330 -0.22354
320 420 0.84125
321 322 0.67596
321 331 -0.35492
321 421 0.64981
322 323 0.48685
322 332 0.88381
322 422 -0.43282
323 324 1.13843
323 333 1.06752
323 423 -1.81697
324 325 -0.53495
324 334 -0.80612
324 424 -0.78029
325 326 1.20968
325 335 2.40403
325 425 -0.12746
326 327 -0.21377
326 336 -0.18063
326 426 -1.86613
327 328 0.52299
327 337 -1.06256
327 427 0.36033
328 329 0.01757
328 338 -0.55301
328 428 -0.81795
329 339 -1.94853
329 429 -0.82551
330 331 0.0965
330 339 -0.36688
330 340 -0.51962
330 430 0.68287
331 332 1.58658
331 341 0.76542
331 431 0.7625
332 333 0.34564
332 342 0.96945
332 432 -0.43892
333 334 -1.48199
333 343 -0.02016
333 433 -0.74102
334 335 1.19283
334 344 -2.37213
334 434 -0.74494
335 336 -0.12727
335 345 1.1844
335 435 -0.26284
336 337 -0.08212
336 346 -0.1259
336 436 1.2826
337 338 -1.09491
337 347 -0.40606
337 437 -0.73415
338 339 -0.75487
338 348 -1.16031
338 438 2.00571
339 349 -1.28536
339 439 0.68111
340 341 0.1753
340 349 -2.44903
340 350 -1.79776
340 440 -1.03026
341 342 0.93948
341 351 -0.16583
341 441 -0.68112
342 343 0.25861
342 352 0.0453
342 442 1.18625
343 344 0.04126
343 353 0.40775
343 443 2.35093
344 345 -0.96331
344 354 0.24849
344 444 0.43664
345 346 0.49707
345 355 0.92555
345 445 0.52226
346 347 -0.0451
346 356 0.9823
346 446 0.23696
347 348 0.16802
347 357 -0.9494
347 447 -0.00497
348 349 -0.30046
348 358 0.40217
348 448 1.35365
349 359 0.83166
349 449 0.40305
350 351 -0.81384
350 359 0.54411
350 360 -0.64911
350 450 -2.88963
351 352 0.32077
351 361 0.90639
351 451 0.68039
352 353 -0.07844
352 362 -1.5454
352 452 0.63436
353 354 0.86888
353 363 1.72649
353 453 0.31152
354 355 -0.081
354 364 0.17934
354 454 2.00252
355 356 -1.4011
355 365 1.61983
355 455 -0.00298
356 357 -0.15456
356 366 2.44128
356 456 0.99973
357 358 -0.63726
357 367 0.97448
357 457 -1.05548
358 359 -0.34875
358 368 0.74122
358 458 -1.07461
359 369 -0.50672
359 459 -1.1962
360 361 1.21941
360 369 -1.57477
360 370 1.01371
360 460 -1.37779
361 362 1.12783
361 371 -0.57668
361 461 0.92769
362 363 -0.69245
362 372 0.30006
362 462 0.67151
363 364 -0.71146
363 373 -0.39113
363 463 -1.76758
364 365 -1.4611
364 374 0.4719
364 464 1.9652
365 366 1.11608
365 375 0.503
365 465 0.55769
366 367 -0.38846
366 376 0.01636
366 466 0.28066
367 368 -0.64607
367 377 -0.65688
367 467 1.50595
368 369 0.82997
368 378 -0.27918
368 468 0.05449
369 379 1.99012
369 469 0.458
370 371 -0.91912
370 379 -1.75685
370 380 0.43616
370 470 0.70266
371 372 0.63734
371 381 0.08329
371 471 1.81975
372 373 1.75836
372 382 1.02394
372 472 -0.16447
373 374 -0.86419
373 383 -0.26664
373 473 0.91138
374 375 0.91754
374 384 1.22764
374 474 -0.08554
375 376 0.01995
375 385 0.90096
375 475 0.36708
376 377 0.15069
376 386 -0.28686
376 476 -0.31294
377 378 1.23321
377 387 2.18544
377 477 0.28072
378 379 -2.12876
378 388 -0.5099
378 478 1.23903
379 389 -0.49276
379 479 0.45903
380 381 -0.93315
380 389 0.00394
380 390 0.21792
380 480 -0.04536
381 382 0.46916
381 391 1.11509
381 481 -0.3808
382 383 -1.71158
382 392 0.31475
382 482 -0.6342
383 384 0.52037
383 393 -0.64988
383 483 0.61425
384 385 0.23335
384 394 -0.9345
384 484 -0.18407
385 386 -0.50742
385 395 0.53444
385 485 1.02404
386 387 -0.37908
386 396 -0.2755
386 486 -0.23708
387 388 -2.39901
387 397 0.58441
387 487 0.13787
388 389 0.97094
388 398 -0.67948
388 488 1.15148
389 399 1.59044
389 489 -0.35993
390 391 0.52853
390 399 -0.22685
390 490 0.73603
391 392 -0.35165
391 491 1.37906
392 393 1.56187
392 492 1.29238
393 394 -2.73968
393 493 1.07643
394 395 2.11645
394 494 -0.73859
395 396 0.46738
395 495 -0.4582
396 397 0.80343
396 496 -0.68531
397 398 0.38773
397 497 0.23987
398 399 0.80412
398 498 -1.72853
399 499 -1.877
400 401 1.5664
400 409 0.48602
400 410 -0.90809
400 490 1.01998
400 500 1.11326
401 402 0.97474
401 411 -0.87101
401 491 -0.31414
401 501 -0.31053
402 403 0.72125
402 412 0.17738
402 492 0.21661
402 502 -2.08222
403 404 0.4339
403 413 1.75037
403 493 1.05488
403 503 -0.88291
404 405 -0.03043
404 414 -0.24411
404 494 -0.96178
404 504 0.76286
405 406 -0.3582
405 415 -1.12166
405 495 -0.19397
405 505 0.38169
406 407 1.55242
406 416 -0.40635
406 496 -1.10327
406 506 -1.46951
407 408 -0.44914
407 417 0.48168
407 497 0.97373
407 507 -1.39931
408 409 -1.56349
408 418 -0.76821
408 498 -0.94302
408 508 0.64322
409 419 0.11791
409 499 1.06278
409 509 1.09855
410 411 0.20814
410 419 -0.81274
410 420 1.06258
410 510 -0.87532
411 412 0.63477
411 421 -0.47608
411 511 -0.02208
412 413 -0.45866
412 422 -0.07048
412 512 0.30534
413 414 1.07983
413 423 0.45519
413 513 -0.66559
414 415 0.72314
414 424 -0.17454
414 514 0.1477
415 416 0.38247
415 425 0.99464
415 515 -1.48574
416 417 -0.99274
416 426 -0.43676
416 516 0.92459
417 418 -0.07941
417 427 0.89088
417 517 -0.88299
418 419 -1.08329
418 428 -1.71711
418 518 1.58255
419 429 -0.65275
419 519 2.31011
420 421 0.87404
420 429 1.49478
420 430 1.07058
420 520 0.41993
421 422 0.80028
421 431 -0.50948
421 521 -0.62071
422 423 0.44339
422 432 0.9349
422 522 -0.17386
423 424 0.17967
423 433 -0.39814
423 523 -0.55267
424 425 -0.12471
424 434 -0.01401
424 524 -1.54186
425 426 -0.52742
425 435 -1.65963
425 525 -0.02544
426 427 -0.45191
426 436 0.64524
426 526 -0.26314
427 428 -1.57817
427 437 -0.68217
427 527 1.20467
428 429 -0.17159
428 438 0.1036
428 528 -0.65078
429 439 -0.19223
429 529 0.02279
430 431 0.61436
430 439 -0.53564
430 440 -0.94557
430 530 0.76211
431 432 1.32608
431 441 1.98747
431 531 1.71383
432 433 0.06723
432 442 0.64281
432 532 -1.80869
433 434 0.2447
433 443 1.41637
433 533 0.31543
434 435 0.30115
434 444 0.09188
434 534 0.32685
435 436 1.83439
435 445 -0.84659
435 535 -0.58295
436 437 -0.14267
436 446 -2.05547
436 536 0.1258
437 438 1.41406
437 447 -0.07536
437 537 0.52339
438 439 0.02649
438 448 0.42995
438 538 0.91092
439 449 -0.14195
439 539 1.00536
440 441 -0.12695
440 449 -0.86478
440 450 -1.22962
440 540 -1.12395
441 442 0.06479
441 451 -0.43905
441 541 0.07205
442 443 -1.01969
442 452 -0.74365
442 542 0.47907
443 444 0.18169
443 453 1.79068
443 543 -0.76581
444 445 1.08575
444 454 -0.89681
444 544 0.96636
445 446 -0.08765
445 455 -0.16191
445 545 0.22085
446 447 -1.49092
446 456 1.02504
446 546 0.56126
447 448 0.11613
447 457 -0.40741
447 547 -0.60501
448 449 -0.9487
448 458 -2.27136
448 548 0.81615
449 459 0.73696
449 549 -0.09159
450 451 -0.62672
450 459 0.47398
450 460 0.02883
450 550 0.2802
451 452 0.23401
451 461 0.34708
451 551 0.0376
452 453 0.11093
452 462 0.26672
452 552 0.38109
453 454 0.83244
453 463 -0.3088
453 553 -1.17412
454 455 -0.86095
454 464 -1.60833
454 554 -0.01225
455 456 -1.06871
455 465 -1.28123
455 555 -0.83405
456 457 -0.34603
456 466 -0.20125
456 556 -0.26942
457 458 0.59413
457 467 -0.50922
457 557 -0.35628
458 459 0.72194
458 468 -0.92721
458 558 0.93212
459 469 1.27394
459 559 0.88917
460 461 0.57509
460 469 -1.0997
460 470 1.74216
460 560 0.16521
461 462 -1.15925
461 471 1.2348
461 561 -1.05783
462 463 -0.08263
462 472 1.60327
462 562 0.31611
463 464 0.18867
463 473 -0.63921
463 563 0.23622
464 465 1.15661
464 474 -1.22885
464 564 -1.63131
465 466 1.30203
465 475 0.35651
465 565 -0.66604
466 467 1.44696
466 476 1.93873
466 566 0.40192
467 468 -0.05456
467 477 0.42993
467 567 -0.78628
468 469 -0.05893
468 478 0.17607
468 568 -0.557
469 479 1.41692
469 569 -0.24725
470 471 1.76434
470 479 -1.77547
470 480 -0.80575
470 570 0.61037
471 472 -0.42429
471 481 -0.19922
471 571 1.08414
472 473 0.56818
472 482 0.39754
472 572 -0.79511
473 474 -1.77137
473 483 -0.10363
473 573 -0.66981
474 475 -0.41764
474 484 0.43782
474 574 0.25629
475 476 0.46828
475 485 1.4367
475 575 -1.75748
476 477 -1.41095
476 486 -0.02896
476 576 0.13295
477 478 0.43775
477 487 -1.0961
477 577 0.35633
478 479 1.31139
478 488 -0.77523
478 578 1.10779
479 489 -0.96336
479 579 2.32486
480 481 0.61262
480 489 0.14495
480 490 0.73953
480 580 0.1484
481 482 0.23371
481 491 0.59696
481 581 -0.79281
482 483 -0.0362
482 492 2.75213
482 582 0.03131
483 484 -0.85474
483 493 0.01217
483 583 -0.03478
484 485 -0.51763
484 494 -1.40229
484 584 0.32983
485 486 -1.08801
485 495 0.44022
485 585 -0.03571
486 487 0.06485
486 496 -0.17469
486 586 -0.21124
487 488 -1.15902
487 497 -0.92175
487 587 -1.06447
488 489 0.72505
488 498 0.34749
488 588 -0.59401
489 499 -0.03555
489 589 -0.30968
490 491 1.44362
490 499 -0.95467
490 590 1.41176
491 492 0.47845
491 591 -1.24144
492 493 -0.10985
492 592 0.02614
493 494 1.13
493 593 0.52496
494 495 1.82789
494 594 -1.16064
495 496 0.29693
495 595 -0.54832
496 497 -0.97666
496 596 0.55939
497 498 -0.61744
497 597 -0.19396
498 499 -0.14719
498 598 0.54796
499 599 0.38797
500 501 -2.09781
500 509 0.11248
500 510 1.70354
500 590 0.17721
500 600 0.5607
501 502 -1.6007
501 511 -0.47128
501 591 -1.42909
501 601 2.66919
502 503 0.48273
502 512 -0.0913
502 592 -1.99862
502 602 1.13865
503 504 0.99413
503 513 1.06292
503 593 -1.53076
503 603 -0.38832
504 505 -1.56174
504 514 -0.89018
504 594 0.05533
504 604 0.61516
505 506 -1.29822
505 515 1.70389
505 595 -0.16735
505 605 0.49023
506 507 0.05877
506 516 0.72315
506 596 0.15332
506 606 0.74447
507 508 -0.16761
507 517 -0.68436
507 597 0.65217
507 607 0.91589
508 509 0.93545
508 518 0.95612
508 598 0.07614
508 608 -1.90331
509 519 -0.49874
509 599 0.47253
509 609 -0.76939
510 511 1.88538
510 519 -0.43428
510 520 -1.97988
510 610 -0.88923
511 512 0.27087
511 521 -0.1786
511 611 1.24373
512 513 0.65916
512 522 0.50886
512 612 -0.32392
513 514 2.33102
513 523 -0.11429
513 613 1.4289
514 515 -0.23439
514 524 -1.22014
514 614 0.39656
515 516 1.45289
515 525 0.22063
515 615 0.4829
516 517 0.01816
516 526 -0.78917
516 616 -0.29674
517 518 0.05305
517 527 0.31721
517 617 0.53473
518 519 1.42071
518 528 0.68259
518 618 -0.83315
519 529 -1.1058
519 619 0.10172
520 521 -1.58413
520 529 0.33254
520 530 -0.89422
520 620 0.788
521 522 -0.25504
521 531 1.04812
521 621 -0.784
522 523 0.07625
522 532 0.76213
522 622 0.98151
523 524 1.21821
523 533 -1.05432
523 623 2.93786
524 525 -0.23653
524 534 -0.48346
524 624 0.56511
525 526 0.77757
525 535 -1.52238
525 625 1.24953
526 527 1.1193
526 536 0.25267
526 626 -0.8392
527 528 -0.08024
527 537 1.34183
527 627 -0.12917
528 529 0.15112
528 538 1.07326
528 628 -0.68479
529 539 0.12082
529 629 -0.56501
530 531 -2.71886
530 539 2.16931
530 540 1.02562
530 630 1.1049
531 532 0.83594
531 541 1.15931
531 631 0.04346
532 533 -0.50746
532 542 1.68118
532 632 -0.52624
533 534 0.05441
533 543 -0.4484
533 633 0.05848
534 535 -0.7357
534 544 -0.84287
534 634 -1.2938
535 536 2.16837
535 545 -1.04694
535 635 -1.82335
536 537 -0.2172
536 546 1.0624
536 636 0.26333
537 538 -0.43152
537 547 0.2857
537 637 -0.10904
538 539 -0.27969
538 548 1.01996
538 638 -0.24721
539 549 0.93936
539 639 -1.4467
540 541 -0.45694
540 549 0.98543
540 550 0.25164
540 640 0.5155
541 542 -1.19785
541 551 -1.46058
541 641 1.15701
542 543 0.29722
542 552 1.176
542 642 0.51812
543 544 -0.71121
543 553 -1.01714
543 643 0.30112
544 545 -0.89102
544 554 -0.01251
544 644 0.78544
545 546 -0.83799
545 555 0.5589
545 645 -1.46504
546 547 0.5834
546 556 1.35924
546 646 0.04007
547 548 0.09963
547 557 0.50368
547 647 1.56874
548 549 -0.17513
548 558 -0.02038
548 648 0.20201
549 559 0.64516
549 649 0.58909
550 551 0.41155
550 559 0.1576
550 560 0.809
550 650 0.82367
551 552 0.01829
551 561 0.52125
551 651 0.09718
552 553 -0.08413
552 562 -0.29193
552 652 0.08754
553 554 -0.45976
553 563 1.35883
553 653 0.04022
554 555 0.10295
554 564 -0.7496
554 654 0.57996
555 556 0.63893
555 565 1.13128
555 655 0.23554
556 557 -1.09822
556 566 -0.03866
556 656 0.53581
557 558 -0.85529
557 567 -0.23168
557 657 0.32441
558 559 0.07837
558 568 0.21051
558 658 1.22098
559 569 0.29059
559 659 -0.37334
560 561 -1.26928
560 569 -1.84119
560 570 -0.52664
560 660 0.24777
561 562 -0.74637
561 571 -0.58259
561 661 -0.34326
562 563 -2.01723
562 572 1.47068
562 662 -1.45646
563 564 -1.36624
563 573 1.43553
563 663 0.95577
564 565 0.15197
564 574 1.2581
564 664 -0.61766
565 566 -1.4293
565 575 -0.25716
565 665 1.64898
566 567 -1.03066
566 576 1.20905
566 666 -0.95494
567 568 -1.0238
567 577 -0.42799
567 667 1.22682
568 569 0.73589
568 578 0.43398
568 668 -0.61695
569 579 0.95261
569 669 -0.23767
570 571 0.53915
570 579 1.05153
570 580 -0.15313
570 670 -0.72236
571 572 0.35265
571 581 1.08645
571 671 0.48134
572 573 0.29828
572 582 -1.06412
572 672 -0.62661
573 574 -1.82557
573 583 0.09674
573 673 0.33814
574 575 0.51991
574 584 -2.57106
574 674 -0.07484
575 576 0.44312
575 585 2.42143
575 675 1.30871
576 577 -0.59583
576 586 -0.54073
576 676 0.50197
577 578 -0.92202
577 587 -0.27116
577 677 -0.38859
578 579 -1.57136
578 588 1.09848
578 678 -1.5625
579 589 0.81663
579 679 -0.50109
580 581 0.70734
580 589 0.77905
580 590 1.59107
580 680 -1.13272
581 582 -0.02666
581 591 0.37425
581 681 -0.10391
582 583 -1.79052
582 592 -0.13039
582 682 1.36628
583 584 0.67385
583 593 -0.70152
583 683 -0.40954
584 585 -0.87759
584 594 2.27988
584 684 0.55246
585 586 0.12132
585 595 -0.8483
585 685 1.08126
586 587 -0.17571
586 596 -0.19
586 686 -1.01257
587 588 0.20176
587 597 -1.07955
587 687 0.39324
588 589 -2.19888
588 598 1.5754
588 688 -0.26487
589 599 0.21904
589 689 -1.42885
590 591 -0.54749
590 599 0.88835
590 690 0.44036
591 592 -0.1372
591 691 -0.99463
592 593 0.81338
592 692 -1.14729
593 594 0.49481
593 693 -0.76141
594 595 0.54064
594 694 0.32552
595 596 0.11039
595 695 -0.33245
596 597 -1.84872
596 696 -0.10709
597 598 -0.87944
597 697 -0.21853
598 599 0.43216
598 698 1.24201
599 699 0.73248
600 601 -0.40322
600 609 -0.70977
600 610 0.32762
600 690 1.87587
600 700 -1.11111
601 602 -2.36196
601 611 0.90975
601 691 0.72635
601 701 -0.13897
602 603 -0.25621
602 612 -0.31
602 692 0.89227
602 702 -0.14738
603 604 0.83421
603 613 0.76988
603 693 -0.39402
603 703 1.00316
604 605 -0.34685
604 614 0.13804
604 694 1.75562
604 704 -1.83396
605 606 -0.50026
605 615 -1.35912
605 695 1.59286
605 705 0.85074
606 607 0.13994
606 616 -1.15079
606 696 0.14462
606 706 -1.58446
607 608 0.33499
607 617 1.01041
607 697 -0.80157
607 707 -1.8108
608 609 0.40554
608 618 -0.73939
608 698 -0.99118
608 708 0.3795
609 619 0.49037
609 699 0.53255
609 709 0.51049
610 611 1.35471
610 619 -1.36718
610 620 0.69729
610 710 -0.11736
611 612 0.95932
611 621 1.05591
611 711 -0.06273
612 613 2.01454
612 622 0.75315
612 712 0.21437
613 614 -1.80552
613 623 -0.77902
613 713 -0.1348
614 615 -0.265
614 624 1.51393
614 714 -0.27396
615 616 -0.37646
615 625 -0.7107
615 715 -0.68608
616 617 0.45885
616 626 2.08842
616 716 0.72623
617 618 -0.0309
617 627 -0.5933
617 717 0.38853
618 619 0.02413
618 628 -1.31601
618 718 -0.62483
619 629 -0.45459
619 719 0.65206
620 621 0.03854
620 629 0.40382
620 630 0.66341
620 720 -0.13778
621 622 0.78692
621 631 1.9664
621 721 -0.0542
622 623 -0.82473
622 632 0.68621
622 722 -0.35479
623 624 0.92958
623 633 1.84264
623 723 0.55589
624 625 -0.46991
624 634 -0.15678
624 724 -0.83452
625 626 0.24449
625 635 -1.45722
625 725 0.32107
626 627 0.06828
626 636 -0.05651
626 726 -0.73269
627 628 -0.52095
627 637 -0.35452
627 727 -0.68271
628 629 -1.0563
628 638 2.01166
628 728 1.41533
629 639 -2.57717
629 729 0.18668
630 631 1.42217
630 639 -1.39533
630 640 1.08943
630 730 0.04751
631 632 -1.75907
631 641 -0.90991
631 731 0.5932
632 633 -0.15011
632 642 -0.64675
632 732 0.16992
633 634 1.81897
633 643 -0.52163
633 733 1.09697
634 635 -2.1921
634 644 -0.05968
634 734 -0.21492
635 636 -1.01825
635 645 0.4808
635 735 1.44693
636 637 0.64251
636 646 -0.481
636 736 -0.71995
637 638 -0.08214
637 647 -0.06308
637 737 0.47694
638 639 0.90461
638 648 -0.25885
638 738 0.13946
639 649 1.32425
639 739 0.04698
640 641 -1.55267
640 649 -1.14037
640 650 -2.02854
640 740 -0.03051
641 642 0.53199
641 651 0.25572
641 741 0.15601
642 643 1.33234
642 652 -0.36168
642 742 1.10105
643 644 -0.29988
643 653 1.93254
643 743 1.58187
644 645 0.6842
644 654 -0.71813
644 744 -0.00427
645 646 0.75524
645 655 -0.58358
645 745 0.66306
646 647 0.11249
646 656 -0.0895
646 746 0.8459
647 648 0.92449
647 657 -0.00051
647 747 1.57598
648 649 -1.89729
648 658 -0.9893
648 748 -1.84688
649 659 -2.07074
649 749 -1.16923
650 651 -0.61677
650 659 -0.08888
650 660 0.59219
650 750 -1.78965
651 652 1.68118
651 661 -1.60998
651 751 0.88232
652 653 -1.17022
652 662 0.80595
652 752 -0.54933
653 654 0.18987
653 663 1.32703
653 753 0.28641
654 655 1.3272
654 664 -0.18057
654 754 -0.76879
655 656 -0.83841
655 665 0.06928
655 755 0.04946
656 657 0.28791
656 666 0.84953
656 756 0.75525
657 658 2.22995
657 667 -0.71745
657 757 -2.16629
658 659 -0.72924
658 668 -0.875
658 758 -0.03758
659 669 0.44639
659 759 -0.04701
660 661 -0.77843
660 669 -1.12501
660 670 1.81588
660 760 -0.23979
661 662 -1.66047
661 671 -0.92039
661 761 -0.05563
662 663 0.35592
662 672 0.01014
662 762 0.21633
663 664 0.00751
663 673 0.08283
663 763 0.34881
664 665 0.40342
664 674 2.00131
664 764 0.41383
665 666 -1.00942
665 675 0.34689
665 765 -1.98414
666 667 -0.39635
666 676 -1.2766
666 766 0.00337
667 668 0.17108
667 677 -0.60437
667 767 -0.5058
668 669 0.54626
668 678 1.57982
668 768 0.87413
669 679 -0.5644
669 769 0.58409
670 671 0.85814
670 679 -0.1889
670 680 -0.05068
670 770 -0.11393
671 672 0.00848
671 681 0.37327
671 771 0.94242
672 673 -0.60393
672 682 0.42853
672 772 0.4555
673 674 0.36538
673 683 0.01417
673 773 0.11372
674 675 0.99791
674 684 -1.88852
674 774 -1.79283
675 676 -1.69442
675 685 -0.24722
675 775 1.95367
676 677 0.01483
676 686 0.69207
676 776 -1.27671
677 678 0.78083
677 687 0.59339
677 777 3.54458
678 679 -0.42308
678 688 -1.18008
678 778 -0.45964
679 689 -0.48148
679 779 -0.51695
680 681 -1.18246
680 689 -0.22748
680 690 0.63937
680 780 -0.16464
681 682 -0.85496
681 691 -0.20505
681 781 0.41868
682 683 1.28449
682 692 0.83543
682 782 0.1318
683 684 2.07851
683 693 0.16971
683 783 -2.17058
684 685 0.29362
684 694 0.82338
684 784 -2.4276
685 686 1.14714
685 695 -0.29823
685 785 -0.10005
686 687 -0.73624
686 696 0.61379
686 786 -0.90545
687 688 0.92608
687 697 -0.89127
687 787 -0.56847
688 689 0.65251
688 698 1.50304
688 788 -0.40558
689 699 -0.89819
689 789 1.1612
690 691 0.28323
690 699 -0.56302
690 790 0.0252
691 692 0.04617
691 791 -0.17169
692 693 -1.98709
692 792 -0.83264
693 694 0.35724
693 793 -0.50783
694 695 0.85482
694 794 0.16584
695 696 -0.78517
695 795 -0.23107
696 697 0.11434
696 796 -0.70025
697 698 -0.88208
697 797 0.1743
698 699 0.95964
698 798 0.09003
699 799 0.48804
700 701 0.44256
700 709 2.48782
700 710 -0.02002
700 790 0.59991
700 800 0.8762
701 702 -0.16074
701 711 -2.35874
701 791 0.56691
701 801 -1.34273
702 703 1.31529
702 712 -0.14225
702 792 -2.29166
702 802 -1.21024
703 704 1.39342
703 713 -0.29021
703 793 -2.36854
703 803 0.58619
704 705 1.03299
704 714 -1.07204
704 794 -0.96143
704 804 0.68618
705 706 -0.45468
705 715 -0.90968
705 795 -0.63536
705 805 -0.62718
706 707 0.58617
706 716 -0.68522
706 796 -0.72504
706 806 0.4439
707 708 0.41778
707 717 2.31461
707 797 -0.49861
707 807 0.54538
708 709 1.20188
708 718 -1.45999
708 798 0.2074
708 808 0.26989
709 719 0.36504
709 799 1.53409
709 809 -1.05732
710 711 1.31319
710 719 1.11137
710 720 1.16979
710 810 -1.98363
711 712 -0.14047
711 721 -0.10674
711 811 -0.91022
712 713 -0.78319
712 722 1.87275
712 812 -0.90208
713 714 0.87073
713 723 -0.03006
713 813 0.4294
714 715 0.37476
714 724 2.59252
714 814 -0.1926
715 716 -0.48031
715 725 -0.05443
715 815 -1.37978
716 717 -1.17574
716 726 -0.29197
716 816 -0.24818
717 718 -0.51634
717 727 0.66586
717 817 1.22385
718 719 0.01399
718 728 -0.51836
718 818 0.51367
719 729 0.79516
719 819 0.558
720 721 0.78053
720 729 -0.73093
720 730 -2.33307
720 820 0.17611
721 722 0.29585
721 731 -0.48441
721 821 0.08824
722 723 -0.93906
722 732 -1.28272
722 822 -0.56156
723 724 0.52722
723 733 -0.28103
723 823 0.92559
724 725 0.62307
724 734 -0.67853
724 824 -0.97047
725 726 1.16045
725 735 0.8222
725 825 -0.33087
726 727 -1.28813
726 736 0.8205
726 826 0.25765
727 728 -0.78009
727 737 0.38189
727 827 0.46108
728 729 0.31449
728 738 -0.88801
728 828 0.55308
729 739 0.12427
729 829 -0.23137
730 731 -0.22052
730 739 2.21015
730 740 -0.86301
730 830 0.52692
731 732 -0.48647
731 741 0.04908
731 831 -1.73936
732 733 0.93796
732 742 -1.25766
732 832 -1.06865
733 734 0.49988
733 743 0.57311
733 833 -0.31801
734 735 -0.49451
734 744 1.02197
734 834 0.21567
735 736 1.38133
735 745 -0.42112
735 835 0.27067
736 737 -0.11824
736 746 1.1585
736 836 -1.09954
737 738 1.55525
737 747 -0.41664
737 837 0.88519
738 739 -0.11354
738 748 0.06342
738 838 -0.90933
739 749 0.71722
739 839 0.64291
740 741 0.23909
740 749 0.65576
740 750 0.60666
740 840 -1.27708
741 742 -0.19468
741 751 -1.08303
741 841 0.78417
742 743 -0.19762
742 752 -0.43008
742 842 -1.37559
743 744 -1.27302
743 753 -0.04122
743 843 0.28005
744 745 1.27101
744 754 1.13163
744 844 -1.13508
745 746 -0.49114
745 755 0.86756
745 845 -0.71322
746 747 1.50744
746 756 0.50864
746 846 0.16005
747 748 -0.91479
747 757 -0.74776
747 847 1.85289
748 749 1.15769
748 758 -0.10948
748 848 0.25946
749 759 0.57654
749 849 0.54053
750 751 0.72309
750 759 0.84725
750 760 0.63506
750 850 -0.05918
751 752 -0.1196
751 761 -0.07792
751 851 1.36766
752 753 1.53565
752 762 0.05883
752 852 -0.71621
753 754 -0.85137
753 763 0.63272
753 853 1.12685
754 755 -1.6856
754 764 0.02793
754 854 -0.81733
755 756 1.05037
755 765 -0.64757
755 855 -0.24348
756 757 0.41363
756 766 2.21344
756 856 2.26487
757 758 -0.0463
757 767 -0.44073
757 857 0.03575
758 759 -0.15014
758 768 0.74963
758 858 0.80937
759 769 0.32779
759 859 0.42399
760 761 -0.47514
760 769 -0.79254
760 770 -0.01774
760 860 -1.71194
761 762 -0.33825
761 771 0.54911
761 861 -0.99471
762 763 0.82106
762 772 -0.56083
762 862 -0.72318
763 764 -0.46505
763 773 0.08735
763 863 -1.08785
764 765 0.39207
764 774 -1.07036
764 864 -1.12785
765 766 0.29546
765 775 -0.30369
765 865 -0.16534
766 767 0.40773
766 776 0.59822
766 866 -0.02169
767 768 -0.34435
767 777 -1.53936
767 867 -0.46908
768 769 -1.56023
768 778 -1.22943
768 868 -1.56879
769 779 -0.07986
769 869 -0.8424
770 771 0.41572
770 779 1.04477
770 780 -0.46785
770 870 1.57458
771 772 -0.5351
771 781 -0.5931
771 871 1.73102
772 773 -1.23232
772 782 -0.77422
772 872 1.44936
773 774 -0.29894
773 783 -2.45895
773 873 0.67288
774 775 0.79989
774 784 1.52055
774 874 0.49
775 776 -0.10164
775 785 0.21764
775 875 -1.4163
776 777 0.57883
776 786 0.17515
776 876 0.01426
777 778 2.1633
777 787 -0.56993
777 877 -0.48085
778 779 -1.89768
778 788 -1.22076
778 878 -1.28978
779 789 0.53544
779 879 -0.35567
780 781 -1.56431
780 789 -1.57407
780 790 1.00602
780 880 0.09441
781 782 -0.81764
781 791 0.52091
781 881 0.42347
782 783 2.04828
782 792 -0.59419
782 882 0.1493
783 784 0.21622
783 793 -0.70129
783 883 1.5544
784 785 -1.04115
784 794 -2.21774
784 884 -1.56639
785 786 0.36189
785 795 -0.48975
785 885 0.24693
786 787 -1.13184
786 796 0.37491
786 886 -0.35462
787 788 0.32852
787 797 -0.5796
787 887 -0.02275
788 789 -0.34527
788 798 -0.29299
788 888 0.2442
789 799 0.98102
789 889 0.92524
790 791 -1.37745
790 799 -0.04563
790 890 -0.11702
791 792 0.76523
791 891 0.40582
792 793 0.98136
792 892 0.42498
793 794 1.29549
793 893 0.74786
794 795 0.31081
794 894 0.2466
795 796 -1.1054
795 895 -0.62676
796 797 0.94603
796 896 -0.1117
797 798 -0.34191
797 897 -1.1401
798 799 0.21006
798 898 1.79053
799 899 0.82891
800 801 0.49316
800 809 -0.26841
800 810 0.80402
800 890 0.04851
800 900 -1.13509
801 802 -1.44633
801 811 -1.05911
801 891 0.18502
801 901 -0.24379
802 803 -1.38294
802 812 -0.54322
802 892 -1.63461
802 902 0.45529
803 804 -0.27747
803 813 -0.74164
803 893 -0.81063
803 903 0.2881
804 805 -0.11128
804 814 -1.62735
804 894 1.40628
804 904 -0.89574
805 806 0.9406
805 815 -0.08416
805 895 0.12844
805 905 -0.17119
806 807 -1.10968
806 816 1.52191
806 896 -0.22466
806 906 1.40086
807 808 0.95572
807 817 -0.00594
807 897 -0.94143
807 907 -0.75587
808 809 -1.28645
808 818 1.38101
808 898 -0.83254
808 908 0.09611
809 819 0.91164
809 899 -0.32149
809 909 -2.21042
810 811 0.20405
810 819 -0.1003
810 820 0.25959
810 910 0.14657
811 812 0.29604
811 821 0.24318
811 911 0.31489
812 813 -0.09388
812 822 0.18309
812 912 -0.36847
813 814 -0.88408
813 823 1.1226
813 913 0.1467
814 815 -0.48092
814 824 -1.64487
814 914 -1.26562
815 816 1.48596
815 825 0.14014
815 915 -0.71165
816 817 -0.17306
816 826 0.15514
816 916 0.89705
817 818 -0.55797
817 827 1.0716
817 917 1.29777
818 819 1.72145
818 828 0.59018
818 918 -0.50169
819 829 1.295
819 919 -0.44274
820 821 0.35916
820 829 0.15662
820 830 -0.77724
820 920 -0.4399
821 822 -0.80357
821 831 -1.41643
821 921 -1.215
822 823 -0.36112
822 832 1.15748
822 922 0.58946
823 824 0.46326
823 833 -0.7366
823 923 0.87425
824 825 0.56789
824 834 0.5048
824 924 0.16437
825 826 -1.15193
825 835 0.4215
825 925 1.19391
826 827 0.89631
826 836 -0.33628
826 926 -0.53588
827 828 -0.22104
827 837 0.56343
827 927 -0.27801
828 829 0.66267
828 838 -0.73581
828 928 -0.26291
829 839 2.06153
829 929 -0.09704
830 831 2.24836
830 839 -0.96049
830 840 0.41844
830 930 -0.35984
831 832 -0.46351
831 841 0.0687
831 931 -0.41855
832 833 0.58336
832 842 0.81534
832 932 -0.47735
833 834 0.53392
833 843 1.91385
833 933 -0.44144
834 835 0.6774
834 844 -0.55256
834 934 -1.05218
835 836 1.05171
835 845 0.32199
835 935 -1.58744
836 837 1.74173
836 846 0.0167
836 936 -0.55218
837 838 -0.70319
837 847 0.07292
837 937 -1.4001
838 839 2.19852
838 848 -1.32978
838 938 -2.18117
839 849 -1.11994
839 939 -1.0331
840 841 -0.99441
840 849 -2.54364
840 850 -1.68819
840 940 -2.60044
841 842 -0.46489
841 851 -0.62722
841 941 -0.30154
842 843 0.07694
842 852 -0.53385
842 942 0.03404
843 844 0.14398
843 853 1.56786
843 943 -0.45151
844 845 0.69278
844 854 0.59723
844 944 0.76831
845 846 -0.75383
845 855 -0.10958
845 945 0.5419
846 847 0.35884
846 856 -0.95028
846 946 -0.4398
847 848 0.06399
847 857 -0.08657
847 947 -0.78998
848 849 -0.86098
848 858 -0.64509
848 948 0.42221
849 859 -0.09623
849 949 0.20793
850 851 0.17986
850 859 0.0179
850 860 -0.69181
850 950 0.19701
851 852 0.34146
851 861 1.9066
851 951 0.63311
852 853 -0.24524
852 862 -0.37755
852 952 1.7083
853 854 -0.59232
853 863 0.88239
853 953 1.54761
854 855 0.49785
854 864 0.63994
854 954 1.32972
855 856 1.25801
855 865 1.08661
855 955 1.10731
856 857 -1.97044
856 866 1.02379
856 956 -0.27792
857 858 -0.66147
857 867 -0.87163
857 957 -0.97467
858 859 0.88573
858 868 -0.8422
858 958 -1.29667
859 869 0.46052
859 959 -0.0529
860 861 -1.26988
860 869 -0.19001
860 870 -0.41108
860 960 -0.64069
861 862 0.3464
861 871 0.65863
861 961 -0.61184
862 863 -1.31803
862 872 1.49796
862 962 1.05717
863 864 0.02981
863 873 -0.72933
863 963 -1.06801
864 865 0.81216
864 874 0.23288
864 964 -0.27517
865 866 0.99418
865 875 -0.49369
865 965 -0.55026
866 867 -0.48196
866 876 0.03526
866 966 -0.39661
867 868 1.74033
867 877 0.01416
867 967 -0.79802
868 869 -0.73926
868 878 -0.9117
868 968 -1.34527
869 879 1.39422
869 969 -0.4752
870 871 0.81523
870 879 -0.20193
870 880 -0.23073
870 970 0.60064
871 872 0.23042
871 881 2.23044
871 971 0.00032
872 873 -0.05199
872 882 0.50866
872 972 1.13843
873 874 -0.31071
873 883 -0.49182
873 973 -1.1265
874 875 1.91641
874 884 -0.31138
874 974 2.0148
875 876 -1.96358
875 885 0.4487
875 975 -0.24263
876 877 -0.74932
876 886 0.87245
876 976 -0.61729
877 878 0.47066
877 887 -0.86658
877 977 -1.02301
878 879 0.0728
878 888 0.87451
878 978 2.63173
879 889 -1.46817
879 979 -2.38934
880 881 -0.50644
880 889 -0.88195
880 890 0.377
880 980 -0.0695
881 882 2.23457
881 891 0.9581
881 981 -0.34935
882 883 -1.71489
882 892 -0.13315
882 982 0.29915
883 884 0.40976
883 893 -0.67232
883 983 -1.00731
884 885 1.9614
884 894 0.31781
884 984 1.00697
885 886 0.23831
885 895 1.05948
885 985 -0.19331
886 887 -0.79525
886 896 0.67184
886 986 -1.1797
887 888 -0.06483
887 897 -1.20292
887 987 -0.35653
888 889 -1.03782
888 898 1.00286
888 988 -0.68207
889 899 -0.52417
889 989 -0.72392
890 891 0.3356
890 899 -0.69033
890 990 -0.52692
891 892 -0.59716
891 991 -1.64848
892 893 0.23204
892 992 -0.94468
893 894 0.41632
893 993 0.39037
894 895 1.0635
894 994 1.09957
895 896 0.20367
895 995 0.85501
896 897 -0.83597
896 996 -2.29556
897 898 -0.82729
897 997 0.90488
898 899 -1.92975
898 998 1.41987
899 999 -0.92304
900 901 -1.18184
900 909 -0.17094
900 910 1.71193
900 990 -0.86971
901 902 0.55694
901 911 -0.60987
901 991 0.32235
902 903 3.47862
902 912 0.16468
902 992 1.39611
903 904 0.4204
903 913 -0.12301
903 993 -1.40555
904 905 1.2393
904 914 -0.47811
904 994 -0.61381
905 906 1.11965
905 915 0.83898
905 995 -0.11662
906 907 0.78993
906 916 -1.62944
906 996 0.23096
907 908 -1.80145
907 917 -1.89625
907 997 0.53003
908 909 -1.60278
908 918 -0.62937
908 998 2.38712
909 919 1.03762
909 999 -0.86446
910 911 0.11124
910 919 0.91187
910 920 -2.34351
911 912 -0.01679
911 921 0.12566
912 913 0.45343
912 922 -0.32505
913 914 -0.28892
913 923 -0.00863
914 915 -1.40683
914 924 1.9601
915 916 0.73702
915 925 0.4669
916 917 -0.59168
916 926 -0.33014
917 918 0.83343
917 927 0.81787
918 919 -0.31374
918 928 -1.72537
919 929 1.20412
920 921 2.23025
920 929 -1.88415
920 930 -1.2759
921 922 0.99141
921 931 0.11582
922 923 -0.13046
922 932 1.64497
923 924 0.95696
923 933 -1.29859
924 925 -0.81145
924 934 0.66313
925 926 -0.70456
925 935 -1.29449
926 927 0.234
926 936 1.2436
927 928 -0.82892
927 937 0.38678
928 929 0.04356
928 938 0.60942
929 939 0.00849
930 931 -0.5167
930 939 -0.2612
930 940 0.23798
931 932 0.56528
931 941 -1.36188
932 933 -0.46911
932 942 1.8363
933 934 -0.38804
933 943 0.82708
934 935 1.18099
934 944 -0.41234
935 936 1.71363
935 945 0.14489
936 937 -0.02705
936 946 -0.97615
937 938 -0.43338
937 947 1.46505
938 939 -0.97845
938 948 0.92637
939 949 1.13401
940 941 0.01784
940 949 0.4104
940 950 -1.34251
941 942 0.30066
941 951 -0.39755
942 943 -0.69137
942 952 0.4896
943 944 0.5088
943 953 -0.44179
944 945 -1.16229
944 954 -2.11491
945 946 -1.35993
945 955 0.25173
946 947 0.95461
946 956 1.46319
947 948 -0.1972
947 957 0.79081
948 949 0.39491
948 958 0.27034
949 959 0.08405
950 951 -0.41959
950 959 -0.91016
950 960 0.39757
951 952 0.42045
951 961 -1.08731
952 953 -0.46029
952 962 1.57925
953 954 1.35362
953 963 0.81043
954 955 -0.43557
954 964 -0.16021
955 956 -1.02203
955 965 0.57843
956 957 0.16995
956 966 0.31265
957 958 0.25542
957 967 -0.546
958 959 -0.48564
958 968 0.77839
959 969 0.85389
960 961 0.66011
960 969 -1.79439
960 970 -0.92145
961 962 -1.2821
961 971 -0.81514
962 963 0.78694
962 972 -0.31324
963 964 0.64606
963 973 0.1555
964 965 -1.02695
964 974 0.25377
965 966 0.21728
965 975 -1.61216
966 967 -0.47459
966 976 1.87418
967 968 -0.01454
967 977 2.05748
968 969 0.44502
968 978 0.58258
969 979 -1.856
970 971 -0.22004
970 979 -0.87409
970 980 -0.98025
971 972 1.2122
971 981 0.01046
972 973 -0.58392
972 982 -0.50607
973 974 -0.18485
973 983 0.26928
974 975 0.81735
974 984 -1.29733
975 976 -2.02718
975 985 0.51764
976 977 -1.14243
976 986 -0.38432
977 978 0.28971
977 987 -0.02901
978 979 0.75959
978 988 0.64545
979 989 -1.28852
980 981 0.4009
980 989 0.19897
980 990 0.45285
981 982 -3.56833
981 991 0.26439
982 983 0.39569
982 992 -2.68625
983 984 -0.39262
983 993 0.256
984 985 2.1054
984 994 0.24541
985 986 2.2059
985 995 -0.08096
986 987 1.02859
986 996 -1.5173
987 988 0.5033
987 997 -0.32862
988 989 0.08857
988 998 0.45809
989 999 -0.1387
990 991 -0.19547
990 999 -2.21439
991 992 -2.31889
992 993 0.87443
993 994 0.87013
994 995 -0.67873
995 996 -1.75598
996 997 1.06004
997 998 0.5923
998 999 0.39328
