# model=ea3d N=1000 meanJ=0 seed=492757 distribution=gaussian field=0 num_fields=1000 num_couplings=3000 dim=3
0 0
1 0
2 0
3 0
4 0
5 0
6 0
7 0
8 0
9 0
10 0
11 0
12 0
13 0
14 0
15 0
16 0
17 0
18 0
19 0
20 0
21 0
22 0
23 0
24 0
25 0
26 0
27 0
28 0
29 0
30 0
31 0
32 0
33 0
34 0
35 0
36 0
37 0
38 0
39 0
40 0
41 0
42 0
43 0
44 0
45 0
46 0
47 0
48 0
49 0
50 0
51 0
52 0
53 0
54 0
55 0
56 0
57 0
58 0
59 0
60 0
61 0
62 0
63 0
64 0
65 0
66 0
67 0
68 0
69 0
70 0
71 0
72 0
73 0
74 0
75 0
76 0
77 0
78 0
79 0
80 0
81 0
82 0
83 0
84 0
85 0
86 0
87 0
88 0
89 0
90 0
91 0
92 0
93 0
94 0
95 0
96 0
97 0
98 0
99 0
100 0
101 0
102 0
103 0
104 0
105 0
106 0
107 0
108 0
109 0
110 0
111 0
112 0
113 0
114 0
115 0
116 0
117 0
118 0
119 0
120 0
121 0
122 0
123 0
124 0
125 0
126 0
127 0
128 0
129 0
130 0
131 0
132 0
133 0
134 0
135 0
136 0
137 0
138 0
139 0
140 0
141 0
142 0
143 0
144 0
145 0
146 0
147 0
148 0
149 0
150 0
151 0
152 0
153 0
154 0
155 0
156 0
157 0
158 0
159 0
160 0
161 0
162 0
163 0
164 0
165 0
166 0
167 0
168 0
169 0
170 0
171 0
172 0
173 0
174 0
175 0
176 0
177 0
178 0
179 0
180 0
181 0
182 0
183 0
184 0
185 0
186 0
187 0
188 0
189 0
190 0
191 0
192 0
193 0
194 0
195 0
196 0
197 0
198 0
199 0
200 0
201 0
202 0
203 0
204 0
205 0
206 0
207 0
208 0
209 0
210 0
211 0
212 0
213 0
214 0
215 0
216 0
217 0
218 0
219 0
220 0
221 0
222 0
223 0
224 0
225 0
226 0
227 0
228 0
229 0
230 0
231 0
232 0
233 0
234 0
235 0
236 0
237 0
238 0
239 0
240 0
241 0
242 0
243 0
244 0
245 0
246 0
247 0
248 0
249 0
250 0
251 0
252 0
253 0
254 0
255 0
256 0
257 0
258 0
259 0
260 0
261 0
262 0
263 0
264 0
265 0
266 0
267 0
268 0
269 0
270 0
271 0
272 0
273 0
274 0
275 0
276 0
277 0
278 0
279 0
280 0
281 0
282 0
283 0
284 0
285 0
286 0
287 0
288 0
289 0
290 0
291 0
292 0
293 0
294 0
295 0
296 0
297 0
298 0
299 0
300 0
301 0
302 0
303 0
304 0
305 0
306 0
307 0
308 0
309 0
310 0
311 0
312 0
313 0
314 0
315 0
316 0
317 0
318 0
319 0
320 0
321 0
322 0
323 0
324 0
325 0
326 0
327 0
328 0
329 0
330 0
331 0
332 0
333 0
334 0
335 0
336 0
337 0
338 0
339 0
340 0
341 0
342 0
343 0
344 0
345 0
346 0
347 0
348 0
349 0
350 0
351 0
352 0
353 0
354 0
355 0
356 0
357 0
358 0
359 0
360 0
361 0
362 0
363 0
364 0
365 0
366 0
367 0
368 0
369 0
370 0
371 0
372 0
373 0
374 0
375 0
376 0
377 0
378 0
379 0
380 0
381 0
382 0
383 0
384 0
385 0
386 0
387 0
388 0
389 0
390 0
391 0
392 0
393 0
394 0
395 0
396 0
397 0
398 0
399 0
400 0
401 0
402 0
403 0
404 0
405 0
406 0
407 0
408 0
409 0
410 0
411 0
412 0
413 0
414 0
415 0
416 0
417 0
418 0
419 0
420 0
421 0
422 0
423 0
424 0
425 0
426 0
427 0
428 0
429 0
430 0
431 0
432 0
433 0
434 0
435 0
436 0
437 0
438 0
439 0
440 0
441 0
442 0
443 0
444 0
445 0
446 0
447 0
448 0
449 0
450 0
451 0
452 0
453 0
454 0
455 0
456 0
457 0
458 0
459 0
460 0
461 0
462 0
463 0
464 0
465 0
466 0
467 0
468 0
469 0
470 0
471 0
472 0
473 0
474 0
475 0
476 0
477 0
478 0
479 0
480 0
481 0
482 0
483 0
484 0
485 0
486 0
487 0
488 0
489 0
490 0
491 0
492 0
493 0
494 0
495 0
496 0
497 0
498 0
499 0
500 0
501 0
502 0
503 0
504 0
505 0
506 0
507 0
508 0
509 0
510 0
511 0
512 0
513 0
514 0
515 0
516 0
517 0
518 0
519 0
520 0
521 0
522 0
523 0
524 0
525 0
526 0
527 0
528 0
529 0
530 0
531 0
532 0
533 0
534 0
535 0
536 0
537 0
538 0
539 0
540 0
541 0
542 0
543 0
544 0
545 0
546 0
547 0
548 0
549 0
550 0
551 0
552 0
553 0
554 0
555 0
556 0
557 0
558 0
559 0
560 0
561 0
562 0
563 0
564 0
565 0
566 0
567 0
568 0
569 0
570 0
571 0
572 0
573 0
574 0
575 0
576 0
577 0
578 0
579 0
580 0
581 0
582 0
583 0
584 0
585 0
586 0
587 0
588 0
589 0
590 0
591 0
592 0
593 0
594 0
595 0
596 0
597 0
598 0
599 0
600 0
601 0
602 0
603 0
604 0
605 0
606 0
607 0
608 0
609 0
610 0
611 0
612 0
613 0
614 0
615 0
616 0
617 0
618 0
619 0
620 0
621 0
622 0
623 0
624 0
625 0
626 0
627 0
628 0
629 0
630 0
631 0
632 0
633 0
634 0
635 0
636 0
637 0
638 0
639 0
640 0
641 0
642 0
643 0
644 0
645 0
646 0
647 0
648 0
649 0
650 0
651 0
652 0
653 0
654 0
655 0
656 0
657 0
658 0
659 0
660 0
661 0
662 0
663 0
664 0
665 0
666 0
667 0
668 0
669 0
670 0
671 0
672 0
673 0
674 0
675 0
676 0
677 0
678 0
679 0
680 0
681 0
682 0
683 0
684 0
685 0
686 0
687 0
688 0
689 0
690 0
691 0
692 0
693 0
694 0
695 0
696 0
697 0
698 0
699 0
700 0
701 0
702 0
703 0
704 0
705 0
706 0
707 0
708 0
709 0
710 0
711 0
712 0
713 0
714 0
715 0
716 0
717 0
718 0
719 0
720 0
721 0
722 0
723 0
724 0
725 0
726 0
727 0
728 0
729 0
730 0
731 0
732 0
733 0
734 0
735 0
736 0
737 0
738 0
739 0
740 0
741 0
742 0
743 0
744 0
745 0
746 0
747 0
748 0
749 0
750 0
751 0
752 0
753 0
754 0
755 0
756 0
757 0
758 0
759 0
760 0
761 0
762 0
763 0
764 0
765 0
766 0
767 0
768 0
769 0
770 0
771 0
772 0
773 0
774 0
775 0
776 0
777 0
778 0
779 0
780 0
781 0
782 0
783 0
784 0
785 0
786 0
787 0
788 0
789 0
790 0
791 0
792 0
793 0
794 0
795 0
796 0
797 0
798 0
799 0
800 0
801 0
802 0
803 0
804 0
805 0
806 0
807 0
808 0
809 0
810 0
811 0
812 0
813 0
814 0
815 0
816 0
817 0
818 0
819 0
820 0
821 0
822 0
823 0
824 0
825 0
826 0
827 0
828 0
829 0
830 0
831 0
832 0
833 0
834 0
835 0
836 0
837 0
838 0
839 0
840 0
841 0
842 0
843 0
844 0
845 0
846 0
847 0
848 0
849 0
850 0
851 0
852 0
853 0
854 0
855 0
856 0
857 0
858 0
859 0
860 0
861 0
862 0
863 0
864 0
865 0
866 0
867 0
868 0
869 0
870 0
871 0
872 0
873 0
874 0
875 0
876 0
877 0
878 0
879 0
880 0
881 0
882 0
883 0
884 0
885 0
886 0
887 0
888 0
889 0
890 0
891 0
892 0
893 0
894 0
895 0
896 0
897 0
898 0
899 0
900 0
901 0
902 0
903 0
904 0
905 0
906 0
907 0
908 0
909 0
910 0
911 0
912 0
913 0
914 0
915 0
916 0
917 0
918 0
919 0
920 0
921 0
922 0
923 0
924 0
925 0
926 0
927 0
928 0
929 0
930 0
931 0
932 0
933 0
934 0
935 0
936 0
937 0
938 0
939 0
940 0
941 0
942 0
943 0
944 0
945 0
946 0
947 0
948 0
949 0
950 0
951 0
952 0
953 0
954 0
955 0
956 0
957 0
958 0
959 0
960 0
961 0
962 0
963 0
964 0
965 0
966 0
967 0
968 0
969 0
970 0
971 0
972 0
973 0
974 0
975 0
976 0
977 0
978 0
979 0
980 0
981 0
982 0
983 0
984 0
985 0
986 0
987 0
988 0
989 0
990 0
991 0
992 0
993 0
994 0
995 0
996 0
997 0
998 0
999 0
0 1 -1.601330
0 10 0.250320
0 100 -1.071818
1 2 0.665525
1 11 -0.666591
1 101 -1.557309
2 3 -0.604506
2 12 -0.961598
2 102 -0.751543
3 4 -0.833133
3 13 0.512151
3 103 0.827497
4 5 0.384509
4 14 -0.954590
4 104 -0.245582
5 6 -1.268791
5 15 1.091158
5 105 -0.682735
6 7 0.129721
6 16 0.230961
6 106 1.010251
7 8 0.562572
7 17 1.283649
7 107 -1.452678
8 9 -1.188976
8 18 0.167423
8 108 1.745084
9 0 -0.304388
9 19 -1.134624
9 109 1.096592
10 11 0.062684
10 20 -0.801271
10 110 0.700189
11 12 -0.345859
11 21 1.572400
11 111 1.627198
12 13 0.153968
12 22 -1.566236
12 112 0.680273
13 14 0.222542
13 23 -0.387524
13 113 -0.811550
14 15 0.107839
14 24 0.709382
14 114 -0.738277
15 16 0.660013
15 25 -1.657097
15 115 1.844298
16 17 -0.820807
16 26 -1.783965
16 116 1.127506
17 18 -0.031550
17 27 -0.191255
17 117 -3.326641
18 19 0.308314
18 28 0.503811
18 118 -0.746035
19 10 1.844822
19 29 0.250243
19 119 -0.360780
20 21 -1.019382
20 30 -0.499157
20 120 -0.531201
21 22 -0.287346
21 31 -0.418040
21 121 -0.116009
22 23 -0.716020
22 32 -0.172927
22 122 -1.248117
23 24 -1.384585
23 33 0.062371
23 123 1.260591
24 25 -0.503536
24 34 -0.957165
24 124 -1.132015
25 26 0.395700
25 35 0.546214
25 125 1.400137
26 27 1.149285
26 36 -0.817500
26 126 1.791429
27 28 2.176911
27 37 -0.920872
27 127 0.212566
28 29 0.538615
28 38 1.755675
28 128 -0.252449
29 20 -0.679145
29 39 -0.508305
29 129 -0.609795
30 31 -0.289030
30 40 0.340170
30 130 1.762235
31 32 0.812207
31 41 -0.073391
31 131 -0.415985
32 33 -0.715355
32 42 0.243447
32 132 0.324135
33 34 0.814008
33 43 0.670781
33 133 0.090908
34 35 -1.832476
34 44 0.092309
34 134 -0.298771
35 36 -0.320896
35 45 -0.790861
35 135 -0.822064
36 37 0.701230
36 46 0.312923
36 136 -0.669256
37 38 -1.181844
37 47 1.137692
37 137 -0.137203
38 39 0.391794
38 48 -0.713745
38 138 0.782223
39 30 0.032506
39 49 0.621314
39 139 -2.045455
40 41 0.446514
40 50 0.072634
40 140 0.184294
41 42 0.574384
41 51 -1.359753
41 141 -1.386940
42 43 -2.462385
42 52 0.117654
42 142 -0.907808
43 44 -1.383344
43 53 -0.582831
43 143 0.875900
44 45 -0.790855
44 54 -0.950611
44 144 -0.030543
45 46 1.085882
45 55 0.358858
45 145 -0.193956
46 47 -1.383891
46 56 -0.541096
46 146 -1.308057
47 48 -0.827432
47 57 -0.967926
47 147 1.075272
48 49 -1.146687
48 58 -0.186135
48 148 -0.245466
49 40 -1.730550
49 59 -1.386494
49 149 0.160213
50 51 0.388188
50 60 1.303074
50 150 -0.472431
51 52 -0.278233
51 61 0.993745
51 151 0.278841
52 53 0.193975
52 62 0.223528
52 152 -1.581108
53 54 0.734133
53 63 0.541329
53 153 0.874541
54 55 -0.877805
54 64 1.650107
54 154 -0.228702
55 56 -0.258279
55 65 -0.194959
55 155 -1.773459
56 57 1.168615
56 66 -0.263222
56 156 -0.892606
57 58 -0.023112
57 67 0.972583
57 157 1.015756
58 59 -0.137134
58 68 0.102855
58 158 -0.090040
59 50 0.633944
59 69 0.061152
59 159 1.683839
60 61 -0.305571
60 70 1.237782
60 160 0.062292
61 62 0.465367
61 71 0.834565
61 161 -1.638234
62 63 0.230153
62 72 0.011621
62 162 -0.574140
63 64 0.064250
63 73 -1.524284
63 163 0.642528
64 65 -0.101555
64 74 -0.345298
64 164 -0.570373
65 66 0.073446
65 75 -1.065580
65 165 0.051495
66 67 -0.030119
66 76 0.393110
66 166 -2.076172
67 68 1.085198
67 77 -1.164768
67 167 0.052515
68 69 -0.502710
68 78 -1.152657
68 168 -1.306533
69 60 -0.367512
69 79 -0.105284
69 169 1.627950
70 71 -0.954640
70 80 -1.544951
70 170 -0.223071
71 72 -0.069770
71 81 0.953663
71 171 0.077331
72 73 0.205170
72 82 -1.538605
72 172 -0.277940
73 74 1.541340
73 83 -0.650147
73 173 0.142806
74 75 0.564524
74 84 -0.814276
74 174 -0.464133
75 76 0.190244
75 85 -0.714851
75 175 -1.092014
76 77 -0.147994
76 86 2.424370
76 176 2.046110
77 78 1.635290
77 87 -1.419251
77 177 -0.746810
78 79 -0.615268
78 88 -0.125246
78 178 0.114164
79 70 0.591326
79 89 -0.658587
79 179 0.277319
80 81 0.830286
80 90 0.107155
80 180 1.114681
81 82 -1.455679
81 91 -0.142055
81 181 1.207593
82 83 -1.464405
82 92 0.671277
82 182 2.120844
83 84 0.467490
83 93 0.782800
83 183 -0.391126
84 85 0.383009
84 94 -0.823285
84 184 -0.776261
85 86 -0.100237
85 95 0.027798
85 185 -1.440225
86 87 0.842487
86 96 0.879583
86 186 0.582108
87 88 -1.025947
87 97 0.314744
87 187 1.012837
88 89 2.617352
88 98 -1.318993
88 188 -0.382722
89 80 1.300998
89 99 0.076525
89 189 -0.794655
90 91 0.557248
90 0 -1.973364
90 190 -0.569761
91 92 -1.340431
91 1 0.322626
91 191 1.223402
92 93 -0.714301
92 2 -0.785218
92 192 0.716748
93 94 -0.725721
93 3 -0.753766
93 193 1.639268
94 95 1.263595
94 4 0.427493
94 194 -0.189837
95 96 0.462924
95 5 -0.972027
95 195 1.229768
96 97 -0.850675
96 6 0.062728
96 196 -0.387182
97 98 0.725262
97 7 0.093427
97 197 -0.319454
98 99 -2.049739
98 8 -0.827021
98 198 1.191128
99 90 -1.530162
99 9 -0.884102
99 199 -0.948431
100 101 0.678109
100 110 -0.631353
100 200 1.271841
101 102 0.137981
101 111 -1.392592
101 201 -0.903456
102 103 -0.676313
102 112 0.765419
102 202 -0.656433
103 104 -0.115026
103 113 1.548676
103 203 -0.447167
104 105 -0.300777
104 114 -0.038831
104 204 0.438499
105 106 -0.156539
105 115 0.638414
105 205 -0.991249
106 107 -0.702274
106 116 0.945556
106 206 1.216910
107 108 -0.430618
107 117 -0.704430
107 207 -0.292434
108 109 0.074632
108 118 1.185215
108 208 0.756349
109 100 -0.710303
109 119 -0.809395
109 209 0.099801
110 111 -0.274838
110 120 0.130731
110 210 -1.285073
111 112 -0.507680
111 121 -0.267728
111 211 1.520441
112 113 1.245102
112 122 -0.282192
112 212 -1.633788
113 114 1.898829
113 123 -0.490021
113 213 1.344491
114 115 1.326379
114 124 0.971982
114 214 1.082292
115 116 0.515340
115 125 1.188754
115 215 1.287286
116 117 0.992872
116 126 1.231652
116 216 0.861305
117 118 1.287995
117 127 1.522152
117 217 -1.299979
118 119 -0.303136
118 128 -1.466047
118 218 -0.815406
119 110 0.939369
119 129 -0.195496
119 219 -0.361616
120 121 -0.092591
120 130 -0.709295
120 220 -0.760952
121 122 -0.563243
121 131 -1.024542
121 221 -0.194668
122 123 -0.917728
122 132 -0.157953
122 222 0.511520
123 124 -1.285799
123 133 0.774692
123 223 0.716369
124 125 0.632257
124 134 -0.444213
124 224 0.017376
125 126 1.102176
125 135 0.259260
125 225 -1.888117
126 127 -0.608257
126 136 -2.105181
126 226 -0.352472
127 128 0.216948
127 137 -0.013234
127 227 1.285383
128 129 0.511612
128 138 0.118920
128 228 -1.867436
129 120 0.878947
129 139 -0.090292
129 229 -1.296881
130 131 -1.622551
130 140 -0.521644
130 230 0.577237
131 132 2.079070
131 141 0.627125
131 231 0.345630
132 133 0.240331
132 142 0.965008
132 232 -0.412423
133 134 -0.106409
133 143 -2.688784
133 233 -0.537276
134 135 1.121354
134 144 -0.054763
134 234 0.103180
135 136 -0.347367
135 145 0.143683
135 235 -2.139047
136 137 -0.073749
136 146 1.030313
136 236 -1.063326
137 138 -0.319997
137 147 -1.214261
137 237 -0.111978
138 139 1.733751
138 148 0.064501
138 238 0.451578
139 130 -0.155481
139 149 -1.355251
139 239 -0.070976
140 141 -0.561986
140 150 -0.838069
140 240 -0.440738
141 142 -1.034842
141 151 -0.010662
141 241 0.197179
142 143 1.852129
142 152 -0.254380
142 242 -2.377649
143 144 -1.731758
143 153 2.043564
143 243 0.733521
144 145 -0.854649
144 154 0.898050
144 244 0.070310
145 146 -0.449633
145 155 -0.547492
145 245 0.005257
146 147 -0.456188
146 156 -0.363474
146 246 -0.193034
147 148 -0.324711
147 157 -0.075575
147 247 -0.108990
148 149 -0.274244
148 158 -0.024114
148 248 -0.054225
149 140 -0.549060
149 159 -0.226456
149 249 -0.293956
150 151 0.673883
150 160 -0.388616
150 250 -0.596311
151 152 -1.989913
151 161 0.495353
151 251 -0.937617
152 153 0.026649
152 162 1.828807
152 252 0.284607
153 154 -0.027848
153 163 -0.516778
153 253 -0.687793
154 155 0.155064
154 164 -1.258185
154 254 -1.837486
155 156 0.540325
155 165 1.185225
155 255 -0.090354
156 157 1.751776
156 166 -0.184359
156 256 -0.428804
157 158 -0.104137
157 167 0.247727
157 257 -0.817468
158 159 -0.291548
158 168 0.621987
158 258 -0.589740
159 150 0.075771
159 169 -0.354362
159 259 0.888370
160 161 1.156574
160 170 -0.270734
160 260 2.063436
161 162 -0.250211
161 171 0.287814
161 261 -0.366981
162 163 1.109215
162 172 1.848924
162 262 -0.810886
163 164 -0.386123
163 173 1.841500
163 263 -1.373968
164 165 -0.119092
164 174 -0.266197
164 264 -0.284484
165 166 -0.053349
165 175 -1.797651
165 265 0.331806
166 167 0.653036
166 176 1.554417
166 266 -0.261089
167 168 -0.708289
167 177 0.539250
167 267 -0.198247
168 169 -0.560832
168 178 -1.748051
168 268 -0.290023
169 160 -0.895486
169 179 1.222371
169 269 -1.321230
170 171 1.051984
170 180 1.587057
170 270 0.789818
171 172 -0.387265
171 181 1.538080
171 271 0.453262
172 173 -0.355738
172 182 -1.311882
172 272 -0.144796
173 174 1.178992
173 183 -0.793295
173 273 -0.683984
174 175 0.283660
174 184 0.109021
174 274 -0.219219
175 176 0.969363
175 185 -0.765245
175 275 0.413192
176 177 -0.465805
176 186 0.087577
176 276 -0.137000
177 178 -0.005875
177 187 0.187108
177 277 -1.295164
178 179 -1.498931
178 188 1.048624
178 278 -0.394583
179 170 -0.433968
179 189 0.323024
179 279 0.757644
180 181 0.064134
180 190 0.978395
180 280 1.487724
181 182 0.125118
181 191 1.434161
181 281 -0.292397
182 183 -2.422148
182 192 0.614076
182 282 0.242312
183 184 -0.504999
183 193 1.718731
183 283 -1.346647
184 185 1.507002
184 194 1.005113
184 284 -1.725371
185 186 -0.195074
185 195 0.015757
185 285 0.513671
186 187 -1.143954
186 196 -0.467966
186 286 -0.914098
187 188 -0.898535
187 197 -0.537467
187 287 -0.927177
188 189 -1.160608
188 198 -0.004678
188 288 0.306507
189 180 -2.094585
189 199 -1.432273
189 289 -0.165276
190 191 -1.401096
190 100 0.666029
190 290 -0.760008
191 192 -0.034962
191 101 -0.477825
191 291 1.728513
192 193 0.621603
192 102 0.777787
192 292 -1.058729
193 194 0.976168
193 103 -0.223444
193 293 -0.564618
194 195 0.570651
194 104 -0.642148
194 294 -1.092068
195 196 -0.570228
195 105 0.737224
195 295 -1.392285
196 197 -1.546466
196 106 -1.424520
196 296 1.251011
197 198 -1.362114
197 107 -0.106497
197 297 -0.819528
198 199 0.741132
198 108 -0.023122
198 298 -0.661528
199 190 -1.078846
199 109 -0.010828
199 299 1.501208
200 201 -0.224800
200 210 -0.509168
200 300 0.140652
201 202 -0.542771
201 211 -0.853637
201 301 1.013969
202 203 0.177695
202 212 -0.638524
202 302 0.449182
203 204 -1.905513
203 213 -0.290542
203 303 1.334157
204 205 -0.070484
204 214 -1.035252
204 304 0.600628
205 206 0.613888
205 215 -0.381033
205 305 0.200454
206 207 1.853482
206 216 0.398306
206 306 -0.061375
207 208 0.785974
207 217 -0.096984
207 307 1.445617
208 209 -1.169231
208 218 0.647162
208 308 -0.146039
209 200 0.066135
209 219 -1.422967
209 309 -0.372278
210 211 -1.135084
210 220 0.736015
210 310 0.087481
211 212 0.122227
211 221 -0.574249
211 311 0.604836
212 213 0.636507
212 222 -1.592072
212 312 -1.306314
213 214 0.618928
213 223 -0.933125
213 313 -0.610067
214 215 0.414190
214 224 0.447648
214 314 -0.384045
215 216 -0.444457
215 225 0.404990
215 315 -0.702566
216 217 0.488347
216 226 -0.352672
216 316 -0.579000
217 218 -0.117816
217 227 1.882318
217 317 0.283278
218 219 -0.009855
218 228 -0.673396
218 318 1.345042
219 210 0.578126
219 229 0.115503
219 319 0.915261
220 221 1.308267
220 230 0.129793
220 320 -0.320641
221 222 1.151146
221 231 0.121391
221 321 0.119229
222 223 1.697666
222 232 3.261379
222 322 0.199492
223 224 0.009180
223 233 -0.455216
223 323 1.609838
224 225 0.942009
224 234 0.466149
224 324 -2.186013
225 226 -0.874252
225 235 -0.030785
225 325 0.291969
226 227 0.614003
226 236 1.536060
226 326 -0.509053
227 228 -0.041614
227 237 -0.801583
227 327 0.366225
228 229 0.251821
228 238 -1.390332
228 328 1.661675
229 220 -0.681316
229 239 0.301072
229 329 -1.807093
230 231 -0.990200
230 240 -1.906184
230 330 0.715390
231 232 0.714528
231 241 -0.885544
231 331 -0.304359
232 233 0.475309
232 242 1.404818
232 332 -0.514172
233 234 -0.225908
233 243 0.170454
233 333 -0.391039
234 235 0.198538
234 244 0.563941
234 334 -1.405578
235 236 0.461377
235 245 -1.234386
235 335 -0.389691
236 237 1.260840
236 246 0.585222
236 336 1.090656
237 238 -1.284481
237 247 -1.823542
237 337 -0.084907
238 239 0.158856
238 248 1.621909
238 338 -0.618772
239 230 -1.125868
239 249 -0.866058
239 339 1.600412
240 241 0.500356
240 250 0.641746
240 340 -1.072335
241 242 -0.919057
241 251 -2.174440
241 341 -0.061102
242 243 1.361382
242 252 -1.317786
242 342 -0.540532
243 244 -1.728483
243 253 0.837956
243 343 1.123258
244 245 -0.196731
244 254 -0.630886
244 344 -0.646604
245 246 -1.157918
245 255 0.581907
245 345 -0.152438
246 247 -0.045188
246 256 -0.858953
246 346 2.442735
247 248 -0.304451
247 257 -1.329805
247 347 -0.899152
248 249 0.862465
248 258 -0.652671
248 348 -1.247073
249 240 1.164670
249 259 0.423304
249 349 1.141396
250 251 -0.698343
250 260 -0.064579
250 350 1.103567
251 252 -0.984542
251 261 -1.128915
251 351 -0.375500
252 253 1.198228
252 262 -0.560024
252 352 -0.749565
253 254 0.195632
253 263 0.088305
253 353 -2.399893
254 255 0.401943
254 264 -0.007520
254 354 0.289736
255 256 1.829068
255 265 0.050853
255 355 -1.001653
256 257 -0.217717
256 266 0.560024
256 356 0.517202
257 258 0.076099
257 267 -1.402577
257 357 0.212406
258 259 -0.837948
258 268 0.823759
258 358 1.520494
259 250 -0.585677
259 269 -0.144778
259 359 0.326757
260 261 -1.067486
260 270 -0.904394
260 360 -0.401537
261 262 0.496435
261 271 0.411239
261 361 0.610197
262 263 1.511978
262 272 -0.931534
262 362 1.833578
263 264 0.031791
263 273 0.494265
263 363 0.068752
264 265 -0.482773
264 274 0.784852
264 364 0.007141
265 266 -2.118507
265 275 -0.424446
265 365 -0.005348
266 267 0.431762
266 276 -0.552461
266 366 0.560430
267 268 0.304193
267 277 -0.818689
267 367 0.120337
268 269 1.041061
268 278 0.782048
268 368 0.212792
269 260 0.487231
269 279 -1.329454
269 369 -0.329134
270 271 0.338002
270 280 -0.792820
270 370 0.205073
271 272 0.819861
271 281 0.833123
271 371 0.098986
272 273 -0.459856
272 282 0.450408
272 372 0.318290
273 274 0.122792
273 283 0.097573
273 373 1.148330
274 275 0.418965
274 284 -0.879088
274 374 -0.327394
275 276 0.603419
275 285 -0.635840
275 375 -1.543772
276 277 1.502380
276 286 0.328756
276 376 -1.172814
277 278 2.260503
277 287 1.767014
277 377 0.102514
278 279 -0.535510
278 288 -0.681170
278 378 2.982649
279 270 -0.023442
279 289 -0.605281
279 379 -0.458461
280 281 -0.056964
280 290 -1.440794
280 380 -0.075989
281 282 -1.065475
281 291 -0.092418
281 381 -2.057561
282 283 0.289329
282 292 -0.411661
282 382 0.942711
283 284 -0.060099
283 293 -0.531688
283 383 -1.404755
284 285 -0.135643
284 294 0.593381
284 384 0.228927
285 286 -1.029193
285 295 -0.948374
285 385 -1.696907
286 287 0.507659
286 296 0.388625
286 386 -1.161589
287 288 0.175422
287 297 0.549373
287 387 1.899392
288 289 0.263989
288 298 -1.120790
288 388 -1.224598
289 280 -0.491434
289 299 -1.394092
289 389 1.134277
290 291 1.582639
290 200 0.371300
290 390 0.099942
291 292 1.154722
291 201 0.628651
291 391 -0.862779
292 293 1.623157
292 202 -1.844688
292 392 -0.006635
293 294 -0.391253
293 203 -1.426933
293 393 -0.773713
294 295 -0.419549
294 204 -0.344575
294 394 -0.571723
295 296 -0.430758
295 205 1.379493
295 395 1.591126
296 297 1.219044
296 206 -0.156242
296 396 -0.961927
297 298 -0.485309
297 207 0.631720
297 397 -1.499790
298 299 0.463220
298 208 2.408612
298 398 0.056676
299 290 -0.204633
299 209 2.058690
299 399 -1.196949
300 301 -0.506042
300 310 0.565389
300 400 -0.502388
301 302 0.321631
301 311 1.334971
301 401 -0.224760
302 303 1.360207
302 312 -0.164173
302 402 -1.173704
303 304 -1.120036
303 313 -2.163963
303 403 0.027842
304 305 1.637585
304 314 2.032404
304 404 0.900388
305 306 -0.212009
305 315 0.543832
305 405 0.986478
306 307 -0.742398
306 316 -0.861776
306 406 1.593029
307 308 1.851380
307 317 0.995299
307 407 0.029109
308 309 -0.103130
308 318 -1.204719
308 408 -0.169440
309 300 0.997914
309 319 -0.695065
309 409 0.156272
310 311 1.260045
310 320 1.852570
310 410 0.862660
311 312 -0.330479
311 321 -0.603956
311 411 0.795369
312 313 -2.385320
312 322 0.871944
312 412 -0.701959
313 314 -1.314408
313 323 -1.668622
313 413 -0.919381
314 315 -0.296129
314 324 -2.298476
314 414 -0.407235
315 316 0.077748
315 325 -1.924446
315 415 0.541848
316 317 -0.230410
316 326 -0.512994
316 416 1.552871
317 318 0.686071
317 327 -1.226999
317 417 -1.972226
318 319 -0.408662
318 328 -0.164646
318 418 1.211116
319 310 0.641759
319 329 -0.289412
319 419 0.661741
320 321 0.037095
320 330 -0.309113
320 420 0.256315
321 322 -0.268788
321 331 0.964766
321 421 -0.643466
322 323 -0.319688
322 332 -1.347160
322 422 -0.242406
323 324 -0.287563
323 333 0.685116
323 423 0.694097
324 325 -0.164968
324 334 -1.340166
324 424 0.367282
325 326 0.077579
325 335 -0.482213
325 425 -1.611939
326 327 -1.143331
326 336 -0.958698
326 426 0.594407
327 328 -1.506300
327 337 -0.174446
327 427 0.471572
328 329 -0.105506
328 338 -1.230480
328 428 1.228758
329 320 -0.340473
329 339 0.644108
329 429 0.742520
330 331 -1.531444
330 340 0.612166
330 430 -2.753573
331 332 -0.640308
331 341 0.709515
331 431 -0.752404
332 333 1.002945
332 342 0.067837
332 432 -0.067083
333 334 0.189112
333 343 1.573305
333 433 0.665416
334 335 -1.451163
334 344 -0.997002
334 434 0.282297
335 336 0.286918
335 345 2.156171
335 435 0.623303
336 337 -1.078737
336 346 0.412640
336 436 -0.178893
337 338 0.096252
337 347 0.138082
337 437 -1.282906
338 339 -0.534640
338 348 1.058348
338 438 -0.171651
339 330 -0.643075
339 349 -0.101867
339 439 0.131724
340 341 -0.434668
340 350 -0.133718
340 440 0.179820
341 342 0.300790
341 351 0.232080
341 441 -0.256193
342 343 -1.290630
342 352 0.081399
342 442 1.923846
343 344 0.275826
343 353 -0.395228
343 443 1.303913
344 345 -0.418026
344 354 0.080300
344 444 0.532940
345 346 -0.593991
345 355 0.308731
345 445 1.198022
346 347 -2.564185
346 356 -0.294543
346 446 -0.010920
347 348 -0.310852
347 357 1.143507
347 447 -1.262617
348 349 0.342849
348 358 0.470298
348 448 0.904791
349 340 -0.362420
349 359 1.566635
349 449 -1.550104
350 351 -0.726040
350 360 0.525146
350 450 0.549455
351 352 0.702685
351 361 -2.458238
351 451 1.488536
352 353 -0.138331
352 362 -0.029685
352 452 0.147475
353 354 0.159647
353 363 -0.040011
353 453 -0.901622
354 355 -0.181486
354 364 0.885571
354 454 -1.097492
355 356 -0.584640
355 365 -0.189615
355 455 0.074563
356 357 0.155049
356 366 -0.817484
356 456 1.187738
357 358 -0.388194
357 367 -0.726664
357 457 0.989925
358 359 -0.340433
358 368 -2.603717
358 458 0.004295
359 350 1.304645
359 369 -2.226589
359 459 0.061705
360 361 1.081007
360 370 0.336049
360 460 0.404038
361 362 -0.398389
361 371 -0.263971
361 461 0.641532
362 363 -1.057264
362 372 0.137278
362 462 -1.151763
363 364 -1.736466
363 373 -0.452754
363 463 -2.796489
364 365 -1.476622
364 374 1.684870
364 464 1.594360
365 366 0.791485
365 375 0.164699
365 465 1.181302
366 367 0.418030
366 376 0.786851
366 466 -0.093456
367 368 -0.364284
367 377 -0.811485
367 467 -0.776720
368 369 -0.768057
368 378 2.734633
368 468 0.889836
369 360 1.083431
369 379 -1.082891
369 469 -0.258057
370 371 -1.146267
370 380 -0.876741
370 470 0.016951
371 372 -0.126397
371 381 0.365436
371 471 -0.870909
372 373 0.107344
372 382 2.294003
372 472 -1.250460
373 374 -0.045357
373 383 0.303753
373 473 -0.545246
374 375 -0.851309
374 384 0.736041
374 474 0.957219
375 376 -0.074449
375 385 0.888272
375 475 -0.888585
376 377 -1.232323
376 386 -0.155019
376 476 -0.431243
377 378 -0.762413
377 387 0.991309
377 477 -0.637898
378 379 -1.045285
378 388 -0.789220
378 478 -0.803992
379 370 -1.884977
379 389 -0.878519
379 479 0.606548
380 381 -1.090033
380 390 -1.012588
380 480 1.050977
381 382 0.019845
381 391 0.650898
381 481 -0.806082
382 383 -0.938108
382 392 0.888466
382 482 -0.172540
383 384 1.399392
383 393 -1.071955
383 483 -0.846549
384 385 -0.364119
384 394 -2.127466
384 484 -0.233119
385 386 0.503145
385 395 -0.826412
385 485 -1.015838
386 387 -1.355989
386 396 -0.508340
386 486 -0.327923
387 388 1.243097
387 397 -1.650280
387 487 2.339479
388 389 -0.730339
388 398 1.490080
388 488 -0.416888
389 380 -0.110486
389 399 0.130159
389 489 0.098271
390 391 1.136920
390 300 0.472382
390 490 0.711109
391 392 -0.596232
391 301 -0.183574
391 491 -1.802719
392 393 0.185702
392 302 -1.307040
392 492 0.189926
393 394 0.480990
393 303 0.189966
393 493 -1.100914
394 395 0.012009
394 304 -1.346166
394 494 -0.246849
395 396 -0.296067
395 305 -2.259713
395 495 2.485237
396 397 -0.466195
396 306 -0.286748
396 496 -0.749617
397 398 1.439928
397 307 0.008579
397 497 -0.280274
398 399 -0.657594
398 308 -0.519443
398 498 -0.317666
399 390 -0.965559
399 309 1.776768
399 499 -0.476225
400 401 0.452330
400 410 1.646606
400 500 2.281763
401 402 -0.193600
401 411 -0.891262
401 501 0.503471
402 403 -1.411854
402 412 -0.882913
402 502 2.540983
403 404 -1.643890
403 413 1.017185
403 503 1.317136
404 405 -0.025141
404 414 0.073977
404 504 -0.221788
405 406 -0.657761
405 415 -0.330789
405 505 -0.297293
406 407 -0.285740
406 416 1.734810
406 506 0.408855
407 408 -1.718591
407 417 1.091133
407 507 -0.550718
408 409 1.532184
408 418 -0.567792
408 508 -0.259899
409 400 0.035359
409 419 0.987058
409 509 0.720517
410 411 -0.709239
410 420 1.033677
410 510 -1.712548
411 412 0.851315
411 421 -1.092177
411 511 -1.583940
412 413 0.340153
412 422 1.530704
412 512 2.492724
413 414 -1.077271
413 423 1.094747
413 513 0.469501
414 415 -0.990507
414 424 -0.381968
414 514 0.009749
415 416 0.171775
415 425 -0.460067
415 515 0.770801
416 417 -1.575371
416 426 0.899543
416 516 0.425264
417 418 0.958363
417 427 1.904014
417 517 -0.756453
418 419 -0.512952
418 428 -1.778718
418 518 -0.466468
419 410 0.427611
419 429 -0.705353
419 519 0.297014
420 421 0.678237
420 430 -0.508346
420 520 1.157884
421 422 0.424905
421 431 0.766643
421 521 -0.512554
422 423 -1.685999
422 432 -0.921548
422 522 1.102250
423 424 -0.802999
423 433 -1.199140
423 523 0.720340
424 425 1.932656
424 434 0.903741
424 524 -1.292907
425 426 0.584209
425 435 -0.878751
425 525 0.725985
426 427 1.569652
426 436 -1.222348
426 526 -0.565954
427 428 -0.050188
427 437 0.611586
427 527 0.686123
428 429 -2.292601
428 438 -0.073817
428 528 0.219602
429 420 1.498322
429 439 -0.571135
429 529 -0.421916
430 431 -0.580915
430 440 0.522294
430 530 0.050827
431 432 -1.213934
431 441 1.430020
431 531 1.449564
432 433 2.530734
432 442 0.585905
432 532 1.607098
433 434 0.166049
433 443 -1.707391
433 533 0.760239
434 435 2.344955
434 444 0.760841
434 534 0.732069
435 436 -0.266181
435 445 0.256079
435 535 0.550972
436 437 -1.607780
436 446 -0.046121
436 536 0.495583
437 438 -0.304832
437 447 -1.864928
437 537 -0.589999
438 439 -1.776818
438 448 -0.036943
438 538 -0.203422
439 430 -1.260652
439 449 -0.945362
439 539 -0.545288
440 441 -1.072568
440 450 0.001011
440 540 1.235751
441 442 -0.052951
441 451 -0.333070
441 541 0.919572
442 443 -0.270275
442 452 -0.439816
442 542 -0.823323
443 444 1.673375
443 453 0.154559
443 543 -1.394175
444 445 -1.042581
444 454 -0.705546
444 544 -0.517375
445 446 -1.763035
445 455 0.329663
445 545 -0.044658
446 447 1.530448
446 456 1.644321
446 546 0.414606
447 448 1.743699
447 457 0.064380
447 547 -0.818160
448 449 -0.740417
448 458 1.900884
448 548 0.327415
449 440 0.139964
449 459 -0.241304
449 549 0.747171
450 451 0.145250
450 460 -0.202950
450 550 0.056863
451 452 1.342684
451 461 -0.858607
451 551 0.131824
452 453 1.958381
452 462 0.115702
452 552 -1.554962
453 454 -0.355202
453 463 0.526916
453 553 0.855299
454 455 -1.783651
454 464 -0.175157
454 554 -0.272225
455 456 -0.402606
455 465 -0.106096
455 555 0.840147
456 457 0.666443
456 466 0.089903
456 556 0.403074
457 458 -0.757525
457 467 -1.184553
457 557 -0.213347
458 459 1.658970
458 468 0.059123
458 558 0.766648
459 450 -0.850740
459 469 0.401200
459 559 0.572641
460 461 -0.755205
460 470 0.034017
460 560 -0.352816
461 462 -0.401906
461 471 -1.284019
461 561 -0.780429
462 463 -0.797681
462 472 -1.385857
462 562 -0.108446
463 464 -0.928924
463 473 -0.365314
463 563 -0.120185
464 465 0.048113
464 474 0.996254
464 564 1.068303
465 466 -0.949155
465 475 0.664840
465 565 -1.104676
466 467 -0.712329
466 476 0.457850
466 566 -0.555083
467 468 -0.398738
467 477 -0.570723
467 567 -0.246892
468 469 0.016847
468 478 1.164341
468 568 -2.516705
469 460 0.665505
469 479 0.821364
469 569 0.504545
470 471 -0.196807
470 480 -0.458999
470 570 0.938627
471 472 0.741451
471 481 -0.338128
471 571 -0.286733
472 473 0.223950
472 482 -0.749704
472 572 -0.665030
473 474 0.412826
473 483 -1.023874
473 573 -0.353482
474 475 -0.616146
474 484 0.209996
474 574 -0.261012
475 476 -0.522124
475 485 1.435784
475 575 1.313883
476 477 2.315371
476 486 -1.669637
476 576 -0.496220
477 478 -2.037055
477 487 0.688971
477 577 1.370601
478 479 -0.564980
478 488 0.271337
478 578 0.673158
479 470 0.952703
479 489 0.037250
479 579 -1.289577
480 481 0.238896
480 490 -0.722390
480 580 1.420162
481 482 -0.343145
481 491 1.429582
481 581 -0.627344
482 483 1.509054
482 492 -0.561886
482 582 0.201527
483 484 -0.754497
483 493 -0.324658
483 583 -0.335914
484 485 -0.278794
484 494 -0.473450
484 584 2.091454
485 486 -0.454157
485 495 -0.093544
485 585 -0.799074
486 487 1.386013
486 496 0.930002
486 586 -0.262235
487 488 -0.655674
487 497 0.822384
487 587 -1.119325
488 489 -0.142611
488 498 1.417905
488 588 1.832017
489 480 0.266374
489 499 -0.060394
489 589 0.414100
490 491 -0.281985
490 400 0.413307
490 590 -1.311000
491 492 0.338079
491 401 1.300313
491 591 0.513367
492 493 -0.454628
492 402 0.247133
492 592 1.608966
493 494 1.099953
493 403 -0.706314
493 593 0.723707
494 495 0.727101
494 404 -1.154912
494 594 -0.817814
495 496 0.826527
495 405 -0.855643
495 595 -0.136608
496 497 0.355146
496 406 0.766667
496 596 -0.818467
497 498 -1.472652
497 407 -0.931783
497 597 -1.619419
498 499 0.016788
498 408 -0.611237
498 598 0.655244
499 490 -0.590738
499 409 0.118032
499 599 1.108047
500 501 0.909159
500 510 0.882679
500 600 -1.326661
501 502 0.435570
501 511 -1.408892
501 601 1.726799
502 503 -0.913061
502 512 1.424968
502 602 -0.713689
503 504 -0.152458
503 513 -1.482932
503 603 -0.543568
504 505 1.078982
504 514 -0.515586
504 604 -1.406897
505 506 0.124356
505 515 -0.360422
505 605 0.146553
506 507 0.250261
506 516 -0.025349
506 606 -1.140513
507 508 -1.101035
507 517 -0.104022
507 607 -0.171902
508 509 0.701315
508 518 0.624587
508 608 1.413135
509 500 0.703597
509 519 -0.472274
509 609 -1.110184
510 511 1.251465
510 520 -0.926536
510 610 -1.014948
511 512 0.026835
511 521 0.294832
511 611 -1.318872
512 513 -0.204674
512 522 -0.143151
512 612 -0.054484
513 514 0.372180
513 523 0.245696
513 613 -0.507392
514 515 0.343017
514 524 0.913291
514 614 0.434656
515 516 -0.516839
515 525 -0.201924
515 615 1.406086
516 517 0.344569
516 526 -0.538022
516 616 -0.615442
517 518 -1.081064
517 527 -0.030066
517 617 -0.181108
518 519 -1.138213
518 528 1.471520
518 618 -0.012710
519 510 1.181888
519 529 1.802434
519 619 -0.737320
520 521 -1.970894
520 530 0.252191
520 620 -0.144662
521 522 -1.379286
521 531 -0.639079
521 621 -0.447534
522 523 1.075420
522 532 -0.445796
522 622 1.853311
523 524 0.700625
523 533 -0.059852
523 623 -0.271643
524 525 -2.765529
524 534 -1.711169
524 624 1.037113
525 526 0.017458
525 535 1.508097
525 625 1.107642
526 527 0.325132
526 536 -0.926403
526 626 -1.086442
527 528 1.895184
527 537 -0.613120
527 627 0.170405
528 529 -0.967507
528 538 -0.855992
528 628 -1.040864
529 520 -0.074305
529 539 -0.752425
529 629 0.133019
530 531 0.219638
530 540 0.270450
530 630 -0.858075
531 532 0.867534
531 541 0.651385
531 631 -0.364577
532 533 1.354349
532 542 0.826436
532 632 0.236943
533 534 1.666153
533 543 -0.701773
533 633 -0.602162
534 535 -1.259651
534 544 -0.223231
534 634 1.121200
535 536 0.262079
535 545 1.560770
535 635 1.806786
536 537 -0.423675
536 546 2.006282
536 636 -1.139476
537 538 0.883263
537 547 3.021193
537 637 1.303980
538 539 -0.450435
538 548 0.233294
538 638 0.967818
539 530 0.285133
539 549 0.971327
539 639 -0.065615
540 541 0.704751
540 550 -1.019056
540 640 -0.011729
541 542 -0.639114
541 551 0.265074
541 641 0.499079
542 543 -0.220805
542 552 -0.323708
542 642 0.526148
543 544 -1.350095
543 553 1.329893
543 643 0.095439
544 545 -0.333169
544 554 -0.577074
544 644 0.287643
545 546 0.259553
545 555 -0.817679
545 645 0.744474
546 547 -0.596134
546 556 1.483571
546 646 -0.653160
547 548 0.805707
547 557 -0.836244
547 647 -0.348060
548 549 0.273802
548 558 -0.612606
548 648 0.513615
549 540 -0.458042
549 559 0.771631
549 649 -1.149478
550 551 -0.108959
550 560 0.069838
550 650 -0.810458
551 552 1.504755
551 561 0.447066
551 651 1.236072
552 553 -0.661085
552 562 -0.205687
552 652 0.021551
553 554 0.766870
553 563 -0.117480
553 653 0.433087
554 555 -0.726454
554 564 0.189063
554 654 1.204394
555 556 -0.830537
555 565 1.675905
555 655 -0.970944
556 557 1.003697
556 566 -1.351780
556 656 -1.965905
557 558 1.450121
557 567 0.183724
557 657 -1.619403
558 559 -1.176894
558 568 0.074433
558 658 0.171151
559 550 -0.352364
559 569 1.555935
559 659 1.063030
560 561 -1.672824
560 570 -0.313440
560 660 0.842657
561 562 0.800482
561 571 0.218474
561 661 1.406978
562 563 0.675632
562 572 0.007434
562 662 -1.354098
563 564 0.393011
563 573 1.602784
563 663 1.146539
564 565 1.026251
564 574 0.597982
564 664 -0.656432
565 566 1.248778
565 575 0.376761
565 665 -1.202394
566 567 -1.953670
566 576 0.370450
566 666 -2.736219
567 568 2.361821
567 577 -0.028071
567 667 0.219879
568 569 0.072107
568 578 0.099530
568 668 0.420195
569 560 -0.193356
569 579 0.324150
569 669 -1.206492
570 571 2.225328
570 580 -0.540265
570 670 -0.323421
571 572 1.134065
571 581 -0.768161
571 671 -1.197429
572 573 0.629294
572 582 -0.225474
572 672 1.115810
573 574 -0.384049
573 583 0.254325
573 673 -0.272811
574 575 -1.424370
574 584 0.274594
574 674 -0.084268
575 576 -2.204460
575 585 -1.131477
575 675 -1.358592
576 577 1.374758
576 586 0.594571
576 676 0.002355
577 578 1.320555
577 587 0.818951
577 677 -0.907988
578 579 -0.539063
578 588 0.112975
578 678 -0.876401
579 570 0.123228
579 589 0.024954
579 679 -1.197735
580 581 0.022023
580 590 0.060072
580 680 -1.457848
581 582 -0.625051
581 591 1.565669
581 681 -0.740963
582 583 0.303222
582 592 -1.989220
582 682 0.092146
583 584 -0.798612
583 593 -1.159990
583 683 0.784022
584 585 -0.087179
584 594 0.226057
584 684 1.281326
585 586 0.083776
585 595 -1.214188
585 685 1.584141
586 587 0.484685
586 596 -1.159989
586 686 1.432258
587 588 0.407443
587 597 1.703251
587 687 0.212507
588 589 1.068887
588 598 2.030354
588 688 1.152948
589 580 -1.966737
589 599 -1.334491
589 689 0.201663
590 591 0.879029
590 500 0.198368
590 690 -1.235281
591 592 0.200617
591 501 0.634817
591 691 0.611382
592 593 -0.908280
592 502 -1.750441
592 692 0.639567
593 594 -0.274982
593 503 -1.673104
593 693 -1.459427
594 595 0.575620
594 504 1.421185
594 694 -0.530021
595 596 0.339582
595 505 -0.774948
595 695 0.242646
596 597 -0.466128
596 506 1.072015
596 696 -2.102242
597 598 -0.392351
597 507 -1.288954
597 697 -0.248728
598 599 -0.988673
598 508 1.482486
598 698 0.149814
599 590 -0.292224
599 509 -0.163496
599 699 1.267064
600 601 -0.210822
600 610 -1.334143
600 700 -1.434090
601 602 1.678688
601 611 0.141837
601 701 -0.231604
602 603 0.141142
602 612 0.470409
602 702 -0.719376
603 604 1.060320
603 613 0.998950
603 703 1.024169
604 605 0.291526
604 614 0.826730
604 704 -1.634272
605 606 0.307642
605 615 -0.780871
605 705 1.258944
606 607 0.046103
606 616 -0.141407
606 706 -1.998113
607 608 0.868675
607 617 0.092813
607 707 0.864228
608 609 0.693545
608 618 -1.144879
608 708 0.255216
609 600 -0.946768
609 619 -0.284454
609 709 0.922525
610 611 -0.073219
610 620 0.685192
610 710 1.040286
611 612 1.663010
611 621 -1.368318
611 711 1.894546
612 613 1.560806
612 622 1.075670
612 712 0.401237
613 614 -1.501707
613 623 -0.386242
613 713 0.200669
614 615 2.454846
614 624 -0.145528
614 714 -0.264790
615 616 0.154875
615 625 1.409972
615 715 -1.813404
616 617 -0.206512
616 626 -0.476325
616 716 -1.244930
617 618 -0.199906
617 627 0.713989
617 717 0.716018
618 619 -2.017482
618 628 -0.659582
618 718 -0.003297
619 610 -1.959284
619 629 2.210264
619 719 -1.362975
620 621 0.244236
620 630 -0.854050
620 720 0.603061
621 622 -0.521177
621 631 0.186682
621 721 0.770079
622 623 -0.812602
622 632 -0.191013
622 722 -0.201969
623 624 -0.150279
623 633 -1.175124
623 723 0.320284
624 625 1.864026
624 634 -0.163641
624 724 1.084812
625 626 0.497372
625 635 -0.321676
625 725 0.068117
626 627 1.573214
626 636 0.540181
626 726 0.763106
627 628 -3.369782
627 637 -0.058423
627 727 -0.055479
628 629 0.799862
628 638 0.714613
628 728 -0.003780
629 620 -0.374034
629 639 -0.178920
629 729 0.210033
630 631 -1.117464
630 640 -0.488919
630 730 -0.359822
631 632 -0.194092
631 641 2.050751
631 731 -0.741756
632 633 0.908538
632 642 -0.968602
632 732 -0.917177
633 634 0.379784
633 643 -0.136733
633 733 -0.648273
634 635 0.817219
634 644 0.010859
634 734 -0.451130
635 636 2.007652
635 645 -1.098062
635 735 0.609927
636 637 -0.807182
636 646 -0.690830
636 736 -0.011781
637 638 -0.084020
637 647 0.001615
637 737 1.652785
638 639 -0.797311
638 648 1.287955
638 738 -0.275277
639 630 -1.627085
639 649 -0.821382
639 739 0.684969
640 641 0.380414
640 650 0.308977
640 740 1.511508
641 642 0.400080
641 651 -0.923590
641 741 -0.516952
642 643 0.290307
642 652 -0.582577
642 742 0.486990
643 644 0.161445
643 653 0.294441
643 743 -1.015983
644 645 -0.311739
644 654 -1.320833
644 744 1.663776
645 646 1.827355
645 655 0.167720
645 745 -1.105840
646 647 0.556781
646 656 -0.976421
646 746 -0.421448
647 648 -2.839398
647 657 1.827102
647 747 -0.290635
648 649 -0.301915
648 658 0.219360
648 748 0.191479
649 640 0.047371
649 659 1.024781
649 749 -0.648984
650 651 0.155479
650 660 0.866287
650 750 -0.194304
651 652 -0.624526
651 661 0.370942
651 751 -1.218932
652 653 -0.381787
652 662 2.144147
652 752 1.488090
653 654 -1.182330
653 663 -1.381947
653 753 -1.167184
654 655 -0.582187
654 664 -0.264612
654 754 -1.071997
655 656 -1.588138
655 665 -0.140054
655 755 0.034129
656 657 -1.751876
656 666 0.002626
656 756 0.035608
657 658 0.070138
657 667 0.887246
657 757 -1.043061
658 659 -0.485995
658 668 2.252178
658 758 -0.734178
659 650 1.674202
659 669 -0.243271
659 759 1.257162
660 661 -1.570739
660 670 0.134839
660 760 0.752954
661 662 0.197914
661 671 -1.305806
661 761 0.690414
662 663 -0.905637
662 672 -0.406846
662 762 0.582702
663 664 0.991804
663 673 -0.638598
663 763 0.826922
664 665 -0.890507
664 674 -0.740642
664 764 2.118728
665 666 0.377497
665 675 0.622092
665 765 -0.008103
666 667 -0.024444
666 676 1.480693
666 766 1.396295
667 668 0.918853
667 677 1.191248
667 767 -0.859617
668 669 -0.490208
668 678 0.143563
668 768 1.787236
669 660 -2.338690
669 679 -0.445007
669 769 0.012771
670 671 1.049516
670 680 0.436209
670 770 -0.578750
671 672 0.870948
671 681 -0.072677
671 771 0.348305
672 673 -0.281587
672 682 1.100169
672 772 0.171729
673 674 -2.508142
673 683 -0.448547
673 773 -0.066173
674 675 1.302296
674 684 2.257520
674 774 -0.138618
675 676 0.343089
675 685 1.893162
675 775 0.325814
676 677 -1.263329
676 686 0.273086
676 776 -0.108582
677 678 -0.193256
677 687 -1.306818
677 777 -0.494305
678 679 0.292090
678 688 -0.554586
678 778 -0.659953
679 670 0.432839
679 689 0.395551
679 779 -0.950674
680 681 0.335922
680 690 0.305011
680 780 -1.157110
681 682 1.026219
681 691 0.025496
681 781 -0.376889
682 683 0.316902
682 692 1.870484
682 782 -0.130749
683 684 -0.081744
683 693 0.894030
683 783 -0.660050
684 685 -0.168369
684 694 0.020450
684 784 -1.363404
685 686 -0.721436
685 695 0.133323
685 785 1.526872
686 687 -1.118513
686 696 -1.262952
686 786 0.909620
687 688 0.444040
687 697 0.193421
687 787 -2.233429
688 689 0.839136
688 698 0.943277
688 788 -0.213066
689 680 1.138496
689 699 -0.375021
689 789 0.340838
690 691 1.267912
690 600 -0.839926
690 790 2.035086
691 692 -1.128922
691 601 -0.300514
691 791 -0.501560
692 693 -0.646797
692 602 -0.297243
692 792 0.975107
693 694 -1.022061
693 603 0.232713
693 793 1.636374
694 695 0.489126
694 604 -1.881919
694 794 -0.859094
695 696 -0.451235
695 605 -1.925787
695 795 -0.344761
696 697 -0.694947
696 606 0.250802
696 796 1.230387
697 698 1.130429
697 607 0.727185
697 797 -0.256541
698 699 -0.547604
698 608 -0.594096
698 798 0.256200
699 690 -0.024486
699 609 0.621498
699 799 0.551562
700 701 0.216399
700 710 0.457197
700 800 0.630270
701 702 -0.975658
701 711 -0.491316
701 801 0.549382
702 703 -0.431206
702 712 -0.142194
702 802 0.636969
703 704 0.178012
703 713 -2.142019
703 803 1.637135
704 705 -0.267876
704 714 1.565832
704 804 -0.333992
705 706 -2.069823
705 715 -0.014270
705 805 0.153038
706 707 -0.491988
706 716 1.695291
706 806 -1.295979
707 708 1.663147
707 717 -1.954262
707 807 1.502114
708 709 1.428409
708 718 0.975006
708 808 -0.653278
709 700 -1.102229
709 719 -1.797792
709 809 1.334207
710 711 1.858431
710 720 0.710608
710 810 -0.134259
711 712 -0.571461
711 721 -0.027946
711 811 1.044041
712 713 0.509738
712 722 0.766313
712 812 1.759273
713 714 -1.213988
713 723 -0.247048
713 813 -0.268190
714 715 1.208361
714 724 -0.497739
714 814 0.428426
715 716 0.575242
715 725 -1.113794
715 815 -0.816572
716 717 1.297483
716 726 0.661293
716 816 1.970244
717 718 -1.624648
717 727 1.234696
717 817 -0.000996
718 719 1.703099
718 728 -1.394178
718 818 1.073672
719 710 1.263666
719 729 -1.027100
719 819 0.261916
720 721 0.131701
720 730 1.815357
720 820 -1.061055
721 722 1.000656
721 731 1.621708
721 821 0.404230
722 723 -1.382145
722 732 1.885962
722 822 1.406036
723 724 0.962862
723 733 0.728163
723 823 2.009456
724 725 0.680471
724 734 -0.854416
724 824 0.053133
725 726 1.014475
725 735 0.403124
725 825 -1.265514
726 727 -0.925770
726 736 0.492041
726 826 -1.116351
727 728 -0.091299
727 737 -0.684187
727 827 -0.878092
728 729 1.939424
728 738 0.047053
728 828 -1.060914
729 720 1.180932
729 739 -0.400589
729 829 0.578082
730 731 -1.405344
730 740 1.625345
730 830 0.047876
731 732 -0.840760
731 741 0.267405
731 831 1.057749
732 733 -1.010374
732 742 0.623373
732 832 -1.792116
733 734 0.140855
733 743 -0.216488
733 833 1.623096
734 735 -1.466193
734 744 0.163564
734 834 0.943493
735 736 1.161809
735 745 0.591124
735 835 2.223029
736 737 -1.459152
736 746 -1.882175
736 836 -0.826039
737 738 -1.071687
737 747 0.235873
737 837 -0.870421
738 739 -1.073350
738 748 -0.402547
738 838 -0.727651
739 730 -0.262696
739 749 0.579448
739 839 0.344047
740 741 -0.381069
740 750 0.306778
740 840 -1.023241
741 742 -0.735888
741 751 -0.497366
741 841 1.351559
742 743 -0.157727
742 752 1.270032
742 842 1.061751
743 744 -0.631267
743 753 -0.059097
743 843 -1.440103
744 745 0.923877
744 754 -0.645407
744 844 0.438325
745 746 -0.499727
745 755 0.839985
745 845 -0.502632
746 747 -0.500053
746 756 -0.075765
746 846 0.883783
747 748 -1.402527
747 757 1.102240
747 847 1.011373
748 749 0.113691
748 758 1.641342
748 848 -1.154971
749 740 0.694548
749 759 -0.975852
749 849 0.111853
750 751 0.670965
750 760 -0.782068
750 850 -1.121682
751 752 -2.491403
751 761 -1.087640
751 851 1.079245
752 753 -0.919901
752 762 0.901297
752 852 0.123391
753 754 -0.314482
753 763 1.440696
753 853 0.020410
754 755 1.809099
754 764 -2.152687
754 854 -0.106351
755 756 1.438297
755 765 0.813034
755 855 0.335354
756 757 -2.138394
756 766 0.024783
756 856 0.409995
757 758 -1.812204
757 767 -0.805768
757 857 -0.252710
758 759 -1.018524
758 768 0.349012
758 858 1.331839
759 750 0.657310
759 769 0.237841
759 859 -0.114243
760 761 0.334977
760 770 1.567771
760 860 0.483207
761 762 1.817111
761 771 0.881867
761 861 -0.598968
762 763 -1.095542
762 772 1.188177
762 862 -1.304364
763 764 -1.134907
763 773 -1.137614
763 863 -0.109284
764 765 -0.093365
764 774 -0.586791
764 864 0.218879
765 766 0.484331
765 775 -0.805924
765 865 0.492200
766 767 1.950217
766 776 -0.157436
766 866 0.738243
767 768 -0.678697
767 777 0.108909
767 867 -0.158752
768 769 -1.302840
768 778 -0.878068
768 868 -0.034171
769 760 2.636372
769 779 -0.096769
769 869 0.959826
770 771 0.226177
770 780 -0.077213
770 870 -0.973845
771 772 -1.567752
771 781 0.518767
771 871 2.458034
772 773 -1.194926
772 782 0.211567
772 872 0.316777
773 774 -0.890386
773 783 0.479028
773 873 -1.556259
774 775 0.885757
774 784 -0.854247
774 874 -1.174371
775 776 0.570373
775 785 0.574721
775 875 0.884168
776 777 0.685603
776 786 -0.201304
776 876 -0.812457
777 778 0.487617
777 787 1.129777
777 877 -0.846582
778 779 1.116091
778 788 0.368361
778 878 1.212675
779 770 -0.671782
779 789 0.320810
779 879 -0.125600
780 781 -0.397645
780 790 1.625740
780 880 0.499911
781 782 -0.827392
781 791 0.096061
781 881 0.073904
782 783 0.209131
782 792 -1.535545
782 882 -1.980556
783 784 1.409326
783 793 0.783834
783 883 1.088196
784 785 0.566690
784 794 1.221857
784 884 -0.037520
785 786 0.244997
785 795 -0.146078
785 885 -0.405898
786 787 -0.723347
786 796 0.663631
786 886 -1.711243
787 788 0.503355
787 797 0.377267
787 887 -0.859631
788 789 0.379960
788 798 -1.014643
788 888 2.453491
789 780 -0.764696
789 799 -2.755177
789 889 1.538801
790 791 1.670703
790 700 -0.365181
790 890 1.947473
791 792 -0.248186
791 701 -0.687689
791 891 -1.473540
792 793 1.580574
792 702 -0.854647
792 892 0.575287
793 794 0.438394
793 703 1.787800
793 893 -0.208067
794 795 -0.387547
794 704 -0.652409
794 894 -0.711755
795 796 -0.468442
795 705 0.987284
795 895 -0.716477
796 797 -0.500076
796 706 -0.615720
796 896 -1.167321
797 798 0.433053
797 707 0.237545
797 897 0.124666
798 799 -2.002198
798 708 -0.795431
798 898 -0.272368
799 790 0.704596
799 709 1.348427
799 899 -0.544869
800 801 1.006041
800 810 -0.065124
800 900 0.925410
801 802 0.454970
801 811 -1.012399
801 901 -0.697233
802 803 -0.167600
802 812 -0.724421
802 902 0.921628
803 804 2.219217
803 813 -1.008777
803 903 -1.011254
804 805 0.488417
804 814 -0.138518
804 904 0.704686
805 806 -0.455131
805 815 1.409553
805 905 0.868405
806 807 0.021136
806 816 0.858620
806 906 -0.036696
807 808 0.332031
807 817 1.193330
807 907 0.436356
808 809 1.186950
808 818 -0.319911
808 908 0.359299
809 800 -2.663786
809 819 -0.775667
809 909 1.173863
810 811 -3.066308
810 820 -0.078490
810 910 -0.263280
811 812 -1.191493
811 821 2.209195
811 911 -0.506449
812 813 0.205534
812 822 -1.876682
812 912 0.769523
813 814 0.285964
813 823 0.162003
813 913 -0.660921
814 815 0.734086
814 824 0.774002
814 914 0.771639
815 816 -0.209778
815 825 0.445095
815 915 1.457477
816 817 0.481701
816 826 2.074133
816 916 -1.250076
817 818 -0.029729
817 827 -0.448389
817 917 -2.128144
818 819 0.024289
818 828 0.144175
818 918 -0.250706
819 810 -0.764404
819 829 0.796686
819 919 -0.940151
820 821 -0.926534
820 830 0.941636
820 920 -0.918366
821 822 -0.276555
821 831 -0.351928
821 921 -0.034130
822 823 -2.150873
822 832 0.219278
822 922 -0.002550
823 824 -0.420994
823 833 0.902412
823 923 -1.196103
824 825 0.013240
824 834 0.786607
824 924 1.229858
825 826 0.557844
825 835 0.091284
825 925 -0.447807
826 827 1.809674
826 836 -0.297689
826 926 -0.066811
827 828 -0.247240
827 837 1.058220
827 927 0.877717
828 829 -0.152434
828 838 -0.291157
828 928 -1.136852
829 820 0.239844
829 839 -1.120313
829 929 -0.117502
830 831 -0.793406
830 840 -0.568632
830 930 0.878134
831 832 0.427457
831 841 -0.638854
831 931 0.472217
832 833 1.102834
832 842 -0.759571
832 932 0.068441
833 834 -0.349754
833 843 1.001564
833 933 -0.436151
834 835 1.419020
834 844 -1.104878
834 934 1.253910
835 836 -0.289864
835 845 0.965045
835 935 0.260714
836 837 -0.179547
836 846 1.456966
836 936 -1.175681
837 838 -0.749888
837 847 0.993096
837 937 -0.175039
838 839 0.044904
838 848 -0.571972
838 938 0.670745
839 830 1.274047
839 849 0.010300
839 939 1.729419
840 841 -0.359676
840 850 -0.984108
840 940 0.130566
841 842 -0.402734
841 851 -0.594473
841 941 -0.943951
842 843 -0.225216
842 852 -0.981400
842 942 -0.059596
843 844 -1.443571
843 853 1.636452
843 943 0.234883
844 845 -0.103547
844 854 0.478373
844 944 -0.030109
845 846 0.907271
845 855 0.236180
845 945 0.171760
846 847 -1.425713
846 856 0.540746
846 946 -0.893794
847 848 -1.052065
847 857 2.609538
847 947 -0.113919
848 849 -2.161628
848 858 -1.394934
848 948 0.247474
849 840 -0.711119
849 859 -0.451050
849 949 1.631835
850 851 -0.255063
850 860 0.012268
850 950 1.690047
851 852 0.515219
851 861 -0.144146
851 951 -1.485120
852 853 0.334767
852 862 0.064855
852 952 -0.071256
853 854 -0.317352
853 863 -0.294705
853 953 -0.789733
854 855 -0.632312
854 864 -0.606421
854 954 -0.468009
855 856 -0.779757
855 865 -0.588198
855 955 -0.273570
856 857 -0.477336
856 866 -0.418001
856 956 -0.187375
857 858 1.458803
857 867 0.626531
857 957 -0.691292
858 859 0.494705
858 868 0.503769
858 958 -1.112056
859 850 -0.071866
859 869 -0.196485
859 959 1.101881
860 861 -0.944013
860 870 -2.106272
860 960 0.998786
861 862 0.100443
861 871 0.377657
861 961 0.310878
862 863 -1.356911
862 872 -0.227309
862 962 -0.071941
863 864 0.461929
863 873 -0.078532
863 963 0.743456
864 865 -0.004047
864 874 -0.713425
864 964 0.624732
865 866 -0.072592
865 875 0.584402
865 965 -2.010508
866 867 -1.281342
866 876 1.101545
866 966 -0.493253
867 868 -0.742131
867 877 0.350941
867 967 0.190974
868 869 0.653498
868 878 1.167200
868 968 -0.230265
869 860 -1.219351
869 879 -0.868736
869 969 -0.123298
870 871 1.557682
870 880 1.198161
870 970 1.119223
871 872 0.064625
871 881 0.792544
871 971 -0.011331
872 873 -1.472527
872 882 -0.289449
872 972 -0.818608
873 874 -0.364028
873 883 -0.503980
873 973 0.892712
874 875 0.960373
874 884 0.584342
874 974 1.479725
875 876 1.292757
875 885 -0.159883
875 975 -0.747111
876 877 0.298467
876 886 -0.527731
876 976 -0.136383
877 878 0.159745
877 887 -0.351795
877 977 1.138846
878 879 -0.825183
878 888 -0.996627
878 978 -0.377058
879 870 -0.678674
879 889 -0.913559
879 979 -1.796359
880 881 0.283081
880 890 -1.012990
880 980 -1.630141
881 882 0.739698
881 891 0.563589
881 981 0.831182
882 883 0.884714
882 892 0.125951
882 982 0.818507
883 884 0.244102
883 893 -0.483062
883 983 0.050938
884 885 -0.159997
884 894 -1.044552
884 984 -0.671292
885 886 0.269932
885 895 0.807650
885 985 -1.270802
886 887 -1.202137
886 896 -0.543321
886 986 0.385975
887 888 0.070058
887 897 2.569906
887 987 -1.241742
888 889 -0.497059
888 898 -1.023984
888 988 2.035775
889 880 -1.060660
889 899 0.052354
889 989 -1.389571
890 891 -0.016005
890 800 -1.914980
890 990 -0.322102
891 892 0.498392
891 801 0.172441
891 991 1.160728
892 893 -0.991498
892 802 -0.129301
892 992 0.506977
893 894 0.201333
893 803 -0.976612
893 993 0.443654
894 895 -0.361941
894 804 0.578751
894 994 -0.068767
895 896 -0.035094
895 805 0.296399
895 995 0.604296
896 897 -0.419269
896 806 0.302273
896 996 0.492176
897 898 -1.189290
897 807 0.887598
897 997 0.265699
898 899 -1.448618
898 808 0.733063
898 998 1.139226
899 890 -0.392079
899 809 -0.472600
899 999 -1.459136
900 901 -0.885281
900 910 0.281082
900 0 -0.995089
901 902 0.501062
901 911 -0.159525
901 1 -0.656628
902 903 0.292716
902 912 -0.276134
902 2 -0.749584
903 904 0.420076
903 913 2.081940
903 3 -0.867097
904 905 0.922127
904 914 -0.280177
904 4 2.129232
905 906 0.118965
905 915 1.036362
905 5 -0.848636
906 907 0.684841
906 916 -0.336131
906 6 1.517038
907 908 -1.468983
907 917 1.365493
907 7 -0.461319
908 909 -0.084045
908 918 -1.285695
908 8 0.906185
909 900 0.321938
909 919 -0.647087
909 9 -1.156742
910 911 0.087938
910 920 0.037486
910 10 -0.844108
911 912 -1.390380
911 921 -0.734935
911 11 -1.237936
912 913 0.121806
912 922 2.003466
912 12 -1.430773
913 914 0.782361
913 923 0.904721
913 13 0.402829
914 915 0.936184
914 924 0.645366
914 14 -0.289011
915 916 -0.242488
915 925 0.115860
915 15 -1.756095
916 917 -1.692832
916 926 1.616854
916 16 -0.739623
917 918 -0.302504
917 927 0.937862
917 17 -0.766363
918 919 1.006652
918 928 1.995031
918 18 0.977968
919 910 -1.216203
919 929 0.674183
919 19 -0.611576
920 921 -0.753576
920 930 0.478198
920 20 2.277651
921 922 0.838306
921 931 0.751661
921 21 -1.671406
922 923 -0.193910
922 932 1.104397
922 22 1.024024
923 924 -0.072379
923 933 -0.264129
923 23 -0.016304
924 925 0.181356
924 934 0.550730
924 24 1.694443
925 926 -0.370881
925 935 0.412418
925 25 -0.828452
926 927 -0.775588
926 936 0.265812
926 26 -0.058345
927 928 -0.040803
927 937 2.178859
927 27 -1.791289
928 929 -1.681896
928 938 -0.128167
928 28 0.161327
929 920 -0.369633
929 939 -0.466303
929 29 -1.651790
930 931 0.766041
930 940 1.581153
930 30 -1.206274
931 932 0.819418
931 941 0.448823
931 31 0.251760
932 933 -0.163048
932 942 -0.653420
932 32 -0.473851
933 934 -0.985594
933 943 1.966657
933 33 1.222286
934 935 -1.253802
934 944 -0.489050
934 34 0.704927
935 936 0.305637
935 945 0.486684
935 35 -2.110079
936 937 -1.394538
936 946 1.214948
936 36 -0.063955
937 938 0.822073
937 947 -0.072989
937 37 -0.647589
938 939 -0.907860
938 948 -0.306224
938 38 -1.466919
939 930 0.321311
939 949 -0.557430
939 39 0.761501
940 941 -0.203523
940 950 -0.220457
940 40 -1.610134
941 942 0.492355
941 951 -0.632884
941 41 0.320347
942 943 0.299857
942 952 1.358265
942 42 -0.930409
943 944 1.920762
943 953 -0.103282
943 43 -1.103213
944 945 0.560372
944 954 1.955982
944 44 -0.877295
945 946 0.833807
945 955 1.932348
945 45 -0.617099
946 947 1.285671
946 956 1.771171
946 46 -0.748120
947 948 0.361771
947 957 0.441156
947 47 -1.867188
948 949 0.265384
948 958 -0.521319
948 48 0.649597
949 940 -0.666679
949 959 -1.006813
949 49 -1.444868
950 951 0.556192
950 960 0.494357
950 50 -2.430465
951 952 1.422263
951 961 -0.050810
951 51 -1.076834
952 953 -0.535555
952 962 -0.823719
952 52 -0.323112
953 954 0.737899
953 963 -0.780474
953 53 0.504858
954 955 -1.215336
954 964 -0.541998
954 54 -1.584494
955 956 1.332280
955 965 0.618159
955 55 -1.003053
956 957 -0.426185
956 966 0.606938
956 56 -0.326746
957 958 -0.147223
957 967 0.559805
957 57 0.035228
958 959 -0.898223
958 968 0.348308
958 58 -1.914719
959 950 -0.755900
959 969 0.849498
959 59 -1.538764
960 961 -0.141096
960 970 0.997966
960 60 -0.070359
961 962 -0.197962
961 971 0.476523
961 61 0.623539
962 963 -0.634490
962 972 -0.521700
962 62 0.378291
963 964 0.243203
963 973 -0.214157
963 63 1.195553
964 965 2.293333
964 974 0.121683
964 64 -0.909673
965 966 0.482729
965 975 -1.510311
965 65 0.027813
966 967 -1.036290
966 976 0.741560
966 66 0.177806
967 968 1.419291
967 977 0.083599
967 67 -0.682901
968 969 0.558904
968 978 1.125597
968 68 -0.273931
969 960 -0.820020
969 979 0.878320
969 69 0.462729
970 971 -1.487736
970 980 0.431319
970 70 -0.597888
971 972 1.476531
971 981 0.406125
971 71 0.727247
972 973 0.691339
972 982 -1.895925
972 72 0.658016
973 974 -0.748452
973 983 -0.395115
973 73 0.074397
974 975 0.356919
974 984 0.790406
974 74 0.170178
975 976 -0.134327
975 985 1.065117
975 75 0.028255
976 977 -0.974297
976 986 -0.173912
976 76 0.482403
977 978 -0.468882
977 987 -2.197717
977 77 0.114460
978 979 0.309349
978 988 -0.284095
978 78 -0.298805
979 970 -1.051388
979 989 -2.166860
979 79 0.110476
980 981 -1.111551
980 990 -2.169256
980 80 -1.407788
981 982 1.768245
981 991 1.156562
981 81 0.100982
982 983 0.810857
982 992 0.613171
982 82 0.920193
983 984 -0.055068
983 993 -0.110957
983 83 -1.407929
984 985 0.723701
984 994 -1.329386
984 84 0.065641
985 986 0.436043
985 995 -0.674434
985 85 -0.013206
986 987 0.679020
986 996 1.792357
986 86 0.634310
987 988 0.443553
987 997 -1.172234
987 87 1.483079
988 989 0.444831
988 998 -0.160012
988 88 0.700469
989 980 -0.282633
989 999 -0.477811
989 89 -1.768205
990 991 -1.880687
990 900 0.343874
990 90 -0.768760
991 992 0.511038
991 901 -1.118042
991 91 1.079669
992 993 0.400996
992 902 -0.157017
992 92 -0.977628
993 994 -0.143629
993 903 0.287814
993 93 2.240268
994 995 -2.108296
994 904 1.151328
994 94 -0.360299
995 996 -0.737600
995 905 0.112301
995 95 -1.624353
996 997 -0.210777
996 906 0.296331
996 96 0.722143
997 998 1.952822
997 907 1.099823
997 97 0.723463
998 999 -0.756978
998 908 -0.749560
998 98 -0.881031
999 990 -0.330246
999 909 -1.430405
999 99 -0.061693
