# model=ea3d N=1000 meanJ=0 seed=576912797 distribution=gaussian field=0 num_fields=1000 num_couplings=3000
0 0
1 0
2 0
3 0
4 0
5 0
6 0
7 0
8 0
9 0
10 0
11 0
12 0
13 0
14 0
15 0
16 0
17 0
18 0
19 0
20 0
21 0
22 0
23 0
24 0
25 0
26 0
27 0
28 0
29 0
30 0
31 0
32 0
33 0
34 0
35 0
36 0
37 0
38 0
39 0
40 0
41 0
42 0
43 0
44 0
45 0
46 0
47 0
48 0
49 0
50 0
51 0
52 0
53 0
54 0
55 0
56 0
57 0
58 0
59 0
60 0
61 0
62 0
63 0
64 0
65 0
66 0
67 0
68 0
69 0
70 0
71 0
72 0
73 0
74 0
75 0
76 0
77 0
78 0
79 0
80 0
81 0
82 0
83 0
84 0
85 0
86 0
87 0
88 0
89 0
90 0
91 0
92 0
93 0
94 0
95 0
96 0
97 0
98 0
99 0
100 0
101 0
102 0
103 0
104 0
105 0
106 0
107 0
108 0
109 0
110 0
111 0
112 0
113 0
114 0
115 0
116 0
117 0
118 0
119 0
120 0
121 0
122 0
123 0
124 0
125 0
126 0
127 0
128 0
129 0
130 0
131 0
132 0
133 0
134 0
135 0
136 0
137 0
138 0
139 0
140 0
141 0
142 0
143 0
144 0
145 0
146 0
147 0
148 0
149 0
150 0
151 0
152 0
153 0
154 0
155 0
156 0
157 0
158 0
159 0
160 0
161 0
162 0
163 0
164 0
165 0
166 0
167 0
168 0
169 0
170 0
171 0
172 0
173 0
174 0
175 0
176 0
177 0
178 0
179 0
180 0
181 0
182 0
183 0
184 0
185 0
186 0
187 0
188 0
189 0
190 0
191 0
192 0
193 0
194 0
195 0
196 0
197 0
198 0
199 0
200 0
201 0
202 0
203 0
204 0
205 0
206 0
207 0
208 0
209 0
210 0
211 0
212 0
213 0
214 0
215 0
216 0
217 0
218 0
219 0
220 0
221 0
222 0
223 0
224 0
225 0
226 0
227 0
228 0
229 0
230 0
231 0
232 0
233 0
234 0
235 0
236 0
237 0
238 0
239 0
240 0
241 0
242 0
243 0
244 0
245 0
246 0
247 0
248 0
249 0
250 0
251 0
252 0
253 0
254 0
255 0
256 0
257 0
258 0
259 0
260 0
261 0
262 0
263 0
264 0
265 0
266 0
267 0
268 0
269 0
270 0
271 0
272 0
273 0
274 0
275 0
276 0
277 0
278 0
279 0
280 0
281 0
282 0
283 0
284 0
285 0
286 0
287 0
288 0
289 0
290 0
291 0
292 0
293 0
294 0
295 0
296 0
297 0
298 0
299 0
300 0
301 0
302 0
303 0
304 0
305 0
306 0
307 0
308 0
309 0
310 0
311 0
312 0
313 0
314 0
315 0
316 0
317 0
318 0
319 0
320 0
321 0
322 0
323 0
324 0
325 0
326 0
327 0
328 0
329 0
330 0
331 0
332 0
333 0
334 0
335 0
336 0
337 0
338 0
339 0
340 0
341 0
342 0
343 0
344 0
345 0
346 0
347 0
348 0
349 0
350 0
351 0
352 0
353 0
354 0
355 0
356 0
357 0
358 0
359 0
360 0
361 0
362 0
363 0
364 0
365 0
366 0
367 0
368 0
369 0
370 0
371 0
372 0
373 0
374 0
375 0
376 0
377 0
378 0
379 0
380 0
381 0
382 0
383 0
384 0
385 0
386 0
387 0
388 0
389 0
390 0
391 0
392 0
393 0
394 0
395 0
396 0
397 0
398 0
399 0
400 0
401 0
402 0
403 0
404 0
405 0
406 0
407 0
408 0
409 0
410 0
411 0
412 0
413 0
414 0
415 0
416 0
417 0
418 0
419 0
420 0
421 0
422 0
423 0
424 0
425 0
426 0
427 0
428 0
429 0
430 0
431 0
432 0
433 0
434 0
435 0
436 0
437 0
438 0
439 0
440 0
441 0
442 0
443 0
444 0
445 0
446 0
447 0
448 0
449 0
450 0
451 0
452 0
453 0
454 0
455 0
456 0
457 0
458 0
459 0
460 0
461 0
462 0
463 0
464 0
465 0
466 0
467 0
468 0
469 0
470 0
471 0
472 0
473 0
474 0
475 0
476 0
477 0
478 0
479 0
480 0
481 0
482 0
483 0
484 0
485 0
486 0
487 0
488 0
489 0
490 0
491 0
492 0
493 0
494 0
495 0
496 0
497 0
498 0
499 0
500 0
501 0
502 0
503 0
504 0
505 0
506 0
507 0
508 0
509 0
510 0
511 0
512 0
513 0
514 0
515 0
516 0
517 0
518 0
519 0
520 0
521 0
522 0
523 0
524 0
525 0
526 0
527 0
528 0
529 0
530 0
531 0
532 0
533 0
534 0
535 0
536 0
537 0
538 0
539 0
540 0
541 0
542 0
543 0
544 0
545 0
546 0
547 0
548 0
549 0
550 0
551 0
552 0
553 0
554 0
555 0
556 0
557 0
558 0
559 0
560 0
561 0
562 0
563 0
564 0
565 0
566 0
567 0
568 0
569 0
570 0
571 0
572 0
573 0
574 0
575 0
576 0
577 0
578 0
579 0
580 0
581 0
582 0
583 0
584 0
585 0
586 0
587 0
588 0
589 0
590 0
591 0
592 0
593 0
594 0
595 0
596 0
597 0
598 0
599 0
600 0
601 0
602 0
603 0
604 0
605 0
606 0
607 0
608 0
609 0
610 0
611 0
612 0
613 0
614 0
615 0
616 0
617 0
618 0
619 0
620 0
621 0
622 0
623 0
624 0
625 0
626 0
627 0
628 0
629 0
630 0
631 0
632 0
633 0
634 0
635 0
636 0
637 0
638 0
639 0
640 0
641 0
642 0
643 0
644 0
645 0
646 0
647 0
648 0
649 0
650 0
651 0
652 0
653 0
654 0
655 0
656 0
657 0
658 0
659 0
660 0
661 0
662 0
663 0
664 0
665 0
666 0
667 0
668 0
669 0
670 0
671 0
672 0
673 0
674 0
675 0
676 0
677 0
678 0
679 0
680 0
681 0
682 0
683 0
684 0
685 0
686 0
687 0
688 0
689 0
690 0
691 0
692 0
693 0
694 0
695 0
696 0
697 0
698 0
699 0
700 0
701 0
702 0
703 0
704 0
705 0
706 0
707 0
708 0
709 0
710 0
711 0
712 0
713 0
714 0
715 0
716 0
717 0
718 0
719 0
720 0
721 0
722 0
723 0
724 0
725 0
726 0
727 0
728 0
729 0
730 0
731 0
732 0
733 0
734 0
735 0
736 0
737 0
738 0
739 0
740 0
741 0
742 0
743 0
744 0
745 0
746 0
747 0
748 0
749 0
750 0
751 0
752 0
753 0
754 0
755 0
756 0
757 0
758 0
759 0
760 0
761 0
762 0
763 0
764 0
765 0
766 0
767 0
768 0
769 0
770 0
771 0
772 0
773 0
774 0
775 0
776 0
777 0
778 0
779 0
780 0
781 0
782 0
783 0
784 0
785 0
786 0
787 0
788 0
789 0
790 0
791 0
792 0
793 0
794 0
795 0
796 0
797 0
798 0
799 0
800 0
801 0
802 0
803 0
804 0
805 0
806 0
807 0
808 0
809 0
810 0
811 0
812 0
813 0
814 0
815 0
816 0
817 0
818 0
819 0
820 0
821 0
822 0
823 0
824 0
825 0
826 0
827 0
828 0
829 0
830 0
831 0
832 0
833 0
834 0
835 0
836 0
837 0
838 0
839 0
840 0
841 0
842 0
843 0
844 0
845 0
846 0
847 0
848 0
849 0
850 0
851 0
852 0
853 0
854 0
855 0
856 0
857 0
858 0
859 0
860 0
861 0
862 0
863 0
864 0
865 0
866 0
867 0
868 0
869 0
870 0
871 0
872 0
873 0
874 0
875 0
876 0
877 0
878 0
879 0
880 0
881 0
882 0
883 0
884 0
885 0
886 0
887 0
888 0
889 0
890 0
891 0
892 0
893 0
894 0
895 0
896 0
897 0
898 0
899 0
900 0
901 0
902 0
903 0
904 0
905 0
906 0
907 0
908 0
909 0
910 0
911 0
912 0
913 0
914 0
915 0
916 0
917 0
918 0
919 0
920 0
921 0
922 0
923 0
924 0
925 0
926 0
927 0
928 0
929 0
930 0
931 0
932 0
933 0
934 0
935 0
936 0
937 0
938 0
939 0
940 0
941 0
942 0
943 0
944 0
945 0
946 0
947 0
948 0
949 0
950 0
951 0
952 0
953 0
954 0
955 0
956 0
957 0
958 0
959 0
960 0
961 0
962 0
963 0
964 0
965 0
966 0
967 0
968 0
969 0
970 0
971 0
972 0
973 0
974 0
975 0
976 0
977 0
978 0
979 0
980 0
981 0
982 0
983 0
984 0
985 0
986 0
987 0
988 0
989 0
990 0
991 0
992 0
993 0
994 0
995 0
996 0
997 0
998 0
999 0
0 1 -0.18822
0 9 0.02693
0 10 -1.3594
0 90 -1.31247
0 100 1.47988
0 900 0.50026
1 2 0.697
1 11 -0.30488
1 91 -0.39758
1 101 -0.57379
1 901 -0.99808
2 3 -0.76253
2 12 -1.01451
2 92 -0.22129
2 102 1.38182
2 902 1.13329
3 4 -1.13664
3 13 -1.1109
3 93 -0.20128
3 103 -0.90846
3 903 -1.04918
4 5 0.53779
4 14 1.25989
4 94 1.273
4 104 0.19667
4 904 -1.15948
5 6 0.1217
5 15 -0.18528
5 95 -2.20533
5 105 1.36842
5 905 -0.36271
6 7 -0.80572
6 16 1.98913
6 96 -0.24709
6 106 0.32834
6 906 1.85708
7 8 -0.57629
7 17 0.52276
7 97 -0.28113
7 107 1.16226
7 907 0.56395
8 9 0.07317
8 18 0.83077
8 98 0.41223
8 108 2.10772
8 908 1.65888
9 19 -1.75187
9 99 -2.17867
9 109 1.22539
9 909 0.4603
10 11 1.22938
10 19 -0.75373
10 20 0.31725
10 110 -0.85148
10 910 0.70911
11 12 2.18921
11 21 0.83258
11 111 0.32157
11 911 0.55072
12 13 1.15599
12 22 0.08047
12 112 -1.23887
12 912 -1.28138
13 14 0.71027
13 23 -0.447
13 113 -1.12967
13 913 1.05434
14 15 0.47664
14 24 -0.92049
14 114 -1.46504
14 914 0.54767
15 16 -0.94481
15 25 0.45923
15 115 -0.89438
15 915 1.84682
16 17 -0.8016
16 26 0.00686
16 116 0.61728
16 916 0.68515
17 18 -0.96617
17 27 0.11135
17 117 0.6686
17 917 -0.05393
18 19 -0.25399
18 28 -0.52161
18 118 1.12258
18 918 1.30691
19 29 -0.27347
19 119 -0.36021
19 919 -1.75921
20 21 0.11399
20 29 0.75314
20 30 -1.00887
20 120 -1.11076
20 920 -0.58613
21 22 0.62615
21 31 -0.58874
21 121 -0.21795
21 921 -0.07075
22 23 -0.34716
22 32 -0.56518
22 122 -1.07802
22 922 -0.18673
23 24 -0.4658
23 33 -1.08091
23 123 1.3082
23 923 1.1145
24 25 -1.05274
24 34 1.13125
24 124 2.05316
24 924 -0.22908
25 26 0.99992
25 35 1.24517
25 125 -0.68881
25 925 -0.65236
26 27 1.303
26 36 0.46653
26 126 -1.17291
26 926 -1.23142
27 28 -0.00513
27 37 -0.21568
27 127 2.18458
27 927 -2.04861
28 29 1.77297
28 38 0.24201
28 128 -0.62577
28 928 -0.75402
29 39 -0.40801
29 129 0.99345
29 929 1.9825
30 31 1.72101
30 39 -0.67146
30 40 1.9872
30 130 0.7436
30 930 -1.18485
31 32 0.96536
31 41 -0.92599
31 131 0.38332
31 931 0.6303
32 33 -0.2802
32 42 1.24423
32 132 0.29183
32 932 -0.96781
33 34 0.53045
33 43 0.65835
33 133 0.23352
33 933 0.80495
34 35 0.78683
34 44 2.0973
34 134 0.19784
34 934 1.08789
35 36 0.12892
35 45 0.63407
35 135 -0.07833
35 935 0.64204
36 37 -1.8758
36 46 0.32487
36 136 0.27243
36 936 0.38398
37 38 -0.5396
37 47 1.09166
37 137 0.78299
37 937 0.11089
38 39 1.71431
38 48 -1.84829
38 138 -0.07849
38 938 0.28036
39 49 0.84926
39 139 -0.86723
39 939 -0.84091
40 41 -0.30851
40 49 -0.08542
40 50 0.43675
40 140 -0.48619
40 940 0.32221
41 42 0.06833
41 51 -1.25347
41 141 -0.47089
41 941 1.59977
42 43 0.37811
42 52 0.504
42 142 -0.77892
42 942 -0.23901
43 44 -0.5852
43 53 1.87721
43 143 1.05207
43 943 0.62231
44 45 0.71331
44 54 0.21141
44 144 -1.79884
44 944 -0.17378
45 46 0.00734
45 55 0.1491
45 145 -0.92137
45 945 3.46313
46 47 -0.31055
46 56 -0.33774
46 146 0.37877
46 946 -0.2514
47 48 1.25192
47 57 -1.19855
47 147 -0.10984
47 947 -1.43375
48 49 0.5354
48 58 1.86039
48 148 1.41936
48 948 -1.86447
49 59 0.02425
49 149 -0.9659
49 949 0.45158
50 51 1.30728
50 59 0.78936
50 60 0.45147
50 150 0.62117
50 950 1.26797
51 52 -0.38212
51 61 -0.66021
51 151 1.42807
51 951 -1.57085
52 53 -1.35166
52 62 2.62911
52 152 -0.79527
52 952 0.02433
53 54 -0.63551
53 63 -2.05623
53 153 1.51724
53 953 1.1739
54 55 -0.14768
54 64 -0.54606
54 154 -0.47387
54 954 0.05897
55 56 1.91199
55 65 0.69321
55 155 -0.93419
55 955 -0.05317
56 57 0.57594
56 66 -1.40353
56 156 0.91358
56 956 -0.45658
57 58 1.88846
57 67 0.05203
57 157 2.45767
57 957 1.47873
58 59 -0.4587
58 68 0.33505
58 158 -0.85456
58 958 1.92737
59 69 0.37285
59 159 0.32624
59 959 -0.01541
60 61 -0.22674
60 69 -0.89265
60 70 0.46837
60 160 -0.26766
60 960 0.57172
61 62 0.47716
61 71 -0.04957
61 161 -0.81664
61 961 -0.47515
62 63 -0.80333
62 72 -0.9627
62 162 -0.96514
62 962 -0.05835
63 64 0.23484
63 73 0.11635
63 163 1.41915
63 963 0.23311
64 65 -0.5999
64 74 -2.48506
64 164 -0.39859
64 964 -0.11356
65 66 0.93044
65 75 -0.93435
65 165 1.29883
65 965 -0.59975
66 67 -1.25586
66 76 1.80756
66 166 -0.27029
66 966 -0.21905
67 68 -0.32084
67 77 -0.12904
67 167 -0.64844
67 967 0.21155
68 69 0.08058
68 78 -0.43065
68 168 -0.37255
68 968 -0.4924
69 79 -0.51263
69 169 -2.16102
69 969 2.01236
70 71 0.98667
70 79 -2.18748
70 80 0.13345
70 170 -0.03963
70 970 -0.74976
71 72 0.41387
71 81 -1.51687
71 171 1.03377
71 971 -1.10738
72 73 -0.16619
72 82 0.63155
72 172 -1.297
72 972 1.46617
73 74 -1.01679
73 83 -0.5385
73 173 -0.62801
73 973 -2.00504
74 75 -1.00538
74 84 -0.16896
74 174 -0.45786
74 974 0.0209
75 76 -0.05228
75 85 -0.22074
75 175 0.21047
75 975 0.74528
76 77 0.62813
76 86 -2.13309
76 176 0.72147
76 976 2.18651
77 78 1.87589
77 87 -0.38359
77 177 0.33434
77 977 0.37689
78 79 0.29549
78 88 0.50463
78 178 2.22919
78 978 0.94563
79 89 -0.1975
79 179 0.91371
79 979 1.69312
80 81 -1.64845
80 89 -0.15073
80 90 -0.35154
80 180 0.66684
80 980 -2.13405
81 82 -0.78338
81 91 -0.54858
81 181 -1.35783
81 981 0.92163
82 83 -0.19524
82 92 -1.14927
82 182 0.72724
82 982 0.04322
83 84 0.50049
83 93 1.3152
83 183 -0.12782
83 983 0.57041
84 85 0.65545
84 94 0.20519
84 184 -0.42328
84 984 -0.13728
85 86 -0.10821
85 95 0.61408
85 185 -0.35703
85 985 1.95761
86 87 -1.26695
86 96 0.90252
86 186 0.69359
86 986 0.26425
87 88 -0.31036
87 97 1.23759
87 187 0.33971
87 987 -0.92487
88 89 -0.09746
88 98 3.21261
88 188 -0.74543
88 988 -1.7275
89 99 -1.74822
89 189 -1.70476
89 989 -1.58397
90 91 0.98168
90 99 -0.61907
90 190 1.35693
90 990 0.18941
91 92 0.93678
91 191 -0.17784
91 991 -0.0452
92 93 1.36844
92 192 -0.74772
92 992 -0.55986
93 94 -3.41559
93 193 0.15719
93 993 -1.33807
94 95 -1.15124
94 194 1.40244
94 994 -0.6591
95 96 -0.16748
95 195 0.01996
95 995 -0.07036
96 97 -1.72729
96 196 0.67288
96 996 0.97929
97 98 -0.86329
97 197 0.33485
97 997 0.72559
98 99 -0.02388
98 198 0.74805
98 998 0.44864
99 199 -0.80233
99 999 0.3961
100 101 -0.96696
100 109 -1.37427
100 110 1.61229
100 190 -1.44709
100 200 -1.0414
101 102 0.59455
101 111 -0.19875
101 191 1.02364
101 201 0.62833
102 103 -0.37957
102 112 1.40634
102 192 -1.51885
102 202 0.81576
103 104 0.17415
103 113 -1.31488
103 193 -0.75749
103 203 -0.96774
104 105 -0.0739
104 114 0.81615
104 194 -2.07661
104 204 0.52438
105 106 -1.26869
105 115 0.31299
105 195 -1.29753
105 205 -0.27104
106 107 3.60334
106 116 -0.43871
106 196 0.76477
106 206 -1.63208
107 108 0.10821
107 117 -0.41281
107 197 2.17525
107 207 -2.07831
108 109 0.8035
108 118 0.72242
108 198 2.28652
108 208 0.17413
109 119 -0.4746
109 199 1.39017
109 209 0.11676
110 111 1.18695
110 119 -0.84979
110 120 0.06675
110 210 0.19619
111 112 0.83937
111 121 -0.62047
111 211 0.33038
112 113 1.52636
112 122 -1.03499
112 212 0.95906
113 114 1.12806
113 123 -0.12861
113 213 0.9879
114 115 0.23923
114 124 1.72521
114 214 -0.63376
115 116 -1.52306
115 125 1.19204
115 215 -1.13249
116 117 0.8542
116 126 -0.71624
116 216 -1.12155
117 118 -1.4564
117 127 -1.69258
117 217 -0.99593
118 119 0.10997
118 128 0.05592
118 218 2.71022
119 129 0.1732
119 219 -0.05986
120 121 -0.9833
120 129 0.98607
120 130 0.53984
120 220 -0.3716
121 122 -0.03908
121 131 -1.24616
121 221 -0.10629
122 123 0.70249
122 132 -0.87325
122 222 -2.54226
123 124 0.16081
123 133 0.31806
123 223 -0.74839
124 125 -0.55956
124 134 0.82521
124 224 2.37717
125 126 1.04708
125 135 0.64756
125 225 0.61875
126 127 0.34947
126 136 1.10746
126 226 0.41159
127 128 -0.36495
127 137 -0.30168
127 227 -0.27496
128 129 -0.02076
128 138 0.53606
128 228 -0.61955
129 139 -1.32821
129 229 1.09821
130 131 1.15401
130 139 1.76772
130 140 1.33241
130 230 -0.88216
131 132 -1.13371
131 141 0.31799
131 231 -0.53016
132 133 0.37156
132 142 0.11974
132 232 2.25235
133 134 -0.4539
133 143 0.21146
133 233 1.32051
134 135 0.33115
134 144 0.09045
134 234 -0.82946
135 136 0.61872
135 145 0.6026
135 235 0.71263
136 137 0.02572
136 146 -0.81193
136 236 -0.18325
137 138 -0.98928
137 147 -0.36728
137 237 -0.52204
138 139 0.06565
138 148 0.59119
138 238 0.4702
139 149 0.72038
139 239 -2.82944
140 141 0.21373
140 149 -0.37549
140 150 -0.02445
140 240 0.02276
141 142 1.72217
141 151 0.27916
141 241 -0.48775
142 143 0.14936
142 152 0.32589
142 242 -0.18134
143 144 -0.54206
143 153 -0.59904
143 243 0.90448
144 145 -0.82339
144 154 0.59426
144 244 0.80492
145 146 1.09324
145 155 -0.30042
145 245 0.77761
146 147 -0.78307
146 156 1.08434
146 246 0.15599
147 148 1.362
147 157 -0.38994
147 247 0.1511
148 149 0.24165
148 158 0.0995
148 248 0.93533
149 159 -0.79956
149 249 -0.11999
150 151 -2.23392
150 159 0.59102
150 160 0.26716
150 250 0.53563
151 152 -0.3276
151 161 -0.05989
151 251 -0.26328
152 153 0.66777
152 162 1.39536
152 252 -0.68594
153 154 0.8077
153 163 -0.05204
153 253 -0.41021
154 155 -0.57236
154 164 -1.09185
154 254 -1.32052
155 156 0.90462
155 165 -1.38385
155 255 -0.38996
156 157 -0.62547
156 166 0.72088
156 256 -0.61903
157 158 -0.10305
157 167 0.49778
157 257 -0.28368
158 159 0.19756
158 168 0.84938
158 258 1.27172
159 169 0.86153
159 259 1.21389
160 161 -2.26283
160 169 -0.12486
160 170 0.19057
160 260 1.68042
161 162 -0.12958
161 171 -1.43649
161 261 0.11536
162 163 -0.43307
162 172 -2.06251
162 262 0.79591
163 164 0.74394
163 173 -1.14628
163 263 1.59152
164 165 -0.1502
164 174 0.3422
164 264 0.47659
165 166 0.80408
165 175 1.00908
165 265 -1.70346
166 167 -0.32719
166 176 -0.50452
166 266 -1.50234
167 168 0.20241
167 177 -0.40078
167 267 -0.25752
168 169 0.14995
168 178 -0.5113
168 268 -0.1535
169 179 0.25408
169 269 -0.6574
170 171 0.66201
170 179 -1.92336
170 180 0.39764
170 270 1.03785
171 172 -1.71949
171 181 0.88578
171 271 0.22622
172 173 -0.91187
172 182 -0.55925
172 272 -0.29319
173 174 2.35176
173 183 -1.42766
173 273 -0.21077
174 175 -0.09511
174 184 0.58091
174 274 -0.57868
175 176 -0.81316
175 185 -1.18632
175 275 0.39333
176 177 0.37384
176 186 -0.79631
176 276 -1.23545
177 178 -0.73998
177 187 0.11371
177 277 -1.76837
178 179 -1.33463
178 188 1.23662
178 278 -0.66421
179 189 -1.01391
179 279 0.8588
180 181 -1.55068
180 189 0.3253
180 190 -0.36577
180 280 -0.46536
181 182 1.68737
181 191 1.35125
181 281 0.19284
182 183 0.46339
182 192 1.05941
182 282 -0.69422
183 184 -0.58768
183 193 1.27152
183 283 0.87451
184 185 2.01663
184 194 -1.44778
184 284 -0.48861
185 186 -0.66172
185 195 -1.15608
185 285 0.55894
186 187 -0.42082
186 196 -0.0734
186 286 1.35531
187 188 2.50273
187 197 -1.41367
187 287 -0.18359
188 189 -0.24044
188 198 -0.04733
188 288 -1.27457
189 199 -0.43353
189 289 -1.26684
190 191 0.7176
190 199 0.01669
190 290 1.08344
191 192 -1.03026
191 291 -1.87655
192 193 -1.8822
192 292 1.03625
193 194 -0.8705
193 293 0.66799
194 195 1.07906
194 294 -1.84865
195 196 0.60608
195 295 -1.38732
196 197 0.4341
196 296 -0.03362
197 198 0.50945
197 297 -0.01566
198 199 0.27234
198 298 0.61841
199 299 -0.51056
200 201 1.17348
200 209 1.09461
200 210 0.46014
200 290 -1.24198
200 300 0.08818
201 202 -1.01331
201 211 -0.9525
201 291 -0.08821
201 301 -0.57087
202 203 0.2526
202 212 -0.52523
202 292 0.08801
202 302 -0.45793
203 204 -1.16027
203 213 -0.39227
203 293 0.88138
203 303 1.07368
204 205 0.9949
204 214 -0.16771
204 294 -0.79273
204 304 0.00564
205 206 0.21963
205 215 1.08397
205 295 -2.82926
205 305 1.27115
206 207 -0.60453
206 216 1.1924
206 296 0.39293
206 306 1.38675
207 208 0.53242
207 217 -1.41687
207 297 -0.03303
207 307 -0.3875
208 209 0.55018
208 218 -0.33328
208 298 -0.77218
208 308 -1.06129
209 219 0.31252
209 299 -0.70814
209 309 1.196
210 211 0.26562
210 219 -0.54016
210 220 -0.09564
210 310 0.42926
211 212 1.10676
211 221 -1.80466
211 311 0.46345
212 213 1.20326
212 222 -2.10325
212 312 1.10663
213 214 -0.56808
213 223 0.29865
213 313 0.50444
214 215 -0.37038
214 224 1.75762
214 314 -1.29685
215 216 -1.11616
215 225 -2.11189
215 315 -1.07433
216 217 1.03839
216 226 0.54567
216 316 -1.22588
217 218 -0.25876
217 227 0.52674
217 317 -0.59663
218 219 1.70316
218 228 1.12872
218 318 -0.37461
219 229 0.48628
219 319 1.84912
220 221 -0.08937
220 229 -0.36599
220 230 -2.26258
220 320 1.08524
221 222 -0.57578
221 231 1.448
221 321 1.33057
222 223 0.24604
222 232 0.90402
222 322 -0.11033
223 224 -0.34539
223 233 1.55231
223 323 0.16701
224 225 -2.75447
224 234 -1.04419
224 324 0.94854
225 226 -1.35034
225 235 0.51777
225 325 -1.77272
226 227 1.60554
226 236 0.22198
226 326 1.1405
227 228 0.78013
227 237 -0.21006
227 327 0.08422
228 229 3.36458
228 238 -0.9338
228 328 -1.52479
229 239 0.99645
229 329 -0.62645
230 231 -2.6294
230 239 1.1452
230 240 1.8149
230 330 -0.4133
231 232 -2.1933
231 241 -0.52247
231 331 -0.14175
232 233 1.68364
232 242 1.68423
232 332 0.53939
233 234 1.2725
233 243 1.21081
233 333 0.68772
234 235 1.66674
234 244 -0.65503
234 334 -0.61491
235 236 -0.94754
235 245 0.81062
235 335 0.07251
236 237 -1.84498
236 246 1.01412
236 336 2.31663
237 238 0.50821
237 247 0.42586
237 337 -0.90146
238 239 2.39086
238 248 -0.2493
238 338 -0.85002
239 249 -0.38273
239 339 0.14348
240 241 -0.4435
240 249 0.10842
240 250 0.57893
240 340 -0.37813
241 242 -0.33412
241 251 -2.70731
241 341 2.78182
242 243 0.10161
242 252 0.64397
242 342 -1.78933
243 244 -0.60734
243 253 -0.75114
243 343 -1.20324
244 245 -1.04103
244 254 0.19891
244 344 -2.03906
245 246 1.46947
245 255 -0.43224
245 345 -0.20475
246 247 1.14717
246 256 -0.85116
246 346 0.48212
247 248 0.52743
247 257 0.308
247 347 0.82654
248 249 -0.54345
248 258 0.87753
248 348 -1.66469
249 259 -0.16444
249 349 -0.54197
250 251 -0.06965
250 259 1.54973
250 260 0.44595
250 350 -0.00085
251 252 1.46783
251 261 0.97153
251 351 1.76741
252 253 0.89613
252 262 0.23456
252 352 0.50418
253 254 -0.90095
253 263 0.3223
253 353 0.85316
254 255 -0.60559
254 264 0.72914
254 354 -0.17405
255 256 -1.29072
255 265 0.84808
255 355 -1.63367
256 257 0.56581
256 266 -1.44956
256 356 -0.12217
257 258 -1.12347
257 267 -1.24136
257 357 0.95222
258 259 -0.91507
258 268 1.99163
258 358 -0.47836
259 269 -1.12433
259 359 0.29729
260 261 0.22503
260 269 0.83169
260 270 -1.34694
260 360 -0.3147
261 262 -0.55671
261 271 0.42156
261 361 1.52478
262 263 -0.59408
262 272 -0.55346
262 362 -0.4259
263 264 -1.53187
263 273 -0.59476
263 363 0.45127
264 265 -0.7186
264 274 -1.27366
264 364 0.74563
265 266 1.74991
265 275 -1.15016
265 365 0.28445
266 267 0.06737
266 276 -0.89922
266 366 0.17432
267 268 1.01725
267 277 -1.01203
267 367 0.16715
268 269 2.28987
268 278 0.47763
268 368 -0.09515
269 279 0.92494
269 369 -0.38882
270 271 -1.15109
270 279 -0.85344
270 280 0.88232
270 370 1.01538
271 272 -0.72645
271 281 -1.97967
271 371 2.72204
272 273 -1.34047
272 282 -1.5356
272 372 -1.41904
273 274 1.19012
273 283 1.84813
273 373 0.42685
274 275 -0.1687
274 284 -0.25008
274 374 -0.0896
275 276 1.04279
275 285 0.18448
275 375 0.32443
276 277 0.2587
276 286 2.05033
276 376 1.09663
277 278 -0.16401
277 287 0.234
277 377 0.05198
278 279 -1.23591
278 288 0.64622
278 378 -0.66121
279 289 -0.67492
279 379 1.07204
280 281 -0.2384
280 289 -0.28544
280 290 -0.16665
280 380 0.29765
281 282 2.30238
281 291 -0.43331
281 381 0.57648
282 283 1.2322
282 292 0.46264
282 382 -0.9696
283 284 -0.79255
283 293 0.56182
283 383 0.64401
284 285 0.09298
284 294 0.07061
284 384 -0.35148
285 286 0.34086
285 295 0.39009
285 385 -0.48319
286 287 -0.09216
286 296 0.66667
286 386 0.1974
287 288 0.45863
287 297 -0.41001
287 387 -0.61953
288 289 -0.33509
288 298 0.036
288 388 0.29574
289 299 -1.24049
289 389 2.72265
290 291 -0.78021
290 299 1.21556
290 390 0.19817
291 292 -1.75317
291 391 0.6138
292 293 -0.79994
292 392 0.21555
293 294 -1.82457
293 393 -0.29022
294 295 0.13061
294 394 1.02339
295 296 -0.1851
295 395 -1.17083
296 297 1.74083
296 396 1.3924
297 298 0.2132
297 397 -1.12671
298 299 0.03879
298 398 0.65222
299 399 -1.08026
300 301 -0.371
300 309 -0.24452
300 310 0.14122
300 390 -0.03333
300 400 1.51361
301 302 0.79491
301 311 0.72396
301 391 0.02045
301 401 -0.99946
302 303 -0.98995
302 312 -1.50589
302 392 0.1811
302 402 2.19314
303 304 0.45104
303 313 -0.56467
303 393 -0.82412
303 403 0.20683
304 305 -0.4649
304 314 -0.02556
304 394 -0.53369
304 404 -2.15244
305 306 -0.22178
305 315 -1.67452
305 395 -1.4015
305 405 -0.13884
306 307 1.11613
306 316 -0.76486
306 396 -0.69678
306 406 -0.18244
307 308 0.28905
307 317 -0.13211
307 397 0.3579
307 407 -0.12921
308 309 0.92034
308 318 1.04993
308 398 0.75595
308 408 0.86422
309 319 1.77992
309 399 0.26818
309 409 1.43661
310 311 0.37496
310 319 1.00837
310 320 0.31421
310 410 0.66439
311 312 0.15561
311 321 -0.64692
311 411 2.20582
312 313 -1.34261
312 322 1.13375
312 412 0.37182
313 314 1.50543
313 323 -0.03789
313 413 -1.37658
314 315 -0.35503
314 324 -0.25116
314 414 -0.36352
315 316 -0.35976
315 325 -2.10791
315 415 -0.44015
316 317 0.10702
316 326 -3.14435
316 416 0.756
317 318 1.81375
317 327 -0.56703
317 417 0.01536
318 319 -1.03744
318 328 -0.71585
318 418 1.32697
319 329 -0.3544
319 419 0.35687
320 321 0.3161
320 329 0.54727
320 330 -0.97708
320 420 -0.95892
321 322 -1.19824
321 331 1.10619
321 421 0.58009
322 323 1.02712
322 332 1.61238
322 422 0.41929
323 324 0.55185
323 333 0.90938
323 423 -0.19278
324 325 1.04539
324 334 0.7958
324 424 -2.00844
325 326 0.47115
325 335 0.21271
325 425 -2.09735
326 327 0.71955
326 336 -0.12181
326 426 -0.87292
327 328 -1.22326
327 337 -0.85579
327 427 1.14292
328 329 -0.12567
328 338 0.61143
328 428 -0.23807
329 339 -0.32959
329 429 -1.31653
330 331 0.20909
330 339 -0.44498
330 340 1.01457
330 430 1.14619
331 332 -0.92666
331 341 -0.49571
331 431 1.74099
332 333 -0.03783
332 342 1.12736
332 432 -0.67146
333 334 0.1343
333 343 0.14683
333 433 -0.57835
334 335 -0.92507
334 344 1.76298
334 434 0.42384
335 336 -0.04107
335 345 0.99365
335 435 -0.45341
336 337 1.21334
336 346 0.1816
336 436 0.39762
337 338 -1.74448
337 347 0.03608
337 437 -0.10689
338 339 -1.59326
338 348 -0.70007
338 438 -0.86761
339 349 1.00741
339 439 -0.48502
340 341 0.36106
340 349 -1.68897
340 350 -0.35054
340 440 -0.62362
341 342 -0.69234
341 351 0.33248
341 441 -1.00266
342 343 -0.51186
342 352 0.96884
342 442 -1.15363
343 344 -0.55239
343 353 -0.29271
343 443 -0.65449
344 345 0.48725
344 354 -0.82369
344 444 -2.08587
345 346 -1.22193
345 355 0.53854
345 445 -0.70769
346 347 -1.64256
346 356 -0.97834
346 446 0.76735
347 348 -0.29369
347 357 -1.22229
347 447 0.47673
348 349 0.45056
348 358 0.26443
348 448 -0.26726
349 359 0.26314
349 449 1.22729
350 351 -0.54615
350 359 1.75238
350 360 0.49686
350 450 -1.85673
351 352 0.15959
351 361 -1.44303
351 451 -1.78904
352 353 0.98217
352 362 1.1989
352 452 0.07442
353 354 -0.20459
353 363 0.19252
353 453 -0.98488
354 355 -0.73027
354 364 1.02449
354 454 0.56453
355 356 0.036
355 365 -1.86923
355 455 -0.27535
356 357 0.64325
356 366 0.79926
356 456 -1.76525
357 358 -2.60035
357 367 -0.17169
357 457 -0.33949
358 359 -0.13535
358 368 0.40105
358 458 -0.12291
359 369 -0.50923
359 459 -0.65067
360 361 0.41966
360 369 -1.25845
360 370 -0.24508
360 460 0.52388
361 362 1.50033
361 371 0.37053
361 461 0.41513
362 363 0.60766
362 372 0.75462
362 462 1.08057
363 364 0.31443
363 373 1.56029
363 463 -1.42693
364 365 -0.55743
364 374 -1.71265
364 464 -1.91037
365 366 0.26615
365 375 0.36573
365 465 -1.2507
366 367 0.43191
366 376 -0.9665
366 466 1.32783
367 368 -0.16141
367 377 1.32749
367 467 0.46583
368 369 -1.03321
368 378 -2.65869
368 468 -0.74983
369 379 -1.57961
369 469 0.19207
370 371 1.01582
370 379 0.27281
370 380 -0.84675
370 470 -1.02083
371 372 0.82848
371 381 -1.07197
371 471 1.78533
372 373 0.83247
372 382 -0.04647
372 472 0.67033
373 374 -0.69748
373 383 -0.27896
373 473 0.23842
374 375 1.23074
374 384 -0.03569
374 474 -0.95531
375 376 -0.75381
375 385 -1.08969
375 475 1.18182
376 377 0.32217
376 386 -0.88146
376 476 -0.28157
377 378 1.00176
377 387 0.47849
377 477 0.91121
378 379 0.44396
378 388 0.11488
378 478 0.50935
379 389 -0.527
379 479 1.70442
380 381 -0.24294
380 389 -0.98022
380 390 -1.70566
380 480 -0.59568
381 382 -0.95126
381 391 0.96456
381 481 -2.00373
382 383 1.04496
382 392 -0.39016
382 482 1.31207
383 384 -0.80414
383 393 1.39102
383 483 -2.2805
384 385 0.89278
384 394 0.15186
384 484 -0.78407
385 386 1.13403
385 395 -1.21489
385 485 0.01387
386 387 -0.49082
386 396 0.07454
386 486 -0.43927
387 388 -0.1232
387 397 0.46152
387 487 -0.25861
388 389 -0.29517
388 398 -1.05378
388 488 1.03962
389 399 1.93282
389 489 -0.52862
390 391 -0.76784
390 399 1.22125
390 490 0.03575
391 392 -0.7176
391 491 1.55481
392 393 0.90602
392 492 1.16426
393 394 0.499
393 493 -0.7425
394 395 0.45011
394 494 -0.96028
395 396 0.45584
395 495 0.44329
396 397 1.00685
396 496 -0.05165
397 398 1.21951
397 497 -0.00171
398 399 -0.28881
398 498 0.21407
399 499 -0.28287
400 401 -0.58547
400 409 2.34914
400 410 1.22082
400 490 1.39194
400 500 -1.70974
401 402 -0.80821
401 411 1.32413
401 491 -0.3005
401 501 1.1932
402 403 0.51816
402 412 -0.96685
402 492 1.10513
402 502 -0.48852
403 404 1.72792
403 413 -1.51224
403 493 -0.39435
403 503 1.45022
404 405 0.05994
404 414 -0.25739
404 494 0.41754
404 504 -0.0022
405 406 -0.38707
405 415 0.84812
405 495 -1.64322
405 505 0.12171
406 407 -1.00894
406 416 0.03423
406 496 0.03365
406 506 0.06145
407 408 0.00752
407 417 1.07078
407 497 0.111
407 507 -0.58799
408 409 1.51404
408 418 -1.6496
408 498 -0.99588
408 508 0.98102
409 419 0.48075
409 499 -1.55087
409 509 -0.14155
410 411 0.82241
410 419 -0.89587
410 420 2.49479
410 510 1.53574
411 412 0.72694
411 421 1.50733
411 511 0.5004
412 413 -0.33465
412 422 -1.17955
412 512 0.37709
413 414 1.22369
413 423 -1.12195
413 513 -0.5993
414 415 -1.95101
414 424 -1.57005
414 514 1.03938
415 416 0.22054
415 425 -0.8759
415 515 -0.92311
416 417 -1.58297
416 426 -0.47115
416 516 -1.23388
417 418 1.07057
417 427 0.13447
417 517 1.60796
418 419 0.27217
418 428 -0.03265
418 518 -0.38798
419 429 1.28993
419 519 0.14521
420 421 -1.35732
420 429 -0.85166
420 430 -1.66105
420 520 0.18786
421 422 -0.36982
421 431 -0.54998
421 521 0.73284
422 423 0.47201
422 432 0.4473
422 522 -1.60276
423 424 0.50379
423 433 1.81659
423 523 1.4991
424 425 -1.30983
424 434 -0.3012
424 524 -0.15443
425 426 -0.43711
425 435 0.32867
425 525 -1.19678
426 427 -1.03822
426 436 -0.59176
426 526 0.84373
427 428 0.35694
427 437 -0.04736
427 527 -0.06744
428 429 -1.15332
428 438 0.57996
428 528 -0.53464
429 439 -0.16215
429 529 1.39759
430 431 1.18839
430 439 -0.22504
430 440 -1.32627
430 530 0.20486
431 432 0.01533
431 441 1.95331
431 531 -0.15626
432 433 -0.9005
432 442 -0.30831
432 532 -0.64187
433 434 1.22557
433 443 -2.21757
433 533 0.40915
434 435 0.18586
434 444 1.08202
434 534 -0.92459
435 436 -0.0256
435 445 0.22764
435 535 0.0197
436 437 0.99446
436 446 1.03087
436 536 -1.07937
437 438 -1.0623
437 447 1.6794
437 537 1.4731
438 439 1.62122
438 448 -0.16211
438 538 0.82666
439 449 -2.05509
439 539 -0.53644
440 441 0.45664
440 449 -1.11064
440 450 -0.40872
440 540 -0.22956
441 442 1.87261
441 451 -0.50267
441 541 -0.04101
442 443 0.03763
442 452 -0.21493
442 542 -0.5727
443 444 -0.89558
443 453 1.04987
443 543 0.53711
444 445 -0.77303
444 454 1.07565
444 544 -0.33741
445 446 -0.92388
445 455 -0.06478
445 545 0.12479
446 447 0.15703
446 456 0.09492
446 546 2.77354
447 448 -0.99942
447 457 0.50192
447 547 0.0567
448 449 -1.5429
448 458 0.66964
448 548 -0.67396
449 459 2.25448
449 549 -0.37675
450 451 -0.80523
450 459 -0.13405
450 460 0.00146
450 550 0.82812
451 452 -0.53039
451 461 -1.09006
451 551 0.22433
452 453 -1.25932
452 462 -1.93547
452 552 0.75944
453 454 0.74838
453 463 -0.41422
453 553 0.27659
454 455 0.74647
454 464 -0.31417
454 554 -1.1167
455 456 -0.79331
455 465 0.27839
455 555 -0.61024
456 457 0.51536
456 466 -0.59498
456 556 0.72653
457 458 -0.07722
457 467 1.54821
457 557 -2.20822
458 459 -1.04873
458 468 0.099
458 558 -0.04987
459 469 -0.14598
459 559 -0.60653
460 461 -0.73036
460 469 -0.22768
460 470 -1.61814
460 560 1.25879
461 462 -0.19084
461 471 -1.25499
461 561 0.58512
462 463 -0.51874
462 472 0.78857
462 562 0.13526
463 464 0.41149
463 473 1.05519
463 563 -0.36846
464 465 -0.62114
464 474 0.45285
464 564 -0.05795
465 466 -0.1666
465 475 0.95762
465 565 -0.31019
466 467 -0.22182
466 476 1.64481
466 566 -1.07254
467 468 -0.22042
467 477 -1.06721
467 567 0.32955
468 469 -1.37982
468 478 0.65942
468 568 1.33685
469 479 1.30498
469 569 0.09782
470 471 -0.163
470 479 -1.60407
470 480 -1.63593
470 570 1.21524
471 472 0.88798
471 481 0.2867
471 571 -0.26441
472 473 -1.22954
472 482 0.70179
472 572 -0.74012
473 474 0.13994
473 483 -1.04047
473 573 -1.59154
474 475 -0.85338
474 484 -0.84279
474 574 0.26925
475 476 -0.43093
475 485 0.29362
475 575 0.1063
476 477 -0.58738
476 486 -0.5846
476 576 -0.47415
477 478 0.09333
477 487 -0.07287
477 577 -0.24209
478 479 0.5778
478 488 -1.80815
478 578 1.38462
479 489 -0.40551
479 579 1.11556
480 481 0.92533
480 489 1.43121
480 490 -1.58238
480 580 -2.39201
481 482 -0.92686
481 491 1.12229
481 581 0.271
482 483 -0.38513
482 492 -1.44237
482 582 0.58285
483 484 2.31278
483 493 0.18261
483 583 -0.88097
484 485 -0.46735
484 494 -0.71647
484 584 -0.97117
485 486 2.00434
485 495 0.62483
485 585 0.62028
486 487 3.01073
486 496 1.10048
486 586 -2.14671
487 488 -0.6017
487 497 -0.02015
487 587 -0.27306
488 489 1.7179
488 498 2.22942
488 588 0.93812
489 499 -0.22227
489 589 -0.88358
490 491 -0.85582
490 499 1.05087
490 590 -1.40024
491 492 0.07046
491 591 0.81104
492 493 0.02985
492 592 1.05923
493 494 1.26159
493 593 0.82011
494 495 1.04701
494 594 0.17428
495 496 -0.59695
495 595 0.79853
496 497 0.88782
496 596 -0.5557
497 498 -1.34967
497 597 -1.09542
498 499 0.52358
498 598 -1.96497
499 599 -1.45082
500 501 0.24978
500 509 -0.23148
500 510 -0.33836
500 590 0.65775
500 600 -0.90555
501 502 0.52106
501 511 1.86417
501 591 -1.03361
501 601 0.44486
502 503 -2.00773
502 512 -0.31001
502 592 -0.84903
502 602 -1.11376
503 504 0.10298
503 513 -1.16323
503 593 -0.97987
503 603 -0.28802
504 505 -0.47354
504 514 0.9357
504 594 -0.25285
504 604 -0.00055
505 506 -0.90182
505 515 1.96157
505 595 0.13239
505 605 -0.40787
506 507 -0.73679
506 516 2.19468
506 596 0.94573
506 606 0.97951
507 508 1.05041
507 517 0.48836
507 597 -0.34734
507 607 -0.86072
508 509 -0.34587
508 518 -0.54031
508 598 0.78112
508 608 -0.52821
509 519 -0.19669
509 599 0.05873
509 609 0.19432
510 511 -1.2387
510 519 -0.03475
510 520 -1.0289
510 610 0.37706
511 512 -0.44445
511 521 1.45235
511 611 0.08771
512 513 -0.17743
512 522 0.59144
512 612 -0.92658
513 514 0.07208
513 523 0.66195
513 613 1.73255
514 515 -0.9767
514 524 -1.77649
514 614 1.08955
515 516 -0.44492
515 525 0.9128
515 615 0.00465
516 517 -0.70534
516 526 -0.20716
516 616 -1.8772
517 518 -0.65202
517 527 -0.74546
517 617 -0.8102
518 519 -1.15008
518 528 0.66948
518 618 -0.74337
519 529 0.80637
519 619 -0.51978
520 521 -1.90322
520 529 2.42364
520 530 -0.54239
520 620 0.98639
521 522 -1.23615
521 531 -0.05067
521 621 0.38028
522 523 -0.11902
522 532 -1.39169
522 622 -0.73895
523 524 0.62454
523 533 -0.32576
523 623 1.24131
524 525 1.25507
524 534 0.06957
524 624 -1.06482
525 526 -1.60144
525 535 -0.55248
525 625 0.40705
526 527 -1.11173
526 536 0.44351
526 626 -0.70619
527 528 0.21165
527 537 -2.63683
527 627 0.14138
528 529 1.17971
528 538 0.01226
528 628 0.24828
529 539 0.04722
529 629 0.39096
530 531 0.96158
530 539 0.98912
530 540 0.83005
530 630 0.6806
531 532 0.02998
531 541 0.33311
531 631 0.4838
532 533 -0.27414
532 542 -0.56641
532 632 -2.04358
533 534 -0.11182
533 543 0.13297
533 633 0.73579
534 535 1.06459
534 544 -0.01733
534 634 -1.14671
535 536 -1.27816
535 545 -0.90133
535 635 -1.68362
536 537 -1.30864
536 546 0.68405
536 636 0.93782
537 538 -0.30346
537 547 -0.6313
537 637 0.16755
538 539 -0.05486
538 548 0.48803
538 638 1.08647
539 549 -0.35638
539 639 -0.31925
540 541 -1.29859
540 549 0.14711
540 550 0.12637
540 640 0.37876
541 542 -0.35655
541 551 -1.56053
541 641 1.89245
542 543 -1.34428
542 552 0.74609
542 642 -1.11219
543 544 -1.55103
543 553 -0.88681
543 643 -0.44847
544 545 -0.23616
544 554 -0.29603
544 644 -0.52353
545 546 -0.70572
545 555 0.87476
545 645 -0.72346
546 547 -1.68396
546 556 1.87649
546 646 -1.26792
547 548 0.60215
547 557 0.59755
547 647 -0.42992
548 549 0.37154
548 558 -2.0368
548 648 0.68481
549 559 -1.27871
549 649 -0.1979
550 551 0.30382
550 559 1.29538
550 560 0.79769
550 650 -1.3789
551 552 -0.65725
551 561 0.11217
551 651 0.27206
552 553 -0.74367
552 562 1.13514
552 652 -0.25449
553 554 0.55341
553 563 -1.47306
553 653 0.84737
554 555 -0.6753
554 564 -0.13454
554 654 0.83764
555 556 -0.43471
555 565 1.73984
555 655 -0.87812
556 557 -0.36994
556 566 -0.0434
556 656 0.9159
557 558 -0.45184
557 567 0.83489
557 657 0.41516
558 559 0.70137
558 568 -0.54008
558 658 0.46033
559 569 -0.00943
559 659 0.80984
560 561 -0.25517
560 569 0.6764
560 570 0.01347
560 660 -0.08305
561 562 -0.42835
561 571 2.04572
561 661 0.72923
562 563 -1.39795
562 572 -1.61404
562 662 -0.05627
563 564 0.13119
563 573 -2.10355
563 663 0.72727
564 565 -0.83627
564 574 0.12916
564 664 -1.52324
565 566 0.6109
565 575 -0.10552
565 665 0.58234
566 567 0.46312
566 576 -1.20617
566 666 0.65152
567 568 -0.10386
567 577 -1.43647
567 667 -2.35995
568 569 -0.15077
568 578 -0.67943
568 668 -0.28503
569 579 -0.11978
569 669 -0.44072
570 571 -1.66788
570 579 0.56281
570 580 -0.88899
570 670 -0.76377
571 572 -0.01678
571 581 0.12631
571 671 0.38226
572 573 0.66446
572 582 -0.74794
572 672 -0.04184
573 574 1.67966
573 583 0.57317
573 673 0.54349
574 575 0.53337
574 584 -1.16784
574 674 0.21389
575 576 -0.34687
575 585 -0.11675
575 675 0.37271
576 577 -0.75094
576 586 0.03346
576 676 -1.4745
577 578 -1.97652
577 587 0.85152
577 677 0.66213
578 579 1.48258
578 588 0.24983
578 678 0.57612
579 589 0.25766
579 679 -1.23271
580 581 -0.11073
580 589 0.27349
580 590 1.64188
580 680 0.55536
581 582 0.24669
581 591 1.15328
581 681 -0.55961
582 583 -0.24467
582 592 -1.24179
582 682 -0.22943
583 584 -0.85228
583 593 -0.3651
583 683 0.026
584 585 2.14403
584 594 -0.67909
584 684 -0.5033
585 586 -0.11696
585 595 -0.2119
585 685 -0.46074
586 587 -1.33791
586 596 0.25432
586 686 -1.06278
587 588 -1.41595
587 597 -0.62896
587 687 -1.38727
588 589 1.30538
588 598 -0.037
588 688 -0.35999
589 599 0.20562
589 689 1.53645
590 591 -0.91825
590 599 0.5158
590 690 -1.51668
591 592 -1.46966
591 691 -0.95497
592 593 0.3653
592 692 -0.29192
593 594 -0.56044
593 693 1.32794
594 595 -1.94066
594 694 -0.80097
595 596 0.71751
595 695 0.90872
596 597 -0.11272
596 696 0.25059
597 598 1.17532
597 697 -0.90616
598 599 0.77691
598 698 -0.33606
599 699 -0.70217
600 601 -0.10579
600 609 0.65581
600 610 -0.46923
600 690 2.13988
600 700 -0.43645
601 602 -1.11723
601 611 0.88508
601 691 0.48894
601 701 0.66055
602 603 -2.08382
602 612 0.24878
602 692 1.62596
602 702 1.94091
603 604 1.39566
603 613 0.68312
603 693 0.75381
603 703 -0.55364
604 605 1.60734
604 614 -0.71846
604 694 0.97455
604 704 1.54311
605 606 -0.78917
605 615 -0.78301
605 695 -0.72745
605 705 0.98186
606 607 2.10758
606 616 -0.21747
606 696 0.68388
606 706 -1.62097
607 608 0.12621
607 617 -0.10805
607 697 -0.29843
607 707 1.26779
608 609 0.06493
608 618 0.74981
608 698 -1.13518
608 708 0.82531
609 619 0.53825
609 699 0.66011
609 709 0.33386
610 611 0.17578
610 619 -0.53056
610 620 1.28509
610 710 -0.70869
611 612 -0.19887
611 621 1.06984
611 711 2.00499
612 613 0.09486
612 622 0.55441
612 712 0.70139
613 614 0.97214
613 623 1.57698
613 713 -0.14918
614 615 -0.1265
614 624 -0.43299
614 714 0.251
615 616 -1.38759
615 625 -0.75099
615 715 1.7846
616 617 1.58289
616 626 -0.01571
616 716 0.1113
617 618 0.11307
617 627 -1.01787
617 717 -0.36331
618 619 -0.96091
618 628 -1.62765
618 718 0.38829
619 629 -0.17015
619 719 0.59805
620 621 -0.24323
620 629 1.55754
620 630 1.8822
620 720 1.45211
621 622 1.43071
621 631 0.24197
621 721 1.28197
622 623 -0.16712
622 632 1.19552
622 722 1.29287
623 624 -0.79034
623 633 0.63546
623 723 -0.0938
624 625 -0.28157
624 634 -1.14478
624 724 -0.11825
625 626 1.5204
625 635 0.99415
625 725 0.9951
626 627 1.60097
626 636 0.86959
626 726 0.60542
627 628 -0.5509
627 637 -0.34424
627 727 1.04702
628 629 0.50078
628 638 0.49259
628 728 0.75832
629 639 0.49426
629 729 -0.80738
630 631 -0.90237
630 639 -0.43522
630 640 0.63467
630 730 -1.76488
631 632 0.41881
631 641 1.98308
631 731 -1.81205
632 633 -0.49998
632 642 -0.49206
632 732 -1.26191
633 634 0.94639
633 643 2.06985
633 733 1.02507
634 635 -0.38379
634 644 1.33212
634 734 -0.17199
635 636 -0.12181
635 645 1.33153
635 735 0.15447
636 637 -0.98895
636 646 0.16061
636 736 1.04569
637 638 1.06479
637 647 0.08428
637 737 -0.68643
638 639 0.90565
638 648 -0.46268
638 738 -0.20223
639 649 1.38314
639 739 0.01558
640 641 -1.37465
640 649 -0.80163
640 650 1.19153
640 740 -0.58921
641 642 0.2328
641 651 -1.46226
641 741 1.31454
642 643 0.18685
642 652 -0.92275
642 742 0.67269
643 644 0.48661
643 653 1.1132
643 743 -0.90228
644 645 -0.70274
644 654 1.27998
644 744 -1.19823
645 646 -0.66213
645 655 -0.69814
645 745 0.04098
646 647 1.24352
646 656 -0.85362
646 746 -0.25189
647 648 -0.99154
647 657 0.07141
647 747 0.46627
648 649 0.51922
648 658 -0.43402
648 748 -0.55065
649 659 0.45429
649 749 0.70291
650 651 0.31977
650 659 -0.87265
650 660 -0.87966
650 750 0.69252
651 652 -0.46128
651 661 -1.84787
651 751 -0.81039
652 653 -0.35153
652 662 1.09014
652 752 1.08224
653 654 0.12151
653 663 -0.02321
653 753 1.41328
654 655 1.15725
654 664 0.48952
654 754 0.63146
655 656 -0.82434
655 665 0.13667
655 755 0.93204
656 657 1.09062
656 666 0.19474
656 756 1.5005
657 658 1.82803
657 667 -0.86577
657 757 -0.44377
658 659 1.84733
658 668 0.54961
658 758 0.33394
659 669 -0.76155
659 759 0.12391
660 661 -0.54564
660 669 0.0132
660 670 -1.39364
660 760 -0.52372
661 662 0.17618
661 671 1.45279
661 761 1.162
662 663 0.14762
662 672 -0.18148
662 762 -0.97864
663 664 1.0817
663 673 -0.72105
663 763 -0.01979
664 665 0.89365
664 674 -0.78772
664 764 -0.64279
665 666 -1.11179
665 675 1.17893
665 765 -1.10342
666 667 -1.85883
666 676 -2.12536
666 766 0.44874
667 668 -0.2562
667 677 0.36516
667 767 -0.89875
668 669 0.64511
668 678 -0.22921
668 768 0.78085
669 679 0.27796
669 769 0.54004
670 671 1.23493
670 679 -0.39498
670 680 -1.55648
670 770 0.52281
671 672 -0.1802
671 681 -0.63741
671 771 -0.05251
672 673 -1.08433
672 682 -1.28945
672 772 -0.47264
673 674 -1.5679
673 683 -0.46925
673 773 -0.05049
674 675 1.03151
674 684 2.12611
674 774 0.94761
675 676 -0.07475
675 685 0.39584
675 775 -0.46657
676 677 -1.23135
676 686 -0.33391
676 776 -1.23574
677 678 1.45667
677 687 -0.15708
677 777 1.47487
678 679 -0.12131
678 688 0.7421
678 778 0.7908
679 689 0.34541
679 779 0.8183
680 681 0.35162
680 689 -0.41416
680 690 -0.14759
680 780 -1.04619
681 682 1.32381
681 691 -0.38481
681 781 1.04528
682 683 -0.94613
682 692 0.95439
682 782 0.5594
683 684 -1.92186
683 693 0.34284
683 783 -1.29833
684 685 -0.86511
684 694 0.36448
684 784 1.55863
685 686 1.3149
685 695 -0.77199
685 785 0.27534
686 687 0.26167
686 696 0.92434
686 786 0.38262
687 688 1.57761
687 697 -0.48111
687 787 -1.16937
688 689 1.1625
688 698 0.62111
688 788 0.61679
689 699 0.90642
689 789 -0.09952
690 691 -1.05555
690 699 -1.20793
690 790 -1.26227
691 692 0.18685
691 791 -1.39547
692 693 0.96966
692 792 1.01981
693 694 1.66497
693 793 0.67509
694 695 -2.01664
694 794 0.61741
695 696 -0.3817
695 795 -0.15882
696 697 0.8878
696 796 -0.89782
697 698 1.49142
697 797 0.1366
698 699 0.32844
698 798 0.87541
699 799 0.06667
700 701 0.09741
700 709 0.29285
700 710 1.01965
700 790 1.26595
700 800 0.67689
701 702 0.20452
701 711 -1.01822
701 791 -0.49142
701 801 1.40341
702 703 -1.00237
702 712 1.76783
702 792 -0.34598
702 802 -2.58585
703 704 1.08116
703 713 0.20536
703 793 2.81555
703 803 0.19431
704 705 1.03987
704 714 -0.18717
704 794 -2.0251
704 804 -0.81362
705 706 -0.04474
705 715 1.2571
705 795 0.44382
705 805 0.16551
706 707 -0.06317
706 716 1.2439
706 796 0.32925
706 806 -0.8582
707 708 -0.45274
707 717 0.8806
707 797 -0.09705
707 807 -0.5357
708 709 0.04921
708 718 1.10396
708 798 0.55266
708 808 0.77482
709 719 0.53102
709 799 -0.25849
709 809 -0.6974
710 711 0.86671
710 719 -0.86056
710 720 0.39739
710 810 -0.49681
711 712 0.18533
711 721 -1.30435
711 811 0.02446
712 713 -0.92028
712 722 0.49147
712 812 1.3027
713 714 -0.45482
713 723 0.38081
713 813 -0.21356
714 715 -0.49272
714 724 -0.75509
714 814 0.21773
715 716 -0.79615
715 725 0.02448
715 815 -0.64076
716 717 -0.7544
716 726 -0.05503
716 816 0.30709
717 718 -1.19963
717 727 -0.14807
717 817 0.01883
718 719 -0.4284
718 728 -0.42864
718 818 -1.23802
719 729 -0.23831
719 819 -1.70993
720 721 0.00526
720 729 -0.3462
720 730 -0.18932
720 820 0.71368
721 722 -0.47617
721 731 1.14202
721 821 2.14331
722 723 0.18935
722 732 -1.06752
722 822 2.09091
723 724 0.09697
723 733 1.47689
723 823 -0.45642
724 725 -0.45077
724 734 -0.04951
724 824 -1.37875
725 726 0.5079
725 735 -0.3651
725 825 -0.76546
726 727 -0.12646
726 736 -2.22257
726 826 -1.09378
727 728 -0.55173
727 737 2.00372
727 827 1.2552
728 729 0.97807
728 738 0.54099
728 828 0.6237
729 739 0.81129
729 829 -1.01816
730 731 -1.66966
730 739 -0.27497
730 740 -0.68664
730 830 0.54613
731 732 -1.01214
731 741 -1.05084
731 831 0.64311
732 733 -0.73105
732 742 0.52011
732 832 -0.39223
733 734 0.76864
733 743 1.55418
733 833 1.03492
734 735 -0.12062
734 744 0.43671
734 834 0.28942
735 736 -2.22038
735 745 -0.05121
735 835 0.1389
736 737 0.14306
736 746 0.0848
736 836 0.13695
737 738 -0.30188
737 747 0.66366
737 837 -0.00687
738 739 -1.19949
738 748 0.77362
738 838 0.81683
739 749 0.72889
739 839 -1.27682
740 741 0.44486
740 749 0.38695
740 750 0.32031
740 840 -0.10783
741 742 -0.10859
741 751 0.49666
741 841 1.35796
742 743 -1.11991
742 752 -0.28429
742 842 0.52257
743 744 1.1796
743 753 0.32224
743 843 0.65579
744 745 0.00195
744 754 0.12806
744 844 -0.33651
745 746 -2.48575
745 755 -1.53409
745 845 -0.74571
746 747 0.35146
746 756 1.40374
746 846 1.40352
747 748 0.34241
747 757 0.49458
747 847 1.30834
748 749 -0.61281
748 758 0.88029
748 848 -1.14535
749 759 1.2495
749 849 -0.53614
750 751 -1.04392
750 759 -0.79511
750 760 -0.08426
750 850 -3.31595
751 752 -0.9985
751 761 -0.20938
751 851 0.09108
752 753 1.86811
752 762 -0.16786
752 852 -0.99996
753 754 -0.16584
753 763 -0.54268
753 853 1.31618
754 755 0.8383
754 764 0.41499
754 854 1.01713
755 756 -0.42248
755 765 1.08662
755 855 -2.45481
756 757 1.24015
756 766 1.34762
756 856 -0.14105
757 758 1.41791
757 767 -1.15957
757 857 3.39213
758 759 -0.82661
758 768 -0.86694
758 858 0.20634
759 769 1.3736
759 859 -1.93781
760 761 -1.49285
760 769 0.69391
760 770 -0.21613
760 860 1.13803
761 762 0.29216
761 771 1.08215
761 861 -2.61002
762 763 -1.65394
762 772 1.96069
762 862 -0.09174
763 764 -0.94164
763 773 -0.51113
763 863 -0.23403
764 765 -1.01881
764 774 0.2779
764 864 -1.72944
765 766 0.28927
765 775 0.62316
765 865 -1.71818
766 767 0.73785
766 776 -0.72163
766 866 -1.57993
767 768 -0.61174
767 777 -0.17825
767 867 -1.77067
768 769 0.29275
768 778 -1.07337
768 868 -0.10337
769 779 0.54948
769 869 0.64504
770 771 1.16511
770 779 1.72157
770 780 -0.0962
770 870 -1.42675
771 772 -1.02286
771 781 -1.59301
771 871 0.42653
772 773 1.06157
772 782 -1.5665
772 872 -1.19948
773 774 1.32797
773 783 1.01545
773 873 1.9601
774 775 -0.50083
774 784 -0.3992
774 874 -1.3446
775 776 1.63383
775 785 1.00577
775 875 -0.31686
776 777 -0.11292
776 786 0.62893
776 876 0.00752
777 778 -1.73136
777 787 0.03391
777 877 -1.69338
778 779 0.75558
778 788 -0.96488
778 878 0.73148
779 789 -1.08576
779 879 0.96403
780 781 -0.3888
780 789 0.83986
780 790 0.26615
780 880 1.58147
781 782 -0.13542
781 791 1.67845
781 881 -2.55828
782 783 1.1525
782 792 0.94135
782 882 -0.31506
783 784 -0.29794
783 793 -0.71658
783 883 -2.84133
784 785 -0.31538
784 794 0.54137
784 884 -0.57384
785 786 -0.16434
785 795 -0.3944
785 885 0.42996
786 787 1.67286
786 796 0.05267
786 886 1.19852
787 788 0.62117
787 797 0.11921
787 887 -0.55884
788 789 0.77767
788 798 -1.63187
788 888 -0.58797
789 799 -0.29257
789 889 -0.3299
790 791 0.33919
790 799 1.17935
790 890 -1.6507
791 792 0.52678
791 891 0.87407
792 793 0.33397
792 892 -1.04636
793 794 0.03623
793 893 1.03294
794 795 0.38739
794 894 0.38828
795 796 1.03186
795 895 1.63879
796 797 1.06238
796 896 -0.38366
797 798 -0.07966
797 897 0.33445
798 799 0.63847
798 898 0.35432
799 899 0.59277
800 801 -0.42321
800 809 0.26199
800 810 0.89155
800 890 0.56327
800 900 -1.06442
801 802 -0.08678
801 811 -0.67788
801 891 1.46166
801 901 -0.7418
802 803 0.62063
802 812 -1.53282
802 892 1.81303
802 902 0.98424
803 804 0.31183
803 813 0.9312
803 893 -1.55512
803 903 -1.59884
804 805 -1.92412
804 814 -0.52446
804 894 0.04547
804 904 1.56511
805 806 -1.3096
805 815 -0.37896
805 895 0.64941
805 905 0.22078
806 807 -1.93219
806 816 -0.19021
806 896 -1.13206
806 906 1.72617
807 808 0.24799
807 817 0.8145
807 897 -0.26959
807 907 -0.15085
808 809 -1.34939
808 818 0.41695
808 898 1.38366
808 908 -2.14165
809 819 0.80263
809 899 1.80836
809 909 0.79704
810 811 0.53973
810 819 -1.00335
810 820 -0.47295
810 910 -0.25147
811 812 -1.37507
811 821 -0.56687
811 911 -0.96575
812 813 -0.33687
812 822 -1.83377
812 912 -1.02036
813 814 0.51263
813 823 1.37692
813 913 -0.90279
814 815 -0.30207
814 824 1.86431
814 914 -1.45849
815 816 -0.92728
815 825 -1.65441
815 915 1.27816
816 817 -0.75786
816 826 0.02649
816 916 -0.60301
817 818 -0.0656
817 827 2.1246
817 917 -1.54762
818 819 -0.35586
818 828 -1.48381
818 918 0.38071
819 829 1.23793
819 919 -0.9348
820 821 1.20033
820 829 1.71724
820 830 -0.14258
820 920 -1.6871
821 822 -1.38387
821 831 -0.16507
821 921 0.1601
822 823 0.03536
822 832 0.91136
822 922 0.61779
823 824 0.81515
823 833 3.03474
823 923 -0.19069
824 825 0.8217
824 834 1.03854
824 924 -0.16999
825 826 1.86955
825 835 0.57012
825 925 -0.59203
826 827 0.96363
826 836 2.28701
826 926 0.12193
827 828 -0.8459
827 837 -0.94939
827 927 -0.28418
828 829 -0.7596
828 838 1.37092
828 928 -0.45732
829 839 0.78647
829 929 -0.28804
830 831 -0.83902
830 839 -0.34238
830 840 0.44914
830 930 -0.47174
831 832 0.29611
831 841 -0.79474
831 931 -1.15157
832 833 -0.85573
832 842 2.06049
832 932 -0.4764
833 834 0.28807
833 843 0.11539
833 933 -0.08125
834 835 -2.11571
834 844 0.70946
834 934 0.33845
835 836 -1.26455
835 845 1.02123
835 935 0.23676
836 837 0.07878
836 846 0.44373
836 936 -0.18077
837 838 0.27049
837 847 0.1275
837 937 -0.78857
838 839 0.60385
838 848 -0.46641
838 938 -1.24366
839 849 -0.67563
839 939 -0.31348
840 841 1.45347
840 849 -0.32635
840 850 0.5134
840 940 0.12816
841 842 -0.53904
841 851 -0.04863
841 941 -0.33758
842 843 -0.61992
842 852 -0.72255
842 942 0.77742
843 844 -1.48552
843 853 -1.39283
843 943 -2.23138
844 845 -0.11672
844 854 0.44813
844 944 0.38196
845 846 0.9586
845 855 -0.83605
845 945 1.01527
846 847 2.70925
846 856 -0.20773
846 946 1.31388
847 848 -0.73947
847 857 -1.0359
847 947 -0.65621
848 849 -0.38863
848 858 0.6389
848 948 -1.21209
849 859 -1.05918
849 949 0.3828
850 851 -0.52816
850 859 0.04988
850 860 -0.60803
850 950 0.15259
851 852 1.86543
851 861 1.03956
851 951 -0.27779
852 853 0.8568
852 862 0.31623
852 952 1.07367
853 854 0.64964
853 863 1.17469
853 953 -1.15627
854 855 1.77894
854 864 1.65508
854 954 1.21959
855 856 -0.55082
855 865 0.20228
855 955 1.71757
856 857 1.58785
856 866 0.0336
856 956 0.53049
857 858 1.67823
857 867 1.19831
857 957 -1.22713
858 859 0.72992
858 868 0.71051
858 958 -0.53009
859 869 -1.43275
859 959 1.87155
860 861 -0.46679
860 869 0.67465
860 870 1.91824
860 960 -0.85426
861 862 -1.12485
861 871 0.84769
861 961 1.2546
862 863 0.68305
862 872 -0.52938
862 962 -0.18085
863 864 1.92177
863 873 1.9323
863 963 1.09363
864 865 -1.07015
864 874 0.63515
864 964 1.68421
865 866 -0.39246
865 875 1.70315
865 965 -0.41777
866 867 0.94758
866 876 -0.85564
866 966 -0.25314
867 868 1.75613
867 877 -0.32423
867 967 -0.73492
868 869 -0.73461
868 878 -0.68185
868 968 1.58831
869 879 -0.06806
869 969 0.66781
870 871 0.64221
870 879 0.96847
870 880 0.43705
870 970 -2.05822
871 872 0.10016
871 881 0.78961
871 971 0.63468
872 873 -0.85327
872 882 -0.17278
872 972 0.73283
873 874 0.21087
873 883 1.42323
873 973 1.1924
874 875 -1.10045
874 884 -2.20633
874 974 0.97697
875 876 -0.64127
875 885 -0.68133
875 975 -0.04264
876 877 -2.06303
876 886 0.99169
876 976 1.59068
877 878 1.47141
877 887 0.92494
877 977 0.5991
878 879 0.34803
878 888 0.00265
878 978 -0.00642
879 889 0.9485
879 979 -0.16752
880 881 -1.28777
880 889 0.5466
880 890 0.74774
880 980 -0.87937
881 882 -1.00045
881 891 -1.23931
881 981 -0.43987
882 883 0.45007
882 892 0.67777
882 982 0.09815
883 884 0.16707
883 893 -0.12677
883 983 -1.27672
884 885 0.32568
884 894 1.15913
884 984 -0.41744
885 886 -0.13331
885 895 2.17015
885 985 0.26194
886 887 -1.31851
886 896 -0.03246
886 986 0.86905
887 888 0.89344
887 897 0.53625
887 987 1.65444
888 889 0.11654
888 898 -0.11284
888 988 0.52407
889 899 0.60993
889 989 2.70369
890 891 0.1354
890 899 2.07065
890 990 0.20644
891 892 0.86801
891 991 0.49261
892 893 -2.72726
892 992 0.03617
893 894 -0.3361
893 993 -1.70931
894 895 -1.37583
894 994 -0.21088
895 896 0.04749
895 995 -0.31564
896 897 0.75408
896 996 1.06788
897 898 -1.87489
897 997 0.68376
898 899 0.75434
898 998 0.97792
899 999 1.16946
900 901 -0.8997
900 909 -2.51973
900 910 -0.41114
900 990 0.26953
901 902 -0.25588
901 911 -2.52198
901 991 -0.95322
902 903 -0.36768
902 912 -1.61777
902 992 -0.06326
903 904 -0.19554
903 913 0.1242
903 993 1.33937
904 905 1.3143
904 914 0.25766
904 994 -0.04041
905 906 0.61438
905 915 -1.35179
905 995 0.36831
906 907 0.04611
906 916 -0.04042
906 996 0.06673
907 908 -0.2078
907 917 0.99817
907 997 -0.65695
908 909 0.87048
908 918 -0.4129
908 998 0.15247
909 919 -1.04312
909 999 1.27349
910 911 0.10911
910 919 -0.85285
910 920 0.55843
911 912 1.48867
911 921 -1.39707
912 913 1.076
912 922 -0.45064
913 914 -0.90654
913 923 -0.86111
914 915 0.29058
914 924 0.79731
915 916 0.31396
915 925 1.02555
916 917 0.89807
916 926 1.2795
917 918 -0.23969
917 927 -0.94391
918 919 1.17953
918 928 -0.66096
919 929 -0.14369
920 921 1.7804
920 929 -0.4696
920 930 0.78588
921 922 -0.63568
921 931 1.0071
922 923 0.47501
922 932 0.85577
923 924 0.8176
923 933 -0.05484
924 925 0.45724
924 934 0.2772
925 926 -0.78272
925 935 1.01203
926 927 2.03072
926 936 0.18568
927 928 1.21625
927 937 -0.87754
928 929 0.12306
928 938 -1.03743
929 939 -0.09091
930 931 -0.68151
930 939 1.54465
930 940 1.96551
931 932 0.12282
931 941 1.4378
932 933 0.21278
932 942 -1.11328
933 934 -0.24577
933 943 -0.28054
934 935 0.55257
934 944 0.70006
935 936 -1.1457
935 945 -1.36002
936 937 1.24619
936 946 0.74609
937 938 0.0636
937 947 0.34088
938 939 -0.99702
938 948 1.23447
939 949 -0.49137
940 941 -0.67208
940 949 0.66478
940 950 0.9429
941 942 -1.40081
941 951 0.359
942 943 1.47764
942 952 -0.8388
943 944 -0.06523
943 953 -0.57034
944 945 -1.09346
944 954 -0.92409
945 946 -0.30661
945 955 0.57119
946 947 -1.38834
946 956 -0.11328
947 948 0.23501
947 957 -0.7769
948 949 -0.61836
948 958 0.69202
949 959 0.37675
950 951 -0.53716
950 959 2.05711
950 960 0.78997
951 952 0.30457
951 961 -1.48824
952 953 0.29472
952 962 -0.46733
953 954 -1.32775
953 963 0.18182
954 955 -0.24066
954 964 -0.48191
955 956 0.10375
955 965 1.45746
956 957 0.83383
956 966 0.60781
957 958 -1.0478
957 967 -1.37036
958 959 -0.56611
958 968 0.50276
959 969 -1.02568
960 961 -0.92738
960 969 -1.85421
960 970 0.67774
961 962 -0.04701
961 971 1.02607
962 963 -0.92798
962 972 -0.56167
963 964 0.62749
963 973 -1.30702
964 965 -0.79262
964 974 0.43176
965 966 -0.35945
965 975 -0.19135
966 967 0.69952
966 976 1.67843
967 968 -0.25814
967 977 -1.23596
968 969 -1.24881
968 978 1.75577
969 979 -0.28726
970 971 1.84492
970 979 -0.06996
970 980 -1.04387
971 972 0.34055
971 981 -0.62884
972 973 2.14963
972 982 0.73528
973 974 -1.25996
973 983 -1.9483
974 975 2.02416
974 984 0.77852
975 976 1.2059
975 985 -0.66013
976 977 1.15243
976 986 1.33918
977 978 1.25758
977 987 -0.60566
978 979 -0.21267
978 988 0.23734
979 989 0.96861
980 981 0.9116
980 989 -0.09943
980 990 -0.14104
981 982 2.61415
981 991 0.52787
982 983 1.40511
982 992 -1.28646
983 984 1.71778
983 993 0.55436
984 985 1.5211
984 994 -1.28805
985 986 -0.86918
985 995 0.5971
986 987 -1.63216
986 996 1.47686
987 988 0.68958
987 997 0.75068
988 989 -2.20791
988 998 0.28571
989 999 -0.16431
990 991 -1.06453
990 999 -1.64102
991 992 -0.35286
992 993 -1.47339
993 994 -0.60518
994 995 -1.28334
995 996 1.10828
996 997 0.56529
997 998 -1.3112
998 999 2.15202
