# model=ea3d N=1000 meanJ=0 seed=185842132 distribution=gaussian field=0 num_fields=1000 num_couplings=3000
0 0
1 0
2 0
3 0
4 0
5 0
6 0
7 0
8 0
9 0
10 0
11 0
12 0
13 0
14 0
15 0
16 0
17 0
18 0
19 0
20 0
21 0
22 0
23 0
24 0
25 0
26 0
27 0
28 0
29 0
30 0
31 0
32 0
33 0
34 0
35 0
36 0
37 0
38 0
39 0
40 0
41 0
42 0
43 0
44 0
45 0
46 0
47 0
48 0
49 0
50 0
51 0
52 0
53 0
54 0
55 0
56 0
57 0
58 0
59 0
60 0
61 0
62 0
63 0
64 0
65 0
66 0
67 0
68 0
69 0
70 0
71 0
72 0
73 0
74 0
75 0
76 0
77 0
78 0
79 0
80 0
81 0
82 0
83 0
84 0
85 0
86 0
87 0
88 0
89 0
90 0
91 0
92 0
93 0
94 0
95 0
96 0
97 0
98 0
99 0
100 0
101 0
102 0
103 0
104 0
105 0
106 0
107 0
108 0
109 0
110 0
111 0
112 0
113 0
114 0
115 0
116 0
117 0
118 0
119 0
120 0
121 0
122 0
123 0
124 0
125 0
126 0
127 0
128 0
129 0
130 0
131 0
132 0
133 0
134 0
135 0
136 0
137 0
138 0
139 0
140 0
141 0
142 0
143 0
144 0
145 0
146 0
147 0
148 0
149 0
150 0
151 0
152 0
153 0
154 0
155 0
156 0
157 0
158 0
159 0
160 0
161 0
162 0
163 0
164 0
165 0
166 0
167 0
168 0
169 0
170 0
171 0
172 0
173 0
174 0
175 0
176 0
177 0
178 0
179 0
180 0
181 0
182 0
183 0
184 0
185 0
186 0
187 0
188 0
189 0
190 0
191 0
192 0
193 0
194 0
195 0
196 0
197 0
198 0
199 0
200 0
201 0
202 0
203 0
204 0
205 0
206 0
207 0
208 0
209 0
210 0
211 0
212 0
213 0
214 0
215 0
216 0
217 0
218 0
219 0
220 0
221 0
222 0
223 0
224 0
225 0
226 0
227 0
228 0
229 0
230 0
231 0
232 0
233 0
234 0
235 0
236 0
237 0
238 0
239 0
240 0
241 0
242 0
243 0
244 0
245 0
246 0
247 0
248 0
249 0
250 0
251 0
252 0
253 0
254 0
255 0
256 0
257 0
258 0
259 0
260 0
261 0
262 0
263 0
264 0
265 0
266 0
267 0
268 0
269 0
270 0
271 0
272 0
273 0
274 0
275 0
276 0
277 0
278 0
279 0
280 0
281 0
282 0
283 0
284 0
285 0
286 0
287 0
288 0
289 0
290 0
291 0
292 0
293 0
294 0
295 0
296 0
297 0
298 0
299 0
300 0
301 0
302 0
303 0
304 0
305 0
306 0
307 0
308 0
309 0
310 0
311 0
312 0
313 0
314 0
315 0
316 0
317 0
318 0
319 0
320 0
321 0
322 0
323 0
324 0
325 0
326 0
327 0
328 0
329 0
330 0
331 0
332 0
333 0
334 0
335 0
336 0
337 0
338 0
339 0
340 0
341 0
342 0
343 0
344 0
345 0
346 0
347 0
348 0
349 0
350 0
351 0
352 0
353 0
354 0
355 0
356 0
357 0
358 0
359 0
360 0
361 0
362 0
363 0
364 0
365 0
366 0
367 0
368 0
369 0
370 0
371 0
372 0
373 0
374 0
375 0
376 0
377 0
378 0
379 0
380 0
381 0
382 0
383 0
384 0
385 0
386 0
387 0
388 0
389 0
390 0
391 0
392 0
393 0
394 0
395 0
396 0
397 0
398 0
399 0
400 0
401 0
402 0
403 0
404 0
405 0
406 0
407 0
408 0
409 0
410 0
411 0
412 0
413 0
414 0
415 0
416 0
417 0
418 0
419 0
420 0
421 0
422 0
423 0
424 0
425 0
426 0
427 0
428 0
429 0
430 0
431 0
432 0
433 0
434 0
435 0
436 0
437 0
438 0
439 0
440 0
441 0
442 0
443 0
444 0
445 0
446 0
447 0
448 0
449 0
450 0
451 0
452 0
453 0
454 0
455 0
456 0
457 0
458 0
459 0
460 0
461 0
462 0
463 0
464 0
465 0
466 0
467 0
468 0
469 0
470 0
471 0
472 0
473 0
474 0
475 0
476 0
477 0
478 0
479 0
480 0
481 0
482 0
483 0
484 0
485 0
486 0
487 0
488 0
489 0
490 0
491 0
492 0
493 0
494 0
495 0
496 0
497 0
498 0
499 0
500 0
501 0
502 0
503 0
504 0
505 0
506 0
507 0
508 0
509 0
510 0
511 0
512 0
513 0
514 0
515 0
516 0
517 0
518 0
519 0
520 0
521 0
522 0
523 0
524 0
525 0
526 0
527 0
528 0
529 0
530 0
531 0
532 0
533 0
534 0
535 0
536 0
537 0
538 0
539 0
540 0
541 0
542 0
543 0
544 0
545 0
546 0
547 0
548 0
549 0
550 0
551 0
552 0
553 0
554 0
555 0
556 0
557 0
558 0
559 0
560 0
561 0
562 0
563 0
564 0
565 0
566 0
567 0
568 0
569 0
570 0
571 0
572 0
573 0
574 0
575 0
576 0
577 0
578 0
579 0
580 0
581 0
582 0
583 0
584 0
585 0
586 0
587 0
588 0
589 0
590 0
591 0
592 0
593 0
594 0
595 0
596 0
597 0
598 0
599 0
600 0
601 0
602 0
603 0
604 0
605 0
606 0
607 0
608 0
609 0
610 0
611 0
612 0
613 0
614 0
615 0
616 0
617 0
618 0
619 0
620 0
621 0
622 0
623 0
624 0
625 0
626 0
627 0
628 0
629 0
630 0
631 0
632 0
633 0
634 0
635 0
636 0
637 0
638 0
639 0
640 0
641 0
642 0
643 0
644 0
645 0
646 0
647 0
648 0
649 0
650 0
651 0
652 0
653 0
654 0
655 0
656 0
657 0
658 0
659 0
660 0
661 0
662 0
663 0
664 0
665 0
666 0
667 0
668 0
669 0
670 0
671 0
672 0
673 0
674 0
675 0
676 0
677 0
678 0
679 0
680 0
681 0
682 0
683 0
684 0
685 0
686 0
687 0
688 0
689 0
690 0
691 0
692 0
693 0
694 0
695 0
696 0
697 0
698 0
699 0
700 0
701 0
702 0
703 0
704 0
705 0
706 0
707 0
708 0
709 0
710 0
711 0
712 0
713 0
714 0
715 0
716 0
717 0
718 0
719 0
720 0
721 0
722 0
723 0
724 0
725 0
726 0
727 0
728 0
729 0
730 0
731 0
732 0
733 0
734 0
735 0
736 0
737 0
738 0
739 0
740 0
741 0
742 0
743 0
744 0
745 0
746 0
747 0
748 0
749 0
750 0
751 0
752 0
753 0
754 0
755 0
756 0
757 0
758 0
759 0
760 0
761 0
762 0
763 0
764 0
765 0
766 0
767 0
768 0
769 0
770 0
771 0
772 0
773 0
774 0
775 0
776 0
777 0
778 0
779 0
780 0
781 0
782 0
783 0
784 0
785 0
786 0
787 0
788 0
789 0
790 0
791 0
792 0
793 0
794 0
795 0
796 0
797 0
798 0
799 0
800 0
801 0
802 0
803 0
804 0
805 0
806 0
807 0
808 0
809 0
810 0
811 0
812 0
813 0
814 0
815 0
816 0
817 0
818 0
819 0
820 0
821 0
822 0
823 0
824 0
825 0
826 0
827 0
828 0
829 0
830 0
831 0
832 0
833 0
834 0
835 0
836 0
837 0
838 0
839 0
840 0
841 0
842 0
843 0
844 0
845 0
846 0
847 0
848 0
849 0
850 0
851 0
852 0
853 0
854 0
855 0
856 0
857 0
858 0
859 0
860 0
861 0
862 0
863 0
864 0
865 0
866 0
867 0
868 0
869 0
870 0
871 0
872 0
873 0
874 0
875 0
876 0
877 0
878 0
879 0
880 0
881 0
882 0
883 0
884 0
885 0
886 0
887 0
888 0
889 0
890 0
891 0
892 0
893 0
894 0
895 0
896 0
897 0
898 0
899 0
900 0
901 0
902 0
903 0
904 0
905 0
906 0
907 0
908 0
909 0
910 0
911 0
912 0
913 0
914 0
915 0
916 0
917 0
918 0
919 0
920 0
921 0
922 0
923 0
924 0
925 0
926 0
927 0
928 0
929 0
930 0
931 0
932 0
933 0
934 0
935 0
936 0
937 0
938 0
939 0
940 0
941 0
942 0
943 0
944 0
945 0
946 0
947 0
948 0
949 0
950 0
951 0
952 0
953 0
954 0
955 0
956 0
957 0
958 0
959 0
960 0
961 0
962 0
963 0
964 0
965 0
966 0
967 0
968 0
969 0
970 0
971 0
972 0
973 0
974 0
975 0
976 0
977 0
978 0
979 0
980 0
981 0
982 0
983 0
984 0
985 0
986 0
987 0
988 0
989 0
990 0
991 0
992 0
993 0
994 0
995 0
996 0
997 0
998 0
999 0
0 1 -0.3187
0 9 -0.72495
0 10 0.60167
0 90 0.77459
0 100 -3.12011
0 900 -0.7056
1 2 -0.36798
1 11 0.50701
1 91 1.62083
1 101 1.05875
1 901 -0.40152
2 3 1.33046
2 12 0.70894
2 92 0.65265
2 102 1.00138
2 902 0.65569
3 4 -2.40218
3 13 -2.05762
3 93 0.19394
3 103 0.00446
3 903 -0.12095
4 5 0.44842
4 14 -0.42261
4 94 -0.19634
4 104 -1.28682
4 904 0.34062
5 6 -0.75857
5 15 -1.05423
5 95 -0.95651
5 105 -0.6173
5 905 1.17771
6 7 0.10982
6 16 -0.18945
6 96 -0.77286
6 106 2.72358
6 906 0.23275
7 8 -0.31636
7 17 -0.20265
7 97 -0.46011
7 107 -0.62423
7 907 -0.13184
8 9 1.61687
8 18 0.67781
8 98 0.03577
8 108 0.82806
8 908 1.36835
9 19 -0.21906
9 99 -1.3087
9 109 0.59319
9 909 1.37382
10 11 -1.13855
10 19 -0.11852
10 20 0.68824
10 110 -0.02512
10 910 0.66581
11 12 -0.10228
11 21 -1.82246
11 111 -1.22543
11 911 0.49083
12 13 -0.43661
12 22 -1.18633
12 112 -0.22899
12 912 -0.49852
13 14 0.05483
13 23 -0.17927
13 113 0.94323
13 913 -0.21503
14 15 -1.41117
14 24 0.81501
14 114 -0.52901
14 914 0.36078
15 16 -0.58705
15 25 1.34189
15 115 -1.20254
15 915 -1.55293
16 17 -1.17913
16 26 -1.63778
16 116 -1.46199
16 916 0.00941
17 18 0.49698
17 27 -0.77304
17 117 -0.31199
17 917 1.03254
18 19 -1.60659
18 28 0.21611
18 118 0.07115
18 918 0.22904
19 29 0.82118
19 119 -0.06836
19 919 0.57548
20 21 1.11204
20 29 1.66937
20 30 -0.37403
20 120 -1.90699
20 920 -1.32948
21 22 0.33507
21 31 0.29159
21 121 -1.08343
21 921 -0.36625
22 23 -0.12243
22 32 -0.82907
22 122 0.81624
22 922 0.51145
23 24 -0.50497
23 33 0.42867
23 123 -0.20199
23 923 1.83879
24 25 0.51842
24 34 -0.99683
24 124 -0.92268
24 924 1.0707
25 26 -0.61743
25 35 -0.50451
25 125 -0.19634
25 925 1.58431
26 27 1.16912
26 36 -1.15516
26 126 -0.68705
26 926 3.00765
27 28 1.08778
27 37 -0.76705
27 127 1.88447
27 927 -0.02881
28 29 2.48594
28 38 0.97892
28 128 -0.07757
28 928 0.18071
29 39 0.67392
29 129 -0.55683
29 929 -0.68786
30 31 -0.45672
30 39 0.02551
30 40 1.10359
30 130 -0.30498
30 930 0.56114
31 32 -0.39471
31 41 -0.34338
31 131 0.02334
31 931 -0.82272
32 33 -0.32085
32 42 -1.7831
32 132 0.10573
32 932 -0.53677
33 34 -2.15466
33 43 -1.28701
33 133 -1.02474
33 933 -1.67497
34 35 0.06132
34 44 0.79437
34 134 -1.24558
34 934 -0.79011
35 36 0.74597
35 45 -0.04546
35 135 -0.01927
35 935 0.82062
36 37 0.47241
36 46 -0.91745
36 136 0.76348
36 936 0.20547
37 38 -0.32371
37 47 0.21985
37 137 -1.77517
37 937 -0.05181
38 39 -0.91444
38 48 0.6729
38 138 0.30716
38 938 -1.03959
39 49 -0.87116
39 139 -0.83119
39 939 -2.11534
40 41 -0.15531
40 49 0.94731
40 50 -1.57015
40 140 1.73275
40 940 0.09292
41 42 -0.72672
41 51 1.01287
41 141 0.49189
41 941 -1.4928
42 43 0.03854
42 52 -1.25779
42 142 0.65248
42 942 0.84144
43 44 0.02743
43 53 0.13577
43 143 1.19465
43 943 0.21865
44 45 -1.35499
44 54 0.68349
44 144 -0.66675
44 944 0.55219
45 46 1.5033
45 55 0.85285
45 145 -3.82761
45 945 0.79319
46 47 2.09667
46 56 -0.58837
46 146 -1.526
46 946 -0.94699
47 48 -0.21632
47 57 1.23713
47 147 1.81204
47 947 0.28537
48 49 -0.96413
48 58 0.05942
48 148 -0.12778
48 948 1.34005
49 59 2.23463
49 149 0.89908
49 949 0.56674
50 51 -0.62104
50 59 -0.9357
50 60 0.51467
50 150 0.52905
50 950 -0.20466
51 52 0.90857
51 61 0.42956
51 151 0.40836
51 951 0.10447
52 53 -0.17913
52 62 1.42895
52 152 0.80412
52 952 -0.5947
53 54 2.65986
53 63 -1.24405
53 153 0.43236
53 953 0.99966
54 55 0.59428
54 64 0.48067
54 154 -0.68515
54 954 1.41096
55 56 2.07336
55 65 -0.57354
55 155 -0.485
55 955 -0.69915
56 57 0.73582
56 66 -1.72569
56 156 1.024
56 956 -0.54497
57 58 0.69904
57 67 0.22076
57 157 0.47999
57 957 2.01268
58 59 -0.38606
58 68 -1.05929
58 158 0.08065
58 958 0.95069
59 69 -0.7329
59 159 0.81062
59 959 -1.37216
60 61 -1.25755
60 69 -0.61558
60 70 0.40646
60 160 -0.7469
60 960 -0.16202
61 62 0.87511
61 71 0.49826
61 161 -0.347
61 961 1.31717
62 63 -2.00942
62 72 0.02972
62 162 0.85058
62 962 -0.75147
63 64 -0.3287
63 73 1.66518
63 163 0.52833
63 963 0.38965
64 65 1.3963
64 74 0.7444
64 164 -1.21436
64 964 0.50563
65 66 0.73042
65 75 0.05414
65 165 -2.70844
65 965 -0.25494
66 67 0.98634
66 76 -0.14263
66 166 0.83351
66 966 0.22083
67 68 -0.15169
67 77 -0.50604
67 167 1.46884
67 967 1.68382
68 69 -0.08551
68 78 0.16069
68 168 0.74336
68 968 0.59291
69 79 -1.20138
69 169 0.54821
69 969 1.04321
70 71 0.68733
70 79 -0.7233
70 80 -0.54658
70 170 -1.20007
70 970 0.5815
71 72 0.62966
71 81 -0.68185
71 171 1.56156
71 971 -1.43905
72 73 1.0266
72 82 -0.79083
72 172 0.15016
72 972 -1.7731
73 74 -0.33374
73 83 0.67023
73 173 0.00546
73 973 2.00797
74 75 0.68995
74 84 -1.91742
74 174 1.48765
74 974 -0.97127
75 76 -0.15184
75 85 -0.78878
75 175 -2.0261
75 975 -0.12447
76 77 1.33434
76 86 0.59501
76 176 0.20389
76 976 -0.83184
77 78 -0.21215
77 87 -0.28875
77 177 -0.11286
77 977 -0.61187
78 79 0.21281
78 88 -0.39037
78 178 -0.15808
78 978 -0.16833
79 89 0.24711
79 179 -1.41066
79 979 0.51478
80 81 -0.36817
80 89 0.40893
80 90 -0.04621
80 180 -0.04895
80 980 0.16193
81 82 -0.37935
81 91 0.97631
81 181 0.21715
81 981 -2.76859
82 83 -1.17991
82 92 0.43278
82 182 1.42171
82 982 1.04908
83 84 0.15361
83 93 -0.96676
83 183 -0.46593
83 983 -1.65697
84 85 1.58983
84 94 1.07244
84 184 -0.11786
84 984 -0.19413
85 86 -0.48969
85 95 0.37924
85 185 0.89497
85 985 0.63689
86 87 2.23278
86 96 -0.12167
86 186 -0.1071
86 986 0.48302
87 88 -1.50849
87 97 -0.64241
87 187 0.85518
87 987 0.74917
88 89 -0.48687
88 98 -0.69251
88 188 -0.3163
88 988 1.19989
89 99 -0.67958
89 189 0.08949
89 989 0.87678
90 91 -0.82718
90 99 -0.605
90 190 1.16481
90 990 0.35033
91 92 0.17315
91 191 0.01229
91 991 -0.54865
92 93 0.74688
92 192 -0.91061
92 992 1.28026
93 94 0.8576
93 193 -0.38981
93 993 0.19039
94 95 1.64263
94 194 -0.77849
94 994 -1.51094
95 96 -1.34504
95 195 -0.61942
95 995 0.48305
96 97 -0.16925
96 196 -0.46932
96 996 -0.36524
97 98 -1.28902
97 197 -0.69015
97 997 -0.18383
98 99 -0.21197
98 198 -1.02584
98 998 -2.25961
99 199 0.59924
99 999 1.21647
100 101 1.92539
100 109 0.25757
100 110 -0.43001
100 190 0.40426
100 200 1.28642
101 102 -2.26547
101 111 0.49785
101 191 -0.17235
101 201 -0.83887
102 103 -0.6195
102 112 -1.48547
102 192 0.15895
102 202 -0.6105
103 104 -0.50338
103 113 -0.617
103 193 -0.31353
103 203 0.57314
104 105 1.33269
104 114 1.30799
104 194 -1.45761
104 204 -0.20224
105 106 0.24704
105 115 1.76803
105 195 0.00725
105 205 -1.07893
106 107 1.0893
106 116 0.0758
106 196 1.67722
106 206 -0.60705
107 108 0.22147
107 117 0.62716
107 197 -0.76484
107 207 -0.12584
108 109 0.33565
108 118 0.95353
108 198 0.36376
108 208 -0.17808
109 119 -0.14193
109 199 -0.11408
109 209 -0.45389
110 111 -1.60734
110 119 -0.45432
110 120 1.52004
110 210 -1.09537
111 112 -1.2632
111 121 0.1574
111 211 0.53038
112 113 1.32662
112 122 0.36953
112 212 -0.00425
113 114 -0.57333
113 123 -1.92025
113 213 -3.16869
114 115 -0.10401
114 124 0.27729
114 214 1.18331
115 116 -1.04645
115 125 0.70286
115 215 0.15844
116 117 -1.44012
116 126 0.46279
116 216 0.80666
117 118 0.71911
117 127 -0.32664
117 217 0.67304
118 119 1.92691
118 128 0.53171
118 218 -1.37633
119 129 0.45951
119 219 -2.19232
120 121 -2.0208
120 129 -1.08393
120 130 1.16951
120 220 -2.61495
121 122 1.12177
121 131 0.50404
121 221 0.60761
122 123 -1.12088
122 132 0.62639
122 222 0.46721
123 124 -0.66163
123 133 -0.73581
123 223 -1.16832
124 125 2.03837
124 134 0.63606
124 224 0.14788
125 126 1.05351
125 135 -1.09799
125 225 -0.61398
126 127 0.74486
126 136 1.64756
126 226 0.94579
127 128 1.34182
127 137 0.06668
127 227 -0.84006
128 129 0.00087
128 138 1.58192
128 228 -2.26547
129 139 -0.58153
129 229 -0.47704
130 131 -0.05406
130 139 0.31853
130 140 0.24593
130 230 -0.56441
131 132 0.0136
131 141 2.06905
131 231 -0.0469
132 133 0.10614
132 142 0.37768
132 232 0.01127
133 134 0.94436
133 143 -0.82145
133 233 -1.24392
134 135 0.41086
134 144 1.1867
134 234 0.31219
135 136 1.32908
135 145 0.08333
135 235 -0.95217
136 137 0.93718
136 146 0.84004
136 236 1.94205
137 138 1.36656
137 147 -1.31339
137 237 -1.20544
138 139 0.49279
138 148 1.35126
138 238 0.27661
139 149 0.28003
139 239 1.57319
140 141 0.62604
140 149 0.55458
140 150 0.16047
140 240 -1.88644
141 142 -2.854
141 151 0.8047
141 241 0.32643
142 143 -1.37122
142 152 1.14933
142 242 0.59135
143 144 0.26525
143 153 1.7776
143 243 0.26892
144 145 -1.03159
144 154 -1.95741
144 244 -0.34221
145 146 -1.41059
145 155 -0.8073
145 245 0.34965
146 147 -0.08126
146 156 0.37854
146 246 -0.07892
147 148 0.49298
147 157 -1.94826
147 247 -1.01471
148 149 1.74834
148 158 1.62453
148 248 0.63708
149 159 -0.45862
149 249 0.74381
150 151 -0.8348
150 159 -0.05383
150 160 0.21355
150 250 -0.30465
151 152 -0.36842
151 161 0.29263
151 251 0.53803
152 153 1.72683
152 162 -1.08623
152 252 -1.69763
153 154 0.58058
153 163 -0.08199
153 253 -0.80766
154 155 0.70162
154 164 -1.18533
154 254 -0.82309
155 156 0.46355
155 165 -1.35529
155 255 -0.189
156 157 -2.13096
156 166 0.03979
156 256 0.58108
157 158 0.13733
157 167 -0.52386
157 257 0.71346
158 159 1.44543
158 168 -1.9905
158 258 0.87264
159 169 -1.1791
159 259 -0.02094
160 161 0.47018
160 169 1.03079
160 170 -0.92779
160 260 -1.51896
161 162 1.47775
161 171 0.40619
161 261 -0.76606
162 163 -0.28079
162 172 0.09632
162 262 0.67375
163 164 0.41209
163 173 -1.2973
163 263 0.10522
164 165 -0.12029
164 174 -1.18749
164 264 -0.14195
165 166 -0.09782
165 175 -0.88159
165 265 -0.42926
166 167 -0.80799
166 176 2.68327
166 266 1.46555
167 168 0.48106
167 177 -0.6794
167 267 1.85008
168 169 1.3509
168 178 1.973
168 268 2.02796
169 179 1.20512
169 269 -0.28941
170 171 -3.06104
170 179 0.00587
170 180 0.14971
170 270 -0.91899
171 172 -1.30932
171 181 -0.12971
171 271 1.68958
172 173 -0.82846
172 182 -1.24315
172 272 0.41656
173 174 0.04615
173 183 0.20452
173 273 0.08188
174 175 -0.06148
174 184 -0.88467
174 274 1.91669
175 176 0.20229
175 185 1.04716
175 275 1.06163
176 177 -0.95197
176 186 0.37351
176 276 -0.72798
177 178 0.59718
177 187 0.39183
177 277 0.31451
178 179 1.04817
178 188 -1.03519
178 278 0.82659
179 189 0.06107
179 279 0.33039
180 181 -1.17207
180 189 -0.5194
180 190 0.90798
180 280 1.24765
181 182 2.225
181 191 0.41716
181 281 -0.6136
182 183 -1.14068
182 192 0.94471
182 282 2.9017
183 184 1.30045
183 193 -1.35157
183 283 -0.35992
184 185 0.07439
184 194 2.73078
184 284 0.75752
185 186 1.39282
185 195 1.42907
185 285 -0.12246
186 187 0.34937
186 196 -0.42797
186 286 -0.83652
187 188 1.09917
187 197 0.84911
187 287 -0.01113
188 189 0.89934
188 198 -0.43531
188 288 1.13132
189 199 0.27193
189 289 -2.34806
190 191 -0.26981
190 199 0.03541
190 290 0.94429
191 192 -0.11327
191 291 -1.28198
192 193 1.11778
192 292 -1.32361
193 194 -0.59237
193 293 -0.87793
194 195 -0.99769
194 294 -1.29557
195 196 1.09373
195 295 1.08057
196 197 -0.37612
196 296 -1.02239
197 198 -0.05854
197 297 -2.04165
198 199 -0.55512
198 298 -0.15964
199 299 0.5578
200 201 -0.70616
200 209 0.44497
200 210 -0.45898
200 290 -0.29304
200 300 -0.4215
201 202 0.18066
201 211 -0.28319
201 291 0.22292
201 301 -0.42174
202 203 -0.43276
202 212 1.05691
202 292 0.72378
202 302 0.36854
203 204 -0.20132
203 213 0.70776
203 293 0.47421
203 303 -0.4738
204 205 0.64156
204 214 -1.77565
204 294 -1.71121
204 304 0.53024
205 206 1.55987
205 215 -0.68612
205 295 -1.15793
205 305 -0.50153
206 207 0.06233
206 216 0.87017
206 296 0.30166
206 306 0.17288
207 208 0.20406
207 217 0.39418
207 297 -0.41988
207 307 1.21022
208 209 0.94538
208 218 2.43959
208 298 0.49517
208 308 -1.01616
209 219 -0.57165
209 299 1.51784
209 309 -1.55203
210 211 0.03503
210 219 1.26263
210 220 -0.54988
210 310 2.05236
211 212 0.35292
211 221 0.23364
211 311 -0.11489
212 213 -1.24849
212 222 -1.64639
212 312 0.97266
213 214 -0.753
213 223 2.14904
213 313 0.39228
214 215 -1.21112
214 224 0.44518
214 314 0.44277
215 216 0.38631
215 225 0.00519
215 315 -0.15612
216 217 -1.40515
216 226 -0.34883
216 316 1.00938
217 218 1.72724
217 227 -2.55621
217 317 -0.36861
218 219 1.04397
218 228 0.19228
218 318 -1.34158
219 229 -0.20557
219 319 1.41202
220 221 0.19795
220 229 -0.01654
220 230 -0.27451
220 320 -2.02093
221 222 0.69424
221 231 0.9243
221 321 -0.75966
222 223 -0.1815
222 232 -0.70611
222 322 0.23426
223 224 -2.17034
223 233 -1.11189
223 323 0.66761
224 225 -0.37918
224 234 2.07785
224 324 -0.70247
225 226 -0.03365
225 235 0.10204
225 325 0.64449
226 227 1.96348
226 236 1.12698
226 326 -0.2423
227 228 0.80186
227 237 -0.61724
227 327 -2.42141
228 229 0.94734
228 238 -0.75349
228 328 0.7193
229 239 -0.25049
229 329 -2.55421
230 231 1.21748
230 239 -1.67824
230 240 -0.33199
230 330 -0.22478
231 232 -0.34889
231 241 0.55717
231 331 -0.81109
232 233 1.66131
232 242 0.76093
232 332 -1.08593
233 234 -0.28539
233 243 0.22688
233 333 -0.15987
234 235 -0.10073
234 244 -0.08705
234 334 -2.94505
235 236 -0.35885
235 245 2.07475
235 335 -1.83256
236 237 -0.09137
236 246 0.92723
236 336 -0.74584
237 238 0.40583
237 247 -1.95157
237 337 -0.27738
238 239 1.18528
238 248 1.1756
238 338 0.41427
239 249 -1.02306
239 339 0.04763
240 241 -0.83394
240 249 -1.69581
240 250 -0.64009
240 340 -1.34001
241 242 1.59498
241 251 -0.37601
241 341 1.05155
242 243 -0.01381
242 252 -0.0635
242 342 0.29461
243 244 1.66033
243 253 -1.39539
243 343 0.05545
244 245 -0.79026
244 254 0.614
244 344 -0.79764
245 246 -0.84524
245 255 0.85806
245 345 1.04834
246 247 1.39776
246 256 -1.08717
246 346 0.07743
247 248 2.14396
247 257 0.44254
247 347 -1.36711
248 249 -0.37669
248 258 0.02699
248 348 -1.03549
249 259 1.32437
249 349 -0.39178
250 251 1.16052
250 259 -0.41675
250 260 -0.31191
250 350 -1.52129
251 252 0.31811
251 261 0.08288
251 351 -1.43773
252 253 -1.60806
252 262 0.7774
252 352 -0.57735
253 254 -0.36789
253 263 0.06164
253 353 1.17364
254 255 -0.38017
254 264 -0.39357
254 354 0.45611
255 256 -1.95863
255 265 0.15786
255 355 -1.42543
256 257 -3.51171
256 266 -0.08039
256 356 -0.0394
257 258 0.27857
257 267 -0.04639
257 357 -0.31971
258 259 -1.15407
258 268 -0.2513
258 358 1.55173
259 269 2.06478
259 359 -0.48205
260 261 -0.13432
260 269 -0.19266
260 270 0.38742
260 360 -0.82127
261 262 -1.45534
261 271 -0.18753
261 361 -1.55195
262 263 0.62576
262 272 0.0319
262 362 0.41319
263 264 -1.91877
263 273 -0.74049
263 363 -0.2064
264 265 0.39112
264 274 -0.31306
264 364 0.40536
265 266 0.56287
265 275 -0.95265
265 365 -0.48007
266 267 0.79875
266 276 0.37003
266 366 2.74092
267 268 0.00518
267 277 0.40953
267 367 1.35331
268 269 0.91976
268 278 2.13628
268 368 -0.59237
269 279 -0.01739
269 369 -1.50833
270 271 1.34632
270 279 -0.60209
270 280 0.91332
270 370 0.7506
271 272 1.16063
271 281 -0.17097
271 371 -0.20362
272 273 0.45828
272 282 -0.75411
272 372 0.15478
273 274 0.24568
273 283 0.86621
273 373 0.1623
274 275 1.27189
274 284 -0.34239
274 374 0.72344
275 276 -0.19586
275 285 -1.58878
275 375 -0.70982
276 277 0.48231
276 286 0.46205
276 376 1.10402
277 278 0.54129
277 287 1.53498
277 377 0.77613
278 279 1.53419
278 288 -1.50926
278 378 0.94697
279 289 -0.23688
279 379 0.33142
280 281 -1.25576
280 289 0.19858
280 290 -1.25481
280 380 0.03788
281 282 0.14422
281 291 -0.30469
281 381 1.26947
282 283 -0.5135
282 292 1.10124
282 382 -0.58012
283 284 1.68599
283 293 -0.71797
283 383 -1.45019
284 285 0.61336
284 294 -0.99894
284 384 -0.17319
285 286 1.60228
285 295 0.22381
285 385 0.76081
286 287 0.4005
286 296 0.24793
286 386 0.99948
287 288 0.73017
287 297 1.86314
287 387 -0.73479
288 289 -0.44544
288 298 0.15269
288 388 0.33522
289 299 -0.52065
289 389 0.52954
290 291 0.81663
290 299 0.00178
290 390 -0.06082
291 292 2.49501
291 391 1.18158
292 293 -0.23022
292 392 -0.30863
293 294 1.4583
293 393 0.13478
294 295 -0.03766
294 394 0.36293
295 296 -1.00944
295 395 0.07563
296 297 -0.13363
296 396 0.98513
297 298 1.4439
297 397 -0.53785
298 299 1.94503
298 398 -0.0254
299 399 -0.67515
300 301 0.47909
300 309 0.49923
300 310 -0.13185
300 390 0.03568
300 400 0.15589
301 302 0.80594
301 311 -1.41856
301 391 -0.00352
301 401 -0.59541
302 303 -0.5304
302 312 2.58682
302 392 -0.32383
302 402 -0.68262
303 304 -1.68524
303 313 -0.1549
303 393 -0.61717
303 403 -1.61155
304 305 1.5287
304 314 0.85157
304 394 -0.17222
304 404 -0.13181
305 306 0.73135
305 315 1.57391
305 395 0.87698
305 405 0.06462
306 307 0.24393
306 316 -1.85712
306 396 -0.17944
306 406 -0.54544
307 308 0.64097
307 317 0.9335
307 397 -0.2373
307 407 -3.49469
308 309 0.06009
308 318 -0.46124
308 398 1.70295
308 408 -0.66285
309 319 -1.16264
309 399 -0.23254
309 409 0.76274
310 311 -0.45057
310 319 0.40748
310 320 1.02272
310 410 0.01607
311 312 -0.60499
311 321 -0.55213
311 411 -0.2333
312 313 0.08533
312 322 0.52657
312 412 0.8291
313 314 0.35244
313 323 -0.08699
313 413 1.63079
314 315 0.32832
314 324 -0.81183
314 414 1.82649
315 316 1.3138
315 325 -0.72922
315 415 -1.01748
316 317 0.24634
316 326 -0.10443
316 416 0.70224
317 318 -0.01201
317 327 -0.24007
317 417 -0.46367
318 319 0.18757
318 328 1.86349
318 418 2.19901
319 329 -0.93289
319 419 -0.37831
320 321 0.24891
320 329 -0.48194
320 330 -3.21032
320 420 0.30497
321 322 -1.11078
321 331 -1.38659
321 421 -0.55387
322 323 0.15751
322 332 -1.96445
322 422 -0.1028
323 324 -0.26801
323 333 0.87405
323 423 0.1506
324 325 0.86917
324 334 -0.16664
324 424 -1.70513
325 326 0.97693
325 335 -0.99654
325 425 1.58476
326 327 0.56815
326 336 -1.7479
326 426 0.54332
327 328 -0.82721
327 337 -0.30859
327 427 0.25887
328 329 -0.69125
328 338 -0.20358
328 428 -1.144
329 339 0.24975
329 429 0.58595
330 331 0.98048
330 339 1.04309
330 340 1.10777
330 430 1.27829
331 332 -1.89814
331 341 -0.08668
331 431 -0.7599
332 333 -0.09284
332 342 -1.00861
332 432 -0.17061
333 334 -0.35983
333 343 -0.57864
333 433 0.9676
334 335 -0.80666
334 344 0.95615
334 434 0.18287
335 336 0.34043
335 345 0.26392
335 435 0.03105
336 337 -0.95312
336 346 0.1514
336 436 1.73521
337 338 0.00014
337 347 0.32805
337 437 -0.59941
338 339 -0.79768
338 348 0.29965
338 438 -0.28931
339 349 0.61432
339 439 -0.15897
340 341 -0.47507
340 349 1.48539
340 350 0.39307
340 440 1.50794
341 342 -0.80348
341 351 -1.37117
341 441 1.70829
342 343 2.62805
342 352 -1.12868
342 442 -0.14575
343 344 0.52024
343 353 -0.25406
343 443 0.44091
344 345 0.02652
344 354 1.58562
344 444 -0.57572
345 346 -0.90802
345 355 -1.2319
345 445 0.47762
346 347 0.32096
346 356 0.42143
346 446 -0.33546
347 348 -1.26174
347 357 -0.39081
347 447 1.11932
348 349 -0.81485
348 358 -1.62233
348 448 0.60641
349 359 0.14449
349 449 -1.16331
350 351 -1.56131
350 359 0.89686
350 360 0.77027
350 450 -0.27509
351 352 -1.15011
351 361 1.12417
351 451 -1.76525
352 353 0.65075
352 362 -0.44767
352 452 -1.7542
353 354 0.29429
353 363 0.14958
353 453 -2.0698
354 355 0.51979
354 364 -0.53504
354 454 -1.07427
355 356 0.59896
355 365 -0.80445
355 455 1.01174
356 357 -1.23707
356 366 1.09255
356 456 0.07718
357 358 0.88552
357 367 0.0688
357 457 1.06807
358 359 -0.26486
358 368 -0.41647
358 458 0.62913
359 369 -0.27438
359 459 0.96626
360 361 -1.07258
360 369 -1.0825
360 370 1.00421
360 460 0.53437
361 362 -0.39067
361 371 0.26085
361 461 -0.57515
362 363 0.19641
362 372 0.89814
362 462 -1.91341
363 364 0.74101
363 373 1.3332
363 463 0.89495
364 365 -1.25737
364 374 0.63533
364 464 0.99373
365 366 0.2978
365 375 0.04097
365 465 0.13201
366 367 1.2678
366 376 -0.06803
366 466 0.65221
367 368 1.2641
367 377 0.49337
367 467 1.01636
368 369 -1.99283
368 378 -0.97919
368 468 -1.77978
369 379 -0.5776
369 469 0.19337
370 371 -1.56365
370 379 -0.75306
370 380 1.41903
370 470 0.26181
371 372 1.14611
371 381 0.28357
371 471 -0.82817
372 373 0.78356
372 382 -1.23607
372 472 0.83567
373 374 -0.64163
373 383 1.26075
373 473 -1.50317
374 375 0.13081
374 384 -0.16316
374 474 0.91777
375 376 0.503
375 385 0.53864
375 475 0.65834
376 377 1.48043
376 386 -1.98106
376 476 1.39826
377 378 1.36705
377 387 2.11363
377 477 -0.5493
378 379 1.41725
378 388 0.25161
378 478 0.8993
379 389 0.7519
379 479 0.53258
380 381 -0.68438
380 389 -2.4658
380 390 -1.03589
380 480 -0.20689
381 382 -0.03234
381 391 -1.23451
381 481 -0.08723
382 383 -0.29455
382 392 0.35358
382 482 0.25162
383 384 0.29053
383 393 0.79954
383 483 0.7794
384 385 -0.76193
384 394 0.14622
384 484 -0.37586
385 386 0.39135
385 395 0.02953
385 485 -1.01322
386 387 -0.62344
386 396 0.81058
386 486 1.04102
387 388 -0.15676
387 397 0.77551
387 487 -0.45198
388 389 1.34507
388 398 -1.09814
388 488 0.3431
389 399 0.79821
389 489 -0.20828
390 391 -1.65093
390 399 1.08976
390 490 -1.09912
391 392 -2.03469
391 491 3.0494
392 393 -0.0251
392 492 0.13937
393 394 -0.0687
393 493 0.89725
394 395 -0.42121
394 494 0.8231
395 396 1.08313
395 495 -0.20075
396 397 0.88504
396 496 -0.61125
397 398 0.71641
397 497 -0.97539
398 399 -0.65213
398 498 -0.50843
399 499 -0.85837
400 401 -1.6876
400 409 -0.28763
400 410 0.38382
400 490 -0.15942
400 500 -1.09581
401 402 -1.36372
401 411 0.27683
401 491 0.33088
401 501 -0.61454
402 403 -1.84918
402 412 0.937
402 492 0.7908
402 502 0.31312
403 404 0.09263
403 413 0.60534
403 493 -1.69051
403 503 -0.2127
404 405 0.278
404 414 -1.39366
404 494 -1.33498
404 504 -0.85423
405 406 -0.54682
405 415 -0.05734
405 495 -0.40517
405 505 -1.62051
406 407 -0.04467
406 416 -1.64058
406 496 1.05665
406 506 0.53939
407 408 -0.39187
407 417 0.15027
407 497 -0.28125
407 507 2.54926
408 409 0.05246
408 418 0.67085
408 498 -1.83244
408 508 0.14313
409 419 -0.51963
409 499 -0.99591
409 509 -0.43594
410 411 1.37795
410 419 1.11275
410 420 0.14187
410 510 -0.26799
411 412 1.54551
411 421 0.58382
411 511 -0.13759
412 413 -1.13784
412 422 0.59252
412 512 1.37893
413 414 0.16492
413 423 0.22154
413 513 1.86148
414 415 0.48815
414 424 0.40344
414 514 -0.66368
415 416 -1.1933
415 425 -0.49798
415 515 -1.942
416 417 1.14098
416 426 0.53007
416 516 -0.36063
417 418 0.18459
417 427 -0.49269
417 517 -1.10655
418 419 -0.7369
418 428 -0.5989
418 518 0.87332
419 429 -0.28904
419 519 0.65436
420 421 -0.63169
420 429 2.69206
420 430 -0.138
420 520 -0.40173
421 422 -1.60116
421 431 0.97347
421 521 0.94412
422 423 -0.14933
422 432 0.18282
422 522 -0.53003
423 424 -2.2895
423 433 1.67834
423 523 -0.2638
424 425 -1.68727
424 434 -0.36889
424 524 0.20009
425 426 -0.20181
425 435 0.45048
425 525 0.23477
426 427 0.41662
426 436 0.35853
426 526 -0.19665
427 428 -0.47836
427 437 0.39229
427 527 -0.29277
428 429 1.5535
428 438 -0.56968
428 528 -0.34063
429 439 -1.83381
429 529 0.31361
430 431 -0.81685
430 439 1.0246
430 440 -0.90391
430 530 -1.87133
431 432 -0.86882
431 441 1.9368
431 531 2.63204
432 433 -0.36794
432 442 0.33115
432 532 0.68297
433 434 1.46623
433 443 0.10228
433 533 0.15348
434 435 -2.31727
434 444 -0.59835
434 534 1.14078
435 436 -1.70097
435 445 -1.97691
435 535 0.16221
436 437 -0.30079
436 446 -0.98342
436 536 0.06495
437 438 -1.29852
437 447 -1.48832
437 537 -0.30215
438 439 -0.39765
438 448 0.08634
438 538 -0.89562
439 449 -0.86964
439 539 1.33561
440 441 -0.79962
440 449 1.02108
440 450 -0.84571
440 540 0.62346
441 442 -1.31617
441 451 -0.54982
441 541 0.18415
442 443 1.45642
442 452 0.55498
442 542 -1.35686
443 444 0.18186
443 453 0.18277
443 543 -1.7598
444 445 -1.0765
444 454 0.79671
444 544 0.69408
445 446 0.8927
445 455 -1.05602
445 545 0.11506
446 447 -1.52865
446 456 -0.89937
446 546 -1.38681
447 448 0.00166
447 457 -0.05406
447 547 -0.67244
448 449 -0.17839
448 458 0.69372
448 548 -0.09702
449 459 0.15922
449 549 0.46939
450 451 -0.81507
450 459 -0.15965
450 460 -1.23278
450 550 -0.38324
451 452 0.78442
451 461 0.10839
451 551 0.81078
452 453 1.2421
452 462 2.36009
452 552 -0.75484
453 454 -0.2585
453 463 -0.56198
453 553 0.53645
454 455 -2.05684
454 464 -0.40254
454 554 -0.39248
455 456 0.44961
455 465 1.82117
455 555 -1.69539
456 457 -0.08761
456 466 -0.10235
456 556 0.16866
457 458 -1.05218
457 467 2.53758
457 557 0.6018
458 459 1.7954
458 468 1.37948
458 558 0.56134
459 469 0.42314
459 559 0.63314
460 461 0.95745
460 469 0.10985
460 470 1.30692
460 560 1.99252
461 462 0.35754
461 471 -1.4922
461 561 0.06592
462 463 -0.06713
462 472 0.69445
462 562 -0.8048
463 464 1.12542
463 473 0.72626
463 563 0.82595
464 465 1.38053
464 474 0.29488
464 564 1.66608
465 466 -1.25077
465 475 -0.93886
465 565 0.46097
466 467 -0.26437
466 476 0.51466
466 566 -0.53013
467 468 -0.52097
467 477 0.55664
467 567 1.05268
468 469 -1.34988
468 478 -2.76388
468 568 -0.10558
469 479 -0.94469
469 569 0.63241
470 471 1.9356
470 479 0.00497
470 480 1.86032
470 570 -0.15945
471 472 -1.0054
471 481 1.061
471 571 0.87806
472 473 0.77978
472 482 -0.65662
472 572 -0.04267
473 474 -0.33324
473 483 0.26121
473 573 0.03626
474 475 0.71944
474 484 1.59574
474 574 -0.39962
475 476 0.22285
475 485 -1.19137
475 575 0.11934
476 477 0.08853
476 486 1.11718
476 576 1.015
477 478 0.4533
477 487 0.92908
477 577 -0.53914
478 479 -0.62902
478 488 -0.77822
478 578 -1.56729
479 489 -0.41733
479 579 0.64495
480 481 0.92603
480 489 0.22049
480 490 -1.36852
480 580 1.91422
481 482 -2.0892
481 491 0.40633
481 581 -1.14045
482 483 1.39131
482 492 -0.91475
482 582 0.26283
483 484 -2.56814
483 493 -0.4959
483 583 -1.92416
484 485 0.20468
484 494 -0.54173
484 584 -1.76618
485 486 1.06243
485 495 -0.73288
485 585 0.62057
486 487 2.31286
486 496 0.62355
486 586 -0.23386
487 488 -1.23052
487 497 -1.21092
487 587 0.12197
488 489 -0.26894
488 498 -0.56922
488 588 -1.10384
489 499 -0.72383
489 589 1.26411
490 491 -0.22416
490 499 -0.42628
490 590 -1.79972
491 492 -0.24821
491 591 -2.6834
492 493 0.7223
492 592 0.76721
493 494 -1.83514
493 593 -0.3021
494 495 -0.85588
494 594 -0.17983
495 496 2.11422
495 595 1.15931
496 497 0.41079
496 596 0.7846
497 498 -1.92734
497 597 0.86919
498 499 0.16372
498 598 1.927
499 599 -0.45922
500 501 0.7042
500 509 -1.74784
500 510 -0.80524
500 590 0.28031
500 600 -0.62297
501 502 0.50538
501 511 0.76609
501 591 -1.88536
501 601 0.02244
502 503 -1.56145
502 512 -0.74203
502 592 1.44916
502 602 0.37677
503 504 -0.93086
503 513 -0.35465
503 593 -2.12788
503 603 -0.08853
504 505 0.00547
504 514 1.19554
504 594 0.58402
504 604 -0.72847
505 506 -1.12144
505 515 -1.01762
505 595 -1.04808
505 605 -0.0368
506 507 0.74113
506 516 0.1467
506 596 -0.16792
506 606 -0.12128
507 508 0.4725
507 517 -0.65602
507 597 -0.17023
507 607 0.75875
508 509 -0.82874
508 518 -0.18446
508 598 -0.75847
508 608 1.981
509 519 1.1253
509 599 -0.23958
509 609 -0.56189
510 511 -1.432
510 519 -0.22577
510 520 0.86381
510 610 0.78968
511 512 0.16213
511 521 -0.39672
511 611 -1.07169
512 513 -0.20506
512 522 -1.55405
512 612 2.06596
513 514 -0.15344
513 523 -0.16333
513 613 1.09487
514 515 -1.38787
514 524 -0.40304
514 614 0.95411
515 516 -0.11904
515 525 -0.17158
515 615 0.52642
516 517 0.80065
516 526 1.02387
516 616 1.07095
517 518 0.32624
517 527 -0.91037
517 617 0.06334
518 519 -0.37104
518 528 0.43628
518 618 -2.10275
519 529 -0.79528
519 619 -0.37688
520 521 -0.43788
520 529 0.88951
520 530 0.56738
520 620 0.93999
521 522 -0.00911
521 531 0.99056
521 621 -0.72656
522 523 0.19047
522 532 -0.11078
522 622 -0.5153
523 524 -0.81891
523 533 0.11781
523 623 0.7493
524 525 -0.26613
524 534 -0.42418
524 624 2.29941
525 526 -0.08939
525 535 -1.71789
525 625 -0.15419
526 527 0.92714
526 536 -0.1026
526 626 -1.0697
527 528 -0.70963
527 537 0.82459
527 627 0.58558
528 529 -1.11877
528 538 -1.92754
528 628 1.30201
529 539 0.06253
529 629 0.67754
530 531 -0.79576
530 539 0.45235
530 540 0.43689
530 630 0.30576
531 532 -0.03209
531 541 -0.40536
531 631 0.85082
532 533 -0.12073
532 542 -1.3382
532 632 -0.51036
533 534 -0.739
533 543 -1.25195
533 633 1.61867
534 535 0.81585
534 544 0.72683
534 634 -1.54725
535 536 -1.94034
535 545 0.47658
535 635 2.2397
536 537 1.38484
536 546 0.99851
536 636 1.06936
537 538 0.44275
537 547 -0.77263
537 637 -0.85669
538 539 -0.8194
538 548 -1.72444
538 638 0.99812
539 549 -1.0049
539 639 -0.51635
540 541 -1.05462
540 549 -0.46868
540 550 -1.49121
540 640 0.38394
541 542 -0.42173
541 551 -0.21126
541 641 -0.36063
542 543 0.31193
542 552 -0.37311
542 642 0.8141
543 544 0.85467
543 553 0.2703
543 643 1.26393
544 545 1.47321
544 554 1.41968
544 644 0.08191
545 546 -0.54527
545 555 -0.52878
545 645 0.06783
546 547 0.49895
546 556 -1.18971
546 646 -1.62865
547 548 -0.37121
547 557 2.38663
547 647 2.01016
548 549 1.28807
548 558 -1.5799
548 648 -1.02925
549 559 0.16336
549 649 -0.39038
550 551 0.77456
550 559 0.59064
550 560 0.99604
550 650 0.03736
551 552 2.21407
551 561 0.74321
551 651 0.20448
552 553 0.47559
552 562 -0.29241
552 652 -0.1973
553 554 -0.24781
553 563 -1.07979
553 653 0.12478
554 555 -1.06012
554 564 0.11891
554 654 -2.2483
555 556 -1.31451
555 565 -1.19357
555 655 -0.99811
556 557 -0.24339
556 566 -1.26665
556 656 0.12854
557 558 -1.49796
557 567 -0.29775
557 657 1.24682
558 559 0.34879
558 568 0.72442
558 658 0.19212
559 569 -0.80231
559 659 -1.05991
560 561 0.50065
560 569 0.55957
560 570 -0.61162
560 660 -0.63626
561 562 0.4603
561 571 -0.72825
561 661 -1.13851
562 563 -1.59262
562 572 0.50773
562 662 -0.67078
563 564 -0.64689
563 573 -0.91631
563 663 -0.09661
564 565 0.38582
564 574 -0.12491
564 664 -0.41499
565 566 0.48308
565 575 -1.25972
565 665 0.51225
566 567 2.17574
566 576 -0.51378
566 666 0.94341
567 568 0.10633
567 577 1.15794
567 667 1.59963
568 569 -1.40866
568 578 -0.24416
568 668 0.66643
569 579 -0.33231
569 669 0.39971
570 571 0.95492
570 579 0.05167
570 580 0.45566
570 670 1.63921
571 572 -1.21606
571 581 0.27785
571 671 -1.57048
572 573 0.60785
572 582 0.40768
572 672 0.67901
573 574 0.68659
573 583 1.04344
573 673 -1.10575
574 575 1.10291
574 584 -0.57688
574 674 -0.67435
575 576 0.13249
575 585 -0.67086
575 675 -0.41754
576 577 -0.30068
576 586 -0.39993
576 676 -0.8068
577 578 0.32754
577 587 1.21393
577 677 0.38503
578 579 -0.09918
578 588 1.38965
578 678 1.02834
579 589 1.74103
579 679 -0.37485
580 581 1.04692
580 589 0.30213
580 590 -0.72179
580 680 0.35492
581 582 -0.23568
581 591 -0.2901
581 681 -0.02235
582 583 -0.92256
582 592 2.49763
582 682 1.50714
583 584 0.11994
583 593 -1.86328
583 683 0.98672
584 585 -0.30872
584 594 0.99256
584 684 0.7706
585 586 0.61314
585 595 2.41862
585 685 0.648
586 587 -1.55448
586 596 -1.5415
586 686 0.24936
587 588 -0.47933
587 597 -0.71506
587 687 0.83412
588 589 0.1617
588 598 0.61235
588 688 1.92079
589 599 0.33841
589 689 -0.16481
590 591 1.20346
590 599 -0.56194
590 690 -1.19978
591 592 -0.89941
591 691 0.6108
592 593 0.00468
592 692 -1.71762
593 594 0.91856
593 693 -1.11823
594 595 -0.57651
594 694 0.77319
595 596 0.2319
595 695 -0.40614
596 597 1.08645
596 696 -0.23281
597 598 -1.24976
597 697 -0.04085
598 599 1.14214
598 698 -0.72959
599 699 1.32615
600 601 -0.14715
600 609 -1.51764
600 610 1.73672
600 690 0.35863
600 700 -1.72374
601 602 0.53891
601 611 -0.84362
601 691 -0.24071
601 701 0.42199
602 603 -0.16612
602 612 -0.54505
602 692 -0.33396
602 702 -1.65778
603 604 1.26342
603 613 0.31734
603 693 0.79365
603 703 -0.56059
604 605 -0.1419
604 614 0.537
604 694 -1.0511
604 704 -2.90023
605 606 -0.15163
605 615 -2.01035
605 695 2.19673
605 705 2.50434
606 607 2.38299
606 616 -0.32037
606 696 1.02834
606 706 1.61489
607 608 0.12095
607 617 -1.1301
607 697 0.95555
607 707 -0.6831
608 609 0.18222
608 618 0.71016
608 698 -1.88379
608 708 -0.32659
609 619 -0.99806
609 699 0.16325
609 709 -1.37901
610 611 -0.56751
610 619 2.19066
610 620 -0.37631
610 710 -1.77696
611 612 -0.05047
611 621 0.51485
611 711 -1.30422
612 613 1.19067
612 622 0.54934
612 712 0.53386
613 614 -0.68789
613 623 0.60691
613 713 0.3765
614 615 -0.979
614 624 -1.26688
614 714 -0.64996
615 616 -0.66937
615 625 1.2795
615 715 0.19642
616 617 -0.69502
616 626 -1.43514
616 716 -0.72896
617 618 -0.72788
617 627 0.56719
617 717 0.4227
618 619 0.54379
618 628 1.84599
618 718 1.05974
619 629 -1.35426
619 719 -0.92787
620 621 0.15637
620 629 -1.48907
620 630 0.09743
620 720 -1.50918
621 622 -1.0623
621 631 1.08581
621 721 0.87661
622 623 1.04449
622 632 -0.9539
622 722 -1.99787
623 624 1.06823
623 633 0.2596
623 723 -0.30879
624 625 0.97553
624 634 -1.14624
624 724 -1.2128
625 626 -0.63864
625 635 -0.64293
625 725 -2.96297
626 627 -0.8317
626 636 1.18394
626 726 3.23788
627 628 -0.01548
627 637 0.92501
627 727 -1.16348
628 629 -1.0179
628 638 2.09563
628 728 0.40813
629 639 -0.31633
629 729 -0.02364
630 631 -0.53041
630 639 -0.40604
630 640 -1.20672
630 730 0.01061
631 632 -0.89153
631 641 -0.39506
631 731 0.73102
632 633 0.36509
632 642 1.66168
632 732 0.7621
633 634 0.68584
633 643 0.83509
633 733 -0.41116
634 635 0.24423
634 644 0.55682
634 734 2.92571
635 636 0.48074
635 645 -1.04934
635 735 -0.60506
636 637 0.04713
636 646 -0.93889
636 736 0.44915
637 638 0.0198
637 647 -0.81516
637 737 -0.51895
638 639 -1.36865
638 648 0.37197
638 738 -0.80427
639 649 1.05411
639 739 -2.37405
640 641 -1.22545
640 649 -0.36964
640 650 -1.19151
640 740 -0.52183
641 642 0.14028
641 651 0.64774
641 741 -0.0333
642 643 1.69968
642 652 1.44238
642 742 -0.0406
643 644 -0.27152
643 653 0.88424
643 743 0.21424
644 645 -0.06283
644 654 -0.23497
644 744 -0.25429
645 646 1.99334
645 655 1.67308
645 745 0.41448
646 647 -1.09637
646 656 1.32893
646 746 -0.41278
647 648 0.51647
647 657 0.24215
647 747 0.04436
648 649 -0.93586
648 658 -0.3148
648 748 0.2676
649 659 -0.87209
649 749 -0.3272
650 651 -0.24047
650 659 0.71646
650 660 0.77623
650 750 2.31986
651 652 0.21498
651 661 -0.12162
651 751 -0.75924
652 653 0.76823
652 662 0.55861
652 752 -1.15192
653 654 0.03266
653 663 -0.21218
653 753 -1.52888
654 655 -0.60397
654 664 0.08054
654 754 1.12855
655 656 0.81696
655 665 -2.69326
655 755 0.60702
656 657 0.70325
656 666 0.84702
656 756 0.87641
657 658 -2.13295
657 667 -0.012
657 757 -0.27124
658 659 2.13431
658 668 -0.15821
658 758 0.03754
659 669 0.51267
659 759 -1.4668
660 661 -0.95617
660 669 0.65135
660 670 -0.5609
660 760 -0.09409
661 662 1.62673
661 671 1.31033
661 761 1.1835
662 663 -1.69632
662 672 -0.3104
662 762 -1.66363
663 664 1.60812
663 673 -0.29972
663 763 -1.39923
664 665 1.69399
664 674 0.68787
664 764 -0.95426
665 666 -1.21382
665 675 0.46461
665 765 3.19867
666 667 0.0866
666 676 -1.44107
666 766 -1.02017
667 668 1.18015
667 677 -1.43253
667 767 -0.88864
668 669 0.72098
668 678 0.48818
668 768 -1.46553
669 679 -1.10146
669 769 0.72221
670 671 0.00567
670 679 -1.95844
670 680 -0.87612
670 770 -0.05712
671 672 -0.07282
671 681 0.32521
671 771 -1.71755
672 673 -0.24975
672 682 -0.40574
672 772 0.6303
673 674 -1.1429
673 683 0.05464
673 773 -0.96078
674 675 -0.18308
674 684 1.28945
674 774 0.7242
675 676 0.32215
675 685 1.27864
675 775 0.3964
676 677 1.11498
676 686 0.77946
676 776 0.17843
677 678 -1.91467
677 687 0.63115
677 777 -0.49195
678 679 -0.19321
678 688 0.50174
678 778 0.07184
679 689 0.28059
679 779 -0.55735
680 681 0.03762
680 689 -2.77311
680 690 -0.84468
680 780 -0.25805
681 682 -0.45651
681 691 -0.98382
681 781 -1.49475
682 683 -1.29515
682 692 -1.2427
682 782 1.38643
683 684 -0.19954
683 693 1.59189
683 783 2.33759
684 685 1.23082
684 694 1.02179
684 784 1.26756
685 686 -0.52956
685 695 -0.73843
685 785 -0.90575
686 687 0.52699
686 696 -0.71753
686 786 -0.02441
687 688 0.54338
687 697 -1.34717
687 787 1.15863
688 689 0.64873
688 698 -1.38748
688 788 -1.20386
689 699 -0.41833
689 789 0.2341
690 691 0.85156
690 699 -0.80941
690 790 -0.78944
691 692 -0.45663
691 791 -0.01089
692 693 0.82269
692 792 -1.0776
693 694 -0.74092
693 793 0.96206
694 695 0.49782
694 794 1.45882
695 696 -0.22967
695 795 -0.95648
696 697 1.1149
696 796 0.76906
697 698 1.26397
697 797 -0.59259
698 699 0.96121
698 798 -0.93004
699 799 -2.01775
700 701 -0.84812
700 709 1.17726
700 710 -0.66158
700 790 -0.96529
700 800 1.34435
701 702 1.82038
701 711 -0.42775
701 791 -0.07411
701 801 0.44377
702 703 0.26191
702 712 0.73794
702 792 -0.11247
702 802 0.11191
703 704 1.65691
703 713 1.36831
703 793 -0.10801
703 803 1.11894
704 705 1.26026
704 714 0.68335
704 794 1.24827
704 804 2.08924
705 706 1.24398
705 715 -0.00532
705 795 -0.0261
705 805 -1.56078
706 707 2.26958
706 716 -2.07929
706 796 2.23473
706 806 -2.00705
707 708 -1.60061
707 717 1.33698
707 797 -0.95365
707 807 -0.1644
708 709 -0.01902
708 718 -0.10983
708 798 0.1069
708 808 -0.51972
709 719 -0.71915
709 799 0.44293
709 809 0.37335
710 711 -0.42026
710 719 1.10923
710 720 0.19171
710 810 -2.15647
711 712 -0.02866
711 721 1.23402
711 811 -0.00408
712 713 0.46618
712 722 -0.93385
712 812 -1.14035
713 714 -0.43324
713 723 1.13852
713 813 -0.83216
714 715 -1.50514
714 724 0.29915
714 814 -1.26523
715 716 0.01507
715 725 -0.29691
715 815 -0.56026
716 717 -0.71917
716 726 -0.7046
716 816 0.76272
717 718 -0.58899
717 727 0.99143
717 817 1.90368
718 719 -1.00622
718 728 -0.14447
718 818 -0.19492
719 729 -0.64129
719 819 1.12774
720 721 -0.51407
720 729 0.6481
720 730 1.09565
720 820 0.64403
721 722 -0.49896
721 731 0.95651
721 821 -0.94601
722 723 -1.01752
722 732 0.15955
722 822 0.28504
723 724 -0.60159
723 733 -0.52866
723 823 1.50109
724 725 1.17899
724 734 1.22087
724 824 0.64682
725 726 0.45188
725 735 -0.84261
725 825 1.37606
726 727 -0.01837
726 736 -0.69624
726 826 1.45152
727 728 0.98484
727 737 -0.97283
727 827 -0.71896
728 729 -0.46562
728 738 0.70772
728 828 -0.31373
729 739 0.44356
729 829 0.39687
730 731 -0.399
730 739 0.45317
730 740 -0.9728
730 830 0.29878
731 732 0.5265
731 741 0.80675
731 831 -0.55221
732 733 -0.48117
732 742 0.71029
732 832 -0.40128
733 734 -0.2589
733 743 0.22924
733 833 0.97701
734 735 -0.86927
734 744 1.04885
734 834 -0.24118
735 736 -0.57492
735 745 1.06096
735 835 -0.8852
736 737 0.13551
736 746 0.33309
736 836 -0.46985
737 738 -0.24146
737 747 -0.42629
737 837 1.85045
738 739 0.46884
738 748 -0.32032
738 838 2.02376
739 749 0.16556
739 839 -0.33601
740 741 -0.67568
740 749 0.34661
740 750 0.40067
740 840 -0.72532
741 742 0.30294
741 751 0.61032
741 841 0.3843
742 743 0.12461
742 752 -0.28993
742 842 -0.49525
743 744 1.42348
743 753 -1.0566
743 843 -0.41537
744 745 0.68484
744 754 -0.30312
744 844 -0.89587
745 746 -1.58778
745 755 1.25948
745 845 -0.57448
746 747 0.67879
746 756 -0.24843
746 846 -1.43136
747 748 -1.51663
747 757 -0.58015
747 847 0.20815
748 749 0.60728
748 758 0.079
748 848 -0.19987
749 759 0.35522
749 849 0.03538
750 751 -0.75287
750 759 1.69643
750 760 0.38264
750 850 0.585
751 752 0.74136
751 761 0.18651
751 851 -1.06379
752 753 -2.68175
752 762 0.19055
752 852 -1.40754
753 754 1.52554
753 763 -0.49766
753 853 0.52915
754 755 0.83025
754 764 -1.34255
754 854 0.67627
755 756 -1.30583
755 765 -0.3665
755 855 -0.63736
756 757 -0.81416
756 766 -0.66389
756 856 0.23693
757 758 -1.4991
757 767 -0.34467
757 857 0.93941
758 759 -1.13124
758 768 -0.00953
758 858 1.84068
759 769 1.49589
759 859 1.24737
760 761 -1.2352
760 769 2.09289
760 770 1.08027
760 860 0.69977
761 762 -1.0384
761 771 -0.80746
761 861 -0.86523
762 763 -0.38908
762 772 0.31116
762 862 -0.11255
763 764 1.29313
763 773 0.15193
763 863 0.4377
764 765 -0.05078
764 774 -1.01408
764 864 -0.68229
765 766 1.72719
765 775 -1.33198
765 865 0.09647
766 767 0.60796
766 776 -0.66299
766 866 0.23053
767 768 -0.46121
767 777 -1.50101
767 867 0.6048
768 769 0.96865
768 778 -1.03715
768 868 -0.04286
769 779 2.9509
769 869 -0.34473
770 771 1.28093
770 779 0.06593
770 780 -0.05684
770 870 -0.35893
771 772 -0.67612
771 781 0.05979
771 871 0.44757
772 773 0.86596
772 782 0.47282
772 872 -0.16353
773 774 -0.38784
773 783 0.78536
773 873 -1.29592
774 775 0.94353
774 784 -0.98626
774 874 1.19633
775 776 0.0364
775 785 -0.02312
775 875 0.03617
776 777 -0.44683
776 786 0.87138
776 876 -0.53893
777 778 0.11777
777 787 -0.94401
777 877 1.64002
778 779 -0.19293
778 788 -0.95452
778 878 -0.26948
779 789 -0.4894
779 879 0.97273
780 781 0.48001
780 789 1.8083
780 790 1.55208
780 880 0.59928
781 782 0.71313
781 791 1.18782
781 881 0.40125
782 783 0.29401
782 792 0.67561
782 882 0.07899
783 784 -0.04942
783 793 -0.91521
783 883 -0.18518
784 785 0.73436
784 794 0.86529
784 884 0.88984
785 786 0.64986
785 795 -1.32559
785 885 -0.2328
786 787 -0.76957
786 796 -1.61575
786 886 0.37078
787 788 0.23066
787 797 0.97398
787 887 -1.31288
788 789 1.11519
788 798 -0.94574
788 888 -0.78093
789 799 -0.16621
789 889 -2.13839
790 791 -1.06986
790 799 1.42102
790 890 -0.51282
791 792 1.46804
791 891 1.3502
792 793 -1.48318
792 892 -1.97795
793 794 0.05426
793 893 1.23818
794 795 -0.94359
794 894 1.09599
795 796 0.49718
795 895 -0.73337
796 797 0.36467
796 896 -0.35208
797 798 0.0035
797 897 -1.29384
798 799 -0.38686
798 898 1.04934
799 899 0.65594
800 801 0.78476
800 809 0.11226
800 810 -0.63739
800 890 2.13947
800 900 -1.44504
801 802 -0.18701
801 811 0.87814
801 891 -0.65867
801 901 1.37476
802 803 0.08246
802 812 0.07832
802 892 -0.16014
802 902 0.69056
803 804 -0.08783
803 813 -2.16813
803 893 -0.59205
803 903 -0.58418
804 805 1.67829
804 814 0.73111
804 894 -1.20539
804 904 -0.34249
805 806 -0.01734
805 815 0.86027
805 895 0.03796
805 905 -1.23864
806 807 -0.73601
806 816 -0.18467
806 896 -0.57402
806 906 0.24832
807 808 -1.32999
807 817 0.4543
807 897 -0.29514
807 907 0.16504
808 809 0.11337
808 818 -1.55099
808 898 1.08932
808 908 0.62084
809 819 -0.55484
809 899 0.72075
809 909 -0.48837
810 811 1.02502
810 819 -1.27682
810 820 -0.1625
810 910 0.36434
811 812 0.74076
811 821 -0.16713
811 911 -1.62499
812 813 0.86794
812 822 0.56979
812 912 -1.44641
813 814 -1.53658
813 823 -0.28184
813 913 -1.00734
814 815 -0.26299
814 824 -0.23671
814 914 0.51404
815 816 -1.40627
815 825 -0.15982
815 915 1.49775
816 817 0.07623
816 826 -1.98539
816 916 -0.09607
817 818 0.58418
817 827 -0.60031
817 917 -0.9799
818 819 0.75536
818 828 -0.10836
818 918 0.28296
819 829 2.51959
819 919 -0.62999
820 821 -0.12456
820 829 0.72239
820 830 -1.00561
820 920 -1.15505
821 822 -0.77097
821 831 -0.66468
821 921 0.94468
822 823 -0.10662
822 832 0.69315
822 922 -0.81918
823 824 -0.39371
823 833 1.03377
823 923 2.07149
824 825 0.03348
824 834 3.03924
824 924 -0.79351
825 826 1.30546
825 835 0.48813
825 925 -0.2985
826 827 -1.74749
826 836 0.3931
826 926 0.20051
827 828 -1.6624
827 837 -0.28568
827 927 -0.10457
828 829 -1.02186
828 838 0.76062
828 928 1.51015
829 839 -0.59079
829 929 -0.37269
830 831 0.92553
830 839 -1.52246
830 840 -0.14638
830 930 -0.18089
831 832 -1.71018
831 841 0.80051
831 931 0.28085
832 833 0.12493
832 842 1.4205
832 932 0.99599
833 834 0.63609
833 843 1.45916
833 933 -0.00647
834 835 1.19993
834 844 -1.62107
834 934 0.59337
835 836 2.57072
835 845 -1.47604
835 935 -1.4822
836 837 -0.7919
836 846 0.18163
836 936 0.51832
837 838 -0.37973
837 847 0.23825
837 937 0.05433
838 839 1.23485
838 848 -0.0395
838 938 -0.17865
839 849 0.91774
839 939 -1.09823
840 841 -0.0197
840 849 0.51496
840 850 -0.20842
840 940 0.15994
841 842 -0.91866
841 851 1.28637
841 941 -0.24697
842 843 0.9109
842 852 -0.38073
842 942 -0.15552
843 844 -0.21041
843 853 -0.09985
843 943 0.50303
844 845 -0.58956
844 854 -0.34939
844 944 0.67133
845 846 0.48299
845 855 0.25137
845 945 -0.54697
846 847 -0.3864
846 856 0.46961
846 946 0.95701
847 848 0.41454
847 857 0.65969
847 947 0.2988
848 849 0.6707
848 858 -1.26765
848 948 -0.11412
849 859 0.82491
849 949 1.86182
850 851 -1.39973
850 859 -1.49369
850 860 0.86293
850 950 0.82105
851 852 -1.12198
851 861 -1.17402
851 951 2.65574
852 853 -0.12744
852 862 -0.11955
852 952 -1.66834
853 854 -0.75106
853 863 1.59703
853 953 0.03113
854 855 0.07277
854 864 -0.73664
854 954 -1.92499
855 856 -0.52791
855 865 0.25127
855 955 0.0793
856 857 2.48523
856 866 -1.39214
856 956 1.40663
857 858 -0.8049
857 867 0.09004
857 957 -1.57355
858 859 0.94805
858 868 -1.25532
858 958 -0.03598
859 869 -0.19016
859 959 0.44297
860 861 0.10913
860 869 0.89975
860 870 0.90494
860 960 -0.22786
861 862 -0.23287
861 871 1.43535
861 961 0.52759
862 863 -0.18945
862 872 0.20278
862 962 0.51093
863 864 1.55769
863 873 0.84901
863 963 0.41765
864 865 -0.59234
864 874 -0.45909
864 964 0.16735
865 866 -0.29956
865 875 0.7965
865 965 -0.10402
866 867 1.04268
866 876 -0.07598
866 966 1.29009
867 868 -1.06331
867 877 0.39627
867 967 -1.3378
868 869 -0.701
868 878 -1.82164
868 968 0.11995
869 879 1.17755
869 969 0.12634
870 871 0.06379
870 879 1.3973
870 880 -0.55294
870 970 -0.84165
871 872 -1.77863
871 881 0.13464
871 971 0.92708
872 873 0.9936
872 882 -1.26572
872 972 0.09293
873 874 1.10292
873 883 -0.53608
873 973 1.1696
874 875 -0.19533
874 884 1.50666
874 974 -0.56253
875 876 0.25873
875 885 0.04567
875 975 2.31073
876 877 0.79329
876 886 0.21399
876 976 -0.48825
877 878 0.53406
877 887 -0.79302
877 977 1.31508
878 879 1.49809
878 888 -0.55429
878 978 0.91394
879 889 1.00956
879 979 -0.49867
880 881 1.35951
880 889 1.35781
880 890 -0.01111
880 980 -0.49631
881 882 1.4064
881 891 1.20415
881 981 -0.93543
882 883 -0.76874
882 892 1.57997
882 982 -0.36392
883 884 -1.09227
883 893 -0.26346
883 983 -0.89897
884 885 -1.17496
884 894 0.85404
884 984 1.66413
885 886 -1.61947
885 895 0.04064
885 985 1.38473
886 887 0.16708
886 896 -1.19519
886 986 -0.82896
887 888 2.50905
887 897 -0.59421
887 987 -0.08807
888 889 -0.24119
888 898 1.1439
888 988 0.66575
889 899 0.09656
889 989 1.40053
890 891 -0.74171
890 899 -0.13707
890 990 -0.48897
891 892 -0.1023
891 991 0.73565
892 893 1.06248
892 992 -0.73696
893 894 -0.07412
893 993 -0.03637
894 895 0.22665
894 994 1.36785
895 896 -0.6564
895 995 -0.74629
896 897 -0.20243
896 996 -0.06136
897 898 0.27744
897 997 -1.03884
898 899 -0.0108
898 998 0.06619
899 999 0.41189
900 901 0.20275
900 909 0.33141
900 910 -1.13124
900 990 0.90948
901 902 -0.00804
901 911 -0.86776
901 991 0.17153
902 903 0.88411
902 912 -0.27976
902 992 1.03137
903 904 0.92785
903 913 -0.20019
903 993 1.10129
904 905 0.01462
904 914 -1.18896
904 994 -0.79921
905 906 0.76917
905 915 -0.27935
905 995 -2.40851
906 907 0.62435
906 916 -0.97613
906 996 0.68258
907 908 0.11571
907 917 0.33241
907 997 1.16574
908 909 0.06783
908 918 -0.85302
908 998 -0.55246
909 919 -1.36756
909 999 0.88648
910 911 -0.32109
910 919 -2.34322
910 920 -0.14713
911 912 -0.68858
911 921 0.14509
912 913 -1.02096
912 922 -1.04183
913 914 0.55248
913 923 -0.27688
914 915 -1.01176
914 924 0.17458
915 916 -1.66967
915 925 -1.91698
916 917 0.33217
916 926 -0.94683
917 918 -0.34742
917 927 0.27211
918 919 0.32248
918 928 1.47805
919 929 1.10547
920 921 -0.01598
920 929 -0.13173
920 930 -0.93927
921 922 0.06109
921 931 -0.58222
922 923 -0.62917
922 932 -0.48322
923 924 -0.03851
923 933 -0.0889
924 925 0.6885
924 934 -0.06941
925 926 0.50576
925 935 -0.14039
926 927 1.73157
926 936 0.85455
927 928 1.69348
927 937 -0.59899
928 929 0.25661
928 938 -1.01453
929 939 -1.49802
930 931 0.54312
930 939 0.0461
930 940 -0.83062
931 932 -0.18051
931 941 -0.09226
932 933 0.89129
932 942 0.64853
933 934 -0.97224
933 943 -0.07208
934 935 -1.57412
934 944 1.41501
935 936 -0.89963
935 945 -0.41819
936 937 -0.4676
936 946 -1.69774
937 938 -0.12263
937 947 -0.61887
938 939 1.77993
938 948 -0.67918
939 949 0.82264
940 941 -0.45559
940 949 0.8654
940 950 -1.60484
941 942 -1.18218
941 951 -0.42764
942 943 2.05123
942 952 0.72511
943 944 -0.2232
943 953 0.56066
944 945 -0.23592
944 954 -0.13588
945 946 0.6977
945 955 -1.32818
946 947 0.57638
946 956 -0.27943
947 948 1.84194
947 957 -0.56518
948 949 1.71708
948 958 2.53801
949 959 -0.34638
950 951 -0.17162
950 959 0.11143
950 960 -0.95238
951 952 1.04595
951 961 0.05076
952 953 -1.33425
952 962 -0.83399
953 954 -1.25222
953 963 -0.52312
954 955 -0.44583
954 964 0.16515
955 956 -0.04162
955 965 0.40399
956 957 -0.16764
956 966 -0.14399
957 958 0.03906
957 967 -0.3934
958 959 -0.32584
958 968 0.59962
959 969 -1.36783
960 961 0.20126
960 969 -0.97417
960 970 0.89935
961 962 0.38769
961 971 1.75952
962 963 1.27629
962 972 -1.45563
963 964 -0.38802
963 973 0.94362
964 965 1.04874
964 974 -0.42934
965 966 1.4223
965 975 -0.32137
966 967 1.35771
966 976 0.24009
967 968 0.26593
967 977 -0.15365
968 969 0.7076
968 978 1.86916
969 979 -0.94263
970 971 0.17817
970 979 -0.72358
970 980 1.40381
971 972 -0.20533
971 981 -0.35025
972 973 1.64006
972 982 -0.41508
973 974 0.92241
973 983 0.92107
974 975 0.27593
974 984 -0.91059
975 976 1.52401
975 985 -0.62369
976 977 -1.03625
976 986 0.54707
977 978 -1.50582
977 987 1.13066
978 979 1.8868
978 988 -0.28948
979 989 -0.74925
980 981 -0.03241
980 989 -0.12938
980 990 -1.1208
981 982 0.52187
981 991 1.86535
982 983 0.20839
982 992 -0.78109
983 984 0.41122
983 993 0.95073
984 985 0.25897
984 994 -1.04601
985 986 0.34313
985 995 -0.80045
986 987 1.56682
986 996 0.59474
987 988 0.92388
987 997 -0.42308
988 989 0.53611
988 998 0.08071
989 999 0.22747
990 991 -1.12808
990 999 0.38393
991 992 1.76158
992 993 -0.34129
993 994 1.33011
994 995 1.67058
995 996 0.40515
996 997 -0.17596
997 998 0.0082
998 999 -0.54762
