# model=sk N=100 meanJ=0 seed=1101744 distribution=gaussian field=0 num_fields=100 num_couplings=4950
0 0
1 0
2 0
3 0
4 0
5 0
6 0
7 0
8 0
9 0
10 0
11 0
12 0
13 0
14 0
15 0
16 0
17 0
18 0
19 0
20 0
21 0
22 0
23 0
24 0
25 0
26 0
27 0
28 0
29 0
30 0
31 0
32 0
33 0
34 0
35 0
36 0
37 0
38 0
39 0
40 0
41 0
42 0
43 0
44 0
45 0
46 0
47 0
48 0
49 0
50 0
51 0
52 0
53 0
54 0
55 0
56 0
57 0
58 0
59 0
60 0
61 0
62 0
63 0
64 0
65 0
66 0
67 0
68 0
69 0
70 0
71 0
72 0
73 0
74 0
75 0
76 0
77 0
78 0
79 0
80 0
81 0
82 0
83 0
84 0
85 0
86 0
87 0
88 0
89 0
90 0
91 0
92 0
93 0
94 0
95 0
96 0
97 0
98 0
99 0
0 1 0.03734
0 2 0.0545
0 3 0.15689
0 4 -0.13984
0 5 0.31258
0 6 0.05593
0 7 -0.04591
0 8 -0.01747
0 9 -0.00185
0 10 -0.03339
0 11 -0.02772
0 12 -0.04255
0 13 0.0892
0 14 -0.01699
0 15 0.11811
0 16 0.01785
0 17 0.08356
0 18 -0.10757
0 19 -0.20736
0 20 0.04333
0 21 0.12056
0 22 -0.03497
0 23 0.16625
0 24 -0.07239
0 25 0.02653
0 26 -0.01162
0 27 -0.0667
0 28 -0.00473
0 29 -0.12366
0 30 0.00352
0 31 -0.01095
0 32 -0.02964
0 33 0.15547
0 34 -0.15482
0 35 -0.00098
0 36 -0.11844
0 37 -0.07624
0 38 0.05916
0 39 0.22218
0 40 -0.06331
0 41 0.00054
0 42 0.03944
0 43 -0.02914
0 44 -0.05222
0 45 0.10092
0 46 0.0318
0 47 0.06201
0 48 -0.04413
0 49 0.05627
0 50 0.02912
0 51 -0.09787
0 52 0.01937
0 53 0.08656
0 54 -0.19056
0 55 0.02886
0 56 0.07207
0 57 0.16032
0 58 0.00398
0 59 0.03419
0 60 0.10604
0 61 0.01178
0 62 -0.05958
0 63 0.01186
0 64 -0.05382
0 65 0.04606
0 66 -0.04704
0 67 -0.01737
0 68 -0.09992
0 69 0.01968
0 70 0.04362
0 71 -0.15567
0 72 0.00956
0 73 -0.00725
0 74 -0.05111
0 75 0.03648
0 76 0.06857
0 77 0.04494
0 78 0.04192
0 79 0.03871
0 80 -0.06707
0 81 -0.02005
0 82 0.2419
0 83 -0.02262
0 84 -0.01319
0 85 0.01504
0 86 -0.09554
0 87 -0.07288
0 88 0.02872
0 89 -0.09583
0 90 -0.00506
0 91 -0.02721
0 92 0.02952
0 93 0.14964
0 94 0.07163
0 95 -0.09614
0 96 0.02243
0 97 0.05329
0 98 -0.14487
0 99 -0.09801
1 2 -0.13027
1 3 0.04706
1 4 0.12295
1 5 -0.08325
1 6 -0.03746
1 7 -0.02527
1 8 0.14159
1 9 -0.04024
1 10 -0.10172
1 11 0.05337
1 12 0.07666
1 13 -0.04026
1 14 -0.15025
1 15 -0.1397
1 16 -0.02472
1 17 -0.17811
1 18 0.07328
1 19 0.05647
1 20 0.13059
1 21 -0.04998
1 22 0.05505
1 23 -0.09166
1 24 0.10416
1 25 -0.03696
1 26 -0.11906
1 27 0.00893
1 28 0.12332
1 29 0.21243
1 30 0.08564
1 31 0.03875
1 32 0.03613
1 33 0.10805
1 34 -0.01696
1 35 0.1944
1 36 -0.12199
1 37 -0.19733
1 38 0.07174
1 39 -0.05614
1 40 0.00164
1 41 0.10128
1 42 0.16567
1 43 0.02896
1 44 0.05433
1 45 -0.11247
1 46 -0.1169
1 47 -0.04768
1 48 -0.00726
1 49 0.04359
1 50 -0.07705
1 51 -0.02492
1 52 0.12998
1 53 0.04041
1 54 0.13481
1 55 0.04448
1 56 -0.24904
1 57 -0.12434
1 58 0.11396
1 59 0.02268
1 60 -0.10772
1 61 -0.10411
1 62 -0.16994
1 63 -0.05197
1 64 0.20653
1 65 0.03087
1 66 0.09794
1 67 -0.01737
1 68 0.02897
1 69 0.05052
1 70 0.04461
1 71 -0.02419
1 72 -0.22796
1 73 -0.0626
1 74 0.00456
1 75 -0.11341
1 76 0.13278
1 77 0.10773
1 78 -0.10304
1 79 -0.13518
1 80 -0.02622
1 81 0.10041
1 82 0.00468
1 83 -0.15918
1 84 0.11291
1 85 0.00914
1 86 0.01276
1 87 0.037
1 88 -0.08509
1 89 -0.05295
1 90 -0.04878
1 91 0.12201
1 92 -0.01863
1 93 0.00449
1 94 -0.2238
1 95 -0.01684
1 96 0.0359
1 97 0.13694
1 98 -0.15833
1 99 -0.13468
2 3 -0.04861
2 4 -0.06306
2 5 -0.08002
2 6 -0.08414
2 7 0.01959
2 8 -0.18975
2 9 0.02774
2 10 -0.13845
2 11 0.08405
2 12 0.01184
2 13 0.08487
2 14 -0.0795
2 15 -0.12271
2 16 0.11892
2 17 -0.21853
2 18 0.11492
2 19 0.21694
2 20 -0.09522
2 21 0.08767
2 22 -0.07424
2 23 -0.06704
2 24 -0.04129
2 25 -0.07332
2 26 0.18322
2 27 0.1445
2 28 0.17359
2 29 0.09345
2 30 0.06386
2 31 -0.01134
2 32 -0.05528
2 33 0.13048
2 34 -0.10586
2 35 -0.0809
2 36 0.01748
2 37 0.01454
2 38 -0.14509
2 39 -0.10442
2 40 0.07356
2 41 -0.08776
2 42 0.00118
2 43 0.0079
2 44 0.01746
2 45 0.03123
2 46 -0.00587
2 47 -0.01363
2 48 -0.04772
2 49 0.23132
2 50 0.04391
2 51 -0.02834
2 52 -0.03331
2 53 0.11582
2 54 -0.08389
2 55 -0.1786
2 56 0.11342
2 57 -0.04505
2 58 -0.0758
2 59 -0.04132
2 60 -0.17227
2 61 -0.09664
2 62 -0.11787
2 63 0.06277
2 64 0.21755
2 65 -0.00989
2 66 -0.19321
2 67 -0.0499
2 68 -0.03974
2 69 -0.19067
2 70 -0.13274
2 71 0.0287
2 72 -0.15968
2 73 -0.10752
2 74 -0.03779
2 75 0.04305
2 76 -0.10019
2 77 0.09913
2 78 0.07524
2 79 -0.13361
2 80 0.1218
2 81 -0.12124
2 82 -0.10129
2 83 0.10343
2 84 0.12278
2 85 -0.00084
2 86 -0.12632
2 87 -0.01408
2 88 0.13813
2 89 -0.10983
2 90 -0.08525
2 91 -0.07736
2 92 0.03346
2 93 0.08036
2 94 -0.11864
2 95 0.0768
2 96 0.05193
2 97 -0.1195
2 98 -0.09515
2 99 0.12353
3 4 0.02226
3 5 -0.21332
3 6 -0.02771
3 7 -0.00796
3 8 0.19215
3 9 0.06989
3 10 -0.04691
3 11 -0.29191
3 12 0.07384
3 13 -0.01411
3 14 -0.0686
3 15 0.04172
3 16 -0.03782
3 17 0.07127
3 18 -0.14673
3 19 -0.01647
3 20 0.0889
3 21 0.05912
3 22 0.00523
3 23 0.12205
3 24 -0.0529
3 25 0.07332
3 26 -0.05591
3 27 0.01735
3 28 -0.00073
3 29 -0.07971
3 30 -0.03997
3 31 -0.09529
3 32 0.15334
3 33 0.1224
3 34 -0.18644
3 35 -0.11251
3 36 0.04342
3 37 -0.04
3 38 -0.1373
3 39 -0.09353
3 40 0.10925
3 41 -0.22194
3 42 -0.05127
3 43 -0.21451
3 44 0.01896
3 45 -0.07793
3 46 -0.16742
3 47 -0.16902
3 48 -0.24155
3 49 0.01736
3 50 -0.09165
3 51 0.08317
3 52 0.09377
3 53 -0.11818
3 54 0.01307
3 55 -0.2253
3 56 0.13307
3 57 0.21638
3 58 -0.00331
3 59 -0.12576
3 60 -0.09069
3 61 0.06343
3 62 -0.12801
3 63 -0.13253
3 64 -0.08172
3 65 -0.12377
3 66 -0.03905
3 67 -0.05304
3 68 0.10182
3 69 0.05942
3 70 -0.05512
3 71 0.21571
3 72 -0.01404
3 73 -0.06811
3 74 0.1015
3 75 0.0709
3 76 -0.00418
3 77 -0.03867
3 78 -0.12924
3 79 -0.08511
3 80 0.02322
3 81 0.13778
3 82 -0.20523
3 83 0.10057
3 84 0.04556
3 85 0.08671
3 86 -0.18109
3 87 0.00085
3 88 -0.03764
3 89 0.12378
3 90 0.10418
3 91 -0.02607
3 92 -0.13287
3 93 -0.07429
3 94 0.12636
3 95 0.13335
3 96 0.07699
3 97 -0.09855
3 98 0.06077
3 99 -0.09662
4 5 -0.01079
4 6 -0.00859
4 7 -0.05071
4 8 -0.06818
4 9 -0.02338
4 10 0.22054
4 11 -0.0162
4 12 -0.04572
4 13 -0.18127
4 14 0.09043
4 15 -0.04178
4 16 -0.0599
4 17 -0.05354
4 18 -0.00869
4 19 -0.02757
4 20 0.01444
4 21 0.09666
4 22 -0.15919
4 23 -0.01839
4 24 0.03798
4 25 0.23795
4 26 -0.13268
4 27 0.00798
4 28 -0.08237
4 29 -0.06783
4 30 -0.04545
4 31 -0.13238
4 32 0.0949
4 33 -0.18678
4 34 -0.2141
4 35 -0.10469
4 36 0.01854
4 37 0.09024
4 38 0.1419
4 39 -0.13318
4 40 -0.09848
4 41 0.13436
4 42 -0.12355
4 43 0.04828
4 44 0.09601
4 45 -0.12324
4 46 -0.04531
4 47 -0.11026
4 48 -0.04457
4 49 0.11791
4 50 -0.14667
4 51 0.08024
4 52 0.04078
4 53 -0.16336
4 54 -0.11806
4 55 0.00664
4 56 0.11601
4 57 0.09391
4 58 0.03768
4 59 -0.19771
4 60 -0.00869
4 61 0.23756
4 62 -0.10521
4 63 -0.06709
4 64 0.0733
4 65 -0.09038
4 66 0.07563
4 67 -0.02942
4 68 -0.00529
4 69 -0.00627
4 70 0.01526
4 71 -0.19195
4 72 0.03958
4 73 0.10058
4 74 -0.03969
4 75 -0.3336
4 76 0.05996
4 77 0.00124
4 78 0.02406
4 79 -0.1543
4 80 0.10718
4 81 0.08812
4 82 0.07494
4 83 0.05535
4 84 -0.24372
4 85 -0.04056
4 86 -0.12347
4 87 -0.08094
4 88 -0.13306
4 89 0.00415
4 90 0.14199
4 91 0.03218
4 92 0.01392
4 93 -0.11371
4 94 0.16424
4 95 0.04396
4 96 -0.05109
4 97 0.04661
4 98 0.08242
4 99 0.05828
5 6 0.05439
5 7 -0.1449
5 8 -0.11728
5 9 -0.00971
5 10 -0.07972
5 11 0.1221
5 12 0.08668
5 13 0.03368
5 14 0.23076
5 15 -0.04626
5 16 -0.18486
5 17 -0.01209
5 18 0.00296
5 19 0.01928
5 20 -0.02174
5 21 -0.16754
5 22 -0.03521
5 23 -0.17316
5 24 0.03142
5 25 0.0159
5 26 0.17082
5 27 -0.08655
5 28 -0.03954
5 29 -0.1461
5 30 0.13676
5 31 -0.01187
5 32 -0.18447
5 33 -0.20095
5 34 -0.09569
5 35 -0.04427
5 36 -0.06314
5 37 -0.11176
5 38 -0.03495
5 39 0.11267
5 40 0.00227
5 41 -0.04158
5 42 0.01527
5 43 -0.21967
5 44 0.06435
5 45 -0.04312
5 46 0.14727
5 47 -0.13977
5 48 -0.06078
5 49 0.14743
5 50 0.10458
5 51 -0.23301
5 52 0.0789
5 53 -0.00393
5 54 0.09325
5 55 -0.07271
5 56 -0.01568
5 57 -0.17791
5 58 -0.04052
5 59 0.14862
5 60 0.06255
5 61 0.20686
5 62 0.14849
5 63 -0.08593
5 64 -0.06002
5 65 -0.08532
5 66 -0.10356
5 67 0.08623
5 68 -0.10321
5 69 0.08845
5 70 -0.03097
5 71 0.01203
5 72 -0.11801
5 73 0.09291
5 74 -0.03459
5 75 -0.10112
5 76 -0.01048
5 77 -0.07038
5 78 -0.00107
5 79 0.18136
5 80 -0.07357
5 81 -0.00038
5 82 0.02429
5 83 0.00458
5 84 -0.12623
5 85 0.01999
5 86 0.12619
5 87 0.09055
5 88 0.04773
5 89 0.12197
5 90 -0.24561
5 91 -0.00722
5 92 0.22461
5 93 0.10709
5 94 0.01385
5 95 0.04973
5 96 0.15255
5 97 -0.08509
5 98 -0.09312
5 99 0.06797
6 7 -0.06416
6 8 -0.14186
6 9 -0.00239
6 10 0.08451
6 11 -0.06036
6 12 -0.12817
6 13 -0.01996
6 14 0.04596
6 15 0.10076
6 16 0.18069
6 17 -0.03171
6 18 0.11107
6 19 0.01196
6 20 -0.24598
6 21 0.11228
6 22 0.01016
6 23 -0.12902
6 24 0.04667
6 25 -0.12448
6 26 -0.10717
6 27 -0.05048
6 28 0.01297
6 29 -0.10122
6 30 -0.22442
6 31 0.27006
6 32 -0.01285
6 33 -0.06572
6 34 -0.16211
6 35 0.07477
6 36 0.07131
6 37 0.17947
6 38 -0.20824
6 39 -0.07999
6 40 -0.03967
6 41 -0.10573
6 42 0.09868
6 43 0.06154
6 44 -0.04902
6 45 -0.14944
6 46 -0.27226
6 47 0.06773
6 48 0.10199
6 49 0.0031
6 50 -0.11514
6 51 -0.14996
6 52 0.00354
6 53 -0.07284
6 54 -0.06827
6 55 -0.02625
6 56 -0.10085
6 57 0.01984
6 58 0.18678
6 59 -0.04705
6 60 0.1844
6 61 -0.04536
6 62 0.0782
6 63 0.0004
6 64 0.0126
6 65 0.13515
6 66 -0.07308
6 67 0.02517
6 68 0.08868
6 69 0.22074
6 70 0.08128
6 71 -0.12088
6 72 -0.10769
6 73 -0.17169
6 74 -0.1213
6 75 -0.16882
6 76 -0.02506
6 77 0.23141
6 78 0.18201
6 79 0.02936
6 80 -0.06482
6 81 -0.17779
6 82 0.00822
6 83 -0.01245
6 84 -0.2081
6 85 0.11464
6 86 0.04614
6 87 -0.06046
6 88 -0.06669
6 89 0.18121
6 90 -0.00144
6 91 -0.18198
6 92 0.10216
6 93 0.01413
6 94 -0.03491
6 95 -0.09389
6 96 -0.06624
6 97 -0.08951
6 98 0.14572
6 99 -0.04777
7 8 0.00634
7 9 0.05359
7 10 -0.13938
7 11 0.02807
7 12 -0.15774
7 13 0.09304
7 14 0.08364
7 15 -0.03285
7 16 -0.09132
7 17 0.18639
7 18 -0.03139
7 19 0.04473
7 20 -0.06605
7 21 -0.18912
7 22 0.00304
7 23 0.05609
7 24 -0.12458
7 25 -0.03624
7 26 -0.12198
7 27 0.06657
7 28 0.14829
7 29 0.09717
7 30 0.00363
7 31 0.03529
7 32 0.13311
7 33 -0.20272
7 34 -0.11185
7 35 -0.03153
7 36 0.08586
7 37 0.08988
7 38 -0.09496
7 39 0.04753
7 40 0.07125
7 41 0.00896
7 42 -0.08212
7 43 0.05956
7 44 0.0257
7 45 0.09075
7 46 0.03496
7 47 0.02739
7 48 0.04898
7 49 0.00884
7 50 0.12797
7 51 -0.02394
7 52 -0.15976
7 53 0.09302
7 54 -0.01565
7 55 0.0339
7 56 -0.05193
7 57 -0.1025
7 58 -0.20131
7 59 -0.01696
7 60 -0.02963
7 61 -0.21407
7 62 0.11831
7 63 0.06624
7 64 -0.02528
7 65 -0.11554
7 66 0.13207
7 67 -0.1438
7 68 -0.07094
7 69 0.02142
7 70 -0.03129
7 71 -0.12927
7 72 -0.28665
7 73 0.10549
7 74 0.02167
7 75 -0.16025
7 76 0.04803
7 77 0.01968
7 78 0.01416
7 79 -0.04951
7 80 -0.0164
7 81 -0.11699
7 82 0.07805
7 83 -0.03742
7 84 0.05647
7 85 0.07532
7 86 -0.18078
7 87 0.1003
7 88 -0.02076
7 89 0.04371
7 90 -0.17616
7 91 -0.0365
7 92 0.08156
7 93 -0.01763
7 94 0.10109
7 95 0.12107
7 96 -0.09518
7 97 0.04488
7 98 0.14706
7 99 -0.11603
8 9 -0.01094
8 10 0.02865
8 11 0.02246
8 12 0.04656
8 13 0.06779
8 14 0.17023
8 15 0.07227
8 16 0.06346
8 17 -0.04038
8 18 0.05403
8 19 -0.09477
8 20 -0.03228
8 21 0.09182
8 22 -0.03539
8 23 0.06713
8 24 0.04452
8 25 -0.12022
8 26 0.12521
8 27 -0.00443
8 28 0.09426
8 29 0.011
8 30 -0.05248
8 31 -0.0622
8 32 0.03142
8 33 0.18816
8 34 0.00772
8 35 -0.05902
8 36 0.11821
8 37 -0.10854
8 38 -0.01544
8 39 -0.05064
8 40 0.11009
8 41 -0.03495
8 42 0.00628
8 43 0.05005
8 44 -0.0172
8 45 0.05057
8 46 0.02639
8 47 -0.02024
8 48 -0.01639
8 49 0.00129
8 50 -0.06507
8 51 -0.11413
8 52 -0.06231
8 53 -0.0015
8 54 0.14677
8 55 -0.05551
8 56 -0.0826
8 57 0.02938
8 58 -0.05369
8 59 -0.18128
8 60 0.02417
8 61 0.21121
8 62 -0.14446
8 63 -0.05729
8 64 0.04434
8 65 0.04222
8 66 -0.11079
8 67 0.18042
8 68 -0.06249
8 69 0.15972
8 70 0.05078
8 71 0.05965
8 72 -0.00117
8 73 0.07555
8 74 -0.07999
8 75 0.09543
8 76 0.15627
8 77 -0.00338
8 78 0.01282
8 79 0.03749
8 80 0.01773
8 81 -0.18423
8 82 -0.05979
8 83 0.04044
8 84 0.00122
8 85 -0.10879
8 86 -0.01449
8 87 0.05257
8 88 -0.10689
8 89 0.11201
8 90 0.00021
8 91 0.05321
8 92 0.06838
8 93 0.12205
8 94 0.08964
8 95 -0.01971
8 96 0.1251
8 97 -0.08446
8 98 0.0164
8 99 -0.06152
9 10 -0.09063
9 11 0.02133
9 12 -0.05188
9 13 0.09755
9 14 -0.05812
9 15 0.09025
9 16 0.034
9 17 -0.0154
9 18 -0.07188
9 19 -0.08503
9 20 -0.05672
9 21 0.12809
9 22 0.04419
9 23 0.0167
9 24 0.02556
9 25 0.13383
9 26 -0.06954
9 27 -0.17436
9 28 0.35249
9 29 0.01189
9 30 0.04722
9 31 -0.07156
9 32 0.02832
9 33 0.03769
9 34 -0.10327
9 35 -0.01659
9 36 -0.0678
9 37 0.02231
9 38 -0.25364
9 39 -0.01969
9 40 -0.2249
9 41 0.00779
9 42 0.08079
9 43 0.07704
9 44 0.00952
9 45 -0.18416
9 46 -0.02427
9 47 0.16483
9 48 -0.08844
9 49 0.02609
9 50 0.15036
9 51 0.1131
9 52 -0.06686
9 53 0.10043
9 54 -0.00219
9 55 -0.16417
9 56 0.02843
9 57 0.07175
9 58 -0.15068
9 59 -0.1974
9 60 0.11937
9 61 0.00108
9 62 -0.03964
9 63 0.07449
9 64 0.02037
9 65 -0.08281
9 66 -0.02132
9 67 -0.06455
9 68 -0.0059
9 69 -0.09382
9 70 0.1162
9 71 -0.02061
9 72 0.08713
9 73 0.00678
9 74 0.04654
9 75 -0.15878
9 76 0.00962
9 77 0.00723
9 78 -0.22436
9 79 0.04089
9 80 -0.00423
9 81 -0.07252
9 82 -0.03677
9 83 0.02522
9 84 0.05632
9 85 -0.22551
9 86 0.0019
9 87 -0.04549
9 88 -0.0462
9 89 0.0854
9 90 -0.05202
9 91 -0.0063
9 92 -0.11542
9 93 -0.05721
9 94 -0.07631
9 95 0.0437
9 96 -0.06212
9 97 0.04429
9 98 0.105
9 99 -0.11293
10 11 -0.05484
10 12 0.07789
10 13 0.00235
10 14 0.08961
10 15 -0.09299
10 16 -0.07173
10 17 -0.06829
10 18 0.0153
10 19 0.15775
10 20 0.27508
10 21 -0.09128
10 22 0.08263
10 23 -0.0103
10 24 -0.00866
10 25 -0.10604
10 26 -0.01258
10 27 -0.06848
10 28 -0.01909
10 29 -0.00701
10 30 -0.06694
10 31 0.10084
10 32 0.09523
10 33 -0.05857
10 34 0.14167
10 35 -0.17669
10 36 -0.10227
10 37 -0.00559
10 38 -0.01712
10 39 0.12821
10 40 -0.00454
10 41 -0.06734
10 42 -0.01415
10 43 -0.08897
10 44 -0.03683
10 45 0.08427
10 46 -0.14791
10 47 0.06793
10 48 0.03474
10 49 -0.03208
10 50 0.10863
10 51 0.05093
10 52 -0.09945
10 53 -0.03373
10 54 -0.05436
10 55 -0.07582
10 56 0.02093
10 57 0.08818
10 58 0.03239
10 59 0.01108
10 60 -0.06566
10 61 -0.11226
10 62 -0.08851
10 63 0.03183
10 64 0.03006
10 65 0.13835
10 66 -0.04339
10 67 -0.045
10 68 0.08559
10 69 0.12658
10 70 -0.10471
10 71 0.17158
10 72 0.00731
10 73 -0.01769
10 74 -0.08229
10 75 0.02284
10 76 -0.08198
10 77 -0.19812
10 78 0.02684
10 79 0.14013
10 80 -0.00712
10 81 0.1345
10 82 -0.12229
10 83 -0.1612
10 84 0.13172
10 85 0.03126
10 86 -0.14443
10 87 -0.05552
10 88 -0.15275
10 89 0.08126
10 90 -0.01822
10 91 -0.00965
10 92 -0.2513
10 93 0.12155
10 94 -0.05225
10 95 -0.04248
10 96 -0.22594
10 97 -0.09102
10 98 0.02015
10 99 -0.08818
11 12 -0.09678
11 13 -0.03136
11 14 -0.02467
11 15 0.02596
11 16 0.00809
11 17 0.01658
11 18 0.04869
11 19 -0.0494
11 20 -0.01142
11 21 -0.23778
11 22 -0.11347
11 23 -0.02565
11 24 0.25087
11 25 0.08111
11 26 -0.06974
11 27 -0.1224
11 28 -0.00581
11 29 -0.13126
11 30 -0.09135
11 31 0.05012
11 32 0.11768
11 33 0.15544
11 34 -0.15958
11 35 -0.06022
11 36 -0.18713
11 37 -0.02084
11 38 0.09687
11 39 0.14483
11 40 -0.10791
11 41 0.03762
11 42 -0.02244
11 43 0.10277
11 44 -0.11972
11 45 0.11654
11 46 0.03283
11 47 -0.02869
11 48 0.03945
11 49 -0.04289
11 50 0.12056
11 51 0.01218
11 52 0.20686
11 53 -0.06405
11 54 0.0408
11 55 0.05146
11 56 0.04197
11 57 0.14219
11 58 0.04388
11 59 0.12803
11 60 0.07294
11 61 0.02258
11 62 0.11049
11 63 -0.10352
11 64 -0.02689
11 65 -0.1857
11 66 -0.01725
11 67 0.03295
11 68 0.08531
11 69 0.02361
11 70 -0.07623
11 71 0.1538
11 72 0.06514
11 73 0.19902
11 74 -0.00823
11 75 -0.10551
11 76 0.05861
11 77 -0.13007
11 78 0.00824
11 79 -0.24284
11 80 0.0018
11 81 0.07901
11 82 0.04603
11 83 -0.01877
11 84 -0.03067
11 85 -0.01819
11 86 -0.00253
11 87 -0.18425
11 88 -0.01571
11 89 0.06693
11 90 -0.05617
11 91 -0.11085
11 92 0.09082
11 93 -0.07481
11 94 0.11555
11 95 -0.07433
11 96 -0.11927
11 97 0.08821
11 98 0.02183
11 99 -0.10778
12 13 0.03852
12 14 -0.03638
12 15 0.04084
12 16 -0.30767
12 17 -0.02289
12 18 -0.17208
12 19 0.09682
12 20 0.05801
12 21 -0.0323
12 22 -0.14048
12 23 -0.0891
12 24 -0.07149
12 25 0.01261
12 26 -0.0775
12 27 -0.0511
12 28 0.05602
12 29 0.0868
12 30 -0.13094
12 31 -0.03456
12 32 -0.09511
12 33 0.052
12 34 0.0033
12 35 0.00228
12 36 -0.08584
12 37 0.11164
12 38 -0.02316
12 39 -0.01156
12 40 0.08287
12 41 0.08313
12 42 0.00573
12 43 0.03315
12 44 -0.12189
12 45 0.02176
12 46 -0.1343
12 47 0.00242
12 48 -0.08303
12 49 -0.02875
12 50 -0.20556
12 51 0.04881
12 52 0.17539
12 53 -0.13015
12 54 0.11301
12 55 0.18657
12 56 -0.21
12 57 -0.02313
12 58 0.01094
12 59 -0.07128
12 60 -0.0214
12 61 0.01102
12 62 -0.03604
12 63 -0.07366
12 64 -0.15167
12 65 0.07631
12 66 0.10451
12 67 -0.05175
12 68 0.0465
12 69 0.03286
12 70 -0.05988
12 71 0.05638
12 72 0.06564
12 73 0.15871
12 74 -0.12476
12 75 -0.15411
12 76 0.12273
12 77 -0.07245
12 78 0.20915
12 79 -0.02646
12 80 -0.00403
12 81 -0.10345
12 82 0.05851
12 83 0.0044
12 84 0.05752
12 85 0.03223
12 86 -0.01921
12 87 0.17552
12 88 -0.18746
12 89 -0.01918
12 90 -0.00773
12 91 -0.15372
12 92 -0.06943
12 93 -0.06073
12 94 0.06292
12 95 -0.1572
12 96 0.04739
12 97 0.12585
12 98 0.08545
12 99 0.05239
13 14 0.01689
13 15 -0.18938
13 16 -0.0878
13 17 0.04522
13 18 -0.11441
13 19 -0.22019
13 20 -0.11403
13 21 0.01326
13 22 0.07981
13 23 -0.0029
13 24 0.00217
13 25 0.08055
13 26 -0.03956
13 27 0.03161
13 28 -0.12414
13 29 -0.09499
13 30 -0.12434
13 31 0.13542
13 32 0.15264
13 33 0.01459
13 34 -0.03463
13 35 0.09487
13 36 0.17423
13 37 0.03808
13 38 -0.04111
13 39 -0.15695
13 40 0.05324
13 41 0.0269
13 42 0.02923
13 43 0.09681
13 44 0.12019
13 45 0.08581
13 46 -0.08828
13 47 -0.04041
13 48 0.1732
13 49 0.11317
13 50 0.05724
13 51 -0.01497
13 52 0.0762
13 53 0.0066
13 54 0.04952
13 55 0.22996
13 56 0.07951
13 57 0.11566
13 58 -0.155
13 59 -0.05744
13 60 0.1466
13 61 -0.07548
13 62 -0.09045
13 63 0.10219
13 64 -0.11458
13 65 -0.12222
13 66 -0.23505
13 67 -0.02576
13 68 -0.06681
13 69 0.017
13 70 0.01558
13 71 -0.28068
13 72 -0.13946
13 73 0.28018
13 74 -0.0986
13 75 -0.05227
13 76 -0.02184
13 77 -0.05749
13 78 -0.01925
13 79 0.08942
13 80 0.053
13 81 0.01588
13 82 -0.16419
13 83 0.06412
13 84 0.04554
13 85 -0.05562
13 86 -0.19302
13 87 0.11837
13 88 -0.04622
13 89 0.13271
13 90 0.03454
13 91 0.09119
13 92 0.10324
13 93 -0.02698
13 94 -0.1701
13 95 0.10692
13 96 -0.02313
13 97 -0.09275
13 98 -0.13561
13 99 -0.00723
14 15 0.0753
14 16 -0.08148
14 17 0.07961
14 18 0.0372
14 19 0.06574
14 20 0.09923
14 21 0.02004
14 22 -0.01151
14 23 -0.033
14 24 0.14071
14 25 -0.01395
14 26 -0.06763
14 27 0.0291
14 28 0.07298
14 29 0.01156
14 30 -0.10749
14 31 -0.02043
14 32 0.16048
14 33 -0.09393
14 34 0.09617
14 35 0.06176
14 36 0.22961
14 37 -0.15482
14 38 0.08474
14 39 -0.03118
14 40 -0.11802
14 41 0.00661
14 42 -0.0503
14 43 -0.04112
14 44 0.06789
14 45 -0.11432
14 46 0.06321
14 47 0.0136
14 48 0.09275
14 49 -0.03748
14 50 0.03614
14 51 0.09652
14 52 0.13896
14 53 0.15717
14 54 0.09713
14 55 0.01571
14 56 0.03829
14 57 -0.13468
14 58 0.08974
14 59 -0.07722
14 60 -0.01667
14 61 0.06753
14 62 0.06543
14 63 -0.07236
14 64 -0.04038
14 65 0.05551
14 66 -0.05402
14 67 0.05504
14 68 -0.01111
14 69 -0.03983
14 70 -0.16745
14 71 0.03555
14 72 0.04384
14 73 -0.10257
14 74 -0.03922
14 75 0.04169
14 76 -0.00975
14 77 0.21551
14 78 0.09943
14 79 -0.10874
14 80 0.19816
14 81 -0.02407
14 82 -0.06831
14 83 -0.00608
14 84 0.00589
14 85 -0.09839
14 86 -0.05536
14 87 -0.00305
14 88 -0.04346
14 89 0.21911
14 90 0.16755
14 91 0.13717
14 92 -0.01421
14 93 0.09247
14 94 0.00953
14 95 0.12027
14 96 0.00195
14 97 0.0774
14 98 0.05328
14 99 -0.05958
15 16 -0.02604
15 17 -0.00282
15 18 -0.10097
15 19 -0.0296
15 20 -0.03814
15 21 -0.08769
15 22 0.00357
15 23 0.05879
15 24 -0.07495
15 25 -0.02778
15 26 -0.00565
15 27 -0.10246
15 28 -0.01692
15 29 -0.18724
15 30 0.16323
15 31 -0.2077
15 32 -0.04147
15 33 -0.13732
15 34 -0.0389
15 35 -0.02805
15 36 -0.14834
15 37 0.13212
15 38 0.11489
15 39 0.06564
15 40 -0.00155
15 41 0.06217
15 42 -0.01919
15 43 0.03784
15 44 -0.0025
15 45 -0.06007
15 46 -0.06299
15 47 0.01166
15 48 0.0133
15 49 0.06718
15 50 0.04862
15 51 -0.18572
15 52 0.12052
15 53 -0.12679
15 54 -0.06113
15 55 0.03553
15 56 -0.06809
15 57 0.06787
15 58 -0.09515
15 59 -0.0363
15 60 0.08637
15 61 -0.07138
15 62 0.13254
15 63 0.05276
15 64 -0.23574
15 65 0.10196
15 66 -0.00367
15 67 0.04631
15 68 -0.08682
15 69 -0.04106
15 70 -0.12014
15 71 0.03066
15 72 0.09381
15 73 -0.07448
15 74 0.19595
15 75 0.12378
15 76 -0.12861
15 77 0.14883
15 78 -0.05323
15 79 0.1243
15 80 -0.05857
15 81 0.07139
15 82 -0.10807
15 83 -0.03353
15 84 0.11626
15 85 0.20715
15 86 -0.03365
15 87 0.027
15 88 0.00965
15 89 0.05236
15 90 -0.07825
15 91 0.1009
15 92 0.04789
15 93 0.00144
15 94 0.00771
15 95 0.00641
15 96 0.06864
15 97 -0.05447
15 98 0.01634
15 99 -0.0771
16 17 0.01843
16 18 -0.05212
16 19 -0.01869
16 20 -0.08011
16 21 0.00639
16 22 -0.2909
16 23 -0.09272
16 24 -0.18245
16 25 -0.00593
16 26 -0.00752
16 27 -0.04088
16 28 0.06228
16 29 0.08451
16 30 0.15404
16 31 -0.01297
16 32 -0.00834
16 33 0.07806
16 34 -0.0113
16 35 0.02686
16 36 0.06268
16 37 0.023
16 38 -0.05015
16 39 0.00035
16 40 0.12447
16 41 -0.01709
16 42 0.04629
16 43 0.01402
16 44 -0.09177
16 45 0.03584
16 46 0.18173
16 47 -0.02856
16 48 -0.04048
16 49 -0.23938
16 50 -0.09021
16 51 -0.02255
16 52 0.07323
16 53 0.03953
16 54 0.12848
16 55 0.02738
16 56 -0.00681
16 57 -0.03581
16 58 -0.14538
16 59 -0.2514
16 60 0.01009
16 61 0.05538
16 62 0.34613
16 63 -0.07848
16 64 0.03214
16 65 -0.08496
16 66 -0.10421
16 67 -0.02182
16 68 -0.01165
16 69 -0.00822
16 70 -0.17095
16 71 -0.12852
16 72 -0.00943
16 73 -0.10609
16 74 0.01462
16 75 0.12806
16 76 -0.10841
16 77 0.09233
16 78 -0.02342
16 79 -0.03112
16 80 0.06289
16 81 -0.14325
16 82 0.07881
16 83 -0.07375
16 84 -0.0683
16 85 -0.04293
16 86 0.06124
16 87 -0.08059
16 88 -0.08555
16 89 0.00278
16 90 -0.02128
16 91 0.00335
16 92 0.11933
16 93 0.03868
16 94 -0.07467
16 95 0.09798
16 96 0.04313
16 97 0.00751
16 98 -0.03504
16 99 0.06541
17 18 -0.03717
17 19 -0.05494
17 20 -0.12194
17 21 0.14231
17 22 0.11157
17 23 -0.03669
17 24 -0.02284
17 25 -0.19511
17 26 -0.14546
17 27 0.0922
17 28 0.12438
17 29 0.05179
17 30 -0.08884
17 31 -0.07789
17 32 -0.14748
17 33 0.23061
17 34 0.00846
17 35 0.02365
17 36 0.04111
17 37 0.12989
17 38 0.02809
17 39 -0.00154
17 40 0.00224
17 41 -0.11377
17 42 0.07583
17 43 0.01336
17 44 -0.15906
17 45 -0.09323
17 46 -0.10297
17 47 0.03954
17 48 0.10353
17 49 -0.07193
17 50 -0.18568
17 51 -0.00905
17 52 -0.00924
17 53 -0.15931
17 54 -0.01761
17 55 -0.06552
17 56 -0.14401
17 57 -0.03993
17 58 -0.06837
17 59 -0.00585
17 60 0.16717
17 61 -0.10196
17 62 -0.10304
17 63 -0.00053
17 64 -0.07272
17 65 0.09448
17 66 -0.00279
17 67 0.13277
17 68 0.10117
17 69 0.10197
17 70 -0.00441
17 71 -0.10978
17 72 0.11603
17 73 -0.10029
17 74 0.00212
17 75 0.00457
17 76 -0.09994
17 77 0.14397
17 78 -0.12044
17 79 -0.11207
17 80 0.03812
17 81 0.01856
17 82 0.20603
17 83 0.02539
17 84 -0.03
17 85 0.0048
17 86 -0.00177
17 87 0.01719
17 88 0.08031
17 89 -0.16771
17 90 -0.04316
17 91 0.0204
17 92 -0.10473
17 93 -0.06565
17 94 0.10034
17 95 0.00807
17 96 -0.12855
17 97 -0.02806
17 98 0.12432
17 99 0.10225
18 19 0.05827
18 20 -0.01592
18 21 0.09368
18 22 -0.06172
18 23 -0.05255
18 24 -0.243
18 25 -0.08758
18 26 -0.10462
18 27 0.05101
18 28 0.0594
18 29 0.05504
18 30 -0.06899
18 31 -0.07492
18 32 0.22661
18 33 -0.10909
18 34 0.01668
18 35 -0.02673
18 36 -0.02959
18 37 -0.04594
18 38 0.14901
18 39 -0.05818
18 40 -0.08725
18 41 0.16262
18 42 -0.01688
18 43 0.06264
18 44 -0.10531
18 45 0.0527
18 46 -0.08066
18 47 -0.08108
18 48 -0.23003
18 49 0.19169
18 50 0.03994
18 51 0.06276
18 52 -0.03762
18 53 0.0462
18 54 0.01784
18 55 -0.04209
18 56 -0.13237
18 57 0.06645
18 58 0.10614
18 59 0.17591
18 60 0.05043
18 61 0.115
18 62 -0.10413
18 63 0.11215
18 64 0.00316
18 65 -0.04278
18 66 0.04372
18 67 0.11753
18 68 0.10707
18 69 -0.10148
18 70 0.07825
18 71 0.00577
18 72 0.0613
18 73 0.03042
18 74 0.03817
18 75 0.04948
18 76 -0.09799
18 77 0.00878
18 78 0.01614
18 79 0.00815
18 80 -0.04858
18 81 -0.0325
18 82 -0.03865
18 83 0.09432
18 84 -0.03127
18 85 0.074
18 86 -0.1288
18 87 0.01741
18 88 -0.11286
18 89 0.10668
18 90 0.0727
18 91 -0.02354
18 92 0.09865
18 93 -0.09404
18 94 -0.02565
18 95 0.00838
18 96 0.00091
18 97 0.06404
18 98 0.08163
18 99 0.08469
19 20 0.02679
19 21 0.10438
19 22 -0.02012
19 23 -0.22015
19 24 -0.03732
19 25 0.10717
19 26 -0.00613
19 27 -0.02209
19 28 0.22448
19 29 0.00106
19 30 -0.06051
19 31 -0.01036
19 32 -0.10857
19 33 0.0101
19 34 0.0745
19 35 -0.1388
19 36 -0.03005
19 37 0.02934
19 38 0.08984
19 39 -0.03626
19 40 -0.02396
19 41 -0.02693
19 42 0.03211
19 43 -0.06085
19 44 0.04519
19 45 -0.16668
19 46 0.31902
19 47 -0.03866
19 48 -0.05781
19 49 -0.18713
19 50 -0.00013
19 51 0.04433
19 52 -0.01314
19 53 -0.0156
19 54 0.00735
19 55 0.07887
19 56 -0.10144
19 57 0.03499
19 58 0.0159
19 59 0.17189
19 60 0.00776
19 61 -0.08825
19 62 -0.04432
19 63 0.14001
19 64 -0.07938
19 65 0.04272
19 66 0.24047
19 67 -0.12751
19 68 0.06525
19 69 0.02986
19 70 -0.03457
19 71 0.03774
19 72 0.08454
19 73 0.1142
19 74 -0.12078
19 75 0.01797
19 76 0.15793
19 77 0.04253
19 78 -0.14475
19 79 -0.09215
19 80 0.12297
19 81 0.05254
19 82 -0.09615
19 83 0.01905
19 84 0.00724
19 85 0.09404
19 86 -0.10292
19 87 -0.00363
19 88 -0.04404
19 89 0.11107
19 90 0.16552
19 91 -0.0376
19 92 -0.07793
19 93 -0.04185
19 94 0.05425
19 95 0.0646
19 96 -0.13128
19 97 0.01537
19 98 0.13265
19 99 -0.00002
20 21 0.03598
20 22 0.18542
20 23 0.0201
20 24 0.05653
20 25 0.1763
20 26 -0.12661
20 27 -0.02648
20 28 0.12014
20 29 -0.06448
20 30 0.11088
20 31 -0.05364
20 32 -0.05839
20 33 -0.03522
20 34 -0.05009
20 35 -0.03373
20 36 0.15232
20 37 0.05914
20 38 -0.00689
20 39 0.17783
20 40 -0.00343
20 41 -0.02328
20 42 0.06178
20 43 -0.01313
20 44 0.1141
20 45 0.02994
20 46 -0.05852
20 47 0.05957
20 48 0.06973
20 49 -0.05958
20 50 0.12633
20 51 0.18961
20 52 -0.11259
20 53 0.16046
20 54 0.01924
20 55 -0.09377
20 56 0.20033
20 57 0.10652
20 58 -0.02563
20 59 0.00396
20 60 -0.08536
20 61 -0.15564
20 62 -0.04184
20 63 -0.00595
20 64 -0.03253
20 65 -0.11452
20 66 0.01726
20 67 0.03293
20 68 0.06168
20 69 -0.03676
20 70 -0.03875
20 71 -0.01221
20 72 -0.21983
20 73 0.15352
20 74 -0.01205
20 75 -0.01657
20 76 0.09072
20 77 0.20236
20 78 0.08995
20 79 0.0775
20 80 -0.11089
20 81 -0.06522
20 82 0.22808
20 83 0.02595
20 84 -0.17199
20 85 0.03017
20 86 0.02315
20 87 -0.14358
20 88 0.02793
20 89 -0.08419
20 90 -0.01985
20 91 0.01573
20 92 -0.22217
20 93 0.09519
20 94 0.06215
20 95 -0.10122
20 96 -0.06517
20 97 0.01678
20 98 -0.01212
20 99 0.02654
21 22 0.00855
21 23 0.06763
21 24 0.04159
21 25 0.16398
21 26 -0.04783
21 27 -0.02843
21 28 -0.08112
21 29 -0.11555
21 30 0.1158
21 31 0.12488
21 32 0.07975
21 33 0.08002
21 34 -0.02932
21 35 -0.03945
21 36 0.13381
21 37 0.08984
21 38 0.03777
21 39 0.08455
21 40 -0.12287
21 41 0.04086
21 42 0.08989
21 43 0.03702
21 44 0.08762
21 45 0.13477
21 46 0.01269
21 47 0.05447
21 48 0.29697
21 49 0.01039
21 50 0.15502
21 51 -0.17194
21 52 -0.08748
21 53 -0.01734
21 54 0.06979
21 55 0.13685
21 56 -0.0817
21 57 -0.0477
21 58 -0.00168
21 59 -0.04832
21 60 0.23018
21 61 0.05986
21 62 -0.00458
21 63 0.13221
21 64 -0.04238
21 65 0.1417
21 66 0.14027
21 67 0.03889
21 68 0.0583
21 69 0.0041
21 70 -0.11113
21 71 0.05277
21 72 -0.09866
21 73 0.07088
21 74 0.17148
21 75 0.04186
21 76 0.11616
21 77 0.06358
21 78 0.30213
21 79 -0.03029
21 80 0.03058
21 81 0.12991
21 82 -0.1281
21 83 -0.00965
21 84 0.0928
21 85 -0.0084
21 86 -0.00012
21 87 0.06162
21 88 -0.04643
21 89 -0.04074
21 90 0.12641
21 91 -0.00637
21 92 -0.14517
21 93 0.09594
21 94 0.05258
21 95 0.08929
21 96 0.05924
21 97 0.08563
21 98 0.0871
21 99 0.17541
22 23 0.02423
22 24 0.07869
22 25 -0.05029
22 26 0.04293
22 27 -0.05738
22 28 0.01619
22 29 -0.07602
22 30 -0.05877
22 31 0.01079
22 32 -0.10918
22 33 -0.20683
22 34 0.05968
22 35 0.19202
22 36 0.11447
22 37 0.17909
22 38 -0.00914
22 39 0.04607
22 40 -0.089
22 41 0.03539
22 42 0.01309
22 43 -0.12525
22 44 -0.00956
22 45 0.06001
22 46 -0.04922
22 47 -0.01564
22 48 -0.1038
22 49 0.05408
22 50 0.05989
22 51 0.00393
22 52 0.10628
22 53 -0.0792
22 54 0.13202
22 55 0.04148
22 56 0.03325
22 57 -0.09779
22 58 0.16432
22 59 0.05073
22 60 -0.14741
22 61 -0.01958
22 62 -0.13621
22 63 0.07037
22 64 -0.12204
22 65 -0.03908
22 66 0.12147
22 67 -0.137
22 68 0.13511
22 69 -0.09458
22 70 -0.07439
22 71 0.0464
22 72 -0.02619
22 73 0.10485
22 74 -0.12897
22 75 0.17532
22 76 -0.20339
22 77 0.24327
22 78 0.09962
22 79 -0.10576
22 80 -0.14211
22 81 0.15683
22 82 0.15508
22 83 0.15217
22 84 -0.02037
22 85 0.05499
22 86 -0.03362
22 87 0.04009
22 88 -0.03126
22 89 -0.02967
22 90 0.14249
22 91 0.01922
22 92 -0.02766
22 93 -0.10433
22 94 0.14037
22 95 0.00347
22 96 0.03774
22 97 -0.1217
22 98 -0.00384
22 99 -0.07883
23 24 -0.10596
23 25 -0.00828
23 26 0.01056
23 27 -0.09086
23 28 -0.05711
23 29 -0.01837
23 30 -0.07911
23 31 -0.0895
23 32 -0.14828
23 33 0.03835
23 34 0.0596
23 35 -0.04485
23 36 0.01177
23 37 -0.0573
23 38 -0.09301
23 39 0.10844
23 40 -0.13025
23 41 0.17875
23 42 0.02903
23 43 0.12243
23 44 0.14268
23 45 0.14372
23 46 0.07321
23 47 -0.04897
23 48 0.03679
23 49 0.04245
23 50 -0.03827
23 51 0.23878
23 52 -0.02528
23 53 0.15246
23 54 0.16353
23 55 0.1628
23 56 0.15267
23 57 -0.03884
23 58 -0.08804
23 59 -0.04362
23 60 -0.10353
23 61 -0.00235
23 62 -0.08996
23 63 0.12786
23 64 0.08339
23 65 -0.02176
23 66 0.0926
23 67 0.10406
23 68 -0.10773
23 69 -0.06876
23 70 0.02462
23 71 0.13376
23 72 -0.01271
23 73 0.06545
23 74 -0.03491
23 75 0.1428
23 76 -0.01495
23 77 0.08277
23 78 -0.14168
23 79 0.0759
23 80 -0.01378
23 81 -0.06081
23 82 -0.10144
23 83 0.13401
23 84 -0.02174
23 85 0.02486
23 86 -0.09612
23 87 0.16956
23 88 -0.02915
23 89 0.23915
23 90 -0.18383
23 91 -0.12705
23 92 0.00431
23 93 -0.03889
23 94 0.02291
23 95 0.07987
23 96 0.00813
23 97 -0.08684
23 98 -0.06164
23 99 0.14418
24 25 0.13405
24 26 0.02833
24 27 -0.0492
24 28 0.10701
24 29 0.12944
24 30 0.09209
24 31 -0.07743
24 32 0.08743
24 33 -0.02762
24 34 -0.13634
24 35 -0.11677
24 36 -0.0388
24 37 -0.07094
24 38 -0.1274
24 39 0.03423
24 40 0.05886
24 41 -0.03697
24 42 0.02065
24 43 0.06016
24 44 0.16306
24 45 -0.04067
24 46 0.03752
24 47 -0.16499
24 48 0.06401
24 49 -0.02403
24 50 0.04468
24 51 -0.04392
24 52 -0.09349
24 53 -0.15105
24 54 -0.08541
24 55 0.06031
24 56 -0.01809
24 57 -0.02597
24 58 -0.03117
24 59 -0.09853
24 60 0.09102
24 61 -0.0983
24 62 0.07516
24 63 0.01326
24 64 0.08443
24 65 0.05761
24 66 -0.12006
24 67 -0.05602
24 68 0.0053
24 69 0.15565
24 70 -0.0662
24 71 -0.02865
24 72 -0.1698
24 73 -0.14036
24 74 0.20175
24 75 -0.11646
24 76 -0.06662
24 77 0.12096
24 78 -0.05388
24 79 -0.05281
24 80 0.15686
24 81 -0.14134
24 82 -0.0751
24 83 -0.10363
24 84 -0.03949
24 85 -0.00518
24 86 0.09829
24 87 -0.10429
24 88 0.01508
24 89 -0.00091
24 90 0.08254
24 91 0.06172
24 92 -0.15379
24 93 -0.18239
24 94 0.0606
24 95 0.18368
24 96 0.057
24 97 0.06177
24 98 0.01861
24 99 -0.12645
25 26 -0.06059
25 27 0.11075
25 28 -0.0786
25 29 -0.02053
25 30 -0.1668
25 31 -0.04161
25 32 0.04653
25 33 -0.08176
25 34 0.02186
25 35 -0.16179
25 36 0.05999
25 37 0.05692
25 38 0.09651
25 39 0.00353
25 40 -0.0127
25 41 -0.16179
25 42 0.00264
25 43 0.09264
25 44 0.08817
25 45 0.04967
25 46 0.09506
25 47 -0.04513
25 48 -0.08065
25 49 0.03587
25 50 -0.02464
25 51 -0.14326
25 52 -0.01982
25 53 0.08873
25 54 -0.05538
25 55 -0.02518
25 56 -0.08729
25 57 -0.11044
25 58 0.07597
25 59 0.07075
25 60 0.14618
25 61 0.12795
25 62 -0.05877
25 63 -0.02247
25 64 0.19782
25 65 -0.07555
25 66 -0.02573
25 67 -0.0722
25 68 -0.22215
25 69 -0.26479
25 70 -0.03759
25 71 0.03652
25 72 -0.04039
25 73 -0.04155
25 74 0.02352
25 75 -0.03945
25 76 -0.03635
25 77 0.13376
25 78 0.09088
25 79 0.01837
25 80 -0.09592
25 81 0.02139
25 82 -0.02965
25 83 0.14116
25 84 -0.06307
25 85 0.30275
25 86 -0.03301
25 87 0.15392
25 88 -0.06598
25 89 0.03707
25 90 -0.02457
25 91 0.11443
25 92 -0.03702
25 93 -0.03827
25 94 0.05714
25 95 -0.08424
25 96 -0.0577
25 97 -0.04908
25 98 0.00984
25 99 -0.0285
26 27 0.02287
26 28 0.00834
26 29 -0.0657
26 30 -0.02568
26 31 -0.0998
26 32 -0.07484
26 33 -0.09437
26 34 0.07218
26 35 -0.15941
26 36 0.06375
26 37 0.037
26 38 -0.07348
26 39 0.08874
26 40 -0.1092
26 41 -0.05555
26 42 -0.1148
26 43 -0.03763
26 44 0.08898
26 45 0.17331
26 46 -0.08594
26 47 -0.06132
26 48 -0.01778
26 49 0.00281
26 50 0.16338
26 51 -0.02143
26 52 -0.02607
26 53 -0.01772
26 54 0.07077
26 55 -0.16166
26 56 -0.27491
26 57 0.09028
26 58 0.02469
26 59 0.05823
26 60 -0.02955
26 61 -0.09217
26 62 0.01703
26 63 -0.16383
26 64 0.06374
26 65 0.08748
26 66 -0.30025
26 67 -0.04138
26 68 0.15172
26 69 -0.13779
26 70 -0.00124
26 71 -0.02663
26 72 0.01675
26 73 0.25171
26 74 -0.08724
26 75 0.15631
26 76 -0.07721
26 77 -0.09316
26 78 0.06672
26 79 -0.01079
26 80 -0.03905
26 81 -0.0633
26 82 0.09236
26 83 -0.12623
26 84 -0.04164
26 85 0.10171
26 86 -0.03845
26 87 -0.00553
26 88 0.00859
26 89 -0.05859
26 90 0.05466
26 91 -0.01089
26 92 0.06247
26 93 0.05704
26 94 -0.15459
26 95 -0.00841
26 96 0.00951
26 97 0.175
26 98 -0.08931
26 99 -0.11078
27 28 -0.1538
27 29 0.02839
27 30 0.0723
27 31 -0.13972
27 32 0.04988
27 33 0.05261
27 34 -0.11235
27 35 0.03059
27 36 -0.05528
27 37 -0.03254
27 38 0.18188
27 39 -0.11103
27 40 -0.0972
27 41 0.0749
27 42 0.05865
27 43 -0.08713
27 44 0.02542
27 45 -0.09756
27 46 -0.00639
27 47 0.07556
27 48 -0.13526
27 49 -0.0587
27 50 -0.1211
27 51 0.03801
27 52 -0.1365
27 53 0.07796
27 54 -0.11805
27 55 -0.00471
27 56 -0.14265
27 57 -0.17755
27 58 0.12324
27 59 0.06691
27 60 0.07951
27 61 -0.03015
27 62 0.04822
27 63 -0.09127
27 64 -0.00678
27 65 -0.00477
27 66 -0.28503
27 67 -0.05043
27 68 0.17832
27 69 0.06761
27 70 -0.03357
27 71 -0.03108
27 72 0.03073
27 73 -0.14258
27 74 0.05892
27 75 0.18792
27 76 0.03627
27 77 -0.17343
27 78 0.01646
27 79 -0.10209
27 80 -0.02189
27 81 -0.0247
27 82 -0.10084
27 83 -0.00485
27 84 -0.02741
27 85 0.11498
27 86 0.09239
27 87 0.01835
27 88 -0.10955
27 89 0.04197
27 90 0.21372
27 91 0.10478
27 92 -0.09294
27 93 -0.13804
27 94 0.07167
27 95 -0.02057
27 96 -0.00811
27 97 0.00104
27 98 0.02801
27 99 -0.02041
28 29 0.04587
28 30 -0.0106
28 31 -0.06748
28 32 -0.0344
28 33 -0.12152
28 34 -0.01973
28 35 0.13702
28 36 0.20642
28 37 0.1469
28 38 0.05202
28 39 0.09722
28 40 0.14882
28 41 -0.0052
28 42 0.0489
28 43 -0.0742
28 44 0.0217
28 45 0.12096
28 46 0.056
28 47 0.00457
28 48 0.09585
28 49 -0.13388
28 50 0.07453
28 51 0.13668
28 52 0.03389
28 53 0.07635
28 54 -0.05474
28 55 -0.01995
28 56 -0.01061
28 57 -0.2437
28 58 -0.04082
28 59 0.01795
28 60 0.10278
28 61 -0.03339
28 62 0.06968
28 63 -0.12858
28 64 -0.08494
28 65 0.02481
28 66 -0.06009
28 67 0.12621
28 68 0.11838
28 69 0.10344
28 70 0.02202
28 71 0.07527
28 72 0.11775
28 73 -0.01713
28 74 -0.06395
28 75 -0.0105
28 76 0.08643
28 77 -0.09812
28 78 0.11045
28 79 -0.11476
28 80 0.0348
28 81 0.05748
28 82 -0.08365
28 83 -0.02313
28 84 -0.03704
28 85 0.01343
28 86 -0.07979
28 87 0.08488
28 88 -0.1057
28 89 -0.03231
28 90 -0.19026
28 91 -0.01573
28 92 -0.00042
28 93 0.07416
28 94 0.00078
28 95 0.05059
28 96 -0.15511
28 97 -0.05842
28 98 0.03814
28 99 -0.05194
29 30 0.12517
29 31 -0.00517
29 32 -0.04189
29 33 0.02929
29 34 0.15192
29 35 0.02294
29 36 -0.04284
29 37 0.37702
29 38 0.01543
29 39 0.08645
29 40 0.01728
29 41 0.01565
29 42 0.01446
29 43 0.06998
29 44 0.01557
29 45 0.04153
29 46 -0.03877
29 47 -0.02178
29 48 -0.06299
29 49 -0.08498
29 50 0.07204
29 51 -0.13422
29 52 -0.01733
29 53 -0.05422
29 54 0.11518
29 55 -0.0769
29 56 -0.03321
29 57 0.05531
29 58 -0.00866
29 59 -0.05285
29 60 -0.0855
29 61 0.10948
29 62 0.01052
29 63 -0.00917
29 64 -0.0892
29 65 0.12427
29 66 -0.04906
29 67 -0.07173
29 68 0.15788
29 69 0.01185
29 70 -0.08151
29 71 0.22773
29 72 -0.07498
29 73 0.11125
29 74 -0.10546
29 75 0.03846
29 76 0.07712
29 77 -0.03458
29 78 -0.02812
29 79 -0.16892
29 80 0.03213
29 81 0.02585
29 82 0.02914
29 83 -0.06624
29 84 0.11243
29 85 0.01305
29 86 0.13152
29 87 -0.03179
29 88 -0.11152
29 89 -0.10825
29 90 -0.0274
29 91 -0.08694
29 92 -0.13426
29 93 -0.04388
29 94 0.01866
29 95 0.08304
29 96 -0.05915
29 97 0.14954
29 98 -0.03585
29 99 0.05208
30 31 0.06698
30 32 -0.00906
30 33 -0.03801
30 34 0.00572
30 35 0.04289
30 36 -0.00714
30 37 -0.1289
30 38 -0.15188
30 39 -0.04994
30 40 0.01625
30 41 0.03488
30 42 0.0024
30 43 0.10693
30 44 0.19649
30 45 -0.02392
30 46 -0.00655
30 47 0.08458
30 48 -0.00654
30 49 -0.03744
30 50 0.0163
30 51 -0.04747
30 52 0.1499
30 53 -0.19123
30 54 0.10161
30 55 0.06869
30 56 0.06144
30 57 -0.07008
30 58 0.10381
30 59 -0.16365
30 60 0.01568
30 61 0.30322
30 62 -0.00025
30 63 -0.01455
30 64 0.16203
30 65 0.01363
30 66 -0.00726
30 67 0.04248
30 68 0.05861
30 69 -0.06169
30 70 -0.03483
30 71 -0.08204
30 72 0.06623
30 73 -0.14702
30 74 0.05201
30 75 -0.05037
30 76 -0.23216
30 77 -0.05025
30 78 -0.18741
30 79 -0.16541
30 80 -0.11928
30 81 0.00751
30 82 0.13322
30 83 -0.03216
30 84 -0.0092
30 85 -0.18757
30 86 -0.02003
30 87 -0.09776
30 88 0.03382
30 89 -0.07349
30 90 0.11816
30 91 0.04388
30 92 0.0322
30 93 0.11592
30 94 0.08125
30 95 0.04709
30 96 -0.00388
30 97 -0.01528
30 98 0.1071
30 99 -0.02812
31 32 -0.00048
31 33 -0.23993
31 34 -0.14434
31 35 0.10416
31 36 -0.02949
31 37 -0.09283
31 38 0.20872
31 39 -0.05722
31 40 0.13291
31 41 -0.03994
31 42 0.1779
31 43 -0.03246
31 44 -0.04153
31 45 0.00078
31 46 -0.03042
31 47 0.03126
31 48 0.08181
31 49 -0.02846
31 50 0.03459
31 51 -0.05565
31 52 -0.10583
31 53 0.16074
31 54 0.15694
31 55 0.01672
31 56 0.08695
31 57 -0.00286
31 58 0.1049
31 59 -0.22421
31 60 -0.07756
31 61 -0.04904
31 62 0.2137
31 63 0.00353
31 64 -0.0664
31 65 -0.14009
31 66 -0.01725
31 67 0.08688
31 68 -0.00017
31 69 0.20963
31 70 0.13662
31 71 -0.052
31 72 -0.12581
31 73 -0.09583
31 74 0.11338
31 75 -0.0042
31 76 -0.07628
31 77 -0.00554
31 78 0.0794
31 79 0.12047
31 80 -0.10993
31 81 0.23002
31 82 -0.02711
31 83 -0.05181
31 84 -0.06043
31 85 0.00733
31 86 -0.06679
31 87 -0.07772
31 88 0.10852
31 89 0.04132
31 90 -0.0754
31 91 0.01878
31 92 0.01129
31 93 0.02429
31 94 0.07401
31 95 -0.02721
31 96 -0.15516
31 97 0.007
31 98 0.09332
31 99 0.14584
32 33 -0.07967
32 34 0.17215
32 35 0.11825
32 36 0.0506
32 37 0.00389
32 38 0.1558
32 39 -0.1372
32 40 0.0367
32 41 0.03328
32 42 0.00611
32 43 -0.01656
32 44 0.08154
32 45 -0.2685
32 46 -0.14277
32 47 -0.17461
32 48 -0.16044
32 49 -0.13229
32 50 0.26336
32 51 0.0469
32 52 -0.01729
32 53 0.3083
32 54 0.00345
32 55 0.17017
32 56 0.05907
32 57 0.03589
32 58 -0.04088
32 59 -0.03759
32 60 -0.01283
32 61 -0.01189
32 62 0.11887
32 63 0.23703
32 64 -0.01444
32 65 -0.03403
32 66 -0.033
32 67 0.01594
32 68 -0.20388
32 69 -0.18715
32 70 -0.01985
32 71 0.05775
32 72 0.09566
32 73 0.09619
32 74 0.14863
32 75 -0.04227
32 76 0.07431
32 77 0.06216
32 78 0.1321
32 79 0.03299
32 80 0.15923
32 81 -0.06609
32 82 0
32 83 -0.24851
32 84 0.02617
32 85 0.02972
32 86 -0.01905
32 87 -0.0389
32 88 -0.01259
32 89 0.0046
32 90 -0.05565
32 91 -0.2298
32 92 -0.13122
32 93 0.15483
32 94 0.02116
32 95 -0.20925
32 96 0.08941
32 97 -0.02285
32 98 -0.09239
32 99 0.03948
33 34 -0.09711
33 35 0.0756
33 36 -0.05651
33 37 0.08059
33 38 -0.04842
33 39 0.0238
33 40 0.06818
33 41 -0.00003
33 42 0.06256
33 43 -0.05978
33 44 0.12777
33 45 -0.15106
33 46 -0.01859
33 47 -0.07367
33 48 -0.17161
33 49 -0.04801
33 50 -0.04538
33 51 -0.05016
33 52 -0.00147
33 53 0.10711
33 54 -0.09996
33 55 -0.00714
33 56 0.03417
33 57 0.13766
33 58 -0.00978
33 59 -0.03687
33 60 0.083
33 61 0.00194
33 62 -0.02604
33 63 -0.05649
33 64 -0.01871
33 65 -0.02472
33 66 0.00906
33 67 -0.06814
33 68 0.10249
33 69 -0.06238
33 70 0.19199
33 71 0.00052
33 72 -0.00555
33 73 0.11352
33 74 -0.05689
33 75 0.00609
33 76 -0.11139
33 77 0.03615
33 78 -0.04804
33 79 0.03935
33 80 -0.12949
33 81 -0.04766
33 82 0.04566
33 83 -0.00594
33 84 0.11204
33 85 -0.09067
33 86 -0.07131
33 87 -0.09153
33 88 0.11877
33 89 0.055
33 90 0.04869
33 91 -0.16033
33 92 -0.07215
33 93 -0.00199
33 94 0.08676
33 95 -0.13804
33 96 -0.04584
33 97 0.05392
33 98 -0.03217
33 99 0.21058
34 35 0.07303
34 36 0.06686
34 37 -0.0338
34 38 0.06684
34 39 -0.1837
34 40 -0.06952
34 41 0.01862
34 42 -0.01185
34 43 0.08209
34 44 0.12449
34 45 -0.09321
34 46 -0.07489
34 47 -0.05072
34 48 -0.04275
34 49 -0.07885
34 50 0.01961
34 51 0.07638
34 52 0.11686
34 53 0.03279
34 54 0.06018
34 55 0.04399
34 56 -0.08011
34 57 0.01385
34 58 0.05547
34 59 -0.01716
34 60 0.09204
34 61 -0.05824
34 62 0.04361
34 63 0.08229
34 64 -0.06393
34 65 0.0136
34 66 -0.09936
34 67 -0.02662
34 68 0.06661
34 69 0.03386
34 70 0.00729
34 71 -0.03759
34 72 -0.10973
34 73 0.07839
34 74 -0.20794
34 75 0.01551
34 76 0.05931
34 77 -0.08321
34 78 -0.03866
34 79 0.14493
34 80 -0.05538
34 81 0.06426
34 82 0.23719
34 83 0.17031
34 84 0.08941
34 85 -0.10863
34 86 -0.04355
34 87 0.09312
34 88 -0.02832
34 89 0.05995
34 90 -0.01057
34 91 -0.15971
34 92 -0.03327
34 93 0.14451
34 94 0.02699
34 95 -0.04452
34 96 -0.23841
34 97 0.01692
34 98 -0.03973
34 99 0.15917
35 36 -0.02104
35 37 -0.02768
35 38 -0.10544
35 39 0.1072
35 40 -0.07044
35 41 0.1019
35 42 0.03779
35 43 0.18875
35 44 0.12793
35 45 0.0292
35 46 -0.02897
35 47 0.08515
35 48 -0.13135
35 49 0.03406
35 50 -0.14555
35 51 0.09842
35 52 -0.04308
35 53 -0.07544
35 54 -0.01035
35 55 -0.01745
35 56 0.13584
35 57 0.06972
35 58 -0.00352
35 59 0.21994
35 60 -0.00278
35 61 0.03242
35 62 0.011
35 63 0.11623
35 64 0.10683
35 65 0.00544
35 66 0.02448
35 67 -0.03241
35 68 0.0806
35 69 0.08051
35 70 -0.09318
35 71 -0.00092
35 72 0.05698
35 73 0.16945
35 74 -0.28478
35 75 0.06695
35 76 0.01712
35 77 -0.01461
35 78 -0.1502
35 79 -0.12654
35 80 0.00358
35 81 -0.17476
35 82 0.08821
35 83 0.1045
35 84 0.219
35 85 -0.07154
35 86 0.02302
35 87 -0.04203
35 88 -0.06586
35 89 0.00243
35 90 0.10576
35 91 -0.26631
35 92 -0.0205
35 93 0.06873
35 94 0.03846
35 95 -0.02831
35 96 0.02291
35 97 0.14857
35 98 -0.00007
35 99 0.15589
36 37 -0.01819
36 38 0.01507
36 39 -0.04777
36 40 -0.08942
36 41 -0.14617
36 42 0.01956
36 43 -0.04452
36 44 -0.19888
36 45 -0.08264
36 46 -0.0602
36 47 -0.10659
36 48 -0.01985
36 49 -0.13577
36 50 0.2891
36 51 0.07014
36 52 -0.15904
36 53 0.00388
36 54 -0.14776
36 55 -0.00657
36 56 0.02755
36 57 -0.01568
36 58 0.09692
36 59 0.01598
36 60 -0.03834
36 61 0.10952
36 62 0.12836
36 63 -0.12306
36 64 -0.08961
36 65 -0.06822
36 66 0.0696
36 67 -0.221
36 68 0.01359
36 69 -0.03988
36 70 0.14154
36 71 0.07662
36 72 -0.04987
36 73 -0.07312
36 74 -0.00746
36 75 0.07301
36 76 0.09242
36 77 -0.08509
36 78 -0.09882
36 79 0.00467
36 80 -0.09408
36 81 -0.11702
36 82 -0.05163
36 83 -0.0337
36 84 -0.05685
36 85 0.168
36 86 -0.07418
36 87 0.0136
36 88 -0.05318
36 89 -0.03754
36 90 -0.09014
36 91 0.21063
36 92 -0.07375
36 93 -0.13563
36 94 0.06382
36 95 -0.06566
36 96 0.0801
36 97 -0.02195
36 98 0.05814
36 99 -0.13118
37 38 -0.01727
37 39 0.16554
37 40 -0.02737
37 41 0.16037
37 42 0.08918
37 43 -0.08755
37 44 0.06082
37 45 0.05432
37 46 -0.04687
37 47 0.03955
37 48 0.04959
37 49 0.02234
37 50 0.11978
37 51 0.06176
37 52 -0.07207
37 53 0.08438
37 54 -0.0449
37 55 0.02249
37 56 -0.01204
37 57 -0.12754
37 58 -0.16236
37 59 -0.20992
37 60 0.0925
37 61 -0.00345
37 62 0.00666
37 63 -0.05677
37 64 -0.07116
37 65 0.0071
37 66 -0.11208
37 67 0.0058
37 68 0.05226
37 69 0.03097
37 70 0.08897
37 71 0.04716
37 72 -0.00237
37 73 0.23392
37 74 -0.01245
37 75 -0.09521
37 76 0.14196
37 77 -0.07519
37 78 0.06496
37 79 0.13605
37 80 -0.02743
37 81 0.01017
37 82 0.14398
37 83 0.10383
37 84 -0.01168
37 85 -0.14568
37 86 0.14822
37 87 -0.01503
37 88 -0.02113
37 89 0.05941
37 90 -0.08263
37 91 -0.01543
37 92 0.0696
37 93 0.00137
37 94 0.09786
37 95 0.01474
37 96 0.05849
37 97 -0.01773
37 98 -0.01437
37 99 -0.00397
38 39 0.07099
38 40 0.13675
38 41 0.1167
38 42 0.00723
38 43 0.10858
38 44 0.12191
38 45 0.04707
38 46 -0.04902
38 47 -0.18407
38 48 -0.03573
38 49 -0.02972
38 50 0.19522
38 51 -0.04926
38 52 -0.01236
38 53 -0.07689
38 54 -0.12532
38 55 -0.01117
38 56 0.01926
38 57 0.06757
38 58 -0.01464
38 59 0.02114
38 60 -0.09303
38 61 -0.03419
38 62 0.02427
38 63 0.11463
38 64 0.10361
38 65 0.02096
38 66 -0.03776
38 67 0.05214
38 68 0.21744
38 69 0.04706
38 70 -0.12944
38 71 0.11493
38 72 0.01224
38 73 0.13505
38 74 0.0562
38 75 0.06308
38 76 0.06281
38 77 0.12365
38 78 -0.01804
38 79 -0.04635
38 80 0.10835
38 81 -0.03368
38 82 -0.07858
38 83 0.15796
38 84 -0.00211
38 85 0.0136
38 86 0.02127
38 87 0.00042
38 88 -0.07244
38 89 -0.06581
38 90 -0.15074
38 91 -0.0304
38 92 0.04625
38 93 -0.02094
38 94 -0.04122
38 95 0.09958
38 96 -0.00417
38 97 0.00956
38 98 -0.09046
38 99 0.01854
39 40 0.03756
39 41 0.07982
39 42 -0.12301
39 43 0.21691
39 44 0.00447
39 45 -0.04801
39 46 -0.03645
39 47 -0.08516
39 48 0.02389
39 49 -0.07827
39 50 -0.31841
39 51 -0.0706
39 52 0.03975
39 53 -0.04649
39 54 0.1055
39 55 -0.05407
39 56 0.08229
39 57 -0.04847
39 58 -0.0645
39 59 0.08197
39 60 -0.04838
39 61 -0.22141
39 62 -0.07333
39 63 0.08044
39 64 -0.0966
39 65 -0.06111
39 66 0.03796
39 67 0.22714
39 68 -0.06989
39 69 0.0045
39 70 0.04811
39 71 0.07252
39 72 0.0741
39 73 -0.01942
39 74 -0.13416
39 75 0.09346
39 76 -0.00009
39 77 -0.04047
39 78 0.06074
39 79 -0.00362
39 80 0.00486
39 81 0.03087
39 82 -0.15537
39 83 0.16745
39 84 -0.12047
39 85 0.1097
39 86 0.07449
39 87 0.03336
39 88 0.11193
39 89 0.09226
39 90 -0.04053
39 91 -0.01409
39 92 -0.07859
39 93 -0.12194
39 94 -0.06866
39 95 0.05107
39 96 -0.12659
39 97 -0.04126
39 98 -0.02523
39 99 -0.17359
40 41 0.20489
40 42 -0.09759
40 43 -0.07223
40 44 -0.01011
40 45 -0.0344
40 46 -0.32716
40 47 -0.0284
40 48 -0.13135
40 49 -0.20974
40 50 -0.21521
40 51 -0.01889
40 52 0.29405
40 53 0.08652
40 54 -0.07581
40 55 -0.04617
40 56 0.06703
40 57 0.10196
40 58 -0.0587
40 59 0.12407
40 60 0.00741
40 61 -0.07279
40 62 -0.08508
40 63 0.11646
40 64 0.0736
40 65 -0.18212
40 66 -0.12744
40 67 0.01088
40 68 -0.03748
40 69 0.06788
40 70 0.0912
40 71 0.15483
40 72 -0.21438
40 73 0.06661
40 74 0.08809
40 75 0.01512
40 76 -0.01775
40 77 0.07998
40 78 0.01658
40 79 -0.0898
40 80 -0.00367
40 81 -0.27791
40 82 -0.15612
40 83 0.07342
40 84 -0.04445
40 85 -0.04812
40 86 0.1143
40 87 -0.04184
40 88 -0.0644
40 89 -0.01488
40 90 0.02553
40 91 -0.00178
40 92 -0.18874
40 93 0.01683
40 94 -0.05581
40 95 0.08408
40 96 0.06083
40 97 -0.05403
40 98 -0.03613
40 99 -0.02488
41 42 -0.06527
41 43 -0.03067
41 44 0.01173
41 45 -0.07207
41 46 0.0491
41 47 0.08176
41 48 -0.09093
41 49 0.04622
41 50 -0.04534
41 51 -0.15965
41 52 -0.00729
41 53 0.08063
41 54 0.12826
41 55 0.12175
41 56 -0.04391
41 57 0.01091
41 58 -0.08267
41 59 0.05717
41 60 0.00454
41 61 -0.06447
41 62 0.12743
41 63 -0.1005
41 64 -0.04294
41 65 -0.12754
41 66 -0.24741
41 67 0.18316
41 68 0.03039
41 69 -0.01096
41 70 -0.08661
41 71 -0.14231
41 72 0.17795
41 73 0.02397
41 74 0.1368
41 75 -0.06799
41 76 -0.08465
41 77 0.05919
41 78 -0.0647
41 79 0.09207
41 80 0.05984
41 81 0.07044
41 82 0.10439
41 83 -0.0909
41 84 -0.02108
41 85 -0.0296
41 86 -0.15112
41 87 -0.13641
41 88 0.05179
41 89 0.0179
41 90 -0.15283
41 91 0.03732
41 92 -0.04191
41 93 0.0853
41 94 0.02794
41 95 -0.07397
41 96 0.01023
41 97 0.0596
41 98 0.03946
41 99 0.10257
42 43 0.03295
42 44 0.10867
42 45 -0.16411
42 46 0.15975
42 47 -0.03819
42 48 -0.2042
42 49 0.22939
42 50 0.01263
42 51 0.13225
42 52 -0.0106
42 53 -0.11612
42 54 -0.11345
42 55 -0.11995
42 56 -0.07047
42 57 0.17447
42 58 -0.0512
42 59 0.12618
42 60 -0.1718
42 61 -0.0973
42 62 -0.06729
42 63 0.01107
42 64 -0.04356
42 65 0.05006
42 66 0.17229
42 67 -0.02879
42 68 0.03277
42 69 -0.04912
42 70 -0.02702
42 71 0.06411
42 72 0.04008
42 73 0.07627
42 74 -0.0431
42 75 0.03694
42 76 -0.02368
42 77 -0.20577
42 78 -0.06868
42 79 0.00258
42 80 -0.03579
42 81 -0.05499
42 82 0.09864
42 83 -0.02678
42 84 0.14926
42 85 0.00497
42 86 0.12231
42 87 -0.06138
42 88 0.01805
42 89 -0.14336
42 90 -0.1751
42 91 -0.02288
42 92 -0.03693
42 93 0.09275
42 94 -0.03723
42 95 0.07817
42 96 -0.14357
42 97 -0.10687
42 98 0.15111
42 99 0.0776
43 44 0.03822
43 45 0.00071
43 46 0.1732
43 47 0.03669
43 48 -0.14378
43 49 -0.00469
43 50 0.02169
43 51 -0.01506
43 52 -0.20282
43 53 -0.11794
43 54 -0.0919
43 55 0.01165
43 56 -0.11642
43 57 0.20093
43 58 -0.0097
43 59 0.08138
43 60 0.03709
43 61 0.15715
43 62 0.18251
43 63 0.03859
43 64 0.03895
43 65 0.0871
43 66 0.03331
43 67 0.11923
43 68 -0.06558
43 69 -0.04384
43 70 0.18186
43 71 0.0426
43 72 0.05193
43 73 -0.01019
43 74 -0.03768
43 75 -0.04014
43 76 -0.09627
43 77 -0.15851
43 78 -0.1308
43 79 -0.02181
43 80 -0.17661
43 81 0.01757
43 82 0.01034
43 83 0.03175
43 84 0.11773
43 85 0.20752
43 86 -0.25244
43 87 0.15931
43 88 -0.15398
43 89 -0.16526
43 90 0.01003
43 91 0.06723
43 92 0.06049
43 93 -0.20795
43 94 -0.08694
43 95 0.20937
43 96 0.04695
43 97 -0.09218
43 98 0.05849
43 99 -0.1025
44 45 -0.02036
44 46 -0.00798
44 47 0.01821
44 48 0.01287
44 49 -0.0023
44 50 0.1203
44 51 0.01715
44 52 -0.08238
44 53 0.01914
44 54 0.01159
44 55 0.19061
44 56 0.03381
44 57 0.07654
44 58 0.1673
44 59 0.12185
44 60 -0.17567
44 61 -0.03548
44 62 0.03541
44 63 -0.07237
44 64 0.11495
44 65 -0.22778
44 66 -0.01807
44 67 -0.01914
44 68 -0.08053
44 69 0.04058
44 70 -0.0041
44 71 -0.01024
44 72 -0.06818
44 73 0.06677
44 74 0.11571
44 75 0.0618
44 76 -0.11692
44 77 -0.08918
44 78 -0.07705
44 79 -0.03273
44 80 -0.03377
44 81 -0.04306
44 82 -0.0507
44 83 -0.07805
44 84 0.05236
44 85 0.05756
44 86 0.02926
44 87 -0.01301
44 88 0.03013
44 89 0.09252
44 90 0.12685
44 91 -0.05161
44 92 0.26584
44 93 -0.065
44 94 0.04422
44 95 -0.12016
44 96 0.09944
44 97 -0.06123
44 98 0.06493
44 99 -0.05111
45 46 0.15129
45 47 0.0245
45 48 -0.00899
45 49 0.00981
45 50 -0.01879
45 51 0.14683
45 52 -0.06627
45 53 0.07527
45 54 -0.01783
45 55 -0.0098
45 56 0.06764
45 57 0.03885
45 58 0.15891
45 59 -0.04855
45 60 0.01228
45 61 -0.11623
45 62 -0.213
45 63 -0.01467
45 64 -0.05236
45 65 -0.00824
45 66 -0.19329
45 67 0.05466
45 68 -0.03784
45 69 0.01528
45 70 0.07498
45 71 0.12474
45 72 0.02681
45 73 -0.10035
45 74 -0.09218
45 75 -0.17803
45 76 -0.11881
45 77 0.00417
45 78 -0.03484
45 79 0.08158
45 80 0.01472
45 81 -0.07179
45 82 0.11944
45 83 -0.00021
45 84 -0.01482
45 85 0.07377
45 86 -0.02739
45 87 0.12061
45 88 0.09538
45 89 0.04287
45 90 0.03501
45 91 0.0533
45 92 0.05767
45 93 0.14896
45 94 0.06768
45 95 -0.03577
45 96 0.01599
45 97 -0.12605
45 98 -0.10966
45 99 0.14336
46 47 -0.26786
46 48 -0.00766
46 49 0.12471
46 50 -0.02946
46 51 -0.01767
46 52 -0.05955
46 53 -0.04513
46 54 0.08017
46 55 0.04584
46 56 -0.08486
46 57 0.00169
46 58 0.08624
46 59 0.02575
46 60 -0.0589
46 61 -0.0627
46 62 -0.10176
46 63 -0.07122
46 64 0.10572
46 65 0.05253
46 66 -0.14517
46 67 0.02065
46 68 0.07994
46 69 0.04736
46 70 -0.02012
46 71 -0.09552
46 72 0.01802
46 73 -0.16105
46 74 0.04129
46 75 -0.05903
46 76 -0.00929
46 77 0.05987
46 78 -0.14296
46 79 -0.16365
46 80 -0.26888
46 81 0.05078
46 82 0.06727
46 83 -0.03277
46 84 0.03129
46 85 -0.01678
46 86 -0.0448
46 87 -0.17751
46 88 -0.06598
46 89 0.09285
46 90 0.10719
46 91 0.19012
46 92 0.04256
46 93 0.08493
46 94 -0.01781
46 95 -0.086
46 96 0.10849
46 97 -0.16461
46 98 -0.13732
46 99 -0.09848
47 48 -0.01144
47 49 0.04705
47 50 -0.07735
47 51 0.06503
47 52 0.10717
47 53 0.19612
47 54 -0.18482
47 55 0.00127
47 56 0.08563
47 57 0.07072
47 58 0.15268
47 59 -0.0346
47 60 -0.00476
47 61 0.04544
47 62 -0.13198
47 63 -0.09379
47 64 0.10384
47 65 0.13095
47 66 0.05235
47 67 -0.07377
47 68 -0.03007
47 69 0.08829
47 70 0.08292
47 71 -0.1121
47 72 0.19611
47 73 -0.02092
47 74 0.02797
47 75 -0.05281
47 76 -0.16688
47 77 0.08486
47 78 -0.11829
47 79 0.12675
47 80 -0.07561
47 81 0.04642
47 82 -0.11739
47 83 0.07892
47 84 -0.06245
47 85 -0.03996
47 86 -0.07389
47 87 -0.21058
47 88 -0.07639
47 89 -0.10367
47 90 -0.03365
47 91 0.03965
47 92 -0.09711
47 93 -0.10401
47 94 0.05859
47 95 0.09386
47 96 -0.00393
47 97 0.00367
47 98 -0.29387
47 99 0.01131
48 49 0.01276
48 50 -0.04727
48 51 0.02561
48 52 0.11655
48 53 -0.08402
48 54 0.10143
48 55 0.05294
48 56 0.13704
48 57 0.02552
48 58 -0.06411
48 59 -0.14061
48 60 0.17412
48 61 -0.03009
48 62 -0.12651
48 63 0.05067
48 64 0.15445
48 65 -0.16252
48 66 -0.08905
48 67 -0.04966
48 68 0.00759
48 69 -0.21684
48 70 -0.07869
48 71 -0.13057
48 72 -0.11781
48 73 0.01958
48 74 -0.02107
48 75 -0.05764
48 76 0.10858
48 77 -0.16725
48 78 -0.13702
48 79 0.24624
48 80 0.01404
48 81 0.00611
48 82 0.03293
48 83 0.10192
48 84 0.14396
48 85 0.02509
48 86 0.0504
48 87 0.07108
48 88 0.06575
48 89 -0.16724
48 90 -0.00913
48 91 0.08962
48 92 0.1563
48 93 -0.02911
48 94 -0.08169
48 95 0.12808
48 96 -0.06402
48 97 0.17254
48 98 0.10654
48 99 0.09259
49 50 -0.12165
49 51 0.0667
49 52 0.00536
49 53 -0.01161
49 54 0.01846
49 55 -0.03304
49 56 -0.09231
49 57 -0.04957
49 58 0.03257
49 59 -0.02303
49 60 -0.10887
49 61 -0.02744
49 62 -0.1559
49 63 -0.03554
49 64 0.02331
49 65 -0.08107
49 66 0.11791
49 67 0.04221
49 68 0.19884
49 69 -0.12558
49 70 -0.00912
49 71 -0.09097
49 72 0.12829
49 73 -0.06818
49 74 -0.03632
49 75 -0.01159
49 76 0.06651
49 77 -0.12053
49 78 -0.19745
49 79 -0.16733
49 80 -0.14488
49 81 -0.01157
49 82 -0.13415
49 83 -0.07179
49 84 -0.05795
49 85 0.1588
49 86 -0.12775
49 87 0.10979
49 88 -0.14275
49 89 -0.04078
49 90 0.00542
49 91 0.10578
49 92 0.08573
49 93 0.11055
49 94 0.15897
49 95 -0.14423
49 96 0.05926
49 97 0.15948
49 98 0.13429
49 99 0.08532
50 51 0.07282
50 52 0.1199
50 53 0.04144
50 54 0.04541
50 55 0.02138
50 56 0.01204
50 57 -0.04936
50 58 -0.07598
50 59 -0.00158
50 60 0.094
50 61 0.10085
50 62 0.08113
50 63 -0.04547
50 64 0.00024
50 65 -0.14535
50 66 -0.06822
50 67 -0.20826
50 68 -0.07036
50 69 0.03749
50 70 -0.06096
50 71 0.102
50 72 0.03471
50 73 -0.13975
50 74 -0.15722
50 75 0.11607
50 76 0.12909
50 77 0.0538
50 78 0.00832
50 79 -0.02014
50 80 0.0455
50 81 0.05621
50 82 0.12183
50 83 0.12474
50 84 -0.04604
50 85 -0.03534
50 86 -0.02553
50 87 0.00987
50 88 0.21361
50 89 -0.09907
50 90 -0.15009
50 91 0.15239
50 92 -0.11415
50 93 0.02257
50 94 -0.07124
50 95 0.01393
50 96 0.2053
50 97 0.03439
50 98 -0.0926
50 99 0.10398
51 52 0.16942
51 53 0.04929
51 54 0.06395
51 55 0.10388
51 56 -0.03421
51 57 -0.09039
51 58 0.08769
51 59 0.00183
51 60 0.21318
51 61 0.08272
51 62 -0.00759
51 63 -0.05618
51 64 -0.08359
51 65 0.03955
51 66 0.08306
51 67 -0.10732
51 68 0.07005
51 69 0.13022
51 70 -0.2879
51 71 -0.02506
51 72 0.13257
51 73 0.10109
51 74 0.11716
51 75 0.00547
51 76 0.00728
51 77 -0.0329
51 78 -0.04322
51 79 0.0532
51 80 0.13903
51 81 0.01624
51 82 -0.32013
51 83 0.16591
51 84 -0.13365
51 85 -0.12275
51 86 -0.12766
51 87 -0.15096
51 88 -0.00663
51 89 -0.10166
51 90 -0.08028
51 91 -0.01608
51 92 -0.12101
51 93 0.0206
51 94 0.20926
51 95 -0.02944
51 96 0.01862
51 97 0.04495
51 98 -0.0061
51 99 -0.14816
52 53 0.07847
52 54 0.17941
52 55 -0.07829
52 56 0.00712
52 57 0.08351
52 58 0.08538
52 59 0.057
52 60 -0.00509
52 61 -0.07893
52 62 -0.12697
52 63 0.00591
52 64 -0.09127
52 65 0.01464
52 66 0.05689
52 67 0.07297
52 68 0.04099
52 69 -0.02694
52 70 0.08676
52 71 -0.03634
52 72 -0.16498
52 73 -0.06751
52 74 0.09586
52 75 -0.0693
52 76 0.04041
52 77 0.01728
52 78 0.1507
52 79 0.03586
52 80 0.04927
52 81 -0.02543
52 82 0.10193
52 83 -0.09
52 84 0.04805
52 85 -0.1865
52 86 -0.03425
52 87 0.10022
52 88 0.08288
52 89 0.04662
52 90 -0.05836
52 91 0.10639
52 92 0.17633
52 93 0.01119
52 94 0.02641
52 95 0.14049
52 96 -0.10083
52 97 -0.08731
52 98 -0.08365
52 99 -0.12864
53 54 0.00341
53 55 0.0179
53 56 -0.01977
53 57 0.20216
53 58 -0.00995
53 59 0.05793
53 60 0.00425
53 61 -0.08396
53 62 -0.10865
53 63 -0.00571
53 64 -0.05534
53 65 -0.21208
53 66 0.0033
53 67 0.08054
53 68 -0.00156
53 69 0.02279
53 70 -0.06829
53 71 -0.01474
53 72 0.15023
53 73 -0.03669
53 74 0.13815
53 75 -0.00605
53 76 0.13
53 77 0.07665
53 78 -0.16432
53 79 0.02381
53 80 0.04674
53 81 0.12122
53 82 0.16289
53 83 -0.09511
53 84 0.04749
53 85 0.08629
53 86 0.07402
53 87 -0.1783
53 88 -0.08353
53 89 0.22521
53 90 -0.03985
53 91 0.08382
53 92 0.00945
53 93 0.05037
53 94 -0.06652
53 95 0.01636
53 96 -0.02771
53 97 -0.05253
53 98 0.20157
53 99 0.042
54 55 0.18378
54 56 0.09211
54 57 -0.18205
54 58 -0.0309
54 59 -0.09063
54 60 0.02356
54 61 0.08477
54 62 0.29449
54 63 -0.02269
54 64 0.11581
54 65 -0.12628
54 66 0.07941
54 67 -0.03207
54 68 0.09828
54 69 0.13199
54 70 0.00737
54 71 0.03574
54 72 0.08181
54 73 -0.0865
54 74 -0.08536
54 75 0.04039
54 76 -0.0733
54 77 0.07295
54 78 -0.02407
54 79 0.04792
54 80 -0.02313
54 81 -0.06861
54 82 0.11883
54 83 -0.07159
54 84 -0.02177
54 85 -0.10592
54 86 0.04691
54 87 -0.15717
54 88 0.03467
54 89 0.08858
54 90 -0.099
54 91 -0.09563
54 92 0.00943
54 93 0.03231
54 94 -0.04418
54 95 0.09096
54 96 -0.07298
54 97 0.10523
54 98 0.00395
54 99 0.02838
55 56 -0.23497
55 57 0.04848
55 58 -0.0295
55 59 0.10535
55 60 0.14587
55 61 0.11971
55 62 -0.11786
55 63 -0.12595
55 64 0.0085
55 65 -0.02789
55 66 -0.06874
55 67 -0.00735
55 68 0.10909
55 69 0.09444
55 70 -0.15125
55 71 0.14013
55 72 -0.02099
55 73 -0.01838
55 74 -0.03375
55 75 0.00347
55 76 -0.11643
55 77 -0.04965
55 78 0.17221
55 79 0.14794
55 80 0.17432
55 81 -0.11745
55 82 0.01862
55 83 0.21317
55 84 -0.0367
55 85 0.17626
55 86 -0.09193
55 87 0.14897
55 88 0.2173
55 89 -0.05547
55 90 0.05108
55 91 0.05841
55 92 0.01849
55 93 0.15945
55 94 0.14308
55 95 -0.02144
55 96 -0.11677
55 97 0.06317
55 98 -0.10129
55 99 0.00201
56 57 -0.09593
56 58 -0.24426
56 59 0.12023
56 60 -0.10038
56 61 -0.19904
56 62 -0.03631
56 63 -0.13192
56 64 0.12107
56 65 -0.07722
56 66 0.08423
56 67 0.11121
56 68 -0.00941
56 69 -0.03071
56 70 0.06424
56 71 0.0357
56 72 -0.01352
56 73 -0.02612
56 74 0.00978
56 75 -0.03094
56 76 -0.02215
56 77 -0.05946
56 78 -0.04805
56 79 0.11314
56 80 0.10307
56 81 0.09866
56 82 -0.00952
56 83 0.0925
56 84 0.11995
56 85 -0.00425
56 86 -0.05757
56 87 0.00697
56 88 -0.02916
56 89 0.08199
56 90 0.01829
56 91 0.10898
56 92 0.00434
56 93 0.14057
56 94 -0.11029
56 95 0.09695
56 96 0.06791
56 97 0.11704
56 98 -0.09283
56 99 -0.09359
57 58 0.01937
57 59 -0.14027
57 60 -0.23545
57 61 0.16596
57 62 0.03088
57 63 -0.0136
57 64 0.21486
57 65 0.07366
57 66 0.08136
57 67 -0.11036
57 68 0.07617
57 69 -0.12319
57 70 0.06191
57 71 0.03148
57 72 0.05679
57 73 -0.05545
57 74 -0.18112
57 75 -0.01042
57 76 -0.0149
57 77 -0.04458
57 78 -0.01922
57 79 -0.08072
57 80 0.11869
57 81 0.10081
57 82 -0.0765
57 83 0.05458
57 84 0.04996
57 85 0.1483
57 86 -0.04425
57 87 -0.06889
57 88 0.06967
57 89 -0.11004
57 90 0.07777
57 91 0.06239
57 92 -0.21703
57 93 -0.14439
57 94 -0.01552
57 95 -0.03382
57 96 -0.13856
57 97 0.04311
57 98 -0.01601
57 99 0.02961
58 59 -0.1531
58 60 -0.10695
58 61 -0.10345
58 62 0.03641
58 63 0.04152
58 64 -0.01261
58 65 0.17236
58 66 0.07149
58 67 -0.06105
58 68 0.06924
58 69 0.17358
58 70 0.01508
58 71 -0.0211
58 72 0.15494
58 73 0.06068
58 74 0.10895
58 75 0.06421
58 76 0.04096
58 77 0.09076
58 78 0.08876
58 79 0.01212
58 80 -0.24927
58 81 -0.04261
58 82 -0.01442
58 83 -0.05569
58 84 -0.06458
58 85 -0.06449
58 86 0.08973
58 87 0.13981
58 88 -0.03652
58 89 0.05253
58 90 0.25548
58 91 -0.00968
58 92 -0.20331
58 93 -0.04185
58 94 0.03113
58 95 -0.17635
58 96 0.06525
58 97 0.05494
58 98 -0.09714
58 99 0.04521
59 60 -0.12821
59 61 -0.08466
59 62 0.02219
59 63 0.02906
59 64 -0.15505
59 65 -0.12962
59 66 0.02094
59 67 -0.06429
59 68 -0.10089
59 69 0.13901
59 70 -0.13652
59 71 0.05699
59 72 -0.19196
59 73 -0.03901
59 74 0.07769
59 75 -0.00237
59 76 0.02217
59 77 -0.07456
59 78 -0.07288
59 79 0.02979
59 80 0.13492
59 81 0.00978
59 82 0.04404
59 83 0.139
59 84 -0.31846
59 85 0.08044
59 86 0.13989
59 87 -0.03074
59 88 -0.00576
59 89 -0.14029
59 90 -0.06526
59 91 0.18169
59 92 -0.00166
59 93 0.07622
59 94 -0.03602
59 95 0.10649
59 96 -0.05971
59 97 -0.04749
59 98 -0.10458
59 99 -0.08651
60 61 -0.06507
60 62 -0.08642
60 63 -0.00675
60 64 0.13612
60 65 0.07282
60 66 0.10433
60 67 -0.14955
60 68 0.05985
60 69 -0.01405
60 70 0.04746
60 71 -0.02426
60 72 0.06963
60 73 0.09275
60 74 -0.16332
60 75 0.1794
60 76 0.01203
60 77 -0.11084
60 78 -0.12418
60 79 0.08808
60 80 0.14735
60 81 0.01282
60 82 -0.1403
60 83 -0.03597
60 84 0.1721
60 85 -0.16968
60 86 0.07916
60 87 0.14869
60 88 0.03348
60 89 -0.03319
60 90 0.01112
60 91 -0.12492
60 92 0.07218
60 93 0.07327
60 94 -0.06014
60 95 0.00041
60 96 -0.09292
60 97 0.03976
60 98 -0.08065
60 99 0.10624
61 62 0.00812
61 63 -0.05353
61 64 0.24621
61 65 -0.14079
61 66 0.07027
61 67 -0.01408
61 68 0.03978
61 69 0.08533
61 70 -0.05356
61 71 -0.18854
61 72 0.00044
61 73 0.05435
61 74 0.14746
61 75 -0.11603
61 76 -0.21341
61 77 0.08492
61 78 -0.00113
61 79 0.14825
61 80 0.02878
61 81 -0.11257
61 82 -0.04189
61 83 -0.10346
61 84 -0.0397
61 85 -0.10854
61 86 0.10321
61 87 0.13173
61 88 0.1012
61 89 -0.08813
61 90 0.2685
61 91 -0.21283
61 92 -0.0365
61 93 -0.08476
61 94 0.06734
61 95 0.09881
61 96 0.09395
61 97 -0.01827
61 98 -0.10579
61 99 0.03265
62 63 -0.04783
62 64 0.0215
62 65 0.02309
62 66 -0.08179
62 67 -0.14208
62 68 0.17294
62 69 -0.10291
62 70 -0.08458
62 71 -0.01619
62 72 0.06357
62 73 -0.02017
62 74 0.16623
62 75 0.06601
62 76 0.08679
62 77 -0.03626
62 78 -0.09719
62 79 -0.09997
62 80 0.08581
62 81 0.0552
62 82 -0.09586
62 83 -0.0324
62 84 -0.08582
62 85 0.09425
62 86 -0.17409
62 87 0.15638
62 88 0.11533
62 89 0.03794
62 90 0.08325
62 91 0.04207
62 92 -0.06235
62 93 0.24132
62 94 -0.04288
62 95 0.02638
62 96 0.00285
62 97 -0.25732
62 98 -0.0817
62 99 0.00353
63 64 -0.08349
63 65 0.03642
63 66 -0.07823
63 67 0.03794
63 68 0.05803
63 69 0.16209
63 70 -0.05606
63 71 -0.23316
63 72 0.05183
63 73 -0.07254
63 74 0.17429
63 75 0.11756
63 76 -0.04832
63 77 0.01278
63 78 0.03842
63 79 -0.05785
63 80 0.04346
63 81 0.13394
63 82 0.16697
63 83 -0.04482
63 84 0.08307
63 85 -0.08312
63 86 -0.07723
63 87 0.01713
63 88 0.0221
63 89 0.12167
63 90 0.15715
63 91 -0.09655
63 92 0.07715
63 93 0.01826
63 94 0.05262
63 95 -0.07368
63 96 -0.04115
63 97 -0.04073
63 98 0.03025
63 99 -0.02871
64 65 -0.11325
64 66 0.02427
64 67 -0.00709
64 68 -0.04878
64 69 -0.03552
64 70 -0.03131
64 71 0.04097
64 72 -0.02332
64 73 -0.10177
64 74 0.08667
64 75 0.04666
64 76 0.25504
64 77 -0.06431
64 78 -0.15079
64 79 0.02184
64 80 0.01725
64 81 -0.13296
64 82 -0.09372
64 83 -0.12839
64 84 0.09019
64 85 -0.03933
64 86 -0.13255
64 87 -0.01242
64 88 -0.10966
64 89 0.03389
64 90 0.09927
64 91 0.13695
64 92 -0.01281
64 93 -0.04122
64 94 -0.01058
64 95 -0.01441
64 96 -0.10918
64 97 -0.00866
64 98 -0.04489
64 99 -0.06936
65 66 0.17103
65 67 0.07147
65 68 0.00527
65 69 -0.01971
65 70 0.03919
65 71 0.16878
65 72 -0.01757
65 73 -0.05186
65 74 0.16144
65 75 0.19117
65 76 0.03276
65 77 -0.11638
65 78 0.05065
65 79 0.08197
65 80 0.00015
65 81 0.03888
65 82 -0.04383
65 83 -0.09746
65 84 -0.015
65 85 -0.01175
65 86 0.01627
65 87 -0.07274
65 88 0.04679
65 89 0.0249
65 90 0.03095
65 91 0.11639
65 92 -0.13522
65 93 0.13402
65 94 0.03579
65 95 0.07055
65 96 0.06414
65 97 -0.10316
65 98 -0.10046
65 99 0.08186
66 67 0.1116
66 68 -0.067
66 69 0.19685
66 70 -0.01959
66 71 0.01635
66 72 0.04131
66 73 0.04954
66 74 -0.07762
66 75 -0.08802
66 76 -0.0451
66 77 -0.02888
66 78 0.06089
66 79 -0.0623
66 80 0.03354
66 81 0.11496
66 82 0.17502
66 83 -0.05239
66 84 -0.03696
66 85 -0.08136
66 86 -0.08118
66 87 -0.05579
66 88 -0.03771
66 89 -0.09185
66 90 -0.05939
66 91 0.07264
66 92 0.00739
66 93 -0.13348
66 94 0.03413
66 95 -0.03556
66 96 -0.07912
66 97 0.02922
66 98 0.03692
66 99 0.13164
67 68 0.14871
67 69 -0.11974
67 70 -0.04633
67 71 -0.04343
67 72 0.03862
67 73 -0.11521
67 74 -0.03036
67 75 -0.1005
67 76 -0.05285
67 77 0.02902
67 78 0.17196
67 79 -0.05253
67 80 -0.05483
67 81 -0.00493
67 82 0.03277
67 83 0.09122
67 84 0.09573
67 85 -0.18105
67 86 -0.01105
67 87 0.08811
67 88 0.06433
67 89 -0.06976
67 90 -0.04655
67 91 -0.0318
67 92 -0.11074
67 93 0.02533
67 94 -0.0631
67 95 -0.04026
67 96 0.1459
67 97 0.19431
67 98 0.06572
67 99 -0.11405
68 69 -0.02052
68 70 0.1359
68 71 0.08273
68 72 0.1268
68 73 0.05441
68 74 -0.0486
68 75 0.08076
68 76 0.02023
68 77 -0.12678
68 78 0.18053
68 79 -0.07897
68 80 0.08648
68 81 -0.10274
68 82 0.00937
68 83 -0.06453
68 84 0.0651
68 85 0.06726
68 86 -0.00488
68 87 0.04529
68 88 0.00693
68 89 -0.14169
68 90 -0.04889
68 91 -0.05569
68 92 -0.01369
68 93 0.05834
68 94 0.09108
68 95 -0.04145
68 96 -0.23572
68 97 -0.05111
68 98 -0.13593
68 99 0.05362
69 70 -0.07701
69 71 0.20111
69 72 -0.02038
69 73 -0.0238
69 74 -0.05637
69 75 0.03689
69 76 0.13237
69 77 -0.06765
69 78 0.07646
69 79 -0.02196
69 80 -0.05332
69 81 -0.08443
69 82 0.05824
69 83 0.01643
69 84 0.02607
69 85 -0.08236
69 86 -0.0574
69 87 -0.01803
69 88 0.00286
69 89 -0.05688
69 90 -0.10144
69 91 0.10451
69 92 -0.00368
69 93 -0.17137
69 94 0.01929
69 95 -0.1334
69 96 0.02561
69 97 -0.09642
69 98 -0.05985
69 99 -0.07361
70 71 0.2091
70 72 0.03215
70 73 0.06143
70 74 0.15569
70 75 -0.01773
70 76 -0.06481
70 77 0.0077
70 78 -0.08528
70 79 0.07799
70 80 -0.05664
70 81 -0.04241
70 82 0.00135
70 83 -0.10693
70 84 0.0097
70 85 -0.0457
70 86 0.04504
70 87 0.12732
70 88 -0.01322
70 89 0.11362
70 90 -0.04837
70 91 -0.03554
70 92 0.10632
70 93 -0.03305
70 94 -0.17183
70 95 0.11285
70 96 -0.03952
70 97 0.0978
70 98 0.02615
70 99 0.04677
71 72 0.08329
71 73 0.04084
71 74 0.01517
71 75 0.17693
71 76 0.19781
71 77 -0.18543
71 78 -0.00098
71 79 -0.04954
71 80 -0.14338
71 81 -0.07006
71 82 -0.1024
71 83 -0.07105
71 84 -0.0997
71 85 -0.05701
71 86 0.24425
71 87 -0.17829
71 88 -0.02555
71 89 -0.02539
71 90 -0.0647
71 91 0.0277
71 92 -0.07132
71 93 0.12244
71 94 0.14622
71 95 -0.07867
71 96 0.1902
71 97 -0.12323
71 98 -0.04171
71 99 -0.17491
72 73 0.06148
72 74 -0.1336
72 75 -0.06231
72 76 -0.10393
72 77 0.05152
72 78 0.1434
72 79 0.08978
72 80 0.01641
72 81 -0.02649
72 82 0.12208
72 83 -0.06646
72 84 -0.03308
72 85 -0.20808
72 86 0.1323
72 87 -0.0967
72 88 -0.13276
72 89 -0.02081
72 90 0.06886
72 91 0.08286
72 92 0.00108
72 93 0.18153
72 94 -0.02499
72 95 -0.17054
72 96 0.22905
72 97 -0.0649
72 98 -0.2722
72 99 -0.02361
73 74 -0.01671
73 75 0.0096
73 76 0.08093
73 77 -0.10063
73 78 -0.00523
73 79 -0.05636
73 80 -0.05337
73 81 0.15458
73 82 -0.01028
73 83 -0.00824
73 84 0.1339
73 85 0.00613
73 86 -0.13279
73 87 0.07948
73 88 -0.07417
73 89 0.17656
73 90 -0.11805
73 91 0.00209
73 92 -0.0355
73 93 -0.00622
73 94 0.15174
73 95 0.05317
73 96 -0.14528
73 97 -0.04125
73 98 -0.10859
73 99 0.16645
74 75 0.13172
74 76 -0.1325
74 77 0.06786
74 78 -0.01181
74 79 0.03338
74 80 -0.15038
74 81 -0.06745
74 82 -0.00473
74 83 -0.04372
74 84 -0.01561
74 85 0.04271
74 86 0.24206
74 87 -0.05809
74 88 -0.18943
74 89 -0.06972
74 90 0.04639
74 91 0.01381
74 92 0.03848
74 93 0.09712
74 94 -0.17266
74 95 0.09162
74 96 0.03343
74 97 0.04397
74 98 0.13374
74 99 -0.07137
75 76 -0.03455
75 77 -0.00066
75 78 -0.01063
75 79 0.01295
75 80 -0.10743
75 81 0.13666
75 82 0.16235
75 83 0.09661
75 84 0.01236
75 85 0.13205
75 86 -0.144
75 87 -0.15499
75 88 -0.13924
75 89 0.03776
75 90 -0.02566
75 91 -0.00718
75 92 -0.00109
75 93 -0.05702
75 94 0.04762
75 95 0.14635
75 96 -0.10851
75 97 -0.00793
75 98 -0.02507
75 99 0.00514
76 77 -0.00284
76 78 0.12421
76 79 -0.01161
76 80 0.00447
76 81 0.068
76 82 -0.0205
76 83 -0.02489
76 84 0.26073
76 85 0.18538
76 86 -0.10291
76 87 -0.19903
76 88 -0.00759
76 89 -0.16924
76 90 -0.00053
76 91 -0.0381
76 92 0.06484
76 93 -0.05598
76 94 0.05528
76 95 0.07629
76 96 -0.05612
76 97 -0.03403
76 98 -0.04709
76 99 0.12949
77 78 -0.03032
77 79 -0.04318
77 80 -0.18937
77 81 -0.16031
77 82 0.06844
77 83 -0.05783
77 84 -0.04214
77 85 -0.12435
77 86 0.15948
77 87 0.05572
77 88 -0.06087
77 89 -0.01185
77 90 0.23189
77 91 0.14784
77 92 0.0117
77 93 0.07559
77 94 -0.04459
77 95 -0.00446
77 96 0.07394
77 97 -0.05857
77 98 0.03181
77 99 0.17312
78 79 -0.03036
78 80 -0.09538
78 81 0.03875
78 82 -0.17187
78 83 -0.00578
78 84 -0.06361
78 85 0.06597
78 86 0.12738
78 87 0.06035
78 88 -0.01524
78 89 -0.00626
78 90 0.09429
78 91 0.00961
78 92 -0.02573
78 93 -0.07804
78 94 0.0658
78 95 0.05577
78 96 -0.12878
78 97 0.13165
78 98 0.09638
78 99 -0.09252
79 80 0.03176
79 81 -0.00047
79 82 0.06017
79 83 -0.04901
79 84 0.16199
79 85 -0.20696
79 86 0.133
79 87 -0.03578
79 88 -0.06038
79 89 0.01425
79 90 0.04944
79 91 -0.02811
79 92 0.01137
79 93 -0.1351
79 94 -0.01433
79 95 -0.07257
79 96 0.11099
79 97 -0.01759
79 98 0.08166
79 99 -0.0928
80 81 -0.06334
80 82 0.09141
80 83 -0.073
80 84 0.20299
80 85 0.01843
80 86 0.19114
80 87 0.10876
80 88 0.01309
80 89 -0.06913
80 90 -0.12719
80 91 -0.23772
80 92 -0.09808
80 93 -0.08843
80 94 0.01431
80 95 -0.09003
80 96 -0.19562
80 97 -0.07056
80 98 0.06361
80 99 0.0121
81 82 -0.14518
81 83 0.00792
81 84 0.06258
81 85 0.17263
81 86 -0.05795
81 87 -0.10284
81 88 0.05831
81 89 0.1131
81 90 0.03533
81 91 -0.03277
81 92 -0.01491
81 93 -0.00345
81 94 0.21896
81 95 -0.23521
81 96 -0.1155
81 97 -0.0091
81 98 0.00205
81 99 -0.05353
82 83 -0.14479
82 84 0.10115
82 85 -0.08746
82 86 -0.06835
82 87 -0.07018
82 88 0.05719
82 89 0.09048
82 90 0.10068
82 91 0.10501
82 92 -0.13395
82 93 -0.10501
82 94 -0.13388
82 95 -0.02987
82 96 -0.08178
82 97 -0.14501
82 98 -0.11641
82 99 -0.053
83 84 0.01058
83 85 0.15969
83 86 0.0003
83 87 0.04857
83 88 0.08298
83 89 -0.00359
83 90 -0.02519
83 91 -0.05346
83 92 0.09361
83 93 -0.11011
83 94 0.03944
83 95 0.04908
83 96 0.12372
83 97 -0.17949
83 98 -0.05805
83 99 0.01796
84 85 -0.0737
84 86 0.09917
84 87 -0.03395
84 88 0.09407
84 89 0.04701
84 90 0.05684
84 91 0.13642
84 92 -0.16917
84 93 -0.0781
84 94 0.04398
84 95 0.05995
84 96 -0.03024
84 97 -0.03754
84 98 -0.00915
84 99 -0.14473
85 86 -0.05304
85 87 0.14354
85 88 0.19787
85 89 -0.10941
85 90 -0.10234
85 91 -0.06259
85 92 -0.09272
85 93 -0.23786
85 94 -0.03961
85 95 0.04941
85 96 0.01781
85 97 0.09503
85 98 0.24597
85 99 0.05102
86 87 -0.01627
86 88 -0.02973
86 89 -0.13316
86 90 0.1499
86 91 0.19052
86 92 -0.07701
86 93 -0.00081
86 94 0.02385
86 95 0.1937
86 96 -0.09569
86 97 0.07736
86 98 -0.09157
86 99 0.0368
87 88 0.03591
87 89 0.02707
87 90 0.00893
87 91 -0.03277
87 92 0.06078
87 93 -0.00503
87 94 0.08243
87 95 -0.05993
87 96 -0.03349
87 97 0.08484
87 98 -0.14747
87 99 -0.1239
88 89 -0.09978
88 90 -0.00105
88 91 -0.03372
88 92 -0.1178
88 93 -0.06638
88 94 0.04137
88 95 -0.14842
88 96 0.16643
88 97 0.04793
88 98 -0.05478
88 99 0.0299
89 90 -0.08063
89 91 -0.06426
89 92 0.18389
89 93 0.0458
89 94 0.03346
89 95 0.05921
89 96 0.07643
89 97 -0.0301
89 98 0.24612
89 99 0.1598
90 91 0.10237
90 92 -0.09772
90 93 0.10609
90 94 -0.06017
90 95 -0.0396
90 96 -0.04106
90 97 -0.10599
90 98 -0.02846
90 99 0.05071
91 92 -0.06052
91 93 0.04512
91 94 0.18526
91 95 0.05747
91 96 -0.03843
91 97 -0.10259
91 98 -0.16998
91 99 -0.01499
92 93 -0.01375
92 94 0.01906
92 95 -0.05063
92 96 0.04363
92 97 0.22464
92 98 -0.06073
92 99 -0.00524
93 94 -0.07983
93 95 0.10236
93 96 -0.02199
93 97 -0.20395
93 98 0.07971
93 99 -0.08935
94 95 -0.04081
94 96 -0.14643
94 97 0.07468
94 98 0.05627
94 99 -0.07905
95 96 -0.19989
95 97 -0.00605
95 98 -0.05622
95 99 0.02445
96 97 0.03871
96 98 0.01234
96 99 0.13361
97 98 -0.00137
97 99 0.08709
98 99 -0.12135
