# model=sk N=100 meanJ=0 seed=1101741 distribution=gaussian field=0 num_fields=100 num_couplings=4950
0 0
1 0
2 0
3 0
4 0
5 0
6 0
7 0
8 0
9 0
10 0
11 0
12 0
13 0
14 0
15 0
16 0
17 0
18 0
19 0
20 0
21 0
22 0
23 0
24 0
25 0
26 0
27 0
28 0
29 0
30 0
31 0
32 0
33 0
34 0
35 0
36 0
37 0
38 0
39 0
40 0
41 0
42 0
43 0
44 0
45 0
46 0
47 0
48 0
49 0
50 0
51 0
52 0
53 0
54 0
55 0
56 0
57 0
58 0
59 0
60 0
61 0
62 0
63 0
64 0
65 0
66 0
67 0
68 0
69 0
70 0
71 0
72 0
73 0
74 0
75 0
76 0
77 0
78 0
79 0
80 0
81 0
82 0
83 0
84 0
85 0
86 0
87 0
88 0
89 0
90 0
91 0
92 0
93 0
94 0
95 0
96 0
97 0
98 0
99 0
0 1 -0.085
0 2 0.09682
0 3 0.00148
0 4 -0.14061
0 5 0.01802
0 6 -0.05375
0 7 0.06137
0 8 -0.07715
0 9 -0.23798
0 10 0.03526
0 11 0.23029
0 12 -0.15693
0 13 0.00167
0 14 0.00884
0 15 0.03483
0 16 -0.08599
0 17 -0.04052
0 18 0.03526
0 19 -0.02727
0 20 -0.13283
0 21 -0.08287
0 22 0.00108
0 23 0.00054
0 24 -0.20429
0 25 0.03233
0 26 -0.09171
0 27 0.06504
0 28 -0.13672
0 29 -0.11569
0 30 0.12285
0 31 0.12848
0 32 0.09076
0 33 0.03059
0 34 0.09307
0 35 -0.05783
0 36 0.11564
0 37 0.15519
0 38 0.0791
0 39 -0.19636
0 40 0.10244
0 41 -0.0559
0 42 0.02812
0 43 -0.19961
0 44 0.0184
0 45 -0.15141
0 46 -0.06854
0 47 0.02815
0 48 -0.08807
0 49 0.16075
0 50 0.21266
0 51 0.01002
0 52 -0.12181
0 53 0.15533
0 54 -0.17959
0 55 0.29823
0 56 -0.00452
0 57 0.07574
0 58 0.05305
0 59 -0.08123
0 60 0.03351
0 61 -0.06282
0 62 -0.00562
0 63 0.1485
0 64 0.16778
0 65 -0.04662
0 66 0.01751
0 67 -0.09498
0 68 0.00483
0 69 0.0423
0 70 -0.09517
0 71 -0.03379
0 72 0.08158
0 73 -0.00802
0 74 0.03372
0 75 0.09405
0 76 0.13114
0 77 -0.03414
0 78 0.16082
0 79 0.0035
0 80 0.03121
0 81 0.04728
0 82 0.16875
0 83 0.0916
0 84 -0.07099
0 85 0.08106
0 86 0.13343
0 87 0.04516
0 88 0.04025
0 89 0.14546
0 90 0.06827
0 91 -0.04465
0 92 -0.12161
0 93 0.16756
0 94 -0.03016
0 95 -0.10832
0 96 -0.0986
0 97 0.04103
0 98 -0.02172
0 99 0.0231
1 2 0.07755
1 3 -0.05722
1 4 0.05003
1 5 -0.01815
1 6 -0.02824
1 7 0.05306
1 8 0.00287
1 9 -0.05191
1 10 0.02495
1 11 0.04135
1 12 0.1183
1 13 -0.01308
1 14 0.06782
1 15 -0.00642
1 16 -0.16942
1 17 -0.00319
1 18 -0.25411
1 19 -0.01054
1 20 0.14858
1 21 -0.13246
1 22 -0.07984
1 23 0.10422
1 24 -0.11759
1 25 -0.10398
1 26 0.07145
1 27 -0.10877
1 28 0.04163
1 29 0.02593
1 30 -0.0317
1 31 -0.02915
1 32 -0.10347
1 33 -0.05055
1 34 0.10697
1 35 0.04117
1 36 -0.0804
1 37 -0.04775
1 38 0.04113
1 39 0.08357
1 40 -0.08869
1 41 -0.05355
1 42 0.12294
1 43 0.07575
1 44 -0.05632
1 45 -0.0358
1 46 -0.05679
1 47 -0.06599
1 48 -0.15123
1 49 0.03316
1 50 0.01399
1 51 -0.10009
1 52 -0.05863
1 53 0.08837
1 54 -0.05445
1 55 0.0092
1 56 -0.1905
1 57 0.09448
1 58 -0.13695
1 59 -0.00843
1 60 -0.12639
1 61 -0.01676
1 62 -0.03659
1 63 0.0677
1 64 0.01785
1 65 0.09789
1 66 -0.15559
1 67 -0.10838
1 68 -0.02806
1 69 -0.09528
1 70 0.17297
1 71 -0.00499
1 72 -0.00391
1 73 0.091
1 74 -0.1007
1 75 -0.15317
1 76 0.08206
1 77 0.07309
1 78 -0.03698
1 79 0.06126
1 80 0.05387
1 81 -0.14462
1 82 -0.01235
1 83 0.18431
1 84 -0.14734
1 85 -0.04403
1 86 0.02879
1 87 -0.11681
1 88 0.00849
1 89 0.09554
1 90 0.14914
1 91 -0.02175
1 92 0.13769
1 93 0.10601
1 94 0.08002
1 95 -0.11225
1 96 -0.09185
1 97 0.13221
1 98 0.2375
1 99 0.02507
2 3 0.03233
2 4 -0.0576
2 5 -0.14425
2 6 -0.06741
2 7 -0.05919
2 8 -0.11387
2 9 -0.18165
2 10 -0.08223
2 11 0.07973
2 12 0.05623
2 13 -0.00008
2 14 -0.07774
2 15 -0.05686
2 16 0.06661
2 17 -0.0324
2 18 0.13654
2 19 -0.06099
2 20 0.03499
2 21 0.05203
2 22 0.05678
2 23 -0.06093
2 24 0.15902
2 25 -0.07908
2 26 0.01611
2 27 -0.00399
2 28 -0.05029
2 29 0.05889
2 30 0.11212
2 31 0.12097
2 32 0.03175
2 33 0.03457
2 34 -0.05152
2 35 0.09153
2 36 0.06796
2 37 0.08986
2 38 0.08883
2 39 0.2693
2 40 0.21566
2 41 -0.02569
2 42 0.06952
2 43 0.05596
2 44 0.00204
2 45 0.01124
2 46 -0.08496
2 47 0.20047
2 48 0.14171
2 49 0.18387
2 50 -0.12384
2 51 0.00581
2 52 -0.17585
2 53 -0.03672
2 54 -0.29843
2 55 0.02996
2 56 0.02924
2 57 -0.16888
2 58 -0.00532
2 59 -0.02856
2 60 -0.03079
2 61 0.04062
2 62 0.20728
2 63 0.02103
2 64 0.11637
2 65 -0.02708
2 66 0.09945
2 67 0.01701
2 68 -0.0905
2 69 0.19754
2 70 0.0507
2 71 0.13448
2 72 0.05395
2 73 0.02282
2 74 -0.00368
2 75 -0.21865
2 76 -0.10556
2 77 0.01208
2 78 0.06125
2 79 0.02996
2 80 -0.17389
2 81 -0.03921
2 82 -0.07941
2 83 -0.20373
2 84 0.07671
2 85 0.0663
2 86 0.0759
2 87 0.15537
2 88 -0.15093
2 89 -0.05655
2 90 -0.07378
2 91 -0.14928
2 92 0.00709
2 93 -0.09376
2 94 -0.07495
2 95 -0.00506
2 96 0.14531
2 97 -0.01846
2 98 0.06985
2 99 -0.08517
3 4 0.11229
3 5 0.10913
3 6 -0.08147
3 7 -0.10442
3 8 0.14643
3 9 -0.04544
3 10 0.01265
3 11 0.06366
3 12 0.10549
3 13 0.00222
3 14 -0.06417
3 15 -0.12638
3 16 -0.12874
3 17 0.07233
3 18 -0.14265
3 19 -0.15731
3 20 0.05769
3 21 0.15176
3 22 -0.14071
3 23 -0.09562
3 24 0.07709
3 25 -0.09109
3 26 0.07903
3 27 -0.10991
3 28 0.02146
3 29 -0.16596
3 30 -0.04048
3 31 0.07007
3 32 0.03773
3 33 0.02706
3 34 0.05367
3 35 0.05123
3 36 -0.07062
3 37 0.08359
3 38 0.12483
3 39 0.1165
3 40 -0.14683
3 41 -0.10159
3 42 -0.03795
3 43 0.07866
3 44 0.10482
3 45 0.00607
3 46 0.11392
3 47 0.09079
3 48 -0.02832
3 49 0.15647
3 50 -0.09304
3 51 0.07999
3 52 0.14725
3 53 -0.0937
3 54 0.04222
3 55 -0.11709
3 56 -0.03752
3 57 -0.18296
3 58 0.09586
3 59 0.05901
3 60 -0.0995
3 61 0.16027
3 62 0.02862
3 63 -0.03011
3 64 0.12637
3 65 -0.02102
3 66 -0.1623
3 67 0.0247
3 68 -0.14927
3 69 -0.0815
3 70 0.14044
3 71 0.0713
3 72 0.12748
3 73 0.04787
3 74 -0.09771
3 75 0.06394
3 76 -0.13349
3 77 0.16439
3 78 0.13579
3 79 -0.03693
3 80 -0.21401
3 81 0.20079
3 82 0.03095
3 83 -0.12223
3 84 0.06687
3 85 0.10267
3 86 -0.04874
3 87 -0.0475
3 88 -0.15893
3 89 0.12432
3 90 0.05551
3 91 -0.00166
3 92 -0.05064
3 93 0.0792
3 94 0.05726
3 95 -0.05082
3 96 0.03956
3 97 -0.00186
3 98 0.06332
3 99 -0.14631
4 5 -0.05053
4 6 -0.07666
4 7 -0.13025
4 8 -0.02212
4 9 -0.04345
4 10 0.07995
4 11 0.04837
4 12 0.2065
4 13 0.10644
4 14 0.14643
4 15 -0.13442
4 16 -0.00252
4 17 0.21644
4 18 0.10772
4 19 -0.24598
4 20 -0.11813
4 21 -0.1585
4 22 -0.07712
4 23 0.08302
4 24 -0.06728
4 25 0.14428
4 26 -0.01001
4 27 0.01883
4 28 -0.19463
4 29 -0.06482
4 30 0.00032
4 31 -0.00885
4 32 -0.05615
4 33 -0.0703
4 34 0.08473
4 35 -0.00648
4 36 -0.0604
4 37 0.01525
4 38 -0.15717
4 39 0.0345
4 40 -0.02112
4 41 0.06482
4 42 -0.01143
4 43 0.09351
4 44 -0.13125
4 45 0.06846
4 46 0.14516
4 47 0.02176
4 48 0.06413
4 49 0.16691
4 50 -0.12202
4 51 -0.11791
4 52 0.06265
4 53 -0.02871
4 54 -0.03352
4 55 0.05623
4 56 -0.27888
4 57 0.16515
4 58 0.17297
4 59 0.16738
4 60 0.04841
4 61 -0.09
4 62 0.10718
4 63 0.06357
4 64 0.00458
4 65 0.06314
4 66 0.15429
4 67 0.07915
4 68 -0.08307
4 69 0.0479
4 70 0.04483
4 71 -0.05797
4 72 -0.00756
4 73 -0.05571
4 74 0.07749
4 75 0.14069
4 76 -0.10387
4 77 0.10568
4 78 -0.0919
4 79 0.07571
4 80 0.13066
4 81 -0.16169
4 82 -0.13093
4 83 0.09191
4 84 -0.29981
4 85 -0.01935
4 86 0.08458
4 87 -0.22265
4 88 0.03279
4 89 -0.02293
4 90 -0.07512
4 91 0.14686
4 92 -0.09389
4 93 -0.06694
4 94 0.08515
4 95 -0.08364
4 96 0.24344
4 97 0.06089
4 98 -0.0029
4 99 -0.02234
5 6 0.02004
5 7 0.0127
5 8 -0.04383
5 9 -0.08364
5 10 -0.05421
5 11 -0.05472
5 12 0.12019
5 13 0.10363
5 14 0.14665
5 15 -0.15417
5 16 0.16936
5 17 0.1832
5 18 -0.04835
5 19 0.01473
5 20 0.04582
5 21 -0.03801
5 22 0.01522
5 23 0.08385
5 24 -0.07578
5 25 -0.14566
5 26 0.06414
5 27 -0.02908
5 28 -0.10204
5 29 0.08124
5 30 -0.00464
5 31 -0.044
5 32 0.00988
5 33 -0.15529
5 34 -0.05962
5 35 0.0452
5 36 -0.00213
5 37 -0.10624
5 38 -0.18906
5 39 0.07385
5 40 -0.02725
5 41 -0.02962
5 42 -0.07389
5 43 -0.15319
5 44 -0.08776
5 45 -0.14959
5 46 -0.07161
5 47 0.0494
5 48 0.00882
5 49 -0.05359
5 50 0.0445
5 51 -0.10128
5 52 0.10463
5 53 0.03327
5 54 -0.00613
5 55 0.08362
5 56 -0.05033
5 57 -0.03168
5 58 0.04796
5 59 -0.06041
5 60 -0.06568
5 61 0.10457
5 62 -0.04531
5 63 0.00553
5 64 -0.08844
5 65 -0.08334
5 66 -0.08389
5 67 0.10447
5 68 -0.07537
5 69 -0.00424
5 70 0.05541
5 71 0.07884
5 72 0.07063
5 73 0.2288
5 74 0.10912
5 75 0.09958
5 76 -0.01518
5 77 -0.18324
5 78 0.30499
5 79 0.01741
5 80 0.05156
5 81 -0.04755
5 82 -0.06891
5 83 0.13902
5 84 -0.00809
5 85 0.06289
5 86 0.06113
5 87 0.16295
5 88 0.13045
5 89 -0.01916
5 90 -0.03734
5 91 -0.02593
5 92 -0.04626
5 93 0.07094
5 94 -0.04358
5 95 -0.21348
5 96 -0.09339
5 97 -0.27953
5 98 0.03747
5 99 -0.01769
6 7 -0.18602
6 8 -0.11751
6 9 0.06078
6 10 0.1416
6 11 -0.04685
6 12 0.16895
6 13 0.12074
6 14 -0.09973
6 15 -0.02735
6 16 0.14469
6 17 -0.08173
6 18 -0.03559
6 19 0.02866
6 20 0.18456
6 21 -0.15417
6 22 0.13249
6 23 -0.02033
6 24 -0.04457
6 25 0.04324
6 26 -0.04567
6 27 -0.05332
6 28 0.01215
6 29 0.00911
6 30 -0.05239
6 31 -0.13544
6 32 0.18811
6 33 0.06664
6 34 -0.07001
6 35 0.09784
6 36 -0.12989
6 37 -0.10025
6 38 -0.07235
6 39 0.0453
6 40 0.07484
6 41 -0.05907
6 42 0.17173
6 43 0.07564
6 44 -0.0733
6 45 -0.03207
6 46 -0.16027
6 47 0.15435
6 48 0.12399
6 49 0.09902
6 50 -0.04842
6 51 0.03312
6 52 -0.03793
6 53 -0.01566
6 54 -0.06413
6 55 0.13842
6 56 -0.1098
6 57 -0.0909
6 58 -0.24184
6 59 -0.0224
6 60 0.08122
6 61 0.18001
6 62 0.28265
6 63 -0.00119
6 64 -0.11257
6 65 0.09006
6 66 -0.02874
6 67 0.0037
6 68 0.00553
6 69 0.00999
6 70 -0.13164
6 71 -0.09257
6 72 0.0235
6 73 0.00529
6 74 0.0776
6 75 0.08054
6 76 -0.16151
6 77 -0.05518
6 78 0.00094
6 79 0.05397
6 80 -0.00001
6 81 0.01047
6 82 0.09304
6 83 -0.05841
6 84 -0.0371
6 85 -0.00603
6 86 0.20632
6 87 -0.0229
6 88 -0.02437
6 89 -0.06692
6 90 -0.02628
6 91 -0.20982
6 92 -0.04421
6 93 -0.03217
6 94 0.01597
6 95 0.12259
6 96 0.0096
6 97 -0.14025
6 98 -0.13788
6 99 -0.06908
7 8 0.02807
7 9 0.02795
7 10 -0.01861
7 11 -0.18253
7 12 0.1513
7 13 -0.12677
7 14 0.03666
7 15 -0.10404
7 16 0.05526
7 17 -0.17808
7 18 -0.01809
7 19 -0.11694
7 20 -0.0589
7 21 0.09684
7 22 0.00802
7 23 -0.01243
7 24 0.10515
7 25 -0.02058
7 26 0.15405
7 27 0.02509
7 28 0.02446
7 29 -0.02731
7 30 0.06478
7 31 -0.08214
7 32 0.072
7 33 0.04906
7 34 0.18189
7 35 0.04349
7 36 0.05657
7 37 -0.05708
7 38 -0.06824
7 39 -0.02025
7 40 0.00776
7 41 0.0192
7 42 0.11092
7 43 0.18405
7 44 0.17973
7 45 0.10884
7 46 -0.05799
7 47 -0.13414
7 48 0.06639
7 49 0.00811
7 50 0.00742
7 51 0.02287
7 52 0.14388
7 53 0.12833
7 54 -0.05897
7 55 -0.09833
7 56 0.03349
7 57 -0.00566
7 58 0.28008
7 59 -0.13982
7 60 0.01151
7 61 0.08545
7 62 -0.1382
7 63 -0.0643
7 64 -0.09724
7 65 -0.01763
7 66 -0.20954
7 67 0.14302
7 68 -0.06886
7 69 -0.18049
7 70 -0.05493
7 71 -0.04601
7 72 0.08878
7 73 0.06279
7 74 -0.02383
7 75 -0.10009
7 76 0.07855
7 77 0.0274
7 78 0.04145
7 79 0.03196
7 80 0.01908
7 81 -0.04748
7 82 0.07853
7 83 -0.03087
7 84 0.01869
7 85 -0.15679
7 86 -0.00065
7 87 -0.18154
7 88 -0.06371
7 89 -0.02351
7 90 -0.11747
7 91 0.00954
7 92 -0.03793
7 93 -0.06276
7 94 -0.02009
7 95 -0.23
7 96 -0.00139
7 97 0.11023
7 98 -0.0052
7 99 0.25239
8 9 -0.04442
8 10 0.01216
8 11 0.05225
8 12 -0.0641
8 13 -0.09824
8 14 0.13161
8 15 0.10816
8 16 0.08674
8 17 -0.06497
8 18 0.09034
8 19 0.04655
8 20 -0.12489
8 21 -0.00552
8 22 0.04592
8 23 0.00463
8 24 0.0254
8 25 -0.07839
8 26 -0.0604
8 27 0.0563
8 28 -0.09497
8 29 0.10141
8 30 0.10727
8 31 -0.0582
8 32 -0.07246
8 33 -0.10063
8 34 -0.12562
8 35 0.0646
8 36 -0.1632
8 37 -0.00973
8 38 -0.04365
8 39 0.10391
8 40 0.03272
8 41 0.03286
8 42 -0.00391
8 43 0.0806
8 44 0.21064
8 45 0.03827
8 46 0.0437
8 47 -0.24496
8 48 0.00344
8 49 -0.04775
8 50 -0.18285
8 51 -0.04615
8 52 0.07211
8 53 -0.04916
8 54 -0.08851
8 55 0.04891
8 56 0.01476
8 57 -0.06331
8 58 0.02327
8 59 0.17817
8 60 0.0752
8 61 0.05688
8 62 -0.13378
8 63 -0.02796
8 64 -0.04372
8 65 0.01761
8 66 0.07267
8 67 -0.12834
8 68 0.10181
8 69 -0.14021
8 70 0.19365
8 71 -0.02986
8 72 0.13447
8 73 0.07179
8 74 0.0568
8 75 0.00012
8 76 -0.12106
8 77 -0.06968
8 78 -0.10751
8 79 -0.01681
8 80 0.0911
8 81 -0.02343
8 82 0.01228
8 83 -0.24358
8 84 0.03854
8 85 0.01958
8 86 0.06742
8 87 0.08694
8 88 -0.09983
8 89 -0.13027
8 90 -0.00912
8 91 -0.00896
8 92 0.13743
8 93 -0.14738
8 94 0.04299
8 95 -0.23214
8 96 0.11004
8 97 -0.00301
8 98 -0.12109
8 99 -0.03139
9 10 -0.02956
9 11 -0.0385
9 12 0.17686
9 13 -0.15968
9 14 -0.15015
9 15 -0.01019
9 16 -0.03284
9 17 0.02156
9 18 -0.06138
9 19 -0.01587
9 20 -0.12669
9 21 -0.33016
9 22 -0.03665
9 23 -0.12989
9 24 -0.01439
9 25 0.06489
9 26 -0.01676
9 27 0.03005
9 28 -0.09806
9 29 -0.04321
9 30 0.00593
9 31 -0.07084
9 32 0.0849
9 33 0.093
9 34 -0.05023
9 35 0.07077
9 36 -0.14942
9 37 -0.03592
9 38 -0.02954
9 39 -0.02098
9 40 0.11758
9 41 0.05638
9 42 0.05181
9 43 0.06194
9 44 0.07754
9 45 0.02187
9 46 -0.10705
9 47 0.01631
9 48 -0.17355
9 49 0.10508
9 50 0.02015
9 51 0.06012
9 52 0.02688
9 53 0.13585
9 54 0.08064
9 55 -0.0108
9 56 -0.02527
9 57 0.11278
9 58 0.01485
9 59 0.02705
9 60 0.11695
9 61 -0.05585
9 62 0.03028
9 63 0.03459
9 64 -0.21891
9 65 -0.09202
9 66 -0.03742
9 67 -0.18918
9 68 -0.12464
9 69 -0.04861
9 70 -0.00928
9 71 -0.14253
9 72 -0.04121
9 73 -0.12941
9 74 -0.07136
9 75 0.05428
9 76 -0.14674
9 77 -0.04158
9 78 0.12619
9 79 0.13567
9 80 0.09631
9 81 0.26707
9 82 0.12313
9 83 0.11064
9 84 -0.20107
9 85 0.1523
9 86 -0.00217
9 87 0.0631
9 88 -0.06327
9 89 -0.10242
9 90 0.20736
9 91 -0.09985
9 92 -0.03995
9 93 0.0801
9 94 0.06019
9 95 0.02571
9 96 -0.08742
9 97 0.1007
9 98 0.03189
9 99 0.21019
10 11 -0.01224
10 12 -0.06636
10 13 0.01064
10 14 -0.33666
10 15 -0.04485
10 16 0.07075
10 17 0.05184
10 18 -0.10366
10 19 0.05153
10 20 0.00129
10 21 0.08873
10 22 -0.13445
10 23 -0.09601
10 24 -0.10994
10 25 0.16779
10 26 0.18513
10 27 -0.04992
10 28 -0.144
10 29 0.05936
10 30 -0.09727
10 31 0.08308
10 32 -0.08034
10 33 -0.03625
10 34 -0.07623
10 35 0.01532
10 36 -0.03867
10 37 -0.06359
10 38 0.17789
10 39 0.04294
10 40 0.16305
10 41 0.12979
10 42 -0.06729
10 43 -0.03015
10 44 0.21832
10 45 0.0752
10 46 -0.01925
10 47 -0.05959
10 48 -0.0483
10 49 -0.12647
10 50 -0.10946
10 51 -0.00265
10 52 0.07009
10 53 -0.03629
10 54 -0.11623
10 55 0.07825
10 56 -0.04921
10 57 -0.05295
10 58 -0.0204
10 59 0.32
10 60 0.07408
10 61 -0.0916
10 62 0.0819
10 63 0.09636
10 64 -0.07032
10 65 0.05735
10 66 0.02422
10 67 0.06518
10 68 0.07612
10 69 -0.06643
10 70 0.04475
10 71 -0.04178
10 72 -0.06172
10 73 0.01334
10 74 0.06554
10 75 -0.04381
10 76 0.00537
10 77 -0.04913
10 78 0.03015
10 79 0.14271
10 80 0.23501
10 81 -0.00419
10 82 0.13055
10 83 0.0052
10 84 0.10049
10 85 0.04392
10 86 0.06049
10 87 -0.10324
10 88 0.14959
10 89 -0.0046
10 90 0.06119
10 91 -0.09149
10 92 -0.09392
10 93 -0.08989
10 94 0.03144
10 95 -0.27407
10 96 0.13441
10 97 0.02357
10 98 0.07585
10 99 -0.00697
11 12 -0.23112
11 13 0.14709
11 14 -0.07595
11 15 0.04412
11 16 -0.05213
11 17 0.02576
11 18 -0.10552
11 19 -0.11108
11 20 0.06404
11 21 -0.16658
11 22 0.01892
11 23 0.09278
11 24 -0.159
11 25 0.05406
11 26 -0.07869
11 27 0.06316
11 28 0.10534
11 29 0.01824
11 30 0.32319
11 31 0.03759
11 32 -0.01112
11 33 -0.02886
11 34 0.15223
11 35 0.0112
11 36 0.01681
11 37 0.16863
11 38 -0.04368
11 39 0.19841
11 40 -0.01063
11 41 0.04633
11 42 -0.05034
11 43 -0.03897
11 44 -0.01767
11 45 0.00013
11 46 -0.12305
11 47 0.0853
11 48 0.01111
11 49 0.15803
11 50 -0.04385
11 51 -0.0321
11 52 -0.13553
11 53 -0.01796
11 54 0.11848
11 55 0.06237
11 56 -0.06136
11 57 0.10151
11 58 0.10947
11 59 0.01118
11 60 0.14202
11 61 0.13765
11 62 0.06383
11 63 -0.10229
11 64 -0.01091
11 65 -0.03364
11 66 0.13723
11 67 -0.00471
11 68 0.03698
11 69 -0.01323
11 70 0.00318
11 71 0.01079
11 72 -0.33306
11 73 0.09181
11 74 -0.00201
11 75 -0.11065
11 76 -0.02201
11 77 -0.08261
11 78 0.12554
11 79 0.02037
11 80 0.09835
11 81 0.19159
11 82 0.06302
11 83 0.13585
11 84 -0.03291
11 85 -0.00445
11 86 -0.0348
11 87 -0.19545
11 88 0.10127
11 89 -0.01299
11 90 -0.16356
11 91 0.24546
11 92 0.1044
11 93 0.07979
11 94 0.0542
11 95 -0.09896
11 96 0.0246
11 97 0.02318
11 98 0.05364
11 99 -0.05539
12 13 0.01238
12 14 -0.06136
12 15 0.02724
12 16 0.23838
12 17 0.06929
12 18 0.03144
12 19 -0.05123
12 20 -0.08113
12 21 0.19807
12 22 0.06185
12 23 -0.05778
12 24 -0.0543
12 25 -0.01425
12 26 0.14719
12 27 0.125
12 28 0.03684
12 29 -0.05173
12 30 -0.06281
12 31 0.01435
12 32 -0.15468
12 33 0.04307
12 34 -0.25618
12 35 -0.0372
12 36 -0.04642
12 37 -0.02546
12 38 -0.06692
12 39 0.11517
12 40 -0.12494
12 41 -0.0876
12 42 0.27013
12 43 -0.09459
12 44 -0.07739
12 45 -0.16632
12 46 -0.21014
12 47 0.21058
12 48 -0.1268
12 49 0.09927
12 50 0.0296
12 51 -0.0392
12 52 0.0845
12 53 -0.07394
12 54 -0.02669
12 55 -0.03121
12 56 0.0675
12 57 -0.04064
12 58 0.09183
12 59 0.10502
12 60 0.09788
12 61 0.22631
12 62 -0.02529
12 63 -0.1188
12 64 0.14696
12 65 -0.07036
12 66 -0.04964
12 67 0.08561
12 68 -0.11037
12 69 -0.32133
12 70 0.08059
12 71 0.13061
12 72 -0.08145
12 73 -0.11708
12 74 0.06797
12 75 0.03535
12 76 0.05175
12 77 0.18614
12 78 -0.05999
12 79 0.01293
12 80 -0.00022
12 81 -0.17012
12 82 0.11032
12 83 -0.02665
12 84 0.02403
12 85 0.0272
12 86 -0.07081
12 87 -0.00265
12 88 0.14483
12 89 0.00831
12 90 0.01502
12 91 0.05341
12 92 -0.13407
12 93 0.32213
12 94 -0.14955
12 95 0.06353
12 96 0.07663
12 97 0.22291
12 98 -0.09602
12 99 -0.13006
13 14 0.10526
13 15 0.01254
13 16 0.05926
13 17 0.14135
13 18 0.0301
13 19 -0.0926
13 20 -0.14231
13 21 -0.03354
13 22 0.03641
13 23 0.00571
13 24 0.05595
13 25 -0.02192
13 26 0.09024
13 27 0.08784
13 28 0.08297
13 29 -0.01775
13 30 -0.22807
13 31 -0.01484
13 32 0.13136
13 33 -0.07241
13 34 0.03227
13 35 0.04286
13 36 -0.11517
13 37 -0.06631
13 38 -0.00496
13 39 0.00741
13 40 -0.12444
13 41 0.15475
13 42 0.07098
13 43 0.02677
13 44 -0.01921
13 45 0.11342
13 46 0.1217
13 47 0.16292
13 48 0.11384
13 49 -0.10359
13 50 -0.04425
13 51 0.09434
13 52 0.11631
13 53 0.01342
13 54 -0.18934
13 55 0.1165
13 56 -0.08207
13 57 -0.1154
13 58 0.03669
13 59 0.21245
13 60 -0.06866
13 61 -0.00672
13 62 -0.08672
13 63 -0.10723
13 64 0.03501
13 65 -0.04347
13 66 -0.2598
13 67 -0.13821
13 68 0.13935
13 69 -0.01892
13 70 -0.11351
13 71 0.03416
13 72 0.05798
13 73 -0.09706
13 74 -0.13984
13 75 -0.05604
13 76 0.1577
13 77 0.06374
13 78 0.0509
13 79 -0.00509
13 80 0.14754
13 81 0.05752
13 82 -0.08775
13 83 -0.00128
13 84 -0.03004
13 85 -0.08804
13 86 -0.01607
13 87 0.26258
13 88 -0.14917
13 89 -0.06889
13 90 0.02024
13 91 -0.15441
13 92 -0.13469
13 93 0.11372
13 94 -0.06416
13 95 -0.1131
13 96 -0.12889
13 97 0.17162
13 98 0.00483
13 99 -0.02867
14 15 -0.0141
14 16 0.06992
14 17 0.121
14 18 -0.08256
14 19 0.11279
14 20 -0.02415
14 21 0.03875
14 22 -0.08015
14 23 0.13407
14 24 -0.0453
14 25 0.00774
14 26 -0.12741
14 27 0.02282
14 28 -0.02642
14 29 0.02166
14 30 -0.15496
14 31 -0.12445
14 32 0.02592
14 33 0.0762
14 34 0.02553
14 35 -0.02581
14 36 -0.16873
14 37 0.07498
14 38 0.05925
14 39 -0.07325
14 40 -0.03811
14 41 0.07691
14 42 0.08103
14 43 0.00561
14 44 0.12626
14 45 0.00311
14 46 0.01146
14 47 -0.10696
14 48 0.11645
14 49 0.0459
14 50 -0.04674
14 51 0.02632
14 52 -0.15104
14 53 0.12443
14 54 -0.00795
14 55 0.02167
14 56 0.06891
14 57 -0.01327
14 58 -0.13367
14 59 0.03967
14 60 0.13993
14 61 -0.02785
14 62 -0.22616
14 63 -0.16863
14 64 0.08123
14 65 0.08723
14 66 0.03286
14 67 -0.21376
14 68 0.02621
14 69 0.07438
14 70 -0.02259
14 71 -0.0623
14 72 -0.03399
14 73 0.0379
14 74 0.06155
14 75 0.06272
14 76 -0.01923
14 77 -0.06206
14 78 -0.1035
14 79 0.04139
14 80 -0.01057
14 81 -0.0292
14 82 -0.00969
14 83 0.03787
14 84 -0.08868
14 85 0.10152
14 86 -0.01884
14 87 0.03097
14 88 0.09912
14 89 -0.0125
14 90 -0.08354
14 91 -0.02659
14 92 -0.00777
14 93 -0.01474
14 94 0.24886
14 95 0.09889
14 96 0.05785
14 97 -0.14879
14 98 -0.20548
14 99 0.11118
15 16 -0.03218
15 17 0.00768
15 18 0.00516
15 19 0.02232
15 20 -0.1604
15 21 -0.1393
15 22 -0.00214
15 23 0.24655
15 24 0.0279
15 25 0.12336
15 26 0.06791
15 27 0.09164
15 28 0.03857
15 29 0.11826
15 30 0.08414
15 31 0.11124
15 32 0.03688
15 33 -0.07369
15 34 0.09351
15 35 0.13409
15 36 -0.02865
15 37 0.07607
15 38 -0.12046
15 39 0.01196
15 40 0.05401
15 41 -0.08813
15 42 -0.02285
15 43 -0.08137
15 44 -0.18679
15 45 -0.04953
15 46 -0.00585
15 47 -0.09599
15 48 0.10676
15 49 -0.01755
15 50 0.02411
15 51 0.01623
15 52 0.1431
15 53 -0.04103
15 54 -0.18901
15 55 0.01095
15 56 0.44474
15 57 -0.02592
15 58 0.14034
15 59 0.11221
15 60 -0.00868
15 61 0.00567
15 62 0.02871
15 63 0.02914
15 64 0.04485
15 65 0.15311
15 66 0.01237
15 67 -0.01288
15 68 0.02918
15 69 0.01746
15 70 -0.02041
15 71 -0.00516
15 72 0.02102
15 73 -0.16658
15 74 0.00356
15 75 -0.00001
15 76 0.12617
15 77 0.05489
15 78 -0.03647
15 79 0.01137
15 80 -0.16102
15 81 -0.07101
15 82 -0.08859
15 83 0.04983
15 84 -0.05224
15 85 -0.12631
15 86 0.14801
15 87 -0.01532
15 88 -0.1376
15 89 -0.02734
15 90 -0.01376
15 91 -0.01072
15 92 -0.38627
15 93 -0.15161
15 94 0.02142
15 95 -0.27747
15 96 -0.01925
15 97 0.05375
15 98 0.09554
15 99 0.04185
16 17 -0.03902
16 18 -0.01108
16 19 -0.04113
16 20 0.10761
16 21 0.05856
16 22 0.01815
16 23 0.01052
16 24 -0.05351
16 25 0.03642
16 26 -0.02787
16 27 -0.09375
16 28 0.16068
16 29 0.02687
16 30 0.15417
16 31 -0.1224
16 32 0.11923
16 33 0.06242
16 34 0.05058
16 35 0.14366
16 36 0.18404
16 37 0.03112
16 38 -0.08676
16 39 0.01786
16 40 0.06604
16 41 -0.20117
16 42 0.10594
16 43 0.13973
16 44 -0.00826
16 45 0.0221
16 46 0.02724
16 47 -0.02486
16 48 0.08341
16 49 -0.07488
16 50 0.05877
16 51 0.05441
16 52 -0.01235
16 53 -0.07564
16 54 0.07109
16 55 0.00047
16 56 -0.04504
16 57 -0.00681
16 58 -0.02034
16 59 -0.09458
16 60 0.08601
16 61 0.0751
16 62 0.14819
16 63 -0.06694
16 64 -0.02256
16 65 0.10494
16 66 -0.08501
16 67 -0.00794
16 68 -0.05735
16 69 -0.05537
16 70 0.00539
16 71 -0.10566
16 72 0.1225
16 73 0.01038
16 74 -0.03664
16 75 0.01157
16 76 -0.02455
16 77 -0.07689
16 78 0.0736
16 79 -0.05859
16 80 -0.09248
16 81 0.07448
16 82 -0.1478
16 83 0.01025
16 84 -0.08638
16 85 -0.00808
16 86 0.02813
16 87 0.04416
16 88 0.07159
16 89 0.03301
16 90 0.03307
16 91 -0.06214
16 92 0.07557
16 93 0.0423
16 94 0.18274
16 95 0.06346
16 96 -0.04138
16 97 0.00794
16 98 0.08111
16 99 -0.08093
17 18 -0.01938
17 19 -0.03716
17 20 0.05028
17 21 0.03068
17 22 -0.05074
17 23 -0.01431
17 24 -0.05316
17 25 0.17593
17 26 0.12069
17 27 0.1736
17 28 0.03071
17 29 -0.02205
17 30 -0.11788
17 31 -0.11822
17 32 0.08054
17 33 -0.15232
17 34 0.00444
17 35 0.03914
17 36 -0.22181
17 37 -0.02392
17 38 -0.02778
17 39 0.0049
17 40 0.06874
17 41 0.05072
17 42 0.16696
17 43 0.08596
17 44 -0.08422
17 45 -0.05022
17 46 0.04268
17 47 -0.20048
17 48 0.06839
17 49 0.12313
17 50 -0.0444
17 51 0.1438
17 52 -0.08983
17 53 -0.08546
17 54 0.18202
17 55 0.07708
17 56 -0.02665
17 57 -0.04528
17 58 -0.12236
17 59 0.0678
17 60 -0.01766
17 61 -0.13377
17 62 -0.10603
17 63 0.06139
17 64 -0.04735
17 65 -0.06655
17 66 0.04461
17 67 -0.04266
17 68 -0.05351
17 69 0.07366
17 70 -0.09925
17 71 -0.03033
17 72 -0.19022
17 73 0.02081
17 74 0.0726
17 75 -0.0821
17 76 0.03183
17 77 0.11384
17 78 -0.06149
17 79 -0.1162
17 80 -0.04095
17 81 -0.00326
17 82 0.01445
17 83 -0.1424
17 84 -0.04973
17 85 -0.10388
17 86 0.09656
17 87 0.07971
17 88 0.00898
17 89 -0.03358
17 90 0.10314
17 91 0.01843
17 92 -0.1276
17 93 -0.11339
17 94 0.00686
17 95 0.08613
17 96 0.01673
17 97 0.1322
17 98 0.07611
17 99 -0.137
18 19 -0.00899
18 20 0.00853
18 21 0.16587
18 22 0.08666
18 23 0.03683
18 24 0.08026
18 25 -0.08764
18 26 0.01271
18 27 0.00582
18 28 -0.0919
18 29 0.05826
18 30 -0.12032
18 31 0.08847
18 32 -0.1563
18 33 0.08933
18 34 -0.08907
18 35 0.23513
18 36 -0.10052
18 37 0.03653
18 38 0.05395
18 39 -0.1404
18 40 -0.09958
18 41 0.14244
18 42 -0.14614
18 43 0.08066
18 44 0.01827
18 45 0.03033
18 46 0.03387
18 47 -0.07178
18 48 0.19473
18 49 -0.03641
18 50 -0.16506
18 51 0.25953
18 52 0.097
18 53 -0.13977
18 54 -0.0985
18 55 -0.01646
18 56 -0.14646
18 57 0.06579
18 58 0.08467
18 59 0.06488
18 60 0.26406
18 61 0.15646
18 62 0.08304
18 63 -0.01121
18 64 0.02282
18 65 0.00329
18 66 0.04009
18 67 0.07299
18 68 -0.12935
18 69 -0.05976
18 70 0.06243
18 71 0.16815
18 72 -0.11695
18 73 0.16628
18 74 0.09172
18 75 -0.08281
18 76 0.04899
18 77 -0.02568
18 78 -0.01944
18 79 -0.12296
18 80 -0.05906
18 81 -0.11411
18 82 -0.08593
18 83 -0.07976
18 84 -0.00304
18 85 -0.16817
18 86 0.01091
18 87 0.02279
18 88 -0.00145
18 89 -0.05776
18 90 -0.0081
18 91 0.15965
18 92 -0.00347
18 93 -0.03887
18 94 0.08101
18 95 0.10697
18 96 -0.06091
18 97 0.0539
18 98 -0.10562
18 99 -0.01792
19 20 0.21277
19 21 0.08427
19 22 -0.06982
19 23 0.14366
19 24 0.06803
19 25 -0.0333
19 26 0.08951
19 27 -0.03694
19 28 -0.13608
19 29 0.09501
19 30 -0.1066
19 31 0.12359
19 32 -0.06553
19 33 0.02122
19 34 0.03151
19 35 0.05471
19 36 0.05641
19 37 -0.08993
19 38 -0.096
19 39 0.0264
19 40 -0.08724
19 41 -0.01728
19 42 -0.14116
19 43 -0.02851
19 44 -0.10369
19 45 -0.08519
19 46 0.02816
19 47 -0.25831
19 48 -0.12065
19 49 0.10752
19 50 0.08517
19 51 0.01363
19 52 0.06221
19 53 -0.2469
19 54 0.05632
19 55 -0.09699
19 56 -0.21715
19 57 -0.1072
19 58 0.04152
19 59 -0.04968
19 60 0.0128
19 61 -0.13023
19 62 -0.01663
19 63 0.07302
19 64 0.04167
19 65 0.02265
19 66 0.10073
19 67 -0.11127
19 68 -0.02309
19 69 0.0639
19 70 0.12005
19 71 0.04605
19 72 0.06125
19 73 0.02396
19 74 0.22038
19 75 0.234
19 76 -0.03639
19 77 -0.17155
19 78 -0.18552
19 79 -0.1097
19 80 -0.14887
19 81 -0.04619
19 82 -0.08866
19 83 0.03507
19 84 -0.15284
19 85 0.08263
19 86 0.01098
19 87 -0.09042
19 88 0.00862
19 89 0.08973
19 90 0.10795
19 91 0.02758
19 92 0.09452
19 93 -0.0285
19 94 0.08149
19 95 0.22313
19 96 0.10247
19 97 -0.01219
19 98 0.04964
19 99 0.13136
20 21 0.00005
20 22 -0.03025
20 23 -0.03549
20 24 -0.00835
20 25 0.10043
20 26 0.1169
20 27 -0.06737
20 28 -0.08398
20 29 -0.02217
20 30 -0.30222
20 31 -0.03824
20 32 -0.05683
20 33 -0.04442
20 34 0.03102
20 35 0.19512
20 36 0.06287
20 37 -0.13909
20 38 0.04379
20 39 -0.02427
20 40 0.06536
20 41 -0.02282
20 42 -0.04016
20 43 0.22153
20 44 -0.08091
20 45 -0.07202
20 46 -0.01471
20 47 0.08238
20 48 -0.10397
20 49 -0.09002
20 50 -0.13859
20 51 -0.18701
20 52 -0.0529
20 53 0.2741
20 54 -0.05966
20 55 -0.04709
20 56 -0.09905
20 57 -0.01886
20 58 0.04844
20 59 -0.10813
20 60 0.09294
20 61 -0.09546
20 62 0.04285
20 63 -0.00812
20 64 0.11214
20 65 0.00092
20 66 -0.03703
20 67 -0.09398
20 68 -0.13631
20 69 0.07542
20 70 -0.12148
20 71 0.05763
20 72 -0.07657
20 73 -0.04731
20 74 0.07311
20 75 0.00949
20 76 0.07915
20 77 0.07853
20 78 0.0411
20 79 0.0976
20 80 -0.17753
20 81 0.02418
20 82 0.16278
20 83 0.01534
20 84 0.03748
20 85 -0.1677
20 86 -0.12335
20 87 0.15061
20 88 0.06808
20 89 -0.00951
20 90 -0.06885
20 91 0.18607
20 92 0.0386
20 93 0.14593
20 94 0.05996
20 95 -0.07535
20 96 0.09101
20 97 -0.03308
20 98 -0.04041
20 99 -0.18599
21 22 0.10396
21 23 -0.18169
21 24 0.12564
21 25 0.14668
21 26 -0.22468
21 27 -0.08523
21 28 -0.03754
21 29 0.2287
21 30 -0.0408
21 31 0.07302
21 32 0.01766
21 33 0.16419
21 34 0.02246
21 35 0.04472
21 36 0.18058
21 37 -0.18214
21 38 -0.14584
21 39 -0.18951
21 40 -0.10894
21 41 0.1356
21 42 0.00044
21 43 -0.24387
21 44 -0.05975
21 45 -0.2118
21 46 0.06181
21 47 0.13794
21 48 0.08699
21 49 -0.08467
21 50 -0.03349
21 51 0.08844
21 52 0.16716
21 53 -0.13951
21 54 0.01942
21 55 -0.03272
21 56 0.03926
21 57 0.01246
21 58 0.09473
21 59 -0.11357
21 60 -0.0196
21 61 -0.14082
21 62 0.0271
21 63 0.10646
21 64 -0.07832
21 65 0.05515
21 66 -0.17406
21 67 0.1132
21 68 0.03437
21 69 0.04469
21 70 -0.12331
21 71 0.03634
21 72 -0.10777
21 73 -0.14985
21 74 -0.00519
21 75 -0.01985
21 76 0.17693
21 77 -0.11085
21 78 -0.08854
21 79 -0.06841
21 80 0.05119
21 81 0.12108
21 82 -0.04692
21 83 0.0029
21 84 0.08721
21 85 -0.09576
21 86 -0.14971
21 87 0.20054
21 88 -0.01009
21 89 0.13083
21 90 0.00364
21 91 -0.20546
21 92 0.15709
21 93 0.01487
21 94 0.0414
21 95 -0.04838
21 96 0.00513
21 97 0.02798
21 98 -0.08208
21 99 -0.33166
22 23 -0.11823
22 24 0.22181
22 25 0.0838
22 26 -0.01224
22 27 -0.19972
22 28 0.08179
22 29 0.09624
22 30 0.06486
22 31 0.0978
22 32 0.03799
22 33 -0.08257
22 34 0.11619
22 35 -0.06075
22 36 0.02694
22 37 -0.15125
22 38 -0.08322
22 39 -0.02681
22 40 -0.14152
22 41 -0.03403
22 42 -0.16895
22 43 -0.04158
22 44 -0.08153
22 45 -0.0078
22 46 -0.1393
22 47 -0.07106
22 48 0.05824
22 49 -0.09435
22 50 -0.02562
22 51 -0.02297
22 52 -0.07077
22 53 0.02241
22 54 0.10737
22 55 -0.16303
22 56 0.01787
22 57 0.12675
22 58 -0.02072
22 59 0.01894
22 60 -0.05575
22 61 -0.01061
22 62 -0.17628
22 63 0.08495
22 64 -0.13786
22 65 -0.19427
22 66 0.05662
22 67 0.04725
22 68 -0.11879
22 69 -0.077
22 70 0.12453
22 71 0.02583
22 72 0.19765
22 73 -0.23013
22 74 -0.24474
22 75 -0.04033
22 76 -0.02791
22 77 0.10437
22 78 0.12318
22 79 -0.07335
22 80 0.0979
22 81 0.03083
22 82 -0.00122
22 83 0.14171
22 84 -0.09485
22 85 -0.11347
22 86 -0.01604
22 87 -0.01913
22 88 0.13236
22 89 -0.08599
22 90 0.103
22 91 0.05504
22 92 -0.00746
22 93 -0.13112
22 94 -0.2385
22 95 0.10412
22 96 0.2091
22 97 -0.03633
22 98 0.11453
22 99 0.10666
23 24 -0.06541
23 25 0.04554
23 26 0.0413
23 27 -0.06715
23 28 0.09175
23 29 0.03122
23 30 -0.02657
23 31 -0.13708
23 32 -0.0722
23 33 -0.16827
23 34 0.01504
23 35 0.12969
23 36 0.00158
23 37 0.00268
23 38 0.17869
23 39 -0.08998
23 40 -0.0836
23 41 -0.13427
23 42 -0.11112
23 43 0.08222
23 44 -0.12606
23 45 -0.03697
23 46 0.11566
23 47 0.04817
23 48 0.08823
23 49 0.1289
23 50 0.24627
23 51 -0.21251
23 52 -0.01124
23 53 -0.02016
23 54 0.03562
23 55 -0.08651
23 56 -0.09486
23 57 0.06473
23 58 -0.05037
23 59 0.00819
23 60 -0.00101
23 61 0.00792
23 62 -0.13292
23 63 0.11078
23 64 -0.0036
23 65 0.07076
23 66 0.08645
23 67 -0.13274
23 68 0.00392
23 69 0.18968
23 70 -0.16472
23 71 0.05453
23 72 -0.0029
23 73 -0.1068
23 74 -0.03011
23 75 -0.11403
23 76 -0.10074
23 77 0.07225
23 78 0.04264
23 79 -0.12637
23 80 0.01526
23 81 -0.08451
23 82 -0.06392
23 83 0.09909
23 84 -0.10234
23 85 0.01437
23 86 0.20514
23 87 0.04739
23 88 0.03603
23 89 -0.05985
23 90 0.04657
23 91 -0.23297
23 92 0.0576
23 93 0.06533
23 94 -0.06738
23 95 0.04604
23 96 -0.01745
23 97 -0.14997
23 98 0.08064
23 99 0.0789
24 25 -0.00644
24 26 -0.05791
24 27 0.17434
24 28 -0.07128
24 29 0.08239
24 30 -0.1236
24 31 0.23542
24 32 0.05563
24 33 0.0697
24 34 0.06347
24 35 0.08817
24 36 -0.15044
24 37 -0.00514
24 38 0.00824
24 39 0.04144
24 40 0.11367
24 41 0.19908
24 42 -0.06715
24 43 -0.07851
24 44 0.13226
24 45 0.01504
24 46 0.01856
24 47 0.03653
24 48 0.0309
24 49 0.12832
24 50 0.02308
24 51 -0.17768
24 52 0.0521
24 53 0.12419
24 54 0.05713
24 55 0.02233
24 56 -0.04545
24 57 -0.02507
24 58 0.00441
24 59 -0.23001
24 60 0.00834
24 61 -0.06846
24 62 -0.07355
24 63 -0.00184
24 64 0.02787
24 65 0.07171
24 66 0.11153
24 67 0.14465
24 68 0.00505
24 69 -0.10117
24 70 0.05941
24 71 0.06779
24 72 -0.10061
24 73 -0.13431
24 74 0.00896
24 75 -0.01232
24 76 0.11158
24 77 -0.07459
24 78 -0.03373
24 79 0.04042
24 80 -0.21355
24 81 -0.13271
24 82 -0.00731
24 83 0.02317
24 84 -0.10471
24 85 0.01477
24 86 -0.00855
24 87 0.06143
24 88 -0.07528
24 89 0.13331
24 90 0.0175
24 91 0.1001
24 92 -0.04523
24 93 -0.02729
24 94 -0.08708
24 95 0.14961
24 96 0.1267
24 97 -0.03021
24 98 0.06093
24 99 -0.03468
25 26 -0.12419
25 27 -0.09687
25 28 -0.25043
25 29 0.07641
25 30 -0.091
25 31 -0.03779
25 32 0.03746
25 33 -0.0344
25 34 0.15772
25 35 0.093
25 36 0.18198
25 37 -0.25549
25 38 0.07742
25 39 -0.10199
25 40 0.02653
25 41 0.10248
25 42 0.07055
25 43 0.08269
25 44 -0.14229
25 45 -0.06963
25 46 0.12804
25 47 0.29348
25 48 -0.1417
25 49 -0.11431
25 50 -0.29122
25 51 -0.11631
25 52 0.00301
25 53 0.21074
25 54 0.12863
25 55 -0.01803
25 56 -0.07163
25 57 -0.08891
25 58 -0.03947
25 59 0.0959
25 60 0.07725
25 61 0.04196
25 62 -0.18442
25 63 0.0513
25 64 -0.1084
25 65 -0.01379
25 66 -0.0858
25 67 0.02531
25 68 -0.03036
25 69 -0.33446
25 70 0.06537
25 71 0.1004
25 72 0.19409
25 73 -0.02604
25 74 0.25816
25 75 0.06144
25 76 -0.15011
25 77 0.24151
25 78 0.07038
25 79 0.15971
25 80 0.17954
25 81 0.03706
25 82 0.14375
25 83 0.11874
25 84 -0.13208
25 85 -0.10147
25 86 0.08031
25 87 -0.08193
25 88 -0.02974
25 89 -0.02455
25 90 0.00455
25 91 -0.09982
25 92 -0.09399
25 93 0.03987
25 94 -0.03199
25 95 0.02864
25 96 -0.10018
25 97 0.01215
25 98 0.04572
25 99 -0.21437
26 27 -0.01256
26 28 0.00535
26 29 -0.02751
26 30 0.11162
26 31 -0.15024
26 32 -0.09855
26 33 -0.07282
26 34 0.14422
26 35 -0.02817
26 36 0.03504
26 37 0.09613
26 38 0.09265
26 39 -0.03761
26 40 0.08159
26 41 0.06128
26 42 0.05554
26 43 -0.08506
26 44 -0.03584
26 45 -0.07563
26 46 0.08051
26 47 -0.00059
26 48 -0.06139
26 49 -0.03213
26 50 -0.01716
26 51 -0.02382
26 52 -0.08802
26 53 0.0746
26 54 -0.01295
26 55 -0.10947
26 56 -0.06946
26 57 -0.06679
26 58 -0.02062
26 59 0.0785
26 60 0.11436
26 61 -0.08227
26 62 -0.09311
26 63 0.08998
26 64 0.09611
26 65 0.05507
26 66 -0.09344
26 67 -0.04157
26 68 -0.00044
26 69 0.02872
26 70 -0.12519
26 71 -0.01276
26 72 0.04473
26 73 0.03241
26 74 -0.0191
26 75 -0.06691
26 76 0.05782
26 77 -0.09742
26 78 -0.04254
26 79 -0.12665
26 80 0.02425
26 81 -0.12319
26 82 -0.02274
26 83 -0.0247
26 84 0.04611
26 85 -0.04571
26 86 0.08587
26 87 0.04102
26 88 0.02911
26 89 0.14632
26 90 -0.04336
26 91 -0.14647
26 92 -0.0879
26 93 0.01438
26 94 0.10337
26 95 0.03266
26 96 0.09053
26 97 0.07585
26 98 0.14591
26 99 0.1141
27 28 0.00365
27 29 -0.05101
27 30 0.06441
27 31 -0.07509
27 32 -0.05213
27 33 -0.25994
27 34 0.1871
27 35 0.04252
27 36 -0.04957
27 37 0.05337
27 38 0.05825
27 39 0.18117
27 40 -0.10787
27 41 -0.11324
27 42 -0.02932
27 43 0.03892
27 44 0.10663
27 45 0.03443
27 46 0.04272
27 47 -0.02289
27 48 -0.15911
27 49 0.02354
27 50 -0.15965
27 51 -0.05837
27 52 0.13169
27 53 0.06679
27 54 -0.0842
27 55 0.10792
27 56 0.05949
27 57 -0.08054
27 58 0.10907
27 59 -0.0564
27 60 -0.0852
27 61 0.16813
27 62 -0.06459
27 63 -0.14149
27 64 -0.24305
27 65 -0.01102
27 66 0.0909
27 67 0.06194
27 68 0.00173
27 69 0.0119
27 70 -0.0291
27 71 0.02995
27 72 0.14928
27 73 -0.07246
27 74 0.05798
27 75 -0.01022
27 76 0.05
27 77 0.20276
27 78 0.09007
27 79 0.09598
27 80 0.14026
27 81 -0.04509
27 82 0.05577
27 83 0.00494
27 84 0.02542
27 85 0.10744
27 86 0.00967
27 87 0.06861
27 88 -0.03152
27 89 0.13387
27 90 -0.05887
27 91 0.04556
27 92 0.04077
27 93 0.08974
27 94 0.00185
27 95 -0.08058
27 96 0.04978
27 97 0.07209
27 98 -0.06035
27 99 0.00243
28 29 0.10391
28 30 0.12786
28 31 0.03263
28 32 0.04214
28 33 0.14081
28 34 -0.07885
28 35 -0.04653
28 36 -0.21121
28 37 -0.00499
28 38 0.14448
28 39 -0.05533
28 40 -0.09491
28 41 0.10846
28 42 -0.12319
28 43 -0.05178
28 44 -0.04392
28 45 -0.03082
28 46 0.00598
28 47 0.05306
28 48 0.08924
28 49 -0.08242
28 50 0.22339
28 51 -0.11906
28 52 -0.16943
28 53 -0.03783
28 54 0.03848
28 55 -0.1025
28 56 0.02228
28 57 -0.07675
28 58 -0.01857
28 59 -0.00665
28 60 -0.09991
28 61 0.20711
28 62 0.22314
28 63 -0.10583
28 64 0.01976
28 65 -0.02842
28 66 -0.12858
28 67 0.02434
28 68 0.02762
28 69 -0.05625
28 70 -0.02068
28 71 0.05516
28 72 0.00735
28 73 0.17232
28 74 0.21288
28 75 -0.07236
28 76 -0.05872
28 77 -0.06521
28 78 0.05206
28 79 -0.07767
28 80 -0.18052
28 81 0.152
28 82 -0.06417
28 83 0.13411
28 84 -0.16826
28 85 0.01361
28 86 0.00827
28 87 0.13663
28 88 -0.0576
28 89 0.1083
28 90 -0.1212
28 91 0.04137
28 92 -0.14989
28 93 -0.01604
28 94 -0.0259
28 95 -0.18226
28 96 -0.03025
28 97 0.00475
28 98 0.12489
28 99 0.06838
29 30 -0.13077
29 31 -0.07553
29 32 -0.12736
29 33 -0.0636
29 34 -0.19854
29 35 -0.10483
29 36 -0.16047
29 37 -0.03227
29 38 0.14141
29 39 -0.00135
29 40 -0.00159
29 41 0.04008
29 42 -0.1609
29 43 -0.01964
29 44 -0.11065
29 45 0.06251
29 46 0.0033
29 47 0.01585
29 48 -0.04662
29 49 -0.02978
29 50 0.02764
29 51 -0.21154
29 52 0.01411
29 53 -0.12964
29 54 0.18147
29 55 0.03883
29 56 -0.04639
29 57 0.09466
29 58 0.04235
29 59 -0.07481
29 60 0.03212
29 61 -0.12327
29 62 0.07526
29 63 0.02106
29 64 -0.1069
29 65 0.01897
29 66 0.04585
29 67 -0.09405
29 68 0.03584
29 69 0.0753
29 70 -0.00936
29 71 0.16742
29 72 -0.17201
29 73 -0.03837
29 74 0.07218
29 75 -0.00666
29 76 0.09464
29 77 0.22296
29 78 0.09424
29 79 0.16595
29 80 0.06465
29 81 0.05452
29 82 -0.04175
29 83 -0.01983
29 84 0.11016
29 85 -0.08542
29 86 0.11401
29 87 -0.08993
29 88 0.14827
29 89 0.07175
29 90 0.10706
29 91 -0.00337
29 92 0.11073
29 93 0.01264
29 94 0.03638
29 95 0.1853
29 96 0.18695
29 97 -0.02142
29 98 0.09482
29 99 0.06915
30 31 0.00608
30 32 0.06042
30 33 0.07109
30 34 0.13878
30 35 -0.07594
30 36 -0.02252
30 37 -0.09667
30 38 0.18986
30 39 0.04836
30 40 0.16397
30 41 0.13413
30 42 -0.21712
30 43 -0.22316
30 44 -0.06053
30 45 0.0014
30 46 0.01806
30 47 0.11015
30 48 0.00235
30 49 0.00956
30 50 -0.08739
30 51 -0.02916
30 52 0.07434
30 53 -0.02633
30 54 0.1427
30 55 0.00341
30 56 -0.04922
30 57 0.16965
30 58 -0.04696
30 59 0.10042
30 60 -0.01251
30 61 -0.12009
30 62 0.01858
30 63 -0.08506
30 64 -0.10802
30 65 0.10645
30 66 0.2033
30 67 -0.0447
30 68 0.0483
30 69 -0.17839
30 70 -0.01729
30 71 -0.05428
30 72 -0.17714
30 73 -0.07435
30 74 -0.01394
30 75 0.01025
30 76 -0.15904
30 77 -0.05598
30 78 -0.0784
30 79 0.05758
30 80 -0.06664
30 81 0.03614
30 82 0.12548
30 83 -0.0166
30 84 0.02202
30 85 0.13293
30 86 0.14972
30 87 0.30391
30 88 -0.02439
30 89 -0.12678
30 90 0.09893
30 91 0.07327
30 92 0.09248
30 93 0.06118
30 94 0.0745
30 95 -0.14529
30 96 -0.08775
30 97 0.1014
30 98 0.08711
30 99 -0.04503
31 32 0.01997
31 33 -0.08961
31 34 0.04807
31 35 0.04423
31 36 0.01971
31 37 0.1251
31 38 0.08919
31 39 -0.04727
31 40 -0.05729
31 41 0.00481
31 42 -0.11622
31 43 -0.04861
31 44 -0.05043
31 45 -0.0026
31 46 -0.1115
31 47 0.0162
31 48 0.00417
31 49 -0.14125
31 50 -0.09012
31 51 -0.17971
31 52 0.07483
31 53 0.05388
31 54 0.00795
31 55 -0.10007
31 56 -0.03969
31 57 -0.09248
31 58 0.03465
31 59 0.05713
31 60 -0.09736
31 61 -0.04045
31 62 -0.15724
31 63 -0.20958
31 64 -0.03917
31 65 0.11421
31 66 -0.05619
31 67 0.00589
31 68 0.00916
31 69 0.2437
31 70 -0.16569
31 71 -0.03982
31 72 0.22254
31 73 -0.04659
31 74 -0.00471
31 75 0.09419
31 76 -0.0037
31 77 0.16967
31 78 -0.20936
31 79 0.11101
31 80 -0.03581
31 81 -0.07987
31 82 -0.02244
31 83 -0.20535
31 84 0.08795
31 85 -0.03261
31 86 -0.05672
31 87 -0.16714
31 88 0.01007
31 89 0.07744
31 90 -0.12406
31 91 0.09311
31 92 -0.01649
31 93 -0.02357
31 94 0.0224
31 95 0.08134
31 96 0.17119
31 97 -0.1215
31 98 -0.05313
31 99 -0.03305
32 33 0.12409
32 34 -0.01164
32 35 -0.16291
32 36 0.01352
32 37 -0.05693
32 38 -0.07431
32 39 -0.12595
32 40 0.02523
32 41 -0.11364
32 42 -0.07835
32 43 -0.06063
32 44 -0.10603
32 45 -0.13287
32 46 0.05251
32 47 -0.02272
32 48 0.00697
32 49 -0.15488
32 50 -0.13843
32 51 0.00492
32 52 -0.02146
32 53 -0.18261
32 54 0.01253
32 55 -0.0565
32 56 -0.27269
32 57 -0.05807
32 58 0.0414
32 59 0.0976
32 60 0.01017
32 61 -0.10016
32 62 -0.06337
32 63 0.04675
32 64 0.01493
32 65 0.03265
32 66 0.13062
32 67 0.04702
32 68 -0.06043
32 69 -0.08292
32 70 -0.00945
32 71 0.01865
32 72 -0.0284
32 73 0.07089
32 74 0.0043
32 75 -0.13946
32 76 -0.19262
32 77 -0.14431
32 78 -0.06893
32 79 -0.04983
32 80 0.06959
32 81 0.12708
32 82 0.01917
32 83 0.00714
32 84 0.0982
32 85 -0.00648
32 86 0.07294
32 87 0.03686
32 88 0.00827
32 89 -0.26004
32 90 0.07636
32 91 -0.01101
32 92 -0.07442
32 93 -0.08908
32 94 0.03421
32 95 -0.03039
32 96 -0.09746
32 97 0.10526
32 98 0.02748
32 99 -0.12042
33 34 -0.03207
33 35 -0.07095
33 36 0.08632
33 37 0.33509
33 38 0.01117
33 39 0.02256
33 40 0.06923
33 41 -0.09756
33 42 0.14049
33 43 0.09892
33 44 -0.00001
33 45 -0.13223
33 46 0.14277
33 47 0.07122
33 48 -0.0589
33 49 0.01758
33 50 0.05091
33 51 -0.15965
33 52 0.0012
33 53 -0.03271
33 54 -0.19171
33 55 0.09701
33 56 0.04328
33 57 -0.02804
33 58 -0.18261
33 59 0.01734
33 60 0.12886
33 61 0.13638
33 62 0.21793
33 63 -0.00822
33 64 0.12122
33 65 -0.05187
33 66 0.0446
33 67 0.05165
33 68 0.04869
33 69 -0.05637
33 70 0.10413
33 71 0.02773
33 72 -0.03034
33 73 -0.01235
33 74 0.0511
33 75 -0.06507
33 76 0.04529
33 77 -0.0566
33 78 -0.06648
33 79 -0.05651
33 80 -0.15716
33 81 -0.03755
33 82 0.08404
33 83 0.00599
33 84 -0.10199
33 85 0.09998
33 86 0.04481
33 87 -0.05257
33 88 0.09435
33 89 -0.1583
33 90 0.10212
33 91 0.00205
33 92 -0.00985
33 93 -0.01275
33 94 -0.0708
33 95 -0.11246
33 96 -0.16962
33 97 -0.15503
33 98 0.17138
33 99 0.16204
34 35 0.04609
34 36 0.10289
34 37 -0.00213
34 38 -0.18501
34 39 -0.09769
34 40 0.02892
34 41 -0.19736
34 42 -0.05793
34 43 0.11779
34 44 0.13661
34 45 -0.02124
34 46 -0.11743
34 47 -0.13937
34 48 -0.03518
34 49 0.03375
34 50 -0.03743
34 51 -0.08238
34 52 0.03038
34 53 -0.02861
34 54 -0.18182
34 55 -0.13897
34 56 0.20486
34 57 0.103
34 58 0.14408
34 59 -0.00976
34 60 -0.02648
34 61 -0.04428
34 62 0.20779
34 63 0.20239
34 64 0.05262
34 65 -0.00232
34 66 0.02096
34 67 -0.08891
34 68 0.08971
34 69 0.01831
34 70 0.14991
34 71 -0.1891
34 72 0.08797
34 73 0.0189
34 74 0.07503
34 75 0.18711
34 76 0.12331
34 77 -0.14106
34 78 -0.03125
34 79 -0.01022
34 80 0.02942
34 81 0.0763
34 82 0.13511
34 83 -0.01929
34 84 -0.02844
34 85 0.06446
34 86 -0.04595
34 87 0.10636
34 88 -0.04438
34 89 0.04224
34 90 -0.29958
34 91 0.0072
34 92 -0.07722
34 93 -0.02516
34 94 -0.17795
34 95 0.043
34 96 -0.05919
34 97 0.01832
34 98 0.04785
34 99 -0.06031
35 36 -0.0148
35 37 -0.04699
35 38 -0.02128
35 39 -0.05175
35 40 0.08156
35 41 0.01844
35 42 0.00158
35 43 -0.06593
35 44 -0.08558
35 45 0.05147
35 46 -0.08167
35 47 0.04912
35 48 0.20315
35 49 0.00161
35 50 0.14402
35 51 0.00229
35 52 0.12066
35 53 0.02153
35 54 -0.09511
35 55 -0.14827
35 56 0.03529
35 57 0.05321
35 58 -0.03068
35 59 -0.20659
35 60 0.00348
35 61 0.08609
35 62 -0.02062
35 63 -0.14274
35 64 -0.06127
35 65 0.18124
35 66 -0.06741
35 67 -0.03555
35 68 -0.0505
35 69 -0.03404
35 70 0.16273
35 71 -0.11731
35 72 -0.18372
35 73 0.00077
35 74 -0.05778
35 75 0.04002
35 76 0.07106
35 77 0.07463
35 78 -0.07618
35 79 -0.04335
35 80 0.07619
35 81 0.1718
35 82 0.06171
35 83 -0.17825
35 84 -0.06524
35 85 -0.22166
35 86 0.09732
35 87 0.24361
35 88 0.07017
35 89 -0.10991
35 90 0.05432
35 91 0.08731
35 92 0.19266
35 93 0.00896
35 94 0.10035
35 95 0.07415
35 96 -0.05514
35 97 0.10855
35 98 0.04046
35 99 0.01747
36 37 0.09111
36 38 -0.17078
36 39 0.05632
36 40 0.13276
36 41 -0.01671
36 42 0.01721
36 43 0.08096
36 44 -0.16415
36 45 -0.07909
36 46 -0.09257
36 47 -0.03383
36 48 0.21669
36 49 0.05072
36 50 0.02011
36 51 -0.02203
36 52 -0.06296
36 53 -0.07881
36 54 0.01709
36 55 -0.05652
36 56 -0.03838
36 57 -0.21001
36 58 -0.06799
36 59 0.06562
36 60 0.04989
36 61 0.09537
36 62 -0.03344
36 63 -0.03156
36 64 0.14672
36 65 0.10336
36 66 0.08988
36 67 -0.00727
36 68 -0.02638
36 69 -0.0211
36 70 0.00836
36 71 0.12996
36 72 0.19798
36 73 0.15427
36 74 -0.11834
36 75 0.05145
36 76 0.01084
36 77 -0.02083
36 78 0.15534
36 79 0.01513
36 80 -0.2664
36 81 0.12253
36 82 0.10748
36 83 0.00871
36 84 -0.00393
36 85 0.09449
36 86 -0.10437
36 87 0.03544
36 88 -0.09373
36 89 -0.08031
36 90 0.08905
36 91 0.06951
36 92 -0.10803
36 93 0.0078
36 94 -0.02698
36 95 -0.11109
36 96 0.01161
36 97 0.0607
36 98 -0.09687
36 99 0.02055
37 38 -0.00947
37 39 0.02124
37 40 -0.08041
37 41 -0.04523
37 42 0.03575
37 43 -0.26498
37 44 -0.00346
37 45 -0.05111
37 46 -0.01849
37 47 0.13377
37 48 0.1669
37 49 0.16521
37 50 0.00805
37 51 -0.05522
37 52 0.057
37 53 0.02903
37 54 0.00813
37 55 -0.07911
37 56 0.16828
37 57 -0.01243
37 58 0.04496
37 59 -0.08061
37 60 -0.00493
37 61 -0.19533
37 62 0.11843
37 63 0.04263
37 64 -0.06616
37 65 -0.17937
37 66 0.0674
37 67 0.14421
37 68 -0.16621
37 69 0.14309
37 70 0.1424
37 71 0.11133
37 72 0.02227
37 73 -0.08062
37 74 -0.03435
37 75 -0.01343
37 76 -0.06937
37 77 -0.08593
37 78 0.00357
37 79 0.13321
37 80 0.01566
37 81 -0.1037
37 82 0.05584
37 83 -0.20602
37 84 -0.12667
37 85 0.15319
37 86 0.07759
37 87 0.00913
37 88 -0.11425
37 89 0.07794
37 90 -0.12599
37 91 -0.03079
37 92 -0.04476
37 93 -0.12655
37 94 0.07647
37 95 0.03666
37 96 0.04136
37 97 0.07092
37 98 0.02246
37 99 0.13975
38 39 -0.04039
38 40 0.00968
38 41 -0.01503
38 42 -0.10799
38 43 0.02577
38 44 -0.22319
38 45 0.06162
38 46 -0.10836
38 47 -0.17071
38 48 0.06384
38 49 -0.17457
38 50 0.10035
38 51 -0.0332
38 52 -0.08403
38 53 0.11663
38 54 0.03852
38 55 -0.1641
38 56 -0.00831
38 57 -0.08521
38 58 -0.14092
38 59 -0.01418
38 60 -0.05995
38 61 0.13468
38 62 0.03066
38 63 0.06488
38 64 0.08113
38 65 -0.06379
38 66 0.03959
38 67 0.03191
38 68 -0.05023
38 69 0.08649
38 70 0.09589
38 71 -0.06492
38 72 0.12613
38 73 0.00395
38 74 0.00956
38 75 -0.08336
38 76 -0.05067
38 77 0.07411
38 78 0.02448
38 79 -0.00023
38 80 -0.03091
38 81 -0.18298
38 82 -0.1147
38 83 -0.02683
38 84 0.10317
38 85 -0.12327
38 86 -0.07861
38 87 -0.06131
38 88 -0.14095
38 89 -0.0329
38 90 -0.11142
38 91 0.25575
38 92 0.07296
38 93 -0.08274
38 94 -0.11304
38 95 0.11959
38 96 -0.23516
38 97 0.04102
38 98 -0.03326
38 99 -0.11022
39 40 0.07588
39 41 -0.13577
39 42 -0.02336
39 43 0.00337
39 44 0.16658
39 45 0.05602
39 46 -0.03019
39 47 -0.05304
39 48 0.00528
39 49 -0.13438
39 50 -0.12819
39 51 -0.0605
39 52 -0.03841
39 53 -0.04882
39 54 -0.07745
39 55 -0.19495
39 56 0.08919
39 57 -0.03019
39 58 -0.0466
39 59 0.19028
39 60 -0.05301
39 61 0.19794
39 62 -0.00082
39 63 -0.03409
39 64 0.04133
39 65 -0.11772
39 66 0.11882
39 67 -0.04585
39 68 -0.07984
39 69 -0.12211
39 70 0.03517
39 71 -0.05303
39 72 0.12732
39 73 -0.14129
39 74 0.03686
39 75 -0.10384
39 76 -0.06937
39 77 0.17689
39 78 0.04009
39 79 -0.11316
39 80 -0.07525
39 81 -0.20658
39 82 -0.10466
39 83 -0.00795
39 84 0.02857
39 85 0.06186
39 86 0.06233
39 87 0.18101
39 88 0.05538
39 89 0.13839
39 90 -0.0087
39 91 0.00231
39 92 -0.14048
39 93 -0.27286
39 94 -0.1342
39 95 -0.0208
39 96 0.06983
39 97 0.07809
39 98 0.12042
39 99 0.09324
40 41 -0.11646
40 42 -0.00777
40 43 0.08709
40 44 -0.01385
40 45 -0.04961
40 46 0.14934
40 47 0.20726
40 48 0.07116
40 49 0.09226
40 50 0.06609
40 51 -0.09361
40 52 -0.00625
40 53 -0.11993
40 54 0.0358
40 55 -0.09667
40 56 -0.00713
40 57 0.01358
40 58 -0.0467
40 59 -0.07559
40 60 0.07498
40 61 0.11233
40 62 -0.06153
40 63 -0.06708
40 64 0.02247
40 65 -0.04294
40 66 0.03495
40 67 -0.04339
40 68 0.03294
40 69 -0.12663
40 70 0.08944
40 71 -0.0542
40 72 -0.03913
40 73 -0.08038
40 74 0.06589
40 75 0.02473
40 76 0.00996
40 77 -0.04862
40 78 0.04578
40 79 -0.0239
40 80 -0.09835
40 81 0.08165
40 82 0.11678
40 83 -0.03675
40 84 -0.07121
40 85 0.02784
40 86 0.15739
40 87 0.04573
40 88 -0.00705
40 89 0.12958
40 90 0.06845
40 91 0.13736
40 92 0.02606
40 93 0.12559
40 94 -0.10021
40 95 -0.11392
40 96 0.00628
40 97 -0.14185
40 98 -0.0654
40 99 0.08146
41 42 -0.08077
41 43 0.04376
41 44 0.02664
41 45 -0.00884
41 46 0.13538
41 47 0.08007
41 48 0.07984
41 49 -0.07556
41 50 0.05417
41 51 -0.05589
41 52 -0.01356
41 53 0.05463
41 54 0.07507
41 55 -0.05675
41 56 -0.01995
41 57 -0.0057
41 58 -0.12214
41 59 -0.02605
41 60 -0.08579
41 61 0.00512
41 62 -0.00479
41 63 -0.04395
41 64 -0.02069
41 65 -0.0892
41 66 0.12525
41 67 -0.01042
41 68 0.04617
41 69 -0.03769
41 70 0.08685
41 71 0.04599
41 72 0.07667
41 73 0.00522
41 74 -0.11706
41 75 0.01083
41 76 -0.15093
41 77 0.09018
41 78 -0.07319
41 79 0.20935
41 80 -0.01724
41 81 0.18053
41 82 0.19214
41 83 0.0909
41 84 0.05203
41 85 -0.02097
41 86 -0.02858
41 87 -0.0674
41 88 0.04385
41 89 0.07737
41 90 0.04025
41 91 -0.13509
41 92 0.15321
41 93 0.03215
41 94 -0.13707
41 95 0.00569
41 96 -0.09236
41 97 0.05422
41 98 0.06725
41 99 -0.14959
42 43 0.05461
42 44 -0.0292
42 45 -0.10386
42 46 0.06573
42 47 0.04498
42 48 -0.02593
42 49 0.08828
42 50 0.06753
42 51 0.05197
42 52 0.03026
42 53 0.01199
42 54 0.09038
42 55 0.10025
42 56 0.21305
42 57 -0.17117
42 58 -0.02354
42 59 -0.10878
42 60 -0.02008
42 61 -0.0001
42 62 0.11482
42 63 0.10467
42 64 -0.03957
42 65 -0.09477
42 66 0.0241
42 67 0.09915
42 68 0.0158
42 69 -0.03133
42 70 0.01686
42 71 -0.1996
42 72 -0.04446
42 73 0.09327
42 74 -0.15518
42 75 0.15325
42 76 -0.25869
42 77 -0.01368
42 78 -0.25577
42 79 -0.01046
42 80 0.04817
42 81 -0.07682
42 82 -0.1637
42 83 -0.06606
42 84 0.04871
42 85 0.14506
42 86 0.11955
42 87 -0.08745
42 88 0.01063
42 89 0.08198
42 90 0.08358
42 91 -0.14138
42 92 0.06952
42 93 -0.06325
42 94 -0.00078
42 95 -0.06493
42 96 -0.00325
42 97 0.02035
42 98 0.18017
42 99 0.1077
43 44 0.06932
43 45 0.21719
43 46 -0.0634
43 47 0.0863
43 48 0.01494
43 49 -0.00009
43 50 0.1093
43 51 0.03256
43 52 0.15683
43 53 0.10084
43 54 0.08042
43 55 0.06474
43 56 0.08197
43 57 -0.007
43 58 0.08533
43 59 -0.06088
43 60 -0.00248
43 61 0.24333
43 62 0.00339
43 63 0.12204
43 64 0.0198
43 65 0.16201
43 66 -0.05183
43 67 0.00418
43 68 -0.06138
43 69 -0.04079
43 70 -0.05029
43 71 0.18465
43 72 -0.043
43 73 0.24599
43 74 0.10193
43 75 -0.14477
43 76 -0.05151
43 77 0.03375
43 78 0.14133
43 79 -0.04508
43 80 0.08234
43 81 0.03124
43 82 -0.0724
43 83 -0.11069
43 84 0.17898
43 85 0.03172
43 86 -0.07364
43 87 -0.15352
43 88 -0.0116
43 89 -0.05201
43 90 -0.18814
43 91 0.03832
43 92 -0.19837
43 93 -0.09611
43 94 -0.04064
43 95 0.08572
43 96 -0.06972
43 97 -0.00514
43 98 -0.0979
43 99 0.06109
44 45 0.0289
44 46 0.08425
44 47 0.04603
44 48 -0.01844
44 49 0.05371
44 50 0.12581
44 51 -0.13876
44 52 0.13753
44 53 0.03716
44 54 -0.0586
44 55 -0.08002
44 56 -0.08518
44 57 -0.05193
44 58 0.20031
44 59 0.07803
44 60 0.03963
44 61 0.08455
44 62 -0.01699
44 63 0.00075
44 64 -0.01018
44 65 0.08179
44 66 -0.03733
44 67 -0.10156
44 68 -0.05642
44 69 -0.24627
44 70 -0.05395
44 71 0.0052
44 72 -0.06839
44 73 -0.08474
44 74 -0.07947
44 75 0.08714
44 76 0.0114
44 77 -0.00399
44 78 0.18043
44 79 0.14384
44 80 -0.19137
44 81 -0.02083
44 82 -0.18888
44 83 -0.03383
44 84 -0.09702
44 85 -0.09576
44 86 -0.19384
44 87 -0.1548
44 88 -0.11393
44 89 0.12534
44 90 -0.0382
44 91 -0.15698
44 92 0.03464
44 93 0.04393
44 94 -0.04959
44 95 0.06436
44 96 -0.16944
44 97 -0.09998
44 98 -0.18221
44 99 0.13581
45 46 -0.13444
45 47 -0.07037
45 48 0.15177
45 49 -0.11209
45 50 -0.06321
45 51 0.14979
45 52 -0.13217
45 53 -0.02407
45 54 0.02485
45 55 0.09064
45 56 -0.10405
45 57 -0.04471
45 58 -0.03415
45 59 0.10392
45 60 -0.07499
45 61 -0.07176
45 62 -0.08292
45 63 0.0701
45 64 -0.16572
45 65 0.10385
45 66 0.20921
45 67 -0.03287
45 68 -0.18413
45 69 0.08179
45 70 0.10505
45 71 0.09072
45 72 -0.0558
45 73 -0.13925
45 74 -0.0187
45 75 0.00355
45 76 0.04187
45 77 0.00026
45 78 -0.01759
45 79 -0.18391
45 80 -0.14439
45 81 0.24875
45 82 0.13977
45 83 -0.02787
45 84 0.11319
45 85 0.12926
45 86 0.07071
45 87 -0.03092
45 88 0.09873
45 89 0.01843
45 90 0.05596
45 91 -0.05171
45 92 -0.03636
45 93 -0.05346
45 94 0.0723
45 95 -0.04125
45 96 0.0421
45 97 -0.12904
45 98 0.17309
45 99 -0.18284
46 47 -0.16613
46 48 -0.03783
46 49 -0.16235
46 50 0.071
46 51 -0.12194
46 52 0.02126
46 53 0.00245
46 54 0.0443
46 55 0.11086
46 56 0.08659
46 57 0.01058
46 58 -0.01824
46 59 -0.11218
46 60 -0.082
46 61 0.05866
46 62 0.01032
46 63 -0.03169
46 64 -0.03097
46 65 0.14674
46 66 0.04759
46 67 -0.101
46 68 0.03834
46 69 -0.02474
46 70 0.09901
46 71 0.11937
46 72 -0.09041
46 73 -0.1054
46 74 0.06788
46 75 -0.03395
46 76 0.09766
46 77 -0.07145
46 78 -0.07572
46 79 0.27898
46 80 -0.08969
46 81 -0.0026
46 82 -0.04238
46 83 0.03172
46 84 -0.18886
46 85 -0.0838
46 86 -0.09766
46 87 -0.00741
46 88 0.08804
46 89 0.11542
46 90 0.03395
46 91 -0.02152
46 92 -0.20027
46 93 0.16142
46 94 0.07414
46 95 -0.05246
46 96 -0.06229
46 97 -0.12624
46 98 0.09626
46 99 0.0678
47 48 -0.14293
47 49 -0.03489
47 50 -0.14225
47 51 0.02364
47 52 0.05845
47 53 -0.06681
47 54 -0.05339
47 55 0.02741
47 56 0.01705
47 57 0.00383
47 58 0.14198
47 59 -0.1071
47 60 0.00925
47 61 0.00162
47 62 -0.21991
47 63 -0.11865
47 64 -0.18938
47 65 -0.03704
47 66 -0.0183
47 67 0.10722
47 68 0.08452
47 69 -0.171
47 70 -0.1513
47 71 -0.04642
47 72 -0.18045
47 73 0.0677
47 74 -0.10844
47 75 -0.17867
47 76 0.12368
47 77 -0.09391
47 78 0.03876
47 79 0.15281
47 80 -0.15296
47 81 -0.10401
47 82 0.03917
47 83 -0.02187
47 84 -0.02917
47 85 -0.09309
47 86 -0.13866
47 87 -0.16012
47 88 -0.06196
47 89 0.07679
47 90 0.12112
47 91 -0.13374
47 92 -0.04423
47 93 0.00654
47 94 0.1065
47 95 0.17246
47 96 0.14851
47 97 -0.10684
47 98 0.01661
47 99 0.22394
48 49 0.10542
48 50 0.00716
48 51 -0.17374
48 52 0.07438
48 53 0.01018
48 54 0.1505
48 55 -0.22311
48 56 -0.0552
48 57 0.00072
48 58 0.08483
48 59 0.02024
48 60 -0.07545
48 61 -0.11648
48 62 0.09253
48 63 -0.13378
48 64 -0.09883
48 65 0.00791
48 66 0.10531
48 67 -0.06016
48 68 0.07996
48 69 -0.02783
48 70 0.06435
48 71 0.07512
48 72 0.05344
48 73 -0.16243
48 74 0.00312
48 75 -0.0499
48 76 0.07761
48 77 0.01529
48 78 0.09129
48 79 0.06331
48 80 0.06231
48 81 0.04226
48 82 -0.02368
48 83 0.02985
48 84 -0.11696
48 85 -0.02169
48 86 -0.10097
48 87 0.03866
48 88 0.06825
48 89 0.04203
48 90 0.15306
48 91 -0.00744
48 92 0.10102
48 93 -0.15876
48 94 0.13448
48 95 0.01388
48 96 -0.00638
48 97 -0.1574
48 98 0.08173
48 99 -0.02535
49 50 0.02271
49 51 -0.00693
49 52 0.03348
49 53 -0.04864
49 54 -0.07497
49 55 0.07196
49 56 0.13594
49 57 -0.02983
49 58 0.11508
49 59 0.0841
49 60 0.02801
49 61 -0.14638
49 62 -0.05188
49 63 0.10647
49 64 0.1379
49 65 0.0575
49 66 0.03192
49 67 0.15242
49 68 -0.0762
49 69 0.10109
49 70 0.02168
49 71 -0.10463
49 72 0.14639
49 73 -0.11866
49 74 -0.12568
49 75 -0.16598
49 76 0.01388
49 77 0.01139
49 78 0.01805
49 79 -0.04785
49 80 0.05579
49 81 -0.05802
49 82 0.04591
49 83 -0.09789
49 84 0.03941
49 85 -0.12356
49 86 0.218
49 87 0.14286
49 88 0.12204
49 89 -0.18122
49 90 0.36445
49 91 0.07403
49 92 -0.07859
49 93 0.04723
49 94 0.003
49 95 -0.07393
49 96 0.2179
49 97 -0.02733
49 98 0.01943
49 99 0.08069
50 51 -0.04486
50 52 -0.03224
50 53 0.04356
50 54 -0.06492
50 55 0.12346
50 56 0.08436
50 57 -0.20417
50 58 0.10998
50 59 -0.16586
50 60 0.04939
50 61 0.07225
50 62 -0.0185
50 63 -0.12722
50 64 -0.01955
50 65 -0.11567
50 66 -0.11014
50 67 0.08805
50 68 -0.00037
50 69 -0.06963
50 70 -0.17776
50 71 -0.14743
50 72 0.14666
50 73 0.00017
50 74 -0.0285
50 75 -0.00983
50 76 0.04293
50 77 -0.04647
50 78 -0.09077
50 79 -0.11753
50 80 -0.02062
50 81 -0.00186
50 82 -0.06357
50 83 -0.10413
50 84 0.15436
50 85 0.03056
50 86 0.08633
50 87 -0.00224
50 88 0.05857
50 89 -0.05155
50 90 0.04761
50 91 0.13535
50 92 -0.09783
50 93 -0.07402
50 94 0.03659
50 95 -0.13685
50 96 -0.00435
50 97 -0.0419
50 98 -0.11176
50 99 -0.09925
51 52 0.00254
51 53 0.03613
51 54 0.10997
51 55 0.01225
51 56 0.04347
51 57 -0.07217
51 58 0.05019
51 59 -0.1331
51 60 0.05177
51 61 -0.0051
51 62 -0.11682
51 63 0.0843
51 64 -0.07582
51 65 0.1489
51 66 0.02885
51 67 -0.12351
51 68 -0.16944
51 69 0.07766
51 70 0.24721
51 71 -0.05117
51 72 -0.01071
51 73 -0.00513
51 74 -0.0792
51 75 0.05783
51 76 0.02864
51 77 -0.01773
51 78 -0.0887
51 79 -0.15355
51 80 -0.0131
51 81 0.0999
51 82 0.0828
51 83 -0.1281
51 84 -0.1072
51 85 -0.02455
51 86 0.08275
51 87 0.15395
51 88 0.04275
51 89 -0.20509
51 90 -0.21388
51 91 0.10207
51 92 0.06247
51 93 0.00991
51 94 0.0146
51 95 -0.03128
51 96 0.01127
51 97 -0.01506
51 98 -0.01342
51 99 -0.01849
52 53 0.14076
52 54 0.1594
52 55 -0.01257
52 56 -0.1492
52 57 -0.25369
52 58 -0.08185
52 59 -0.06186
52 60 0.1251
52 61 0.05848
52 62 -0.06317
52 63 -0.05442
52 64 0.04333
52 65 -0.08253
52 66 -0.04183
52 67 -0.03776
52 68 -0.19746
52 69 -0.05906
52 70 0.16885
52 71 -0.01277
52 72 -0.0329
52 73 -0.17063
52 74 -0.06438
52 75 0.08114
52 76 0.08603
52 77 -0.0862
52 78 0.18821
52 79 0.2359
52 80 -0.11598
52 81 0.07757
52 82 -0.05162
52 83 -0.21771
52 84 0.07149
52 85 0.03804
52 86 -0.06736
52 87 0.14394
52 88 0.02968
52 89 0.09053
52 90 0.08903
52 91 -0.09089
52 92 -0.22547
52 93 0.19139
52 94 0.14419
52 95 0.00954
52 96 -0.00859
52 97 -0.14198
52 98 -0.1307
52 99 -0.01045
53 54 0.10012
53 55 0.03435
53 56 -0.01636
53 57 0.18037
53 58 0.00576
53 59 -0.05968
53 60 -0.0071
53 61 -0.04521
53 62 -0.05105
53 63 0.07415
53 64 0.12336
53 65 0.23095
53 66 0.03245
53 67 0.01824
53 68 0.00623
53 69 0.01318
53 70 -0.07938
53 71 -0.00857
53 72 -0.27651
53 73 -0.1028
53 74 0.03803
53 75 -0.01921
53 76 -0.04057
53 77 0.06847
53 78 0.06371
53 79 -0.00949
53 80 0.09099
53 81 -0.01626
53 82 0.16212
53 83 -0.00662
53 84 -0.02303
53 85 0.01917
53 86 -0.05137
53 87 -0.1084
53 88 0.17128
53 89 -0.24192
53 90 -0.14805
53 91 0.03066
53 92 0.05931
53 93 -0.10664
53 94 -0.04041
53 95 -0.04719
53 96 -0.0568
53 97 0.03273
53 98 -0.14781
53 99 -0.00848
54 55 -0.0377
54 56 0.02125
54 57 -0.21239
54 58 0.09968
54 59 -0.0207
54 60 -0.01739
54 61 -0.12192
54 62 -0.04546
54 63 -0.107
54 64 -0.11892
54 65 0.13948
54 66 -0.0303
54 67 0.03446
54 68 -0.0439
54 69 -0.14746
54 70 -0.02581
54 71 0.11883
54 72 0.02085
54 73 0.06411
54 74 -0.1028
54 75 -0.14597
54 76 -0.19524
54 77 0.03625
54 78 0.06042
54 79 -0.07695
54 80 -0.16671
54 81 0.01514
54 82 0.12294
54 83 0.02912
54 84 0.08181
54 85 -0.05948
54 86 0.01734
54 87 -0.00813
54 88 0.01328
54 89 0.09288
54 90 -0.02279
54 91 0.17038
54 92 -0.10417
54 93 0.18552
54 94 0.01336
54 95 0.1845
54 96 0.10038
54 97 0.00662
54 98 -0.18691
54 99 0.06905
55 56 0.0883
55 57 0.01622
55 58 -0.13337
55 59 0.03862
55 60 -0.07541
55 61 -0.20569
55 62 -0.02472
55 63 0.01208
55 64 -0.0459
55 65 -0.0357
55 66 0.02828
55 67 0.16249
55 68 0.02528
55 69 0.03887
55 70 -0.22636
55 71 -0.08713
55 72 -0.06641
55 73 0.03096
55 74 -0.08197
55 75 0.07704
55 76 0.1419
55 77 -0.07837
55 78 -0.16041
55 79 0.11022
55 80 0.07763
55 81 -0.10184
55 82 0.04147
55 83 0.1475
55 84 -0.25098
55 85 -0.08599
55 86 0.17835
55 87 0.15485
55 88 0.07354
55 89 0.05095
55 90 -0.20078
55 91 0.08544
55 92 0.13673
55 93 0.02921
55 94 -0.03822
55 95 -0.04266
55 96 0.03018
55 97 0.00873
55 98 -0.05424
55 99 -0.1891
56 57 0.05396
56 58 -0.08953
56 59 0.06144
56 60 -0.04136
56 61 -0.0822
56 62 -0.02701
56 63 0.07041
56 64 -0.05885
56 65 -0.07698
56 66 0.11451
56 67 0.15786
56 68 -0.00874
56 69 0.12883
56 70 0.10892
56 71 -0.18284
56 72 0.01799
56 73 -0.06975
56 74 0.08648
56 75 0.25656
56 76 -0.0023
56 77 0.00853
56 78 -0.07977
56 79 0.05352
56 80 -0.08818
56 81 0.01737
56 82 -0.0116
56 83 -0.02158
56 84 -0.00027
56 85 0.02044
56 86 0.12999
56 87 -0.01509
56 88 0.02615
56 89 0.0889
56 90 0.06908
56 91 -0.09624
56 92 -0.04142
56 93 0.0963
56 94 0.06548
56 95 -0.05494
56 96 0.01749
56 97 -0.02946
56 98 0.07925
56 99 -0.06685
57 58 0.2322
57 59 0.21469
57 60 0.10331
57 61 -0.1017
57 62 0.06091
57 63 0.06241
57 64 -0.12577
57 65 0.039
57 66 -0.11434
57 67 0.00287
57 68 0.18557
57 69 -0.05695
57 70 -0.01525
57 71 0.11698
57 72 -0.0385
57 73 0.12409
57 74 -0.08357
57 75 -0.0486
57 76 0.05953
57 77 -0.02768
57 78 -0.10079
57 79 -0.12253
57 80 0.06059
57 81 -0.06401
57 82 -0.12992
57 83 -0.00642
57 84 -0.02941
57 85 0.20558
57 86 -0.13172
57 87 -0.09485
57 88 0.09731
57 89 0.11832
57 90 0.05194
57 91 -0.03604
57 92 -0.05865
57 93 -0.01226
57 94 0.1881
57 95 -0.18477
57 96 0.15398
57 97 -0.12349
57 98 0.01369
57 99 0.01756
58 59 -0.07991
58 60 -0.00469
58 61 -0.11128
58 62 0.02082
58 63 -0.09167
58 64 -0.07773
58 65 0.02401
58 66 -0.1669
58 67 -0.02347
58 68 -0.19542
58 69 -0.05888
58 70 0.10286
58 71 -0.06476
58 72 -0.08229
58 73 0.071
58 74 0.00161
58 75 -0.02625
58 76 0.04537
58 77 0.03257
58 78 -0.04676
58 79 -0.21416
58 80 0.11169
58 81 0.0659
58 82 -0.05844
58 83 -0.03175
58 84 0.12439
58 85 -0.08219
58 86 0.00239
58 87 0.095
58 88 0.0409
58 89 -0.06949
58 90 0.18423
58 91 -0.07107
58 92 0.02103
58 93 0.04143
58 94 0.32513
58 95 0.11897
58 96 0.0485
58 97 -0.00478
58 98 -0.06299
58 99 -0.13739
59 60 -0.06532
59 61 0.09194
59 62 -0.01625
59 63 -0.01462
59 64 0.03118
59 65 -0.11332
59 66 -0.02599
59 67 -0.10998
59 68 -0.1289
59 69 0.16017
59 70 0.27032
59 71 0.13584
59 72 -0.23716
59 73 0.02974
59 74 0.12609
59 75 0.02303
59 76 0.08083
59 77 -0.053
59 78 -0.01274
59 79 -0.04951
59 80 0.15265
59 81 -0.14169
59 82 -0.09773
59 83 0.0098
59 84 -0.03947
59 85 0.14899
59 86 0.09855
59 87 -0.08365
59 88 -0.10921
59 89 0.07085
59 90 0.02176
59 91 0.15968
59 92 0.21846
59 93 0.05887
59 94 -0.07251
59 95 0.01368
59 96 0.02022
59 97 0.10459
59 98 -0.00698
59 99 -0.13118
60 61 0.01877
60 62 0.06665
60 63 -0.05885
60 64 0.07505
60 65 0.00568
60 66 -0.01033
60 67 0.01735
60 68 0.18528
60 69 0.07519
60 70 -0.07047
60 71 0.03016
60 72 -0.05912
60 73 -0.04361
60 74 0.05783
60 75 0.03268
60 76 0.05393
60 77 0.22278
60 78 -0.03553
60 79 -0.19967
60 80 -0.14206
60 81 0.0757
60 82 0.10348
60 83 0.027
60 84 -0.13395
60 85 -0.2223
60 86 0.11368
60 87 -0.08043
60 88 -0.1204
60 89 0.19697
60 90 -0.00547
60 91 -0.21646
60 92 0.1219
60 93 0.10949
60 94 0.12119
60 95 -0.0777
60 96 0.03513
60 97 -0.19937
60 98 -0.08346
60 99 0.04602
61 62 -0.05263
61 63 0.02726
61 64 -0.01234
61 65 -0.06329
61 66 -0.10408
61 67 -0.05732
61 68 -0.09064
61 69 -0.0997
61 70 0.08417
61 71 -0.08053
61 72 -0.06131
61 73 -0.09433
61 74 -0.03478
61 75 0.03769
61 76 -0.03231
61 77 -0.00497
61 78 -0.10033
61 79 -0.1061
61 80 0.10261
61 81 0.02215
61 82 -0.033
61 83 -0.1308
61 84 -0.10422
61 85 -0.18135
61 86 -0.17015
61 87 0.11834
61 88 -0.10164
61 89 0.1865
61 90 -0.09914
61 91 0.01615
61 92 0.13201
61 93 -0.10424
61 94 0.0144
61 95 0.03631
61 96 0.073
61 97 0.1196
61 98 0.07
61 99 -0.04188
62 63 -0.05753
62 64 -0.05662
62 65 -0.08062
62 66 -0.10597
62 67 -0.02966
62 68 -0.01763
62 69 0.12348
62 70 -0.1269
62 71 0.1345
62 72 0.21147
62 73 -0.16913
62 74 -0.08116
62 75 0.08839
62 76 -0.0014
62 77 -0.06906
62 78 -0.00185
62 79 -0.14475
62 80 0.0111
62 81 -0.12458
62 82 0.20405
62 83 0.01391
62 84 0.09245
62 85 0.20196
62 86 0.08349
62 87 0.00629
62 88 0.11
62 89 0.0277
62 90 -0.00496
62 91 -0.00291
62 92 0.05892
62 93 -0.09063
62 94 -0.02424
62 95 -0.0287
62 96 -0.02959
62 97 -0.05591
62 98 0.00954
62 99 0.09664
63 64 0.06542
63 65 0.02784
63 66 0.17573
63 67 0.00971
63 68 0.06988
63 69 -0.05975
63 70 0.00677
63 71 -0.01337
63 72 0.09467
63 73 0.08559
63 74 -0.01033
63 75 -0.16884
63 76 -0.21266
63 77 -0.21477
63 78 -0.08328
63 79 -0.01205
63 80 -0.08598
63 81 -0.02297
63 82 0.01885
63 83 0.0397
63 84 -0.05283
63 85 0.15891
63 86 -0.11595
63 87 0.07405
63 88 -0.05265
63 89 0.06948
63 90 -0.03972
63 91 -0.00294
63 92 0.14016
63 93 0.02392
63 94 0.02306
63 95 -0.06481
63 96 0.1848
63 97 0.04454
63 98 -0.09754
63 99 0.13499
64 65 -0.00975
64 66 0.07381
64 67 -0.08088
64 68 0.15033
64 69 -0.0004
64 70 0.01274
64 71 0.12691
64 72 0.06268
64 73 0.01935
64 74 0.04583
64 75 0.10559
64 76 0.25171
64 77 -0.0742
64 78 0.0912
64 79 0.02042
64 80 -0.18432
64 81 -0.14141
64 82 0.05089
64 83 0.01276
64 84 -0.0355
64 85 0.29496
64 86 0.06609
64 87 -0.12945
64 88 -0.02845
64 89 -0.13794
64 90 0.06486
64 91 0.09569
64 92 0.00573
64 93 0.00068
64 94 0.22007
64 95 0.07716
64 96 0.09136
64 97 0.0338
64 98 -0.0524
64 99 -0.06815
65 66 -0.17625
65 67 -0.02135
65 68 0.20026
65 69 -0.01853
65 70 -0.01758
65 71 -0.13889
65 72 -0.01819
65 73 -0.02755
65 74 -0.11799
65 75 -0.05792
65 76 0.03863
65 77 -0.03251
65 78 0.01528
65 79 -0.03661
65 80 -0.08485
65 81 0.00952
65 82 0.07593
65 83 -0.01232
65 84 0.13409
65 85 0.18825
65 86 -0.02396
65 87 -0.05581
65 88 0.05558
65 89 -0.10209
65 90 -0.07467
65 91 -0.09668
65 92 -0.02549
65 93 0.1564
65 94 -0.06199
65 95 -0.02686
65 96 0.2575
65 97 -0.02489
65 98 -0.06848
65 99 0.02464
66 67 0.02288
66 68 0.05945
66 69 -0.02829
66 70 0.149
66 71 -0.08676
66 72 -0.0952
66 73 -0.03445
66 74 -0.01724
66 75 -0.03991
66 76 0.0264
66 77 -0.14841
66 78 -0.11434
66 79 0.03181
66 80 0.04853
66 81 0.10435
66 82 -0.07446
66 83 -0.03854
66 84 0.15476
66 85 -0.0144
66 86 0.03882
66 87 0.09953
66 88 -0.16786
66 89 0.0029
66 90 -0.08642
66 91 -0.08246
66 92 -0.07094
66 93 0.19437
66 94 -0.16736
66 95 0.06697
66 96 0.03355
66 97 0.09314
66 98 -0.01553
66 99 0.00686
67 68 0.08513
67 69 -0.19609
67 70 0.00245
67 71 0.27699
67 72 0.03139
67 73 -0.04617
67 74 -0.11926
67 75 0.15576
67 76 -0.02992
67 77 -0.13637
67 78 0.11405
67 79 -0.01185
67 80 -0.08531
67 81 -0.13396
67 82 0.08536
67 83 0.04959
67 84 0.04194
67 85 -0.10106
67 86 0.03631
67 87 0.01437
67 88 -0.10103
67 89 0.10486
67 90 0.12044
67 91 -0.25043
67 92 0.05354
67 93 -0.02851
67 94 -0.09084
67 95 0.00471
67 96 -0.05888
67 97 -0.06276
67 98 0.05342
67 99 -0.0916
68 69 -0.12655
68 70 -0.03556
68 71 0.13444
68 72 0.08658
68 73 -0.0557
68 74 0.01412
68 75 0.09268
68 76 0.10509
68 77 0.09817
68 78 0.02197
68 79 -0.08433
68 80 -0.11418
68 81 -0.1947
68 82 -0.23911
68 83 0.11732
68 84 -0.07297
68 85 -0.01972
68 86 0.03575
68 87 -0.15984
68 88 0.14827
68 89 0.2451
68 90 -0.04418
68 91 0.18265
68 92 -0.15619
68 93 0.13954
68 94 0.04201
68 95 -0.08066
68 96 0.04934
68 97 0.04905
68 98 -0.17556
68 99 0.06204
69 70 0.07154
69 71 0.03352
69 72 0.158
69 73 -0.04324
69 74 0.10885
69 75 -0.00948
69 76 0.06238
69 77 0.06838
69 78 0.05621
69 79 -0.09886
69 80 0.16294
69 81 0.0133
69 82 -0.13688
69 83 -0.08703
69 84 -0.03836
69 85 -0.02398
69 86 0.05851
69 87 0.01242
69 88 -0.04012
69 89 -0.10871
69 90 0.06342
69 91 0.02551
69 92 -0.10532
69 93 0.04371
69 94 0.07409
69 95 0.05503
69 96 -0.09947
69 97 -0.09592
69 98 -0.04758
69 99 -0.01934
70 71 -0.02458
70 72 0.0887
70 73 -0.07709
70 74 0.01031
70 75 -0.08761
70 76 -0.01082
70 77 -0.14362
70 78 0.13449
70 79 0.13278
70 80 0.27216
70 81 -0.1573
70 82 -0.00533
70 83 0.01296
70 84 -0.25882
70 85 0.06135
70 86 -0.00457
70 87 -0.08434
70 88 0.08241
70 89 0.04557
70 90 0.05252
70 91 -0.03914
70 92 -0.05174
70 93 0.12401
70 94 0.17489
70 95 -0.0939
70 96 -0.0551
70 97 -0.17528
70 98 0.07446
70 99 -0.00959
71 72 -0.08795
71 73 -0.01002
71 74 -0.10165
71 75 0.05328
71 76 -0.14665
71 77 -0.02276
71 78 0.19226
71 79 -0.28294
71 80 -0.06777
71 81 0.01751
71 82 0.08571
71 83 0.05717
71 84 -0.13766
71 85 0.01241
71 86 0.01099
71 87 -0.0834
71 88 -0.00195
71 89 -0.16199
71 90 -0.06209
71 91 0.01702
71 92 -0.04493
71 93 -0.13069
71 94 -0.08397
71 95 0.2475
71 96 -0.08574
71 97 0.07851
71 98 0.06021
71 99 0.04904
72 73 0.02379
72 74 0.10489
72 75 0.05389
72 76 0.18859
72 77 0.03757
72 78 -0.02448
72 79 -0.0138
72 80 -0.11495
72 81 0.1146
72 82 0.20379
72 83 0.16165
72 84 0.01029
72 85 0.09558
72 86 -0.04092
72 87 -0.02944
72 88 -0.03233
72 89 0.03278
72 90 0.00902
72 91 -0.072
72 92 -0.06541
72 93 -0.10901
72 94 -0.05174
72 95 -0.12672
72 96 0.02381
72 97 0.12873
72 98 -0.11928
72 99 -0.0923
73 74 0.28842
73 75 -0.12926
73 76 0.10023
73 77 -0.02393
73 78 -0.02377
73 79 0.03712
73 80 -0.0366
73 81 0.141
73 82 -0.04473
73 83 0.04833
73 84 0.02918
73 85 0.12872
73 86 -0.0701
73 87 0.0197
73 88 -0.13771
73 89 -0.00798
73 90 0.11349
73 91 0.06905
73 92 -0.29126
73 93 0.13395
73 94 0.13716
73 95 -0.00509
73 96 -0.14063
73 97 -0.06846
73 98 0.01897
73 99 0.04275
74 75 -0.06061
74 76 -0.09702
74 77 -0.04476
74 78 -0.12784
74 79 0.05094
74 80 0.09919
74 81 0.03579
74 82 0.06363
74 83 -0.03113
74 84 -0.05035
74 85 -0.06288
74 86 0.05954
74 87 0.11025
74 88 0.05794
74 89 0.00841
74 90 -0.01085
74 91 -0.13432
74 92 0.03203
74 93 0.23913
74 94 0.10902
74 95 0.23217
74 96 0.0901
74 97 0.03542
74 98 0.06349
74 99 0.02493
75 76 -0.11561
75 77 -0.008
75 78 -0.02577
75 79 0.00483
75 80 0.01729
75 81 -0.03935
75 82 0.06987
75 83 0.04582
75 84 0.05626
75 85 0.10033
75 86 -0.05568
75 87 -0.15803
75 88 0.0927
75 89 0.06916
75 90 0.05544
75 91 0.00887
75 92 -0.00104
75 93 0.03128
75 94 -0.06717
75 95 0.06711
75 96 0.02385
75 97 -0.06283
75 98 -0.0389
75 99 0.11235
76 77 0.02214
76 78 -0.06436
76 79 -0.11038
76 80 -0.05288
76 81 0.04352
76 82 0.04002
76 83 0.0256
76 84 0.12268
76 85 0.01654
76 86 0.00235
76 87 0.0479
76 88 0.09741
76 89 -0.05625
76 90 -0.03067
76 91 -0.00523
76 92 -0.11982
76 93 -0.04378
76 94 0.03535
76 95 -0.03425
76 96 -0.04709
76 97 -0.068
76 98 0.11872
76 99 -0.14236
77 78 -0.10938
77 79 -0.10758
77 80 -0.05796
77 81 0.1163
77 82 0.00733
77 83 0.05999
77 84 -0.11598
77 85 0.10113
77 86 0.00998
77 87 0.05006
77 88 0.03702
77 89 -0.05003
77 90 -0.05539
77 91 -0.10325
77 92 -0.21017
77 93 -0.13254
77 94 -0.10222
77 95 -0.0608
77 96 -0.03813
77 97 -0.02978
77 98 0.03887
77 99 -0.03682
78 79 0.10996
78 80 0.10065
78 81 0.04986
78 82 -0.11195
78 83 0.02806
78 84 0.08088
78 85 -0.03206
78 86 0.00903
78 87 0.07906
78 88 0.02063
78 89 -0.145
78 90 -0.00819
78 91 -0.03858
78 92 0.09291
78 93 -0.02782
78 94 -0.13793
78 95 -0.07938
78 96 0.08085
78 97 0.14024
78 98 0.01309
78 99 -0.15963
79 80 0.0936
79 81 -0.07177
79 82 -0.1813
79 83 -0.01244
79 84 0.07134
79 85 0.15106
79 86 -0.15231
79 87 -0.08197
79 88 -0.04701
79 89 0.03965
79 90 -0.11203
79 91 0.05996
79 92 -0.14832
79 93 -0.00847
79 94 0.00041
79 95 -0.12077
79 96 0.12604
79 97 -0.01866
79 98 -0.04975
79 99 -0.02185
80 81 0.17361
80 82 0.07807
80 83 -0.06122
80 84 0.17955
80 85 -0.00426
80 86 0.02605
80 87 0.01866
80 88 -0.09901
80 89 0.13157
80 90 0.02083
80 91 -0.14293
80 92 0.2228
80 93 -0.17228
80 94 -0.05074
80 95 -0.1769
80 96 0.18056
80 97 0.07289
80 98 -0.17985
80 99 0.1391
81 82 -0.05912
81 83 0.19756
81 84 0.14254
81 85 0.0555
81 86 0.05269
81 87 0.02267
81 88 0.05419
81 89 0.14316
81 90 0.03461
81 91 -0.30791
81 92 -0.0941
81 93 -0.04585
81 94 -0.20379
81 95 0.04772
81 96 0.04782
81 97 -0.12457
81 98 0.06389
81 99 0.04828
82 83 -0.02147
82 84 -0.07617
82 85 0.04669
82 86 0.24856
82 87 0.00509
82 88 0.0778
82 89 -0.10355
82 90 -0.04483
82 91 -0.12218
82 92 0.06335
82 93 0.1523
82 94 -0.00828
82 95 0.05729
82 96 0.04146
82 97 -0.03958
82 98 0.08512
82 99 0.01121
83 84 0.04099
83 85 -0.02479
83 86 -0.01452
83 87 0.16367
83 88 -0.04888
83 89 -0.13063
83 90 0.07622
83 91 0.04227
83 92 0.07367
83 93 -0.17498
83 94 0.01032
83 95 0.18054
83 96 -0.0322
83 97 -0.12168
83 98 -0.17222
83 99 0.0564
84 85 0.06571
84 86 0.05906
84 87 0.00413
84 88 -0.13032
84 89 0.11737
84 90 -0.0421
84 91 0.15896
84 92 -0.16422
84 93 -0.03879
84 94 -0.14307
84 95 0.00018
84 96 0.07877
84 97 0.14253
84 98 0.03812
84 99 -0.01109
85 86 -0.02935
85 87 0.16576
85 88 0.02566
85 89 -0.09042
85 90 0.14073
85 91 0.16773
85 92 -0.00153
85 93 0.00639
85 94 0.07772
85 95 0.00885
85 96 -0.10046
85 97 -0.01299
85 98 0.0721
85 99 0.00669
86 87 -0.12564
86 88 -0.15112
86 89 -0.1156
86 90 -0.10266
86 91 -0.24435
86 92 -0.26932
86 93 -0.04797
86 94 -0.05618
86 95 -0.05894
86 96 -0.05701
86 97 -0.06236
86 98 -0.04173
86 99 0.21577
87 88 0.17163
87 89 0.12611
87 90 0.09712
87 91 -0.03835
87 92 -0.29694
87 93 -0.08618
87 94 0.14928
87 95 0.12415
87 96 -0.09412
87 97 0.06936
87 98 -0.21451
87 99 -0.00763
88 89 -0.01983
88 90 -0.06978
88 91 -0.05746
88 92 0.0189
88 93 0.08183
88 94 0.02142
88 95 -0.10363
88 96 0.07043
88 97 0.0489
88 98 -0.03904
88 99 0.09773
89 90 0.03118
89 91 0.19136
89 92 0.05859
89 93 -0.04177
89 94 -0.01701
89 95 0.10518
89 96 0.07737
89 97 0.00927
89 98 -0.06497
89 99 -0.02039
90 91 -0.05865
90 92 0.06738
90 93 -0.07749
90 94 0.06201
90 95 -0.0961
90 96 0.05327
90 97 0.10539
90 98 0.05587
90 99 0.03428
91 92 0.08683
91 93 -0.00145
91 94 -0.02267
91 95 -0.17458
91 96 -0.13458
91 97 -0.10126
91 98 0.1749
91 99 -0.0681
92 93 -0.23146
92 94 0.2032
92 95 -0.1278
92 96 0.01443
92 97 0.01181
92 98 -0.19437
92 99 -0.01318
93 94 -0.14838
93 95 0.10196
93 96 0.01943
93 97 -0.06227
93 98 0.13938
93 99 -0.18226
94 95 -0.02676
94 96 0.07232
94 97 0.09676
94 98 -0.00476
94 99 -0.14894
95 96 -0.0476
95 97 0.098
95 98 0.17137
95 99 0.17399
96 97 0.00333
96 98 0.16533
96 99 -0.12212
97 98 -0.07832
97 99 0.03576
98 99 0.06114
