# model=sk N=100 meanJ=0 seed=74183069 distribution=gaussian field=0 num_fields=100 num_couplings=4950
0 0
1 0
2 0
3 0
4 0
5 0
6 0
7 0
8 0
9 0
10 0
11 0
12 0
13 0
14 0
15 0
16 0
17 0
18 0
19 0
20 0
21 0
22 0
23 0
24 0
25 0
26 0
27 0
28 0
29 0
30 0
31 0
32 0
33 0
34 0
35 0
36 0
37 0
38 0
39 0
40 0
41 0
42 0
43 0
44 0
45 0
46 0
47 0
48 0
49 0
50 0
51 0
52 0
53 0
54 0
55 0
56 0
57 0
58 0
59 0
60 0
61 0
62 0
63 0
64 0
65 0
66 0
67 0
68 0
69 0
70 0
71 0
72 0
73 0
74 0
75 0
76 0
77 0
78 0
79 0
80 0
81 0
82 0
83 0
84 0
85 0
86 0
87 0
88 0
89 0
90 0
91 0
92 0
93 0
94 0
95 0
96 0
97 0
98 0
99 0
0 1 -0.00306
0 2 -0.10104
0 3 -0.05483
0 4 -0.0601
0 5 0.13319
0 6 0.04732
0 7 -0.12292
0 8 0.03389
0 9 -0.0147
0 10 -0.03354
0 11 0.17135
0 12 -0.02897
0 13 -0.21137
0 14 -0.10988
0 15 0.1071
0 16 0.10268
0 17 0.06281
0 18 -0.0068
0 19 0.17438
0 20 0.00066
0 21 -0.06215
0 22 -0.03116
0 23 0.18275
0 24 0.10791
0 25 0.05985
0 26 0.02967
0 27 0.0121
0 28 0.10066
0 29 -0.16569
0 30 0.03841
0 31 -0.01405
0 32 0.01948
0 33 -0.06264
0 34 0.02939
0 35 -0.22368
0 36 0.09293
0 37 -0.01357
0 38 0.26326
0 39 0.15291
0 40 -0.05883
0 41 -0.07548
0 42 -0.05701
0 43 0.25056
0 44 0.05811
0 45 0.13715
0 46 0.09414
0 47 -0.01817
0 48 -0.07856
0 49 0.04549
0 50 -0.09666
0 51 -0.13367
0 52 -0.08237
0 53 0.06365
0 54 0.27875
0 55 0.2327
0 56 -0.12891
0 57 0.06182
0 58 -0.01676
0 59 -0.00779
0 60 -0.03656
0 61 0.03906
0 62 -0.09433
0 63 -0.10344
0 64 -0.0337
0 65 0.1343
0 66 0.03046
0 67 0.03789
0 68 0.10855
0 69 -0.05351
0 70 0.18162
0 71 0.0598
0 72 -0.06115
0 73 -0.02313
0 74 -0.13153
0 75 -0.01984
0 76 -0.05759
0 77 0.12897
0 78 0.05697
0 79 0.0616
0 80 0.07921
0 81 -0.07335
0 82 -0.07364
0 83 -0.02348
0 84 -0.1998
0 85 0.10584
0 86 -0.00256
0 87 0.04726
0 88 0.03751
0 89 -0.07379
0 90 -0.03285
0 91 -0.04237
0 92 -0.01743
0 93 0.1197
0 94 0.13289
0 95 -0.13999
0 96 0.02964
0 97 -0.04155
0 98 0.05931
0 99 -0.09392
1 2 0.03768
1 3 0.01173
1 4 0.20439
1 5 0.08433
1 6 -0.14222
1 7 0.08506
1 8 0.01595
1 9 0.09038
1 10 -0.08295
1 11 0.03155
1 12 -0.04205
1 13 0.00525
1 14 -0.07115
1 15 -0.22463
1 16 0.09618
1 17 -0.06581
1 18 -0.04826
1 19 -0.03716
1 20 -0.01465
1 21 -0.07554
1 22 -0.14418
1 23 0.1319
1 24 0.04667
1 25 -0.07882
1 26 -0.02174
1 27 0.13876
1 28 -0.14582
1 29 0.13584
1 30 0.13446
1 31 0.0852
1 32 -0.14114
1 33 -0.02244
1 34 -0.04034
1 35 0.04391
1 36 -0.05158
1 37 0.07024
1 38 -0.01279
1 39 0.06341
1 40 -0.05318
1 41 -0.02177
1 42 0.00138
1 43 0.04521
1 44 -0.24189
1 45 -0.12803
1 46 0.03878
1 47 -0.00842
1 48 0.15721
1 49 -0.04481
1 50 0.01922
1 51 0.06016
1 52 0.04762
1 53 0.1069
1 54 -0.08382
1 55 -0.04619
1 56 0.14658
1 57 0.08228
1 58 -0.10011
1 59 -0.16009
1 60 -0.06239
1 61 0.08527
1 62 0.06812
1 63 0.07388
1 64 0.17989
1 65 -0.1411
1 66 0.20515
1 67 -0.11741
1 68 0.12587
1 69 0.08639
1 70 0.05578
1 71 -0.03844
1 72 0.15075
1 73 0.10311
1 74 -0.00033
1 75 -0.06232
1 76 0.02979
1 77 -0.02767
1 78 0.31061
1 79 -0.00109
1 80 -0.08399
1 81 -0.13546
1 82 0.00322
1 83 0.16426
1 84 0.06391
1 85 -0.02413
1 86 0.16457
1 87 0.09876
1 88 0.27545
1 89 -0.03845
1 90 0.05668
1 91 -0.06089
1 92 0.2018
1 93 0.09246
1 94 -0.05784
1 95 -0.03366
1 96 -0.03927
1 97 -0.10535
1 98 -0.07097
1 99 -0.15328
2 3 0.08025
2 4 0.03929
2 5 -0.08594
2 6 0.20167
2 7 -0.13783
2 8 -0.12916
2 9 0.03982
2 10 0.00459
2 11 -0.14906
2 12 0.0907
2 13 0.08728
2 14 0.08072
2 15 0.15133
2 16 0.05156
2 17 -0.08458
2 18 -0.15846
2 19 -0.09445
2 20 -0.06748
2 21 -0.1074
2 22 -0.11162
2 23 -0.10368
2 24 0.06695
2 25 0.18521
2 26 -0.07197
2 27 0.04023
2 28 0.19933
2 29 0.01988
2 30 -0.26405
2 31 0.16547
2 32 0.08523
2 33 -0.10253
2 34 -0.06689
2 35 0.03248
2 36 0.08229
2 37 -0.02166
2 38 0.06878
2 39 0.07002
2 40 0.00253
2 41 0.11641
2 42 0.09027
2 43 0.04004
2 44 -0.08129
2 45 -0.14731
2 46 -0.01941
2 47 -0.15629
2 48 -0.00276
2 49 -0.02293
2 50 -0.03043
2 51 -0.20272
2 52 0.14408
2 53 -0.02037
2 54 -0.0385
2 55 0.05824
2 56 -0.11288
2 57 -0.11728
2 58 -0.01392
2 59 0.01308
2 60 -0.08499
2 61 -0.08551
2 62 -0.09049
2 63 -0.07838
2 64 0.04879
2 65 0.1114
2 66 -0.01789
2 67 0.21639
2 68 0.0072
2 69 0.00442
2 70 -0.07514
2 71 -0.00842
2 72 0.25079
2 73 0.07475
2 74 -0.01702
2 75 0.17524
2 76 -0.0263
2 77 0.04616
2 78 0.07822
2 79 -0.08382
2 80 -0.09888
2 81 0.09687
2 82 -0.11386
2 83 0.09304
2 84 -0.11211
2 85 -0.09015
2 86 -0.01803
2 87 -0.12241
2 88 -0.00585
2 89 -0.11442
2 90 -0.17663
2 91 0.13041
2 92 -0.0804
2 93 0.19619
2 94 -0.01733
2 95 -0.01186
2 96 0.00375
2 97 -0.12312
2 98 0.00765
2 99 -0.08277
3 4 0.06497
3 5 -0.11968
3 6 0.01803
3 7 -0.04254
3 8 -0.00821
3 9 0.12469
3 10 0.00192
3 11 -0.14555
3 12 0.06788
3 13 0.14463
3 14 -0.05628
3 15 -0.14257
3 16 0.05739
3 17 -0.01721
3 18 0.0411
3 19 -0.07272
3 20 0.17542
3 21 0.05936
3 22 0.01896
3 23 0.13329
3 24 -0.04117
3 25 -0.10187
3 26 0.13929
3 27 0.05551
3 28 -0.04857
3 29 -0.10679
3 30 0.01225
3 31 -0.05719
3 32 -0.03921
3 33 -0.21171
3 34 0.00713
3 35 0.0374
3 36 0.18286
3 37 -0.05796
3 38 -0.11625
3 39 0.09363
3 40 0.11185
3 41 0.01368
3 42 -0.05725
3 43 -0.19248
3 44 -0.01127
3 45 -0.05082
3 46 0.13446
3 47 0.10941
3 48 0.13145
3 49 -0.01954
3 50 -0.05376
3 51 0.02634
3 52 0.12343
3 53 -0.07722
3 54 0.10462
3 55 0.09662
3 56 -0.09861
3 57 -0.14949
3 58 -0.00701
3 59 0.08755
3 60 0.04931
3 61 0.01776
3 62 0.12491
3 63 0.13023
3 64 0.03783
3 65 0.10764
3 66 -0.07776
3 67 -0.14762
3 68 -0.0379
3 69 0.02501
3 70 -0.07227
3 71 -0.21956
3 72 -0.02494
3 73 0.07072
3 74 -0.04051
3 75 -0.17077
3 76 0.09167
3 77 0.0945
3 78 -0.11258
3 79 0.01463
3 80 0.00095
3 81 -0.02328
3 82 0.14966
3 83 0.00017
3 84 0.03121
3 85 0.02712
3 86 0.19961
3 87 0.06955
3 88 -0.18728
3 89 0.0607
3 90 -0.09195
3 91 -0.10144
3 92 -0.11473
3 93 -0.04055
3 94 -0.03715
3 95 -0.142
3 96 -0.3331
3 97 0.16058
3 98 0.11031
3 99 0.15035
4 5 -0.02547
4 6 -0.03432
4 7 0.08903
4 8 0.08464
4 9 -0.10403
4 10 0.00945
4 11 0.03182
4 12 -0.15865
4 13 0.05195
4 14 -0.02052
4 15 0.16021
4 16 -0.09808
4 17 0.08165
4 18 0.02943
4 19 0.02105
4 20 0.13552
4 21 0.01826
4 22 -0.15742
4 23 0.04509
4 24 -0.06119
4 25 0.0001
4 26 -0.11519
4 27 0.04312
4 28 -0.10133
4 29 -0.06387
4 30 0.08594
4 31 0.09818
4 32 0.01802
4 33 -0.00272
4 34 -0.04204
4 35 -0.05993
4 36 0.05689
4 37 0.00601
4 38 0.0567
4 39 0.07917
4 40 -0.23513
4 41 0.02908
4 42 -0.04364
4 43 0.02544
4 44 0.10006
4 45 -0.09645
4 46 0.05904
4 47 -0.22606
4 48 0.00457
4 49 0.00208
4 50 0.03897
4 51 0.07274
4 52 -0.16504
4 53 -0.08153
4 54 0.00028
4 55 0.02215
4 56 -0.03947
4 57 -0.10341
4 58 0.07067
4 59 -0.03252
4 60 -0.10084
4 61 -0.25487
4 62 -0.07938
4 63 0.11787
4 64 -0.13119
4 65 -0.01211
4 66 0.0399
4 67 0.17069
4 68 -0.01475
4 69 0.2292
4 70 -0.03319
4 71 0.30806
4 72 -0.04277
4 73 0.15567
4 74 -0.05288
4 75 -0.03692
4 76 -0.11086
4 77 -0.07539
4 78 0.04999
4 79 -0.04966
4 80 0.09791
4 81 -0.03865
4 82 -0.0527
4 83 -0.12578
4 84 0.06186
4 85 -0.15148
4 86 0.09431
4 87 0.17463
4 88 0.10415
4 89 0.00739
4 90 -0.05959
4 91 -0.01628
4 92 0.02266
4 93 0.04508
4 94 0.11101
4 95 0.19471
4 96 0.03193
4 97 -0.10053
4 98 0.15036
4 99 -0.04122
5 6 -0.05948
5 7 0.12255
5 8 -0.16567
5 9 -0.09172
5 10 -0.00588
5 11 0.06655
5 12 0.09644
5 13 -0.04871
5 14 0.02437
5 15 0.08496
5 16 -0.10849
5 17 -0.11215
5 18 0.05865
5 19 -0.00598
5 20 -0.11599
5 21 0.18215
5 22 0.13499
5 23 -0.02581
5 24 -0.08631
5 25 -0.13168
5 26 -0.09077
5 27 0.06075
5 28 0.02672
5 29 -0.0062
5 30 -0.01849
5 31 0.17824
5 32 -0.04045
5 33 0.01192
5 34 -0.1704
5 35 -0.12346
5 36 -0.1151
5 37 -0.08134
5 38 -0.09247
5 39 -0.06185
5 40 0.02016
5 41 -0.22758
5 42 0.04725
5 43 -0.04252
5 44 0.06469
5 45 0.0161
5 46 0.18668
5 47 -0.04995
5 48 -0.04167
5 49 -0.19233
5 50 0.18636
5 51 0.13949
5 52 -0.02462
5 53 -0.03421
5 54 -0.06773
5 55 0.01076
5 56 0.1836
5 57 0.05174
5 58 0.08938
5 59 -0.08474
5 60 -0.06328
5 61 0.07221
5 62 -0.01214
5 63 0.08564
5 64 -0.15596
5 65 0.06926
5 66 0.04218
5 67 0.01631
5 68 -0.03499
5 69 0.127
5 70 0.17561
5 71 0.18579
5 72 0.19104
5 73 -0.02019
5 74 0.23367
5 75 -0.04884
5 76 0.07295
5 77 0.0139
5 78 0.00585
5 79 -0.02609
5 80 0.23866
5 81 0.06515
5 82 -0.04444
5 83 -0.11777
5 84 0.00569
5 85 0.08665
5 86 -0.06147
5 87 0.00393
5 88 0.01489
5 89 -0.11644
5 90 0.11
5 91 0.17487
5 92 -0.17542
5 93 0.00015
5 94 -0.06661
5 95 -0.09295
5 96 0.04983
5 97 -0.15343
5 98 -0.08109
5 99 0.0733
6 7 -0.06115
6 8 -0.02626
6 9 0.08736
6 10 0.06761
6 11 -0.02387
6 12 0.11446
6 13 -0.08187
6 14 -0.08532
6 15 -0.16338
6 16 -0.05384
6 17 -0.16414
6 18 0.07307
6 19 -0.06089
6 20 -0.01071
6 21 0.15939
6 22 -0.07762
6 23 -0.11993
6 24 0.00165
6 25 -0.04692
6 26 -0.25978
6 27 -0.14429
6 28 -0.03085
6 29 0.11299
6 30 0.03903
6 31 -0.02337
6 32 0.00019
6 33 -0.18182
6 34 -0.0955
6 35 -0.11104
6 36 0.02386
6 37 -0.10563
6 38 0.06616
6 39 0.09092
6 40 0.01342
6 41 -0.09668
6 42 0.15081
6 43 -0.16077
6 44 -0.01451
6 45 0.14594
6 46 -0.20773
6 47 -0.08698
6 48 -0.13894
6 49 0.21154
6 50 -0.00751
6 51 -0.19654
6 52 0.0238
6 53 0.11728
6 54 0.15695
6 55 0.28545
6 56 0.08704
6 57 0.04079
6 58 0.13335
6 59 -0.07006
6 60 -0.05849
6 61 0.06477
6 62 0.04876
6 63 0.00261
6 64 0.06138
6 65 -0.06566
6 66 -0.08735
6 67 0.06447
6 68 -0.01814
6 69 0.16728
6 70 -0.15292
6 71 -0.08686
6 72 -0.00313
6 73 -0.13022
6 74 0.20278
6 75 0.00939
6 76 -0.00791
6 77 -0.06742
6 78 0.002
6 79 0.18053
6 80 -0.0188
6 81 -0.0816
6 82 -0.15936
6 83 -0.07472
6 84 0.03593
6 85 0.06185
6 86 0.09055
6 87 -0.1591
6 88 0.06407
6 89 -0.00882
6 90 0.07467
6 91 -0.11011
6 92 -0.23008
6 93 0.12495
6 94 0.23045
6 95 -0.01683
6 96 0.16973
6 97 -0.04114
6 98 0.07294
6 99 0.01028
7 8 -0.00979
7 9 -0.10528
7 10 -0.08801
7 11 -0.20654
7 12 -0.04331
7 13 0.10453
7 14 -0.01
7 15 -0.07272
7 16 -0.16673
7 17 0.13611
7 18 -0.10527
7 19 0.19348
7 20 0.03233
7 21 0.05499
7 22 -0.04003
7 23 -0.07273
7 24 0.10956
7 25 0.01641
7 26 0.12905
7 27 -0.17253
7 28 0.01862
7 29 -0.03134
7 30 0.22193
7 31 -0.02754
7 32 -0.01409
7 33 -0.02675
7 34 0.04592
7 35 -0.13424
7 36 0.13486
7 37 0.0945
7 38 -0.03015
7 39 -0.01819
7 40 -0.02706
7 41 0.05391
7 42 0.07212
7 43 0.1696
7 44 0.10015
7 45 -0.09657
7 46 -0.05263
7 47 0.06326
7 48 -0.09654
7 49 0.09934
7 50 -0.02416
7 51 0.12257
7 52 -0.04577
7 53 -0.00417
7 54 -0.12785
7 55 -0.01712
7 56 0.03379
7 57 -0.10089
7 58 -0.10316
7 59 0.1309
7 60 0.1041
7 61 0.00095
7 62 0.08802
7 63 -0.2293
7 64 -0.07057
7 65 0.00345
7 66 0.04767
7 67 -0.07509
7 68 -0.13267
7 69 -0.02334
7 70 -0.01187
7 71 0.08799
7 72 0.04369
7 73 -0.05017
7 74 -0.10128
7 75 -0.05284
7 76 -0.04906
7 77 0.07962
7 78 -0.06065
7 79 -0.07318
7 80 -0.11111
7 81 0.00783
7 82 0.06358
7 83 -0.08248
7 84 0.06185
7 85 0.09782
7 86 0.07998
7 87 -0.02625
7 88 0.09777
7 89 -0.05528
7 90 -0.00497
7 91 -0.00107
7 92 0.05248
7 93 -0.10076
7 94 -0.10015
7 95 -0.10218
7 96 0.01674
7 97 0.04204
7 98 0.00626
7 99 0.07476
8 9 -0.12826
8 10 -0.0171
8 11 -0.00684
8 12 -0.00719
8 13 0.00212
8 14 -0.14617
8 15 0.08926
8 16 -0.01218
8 17 0.03659
8 18 -0.03244
8 19 0.08207
8 20 0.058
8 21 0.0394
8 22 -0.02478
8 23 0.07631
8 24 0.06221
8 25 0.19577
8 26 0.04932
8 27 -0.02985
8 28 0.0118
8 29 -0.03237
8 30 -0.08359
8 31 0.16894
8 32 -0.08397
8 33 -0.07736
8 34 -0.01851
8 35 0.03162
8 36 0.09795
8 37 0.14395
8 38 0.07928
8 39 0.0114
8 40 -0.11353
8 41 0.00573
8 42 -0.08497
8 43 -0.13041
8 44 0.0997
8 45 -0.08065
8 46 -0.03829
8 47 -0.07772
8 48 0.05804
8 49 -0.07827
8 50 0.04016
8 51 0.1535
8 52 0.04277
8 53 0.09331
8 54 -0.06851
8 55 -0.11141
8 56 -0.05922
8 57 -0.029
8 58 -0.1775
8 59 0.18548
8 60 -0.00567
8 61 0.088
8 62 -0.17862
8 63 -0.04024
8 64 -0.00088
8 65 0.0916
8 66 -0.04485
8 67 0.04493
8 68 0.10042
8 69 -0.0728
8 70 0.18078
8 71 -0.09945
8 72 0.09922
8 73 -0.04934
8 74 -0.09343
8 75 -0.07843
8 76 0.02821
8 77 -0.09182
8 78 -0.06643
8 79 -0.11238
8 80 -0.05352
8 81 0.1641
8 82 -0.07171
8 83 -0.02709
8 84 -0.2746
8 85 -0.03878
8 86 -0.03474
8 87 0.01894
8 88 0.17424
8 89 0.15502
8 90 0.03969
8 91 0.02366
8 92 -0.01781
8 93 0.05574
8 94 0.04806
8 95 -0.09912
8 96 0.06132
8 97 0.12364
8 98 0.00299
8 99 0.00704
9 10 0.16273
9 11 0.10666
9 12 -0.17736
9 13 0.21348
9 14 -0.13062
9 15 -0.09654
9 16 0.04319
9 17 0.05504
9 18 -0.06779
9 19 0.02226
9 20 0.04074
9 21 -0.00706
9 22 -0.00099
9 23 0.01079
9 24 -0.01288
9 25 -0.08445
9 26 -0.15146
9 27 0.10622
9 28 0.02552
9 29 0.031
9 30 -0.20286
9 31 0.04804
9 32 -0.01809
9 33 0.0022
9 34 -0.00697
9 35 -0.12872
9 36 -0.0774
9 37 0.07422
9 38 -0.06206
9 39 0.07351
9 40 0.24117
9 41 -0.02788
9 42 -0.031
9 43 -0.11412
9 44 0.09439
9 45 0.06847
9 46 -0.19358
9 47 0.08626
9 48 0.04548
9 49 -0.02784
9 50 0.10025
9 51 -0.08679
9 52 0.02352
9 53 0.00474
9 54 -0.04918
9 55 -0.09213
9 56 0.07087
9 57 0.11828
9 58 0.05729
9 59 0.14715
9 60 0.068
9 61 0.0206
9 62 -0.03315
9 63 0.05938
9 64 -0.02725
9 65 0.08792
9 66 0.05193
9 67 -0.05778
9 68 0.17686
9 69 -0.01779
9 70 0.07803
9 71 0.00119
9 72 0.17595
9 73 0.03294
9 74 -0.17547
9 75 -0.0207
9 76 -0.12708
9 77 0.12625
9 78 0.06442
9 79 0.05159
9 80 0.24297
9 81 -0.20293
9 82 -0.07749
9 83 0.01928
9 84 0.1029
9 85 0.07813
9 86 0.04419
9 87 0.02489
9 88 0.24581
9 89 -0.03967
9 90 0.11231
9 91 -0.09699
9 92 0.11753
9 93 0.03224
9 94 -0.16925
9 95 0.02767
9 96 0.01752
9 97 0.04178
9 98 0.02422
9 99 0.08564
10 11 0.10337
10 12 0.02861
10 13 0.00056
10 14 -0.12431
10 15 -0.11405
10 16 -0.15321
10 17 -0.0232
10 18 0.02193
10 19 0.17398
10 20 0.05021
10 21 0.08449
10 22 -0.03869
10 23 -0.0417
10 24 0.08145
10 25 -0.02708
10 26 0.03784
10 27 0.03617
10 28 -0.06158
10 29 0.15382
10 30 -0.04031
10 31 0.03589
10 32 -0.12177
10 33 -0.00387
10 34 -0.07152
10 35 -0.00321
10 36 -0.16346
10 37 -0.03091
10 38 -0.02206
10 39 -0.09531
10 40 0.10859
10 41 -0.04594
10 42 0.00067
10 43 -0.10443
10 44 -0.04767
10 45 0.01234
10 46 -0.05098
10 47 0.18832
10 48 0.06421
10 49 0.12666
10 50 0.06133
10 51 -0.1178
10 52 0.01753
10 53 0.17188
10 54 0.11834
10 55 0.01332
10 56 -0.09827
10 57 0.02328
10 58 0.01578
10 59 -0.04857
10 60 0.16495
10 61 0.16662
10 62 0.00924
10 63 0.13727
10 64 0.06676
10 65 0.03572
10 66 -0.14693
10 67 0.03139
10 68 0.07934
10 69 -0.04949
10 70 0.05184
10 71 0.00941
10 72 0.06696
10 73 0.0824
10 74 -0.01316
10 75 -0.0754
10 76 0.03743
10 77 0.02111
10 78 -0.126
10 79 0.01823
10 80 0.04704
10 81 -0.06344
10 82 0.01807
10 83 0.077
10 84 0.06876
10 85 0.0515
10 86 0.16561
10 87 -0.00583
10 88 0.10691
10 89 0.12419
10 90 -0.08138
10 91 -0.19903
10 92 -0.03882
10 93 0.08286
10 94 -0.0027
10 95 -0.02907
10 96 0.0319
10 97 -0.03666
10 98 0.01988
10 99 -0.0983
11 12 0.05897
11 13 0.02362
11 14 -0.08373
11 15 0.03013
11 16 -0.0837
11 17 -0.06937
11 18 -0.01702
11 19 0.2104
11 20 -0.10433
11 21 -0.06496
11 22 -0.16446
11 23 0.07544
11 24 -0.15225
11 25 0.06404
11 26 0.01056
11 27 -0.02803
11 28 -0.13491
11 29 -0.00627
11 30 -0.14801
11 31 -0.22065
11 32 -0.20958
11 33 -0.04888
11 34 -0.18805
11 35 0.14815
11 36 0.10905
11 37 0.16515
11 38 -0.11372
11 39 0.09378
11 40 0.15088
11 41 0.2505
11 42 -0.1349
11 43 -0.01521
11 44 -0.02983
11 45 -0.12653
11 46 0.04045
11 47 -0.12052
11 48 -0.17273
11 49 -0.01362
11 50 0.01964
11 51 0.08421
11 52 0.08054
11 53 0.01832
11 54 0.07508
11 55 -0.00393
11 56 0.02412
11 57 -0.05084
11 58 0.20527
11 59 -0.02766
11 60 0.01249
11 61 -0.06786
11 62 0.22864
11 63 -0.00947
11 64 0.0403
11 65 -0.11493
11 66 0.18702
11 67 -0.0727
11 68 -0.0891
11 69 0.18475
11 70 0.10846
11 71 -0.0296
11 72 -0.09736
11 73 -0.03985
11 74 0.18034
11 75 0.12686
11 76 0.1039
11 77 0.02886
11 78 0.1128
11 79 -0.03671
11 80 0.09208
11 81 -0.10832
11 82 0.01725
11 83 -0.04999
11 84 0.12146
11 85 0.05605
11 86 -0.18996
11 87 -0.09313
11 88 -0.09247
11 89 0.18775
11 90 -0.04801
11 91 -0.04845
11 92 0.00816
11 93 0.11628
11 94 -0.07299
11 95 0.26905
11 96 0.03275
11 97 -0.07727
11 98 -0.09214
11 99 0.03282
12 13 0.11521
12 14 0.02621
12 15 -0.06904
12 16 0.09404
12 17 0.17702
12 18 -0.04275
12 19 0.03583
12 20 -0.00312
12 21 0.00133
12 22 0.08612
12 23 0.21261
12 24 -0.02846
12 25 0.05487
12 26 -0.13959
12 27 -0.16132
12 28 0.02089
12 29 0.10769
12 30 0.09157
12 31 0.15621
12 32 -0.15802
12 33 0.11451
12 34 -0.00124
12 35 -0.15962
12 36 -0.03759
12 37 -0.13891
12 38 0.09115
12 39 0.04026
12 40 0.03551
12 41 -0.06398
12 42 -0.00367
12 43 0.01008
12 44 0.11172
12 45 -0.24735
12 46 0.02295
12 47 -0.01567
12 48 -0.05863
12 49 0.06207
12 50 -0.05411
12 51 0.076
12 52 0.02053
12 53 -0.02457
12 54 0.01156
12 55 0.13652
12 56 -0.097
12 57 -0.10564
12 58 -0.05913
12 59 0.02673
12 60 -0.09091
12 61 0.01135
12 62 -0.0073
12 63 -0.02193
12 64 0.09613
12 65 -0.09675
12 66 0.06615
12 67 0.06291
12 68 0.05816
12 69 -0.06349
12 70 0.09233
12 71 0.0887
12 72 -0.08791
12 73 -0.10372
12 74 0.00731
12 75 -0.10014
12 76 -0.10226
12 77 -0.06344
12 78 -0.09135
12 79 0.1184
12 80 0.07
12 81 0.00551
12 82 -0.23204
12 83 -0.20279
12 84 0.09024
12 85 0.10494
12 86 -0.16571
12 87 -0.15182
12 88 0.06789
12 89 0.05729
12 90 -0.08886
12 91 -0.11863
12 92 -0.09244
12 93 0.08041
12 94 0.05435
12 95 0.18457
12 96 0.04045
12 97 -0.12303
12 98 -0.07087
12 99 -0.0737
13 14 0.12294
13 15 -0.08165
13 16 0.00351
13 17 -0.18944
13 18 -0.01534
13 19 0.19498
13 20 -0.08558
13 21 0.0455
13 22 -0.06895
13 23 -0.01919
13 24 -0.00964
13 25 0.09763
13 26 -0.08528
13 27 -0.15973
13 28 0.19488
13 29 -0.07188
13 30 -0.10034
13 31 -0.01363
13 32 0.01453
13 33 -0.05612
13 34 0.02073
13 35 0.04858
13 36 -0.1438
13 37 0.07225
13 38 0.00352
13 39 0.03513
13 40 0.05534
13 41 0.01461
13 42 -0.16101
13 43 0.02071
13 44 0.1783
13 45 -0.02686
13 46 -0.07312
13 47 0.08208
13 48 -0.00495
13 49 -0.18411
13 50 -0.04942
13 51 0.1271
13 52 -0.10783
13 53 -0.00529
13 54 -0.08239
13 55 -0.14092
13 56 0.05229
13 57 0.0191
13 58 -0.02228
13 59 0.05513
13 60 -0.0306
13 61 -0.07522
13 62 0.07854
13 63 -0.15425
13 64 -0.15121
13 65 0.08961
13 66 0.0467
13 67 0.04174
13 68 -0.1166
13 69 0.01861
13 70 0.01088
13 71 0.10876
13 72 0.07911
13 73 -0.11418
13 74 0.05506
13 75 -0.03701
13 76 -0.0593
13 77 0.03451
13 78 -0.02872
13 79 0.03348
13 80 0.06002
13 81 -0.11215
13 82 0.11628
13 83 0.17947
13 84 0
13 85 -0.07473
13 86 0.12883
13 87 0.09526
13 88 -0.1216
13 89 -0.03493
13 90 -0.08946
13 91 -0.14388
13 92 -0.11606
13 93 0.05514
13 94 -0.03849
13 95 0.04907
13 96 0.16043
13 97 0.09791
13 98 -0.07391
13 99 0.04398
14 15 -0.03167
14 16 0.00153
14 17 -0.08098
14 18 -0.02308
14 19 0.03228
14 20 -0.02798
14 21 -0.05384
14 22 0.10236
14 23 0.06431
14 24 0.01281
14 25 0.07035
14 26 0.04559
14 27 0.05549
14 28 -0.07216
14 29 -0.10598
14 30 -0.02695
14 31 -0.10369
14 32 -0.13916
14 33 -0.01055
14 34 -0.00088
14 35 0.09951
14 36 0.05738
14 37 0.00455
14 38 0.11197
14 39 0.02987
14 40 -0.05489
14 41 0.18465
14 42 -0.15865
14 43 0.07107
14 44 -0.07176
14 45 0.00211
14 46 0.13838
14 47 -0.01135
14 48 -0.18926
14 49 -0.02698
14 50 0.04078
14 51 0.13706
14 52 -0.0097
14 53 -0.02206
14 54 0.0375
14 55 -0.03545
14 56 0.09998
14 57 -0.17282
14 58 0.10286
14 59 0.05381
14 60 0.07873
14 61 0.04267
14 62 0.08663
14 63 -0.0497
14 64 -0.01071
14 65 0.12108
14 66 -0.0894
14 67 -0.08824
14 68 0.03044
14 69 -0.18723
14 70 0.05942
14 71 0.096
14 72 -0.26992
14 73 -0.02869
14 74 -0.05426
14 75 0.03614
14 76 -0.19711
14 77 -0.04976
14 78 0.03736
14 79 0.00618
14 80 0.11827
14 81 0.1161
14 82 -0.00624
14 83 -0.13648
14 84 -0.08134
14 85 0.05501
14 86 0.13399
14 87 0.10251
14 88 0.06769
14 89 0.07898
14 90 0.06352
14 91 0.03778
14 92 -0.10352
14 93 0.04139
14 94 0.11243
14 95 -0.0273
14 96 0.02123
14 97 0.03122
14 98 -0.034
14 99 0.13482
15 16 0.19601
15 17 0.19402
15 18 -0.02979
15 19 -0.00852
15 20 -0.03941
15 21 -0.01421
15 22 -0.07228
15 23 -0.08642
15 24 -0.05411
15 25 -0.04656
15 26 0.12221
15 27 0.01145
15 28 0.08745
15 29 -0.00543
15 30 -0.08515
15 31 -0.16906
15 32 0.09441
15 33 0.15717
15 34 -0.0056
15 35 0.0985
15 36 -0.1125
15 37 0.0103
15 38 -0.08243
15 39 -0.05228
15 40 -0.08473
15 41 -0.00697
15 42 -0.06088
15 43 -0.05239
15 44 0.01771
15 45 -0.07133
15 46 0.05471
15 47 -0.17116
15 48 0.03105
15 49 -0.00088
15 50 -0.22672
15 51 -0.1203
15 52 0.11533
15 53 -0.00713
15 54 -0.04407
15 55 -0.00931
15 56 -0.0085
15 57 0.00588
15 58 -0.14767
15 59 -0.02139
15 60 0.04806
15 61 -0.09731
15 62 -0.04539
15 63 -0.06849
15 64 -0.00521
15 65 0.00128
15 66 -0.17863
15 67 0.05597
15 68 -0.05808
15 69 0.06479
15 70 -0.04278
15 71 0.0218
15 72 -0.14801
15 73 -0.11741
15 74 0.01057
15 75 0.01529
15 76 -0.14679
15 77 -0.02662
15 78 0.14291
15 79 0.09263
15 80 0.05121
15 81 0.08388
15 82 -0.00328
15 83 0.11934
15 84 -0.1637
15 85 -0.20272
15 86 0.06508
15 87 0.06487
15 88 -0.03074
15 89 -0.0988
15 90 0.02161
15 91 -0.09623
15 92 0.19845
15 93 -0.03141
15 94 -0.0586
15 95 0.052
15 96 0.05635
15 97 -0.00694
15 98 -0.03349
15 99 -0.02202
16 17 0.12733
16 18 0.04731
16 19 -0.11726
16 20 -0.20381
16 21 0.00286
16 22 0.02248
16 23 0.08118
16 24 -0.01552
16 25 0.00729
16 26 -0.03528
16 27 0.16543
16 28 -0.04184
16 29 0.03095
16 30 0.15718
16 31 0.02025
16 32 0.03799
16 33 0.14078
16 34 -0.07329
16 35 0.06717
16 36 0.11368
16 37 0.23468
16 38 0.07578
16 39 0.10318
16 40 -0.00475
16 41 0.07585
16 42 0.10988
16 43 0.02454
16 44 0.00305
16 45 0.0229
16 46 -0.0888
16 47 -0.09487
16 48 -0.08147
16 49 -0.06725
16 50 -0.13057
16 51 -0.11383
16 52 0.24145
16 53 -0.11479
16 54 0.04991
16 55 -0.07443
16 56 -0.10425
16 57 0.17226
16 58 -0.05886
16 59 0.05127
16 60 0.12854
16 61 0.00991
16 62 0.03494
16 63 -0.03311
16 64 -0.03136
16 65 -0.04866
16 66 -0.00274
16 67 0.07588
16 68 0.08566
16 69 -0.09944
16 70 -0.13485
16 71 0.07888
16 72 -0.05027
16 73 -0.13363
16 74 -0.03209
16 75 0.03423
16 76 -0.02915
16 77 0.03615
16 78 -0.01458
16 79 -0.09898
16 80 0.01706
16 81 0.06479
16 82 -0.14142
16 83 -0.01904
16 84 0.0225
16 85 -0.06895
16 86 0.17276
16 87 0.02616
16 88 0.04834
16 89 -0.00061
16 90 -0.02805
16 91 0.05175
16 92 -0.09397
16 93 0.22828
16 94 -0.09158
16 95 -0.18901
16 96 0.12802
16 97 -0.21318
16 98 -0.10113
16 99 -0.09827
17 18 0.00639
17 19 0.00959
17 20 -0.05348
17 21 0.0517
17 22 0.15459
17 23 0.03374
17 24 -0.11082
17 25 0.15827
17 26 -0.05845
17 27 -0.11544
17 28 -0.04867
17 29 -0.12143
17 30 0.09601
17 31 0.18522
17 32 0.04584
17 33 -0.03072
17 34 0.01904
17 35 -0.07483
17 36 -0.09797
17 37 0.20714
17 38 0.16976
17 39 -0.00065
17 40 -0.0739
17 41 0.02511
17 42 0.0676
17 43 -0.0545
17 44 0.06033
17 45 0.10772
17 46 0.09055
17 47 -0.13549
17 48 -0.00349
17 49 -0.04509
17 50 0.08557
17 51 -0.11844
17 52 -0.03436
17 53 0.12671
17 54 0.04825
17 55 0.03095
17 56 -0.0578
17 57 -0.09559
17 58 0.02227
17 59 -0.05441
17 60 -0.02838
17 61 -0.10956
17 62 -0.02362
17 63 0.04932
17 64 0.1336
17 65 -0.11206
17 66 0.07364
17 67 -0.05432
17 68 -0.09015
17 69 -0.13977
17 70 0.17396
17 71 0.04353
17 72 0.09741
17 73 0.06643
17 74 0.00423
17 75 -0.00636
17 76 -0.07998
17 77 -0.06423
17 78 0.0586
17 79 0.08547
17 80 -0.10592
17 81 -0.09639
17 82 -0.02352
17 83 0.01054
17 84 -0.03248
17 85 -0.00548
17 86 0.04755
17 87 -0.07019
17 88 0.09204
17 89 0.27422
17 90 -0.16029
17 91 0.06038
17 92 -0.01769
17 93 -0.07545
17 94 0.10547
17 95 -0.04145
17 96 -0.05337
17 97 -0.02638
17 98 0.04352
17 99 0.03082
18 19 0.08772
18 20 0.03653
18 21 -0.12641
18 22 -0.05704
18 23 -0.03825
18 24 -0.14753
18 25 -0.18035
18 26 -0.03509
18 27 0.05512
18 28 0.01587
18 29 -0.17142
18 30 0.20171
18 31 -0.34666
18 32 0.02512
18 33 0.14246
18 34 0.06487
18 35 0.0626
18 36 0.05696
18 37 0.16105
18 38 0.10409
18 39 -0.08709
18 40 -0.09089
18 41 -0.01245
18 42 0.09134
18 43 0.01107
18 44 0.07807
18 45 0.08086
18 46 0.05358
18 47 -0.23046
18 48 0.09282
18 49 0.07714
18 50 0.11834
18 51 0.06363
18 52 -0.01089
18 53 -0.0547
18 54 -0.08756
18 55 -0.14816
18 56 0.1822
18 57 0.07383
18 58 -0.20997
18 59 0.12161
18 60 -0.01235
18 61 -0.09071
18 62 -0.19962
18 63 -0.12935
18 64 -0.09159
18 65 0.06421
18 66 -0.1299
18 67 -0.04807
18 68 0.08334
18 69 -0.02792
18 70 0.02986
18 71 -0.0032
18 72 -0.05941
18 73 0.04219
18 74 -0.02408
18 75 -0.08651
18 76 0.02795
18 77 0.01864
18 78 0.05314
18 79 0.17312
18 80 -0.0527
18 81 0.02532
18 82 0.03238
18 83 0.0503
18 84 0.00906
18 85 -0.0088
18 86 0.01244
18 87 0.06311
18 88 0.07029
18 89 0.06422
18 90 -0.02251
18 91 0.02618
18 92 -0.14409
18 93 0.06317
18 94 -0.09736
18 95 0.15289
18 96 0.05058
18 97 -0.11706
18 98 0.06946
18 99 -0.00625
19 20 0.01622
19 21 -0.05187
19 22 -0.08826
19 23 -0.03358
19 24 -0.09274
19 25 -0.04254
19 26 -0.06158
19 27 0.04052
19 28 0.03086
19 29 -0.19912
19 30 -0.09287
19 31 -0.05997
19 32 -0.13055
19 33 -0.03822
19 34 -0.10565
19 35 -0.01615
19 36 -0.09826
19 37 -0.03663
19 38 0.04206
19 39 0.05359
19 40 0.0448
19 41 -0.03431
19 42 0.05987
19 43 0.18314
19 44 -0.02956
19 45 0.00518
19 46 -0.1269
19 47 -0.13519
19 48 0.09223
19 49 -0.04556
19 50 -0.10833
19 51 0.16986
19 52 0.11381
19 53 0.028
19 54 0.1343
19 55 0.07956
19 56 0.08201
19 57 0.17175
19 58 -0.01183
19 59 0.00594
19 60 -0.08346
19 61 -0.1136
19 62 -0.01844
19 63 -0.17579
19 64 0.13124
19 65 -0.0145
19 66 0.0161
19 67 -0.09679
19 68 -0.03606
19 69 0.01508
19 70 -0.13851
19 71 -0.05369
19 72 -0.15894
19 73 -0.05499
19 74 -0.14251
19 75 0.016
19 76 0.03164
19 77 -0.06006
19 78 0.09773
19 79 0.14276
19 80 0.09691
19 81 -0.03956
19 82 0.02221
19 83 0.14004
19 84 0.15283
19 85 -0.0017
19 86 0.06603
19 87 0.04372
19 88 -0.05111
19 89 0.20268
19 90 0.00829
19 91 0.06108
19 92 0.02659
19 93 -0.01279
19 94 0.04685
19 95 0.01804
19 96 0.0596
19 97 -0.03528
19 98 0.0087
19 99 -0.12574
20 21 0.06881
20 22 0.0671
20 23 0.01974
20 24 -0.01366
20 25 0.13395
20 26 0.1144
20 27 -0.12312
20 28 -0.08062
20 29 0.01992
20 30 -0.09517
20 31 0.03142
20 32 -0.02669
20 33 0.0624
20 34 0.08363
20 35 -0.07713
20 36 -0.02657
20 37 -0.02491
20 38 0.11268
20 39 0.05592
20 40 0.23615
20 41 -0.17683
20 42 0.02729
20 43 0.05951
20 44 -0.06496
20 45 -0.02628
20 46 0.0645
20 47 0.01893
20 48 -0.03525
20 49 0.07846
20 50 -0.14735
20 51 -0.06623
20 52 0.23529
20 53 -0.02462
20 54 0.09552
20 55 -0.06494
20 56 -0.02856
20 57 0.21654
20 58 -0.06436
20 59 0.01864
20 60 -0.17818
20 61 0.23498
20 62 0.09159
20 63 0.02716
20 64 0.20633
20 65 0.11571
20 66 -0.02616
20 67 0.02568
20 68 0.01235
20 69 -0.10868
20 70 0.15238
20 71 -0.13245
20 72 -0.06205
20 73 0.02336
20 74 -0.02027
20 75 -0.02254
20 76 -0.06201
20 77 -0.0816
20 78 0.09145
20 79 0.2542
20 80 -0.13374
20 81 0.16986
20 82 0.20771
20 83 0.11262
20 84 0.05012
20 85 -0.02846
20 86 -0.10153
20 87 -0.05098
20 88 0.05046
20 89 0.02256
20 90 -0.04456
20 91 -0.03655
20 92 0.00078
20 93 0.14435
20 94 0.14917
20 95 0.08042
20 96 0.05968
20 97 0.02947
20 98 -0.03269
20 99 0.06883
21 22 0.07008
21 23 0.04597
21 24 -0.15174
21 25 -0.20858
21 26 0.01906
21 27 -0.27739
21 28 0.04307
21 29 0.1333
21 30 0.25773
21 31 0.11253
21 32 -0.04516
21 33 0.23284
21 34 0.03062
21 35 -0.0178
21 36 -0.14845
21 37 0.05282
21 38 0.12428
21 39 -0.10489
21 40 -0.07429
21 41 0.14119
21 42 -0.03306
21 43 0.07001
21 44 -0.15962
21 45 -0.03594
21 46 0.02971
21 47 -0.13238
21 48 -0.24511
21 49 0.13169
21 50 0.03035
21 51 -0.15018
21 52 0.19425
21 53 0.01627
21 54 0.0953
21 55 0.148
21 56 -0.05908
21 57 -0.06903
21 58 0.05297
21 59 0.13248
21 60 0.02796
21 61 -0.02231
21 62 -0.18348
21 63 0.04166
21 64 0.0211
21 65 0.04209
21 66 0.05034
21 67 0.19562
21 68 0.0729
21 69 0.07657
21 70 -0.03871
21 71 0.07195
21 72 0.05498
21 73 -0.12089
21 74 -0.00718
21 75 0.02505
21 76 -0.0313
21 77 -0.20805
21 78 0.12894
21 79 0.05282
21 80 0.01066
21 81 -0.12706
21 82 0.04563
21 83 0.03157
21 84 -0.10436
21 85 -0.06008
21 86 -0.05051
21 87 0.01093
21 88 -0.0103
21 89 0.07956
21 90 0.03872
21 91 -0.16114
21 92 -0.04124
21 93 -0.02536
21 94 0.00583
21 95 0.00595
21 96 -0.04183
21 97 0.10566
21 98 0.08648
21 99 -0.01952
22 23 -0.05438
22 24 0.01769
22 25 -0.09286
22 26 -0.06299
22 27 0.04576
22 28 -0.10687
22 29 0.15242
22 30 0.00693
22 31 -0.17035
22 32 -0.08347
22 33 -0.13621
22 34 0.18859
22 35 -0.00883
22 36 0.10998
22 37 0.02583
22 38 0.14453
22 39 -0.115
22 40 0.04032
22 41 0.0181
22 42 0.11503
22 43 0.19436
22 44 0.11534
22 45 0.02368
22 46 -0.03816
22 47 -0.06872
22 48 0.08847
22 49 -0.00846
22 50 0.10516
22 51 0.03732
22 52 0.0253
22 53 0.11846
22 54 -0.08382
22 55 -0.09456
22 56 0.0164
22 57 -0.10446
22 58 0.0431
22 59 0.01606
22 60 0.02686
22 61 -0.07649
22 62 -0.12462
22 63 -0.09674
22 64 0.0946
22 65 0.06425
22 66 -0.01291
22 67 0.19099
22 68 0.04594
22 69 -0.02014
22 70 -0.03109
22 71 0.00298
22 72 -0.00479
22 73 0.05338
22 74 0.02402
22 75 -0.12733
22 76 0.03342
22 77 -0.0634
22 78 -0.01114
22 79 -0.01261
22 80 -0.04284
22 81 0.06286
22 82 0.02851
22 83 -0.07203
22 84 -0.04514
22 85 0.04163
22 86 -0.00136
22 87 0.05467
22 88 -0.14881
22 89 0.13065
22 90 0.05732
22 91 -0.11286
22 92 -0.00042
22 93 -0.14232
22 94 0.08068
22 95 0.0256
22 96 0.14391
22 97 0.07753
22 98 0.10142
22 99 -0.14804
23 24 0.04647
23 25 0.05662
23 26 -0.00762
23 27 0.00782
23 28 -0.07934
23 29 0.00696
23 30 0.12239
23 31 -0.05821
23 32 0.13806
23 33 0.00027
23 34 -0.00949
23 35 0.04466
23 36 -0.00455
23 37 -0.07759
23 38 0.07076
23 39 0.12036
23 40 -0.03701
23 41 -0.01692
23 42 0.10894
23 43 0.04962
23 44 0.13308
23 45 0.13598
23 46 0.14722
23 47 0.0062
23 48 -0.04328
23 49 0.18663
23 50 -0.15844
23 51 -0.08041
23 52 -0.11569
23 53 0.08818
23 54 0.0924
23 55 -0.00539
23 56 -0.10173
23 57 -0.0254
23 58 -0.08173
23 59 -0.15167
23 60 -0.06185
23 61 0.06082
23 62 0.08309
23 63 -0.17455
23 64 -0.01377
23 65 -0.03188
23 66 0.16458
23 67 0.00634
23 68 0.01792
23 69 -0.00706
23 70 0.06712
23 71 0.04676
23 72 0.03014
23 73 -0.05083
23 74 -0.09214
23 75 -0.22937
23 76 -0.06845
23 77 0.03458
23 78 0.09539
23 79 0.00332
23 80 -0.11717
23 81 0.08116
23 82 0.02539
23 83 -0.13575
23 84 -0.12993
23 85 -0.05238
23 86 -0.13877
23 87 -0.00096
23 88 -0.05784
23 89 -0.05072
23 90 -0.05112
23 91 0.20295
23 92 -0.10925
23 93 -0.01261
23 94 0.14219
23 95 -0.08413
23 96 -0.03784
23 97 -0.08448
23 98 -0.13551
23 99 0.05006
24 25 -0.21195
24 26 0.01946
24 27 0.05165
24 28 0.12102
24 29 0.043
24 30 0.03605
24 31 0.01213
24 32 0.07021
24 33 -0.11052
24 34 -0.1193
24 35 0.07997
24 36 -0.09774
24 37 0.03923
24 38 -0.05311
24 39 0.05279
24 40 -0.07976
24 41 0.03871
24 42 -0.22539
24 43 0.02869
24 44 -0.08066
24 45 0.12429
24 46 -0.0897
24 47 -0.10404
24 48 -0.00525
24 49 -0.03905
24 50 -0.02754
24 51 0.09523
24 52 0.14451
24 53 0.04106
24 54 -0.03807
24 55 -0.06579
24 56 -0.00164
24 57 -0.06343
24 58 -0.05478
24 59 0.12885
24 60 -0.01142
24 61 -0.0857
24 62 -0.01662
24 63 0.00699
24 64 0.04242
24 65 -0.04676
24 66 -0.16804
24 67 -0.08747
24 68 0.01037
24 69 0.09728
24 70 -0.00846
24 71 0.21284
24 72 -0.02115
24 73 0.05426
24 74 -0.00479
24 75 0.05471
24 76 0.05153
24 77 0.17587
24 78 -0.07808
24 79 0.0656
24 80 0.05454
24 81 -0.048
24 82 -0.12176
24 83 0.06112
24 84 -0.04016
24 85 0.14937
24 86 0.02491
24 87 0.07812
24 88 0.12894
24 89 -0.10844
24 90 -0.09478
24 91 0.18125
24 92 0.21943
24 93 0.07933
24 94 0.01795
24 95 0.11656
24 96 0.01341
24 97 0.07823
24 98 -0.04782
24 99 -0.02874
25 26 0.01658
25 27 -0.05107
25 28 0.07834
25 29 -0.11045
25 30 0.02464
25 31 -0.09598
25 32 -0.00301
25 33 -0.13727
25 34 -0.08337
25 35 0.04646
25 36 0.02589
25 37 -0.03206
25 38 0.04393
25 39 0.06109
25 40 -0.04583
25 41 0.09192
25 42 -0.05821
25 43 0.06014
25 44 -0.04109
25 45 -0.06101
25 46 0.09818
25 47 -0.00156
25 48 -0.07395
25 49 0.14923
25 50 -0.13268
25 51 -0.03343
25 52 -0.17418
25 53 0.04116
25 54 0.01254
25 55 0.00313
25 56 0.00934
25 57 -0.00124
25 58 -0.12089
25 59 -0.03781
25 60 -0.00338
25 61 -0.00187
25 62 0.12344
25 63 0.09825
25 64 -0.06624
25 65 0.12659
25 66 -0.05633
25 67 -0.08293
25 68 -0.07007
25 69 0.03675
25 70 0.04028
25 71 0.06247
25 72 0.25577
25 73 0.09656
25 74 0.11454
25 75 -0.00047
25 76 0.00685
25 77 -0.02886
25 78 0.07858
25 79 0.02415
25 80 0.10677
25 81 -0.1065
25 82 0.00272
25 83 -0.04102
25 84 0.04939
25 85 -0.003
25 86 -0.03622
25 87 -0.12343
25 88 -0.0936
25 89 0.00228
25 90 -0.01684
25 91 -0.04373
25 92 -0.12263
25 93 0.17045
25 94 -0.20846
25 95 0.02544
25 96 0.03306
25 97 -0.0988
25 98 0.19242
25 99 -0.0275
26 27 0.03788
26 28 -0.11505
26 29 -0.13476
26 30 0.10075
26 31 -0.21363
26 32 0.11096
26 33 -0.23661
26 34 -0.20504
26 35 0.20011
26 36 -0.04795
26 37 -0.19037
26 38 -0.0451
26 39 -0.14779
26 40 -0.06523
26 41 0.03659
26 42 0.11732
26 43 -0.04125
26 44 0.00246
26 45 0.02897
26 46 -0.01914
26 47 0.02676
26 48 0.1695
26 49 0.04873
26 50 0.01771
26 51 -0.04639
26 52 0.01461
26 53 0.11778
26 54 0.14068
26 55 -0.142
26 56 -0.04543
26 57 -0.15479
26 58 0.14937
26 59 -0.05683
26 60 -0.00111
26 61 0.13308
26 62 -0.08126
26 63 0.04424
26 64 -0.09328
26 65 0.12162
26 66 -0.03457
26 67 -0.06591
26 68 0.1724
26 69 0.05498
26 70 0.0413
26 71 0.08414
26 72 0.07155
26 73 0.06984
26 74 -0.02162
26 75 0.00883
26 76 -0.19927
26 77 -0.00166
26 78 0.05187
26 79 0.11164
26 80 -0.0431
26 81 0.06018
26 82 -0.088
26 83 0.11217
26 84 -0.01495
26 85 0.0383
26 86 -0.01262
26 87 0.17563
26 88 -0.21432
26 89 -0.23688
26 90 0.01481
26 91 0.12533
26 92 0.00634
26 93 -0.00349
26 94 0.11085
26 95 -0.21229
26 96 0.00788
26 97 0.07867
26 98 0.02518
26 99 0.17207
27 28 0.25728
27 29 -0.01585
27 30 0.04119
27 31 0.02436
27 32 0.03017
27 33 0.02217
27 34 -0.13789
27 35 0.06474
27 36 0.10637
27 37 -0.19513
27 38 -0.10213
27 39 -0.00962
27 40 -0.14208
27 41 0.03378
27 42 0.09899
27 43 0.19964
27 44 -0.07944
27 45 0.04012
27 46 -0.10433
27 47 0.07405
27 48 0.11402
27 49 0.0775
27 50 -0.2323
27 51 0.01576
27 52 -0.13236
27 53 -0.01762
27 54 0.09405
27 55 0.19088
27 56 0.02435
27 57 0.02625
27 58 -0.01196
27 59 0.06746
27 60 0.02417
27 61 -0.01404
27 62 -0.11593
27 63 -0.12911
27 64 -0.14803
27 65 -0.01705
27 66 0.06725
27 67 0.03858
27 68 0.2258
27 69 0.0276
27 70 -0.06393
27 71 -0.26667
27 72 0.15887
27 73 0.02223
27 74 -0.0297
27 75 0.05551
27 76 0.03234
27 77 0.0987
27 78 0.0141
27 79 -0.07896
27 80 0.0185
27 81 0.13212
27 82 0.13012
27 83 -0.01106
27 84 0.10297
27 85 0.13005
27 86 -0.146
27 87 0.01463
27 88 0.07891
27 89 0.08227
27 90 0.00539
27 91 0.23194
27 92 0.004
27 93 -0.16746
27 94 -0.02285
27 95 0.13539
27 96 0.01223
27 97 -0.03838
27 98 -0.21118
27 99 -0.08861
28 29 0.06329
28 30 0.09535
28 31 -0.2571
28 32 0.11911
28 33 -0.1385
28 34 0.06383
28 35 -0.13326
28 36 0.04892
28 37 0.02287
28 38 -0.10265
28 39 -0.02737
28 40 -0.13104
28 41 -0.1626
28 42 -0.10355
28 43 0.13737
28 44 0.00184
28 45 -0.01562
28 46 0.13734
28 47 -0.02217
28 48 0.00339
28 49 -0.13272
28 50 0.02692
28 51 -0.00275
28 52 0.04525
28 53 -0.13094
28 54 0.01736
28 55 -0.01275
28 56 -0.06358
28 57 0.00157
28 58 -0.0182
28 59 -0.05332
28 60 0.20678
28 61 0.07686
28 62 -0.01932
28 63 -0.09382
28 64 0.1273
28 65 0.08296
28 66 -0.08772
28 67 0.0369
28 68 -0.04325
28 69 -0.06409
28 70 -0.11548
28 71 0.1661
28 72 -0.00297
28 73 -0.05249
28 74 0.24258
28 75 -0.05161
28 76 0.23473
28 77 -0.03371
28 78 0.08739
28 79 -0.11997
28 80 0.11873
28 81 0.05108
28 82 -0.1415
28 83 -0.19282
28 84 0.06661
28 85 0.05076
28 86 0.06835
28 87 0.04321
28 88 -0.13642
28 89 -0.1685
28 90 0.20159
28 91 -0.08534
28 92 -0.06565
28 93 0.02409
28 94 0.06962
28 95 0.0532
28 96 0.14727
28 97 -0.06435
28 98 0.12121
28 99 -0.19971
29 30 0.16755
29 31 -0.06332
29 32 0.13326
29 33 -0.08205
29 34 0.04449
29 35 -0.08961
29 36 0.01231
29 37 0.09412
29 38 -0.0544
29 39 -0.17017
29 40 0.00468
29 41 0.1315
29 42 0.05419
29 43 -0.0809
29 44 -0.16126
29 45 -0.01299
29 46 -0.13344
29 47 0.14677
29 48 0.07645
29 49 -0.25027
29 50 -0.08389
29 51 0.00073
29 52 -0.10931
29 53 -0.091
29 54 -0.07975
29 55 0.07469
29 56 0.11788
29 57 0.10432
29 58 0.00338
29 59 0.22004
29 60 -0.03249
29 61 0.17755
29 62 -0.23542
29 63 -0.02283
29 64 -0.2437
29 65 -0.00937
29 66 -0.06944
29 67 -0.07695
29 68 -0.06444
29 69 -0.0264
29 70 -0.05968
29 71 -0.08387
29 72 0.20441
29 73 -0.07262
29 74 0.03833
29 75 -0.07122
29 76 -0.11587
29 77 0.1406
29 78 0.15276
29 79 0.19631
29 80 -0.02399
29 81 0.29639
29 82 0.10605
29 83 -0.17062
29 84 0.14405
29 85 0.09677
29 86 -0.00671
29 87 0.00808
29 88 -0.11372
29 89 -0.04015
29 90 -0.00542
29 91 0.08541
29 92 0.05983
29 93 0.09251
29 94 -0.04277
29 95 -0.03994
29 96 0.07289
29 97 -0.07618
29 98 0.02056
29 99 0.092
30 31 0.04105
30 32 0.06398
30 33 -0.11024
30 34 0.01087
30 35 -0.0674
30 36 -0.00323
30 37 0.03443
30 38 -0.19155
30 39 0.05488
30 40 -0.04024
30 41 0.10246
30 42 0.09238
30 43 -0.095
30 44 0.30167
30 45 0.02771
30 46 0.11316
30 47 -0.0434
30 48 0.07769
30 49 0.1354
30 50 -0.01642
30 51 -0.0123
30 52 0.03989
30 53 -0.02722
30 54 0.03648
30 55 -0.10134
30 56 0.01223
30 57 0.06229
30 58 -0.08337
30 59 0.05565
30 60 -0.02282
30 61 0.08406
30 62 -0.05203
30 63 0.07604
30 64 -0.01608
30 65 0.01625
30 66 0.01325
30 67 -0.05814
30 68 -0.02746
30 69 0.04246
30 70 -0.19201
30 71 -0.04012
30 72 -0.05099
30 73 -0.0585
30 74 -0.14497
30 75 0.03113
30 76 0.08547
30 77 0.18151
30 78 0.24678
30 79 -0.03058
30 80 -0.11214
30 81 0.08013
30 82 -0.09431
30 83 -0.25884
30 84 -0.04823
30 85 0.04101
30 86 0.08133
30 87 0.18299
30 88 -0.0328
30 89 -0.20578
30 90 0.12303
30 91 0.02885
30 92 0.09528
30 93 -0.15595
30 94 -0.05416
30 95 0.04736
30 96 0.08946
30 97 0.00793
30 98 0.11806
30 99 -0.13391
31 32 0.23581
31 33 -0.01169
31 34 -0.06671
31 35 -0.06959
31 36 0.12489
31 37 0.04292
31 38 -0.0494
31 39 -0.12882
31 40 0.02336
31 41 0.0274
31 42 -0.02697
31 43 0.16581
31 44 0.03529
31 45 0.04825
31 46 -0.10814
31 47 0.12461
31 48 0.04555
31 49 0.01665
31 50 -0.07692
31 51 -0.01751
31 52 0.0372
31 53 0.09302
31 54 0.10127
31 55 0.17021
31 56 -0.03094
31 57 -0.03617
31 58 -0.05383
31 59 -0.01466
31 60 0.09638
31 61 -0.08878
31 62 0.04447
31 63 0.02004
31 64 0.00756
31 65 -0.05406
31 66 0.00099
31 67 0.00573
31 68 -0.04213
31 69 -0.26942
31 70 -0.08129
31 71 -0.05441
31 72 -0.01028
31 73 0.22863
31 74 -0.01322
31 75 -0.14878
31 76 -0.21457
31 77 -0.09896
31 78 0.02602
31 79 0.09733
31 80 0.13181
31 81 0.14427
31 82 -0.14152
31 83 -0.00895
31 84 -0.01719
31 85 -0.17665
31 86 0.03912
31 87 0.04852
31 88 -0.02019
31 89 -0.07203
31 90 -0.05443
31 91 0.01661
31 92 -0.23158
31 93 0.09824
31 94 -0.02945
31 95 -0.00653
31 96 -0.17173
31 97 -0.00104
31 98 -0.11925
31 99 0.08292
32 33 -0.13044
32 34 -0.04047
32 35 -0.04092
32 36 0.07814
32 37 0.0605
32 38 -0.05329
32 39 -0.03026
32 40 0.26343
32 41 -0.17482
32 42 0.22526
32 43 0.12695
32 44 -0.03055
32 45 0.12779
32 46 -0.02846
32 47 0.16502
32 48 0.03744
32 49 -0.01791
32 50 0.16251
32 51 0.04205
32 52 0.10564
32 53 -0.20459
32 54 0.08054
32 55 -0.01406
32 56 0.15862
32 57 0.05192
32 58 0.00492
32 59 -0.01914
32 60 0.03331
32 61 -0.08199
32 62 0.13123
32 63 0.0245
32 64 0.09303
32 65 -0.0313
32 66 -0.15299
32 67 -0.00262
32 68 0.04905
32 69 -0.02738
32 70 0.21831
32 71 0.16877
32 72 0.26535
32 73 0.02531
32 74 -0.1121
32 75 0.0246
32 76 0.02315
32 77 -0.03083
32 78 -0.04005
32 79 0.02499
32 80 0.03873
32 81 -0.03556
32 82 -0.15257
32 83 0.05748
32 84 0.19741
32 85 -0.00933
32 86 0.03503
32 87 -0.03012
32 88 -0.09888
32 89 0.00269
32 90 -0.15967
32 91 -0.10062
32 92 -0.02426
32 93 0.00064
32 94 0.09554
32 95 -0.08956
32 96 -0.03068
32 97 -0.06693
32 98 -0.10703
32 99 -0.01741
33 34 -0.13972
33 35 0.02089
33 36 0.02006
33 37 0.19803
33 38 0.14237
33 39 -0.04406
33 40 -0.13019
33 41 0.02748
33 42 0.0343
33 43 -0.07766
33 44 0.12472
33 45 -0.12526
33 46 -0.09072
33 47 0.08186
33 48 0.09335
33 49 0.0618
33 50 -0.02712
33 51 0.03243
33 52 -0.08812
33 53 0.05332
33 54 0.07586
33 55 0.04382
33 56 -0.02846
33 57 0.07455
33 58 -0.09074
33 59 -0.10029
33 60 -0.08666
33 61 -0.03598
33 62 -0.16195
33 63 0.09556
33 64 -0.01159
33 65 0.09445
33 66 -0.16299
33 67 0.14614
33 68 0.01753
33 69 0.1983
33 70 -0.06738
33 71 0.06844
33 72 -0.04925
33 73 -0.03651
33 74 0.07175
33 75 0.142
33 76 0.05069
33 77 0.08371
33 78 0.07548
33 79 0.04669
33 80 -0.04176
33 81 0.02089
33 82 -0.13544
33 83 0.05455
33 84 0.01827
33 85 0.01181
33 86 -0.04386
33 87 0.01001
33 88 -0.09167
33 89 -0.11984
33 90 0.08095
33 91 0.05019
33 92 0.17741
33 93 -0.00172
33 94 -0.15747
33 95 -0.08687
33 96 -0.0307
33 97 0.01757
33 98 -0.08019
33 99 -0.15533
34 35 -0.12991
34 36 0.01975
34 37 0.25805
34 38 -0.04664
34 39 0.12949
34 40 0.158
34 41 0.06411
34 42 0.0899
34 43 -0.19944
34 44 -0.06381
34 45 -0.051
34 46 -0.08517
34 47 -0.04407
34 48 0.12245
34 49 -0.0699
34 50 -0.12763
34 51 0.10696
34 52 0.00105
34 53 -0.10277
34 54 0.0069
34 55 0.27073
34 56 -0.09578
34 57 0.00527
34 58 -0.0931
34 59 -0.13095
34 60 0.09703
34 61 -0.14335
34 62 0.03609
34 63 0.04974
34 64 -0.03912
34 65 0.13218
34 66 -0.13243
34 67 -0.03402
34 68 -0.07996
34 69 0.024
34 70 -0.05854
34 71 0.06859
34 72 -0.01599
34 73 0.06415
34 74 0.0576
34 75 0.05878
34 76 -0.16903
34 77 -0.04553
34 78 -0.00261
34 79 0.2441
34 80 -0.07846
34 81 0.01949
34 82 -0.0604
34 83 0.15562
34 84 -0.07406
34 85 0.08228
34 86 -0.0676
34 87 -0.01429
34 88 0.05357
34 89 0.08519
34 90 0.00826
34 91 -0.10494
34 92 0.09815
34 93 0.02024
34 94 -0.05428
34 95 -0.08309
34 96 0.02875
34 97 -0.14113
34 98 -0.03823
34 99 -0.06016
35 36 0.06037
35 37 -0.13891
35 38 -0.07758
35 39 -0.02264
35 40 -0.03566
35 41 0.00274
35 42 -0.28858
35 43 0.1886
35 44 -0.02324
35 45 0.22936
35 46 0.04462
35 47 0.09574
35 48 0.06606
35 49 -0.01128
35 50 -0.02652
35 51 -0.04454
35 52 -0.0869
35 53 -0.0874
35 54 -0.11125
35 55 0.00402
35 56 0.01808
35 57 -0.07275
35 58 0.09486
35 59 0.02033
35 60 0.07664
35 61 -0.12995
35 62 -0.08738
35 63 -0.02194
35 64 -0.04916
35 65 -0.19202
35 66 -0.06786
35 67 -0.06452
35 68 -0.10103
35 69 0.09674
35 70 0.08553
35 71 -0.12341
35 72 -0.17382
35 73 0.04004
35 74 0.0601
35 75 -0.0715
35 76 -0.05141
35 77 0.03729
35 78 -0.14298
35 79 -0.18837
35 80 -0.06668
35 81 0.06338
35 82 0.09343
35 83 -0.02201
35 84 -0.1492
35 85 -0.12185
35 86 -0.10039
35 87 0.07233
35 88 0.13167
35 89 0.04303
35 90 -0.12826
35 91 0.14748
35 92 0.08023
35 93 -0.00136
35 94 0.18273
35 95 -0.01436
35 96 0.06063
35 97 -0.03212
35 98 0.03917
35 99 0.07843
36 37 -0.06063
36 38 -0.10195
36 39 0.05042
36 40 -0.08597
36 41 0.15955
36 42 0.0211
36 43 0.01589
36 44 -0.014
36 45 -0.00785
36 46 -0.02497
36 47 0.08181
36 48 -0.00775
36 49 -0.20018
36 50 0.07164
36 51 0.22882
36 52 -0.0827
36 53 -0.05191
36 54 -0.09458
36 55 0.0227
36 56 -0.03313
36 57 -0.14686
36 58 0.01058
36 59 0.10926
36 60 -0.01555
36 61 0.04282
36 62 -0.14815
36 63 -0.06395
36 64 0.10763
36 65 0.08052
36 66 -0.03077
36 67 -0.17751
36 68 -0.13695
36 69 0.00278
36 70 0.03759
36 71 0.02395
36 72 -0.02894
36 73 -0.01447
36 74 -0.0103
36 75 -0.12279
36 76 0.25476
36 77 0.02203
36 78 -0.14462
36 79 -0.2864
36 80 0.10748
36 81 -0.08199
36 82 0.05503
36 83 0.04218
36 84 0.01858
36 85 0.18649
36 86 0.10365
36 87 -0.0426
36 88 0.15461
36 89 -0.21364
36 90 0.05839
36 91 0.01921
36 92 -0.04278
36 93 0.03272
36 94 -0.14865
36 95 0.02661
36 96 0.05346
36 97 0.05006
36 98 0.00737
36 99 -0.00853
37 38 -0.08081
37 39 0.08059
37 40 -0.08258
37 41 0.16532
37 42 -0.11965
37 43 -0.07272
37 44 0.0164
37 45 0.01433
37 46 -0.10224
37 47 0.06231
37 48 -0.11874
37 49 0.03549
37 50 0.02287
37 51 -0.02691
37 52 -0.05122
37 53 -0.01794
37 54 0.09298
37 55 -0.01589
37 56 -0.03379
37 57 0.02325
37 58 -0.09044
37 59 0.10686
37 60 0.02031
37 61 0.06979
37 62 -0.07463
37 63 0.04172
37 64 -0.08547
37 65 0.10656
37 66 -0.00906
37 67 -0.02893
37 68 0.03729
37 69 0.13182
37 70 -0.07928
37 71 -0.06425
37 72 -0.23309
37 73 0.09263
37 74 0.13368
37 75 -0.15881
37 76 0.09205
37 77 -0.0993
37 78 0.03401
37 79 0.04298
37 80 -0.00718
37 81 -0.0292
37 82 -0.24977
37 83 0.07287
37 84 0.07627
37 85 0.10675
37 86 -0.03325
37 87 0.01233
37 88 -0.08809
37 89 0.01922
37 90 -0.03421
37 91 -0.10297
37 92 0.00418
37 93 0.02339
37 94 0.06216
37 95 0.095
37 96 0.15194
37 97 -0.02257
37 98 -0.01677
37 99 -0.01051
38 39 -0.08516
38 40 0.03523
38 41 0.12407
38 42 -0.06727
38 43 -0.07636
38 44 0.13162
38 45 0.27598
38 46 -0.01482
38 47 0.06957
38 48 -0.0036
38 49 0.06314
38 50 0.19537
38 51 0.00304
38 52 0.00697
38 53 0.00273
38 54 -0.0916
38 55 0.11403
38 56 -0.07684
38 57 0.05457
38 58 0.0304
38 59 0.01192
38 60 0.03903
38 61 -0.01313
38 62 -0.03026
38 63 0.01603
38 64 0.07741
38 65 0.03907
38 66 0.2179
38 67 -0.00041
38 68 -0.0707
38 69 0.04825
38 70 0.12706
38 71 0.01422
38 72 -0.14831
38 73 0.02787
38 74 -0.01181
38 75 0.01125
38 76 0.01877
38 77 -0.10672
38 78 0.06317
38 79 -0.08768
38 80 -0.12636
38 81 -0.14253
38 82 0.05566
38 83 -0.01041
38 84 -0.00438
38 85 0.09052
38 86 0.01882
38 87 -0.0386
38 88 0.02927
38 89 0.03812
38 90 -0.07035
38 91 -0.02477
38 92 0.03118
38 93 -0.23808
38 94 -0.05867
38 95 -0.16943
38 96 -0.02642
38 97 0.10847
38 98 -0.01212
38 99 -0.0809
39 40 0.0584
39 41 -0.06981
39 42 0.07629
39 43 -0.17784
39 44 0.08988
39 45 0.04846
39 46 0.05092
39 47 0.03618
39 48 0.13447
39 49 -0.14687
39 50 0.03756
39 51 0.00624
39 52 -0.01235
39 53 0.14646
39 54 0.14328
39 55 -0.03833
39 56 -0.2535
39 57 -0.06913
39 58 -0.20008
39 59 -0.1688
39 60 -0.16523
39 61 -0.0067
39 62 -0.16366
39 63 -0.10667
39 64 -0.00673
39 65 -0.12538
39 66 -0.05769
39 67 0.22785
39 68 -0.18074
39 69 -0.07613
39 70 0.15362
39 71 -0.06898
39 72 0.14353
39 73 0.12497
39 74 -0.0001
39 75 -0.11832
39 76 -0.08177
39 77 -0.02741
39 78 -0.13914
39 79 0.25209
39 80 -0.18391
39 81 0.11477
39 82 -0.08718
39 83 0.01337
39 84 0.04897
39 85 0.02389
39 86 0.06976
39 87 0.07814
39 88 -0.07861
39 89 0.08288
39 90 0.05971
39 91 0.01821
39 92 -0.04492
39 93 -0.06948
39 94 0.05977
39 95 -0.29601
39 96 -0.18052
39 97 0.12138
39 98 0.09019
39 99 0.05341
40 41 0.06585
40 42 0.02584
40 43 -0.05992
40 44 -0.00851
40 45 0.03519
40 46 0.09415
40 47 0.07572
40 48 0.09877
40 49 -0.08688
40 50 0.09573
40 51 0.08205
40 52 0.07215
40 53 -0.13565
40 54 0.0442
40 55 -0.07993
40 56 -0.2998
40 57 -0.06926
40 58 -0.17228
40 59 -0.08452
40 60 0.19761
40 61 0.05215
40 62 -0.09205
40 63 -0.01272
40 64 -0.10711
40 65 0.03085
40 66 -0.0129
40 67 0.10523
40 68 -0.15798
40 69 -0.00197
40 70 -0.00548
40 71 -0.00117
40 72 0.04744
40 73 -0.067
40 74 -0.00218
40 75 0.03839
40 76 -0.07096
40 77 0.18138
40 78 0.03331
40 79 0.04998
40 80 -0.20874
40 81 0.13468
40 82 -0.04955
40 83 0.03693
40 84 -0.05115
40 85 -0.28547
40 86 -0.06169
40 87 -0.09393
40 88 -0.05281
40 89 0.04314
40 90 -0.06924
40 91 0.0854
40 92 -0.00454
40 93 0.12665
40 94 0.28048
40 95 -0.0712
40 96 -0.22525
40 97 0.06008
40 98 -0.0889
40 99 0.04862
41 42 -0.04392
41 43 0.02298
41 44 0.01263
41 45 -0.09122
41 46 -0.08769
41 47 -0.03452
41 48 -0.10959
41 49 0.00776
41 50 0.05216
41 51 -0.17103
41 52 0.00026
41 53 -0.11318
41 54 0.17426
41 55 -0.10335
41 56 0.11747
41 57 0.07479
41 58 -0.06896
41 59 0.14295
41 60 -0.08251
41 61 -0.06181
41 62 0.00854
41 63 -0.00396
41 64 0.13864
41 65 -0.03155
41 66 0.00136
41 67 0.05699
41 68 0.09257
41 69 0.05091
41 70 0.19768
41 71 -0.01637
41 72 0.01792
41 73 0.06886
41 74 -0.03689
41 75 0.09131
41 76 0.00521
41 77 0.06503
41 78 0.17243
41 79 -0.14276
41 80 -0.01376
41 81 -0.10736
41 82 0.03221
41 83 -0.02858
41 84 -0.01429
41 85 -0.12832
41 86 -0.05271
41 87 -0.04078
41 88 0.00815
41 89 -0.04756
41 90 -0.01402
41 91 0.087
41 92 -0.04284
41 93 0.1526
41 94 -0.06474
41 95 -0.08908
41 96 0.12934
41 97 -0.01587
41 98 -0.0319
41 99 0.22913
42 43 0.01022
42 44 0.0759
42 45 0.03121
42 46 0.06259
42 47 -0.10172
42 48 -0.20195
42 49 0.02782
42 50 -0.03301
42 51 0.0835
42 52 -0.1604
42 53 0.14349
42 54 0.16481
42 55 0.07929
42 56 0.03549
42 57 -0.03053
42 58 -0.07096
42 59 -0.04418
42 60 0.07047
42 61 -0.07149
42 62 0.03166
42 63 0.00167
42 64 -0.05031
42 65 0.05981
42 66 -0.08367
42 67 0.05566
42 68 0.14751
42 69 0.226
42 70 0.04706
42 71 -0.03039
42 72 -0.07549
42 73 0.15401
42 74 -0.202
42 75 -0.07954
42 76 -0.04648
42 77 0.03327
42 78 0.06506
42 79 -0.22
42 80 0.01172
42 81 -0.02857
42 82 -0.03589
42 83 0.06988
42 84 -0.18184
42 85 0.11584
42 86 0.00969
42 87 0.09236
42 88 0.1449
42 89 -0.12205
42 90 0.26573
42 91 -0.12637
42 92 -0.11542
42 93 -0.0266
42 94 0.28001
42 95 0.05465
42 96 -0.07994
42 97 0.0915
42 98 -0.16773
42 99 0.09562
43 44 0.05464
43 45 -0.12623
43 46 0.28725
43 47 -0.00884
43 48 -0.22148
43 49 0.12319
43 50 0.04368
43 51 -0.01792
43 52 0.09825
43 53 -0.04476
43 54 -0.04539
43 55 -0.03066
43 56 -0.11789
43 57 -0.11396
43 58 -0.1441
43 59 -0.08513
43 60 0.08649
43 61 -0.04193
43 62 -0.12038
43 63 0.15257
43 64 0.17513
43 65 0.08868
43 66 -0.00283
43 67 0.07516
43 68 0.00488
43 69 0.05946
43 70 -0.19791
43 71 0.09609
43 72 -0.02314
43 73 0.08604
43 74 -0.13103
43 75 -0.16456
43 76 -0.09659
43 77 0.17946
43 78 -0.11729
43 79 -0.00354
43 80 -0.00251
43 81 -0.0148
43 82 -0.05019
43 83 -0.02284
43 84 -0.13316
43 85 -0.07345
43 86 0.0552
43 87 -0.14508
43 88 -0.11676
43 89 -0.06836
43 90 0.00704
43 91 0.01279
43 92 0.13395
43 93 -0.12344
43 94 -0.04408
43 95 -0.12519
43 96 -0.08571
43 97 0.17054
43 98 0.11586
43 99 -0.09383
44 45 -0.1995
44 46 0.0276
44 47 -0.03315
44 48 0.09738
44 49 -0.06368
44 50 0.07071
44 51 0.15318
44 52 -0.0996
44 53 -0.14102
44 54 0.02436
44 55 0.17793
44 56 0.14611
44 57 0.02008
44 58 -0.0303
44 59 0.08186
44 60 -0.13778
44 61 -0.06283
44 62 0.08948
44 63 0.05308
44 64 0.12504
44 65 0.00865
44 66 0.058
44 67 -0.0848
44 68 -0.0399
44 69 0.08332
44 70 -0.17919
44 71 0.11292
44 72 -0.10955
44 73 -0.04483
44 74 -0.06612
44 75 0.15787
44 76 0.05166
44 77 -0.09156
44 78 -0.0361
44 79 -0.00267
44 80 -0.0516
44 81 -0.04914
44 82 -0.0013
44 83 -0.00683
44 84 -0.00243
44 85 0.09387
44 86 0.1811
44 87 0.01257
44 88 0.13919
44 89 -0.17336
44 90 0.12389
44 91 0.01012
44 92 0.26428
44 93 -0.15557
44 94 0.04506
44 95 0.1742
44 96 -0.00275
44 97 0.01456
44 98 0.00831
44 99 -0.08867
45 46 -0.05069
45 47 -0.15164
45 48 -0.00814
45 49 -0.01172
45 50 0.11029
45 51 0.15647
45 52 0.06208
45 53 -0.03409
45 54 0.03955
45 55 -0.08502
45 56 -0.06462
45 57 -0.06948
45 58 0.11837
45 59 0.0056
45 60 -0.09087
45 61 -0.11391
45 62 -0.00421
45 63 0.01715
45 64 0.00729
45 65 0.2666
45 66 0.1165
45 67 -0.0127
45 68 -0.03551
45 69 0.16781
45 70 -0.22649
45 71 0.03065
45 72 -0.15393
45 73 0.05783
45 74 -0.08068
45 75 -0.20649
45 76 -0.01938
45 77 0.0768
45 78 0.10666
45 79 0.02514
45 80 -0.07541
45 81 -0.06907
45 82 -0.0346
45 83 0.21761
45 84 -0.07005
45 85 -0.02101
45 86 0.01352
45 87 -0.28738
45 88 0.05144
45 89 -0.11623
45 90 -0.10685
45 91 0.10001
45 92 0.19193
45 93 0.06121
45 94 -0.0883
45 95 -0.10576
45 96 -0.06346
45 97 0.02129
45 98 0.22211
45 99 0.09547
46 47 0.02582
46 48 -0.06126
46 49 0.15787
46 50 0.00539
46 51 -0.14234
46 52 0.16396
46 53 -0.20902
46 54 -0.07217
46 55 -0.11714
46 56 0.0367
46 57 -0.16321
46 58 0.06485
46 59 0.12017
46 60 0.03858
46 61 0.05627
46 62 -0.15989
46 63 -0.1148
46 64 0.11907
46 65 0.00093
46 66 -0.05543
46 67 -0.0806
46 68 -0.0551
46 69 -0.14157
46 70 -0.04602
46 71 0.0652
46 72 -0.03288
46 73 -0.16204
46 74 0.00951
46 75 0.02689
46 76 0.04718
46 77 -0.10712
46 78 -0.04293
46 79 -0.03147
46 80 0.10684
46 81 0.17174
46 82 -0.12899
46 83 0.05395
46 84 -0.0414
46 85 -0.05426
46 86 -0.04267
46 87 -0.12314
46 88 -0.072
46 89 -0.13394
46 90 0.00649
46 91 0.13541
46 92 -0.01848
46 93 0.08817
46 94 -0.05638
46 95 0.14711
46 96 -0.11744
46 97 0.11925
46 98 0.04226
46 99 0.05654
47 48 -0.06491
47 49 0.09392
47 50 -0.10937
47 51 0.01314
47 52 0.01171
47 53 0.16754
47 54 0.01016
47 55 -0.05606
47 56 0.12491
47 57 -0.02331
47 58 0.05627
47 59 -0.09484
47 60 0.12651
47 61 0.03139
47 62 0.06294
47 63 -0.03523
47 64 -0.04093
47 65 -0.03534
47 66 0.019
47 67 -0.16185
47 68 0.05793
47 69 -0.00654
47 70 0.10324
47 71 -0.04773
47 72 -0.07467
47 73 0.02229
47 74 -0.08141
47 75 -0.17613
47 76 -0.08587
47 77 -0.1497
47 78 -0.18272
47 79 0.06153
47 80 -0.01943
47 81 0.02792
47 82 -0.10252
47 83 -0.01693
47 84 0.11247
47 85 0.08192
47 86 -0.18568
47 87 -0.00278
47 88 0.05269
47 89 0.03973
47 90 -0.01006
47 91 -0.1223
47 92 -0.13159
47 93 -0.01478
47 94 -0.02081
47 95 -0.00061
47 96 -0.16339
47 97 0.08057
47 98 -0.09872
47 99 -0.09774
48 49 -0.03156
48 50 0.02192
48 51 -0.15968
48 52 0.03664
48 53 -0.03505
48 54 0.0483
48 55 0.11305
48 56 0.16579
48 57 0.14131
48 58 0.11111
48 59 -0.04789
48 60 0.05643
48 61 -0.01436
48 62 -0.13797
48 63 0.03321
48 64 0.04106
48 65 -0.14571
48 66 -0.04765
48 67 0.0062
48 68 -0.07937
48 69 -0.01975
48 70 0.07111
48 71 -0.20176
48 72 0.07114
48 73 0.01887
48 74 0.02881
48 75 0.14382
48 76 0.14379
48 77 0.03994
48 78 -0.05093
48 79 0.04539
48 80 -0.06712
48 81 0.02714
48 82 0.10234
48 83 -0.24437
48 84 -0.0745
48 85 -0.00249
48 86 -0.04413
48 87 0.01779
48 88 -0.15506
48 89 0.09912
48 90 0.02836
48 91 -0.01812
48 92 -0.02472
48 93 -0.06007
48 94 -0.15452
48 95 0.125
48 96 -0.02046
48 97 -0.00958
48 98 0.04011
48 99 -0.04576
49 50 -0.09468
49 51 -0.02563
49 52 0.08061
49 53 0.10869
49 54 -0.07547
49 55 -0.09625
49 56 -0.0864
49 57 0.05628
49 58 -0.09799
49 59 0.06944
49 60 -0.0776
49 61 0.02728
49 62 -0.26776
49 63 -0.02445
49 64 0.03761
49 65 -0.0736
49 66 -0.0208
49 67 0.06654
49 68 0.0133
49 69 0.04066
49 70 0.17055
49 71 -0.11107
49 72 0.08355
49 73 0.16695
49 74 0.09355
49 75 -0.10104
49 76 0.00025
49 77 -0.05353
49 78 -0.01718
49 79 -0.02103
49 80 -0.08552
49 81 -0.0437
49 82 -0.07464
49 83 0.13957
49 84 0.07166
49 85 0.15188
49 86 -0.07135
49 87 -0.05957
49 88 0.04608
49 89 -0.09624
49 90 0.06087
49 91 0.0001
49 92 0.10498
49 93 0.003
49 94 -0.00846
49 95 0.07851
49 96 -0.04545
49 97 0.01515
49 98 0.04639
49 99 0.00038
50 51 -0.02274
50 52 -0.00068
50 53 -0.10915
50 54 -0.04812
50 55 0.01943
50 56 -0.10962
50 57 0.12797
50 58 -0.0092
50 59 -0.07251
50 60 0.16544
50 61 -0.06037
50 62 0.03845
50 63 -0.06563
50 64 -0.05176
50 65 0.01179
50 66 -0.05556
50 67 -0.02194
50 68 -0.06085
50 69 -0.07307
50 70 -0.0529
50 71 0.02009
50 72 0.107
50 73 0.07497
50 74 -0.1049
50 75 -0.10145
50 76 -0.20695
50 77 0.03187
50 78 0.03401
50 79 -0.13759
50 80 -0.00393
50 81 -0.02515
50 82 -0.01117
50 83 -0.14795
50 84 0.00759
50 85 0.02522
50 86 0.17144
50 87 -0.00684
50 88 0.27509
50 89 0.03463
50 90 -0.09705
50 91 -0.07345
50 92 -0.1513
50 93 -0.02731
50 94 0.03744
50 95 0.0575
50 96 -0.06619
50 97 -0.14126
50 98 -0.02416
50 99 -0.1573
51 52 0.19851
51 53 0.02581
51 54 0.24494
51 55 0.17372
51 56 -0.13247
51 57 0.09488
51 58 -0.1608
51 59 -0.25331
51 60 0.0791
51 61 0.12002
51 62 -0.11928
51 63 -0.04373
51 64 -0.06383
51 65 0.01279
51 66 0.07701
51 67 0.07266
51 68 0.10209
51 69 -0.00608
51 70 0.16043
51 71 -0.02169
51 72 -0.1082
51 73 -0.17327
51 74 0.01611
51 75 0.03253
51 76 -0.02122
51 77 0.09002
51 78 -0.19297
51 79 -0.10585
51 80 0.15736
51 81 -0.08795
51 82 0.00753
51 83 0.10662
51 84 -0.11192
51 85 -0.0204
51 86 -0.02888
51 87 0.0163
51 88 0.02752
51 89 0.01943
51 90 0.03522
51 91 -0.13273
51 92 -0.05993
51 93 0.02393
51 94 -0.21759
51 95 -0.10647
51 96 -0.17628
51 97 -0.0706
51 98 -0.1923
51 99 0.19467
52 53 -0.21398
52 54 0.0252
52 55 -0.03056
52 56 0.005
52 57 0.02188
52 58 0.0359
52 59 -0.06366
52 60 -0.1505
52 61 0.09627
52 62 -0.17717
52 63 -0.01232
52 64 0.14053
52 65 0.06429
52 66 0.08869
52 67 -0.01887
52 68 0.05129
52 69 0.0536
52 70 -0.03975
52 71 0.24148
52 72 0.0217
52 73 0.08113
52 74 -0.11178
52 75 0.05254
52 76 0.15246
52 77 -0.04669
52 78 0.00566
52 79 0.02661
52 80 -0.17991
52 81 0.04654
52 82 -0.18751
52 83 -0.16704
52 84 -0.07203
52 85 0.05349
52 86 0.09244
52 87 -0.00962
52 88 0.04979
52 89 -0.10671
52 90 0.00476
52 91 0.06535
52 92 0.03196
52 93 0.09808
52 94 0.0839
52 95 -0.00935
52 96 0.13466
52 97 -0.0232
52 98 -0.04259
52 99 0.27241
53 54 0.12545
53 55 0.10773
53 56 0.19853
53 57 -0.08789
53 58 0.07338
53 59 0.09066
53 60 -0.08876
53 61 -0.02026
53 62 -0.04849
53 63 0.03678
53 64 -0.19911
53 65 -0.14299
53 66 0.06263
53 67 -0.05363
53 68 0.07537
53 69 0.02203
53 70 0.13206
53 71 0.09958
53 72 -0.20324
53 73 0.12252
53 74 -0.06993
53 75 0.06939
53 76 -0.12245
53 77 -0.08345
53 78 -0.07141
53 79 -0.03054
53 80 -0.07239
53 81 0.01647
53 82 -0.04507
53 83 0.17665
53 84 -0.1964
53 85 0.15197
53 86 -0.00603
53 87 0.17811
53 88 0.0601
53 89 0.05234
53 90 -0.03114
53 91 -0.10949
53 92 -0.11582
53 93 -0.02795
53 94 -0.14815
53 95 0.10485
53 96 -0.02831
53 97 0.19086
53 98 -0.17008
53 99 -0.16464
54 55 -0.03934
54 56 0.06476
54 57 0.01555
54 58 0.08798
54 59 0.04557
54 60 -0.10697
54 61 0.08721
54 62 -0.01222
54 63 -0.04382
54 64 -0.1006
54 65 -0.1342
54 66 0.1696
54 67 -0.05691
54 68 -0.06329
54 69 -0.08396
54 70 -0.00613
54 71 -0.19557
54 72 -0.05828
54 73 -0.01665
54 74 0.20857
54 75 0.04127
54 76 0.01146
54 77 0.02294
54 78 0.00568
54 79 -0.11832
54 80 0.0255
54 81 0.11811
54 82 0.06463
54 83 0.13633
54 84 -0.02717
54 85 0.1208
54 86 -0.07231
54 87 0.19689
54 88 0.06282
54 89 -0.00093
54 90 -0.01393
54 91 -0.07747
54 92 -0.02374
54 93 0.20545
54 94 0.12298
54 95 0.0853
54 96 -0.14411
54 97 0.12503
54 98 0.10073
54 99 -0.14984
55 56 0.16839
55 57 0.04844
55 58 -0.208
55 59 0.10337
55 60 0.19274
55 61 -0.02065
55 62 0.01897
55 63 0.0037
55 64 0.00122
55 65 -0.08989
55 66 0.0233
55 67 0.04991
55 68 -0.14332
55 69 0.00767
55 70 0.09731
55 71 0.08423
55 72 0.12625
55 73 -0.02165
55 74 -0.01503
55 75 0.18676
55 76 0.05706
55 77 -0.11488
55 78 -0.05361
55 79 -0.02664
55 80 0.31741
55 81 0.09021
55 82 -0.07694
55 83 0.07733
55 84 -0.00487
55 85 -0.03161
55 86 -0.10216
55 87 0.02666
55 88 0.05295
55 89 0.12753
55 90 -0.21515
55 91 -0.03283
55 92 -0.00909
55 93 -0.05841
55 94 -0.00411
55 95 -0.11343
55 96 0.09923
55 97 0.11993
55 98 0.23429
55 99 -0.20424
56 57 -0.03418
56 58 -0.11553
56 59 -0.15745
56 60 -0.18408
56 61 -0.00641
56 62 0.10368
56 63 0.08714
56 64 -0.1076
56 65 0.05298
56 66 0.12701
56 67 -0.18056
56 68 0.06276
56 69 -0.11841
56 70 0.08445
56 71 -0.06894
56 72 0.11127
56 73 -0.06181
56 74 -0.03661
56 75 -0.00906
56 76 0.02816
56 77 0.00265
56 78 -0.0517
56 79 -0.15818
56 80 -0.10826
56 81 0.05813
56 82 -0.12605
56 83 -0.07821
56 84 -0.09465
56 85 0.10791
56 86 -0.21948
56 87 -0.05387
56 88 -0.0021
56 89 -0.01927
56 90 -0.11535
56 91 0.02863
56 92 -0.04755
56 93 0.04363
56 94 -0.20552
56 95 -0.14319
56 96 -0.00137
56 97 -0.07126
56 98 -0.09535
56 99 -0.01162
57 58 0.09044
57 59 0.01174
57 60 0.16432
57 61 0.08811
57 62 0.14553
57 63 -0.09564
57 64 -0.1559
57 65 -0.14912
57 66 -0.01276
57 67 0.11223
57 68 -0.16535
57 69 -0.04817
57 70 0.00409
57 71 -0.03495
57 72 0.10594
57 73 0.10803
57 74 -0.02376
57 75 0.01942
57 76 -0.02007
57 77 -0.01986
57 78 -0.02625
57 79 -0.16175
57 80 0.19384
57 81 -0.11768
57 82 -0.1779
57 83 -0.06493
57 84 0.1009
57 85 0.07798
57 86 0.06125
57 87 0.05562
57 88 -0.09408
57 89 0.03957
57 90 0.05636
57 91 0.10142
57 92 -0.02338
57 93 0.04413
57 94 -0.02614
57 95 0.00826
57 96 0.03515
57 97 -0.0342
57 98 -0.11725
57 99 0.14942
58 59 0.19021
58 60 -0.06645
58 61 -0.1065
58 62 -0.23201
58 63 -0.14848
58 64 -0.114
58 65 0.06701
58 66 -0.05851
58 67 0.05264
58 68 -0.0458
58 69 0.01614
58 70 0.09661
58 71 0.09943
58 72 0.00423
58 73 -0.09824
58 74 -0.04049
58 75 -0.01767
58 76 -0.00951
58 77 0.03266
58 78 0.07676
58 79 0.15559
58 80 -0.04203
58 81 0.13716
58 82 -0.16047
58 83 -0.10389
58 84 -0.0215
58 85 0.12208
58 86 -0.05477
58 87 0.15135
58 88 0.05051
58 89 -0.05058
58 90 0.04716
58 91 -0.00873
58 92 0.08884
58 93 -0.17082
58 94 0.12311
58 95 0.02669
58 96 -0.04913
58 97 0.01986
58 98 0.02531
58 99 -0.20895
59 60 0.03803
59 61 -0.08184
59 62 0.04464
59 63 -0.26549
59 64 -0.0031
59 65 -0.08803
59 66 -0.08409
59 67 0.03417
59 68 0.02799
59 69 0.13259
59 70 -0.06654
59 71 0.06883
59 72 -0.0087
59 73 0.01363
59 74 -0.01174
59 75 -0.03123
59 76 0.23395
59 77 0.02662
59 78 -0.12074
59 79 -0.09851
59 80 0.03942
59 81 0.09045
59 82 0.05627
59 83 -0.01445
59 84 0.05782
59 85 -0.08459
59 86 0.07918
59 87 0.09152
59 88 -0.05895
59 89 -0.06867
59 90 -0.12172
59 91 0.10579
59 92 0.15874
59 93 0.07676
59 94 0.03735
59 95 0.11085
59 96 0.16318
59 97 -0.06492
59 98 0.1159
59 99 -0.00966
60 61 0.13364
60 62 0.12342
60 63 -0.18588
60 64 0.00561
60 65 0.08116
60 66 0.04275
60 67 -0.09056
60 68 0.03398
60 69 -0.01477
60 70 -0.03565
60 71 0.09753
60 72 -0.05131
60 73 0.01194
60 74 -0.06681
60 75 -0.05296
60 76 -0.06895
60 77 0.04957
60 78 -0.08777
60 79 -0.09326
60 80 -0.00086
60 81 0.03897
60 82 0.13739
60 83 -0.04747
60 84 0.01313
60 85 0.11371
60 86 -0.14556
60 87 -0.04575
60 88 -0.07336
60 89 -0.05326
60 90 0.04735
60 91 0.00283
60 92 0.02431
60 93 -0.07806
60 94 0.07475
60 95 0.08671
60 96 -0.06432
60 97 0.01043
60 98 0.01965
60 99 -0.11156
61 62 -0.13749
61 63 0.17119
61 64 0.07417
61 65 0.08775
61 66 0.05296
61 67 -0.137
61 68 -0.10884
61 69 0.07465
61 70 -0.01765
61 71 0.27002
61 72 0.07726
61 73 0.02881
61 74 -0.06504
61 75 -0.24437
61 76 -0.05865
61 77 -0.03689
61 78 -0.11979
61 79 -0.04064
61 80 0.04697
61 81 0.06793
61 82 0.00887
61 83 -0.11971
61 84 -0.0384
61 85 -0.01511
61 86 -0.01028
61 87 0.06723
61 88 -0.01226
61 89 0.06716
61 90 0.05281
61 91 0.22562
61 92 -0.0046
61 93 -0.0202
61 94 -0.06447
61 95 0.03547
61 96 -0.01944
61 97 0.00655
61 98 0.0842
61 99 -0.10363
62 63 -0.02499
62 64 0.06639
62 65 0.00059
62 66 0.02205
62 67 0.01743
62 68 -0.03658
62 69 0.1477
62 70 0.0483
62 71 -0.1063
62 72 -0.03302
62 73 0.01983
62 74 -0.15714
62 75 0.03247
62 76 0.27993
62 77 0.07072
62 78 0.11339
62 79 0.01477
62 80 0.04635
62 81 -0.08906
62 82 -0.0878
62 83 0.27766
62 84 -0.13437
62 85 0.14116
62 86 0.00992
62 87 0.05266
62 88 0.02123
62 89 0.13136
62 90 -0.06212
62 91 -0.07809
62 92 0.06723
62 93 -0.06299
62 94 0.09459
62 95 0.12591
62 96 0.07414
62 97 -0.0213
62 98 0.02582
62 99 0.02143
63 64 -0.13147
63 65 -0.00432
63 66 0.06298
63 67 0.09043
63 68 -0.03507
63 69 0.01023
63 70 -0.05442
63 71 0.1381
63 72 -0.07329
63 73 -0.0402
63 74 0.05562
63 75 0.10395
63 76 0.17863
63 77 0.00179
63 78 0.12129
63 79 -0.09582
63 80 0.02713
63 81 -0.0656
63 82 -0.15779
63 83 -0.13496
63 84 -0.066
63 85 -0.12892
63 86 0.07474
63 87 -0.0726
63 88 -0.07177
63 89 0.10735
63 90 0.10146
63 91 -0.02701
63 92 -0.04626
63 93 0.08902
63 94 -0.23125
63 95 0.11487
63 96 0.01645
63 97 -0.2058
63 98 -0.009
63 99 -0.05135
64 65 -0.03662
64 66 -0.03833
64 67 -0.01458
64 68 0.02743
64 69 0.02385
64 70 -0.0811
64 71 -0.12661
64 72 -0.02951
64 73 -0.10374
64 74 -0.06373
64 75 -0.09081
64 76 -0.14242
64 77 0.08472
64 78 0.00432
64 79 0.0763
64 80 0.0421
64 81 0.00212
64 82 -0.03531
64 83 0.00181
64 84 0.17527
64 85 0.13089
64 86 -0.033
64 87 0.0985
64 88 -0.09628
64 89 0.07316
64 90 -0.01388
64 91 -0.09726
64 92 0.02315
64 93 -0.06172
64 94 -0.01388
64 95 -0.13854
64 96 -0.03477
64 97 -0.01109
64 98 0.17509
64 99 -0.04288
65 66 0.05109
65 67 0.03553
65 68 0.07643
65 69 0.04159
65 70 -0.10387
65 71 0.02763
65 72 -0.07813
65 73 0.03607
65 74 0.07198
65 75 -0.02975
65 76 -0.11634
65 77 -0.08777
65 78 -0.0321
65 79 -0.01057
65 80 0.01454
65 81 0.02176
65 82 -0.09831
65 83 -0.09007
65 84 -0.02105
65 85 0.03572
65 86 0.02323
65 87 -0.01978
65 88 -0.19181
65 89 -0.15138
65 90 0.09525
65 91 0.07695
65 92 -0.06607
65 93 0.0277
65 94 0.12514
65 95 0.06637
65 96 -0.06932
65 97 0.02124
65 98 -0.01943
65 99 0.0171
66 67 0.03231
66 68 -0.00892
66 69 -0.12406
66 70 -0.08246
66 71 0.06831
66 72 -0.05827
66 73 -0.20077
66 74 -0.09805
66 75 -0.13485
66 76 0.03244
66 77 0.04444
66 78 0.03011
66 79 0.02256
66 80 -0.13382
66 81 -0.07356
66 82 -0.05651
66 83 -0.00883
66 84 -0.01006
66 85 0.00008
66 86 -0.05492
66 87 0.07031
66 88 0.10066
66 89 -0.06387
66 90 0.03526
66 91 -0.0184
66 92 0.13356
66 93 0.07861
66 94 0.07135
66 95 0.03549
66 96 -0.02902
66 97 -0.11089
66 98 -0.02707
66 99 -0.0649
67 68 0.04044
67 69 0.15145
67 70 -0.20767
67 71 0.14857
67 72 0.21206
67 73 0.13936
67 74 -0.04064
67 75 0.0253
67 76 -0.0226
67 77 -0.08209
67 78 -0.01897
67 79 -0.05287
67 80 -0.00982
67 81 0.06546
67 82 0.05394
67 83 -0.07682
67 84 0.01389
67 85 0.17595
67 86 -0.23053
67 87 -0.10354
67 88 -0.04098
67 89 -0.0595
67 90 -0.07882
67 91 0.08972
67 92 -0.07364
67 93 0.05145
67 94 0.08455
67 95 -0.06444
67 96 0.10916
67 97 -0.00258
67 98 0.12612
67 99 -0.08501
68 69 0.03354
68 70 -0.01925
68 71 0.07506
68 72 -0.00049
68 73 -0.22869
68 74 -0.01349
68 75 -0.05448
68 76 -0.05913
68 77 -0.02657
68 78 -0.00506
68 79 -0.04171
68 80 0.00291
68 81 0.08485
68 82 0.01293
68 83 0.09379
68 84 -0.05398
68 85 0.09738
68 86 -0.01935
68 87 -0.01556
68 88 0.04998
68 89 0.08218
68 90 -0.13812
68 91 -0.13665
68 92 0.09631
68 93 0.07865
68 94 0.12876
68 95 0.10152
68 96 -0.02468
68 97 0.0668
68 98 0.01256
68 99 -0.00205
69 70 0.10198
69 71 0.09544
69 72 0.19896
69 73 0.00988
69 74 0.00807
69 75 0.02076
69 76 0.26325
69 77 -0.04028
69 78 -0.21447
69 79 -0.04661
69 80 -0.12786
69 81 0.0763
69 82 0.05816
69 83 -0.08709
69 84 -0.13014
69 85 -0.09727
69 86 -0.12713
69 87 0.02361
69 88 0.15276
69 89 -0.0966
69 90 0.11053
69 91 -0.16272
69 92 0.00164
69 93 -0.12002
69 94 0.06912
69 95 -0.07342
69 96 -0.12813
69 97 0.02789
69 98 -0.24449
69 99 -0.0268
70 71 -0.06864
70 72 -0.08311
70 73 -0.09913
70 74 -0.13112
70 75 0.03999
70 76 0.14667
70 77 0.16695
70 78 0.09659
70 79 -0.10022
70 80 0.17327
70 81 0.02823
70 82 -0.01002
70 83 0.03469
70 84 -0.0155
70 85 -0.05909
70 86 0.06592
70 87 0.01419
70 88 0.00639
70 89 -0.02277
70 90 -0.0859
70 91 0.0509
70 92 -0.05124
70 93 0.07156
70 94 -0.00046
70 95 0.15303
70 96 -0.03637
70 97 0.08776
70 98 0.19025
70 99 -0.0223
71 72 -0.03531
71 73 0.07817
71 74 -0.05983
71 75 -0.02011
71 76 0.10473
71 77 -0.06174
71 78 0.15243
71 79 -0.00011
71 80 0.00327
71 81 -0.07142
71 82 0.06579
71 83 0.07747
71 84 0.01713
71 85 -0.02982
71 86 0.15999
71 87 -0.00081
71 88 -0.01974
71 89 -0.16942
71 90 0.05464
71 91 0.03773
71 92 0.18955
71 93 -0.02208
71 94 -0.10611
71 95 -0.0106
71 96 0.01339
71 97 -0.16856
71 98 0.04518
71 99 -0.00085
72 73 0.14445
72 74 -0.12418
72 75 0.01709
72 76 -0.05235
72 77 0.04539
72 78 0.04885
72 79 -0.097
72 80 -0.00683
72 81 -0.16396
72 82 0.16721
72 83 -0.1506
72 84 -0.07989
72 85 0.07184
72 86 0.05689
72 87 0.03031
72 88 0.0907
72 89 -0.01586
72 90 0.01711
72 91 -0.04027
72 92 -0.07631
72 93 -0.1002
72 94 -0.02624
72 95 -0.22867
72 96 0.09194
72 97 -0.01415
72 98 0.08432
72 99 -0.07196
73 74 0.03487
73 75 -0.30777
73 76 0.00625
73 77 0.07338
73 78 -0.06869
73 79 -0.17549
73 80 0.09878
73 81 0.00175
73 82 -0.12776
73 83 -0.0512
73 84 0.11313
73 85 0.07485
73 86 -0.0484
73 87 -0.03854
73 88 -0.02965
73 89 -0.06198
73 90 0.05461
73 91 -0.05699
73 92 0.00391
73 93 0.08513
73 94 0.11406
73 95 -0.03077
73 96 0.0264
73 97 -0.04016
73 98 -0.05184
73 99 -0.03126
74 75 0.02805
74 76 0.08284
74 77 0.01712
74 78 -0.17097
74 79 0.09046
74 80 0.02713
74 81 0.03702
74 82 -0.14287
74 83 -0.05697
74 84 -0.00076
74 85 -0.04513
74 86 0.10118
74 87 -0.01184
74 88 0.07174
74 89 -0.11482
74 90 0.09745
74 91 0.17904
74 92 0.00661
74 93 0.02663
74 94 0.03388
74 95 0.04057
74 96 -0.20243
74 97 -0.14751
74 98 0.13356
74 99 -0.03044
75 76 0.04388
75 77 0.10788
75 78 -0.0047
75 79 -0.03882
75 80 0.10565
75 81 0.00037
75 82 -0.12922
75 83 0.05396
75 84 -0.00198
75 85 0.09067
75 86 -0.00988
75 87 0.02636
75 88 0.02425
75 89 0.05791
75 90 -0.04029
75 91 -0.03586
75 92 -0.12158
75 93 -0.02078
75 94 0.11918
75 95 -0.00234
75 96 -0.01345
75 97 -0.08111
75 98 0.00865
75 99 -0.07735
76 77 -0.0412
76 78 0.12002
76 79 0.03477
76 80 0.11962
76 81 -0.00038
76 82 -0.13361
76 83 0.01436
76 84 0.12424
76 85 -0.06331
76 86 -0.0174
76 87 -0.18631
76 88 -0.03979
76 89 0.04093
76 90 -0.18924
76 91 -0.02407
76 92 0.06778
76 93 -0.19209
76 94 -0.12198
76 95 -0.04633
76 96 -0.13476
76 97 0.18313
76 98 -0.11896
76 99 -0.04235
77 78 0.12586
77 79 0.11787
77 80 -0.0428
77 81 0.1249
77 82 0.05404
77 83 0.00193
77 84 -0.10383
77 85 -0.02
77 86 0.04731
77 87 -0.06002
77 88 -0.06106
77 89 0.05008
77 90 -0.0257
77 91 0.06675
77 92 0.09941
77 93 0.11611
77 94 -0.12882
77 95 0.18544
77 96 0.05964
77 97 0.00301
77 98 0.12301
77 99 -0.02462
78 79 -0.18933
78 80 -0.03651
78 81 0.01649
78 82 0.12535
78 83 -0.15017
78 84 -0.02759
78 85 0.11099
78 86 -0.0114
78 87 0.12475
78 88 0.10837
78 89 -0.03408
78 90 0.13153
78 91 0.06724
78 92 -0.08247
78 93 -0.10288
78 94 0.0053
78 95 0.11506
78 96 -0.08551
78 97 -0.01996
78 98 -0.15143
78 99 -0.00851
79 80 -0.08675
79 81 -0.13988
79 82 -0.08821
79 83 -0.11889
79 84 -0.0001
79 85 0.02107
79 86 0.24178
79 87 0.07491
79 88 -0.10184
79 89 0.10002
79 90 -0.02835
79 91 -0.06282
79 92 0.18961
79 93 -0.06666
79 94 -0.22123
79 95 -0.00563
79 96 -0.00348
79 97 -0.08005
79 98 -0.09901
79 99 -0.02456
80 81 -0.00989
80 82 0.03666
80 83 0.09248
80 84 0.07964
80 85 -0.16803
80 86 -0.24204
80 87 -0.15996
80 88 -0.00474
80 89 -0.09904
80 90 -0.02737
80 91 -0.23033
80 92 0.18272
80 93 0.07048
80 94 0.30644
80 95 -0.03752
80 96 0.04963
80 97 -0.10086
80 98 0.08058
80 99 0.21395
81 82 0.03852
81 83 -0.09669
81 84 0.07624
81 85 -0.05118
81 86 0.00785
81 87 -0.23217
81 88 0.11729
81 89 0.01554
81 90 0.15041
81 91 0.11302
81 92 0.01802
81 93 -0.07329
81 94 0.1054
81 95 -0.07515
81 96 0.03789
81 97 -0.16998
81 98 0.06001
81 99 0.19474
82 83 -0.05827
82 84 0.04095
82 85 -0.1419
82 86 0.0484
82 87 -0.1029
82 88 0.12595
82 89 -0.05145
82 90 -0.018
82 91 -0.01869
82 92 -0.02296
82 93 0.14905
82 94 0.13118
82 95 -0.06877
82 96 0.18303
82 97 -0.06618
82 98 -0.15456
82 99 0.18213
83 84 -0.0574
83 85 0.03826
83 86 -0.1226
83 87 -0.1081
83 88 -0.07434
83 89 0.14948
83 90 -0.03545
83 91 0.08886
83 92 0.23991
83 93 -0.08494
83 94 -0.13743
83 95 -0.03447
83 96 -0.16518
83 97 0.10456
83 98 0.02764
83 99 -0.16697
84 85 -0.12213
84 86 -0.20314
84 87 -0.07537
84 88 0.0614
84 89 -0.08873
84 90 -0.05762
84 91 0.07313
84 92 -0.00995
84 93 -0.07478
84 94 -0.0033
84 95 0.08273
84 96 -0.00242
84 97 -0.0038
84 98 0.13255
84 99 -0.04267
85 86 0.08109
85 87 -0.07765
85 88 -0.08403
85 89 -0.10674
85 90 -0.0186
85 91 0.01053
85 92 0.01884
85 93 0.04241
85 94 0.01133
85 95 -0.06399
85 96 -0.06752
85 97 -0.02807
85 98 -0.08215
85 99 -0.03859
86 87 0.13773
86 88 0.0427
86 89 0.09368
86 90 0.02428
86 91 -0.03973
86 92 -0.09804
86 93 -0.05639
86 94 0.12588
86 95 0.24002
86 96 -0.23151
86 97 0.03368
86 98 0.03628
86 99 -0.08806
87 88 -0.19289
87 89 -0.04375
87 90 -0.01676
87 91 -0.0037
87 92 0.00788
87 93 -0.01649
87 94 -0.08818
87 95 -0.00178
87 96 0.14958
87 97 0.11667
87 98 0.00584
87 99 0.04732
88 89 -0.25534
88 90 0.11558
88 91 -0.10002
88 92 -0.00553
88 93 0.05195
88 94 0.15298
88 95 -0.00994
88 96 -0.06781
88 97 0.00586
88 98 0.03556
88 99 -0.10219
89 90 -0.19063
89 91 0.04741
89 92 -0.13433
89 93 -0.20789
89 94 -0.23653
89 95 0.03311
89 96 -0.02533
89 97 0.04717
89 98 -0.11727
89 99 -0.04898
90 91 -0.07209
90 92 0.02464
90 93 -0.07698
90 94 0.00078
90 95 -0.0712
90 96 -0.00386
90 97 -0.11629
90 98 0.04594
90 99 -0.00726
91 92 0.16219
91 93 -0.15418
91 94 -0.05752
91 95 0.11023
91 96 0.07144
91 97 0.16827
91 98 0.13821
91 99 0.2425
92 93 0.05205
92 94 0.19316
92 95 0.21138
92 96 0.06604
92 97 0.06353
92 98 -0.01642
92 99 0.10597
93 94 0.07717
93 95 0.16683
93 96 -0.00911
93 97 -0.23966
93 98 -0.00259
93 99 -0.12657
94 95 0.13435
94 96 0.0872
94 97 0.01698
94 98 0.05178
94 99 -0.0107
95 96 0.01947
95 97 0.04694
95 98 0.10859
95 99 0.04944
96 97 -0.06429
96 98 0.08714
96 99 0.13955
97 98 0.00437
97 99 0.01661
98 99 -0.05123
