# model=sk N=100 meanJ=0 seed=1101735 distribution=gaussian field=0 num_fields=100 num_couplings=4950
0 0
1 0
2 0
3 0
4 0
5 0
6 0
7 0
8 0
9 0
10 0
11 0
12 0
13 0
14 0
15 0
16 0
17 0
18 0
19 0
20 0
21 0
22 0
23 0
24 0
25 0
26 0
27 0
28 0
29 0
30 0
31 0
32 0
33 0
34 0
35 0
36 0
37 0
38 0
39 0
40 0
41 0
42 0
43 0
44 0
45 0
46 0
47 0
48 0
49 0
50 0
51 0
52 0
53 0
54 0
55 0
56 0
57 0
58 0
59 0
60 0
61 0
62 0
63 0
64 0
65 0
66 0
67 0
68 0
69 0
70 0
71 0
72 0
73 0
74 0
75 0
76 0
77 0
78 0
79 0
80 0
81 0
82 0
83 0
84 0
85 0
86 0
87 0
88 0
89 0
90 0
91 0
92 0
93 0
94 0
95 0
96 0
97 0
98 0
99 0
0 1 -0.01894
0 2 -0.05086
0 3 -0.02395
0 4 -0.027
0 5 0.01733
0 6 0.01243
0 7 0.00144
0 8 0.10821
0 9 -0.03996
0 10 -0.05149
0 11 -0.01299
0 12 -0.04318
0 13 0.08046
0 14 0.00601
0 15 0.08587
0 16 0.06277
0 17 -0.04822
0 18 -0.14219
0 19 -0.10669
0 20 -0.12612
0 21 -0.06748
0 22 -0.02395
0 23 0.05976
0 24 0.11254
0 25 0.00097
0 26 -0.00419
0 27 0.09287
0 28 0.05559
0 29 0.11961
0 30 -0.02446
0 31 -0.02251
0 32 0.04668
0 33 -0.04477
0 34 0.07196
0 35 -0.06945
0 36 -0.14407
0 37 -0.06179
0 38 0.04871
0 39 -0.02533
0 40 0.10328
0 41 0.05655
0 42 0.25149
0 43 -0.07519
0 44 0.10361
0 45 0.20616
0 46 0.01895
0 47 0.05594
0 48 0.07559
0 49 -0.06594
0 50 -0.04839
0 51 -0.06638
0 52 -0.14484
0 53 0.26409
0 54 -0.03948
0 55 0.12394
0 56 -0.00668
0 57 -0.07354
0 58 0.13006
0 59 -0.10407
0 60 0.01402
0 61 0.02498
0 62 0.16466
0 63 -0.13139
0 64 0.05325
0 65 0.04615
0 66 -0.07984
0 67 -0.02953
0 68 -0.26983
0 69 0.10234
0 70 0.04633
0 71 0.06962
0 72 0.06576
0 73 -0.1322
0 74 -0.12559
0 75 0.03766
0 76 0.01349
0 77 0.06292
0 78 -0.06586
0 79 0.02096
0 80 0.10744
0 81 -0.19386
0 82 0.066
0 83 -0.21784
0 84 -0.08977
0 85 -0.14538
0 86 -0.13963
0 87 0.01677
0 88 0.16319
0 89 -0.17902
0 90 0.08954
0 91 0.02698
0 92 0.02098
0 93 0.09476
0 94 0.00637
0 95 -0.05074
0 96 -0.01241
0 97 -0.21697
0 98 0.14695
0 99 0.16266
1 2 -0.08532
1 3 -0.02865
1 4 -0.1505
1 5 -0.15645
1 6 -0.03065
1 7 -0.18231
1 8 -0.04284
1 9 -0.04896
1 10 0.06593
1 11 -0.09252
1 12 0.10421
1 13 0.12861
1 14 0.0805
1 15 -0.0491
1 16 0.08402
1 17 0.05783
1 18 -0.03537
1 19 0.06091
1 20 0.04659
1 21 -0.04745
1 22 -0.14646
1 23 -0.00683
1 24 -0.11539
1 25 -0.09033
1 26 -0.03732
1 27 -0.12988
1 28 -0.04574
1 29 -0.02807
1 30 0.07344
1 31 0.08973
1 32 0.22784
1 33 -0.06003
1 34 -0.10081
1 35 0.17164
1 36 -0.11836
1 37 0.20482
1 38 0.11996
1 39 -0.0152
1 40 0.09453
1 41 -0.04846
1 42 0.1164
1 43 -0.09381
1 44 -0.15175
1 45 0.12723
1 46 0.18881
1 47 -0.01968
1 48 -0.00608
1 49 -0.10453
1 50 -0.11896
1 51 -0.12802
1 52 0.25567
1 53 -0.04441
1 54 -0.15793
1 55 0.03327
1 56 -0.09649
1 57 -0.0057
1 58 -0.09588
1 59 -0.01762
1 60 -0.00108
1 61 -0.22078
1 62 0.1239
1 63 -0.0957
1 64 0.00853
1 65 -0.08363
1 66 -0.03438
1 67 0.07767
1 68 0.21257
1 69 0.03393
1 70 -0.12023
1 71 -0.09354
1 72 -0.09302
1 73 -0.00269
1 74 0.05863
1 75 0.10249
1 76 0.19662
1 77 0.01828
1 78 -0.11987
1 79 0.07192
1 80 -0.06553
1 81 0.04989
1 82 0.00474
1 83 0.25278
1 84 0.07494
1 85 -0.09446
1 86 -0.10837
1 87 -0.10689
1 88 -0.0134
1 89 -0.151
1 90 -0.18168
1 91 0.04052
1 92 0.11977
1 93 0.13432
1 94 0.13983
1 95 -0.15034
1 96 0.05619
1 97 -0.10622
1 98 -0.09908
1 99 -0.16895
2 3 -0.19396
2 4 0.22166
2 5 0.08238
2 6 0.06972
2 7 0.05049
2 8 0.10999
2 9 0.0811
2 10 -0.0726
2 11 0.0401
2 12 -0.04402
2 13 0.31496
2 14 -0.0897
2 15 -0.12311
2 16 -0.01767
2 17 -0.08831
2 18 -0.02811
2 19 -0.06046
2 20 -0.02056
2 21 -0.00306
2 22 0.05324
2 23 0.17444
2 24 0.26843
2 25 0.01587
2 26 -0.14942
2 27 -0.20548
2 28 -0.07913
2 29 0.11419
2 30 0.06679
2 31 0.07098
2 32 -0.13184
2 33 -0.16777
2 34 0.05901
2 35 -0.05538
2 36 0.06526
2 37 -0.17779
2 38 -0.14897
2 39 0.07986
2 40 -0.07689
2 41 0.0429
2 42 -0.01796
2 43 0.14799
2 44 -0.05051
2 45 -0.14191
2 46 -0.22472
2 47 0.01012
2 48 0.01106
2 49 -0.08196
2 50 -0.19015
2 51 0.17066
2 52 0.01544
2 53 -0.24466
2 54 -0.10705
2 55 -0.0592
2 56 0.03548
2 57 0.06618
2 58 0.06364
2 59 -0.11139
2 60 0.17328
2 61 -0.07808
2 62 0.04456
2 63 0.00976
2 64 0.03029
2 65 -0.0078
2 66 0.01354
2 67 0.1909
2 68 0.02273
2 69 0.11368
2 70 -0.0003
2 71 0.05338
2 72 0.00469
2 73 -0.051
2 74 0.17631
2 75 -0.15148
2 76 -0.03884
2 77 -0.09838
2 78 -0.0389
2 79 -0.01755
2 80 0.11252
2 81 -0.02332
2 82 0.0018
2 83 -0.10743
2 84 0.07164
2 85 0.0786
2 86 -0.01988
2 87 -0.04135
2 88 0.01796
2 89 -0.14344
2 90 0.01139
2 91 0.04474
2 92 0.08638
2 93 -0.02714
2 94 -0.09236
2 95 -0.08544
2 96 -0.06155
2 97 0.05777
2 98 -0.00865
2 99 0.01908
3 4 -0.06838
3 5 -0.07404
3 6 0.16684
3 7 0.09529
3 8 -0.02917
3 9 0.10802
3 10 -0.0286
3 11 0.04963
3 12 -0.00951
3 13 -0.00793
3 14 -0.02998
3 15 -0.00019
3 16 0.03815
3 17 0.22571
3 18 0.03723
3 19 0.13235
3 20 0.10128
3 21 -0.1656
3 22 0.07411
3 23 0.20361
3 24 -0.17786
3 25 -0.13482
3 26 0.07119
3 27 0.07071
3 28 -0.0355
3 29 0.11809
3 30 -0.25535
3 31 0.04055
3 32 0.09277
3 33 0.00954
3 34 -0.10267
3 35 -0.01774
3 36 0.14853
3 37 -0.0697
3 38 -0.08203
3 39 -0.1446
3 40 0.04398
3 41 0.05913
3 42 -0.09428
3 43 0.01024
3 44 0.05115
3 45 -0.16806
3 46 0.08865
3 47 0.11348
3 48 0.11085
3 49 -0.09952
3 50 -0.04978
3 51 -0.1401
3 52 -0.25645
3 53 0.01191
3 54 -0.0232
3 55 0.10883
3 56 -0.09036
3 57 -0.03691
3 58 -0.07422
3 59 -0.06133
3 60 -0.09352
3 61 0.12253
3 62 0.02496
3 63 0.03064
3 64 -0.03318
3 65 -0.10341
3 66 0.11493
3 67 0.0335
3 68 0.04045
3 69 0.0701
3 70 -0.05512
3 71 0.2381
3 72 0.02082
3 73 0.20611
3 74 0.01504
3 75 0.25668
3 76 0.05139
3 77 0.21997
3 78 0.10636
3 79 -0.12497
3 80 -0.08192
3 81 0.08759
3 82 -0.02556
3 83 0.02852
3 84 -0.09889
3 85 -0.1826
3 86 -0.00528
3 87 0.06262
3 88 0.06711
3 89 -0.06872
3 90 0.00994
3 91 -0.00732
3 92 -0.06717
3 93 0.07711
3 94 0.07168
3 95 -0.01895
3 96 -0.05864
3 97 0.06018
3 98 -0.1742
3 99 0.0135
4 5 0.12122
4 6 -0.01521
4 7 -0.06557
4 8 -0.04585
4 9 0.10766
4 10 -0.13923
4 11 0.23869
4 12 0.04209
4 13 0.05037
4 14 -0.1038
4 15 -0.01889
4 16 0.01329
4 17 -0.1976
4 18 -0.07989
4 19 -0.07037
4 20 0.09117
4 21 -0.03839
4 22 0.02536
4 23 -0.12122
4 24 0.26364
4 25 -0.12643
4 26 -0.18416
4 27 -0.0865
4 28 -0.00538
4 29 0.05046
4 30 0.06838
4 31 -0.13932
4 32 -0.22739
4 33 0.11113
4 34 -0.26495
4 35 0.13333
4 36 0.08355
4 37 -0.08157
4 38 -0.0037
4 39 -0.07305
4 40 0.04617
4 41 -0.05201
4 42 -0.07751
4 43 0.27292
4 44 -0.06977
4 45 0.08895
4 46 -0.05684
4 47 -0.17226
4 48 -0.06802
4 49 -0.09422
4 50 -0.08126
4 51 0.02877
4 52 -0.05276
4 53 -0.12524
4 54 0.13399
4 55 0.17644
4 56 -0.02787
4 57 0.09999
4 58 0.24125
4 59 -0.16776
4 60 -0.08766
4 61 -0.02625
4 62 0.10396
4 63 -0.05052
4 64 0.12116
4 65 0.02353
4 66 -0.00637
4 67 -0.06947
4 68 0.02706
4 69 0.23169
4 70 -0.26448
4 71 -0.06617
4 72 0.0213
4 73 -0.01877
4 74 -0.01098
4 75 0.11848
4 76 0.07549
4 77 -0.14159
4 78 0.06123
4 79 -0.21394
4 80 -0.00545
4 81 -0.00317
4 82 -0.11524
4 83 0.14324
4 84 -0.1016
4 85 -0.14539
4 86 0.10484
4 87 -0.18732
4 88 0.02353
4 89 -0.05766
4 90 -0.04895
4 91 -0.0898
4 92 -0.04148
4 93 -0.0406
4 94 -0.00847
4 95 0.03938
4 96 0.17796
4 97 0.05167
4 98 0.00489
4 99 0.16064
5 6 -0.11588
5 7 -0.02308
5 8 -0.06824
5 9 0.05874
5 10 -0.05827
5 11 -0.08641
5 12 0.14072
5 13 -0.14301
5 14 -0.16792
5 15 -0.04058
5 16 0.02521
5 17 0.00169
5 18 0.26338
5 19 -0.06414
5 20 -0.08634
5 21 -0.1633
5 22 -0.00475
5 23 -0.08825
5 24 -0.02011
5 25 0.00999
5 26 -0.06189
5 27 0.20718
5 28 0.19208
5 29 -0.02027
5 30 0.07405
5 31 0.02958
5 32 0.07708
5 33 -0.13718
5 34 -0.02813
5 35 0.03221
5 36 0.0694
5 37 0.00181
5 38 -0.02976
5 39 -0.04568
5 40 0.17977
5 41 0.12805
5 42 -0.12132
5 43 0.07574
5 44 0.03049
5 45 -0.18452
5 46 -0.06017
5 47 0.12649
5 48 0.10618
5 49 0.06675
5 50 -0.16715
5 51 -0.12713
5 52 0.04823
5 53 -0.04448
5 54 0.16643
5 55 0.07294
5 56 -0.02846
5 57 -0.06359
5 58 -0.00396
5 59 0.08556
5 60 -0.12651
5 61 0.11278
5 62 0.02513
5 63 -0.04086
5 64 -0.06078
5 65 -0.15864
5 66 -0.0619
5 67 0.14335
5 68 0.00698
5 69 0.08195
5 70 0.07217
5 71 0.10945
5 72 -0.2298
5 73 -0.13442
5 74 0.21111
5 75 0.0256
5 76 0.04831
5 77 -0.01688
5 78 -0.07369
5 79 0.20856
5 80 -0.04494
5 81 0.04706
5 82 0.11184
5 83 0.09936
5 84 -0.02056
5 85 -0.08936
5 86 -0.00401
5 87 -0.03632
5 88 0.0786
5 89 0.03457
5 90 -0.08406
5 91 0.07265
5 92 0.0538
5 93 0.0432
5 94 -0.13721
5 95 -0.00846
5 96 0.16723
5 97 -0.16911
5 98 -0.00619
5 99 0.03809
6 7 -0.05472
6 8 0.00649
6 9 0.12621
6 10 0.06641
6 11 -0.17635
6 12 -0.07371
6 13 -0.13367
6 14 0.02484
6 15 -0.15255
6 16 0.04685
6 17 0.26842
6 18 -0.08009
6 19 0.00496
6 20 -0.03929
6 21 0.01728
6 22 -0.04215
6 23 -0.08375
6 24 -0.00486
6 25 -0.01781
6 26 0.00556
6 27 0.09911
6 28 -0.03563
6 29 -0.08413
6 30 0.1066
6 31 -0.09153
6 32 -0.24557
6 33 -0.04949
6 34 0.01306
6 35 -0.20007
6 36 -0.12268
6 37 0.0175
6 38 0.05788
6 39 0.01108
6 40 -0.01356
6 41 0.15683
6 42 0.0416
6 43 -0.04491
6 44 -0.01642
6 45 0.13694
6 46 0.15611
6 47 0.15025
6 48 -0.03228
6 49 -0.02603
6 50 0.14072
6 51 0.1361
6 52 -0.11584
6 53 -0.05913
6 54 -0.05905
6 55 0.17087
6 56 -0.13424
6 57 0.03131
6 58 -0.0364
6 59 0.27869
6 60 -0.02516
6 61 -0.02709
6 62 -0.00687
6 63 0.00653
6 64 0.07257
6 65 0.01025
6 66 0.16782
6 67 -0.09388
6 68 -0.06151
6 69 0.14402
6 70 -0.04869
6 71 0.05317
6 72 0.05163
6 73 0.02819
6 74 0.19183
6 75 -0.03562
6 76 -0.2233
6 77 0.07373
6 78 0.05285
6 79 -0.13155
6 80 0.00487
6 81 0.011
6 82 0.0999
6 83 -0.02029
6 84 0.09454
6 85 0.02358
6 86 -0.04451
6 87 0.01346
6 88 -0.06786
6 89 0.08074
6 90 0.03536
6 91 0.08679
6 92 0.0989
6 93 0.01227
6 94 0.03924
6 95 0.05236
6 96 -0.02856
6 97 0.0938
6 98 -0.12208
6 99 -0.10926
7 8 -0.02642
7 9 -0.05821
7 10 -0.08434
7 11 0.12215
7 12 -0.02115
7 13 -0.03647
7 14 -0.19813
7 15 0.13716
7 16 0.08194
7 17 0.03851
7 18 -0.1763
7 19 0.02847
7 20 -0.02609
7 21 -0.15219
7 22 0.02775
7 23 -0.09698
7 24 0.06609
7 25 -0.0721
7 26 -0.16484
7 27 0.10324
7 28 -0.09493
7 29 -0.04769
7 30 -0.04592
7 31 0.05372
7 32 0.01635
7 33 0.08204
7 34 -0.08795
7 35 0.06707
7 36 0.07246
7 37 -0.07167
7 38 0.01781
7 39 0.16381
7 40 -0.08823
7 41 -0.08285
7 42 0.01968
7 43 -0.04039
7 44 -0.09842
7 45 0.0901
7 46 0.00281
7 47 -0.05856
7 48 0.05298
7 49 0.08948
7 50 -0.06192
7 51 -0.03703
7 52 -0.10222
7 53 0.13504
7 54 -0.0961
7 55 0.00092
7 56 0.04452
7 57 -0.03534
7 58 -0.05961
7 59 -0.00098
7 60 -0.17178
7 61 0.01884
7 62 0.04131
7 63 0.11899
7 64 -0.11909
7 65 0.08575
7 66 0.35816
7 67 0.11969
7 68 0.14234
7 69 -0.03163
7 70 -0.0879
7 71 -0.1427
7 72 -0.06394
7 73 0.17081
7 74 -0.14747
7 75 0.07491
7 76 -0.17824
7 77 0.09857
7 78 -0.0586
7 79 0.08016
7 80 -0.06415
7 81 -0.10483
7 82 -0.06527
7 83 0.10849
7 84 -0.10968
7 85 -0.02893
7 86 -0.13496
7 87 0.01451
7 88 0.07486
7 89 0.12096
7 90 -0.07947
7 91 0.07244
7 92 -0.01019
7 93 -0.07999
7 94 -0.14578
7 95 0.1539
7 96 -0.23595
7 97 0.11278
7 98 -0.02148
7 99 0.05667
8 9 -0.09844
8 10 0.02725
8 11 0.01225
8 12 0.11488
8 13 -0.01538
8 14 -0.08135
8 15 0.15641
8 16 -0.00471
8 17 0.27352
8 18 -0.08378
8 19 -0.16854
8 20 -0.25281
8 21 0.14856
8 22 0.07672
8 23 -0.02381
8 24 0.08426
8 25 -0.01366
8 26 0.02195
8 27 -0.18933
8 28 -0.21274
8 29 0.08805
8 30 -0.05593
8 31 -0.02773
8 32 -0.00253
8 33 0.13284
8 34 -0.08817
8 35 0.12053
8 36 -0.01689
8 37 -0.07217
8 38 -0.12959
8 39 -0.0443
8 40 0.12943
8 41 0.11977
8 42 -0.10132
8 43 0.04314
8 44 0.01539
8 45 -0.1737
8 46 0.17451
8 47 -0.02363
8 48 -0.03655
8 49 -0.06765
8 50 -0.02284
8 51 -0.02313
8 52 -0.04062
8 53 0.09943
8 54 0.22355
8 55 0.00138
8 56 -0.11898
8 57 0.00068
8 58 0.07863
8 59 0.18541
8 60 -0.00359
8 61 0.12146
8 62 -0.1847
8 63 -0.08061
8 64 -0.01645
8 65 -0.03069
8 66 0.05024
8 67 0.00911
8 68 0.16286
8 69 0.1273
8 70 -0.00664
8 71 0.00828
8 72 0.23328
8 73 -0.0153
8 74 0.03839
8 75 0.13006
8 76 0.09258
8 77 -0.02928
8 78 0.10516
8 79 0.13535
8 80 -0.00584
8 81 -0.00054
8 82 0.0132
8 83 -0.0208
8 84 -0.088
8 85 -0.17109
8 86 -0.09252
8 87 0.09242
8 88 0.14682
8 89 -0.08275
8 90 0.01498
8 91 -0.12149
8 92 -0.0475
8 93 0.17051
8 94 -0.005
8 95 0.02447
8 96 -0.08757
8 97 0.01006
8 98 -0.06148
8 99 0.09752
9 10 -0.07373
9 11 -0.16758
9 12 0.01851
9 13 -0.04534
9 14 0.1112
9 15 -0.03273
9 16 0.06229
9 17 0.0855
9 18 0.1276
9 19 -0.02035
9 20 -0.13109
9 21 -0.13013
9 22 0.06606
9 23 -0.02805
9 24 -0.23907
9 25 0.02632
9 26 0.00238
9 27 0.17935
9 28 -0.02835
9 29 0.16782
9 30 -0.05096
9 31 0.03998
9 32 -0.11299
9 33 0.08204
9 34 0.03369
9 35 -0.01626
9 36 0.12198
9 37 0.11885
9 38 0.1335
9 39 -0.0607
9 40 -0.18827
9 41 0.04448
9 42 -0.09104
9 43 0.09502
9 44 -0.12671
9 45 0.24483
9 46 -0.00344
9 47 0.08165
9 48 -0.02094
9 49 0.13965
9 50 0.09879
9 51 -0.10718
9 52 0.01972
9 53 -0.01598
9 54 -0.15451
9 55 -0.07891
9 56 0.2021
9 57 -0.14113
9 58 0.02061
9 59 -0.08901
9 60 0.01069
9 61 -0.10914
9 62 -0.0702
9 63 -0.06015
9 64 -0.00538
9 65 0.0194
9 66 0.03982
9 67 0.03096
9 68 -0.09171
9 69 0.02654
9 70 0.07288
9 71 -0.05296
9 72 -0.22215
9 73 0.12578
9 74 0.04497
9 75 0.17543
9 76 -0.07166
9 77 -0.06349
9 78 -0.13227
9 79 0.17672
9 80 -0.04454
9 81 0.04518
9 82 0.04957
9 83 0.27842
9 84 0.01682
9 85 -0.12707
9 86 -0.04949
9 87 0.2355
9 88 -0.14891
9 89 0.02358
9 90 0.16607
9 91 0.07362
9 92 0.27376
9 93 0.05431
9 94 0.04438
9 95 -0.04185
9 96 -0.00454
9 97 -0.01717
9 98 0.2303
9 99 -0.24771
10 11 0.00384
10 12 -0.08295
10 13 0.07791
10 14 0.02319
10 15 -0.03558
10 16 -0.1852
10 17 -0.07383
10 18 -0.08114
10 19 0.0803
10 20 0.14728
10 21 0.10875
10 22 -0.09535
10 23 -0.02557
10 24 -0.08074
10 25 -0.12974
10 26 -0.10595
10 27 -0.03354
10 28 -0.13654
10 29 -0.24221
10 30 0.02343
10 31 -0.08334
10 32 0.14999
10 33 0.02275
10 34 -0.32437
10 35 0.03702
10 36 0.14116
10 37 0.02716
10 38 0.14992
10 39 0.14009
10 40 0.08409
10 41 0.03671
10 42 0.09914
10 43 0.0609
10 44 -0.02656
10 45 0.03454
10 46 0.15327
10 47 -0.0632
10 48 -0.02506
10 49 0.10736
10 50 0.00994
10 51 0.00431
10 52 0.03174
10 53 -0.1498
10 54 -0.11127
10 55 0.05265
10 56 0.01099
10 57 -0.1938
10 58 0.00192
10 59 -0.048
10 60 -0.07487
10 61 -0.07739
10 62 0.05322
10 63 -0.02934
10 64 0.23153
10 65 0.07502
10 66 -0.21748
10 67 -0.10203
10 68 0.06932
10 69 0.09072
10 70 0.04839
10 71 -0.01814
10 72 0.05634
10 73 -0.10227
10 74 -0.01716
10 75 0.08465
10 76 0.02457
10 77 -0.0227
10 78 -0.04156
10 79 0.09176
10 80 -0.1025
10 81 0.10085
10 82 -0.14378
10 83 -0.02053
10 84 -0.03536
10 85 0.01269
10 86 0.21944
10 87 0.05876
10 88 -0.01373
10 89 0.07992
10 90 -0.23572
10 91 -0.28481
10 92 0.07906
10 93 -0.05822
10 94 -0.16362
10 95 0.20514
10 96 -0.07212
10 97 -0.20437
10 98 0.03068
10 99 0.10166
11 12 0.01668
11 13 -0.09081
11 14 -0.03916
11 15 -0.05455
11 16 -0.07027
11 17 -0.04877
11 18 -0.00087
11 19 0.08647
11 20 0.12571
11 21 -0.04982
11 22 -0.1046
11 23 0.13152
11 24 0.17252
11 25 0.0126
11 26 0.08155
11 27 -0.06386
11 28 -0.1469
11 29 0.04923
11 30 0.19357
11 31 -0.16329
11 32 0.05278
11 33 0.06399
11 34 0.12958
11 35 0.05452
11 36 0.06896
11 37 -0.05116
11 38 -0.12389
11 39 -0.05196
11 40 -0.05421
11 41 0.05725
11 42 0.00584
11 43 0.03054
11 44 0.01569
11 45 -0.02524
11 46 -0.08765
11 47 0.03842
11 48 -0.01119
11 49 -0.17688
11 50 0.10392
11 51 -0.07456
11 52 0.01734
11 53 0.02643
11 54 -0.10766
11 55 -0.13672
11 56 0.17572
11 57 -0.00997
11 58 -0.10763
11 59 0.06277
11 60 -0.17912
11 61 -0.02256
11 62 -0.0499
11 63 -0.04402
11 64 0.01429
11 65 -0.10263
11 66 -0.0526
11 67 0.01919
11 68 0.00431
11 69 -0.09691
11 70 0.22703
11 71 -0.08362
11 72 -0.0293
11 73 -0.21999
11 74 -0.03831
11 75 0.10971
11 76 0.24055
11 77 0.05011
11 78 0.03097
11 79 -0.06629
11 80 -0.05977
11 81 0.01922
11 82 0.08123
11 83 -0.10058
11 84 0.17893
11 85 0.07384
11 86 -0.00876
11 87 -0.11538
11 88 0.20147
11 89 0.10985
11 90 0.13392
11 91 0.01111
11 92 -0.08162
11 93 0.02645
11 94 0.08905
11 95 -0.16142
11 96 -0.0998
11 97 0.18201
11 98 0.0126
11 99 -0.11954
12 13 0.05364
12 14 0.01192
12 15 -0.03057
12 16 -0.03847
12 17 0.04565
12 18 -0.27599
12 19 -0.13372
12 20 0.00209
12 21 -0.02814
12 22 0.12771
12 23 0.05147
12 24 -0.03702
12 25 -0.0636
12 26 -0.13157
12 27 0.13221
12 28 -0.12879
12 29 0.00179
12 30 -0.03891
12 31 0.02734
12 32 0.2198
12 33 0.10063
12 34 -0.03901
12 35 0.07001
12 36 -0.04257
12 37 -0.03138
12 38 -0.00433
12 39 0.01386
12 40 -0.02643
12 41 -0.04398
12 42 0.00829
12 43 0.0159
12 44 0.08343
12 45 0.10872
12 46 -0.12763
12 47 -0.11505
12 48 -0.07621
12 49 0.06078
12 50 0.06251
12 51 0.17747
12 52 -0.01011
12 53 -0.20681
12 54 0.00231
12 55 -0.01111
12 56 -0.02773
12 57 0.06331
12 58 -0.01947
12 59 -0.16302
12 60 0.15005
12 61 -0.09008
12 62 0.08202
12 63 -0.02424
12 64 0.15654
12 65 0.17391
12 66 0.06245
12 67 0.00212
12 68 -0.07068
12 69 0.04059
12 70 -0.06971
12 71 0.06399
12 72 -0.04023
12 73 -0.12195
12 74 -0.01855
12 75 -0.05296
12 76 -0.01908
12 77 -0.10742
12 78 0.0847
12 79 0.02877
12 80 0.03464
12 81 0.0829
12 82 -0.03758
12 83 -0.08887
12 84 0.05075
12 85 -0.05316
12 86 0.03174
12 87 -0.0759
12 88 0.07703
12 89 0.01958
12 90 -0.05228
12 91 0.01455
12 92 0.01443
12 93 -0.02119
12 94 -0.01461
12 95 0.20738
12 96 -0.03774
12 97 -0.08403
12 98 -0.1033
12 99 -0.13059
13 14 -0.02798
13 15 -0.04566
13 16 -0.00499
13 17 0.03642
13 18 0.01833
13 19 -0.00021
13 20 -0.07816
13 21 0.1526
13 22 -0.00205
13 23 0.01579
13 24 -0.05494
13 25 0.09544
13 26 0.03788
13 27 -0.06958
13 28 0.04954
13 29 -0.10876
13 30 -0.02333
13 31 0.20578
13 32 -0.20696
13 33 0.01331
13 34 -0.07813
13 35 0.01536
13 36 -0.09052
13 37 -0.11571
13 38 -0.03918
13 39 0.06458
13 40 -0.10757
13 41 0.02415
13 42 -0.18067
13 43 0.09543
13 44 -0.16272
13 45 -0.20065
13 46 0.07683
13 47 -0.09004
13 48 0.03673
13 49 -0.19148
13 50 -0.02917
13 51 0.07864
13 52 -0.05009
13 53 0.05079
13 54 0.07924
13 55 -0.05787
13 56 0.02078
13 57 -0.03923
13 58 0.0307
13 59 -0.05646
13 60 0.05495
13 61 0.05928
13 62 -0.0193
13 63 -0.14633
13 64 -0.07941
13 65 0.08329
13 66 -0.02002
13 67 0.14445
13 68 0.05028
13 69 0.13554
13 70 -0.13953
13 71 0.06869
13 72 -0.01232
13 73 0.14032
13 74 -0.11407
13 75 0.04352
13 76 -0.03111
13 77 -0.10135
13 78 -0.20557
13 79 0.16239
13 80 0.02605
13 81 -0.06746
13 82 -0.05305
13 83 -0.00807
13 84 -0.03409
13 85 -0.03628
13 86 0.05177
13 87 -0.00715
13 88 -0.09092
13 89 0.15955
13 90 -0.07512
13 91 -0.07525
13 92 -0.04818
13 93 0.022
13 94 -0.00162
13 95 -0.14734
13 96 0.09554
13 97 -0.11124
13 98 -0.09353
13 99 0.15424
14 15 -0.00633
14 16 0.13965
14 17 -0.06577
14 18 0.16046
14 19 -0.10254
14 20 -0.05024
14 21 -0.09873
14 22 0.06756
14 23 -0.00962
14 24 -0.03952
14 25 -0.05461
14 26 0.12446
14 27 -0.16946
14 28 -0.05118
14 29 -0.07894
14 30 0.055
14 31 -0.06071
14 32 -0.07678
14 33 0.03524
14 34 -0.00391
14 35 -0.16922
14 36 -0.12872
14 37 0.00684
14 38 -0.04053
14 39 -0.13444
14 40 0.03553
14 41 0.02592
14 42 -0.02361
14 43 0.26282
14 44 -0.14348
14 45 0.16958
14 46 -0.0584
14 47 0.04458
14 48 -0.0917
14 49 -0.12214
14 50 0.22986
14 51 0.02111
14 52 0.02382
14 53 0.0671
14 54 0.08454
14 55 0.05009
14 56 -0.01901
14 57 0.05443
14 58 0.07656
14 59 -0.04734
14 60 0.13148
14 61 0.11338
14 62 0.0943
14 63 -0.107
14 64 -0.0979
14 65 0.15981
14 66 -0.04263
14 67 0.10093
14 68 -0.01909
14 69 0.02875
14 70 -0.00788
14 71 0.04632
14 72 -0.06979
14 73 -0.11069
14 74 0.11376
14 75 0.05417
14 76 -0.2089
14 77 0.02387
14 78 0.0052
14 79 0.00658
14 80 -0.18098
14 81 -0.01165
14 82 0.01892
14 83 -0.04654
14 84 0.05365
14 85 -0.02817
14 86 0.01641
14 87 0.00492
14 88 -0.04193
14 89 -0.15198
14 90 0.02213
14 91 -0.0448
14 92 -0.00698
14 93 0.01664
14 94 0.08531
14 95 0.13731
14 96 0.05225
14 97 0.22117
14 98 0.04021
14 99 -0.04559
15 16 -0.01018
15 17 0.02796
15 18 -0.09268
15 19 -0.04618
15 20 0.07394
15 21 0.03631
15 22 0.04709
15 23 0.07263
15 24 -0.01693
15 25 -0.06624
15 26 -0.00406
15 27 -0.09624
15 28 0.12201
15 29 -0.11775
15 30 0.07048
15 31 0.01778
15 32 -0.14228
15 33 -0.01162
15 34 0.26297
15 35 0.07948
15 36 0.00553
15 37 0.0799
15 38 -0.09646
15 39 0.08739
15 40 0.1523
15 41 0.10305
15 42 0.03103
15 43 0.07391
15 44 -0.04106
15 45 -0.013
15 46 0.05353
15 47 -0.06258
15 48 0.13261
15 49 -0.03182
15 50 -0.16741
15 51 -0.02997
15 52 0.24598
15 53 -0.019
15 54 -0.13015
15 55 -0.00275
15 56 -0.07012
15 57 -0.1365
15 58 0.0175
15 59 -0.02235
15 60 -0.06647
15 61 0.14772
15 62 0.03894
15 63 -0.05446
15 64 0.08856
15 65 -0.01313
15 66 -0.08937
15 67 0.02935
15 68 0.13395
15 69 0.06123
15 70 0.01339
15 71 -0.29743
15 72 0.00378
15 73 0.00053
15 74 -0.01094
15 75 0.06183
15 76 -0.02993
15 77 -0.01967
15 78 0.00031
15 79 -0.07994
15 80 0.117
15 81 0.0603
15 82 0.07867
15 83 -0.08854
15 84 0.07902
15 85 -0.28996
15 86 0.00889
15 87 0.06788
15 88 0.09339
15 89 0.03201
15 90 -0.07254
15 91 0.06827
15 92 0.06309
15 93 0.0825
15 94 0.17477
15 95 0.12125
15 96 -0.04325
15 97 0.01014
15 98 0.02116
15 99 -0.02956
16 17 0.0042
16 18 0.18168
16 19 -0.01875
16 20 0.09213
16 21 -0.02716
16 22 -0.06526
16 23 -0.11162
16 24 0.05455
16 25 -0.02641
16 26 0.01931
16 27 -0.19196
16 28 -0.0553
16 29 -0.20733
16 30 0.08484
16 31 -0.05948
16 32 -0.01074
16 33 0.00092
16 34 -0.01288
16 35 0.23224
16 36 -0.06217
16 37 -0.05654
16 38 -0.12127
16 39 0.01694
16 40 -0.11466
16 41 -0.13831
16 42 0.11754
16 43 0.09925
16 44 -0.01345
16 45 -0.06515
16 46 -0.10956
16 47 -0.06292
16 48 -0.16066
16 49 -0.00209
16 50 -0.10657
16 51 -0.20457
16 52 0.01554
16 53 0.13814
16 54 -0.04102
16 55 -0.05039
16 56 -0.0178
16 57 -0.15719
16 58 -0.05045
16 59 -0.06148
16 60 0.07219
16 61 0.10742
16 62 -0.09421
16 63 -0.13901
16 64 -0.05599
16 65 0.06501
16 66 -0.16794
16 67 -0.01986
16 68 0.03768
16 69 -0.0177
16 70 0.15179
16 71 0.13204
16 72 0.02209
16 73 -0.15744
16 74 0.02348
16 75 -0.01895
16 76 0.03356
16 77 -0.0426
16 78 0.10808
16 79 0.15028
16 80 -0.08576
16 81 -0.02548
16 82 -0.0591
16 83 -0.1632
16 84 0.01353
16 85 -0.15492
16 86 -0.03124
16 87 -0.01015
16 88 -0.01295
16 89 0.10767
16 90 0.08441
16 91 -0.11226
16 92 0.08888
16 93 -0.04516
16 94 -0.07197
16 95 0.10036
16 96 -0.02419
16 97 0.14328
16 98 -0.00482
16 99 -0.02937
17 18 -0.01952
17 19 -0.06496
17 20 -0.03079
17 21 0.07162
17 22 -0.09271
17 23 0.10507
17 24 0.04536
17 25 -0.03713
17 26 0.17208
17 27 -0.03096
17 28 -0.22198
17 29 0.09783
17 30 -0.00365
17 31 0.01932
17 32 0.07753
17 33 -0.22235
17 34 -0.0805
17 35 0.13039
17 36 -0.08989
17 37 0.02655
17 38 0.03493
17 39 0.12518
17 40 0.04883
17 41 0.14085
17 42 0.10798
17 43 0.0176
17 44 0.11688
17 45 0.14691
17 46 0.13694
17 47 0.07479
17 48 0.03558
17 49 -0.06207
17 50 -0.17533
17 51 -0.0524
17 52 -0.28496
17 53 -0.16571
17 54 -0.00602
17 55 -0.05356
17 56 0.0184
17 57 0.13943
17 58 0.06154
17 59 0.06882
17 60 -0.13452
17 61 0.05512
17 62 0.08616
17 63 0.11767
17 64 -0.16929
17 65 0.07779
17 66 -0.12599
17 67 -0.01682
17 68 0.04004
17 69 0.05381
17 70 -0.01536
17 71 0.1047
17 72 -0.06587
17 73 -0.13302
17 74 -0.1475
17 75 0.00285
17 76 0.11203
17 77 -0.1149
17 78 -0.0454
17 79 0.11229
17 80 0.03996
17 81 0.11382
17 82 -0.06141
17 83 0.0376
17 84 0.1046
17 85 -0.11259
17 86 -0.14055
17 87 -0.03015
17 88 0.2426
17 89 0.03249
17 90 -0.14097
17 91 0.13278
17 92 0.00336
17 93 0.03464
17 94 -0.07871
17 95 -0.01613
17 96 0.00659
17 97 0.0426
17 98 -0.01106
17 99 -0.11509
18 19 0.02536
18 20 0.20735
18 21 -0.02411
18 22 -0.03141
18 23 0.08871
18 24 0.12707
18 25 0.03731
18 26 0.00057
18 27 -0.02581
18 28 0.11979
18 29 -0.13007
18 30 0.06475
18 31 -0.12514
18 32 0.01919
18 33 0.04936
18 34 0.02921
18 35 0.10023
18 36 -0.12277
18 37 -0.00983
18 38 -0.02674
18 39 -0.07805
18 40 -0.01677
18 41 -0.0771
18 42 0.08343
18 43 0.02513
18 44 0.10752
18 45 0.03312
18 46 0.02599
18 47 0.00878
18 48 0.24513
18 49 0.02945
18 50 0.14007
18 51 -0.03858
18 52 -0.01524
18 53 0.08005
18 54 -0.00923
18 55 -0.02616
18 56 -0.04561
18 57 0.07263
18 58 -0.03442
18 59 0.1827
18 60 -0.06467
18 61 0.00135
18 62 -0.10846
18 63 0.0185
18 64 -0.09821
18 65 -0.066
18 66 0.19032
18 67 -0.17392
18 68 -0.12484
18 69 0.01224
18 70 0.18628
18 71 0.00172
18 72 0.05741
18 73 0.18655
18 74 0.00237
18 75 -0.00509
18 76 -0.21018
18 77 -0.1433
18 78 0.12006
18 79 0.00008
18 80 -0.13942
18 81 0.02034
18 82 0.03313
18 83 -0.03057
18 84 -0.08874
18 85 -0.01293
18 86 0.03355
18 87 0.17703
18 88 -0.06159
18 89 0.11644
18 90 -0.11981
18 91 0.0737
18 92 -0.05232
18 93 -0.05703
18 94 -0.19811
18 95 -0.09623
18 96 -0.0088
18 97 0.09946
18 98 -0.14639
18 99 0.07149
19 20 -0.08611
19 21 -0.15609
19 22 -0.01318
19 23 0.08248
19 24 0.03744
19 25 0.01759
19 26 -0.06858
19 27 -0.09198
19 28 -0.13118
19 29 -0.04424
19 30 -0.20249
19 31 -0.05682
19 32 0.09185
19 33 -0.21061
19 34 -0.02247
19 35 0.07083
19 36 -0.04341
19 37 0.09122
19 38 -0.03403
19 39 -0.04368
19 40 -0.03006
19 41 0.00495
19 42 -0.03758
19 43 0.10769
19 44 -0.17679
19 45 -0.04438
19 46 0.18933
19 47 -0.12655
19 48 0.09075
19 49 0.09664
19 50 -0.009
19 51 0.11389
19 52 0.09095
19 53 -0.23642
19 54 -0.00921
19 55 0.11791
19 56 -0.07038
19 57 -0.08642
19 58 -0.15111
19 59 -0.03319
19 60 -0.00049
19 61 -0.09467
19 62 0.11825
19 63 -0.04555
19 64 0.03423
19 65 -0.12132
19 66 -0.11395
19 67 0.09299
19 68 -0.12465
19 69 0.00975
19 70 0.11519
19 71 0.1157
19 72 -0.01236
19 73 0.12065
19 74 -0.05327
19 75 0.02016
19 76 -0.11244
19 77 -0.10937
19 78 0.09037
19 79 -0.05148
19 80 0.12135
19 81 0.16673
19 82 0.02685
19 83 -0.01122
19 84 -0.03979
19 85 0.01528
19 86 -0.13588
19 87 0.14921
19 88 -0.11616
19 89 0.00382
19 90 -0.00014
19 91 -0.1789
19 92 -0.01358
19 93 0.0327
19 94 0.07818
19 95 -0.06414
19 96 -0.00309
19 97 -0.1028
19 98 0.01918
19 99 -0.04102
20 21 0.01909
20 22 -0.00098
20 23 -0.06133
20 24 -0.08104
20 25 -0.19499
20 26 -0.07602
20 27 -0.04405
20 28 -0.18464
20 29 -0.22207
20 30 0.03312
20 31 -0.10285
20 32 -0.18751
20 33 -0.03274
20 34 0.03961
20 35 -0.15129
20 36 0.17026
20 37 -0.0755
20 38 -0.00214
20 39 0.03865
20 40 -0.01254
20 41 0.00248
20 42 -0.08358
20 43 0.12955
20 44 0.17251
20 45 -0.08317
20 46 -0.19023
20 47 0.00773
20 48 0.15634
20 49 0.1112
20 50 -0.12457
20 51 0.12624
20 52 0.10381
20 53 -0.02143
20 54 0.16366
20 55 -0.12669
20 56 0.09256
20 57 0.01103
20 58 0.07871
20 59 0.12662
20 60 0.04911
20 61 -0.04505
20 62 0.00508
20 63 -0.00469
20 64 0.02938
20 65 0.02568
20 66 0.07229
20 67 -0.0592
20 68 -0.22458
20 69 -0.09044
20 70 0.10337
20 71 0.16155
20 72 0.02392
20 73 -0.11516
20 74 -0.04716
20 75 -0.13003
20 76 0.12723
20 77 0.03104
20 78 0.02541
20 79 0.01005
20 80 -0.01106
20 81 -0.07333
20 82 -0.0837
20 83 -0.06379
20 84 0.0258
20 85 0.09325
20 86 0.15108
20 87 -0.12475
20 88 -0.01197
20 89 0.00813
20 90 0.00097
20 91 0.11446
20 92 0.05639
20 93 -0.07171
20 94 0.04004
20 95 0.07964
20 96 -0.10522
20 97 0.03487
20 98 -0.02852
20 99 -0.02127
21 22 0.10172
21 23 0.15528
21 24 -0.05572
21 25 0.13418
21 26 0.00215
21 27 -0.13967
21 28 -0.20662
21 29 0.07763
21 30 -0.03491
21 31 -0.11094
21 32 -0.2474
21 33 0.06911
21 34 -0.08463
21 35 0.06264
21 36 0.11096
21 37 -0.05755
21 38 -0.03863
21 39 0.06125
21 40 0.15716
21 41 0.10213
21 42 0.07938
21 43 -0.09823
21 44 -0.09343
21 45 0.04133
21 46 -0.05642
21 47 -0.01124
21 48 -0.05096
21 49 0.03954
21 50 0.14363
21 51 0.06336
21 52 -0.04548
21 53 0.10503
21 54 -0.03984
21 55 -0.17284
21 56 0.0046
21 57 -0.13995
21 58 -0.11168
21 59 0.05603
21 60 0.08181
21 61 -0.00007
21 62 -0.08859
21 63 0.24476
21 64 -0.06005
21 65 0.03023
21 66 0.01021
21 67 -0.14522
21 68 -0.04072
21 69 -0.03438
21 70 0.13176
21 71 -0.16293
21 72 -0.05532
21 73 -0.09199
21 74 -0.08511
21 75 -0.02534
21 76 0.13897
21 77 0.1709
21 78 0.07866
21 79 -0.11419
21 80 -0.00376
21 81 -0.15083
21 82 -0.01318
21 83 0.01814
21 84 -0.03316
21 85 -0.06492
21 86 -0.09392
21 87 0.03508
21 88 0.08168
21 89 0.09507
21 90 0.03717
21 91 0.10908
21 92 -0.14716
21 93 0.03746
21 94 0.04657
21 95 -0.16486
21 96 0.07157
21 97 0.01308
21 98 0.14685
21 99 -0.07084
22 23 -0.22403
22 24 -0.05933
22 25 -0.06315
22 26 0.06298
22 27 0.16406
22 28 0.07955
22 29 -0.13473
22 30 0.07905
22 31 -0.09043
22 32 0.00798
22 33 0.15741
22 34 -0.0102
22 35 0.00045
22 36 -0.04136
22 37 0.03788
22 38 0.1313
22 39 0.08793
22 40 -0.04833
22 41 0.05349
22 42 -0.00031
22 43 0.07557
22 44 0.04135
22 45 0.03069
22 46 0.20988
22 47 0.22401
22 48 0.14826
22 49 0.04281
22 50 0.11572
22 51 0.05254
22 52 0.00649
22 53 -0.04692
22 54 0.01574
22 55 -0.02795
22 56 -0.25903
22 57 -0.238
22 58 -0.04467
22 59 -0.08881
22 60 -0.03776
22 61 -0.03917
22 62 0.00312
22 63 -0.00514
22 64 0.11683
22 65 -0.02971
22 66 0.00273
22 67 -0.20088
22 68 -0.04484
22 69 0.0615
22 70 -0.06529
22 71 0.08819
22 72 0.17868
22 73 -0.04225
22 74 -0.10189
22 75 -0.02861
22 76 -0.10786
22 77 0.1609
22 78 -0.02934
22 79 -0.01417
22 80 -0.17392
22 81 -0.21212
22 82 -0.02964
22 83 -0.03637
22 84 -0.15156
22 85 -0.20723
22 86 0.08034
22 87 -0.22862
22 88 0.11876
22 89 -0.12975
22 90 0.06244
22 91 -0.07206
22 92 -0.17375
22 93 0.04381
22 94 -0.04447
22 95 -0.00114
22 96 0.12703
22 97 -0.04566
22 98 -0.03846
22 99 0.04173
23 24 -0.07009
23 25 -0.13326
23 26 0.11569
23 27 0.12377
23 28 -0.03307
23 29 0.05823
23 30 0.07558
23 31 0.07344
23 32 -0.12063
23 33 -0.1441
23 34 0.15639
23 35 -0.14558
23 36 -0.0383
23 37 0.14084
23 38 0.16342
23 39 -0.04046
23 40 0.00697
23 41 0.03768
23 42 0.08543
23 43 -0.03471
23 44 0.09555
23 45 -0.0599
23 46 -0.19285
23 47 0.03285
23 48 -0.0896
23 49 -0.02964
23 50 0.07745
23 51 -0.0212
23 52 0.02719
23 53 0.01784
23 54 0.02064
23 55 0.03441
23 56 -0.15522
23 57 -0.03749
23 58 -0.08518
23 59 -0.09462
23 60 0.05116
23 61 -0.02051
23 62 0.00971
23 63 0.00251
23 64 -0.24142
23 65 0.0201
23 66 -0.14851
23 67 0.00935
23 68 0.04398
23 69 0.0256
23 70 -0.00643
23 71 0.02663
23 72 -0.15952
23 73 0.18077
23 74 0.12831
23 75 -0.04212
23 76 -0.0787
23 77 -0.07815
23 78 0.004
23 79 -0.22269
23 80 -0.22771
23 81 0.07339
23 82 -0.20771
23 83 -0.1206
23 84 -0.04294
23 85 0.13088
23 86 0.07205
23 87 -0.04171
23 88 0.13737
23 89 0.07284
23 90 0.11089
23 91 -0.04211
23 92 -0.13615
23 93 0.19998
23 94 0.03534
23 95 -0.00724
23 96 -0.04042
23 97 0.15158
23 98 0.00268
23 99 0.03077
24 25 0.10606
24 26 -0.14844
24 27 0.08986
24 28 0.01561
24 29 0.02478
24 30 0.09442
24 31 -0.07826
24 32 -0.02717
24 33 0.07032
24 34 -0.15858
24 35 -0.03479
24 36 0.09433
24 37 0.09566
24 38 -0.0849
24 39 0.07562
24 40 -0.11201
24 41 -0.04777
24 42 0.11446
24 43 -0.05091
24 44 0.04214
24 45 -0.17797
24 46 -0.13805
24 47 -0.05663
24 48 -0.12641
24 49 0.22168
24 50 -0.17415
24 51 -0.06115
24 52 -0.01749
24 53 -0.04232
24 54 0.05432
24 55 -0.23124
24 56 0.10263
24 57 -0.06732
24 58 0.00912
24 59 0.04202
24 60 -0.08377
24 61 0.03873
24 62 -0.09992
24 63 0.00977
24 64 0.00054
24 65 0.00236
24 66 0.18795
24 67 -0.07246
24 68 -0.04459
24 69 0.09613
24 70 0.04864
24 71 -0.04137
24 72 0.04348
24 73 0.19562
24 74 -0.14768
24 75 -0.15803
24 76 0.08483
24 77 -0.04615
24 78 0.04146
24 79 -0.19653
24 80 -0.15848
24 81 0.00045
24 82 0.12822
24 83 -0.0129
24 84 0.02959
24 85 -0.00449
24 86 -0.14334
24 87 -0.00376
24 88 0.13276
24 89 -0.0965
24 90 -0.06227
24 91 0.01401
24 92 -0.12027
24 93 -0.10826
24 94 -0.01951
24 95 0.00499
24 96 0.05856
24 97 0.13811
24 98 0.0578
24 99 -0.03045
25 26 0.07096
25 27 0.07082
25 28 -0.00118
25 29 0.10889
25 30 0.14218
25 31 0.25597
25 32 0.04173
25 33 0.07943
25 34 0.09755
25 35 0.00591
25 36 0.03916
25 37 -0.0354
25 38 0.01391
25 39 -0.08322
25 40 0.21358
25 41 0.13306
25 42 -0.21093
25 43 -0.04926
25 44 -0.04782
25 45 0.07872
25 46 0.06
25 47 0.16483
25 48 0.30806
25 49 0.00506
25 50 0.00926
25 51 0.10405
25 52 -0.13302
25 53 0.10931
25 54 -0.136
25 55 -0.07552
25 56 0.05209
25 57 -0.0319
25 58 -0.01178
25 59 0.12685
25 60 0.12039
25 61 0.05235
25 62 -0.1911
25 63 0.12545
25 64 -0.22717
25 65 -0.09034
25 66 0.2307
25 67 -0.08423
25 68 -0.02895
25 69 0.16506
25 70 0.12749
25 71 0.06132
25 72 -0.05994
25 73 0.05286
25 74 0.08292
25 75 0.11178
25 76 0.06015
25 77 -0.0567
25 78 0.06388
25 79 0.09357
25 80 -0.04664
25 81 0.01266
25 82 0.13351
25 83 0.00124
25 84 0.11258
25 85 0.24905
25 86 0.1005
25 87 0.28445
25 88 0.01326
25 89 0.13662
25 90 0.08076
25 91 -0.04949
25 92 -0.02466
25 93 -0.26229
25 94 0.18663
25 95 -0.08705
25 96 -0.06115
25 97 0.01775
25 98 -0.04745
25 99 0.0258
26 27 0.05411
26 28 -0.09065
26 29 -0.10951
26 30 -0.02259
26 31 -0.09484
26 32 -0.12567
26 33 -0.03971
26 34 0.11156
26 35 -0.09889
26 36 0.19422
26 37 0.13026
26 38 0.0447
26 39 0.10601
26 40 -0.07644
26 41 0.0236
26 42 0.04796
26 43 -0.05782
26 44 -0.14667
26 45 0.11429
26 46 -0.03609
26 47 0.04628
26 48 0.00049
26 49 0.00947
26 50 -0.12799
26 51 0.11753
26 52 -0.07229
26 53 0.13568
26 54 0.00758
26 55 0.02407
26 56 0.10711
26 57 0.05851
26 58 0.06083
26 59 0.03605
26 60 0.0409
26 61 -0.0836
26 62 0.00811
26 63 0.01489
26 64 0.09307
26 65 0.0304
26 66 -0.0274
26 67 -0.14144
26 68 0.01959
26 69 -0.05399
26 70 0.06263
26 71 -0.12628
26 72 0.10208
26 73 0.03043
26 74 0.04567
26 75 -0.09742
26 76 0.06437
26 77 -0.08181
26 78 -0.02524
26 79 0.06475
26 80 -0.12777
26 81 0.08572
26 82 0.20464
26 83 -0.11747
26 84 -0.14319
26 85 0.15501
26 86 0.19204
26 87 0.01606
26 88 -0.1445
26 89 -0.01016
26 90 -0.11195
26 91 -0.0835
26 92 0.13428
26 93 -0.20566
26 94 -0.04437
26 95 0.03139
26 96 0.29499
26 97 0.15239
26 98 -0.08678
26 99 -0.16254
27 28 -0.04462
27 29 -0.07258
27 30 -0.02224
27 31 -0.1976
27 32 0.06812
27 33 0.05794
27 34 0.0596
27 35 -0.08838
27 36 0.14226
27 37 0.05883
27 38 -0.00323
27 39 -0.04615
27 40 0.01366
27 41 0.09679
27 42 0.03978
27 43 0.0899
27 44 -0.17573
27 45 -0.10924
27 46 -0.02311
27 47 -0.02325
27 48 -0.06156
27 49 -0.01766
27 50 -0.02959
27 51 -0.05439
27 52 -0.03585
27 53 0.03832
27 54 -0.00375
27 55 -0.15504
27 56 -0.0529
27 57 -0.02378
27 58 -0.08766
27 59 0.01793
27 60 0.15969
27 61 0.04186
27 62 0.08859
27 63 0.12135
27 64 0.0967
27 65 -0.09392
27 66 0.12472
27 67 0.28393
27 68 -0.0298
27 69 -0.02841
27 70 0.09757
27 71 -0.08784
27 72 0.01486
27 73 -0.12003
27 74 -0.09561
27 75 0.144
27 76 0.04009
27 77 -0.06175
27 78 0.09647
27 79 -0.05908
27 80 0.0561
27 81 0.05618
27 82 -0.09039
27 83 0.04713
27 84 0.0138
27 85 0.06157
27 86 0.14572
27 87 -0.0195
27 88 0.10704
27 89 -0.0277
27 90 -0.05882
27 91 -0.13144
27 92 -0.00024
27 93 0.13062
27 94 0.01301
27 95 0.02521
27 96 -0.0725
27 97 0.00114
27 98 0.19714
27 99 -0.06456
28 29 -0.13704
28 30 0.00452
28 31 0.08513
28 32 -0.01532
28 33 -0.29144
28 34 0.16929
28 35 0.04039
28 36 0.35723
28 37 -0.07943
28 38 -0.03739
28 39 0.07069
28 40 0.01094
28 41 -0.02789
28 42 0.14699
28 43 0.03075
28 44 0.21343
28 45 -0.10953
28 46 -0.04106
28 47 0.01995
28 48 -0.11192
28 49 0.04574
28 50 0.04643
28 51 -0.00603
28 52 0.17484
28 53 -0.12013
28 54 0.03955
28 55 -0.07574
28 56 -0.01586
28 57 -0.03972
28 58 -0.05247
28 59 -0.03792
28 60 -0.00061
28 61 0.049
28 62 0.06129
28 63 0.07279
28 64 -0.14916
28 65 0.03153
28 66 0.17328
28 67 -0.05949
28 68 0.04442
28 69 -0.10626
28 70 0.05849
28 71 0.01979
28 72 -0.12329
28 73 -0.11137
28 74 0.03521
28 75 -0.03011
28 76 0.11455
28 77 0.09645
28 78 -0.09531
28 79 -0.1193
28 80 -0.00723
28 81 -0.07486
28 82 -0.11953
28 83 -0.19073
28 84 0.20653
28 85 -0.23959
28 86 -0.00209
28 87 0.0444
28 88 0.01611
28 89 0.03324
28 90 -0.31271
28 91 0.16576
28 92 0.14022
28 93 0.0222
28 94 -0.02947
28 95 0.0488
28 96 -0.03084
28 97 -0.05032
28 98 0.06024
28 99 0.06897
29 30 -0.03698
29 31 0.06388
29 32 0.03378
29 33 0.13291
29 34 -0.05229
29 35 0.01162
29 36 0.18496
29 37 0.09457
29 38 -0.01995
29 39 -0.04107
29 40 0.00649
29 41 0.01589
29 42 -0.05781
29 43 0.07355
29 44 -0.0992
29 45 0.03246
29 46 -0.12302
29 47 0.0946
29 48 -0.0611
29 49 -0.06143
29 50 -0.02653
29 51 0.04064
29 52 0.03378
29 53 0.03539
29 54 -0.10589
29 55 -0.03994
29 56 -0.06277
29 57 0.21123
29 58 -0.14232
29 59 0.03243
29 60 0.17787
29 61 -0.02725
29 62 -0.01528
29 63 -0.18253
29 64 -0.07386
29 65 0.12656
29 66 -0.10024
29 67 0.08779
29 68 0.01422
29 69 -0.06623
29 70 -0.22067
29 71 -0.08917
29 72 0.04502
29 73 -0.18639
29 74 0.01623
29 75 -0.11195
29 76 0.04202
29 77 0.03245
29 78 0.06752
29 79 0.10766
29 80 -0.08796
29 81 -0.03546
29 82 -0.11184
29 83 0.06345
29 84 0.0015
29 85 0.02332
29 86 -0.04449
29 87 0.00166
29 88 -0.04351
29 89 0.06275
29 90 -0.00777
29 91 0.06808
29 92 -0.10979
29 93 0.00434
29 94 -0.00456
29 95 -0.06237
29 96 0.07866
29 97 -0.12644
29 98 -0.01852
29 99 0.18004
30 31 0.02292
30 32 -0.06897
30 33 0.04729
30 34 0.10404
30 35 0.1709
30 36 -0.11617
30 37 0.00956
30 38 -0.0696
30 39 -0.20964
30 40 0.09536
30 41 -0.18566
30 42 0.04777
30 43 0.00851
30 44 -0.03491
30 45 0.04281
30 46 0.09219
30 47 -0.20565
30 48 -0.16183
30 49 0.02907
30 50 0.17196
30 51 0.06249
30 52 0.10435
30 53 -0.04379
30 54 0.0403
30 55 -0.00215
30 56 0.14525
30 57 0.0764
30 58 -0.12359
30 59 -0.0094
30 60 -0.07921
30 61 -0.1213
30 62 0.24998
30 63 -0.01246
30 64 -0.08632
30 65 0.08803
30 66 0.10057
30 67 -0.18088
30 68 0.02589
30 69 0.08042
30 70 -0.14899
30 71 -0.06552
30 72 -0.01741
30 73 0.25341
30 74 0.09094
30 75 0.03664
30 76 0.01372
30 77 0.07149
30 78 0.05514
30 79 0.00638
30 80 0.15419
30 81 -0.09499
30 82 0.12549
30 83 0.11079
30 84 -0.1096
30 85 0.06453
30 86 -0.09352
30 87 -0.17187
30 88 0.15322
30 89 0.02042
30 90 -0.03621
30 91 0.08619
30 92 -0.12714
30 93 -0.02893
30 94 -0.01726
30 95 0.01613
30 96 0.0037
30 97 0.05122
30 98 0.02833
30 99 -0.0856
31 32 0.0437
31 33 0.18621
31 34 -0.09811
31 35 0.0097
31 36 -0.06394
31 37 0.14414
31 38 -0.08151
31 39 0.1212
31 40 0.04753
31 41 0.20539
31 42 0.08009
31 43 0.01681
31 44 -0.0706
31 45 -0.07808
31 46 0.05745
31 47 -0.04105
31 48 -0.03286
31 49 -0.07775
31 50 -0.12944
31 51 -0.06898
31 52 -0.07105
31 53 -0.03173
31 54 0.00692
31 55 -0.08477
31 56 0.08987
31 57 0.03661
31 58 0.02312
31 59 -0.08563
31 60 0.13713
31 61 0.06415
31 62 -0.07352
31 63 0.03911
31 64 -0.116
31 65 -0.10519
31 66 -0.05775
31 67 0.11885
31 68 -0.12721
31 69 0.04495
31 70 -0.13425
31 71 0.1588
31 72 -0.09736
31 73 0.01216
31 74 0.01876
31 75 0.12185
31 76 -0.11833
31 77 -0.04079
31 78 0.00321
31 79 0.07968
31 80 0.03174
31 81 0.04143
31 82 -0.05562
31 83 0.00397
31 84 0.05042
31 85 0.10816
31 86 0.02633
31 87 0.02204
31 88 0.20771
31 89 0.10972
31 90 -0.07897
31 91 -0.20095
31 92 0.11605
31 93 0.01904
31 94 -0.14501
31 95 0.0076
31 96 0.07415
31 97 0.16385
31 98 -0.0888
31 99 0.12776
32 33 -0.13331
32 34 -0.05841
32 35 0.08687
32 36 0.0077
32 37 -0.00954
32 38 -0.0235
32 39 -0.03378
32 40 0.066
32 41 0.08948
32 42 0.08141
32 43 -0.18263
32 44 0.08881
32 45 0.11599
32 46 -0.02574
32 47 -0.08663
32 48 0.07588
32 49 0.00286
32 50 -0.1131
32 51 -0.04685
32 52 -0.0322
32 53 0.12164
32 54 0.04796
32 55 -0.02726
32 56 0.06409
32 57 -0.21313
32 58 -0.05928
32 59 0.0513
32 60 -0.01459
32 61 0.01889
32 62 -0.107
32 63 0.01812
32 64 0.14339
32 65 0.03763
32 66 -0.06168
32 67 0.12446
32 68 0.00252
32 69 -0.07353
32 70 -0.03854
32 71 -0.05986
32 72 0.08647
32 73 -0.0967
32 74 -0.03476
32 75 -0.02773
32 76 -0.16219
32 77 -0.03992
32 78 0.17263
32 79 -0.11625
32 80 -0.13447
32 81 0.05141
32 82 0.13506
32 83 -0.03986
32 84 0.10657
32 85 -0.11312
32 86 0.06791
32 87 0.04156
32 88 0.05155
32 89 0.18842
32 90 0.04422
32 91 -0.0862
32 92 -0.04927
32 93 0.05115
32 94 -0.03797
32 95 0.14836
32 96 -0.00613
32 97 -0.00287
32 98 -0.07497
32 99 0.17651
33 34 -0.3596
33 35 -0.08083
33 36 0.07174
33 37 0.0759
33 38 0.06427
33 39 -0.17705
33 40 0.04843
33 41 0.1415
33 42 0.00935
33 43 0.13577
33 44 -0.03133
33 45 0.0079
33 46 -0.11148
33 47 0.13309
33 48 0.11998
33 49 -0.00722
33 50 -0.14017
33 51 -0.03754
33 52 -0.00806
33 53 0.03658
33 54 -0.01752
33 55 0.03169
33 56 -0.13228
33 57 -0.13633
33 58 0.09033
33 59 -0.00315
33 60 -0.06491
33 61 0.0153
33 62 -0.11724
33 63 0.00869
33 64 -0.06614
33 65 0.01462
33 66 0.00986
33 67 0.04755
33 68 -0.0592
33 69 -0.0037
33 70 -0.02812
33 71 -0.10206
33 72 0.04144
33 73 0.09842
33 74 0.11069
33 75 -0.05214
33 76 0.0504
33 77 0.06961
33 78 0.0287
33 79 0.18862
33 80 -0.06467
33 81 0.04656
33 82 0.19843
33 83 0.09963
33 84 -0.11267
33 85 0.04031
33 86 -0.15108
33 87 0.02745
33 88 -0.04292
33 89 -0.12689
33 90 0.074
33 91 -0.18956
33 92 -0.18204
33 93 -0.05334
33 94 -0.00157
33 95 -0.04147
33 96 0.06706
33 97 -0.04689
33 98 0.03925
33 99 -0.00084
34 35 -0.0559
34 36 -0.03172
34 37 0.09689
34 38 0.0867
34 39 -0.12514
34 40 -0.08484
34 41 -0.03817
34 42 -0.15206
34 43 -0.00915
34 44 0.11985
34 45 -0.01287
34 46 0.00716
34 47 -0.06423
34 48 -0.18068
34 49 0.18096
34 50 0.08492
34 51 -0.10701
34 52 0.01428
34 53 -0.01304
34 54 0.14638
34 55 -0.12511
34 56 0.17876
34 57 0.16426
34 58 0.11697
34 59 -0.09284
34 60 0.06676
34 61 -0.14848
34 62 -0.16439
34 63 0.11151
34 64 0.05155
34 65 0.14467
34 66 -0.059
34 67 0.02201
34 68 -0.11265
34 69 0.02225
34 70 -0.09077
34 71 0.07179
34 72 -0.09314
34 73 0.02334
34 74 0.14372
34 75 -0.04824
34 76 -0.16819
34 77 0.0646
34 78 0.08283
34 79 0.14934
34 80 0.1554
34 81 -0.0822
34 82 -0.07667
34 83 0.01079
34 84 0.02221
34 85 -0.14388
34 86 0.00791
34 87 -0.03572
34 88 -0.03631
34 89 -0.06444
34 90 -0.06403
34 91 0.11343
34 92 -0.04915
34 93 0.09348
34 94 0.16729
34 95 0.01527
34 96 -0.01058
34 97 -0.00904
34 98 -0.08627
34 99 0.01911
35 36 -0.1256
35 37 0.0408
35 38 0.14113
35 39 0.01203
35 40 0.09611
35 41 -0.04399
35 42 0.07269
35 43 0.04841
35 44 -0.05151
35 45 -0.05464
35 46 -0.0577
35 47 0.14729
35 48 0.04028
35 49 0.11838
35 50 -0.12214
35 51 0.06545
35 52 -0.01473
35 53 -0.05517
35 54 -0.10708
35 55 0.02005
35 56 -0.17778
35 57 0.04974
35 58 0.01138
35 59 0.04236
35 60 0.03592
35 61 0.01539
35 62 0.25889
35 63 0.07851
35 64 0.24457
35 65 0.12159
35 66 -0.17302
35 67 0.17732
35 68 0.03758
35 69 -0.01256
35 70 -0.00555
35 71 -0.06203
35 72 -0.00398
35 73 -0.13695
35 74 0.01349
35 75 -0.07985
35 76 -0.10358
35 77 0.00727
35 78 0.03252
35 79 0.1111
35 80 -0.22092
35 81 -0.05181
35 82 -0.06675
35 83 -0.16388
35 84 -0.11004
35 85 0.12817
35 86 -0.05188
35 87 -0.0081
35 88 -0.06725
35 89 -0.05034
35 90 0.11966
35 91 0.04433
35 92 -0.03554
35 93 -0.03179
35 94 0.03098
35 95 0.13328
35 96 0.02405
35 97 0.08433
35 98 0.11302
35 99 -0.08568
36 37 -0.08116
36 38 -0.18859
36 39 0.03173
36 40 -0.0184
36 41 -0.02086
36 42 -0.00853
36 43 0.02832
36 44 -0.07433
36 45 0.06523
36 46 -0.14814
36 47 -0.03363
36 48 -0.03656
36 49 0.0556
36 50 -0.05042
36 51 -0.05862
36 52 -0.08096
36 53 -0.0786
36 54 0.01767
36 55 0.05123
36 56 0.01783
36 57 0.01761
36 58 0.07071
36 59 -0.16581
36 60 -0.10221
36 61 -0.05505
36 62 0.19191
36 63 0.13239
36 64 0.11767
36 65 -0.01475
36 66 -0.07646
36 67 -0.02343
36 68 0.06729
36 69 0.02642
36 70 0.15323
36 71 -0.01591
36 72 0.10449
36 73 -0.10611
36 74 0.11406
36 75 0.05032
36 76 -0.04218
36 77 0.01345
36 78 -0.03426
36 79 -0.08431
36 80 0.12846
36 81 0.05193
36 82 -0.02825
36 83 0.1298
36 84 0.01244
36 85 -0.00035
36 86 0.03287
36 87 -0.13665
36 88 -0.00222
36 89 -0.05055
36 90 0.08741
36 91 -0.018
36 92 0.00495
36 93 0.0414
36 94 0.02327
36 95 -0.12672
36 96 0.00755
36 97 0.12713
36 98 0.02687
36 99 -0.12213
37 38 -0.06986
37 39 -0.10191
37 40 0.15575
37 41 0.16912
37 42 -0.18788
37 43 -0.04604
37 44 0.02092
37 45 -0.1148
37 46 0.0824
37 47 -0.05262
37 48 -0.03496
37 49 -0.02832
37 50 -0.25227
37 51 0.10053
37 52 -0.04427
37 53 0.10161
37 54 -0.18551
37 55 -0.08984
37 56 0.2067
37 57 0.14943
37 58 0.04674
37 59 0.2602
37 60 -0.19921
37 61 -0.07869
37 62 0.02081
37 63 -0.19759
37 64 0.06082
37 65 0.02135
37 66 0.0747
37 67 -0.08073
37 68 0.10351
37 69 0.08318
37 70 -0.05172
37 71 0.00116
37 72 -0.25129
37 73 0.08306
37 74 0.11595
37 75 0.01267
37 76 0.1395
37 77 -0.12847
37 78 -0.01894
37 79 -0.0793
37 80 0.02453
37 81 -0.05002
37 82 -0.06469
37 83 0.08645
37 84 0.18035
37 85 -0.01511
37 86 -0.09943
37 87 -0.12476
37 88 -0.06492
37 89 -0.05497
37 90 0.04449
37 91 0.10841
37 92 0.13797
37 93 -0.14168
37 94 0.12022
37 95 -0.06842
37 96 -0.11044
37 97 0.03906
37 98 -0.14137
37 99 0.1049
38 39 0.17355
38 40 -0.09663
38 41 0.06679
38 42 0.06384
38 43 0.13021
38 44 -0.07778
38 45 0.04191
38 46 -0.13214
38 47 0.00733
38 48 0.12689
38 49 0.14704
38 50 0.04567
38 51 -0.00946
38 52 0.07517
38 53 0.04291
38 54 -0.1299
38 55 0.15667
38 56 0.01131
38 57 0.05649
38 58 -0.02822
38 59 0.20096
38 60 -0.08199
38 61 0.01697
38 62 -0.04674
38 63 0.01122
38 64 0.16359
38 65 -0.13388
38 66 -0.0557
38 67 -0.00473
38 68 -0.02129
38 69 0.03943
38 70 -0.02799
38 71 -0.08486
38 72 0.11058
38 73 -0.10359
38 74 0.01251
38 75 0.15397
38 76 -0.03119
38 77 -0.12038
38 78 -0.04118
38 79 -0.1143
38 80 -0.02176
38 81 0.04902
38 82 0.02728
38 83 -0.04275
38 84 -0.05232
38 85 -0.04406
38 86 -0.03458
38 87 -0.06034
38 88 -0.02204
38 89 0.13951
38 90 -0.12291
38 91 0.10099
38 92 -0.02362
38 93 -0.05049
38 94 0.03515
38 95 0.02524
38 96 -0.00319
38 97 -0.19556
38 98 -0.01189
38 99 0.13735
39 40 -0.01326
39 41 0.08054
39 42 0.18696
39 43 -0.01677
39 44 0.13879
39 45 0.06
39 46 0.02045
39 47 -0.03751
39 48 0.14423
39 49 -0.30127
39 50 0.07983
39 51 -0.01207
39 52 -0.11353
39 53 0.02455
39 54 -0.00787
39 55 -0.10425
39 56 0.01079
39 57 0.12989
39 58 -0.013
39 59 -0.18559
39 60 0.05246
39 61 -0.03462
39 62 -0.09895
39 63 -0.02189
39 64 0.19415
39 65 -0.17872
39 66 0.2062
39 67 0.01036
39 68 0.14615
39 69 0.06966
39 70 0.02359
39 71 0.14731
39 72 0.09034
39 73 -0.04237
39 74 0.01944
39 75 -0.20822
39 76 -0.04931
39 77 -0.07651
39 78 -0.01519
39 79 -0.05274
39 80 0.07524
39 81 0.02581
39 82 -0.1523
39 83 0.03917
39 84 -0.17035
39 85 0.00379
39 86 0.02289
39 87 -0.01421
39 88 0.02513
39 89 0.02986
39 90 -0.26866
39 91 -0.04565
39 92 -0.05509
39 93 0.08727
39 94 -0.04016
39 95 -0.02705
39 96 0.06792
39 97 -0.02223
39 98 0.00592
39 99 -0.11512
40 41 -0.11704
40 42 0.13608
40 43 -0.00507
40 44 0.02051
40 45 -0.11
40 46 -0.04783
40 47 -0.00856
40 48 -0.18622
40 49 0.07646
40 50 -0.11449
40 51 0.02919
40 52 0.02416
40 53 0.08337
40 54 0.00456
40 55 0.01181
40 56 -0.23349
40 57 0.21666
40 58 0.13077
40 59 0.02112
40 60 0.00476
40 61 0.0242
40 62 -0.08027
40 63 0.01503
40 64 0.07826
40 65 -0.12153
40 66 0.20369
40 67 0.066
40 68 0.01828
40 69 -0.14822
40 70 -0.01799
40 71 0.18306
40 72 -0.0886
40 73 0.10628
40 74 0.01594
40 75 0.18894
40 76 -0.04193
40 77 0.20364
40 78 0.07366
40 79 0.02678
40 80 -0.13284
40 81 -0.10874
40 82 0.06669
40 83 -0.15025
40 84 -0.04685
40 85 0.1813
40 86 -0.10367
40 87 -0.14906
40 88 -0.01175
40 89 0.12362
40 90 -0.10451
40 91 0.02426
40 92 0.23125
40 93 0.12222
40 94 -0.02412
40 95 0.19878
40 96 -0.19195
40 97 -0.07038
40 98 0.14589
40 99 -0.05123
41 42 -0.15884
41 43 -0.20457
41 44 0.14154
41 45 -0.10208
41 46 0.02882
41 47 0.16692
41 48 -0.01942
41 49 -0.02508
41 50 -0.09464
41 51 -0.00529
41 52 -0.04175
41 53 0.10689
41 54 -0.01386
41 55 -0.08307
41 56 -0.17447
41 57 0.09494
41 58 0.1792
41 59 -0.00472
41 60 0.00546
41 61 -0.05628
41 62 -0.10067
41 63 0.07408
41 64 -0.19001
41 65 0.02482
41 66 -0.04356
41 67 -0.2518
41 68 -0.01533
41 69 -0.00519
41 70 -0.23132
41 71 -0.01061
41 72 -0.0679
41 73 -0.09561
41 74 -0.06023
41 75 -0.12046
41 76 0.18391
41 77 -0.18718
41 78 0.02301
41 79 -0.06055
41 80 0.10173
41 81 -0.07965
41 82 -0.06776
41 83 0.12202
41 84 0.02802
41 85 0.0425
41 86 0.06874
41 87 0.03639
41 88 -0.03775
41 89 0.09173
41 90 0.03556
41 91 -0.05705
41 92 -0.03099
41 93 -0.04973
41 94 -0.08658
41 95 -0.02273
41 96 0.125
41 97 -0.09178
41 98 -0.07957
41 99 0.13324
42 43 0.07676
42 44 -0.1569
42 45 0.00714
42 46 -0.01396
42 47 0.00515
42 48 -0.03184
42 49 -0.09872
42 50 0.11057
42 51 -0.08658
42 52 -0.01009
42 53 -0.03244
42 54 -0.02869
42 55 0.12418
42 56 0.05608
42 57 0.05361
42 58 0.08995
42 59 -0.10842
42 60 0.05787
42 61 0.08697
42 62 -0.01769
42 63 0.00808
42 64 -0.03759
42 65 0.04686
42 66 0.02124
42 67 -0.0432
42 68 -0.08246
42 69 0.01099
42 70 0.0586
42 71 0.02166
42 72 0.10541
42 73 0.0581
42 74 -0.05084
42 75 -0.11525
42 76 -0.10111
42 77 -0.07617
42 78 0.05269
42 79 0.02495
42 80 -0.12448
42 81 0.00443
42 82 -0.01573
42 83 0.16921
42 84 -0.03303
42 85 0.00954
42 86 0.00082
42 87 0.06544
42 88 -0.04431
42 89 0.1634
42 90 0.01475
42 91 -0.10212
42 92 0.08138
42 93 -0.09482
42 94 0.03849
42 95 0.15106
42 96 -0.04746
42 97 -0.02061
42 98 -0.00515
42 99 0.00214
43 44 -0.18787
43 45 0.02363
43 46 0.05266
43 47 -0.18713
43 48 0.18901
43 49 0.11712
43 50 -0.16212
43 51 -0.02136
43 52 0.1194
43 53 0.15808
43 54 -0.11663
43 55 -0.12747
43 56 -0.03496
43 57 -0.15357
43 58 0.01315
43 59 0.00975
43 60 0.13049
43 61 -0.01657
43 62 0.10578
43 63 -0.03446
43 64 0.05774
43 65 0.17269
43 66 0.03409
43 67 0.0416
43 68 -0.01194
43 69 -0.03649
43 70 0.0308
43 71 -0.11068
43 72 -0.14274
43 73 0.02024
43 74 -0.05372
43 75 0.18379
43 76 0.22036
43 77 0.02035
43 78 -0.09056
43 79 0.11008
43 80 -0.01892
43 81 0.01823
43 82 0.02337
43 83 -0.07437
43 84 -0.0774
43 85 -0.18084
43 86 0.00772
43 87 0.00271
43 88 -0.13862
43 89 -0.22608
43 90 0.10178
43 91 -0.04022
43 92 -0.12768
43 93 0.09219
43 94 -0.09378
43 95 -0.20554
43 96 -0.12668
43 97 0.23153
43 98 0.09266
43 99 0.0853
44 45 -0.01313
44 46 0.28794
44 47 -0.07815
44 48 -0.05809
44 49 0.07659
44 50 0.1281
44 51 0.15193
44 52 0.10066
44 53 -0.02388
44 54 -0.19225
44 55 0.01306
44 56 0.101
44 57 -0.01362
44 58 -0.0896
44 59 -0.00267
44 60 -0.05166
44 61 0.03622
44 62 0.09749
44 63 -0.07031
44 64 0.09085
44 65 0.10166
44 66 -0.02096
44 67 -0.04282
44 68 0.0684
44 69 -0.14338
44 70 -0.07323
44 71 -0.09964
44 72 0.08143
44 73 -0.13959
44 74 -0.07048
44 75 0.00543
44 76 -0.17172
44 77 -0.09629
44 78 -0.03507
44 79 -0.14235
44 80 0.03948
44 81 0.04426
44 82 0.04879
44 83 -0.06882
44 84 0.17385
44 85 0.16258
44 86 0.00664
44 87 0.09846
44 88 -0.05399
44 89 -0.0872
44 90 -0.05568
44 91 0.03497
44 92 0.0109
44 93 0.04891
44 94 -0.04066
44 95 -0.22024
44 96 -0.33645
44 97 -0.11408
44 98 -0.21332
44 99 -0.03873
45 46 0.10834
45 47 0.02637
45 48 -0.10288
45 49 0.01427
45 50 -0.10528
45 51 -0.12475
45 52 0.07676
45 53 -0.02502
45 54 -0.07185
45 55 0.1929
45 56 -0.00204
45 57 -0.06732
45 58 -0.05391
45 59 0.07037
45 60 0.2784
45 61 0.12372
45 62 -0.00261
45 63 -0.02775
45 64 0.07156
45 65 -0.13409
45 66 -0.22245
45 67 0.09115
45 68 0.06152
45 69 0.07353
45 70 -0.02614
45 71 -0.05507
45 72 -0.141
45 73 -0.21582
45 74 -0.07161
45 75 0.05724
45 76 0.07751
45 77 -0.0924
45 78 0.05601
45 79 0.18244
45 80 -0.08603
45 81 -0.07528
45 82 0.00811
45 83 -0.08422
45 84 0.11742
45 85 0.04474
45 86 -0.0961
45 87 0.13124
45 88 -0.19976
45 89 0.0087
45 90 0.1496
45 91 -0.13691
45 92 -0.06814
45 93 -0.03956
45 94 -0.04865
45 95 0.14309
45 96 0.09487
45 97 0.09538
45 98 -0.13257
45 99 -0.01652
46 47 0.00548
46 48 -0.1343
46 49 -0.00931
46 50 -0.0971
46 51 0.04335
46 52 -0.04875
46 53 0.07088
46 54 0.04532
46 55 -0.01991
46 56 -0.00125
46 57 -0.14239
46 58 -0.02497
46 59 0.13991
46 60 -0.05296
46 61 -0.18238
46 62 0.03165
46 63 0.05273
46 64 0.05595
46 65 -0.02518
46 66 0.06173
46 67 -0.3297
46 68 -0.08083
46 69 -0.04253
46 70 -0.07242
46 71 0.07603
46 72 -0.10941
46 73 0.04125
46 74 -0.03317
46 75 -0.19639
46 76 0.09773
46 77 -0.04137
46 78 0.02609
46 79 0.01941
46 80 0.00114
46 81 0.00895
46 82 -0.08668
46 83 0.09259
46 84 -0.08701
46 85 -0.01229
46 86 0.14823
46 87 0.09673
46 88 -0.0528
46 89 0.01095
46 90 0.08805
46 91 -0.0044
46 92 0.05305
46 93 0.01314
46 94 -0.10044
46 95 -0.01517
46 96 -0.16905
46 97 0.25114
46 98 -0.04025
46 99 0.08442
47 48 -0.16238
47 49 -0.1065
47 50 0.01126
47 51 -0.12129
47 52 -0.06513
47 53 0.14975
47 54 0.27352
47 55 0.04451
47 56 0.2237
47 57 -0.15104
47 58 -0.09993
47 59 -0.2168
47 60 0.00958
47 61 0.06505
47 62 0.04668
47 63 -0.00148
47 64 0.01803
47 65 -0.01597
47 66 -0.00713
47 67 -0.06814
47 68 -0.0499
47 69 0.15629
47 70 0.10385
47 71 -0.26871
47 72 0.00487
47 73 -0.11325
47 74 0.03731
47 75 -0.01017
47 76 0.1604
47 77 -0.00184
47 78 0.1027
47 79 -0.13651
47 80 0.0813
47 81 -0.06017
47 82 0.06262
47 83 -0.05842
47 84 -0.02833
47 85 -0.04958
47 86 -0.03514
47 87 -0.08716
47 88 0.08207
47 89 -0.05408
47 90 -0.16258
47 91 0.082
47 92 0.07571
47 93 0.08222
47 94 -0.12495
47 95 0.07002
47 96 0.23771
47 97 0.13502
47 98 0.00459
47 99 -0.12831
48 49 -0.02608
48 50 0.01987
48 51 0.0325
48 52 0.33118
48 53 0.03773
48 54 -0.05215
48 55 -0.12868
48 56 0.00007
48 57 -0.00721
48 58 -0.19739
48 59 -0.13167
48 60 0.26813
48 61 0.18201
48 62 -0.0593
48 63 -0.01887
48 64 -0.0533
48 65 0.00464
48 66 0.05884
48 67 -0.1462
48 68 -0.19839
48 69 -0.06309
48 70 0.13381
48 71 0.04752
48 72 -0.13034
48 73 -0.0594
48 74 0.06662
48 75 0.00322
48 76 -0.07159
48 77 0.03637
48 78 -0.00355
48 79 0.0212
48 80 -0.09394
48 81 0.09352
48 82 -0.10858
48 83 0.15662
48 84 -0.11059
48 85 -0.03006
48 86 -0.05374
48 87 -0.03347
48 88 0.06392
48 89 -0.10789
48 90 0.00189
48 91 -0.14666
48 92 -0.06876
48 93 0.07658
48 94 -0.15921
48 95 -0.10475
48 96 0.15759
48 97 0.02594
48 98 -0.06001
48 99 0.04525
49 50 -0.08829
49 51 0.12063
49 52 0.04375
49 53 -0.05267
49 54 0.03196
49 55 -0.0275
49 56 -0.02985
49 57 0.01258
49 58 -0.04359
49 59 -0.03476
49 60 0.19585
49 61 -0.02214
49 62 0.10616
49 63 0.07729
49 64 0.12873
49 65 0.03093
49 66 0.08207
49 67 -0.1455
49 68 0.13011
49 69 0.05449
49 70 -0.0687
49 71 -0.02672
49 72 0.15107
49 73 -0.15747
49 74 0.01566
49 75 0.01438
49 76 -0.0184
49 77 -0.04704
49 78 -0.1114
49 79 0.08965
49 80 -0.08434
49 81 -0.11665
49 82 0.03507
49 83 -0.00762
49 84 0.07034
49 85 0.14517
49 86 0.10122
49 87 0.04503
49 88 -0.21531
49 89 0.02402
49 90 -0.00679
49 91 0.1242
49 92 0.11178
49 93 0.08977
49 94 0.10529
49 95 0.13842
49 96 0.08413
49 97 0.10462
49 98 -0.0174
49 99 0.04674
50 51 -0.14375
50 52 0.09292
50 53 -0.14578
50 54 0.09473
50 55 0.10413
50 56 0.06866
50 57 0.0908
50 58 -0.01645
50 59 0.0674
50 60 -0.07213
50 61 -0.14285
50 62 0.03126
50 63 -0.10941
50 64 -0.09453
50 65 0.02183
50 66 -0.03365
50 67 0.08224
50 68 0.08513
50 69 -0.1161
50 70 0.03461
50 71 -0.28816
50 72 0.0083
50 73 0.12006
50 74 -0.11901
50 75 0.06586
50 76 0.06322
50 77 -0.02733
50 78 -0.10501
50 79 0.04163
50 80 -0.24482
50 81 0.06757
50 82 0.03143
50 83 0.06892
50 84 -0.16503
50 85 -0.07987
50 86 -0.11111
50 87 0.14517
50 88 0.07172
50 89 -0.04748
50 90 -0.02112
50 91 -0.16569
50 92 0.01927
50 93 -0.0266
50 94 -0.09908
50 95 -0.22983
50 96 0.06666
50 97 0.01568
50 98 0.00911
50 99 -0.15033
51 52 -0.04538
51 53 0.06721
51 54 0.07182
51 55 -0.19791
51 56 -0.14011
51 57 0.03023
51 58 0.06478
51 59 0.10999
51 60 0.07664
51 61 0.18417
51 62 -0.10131
51 63 -0.06822
51 64 0.14465
51 65 0.07598
51 66 -0.01926
51 67 0.04998
51 68 0.06134
51 69 -0.17583
51 70 0.10994
51 71 0.02944
51 72 -0.09915
51 73 0.08531
51 74 -0.05006
51 75 -0.0708
51 76 0.07296
51 77 0.01747
51 78 -0.09275
51 79 -0.01767
51 80 0.06552
51 81 0.09486
51 82 0.17719
51 83 0.09252
51 84 -0.24235
51 85 0.02234
51 86 -0.02074
51 87 0.0762
51 88 0.06239
51 89 -0.15432
51 90 -0.15723
51 91 0.21416
51 92 0.09589
51 93 -0.12378
51 94 0.11778
51 95 0.18561
51 96 0.02107
51 97 -0.13004
51 98 0.0785
51 99 -0.12226
52 53 -0.13972
52 54 0.14268
52 55 0.10926
52 56 -0.23391
52 57 0.08586
52 58 0.00602
52 59 0.03048
52 60 -0.1331
52 61 0.16254
52 62 -0.16871
52 63 -0.19868
52 64 0.03621
52 65 -0.12158
52 66 0.01157
52 67 -0.18137
52 68 0.03526
52 69 -0.24447
52 70 0.05523
52 71 -0.00081
52 72 -0.19809
52 73 0.04869
52 74 0.13415
52 75 0.01803
52 76 0.01646
52 77 -0.04395
52 78 0.08734
52 79 0.05775
52 80 -0.11162
52 81 0.13778
52 82 -0.01693
52 83 -0.05331
52 84 -0.00447
52 85 -0.05486
52 86 -0.09476
52 87 -0.07874
52 88 0.12925
52 89 -0.03672
52 90 -0.22373
52 91 -0.02964
52 92 0.04934
52 93 -0.0361
52 94 0.12629
52 95 0.04522
52 96 -0.15677
52 97 -0.059
52 98 0.02575
52 99 -0.04786
53 54 0.15739
53 55 -0.10751
53 56 0.04109
53 57 0.12032
53 58 0.01275
53 59 0.05264
53 60 -0.06896
53 61 0.04446
53 62 0.12309
53 63 0.02224
53 64 -0.09468
53 65 -0.1299
53 66 0.1792
53 67 0.03755
53 68 0.16852
53 69 -0.07872
53 70 -0.04556
53 71 -0.0084
53 72 -0.03028
53 73 0.08437
53 74 -0.05264
53 75 -0.10823
53 76 0.10723
53 77 -0.03878
53 78 0.08807
53 79 0.09179
53 80 0.14858
53 81 -0.22045
53 82 -0.02282
53 83 -0.1683
53 84 0.09479
53 85 0.03236
53 86 0.03564
53 87 -0.10223
53 88 -0.0204
53 89 0.00555
53 90 -0.08051
53 91 0.09533
53 92 0.14141
53 93 0.10821
53 94 -0.00118
53 95 -0.19095
53 96 -0.09993
53 97 0.18353
53 98 0.18813
53 99 0.03605
54 55 -0.00545
54 56 0.03585
54 57 -0.01097
54 58 0.08417
54 59 0.17699
54 60 -0.14024
54 61 0.06479
54 62 0.11722
54 63 -0.11932
54 64 0.09835
54 65 -0.06772
54 66 -0.03601
54 67 0.10634
54 68 -0.0871
54 69 -0.02575
54 70 0.29087
54 71 0.0166
54 72 0.06087
54 73 -0.03604
54 74 0.07792
54 75 0.16736
54 76 -0.18637
54 77 -0.03044
54 78 0.025
54 79 -0.05868
54 80 -0.0481
54 81 -0.14599
54 82 -0.0993
54 83 0.09496
54 84 -0.0389
54 85 0.05085
54 86 -0.0155
54 87 0.10972
54 88 -0.19882
54 89 -0.01571
54 90 0.00451
54 91 -0.07319
54 92 0.00266
54 93 -0.06878
54 94 0.14296
54 95 0.10857
54 96 0.12445
54 97 0.07564
54 98 -0.14002
54 99 -0.02378
55 56 -0.02587
55 57 0.15576
55 58 -0.16922
55 59 -0.01748
55 60 0.01878
55 61 -0.06424
55 62 -0.02667
55 63 0.03742
55 64 0.18438
55 65 -0.18752
55 66 -0.02906
55 67 0.08226
55 68 -0.14356
55 69 -0.08391
55 70 0.02158
55 71 -0.04275
55 72 0.095
55 73 0.03228
55 74 -0.10759
55 75 -0.06183
55 76 0.00284
55 77 -0.04691
55 78 0.05609
55 79 0.00079
55 80 0.05882
55 81 0.01705
55 82 -0.12041
55 83 -0.20735
55 84 -0.0363
55 85 -0.02485
55 86 -0.13035
55 87 0.03793
55 88 0.04061
55 89 0.02663
55 90 -0.0355
55 91 -0.03692
55 92 -0.0519
55 93 0.11282
55 94 -0.22881
55 95 -0.01025
55 96 0.16736
55 97 0.0091
55 98 0.08568
55 99 0.08801
56 57 0.10528
56 58 -0.17921
56 59 0.09551
56 60 0.04317
56 61 -0.10711
56 62 -0.13417
56 63 -0.06734
56 64 0.18184
56 65 0.08299
56 66 0.05437
56 67 -0.03277
56 68 -0.14791
56 69 0.15765
56 70 -0.03295
56 71 0.09937
56 72 0.23377
56 73 0.00959
56 74 0.1687
56 75 0.23094
56 76 0.00215
56 77 -0.14135
56 78 -0.01802
56 79 0.04396
56 80 0.08084
56 81 -0.02916
56 82 -0.07071
56 83 0.035
56 84 0.03437
56 85 -0.00528
56 86 0.26573
56 87 -0.13359
56 88 -0.16539
56 89 -0.02631
56 90 -0.01904
56 91 -0.10118
56 92 0.04501
56 93 0.01543
56 94 0.07468
56 95 0.2085
56 96 0.12579
56 97 0.19489
56 98 -0.02855
56 99 0.05164
57 58 0.08128
57 59 0.17825
57 60 -0.10137
57 61 -0.24192
57 62 -0.07587
57 63 0.10862
57 64 0.00325
57 65 0.02568
57 66 0.01236
57 67 -0.14726
57 68 -0.01076
57 69 0.0785
57 70 0.02841
57 71 0.04036
57 72 -0.12076
57 73 0.03885
57 74 -0.09123
57 75 0.29189
57 76 0.02644
57 77 -0.03301
57 78 -0.02098
57 79 0.04269
57 80 -0.05506
57 81 0.14859
57 82 0.07418
57 83 0.12427
57 84 0.04988
57 85 0.11219
57 86 0.11985
57 87 -0.10272
57 88 0.02489
57 89 -0.07076
57 90 0.01557
57 91 -0.09939
57 92 0.05255
57 93 0.18274
57 94 -0.01083
57 95 0.13298
57 96 -0.13653
57 97 -0.11336
57 98 -0.22091
57 99 -0.12187
58 59 0.00985
58 60 -0.1125
58 61 0.02022
58 62 -0.01812
58 63 0.08481
58 64 -0.05419
58 65 -0.03158
58 66 0.05284
58 67 -0.01461
58 68 0.14287
58 69 0.14563
58 70 0.10587
58 71 0.01805
58 72 0.12907
58 73 0.21804
58 74 -0.00637
58 75 -0.07389
58 76 -0.05724
58 77 0.13894
58 78 -0.0991
58 79 0.14031
58 80 0.01899
58 81 0.09553
58 82 -0.00151
58 83 0.00733
58 84 0.09377
58 85 -0.12591
58 86 0.07133
58 87 -0.12757
58 88 -0.085
58 89 -0.0542
58 90 0.09113
58 91 -0.07076
58 92 0.02779
58 93 -0.01355
58 94 -0.10947
58 95 -0.04635
58 96 0.00446
58 97 0.07619
58 98 -0.05478
58 99 0.14268
59 60 0.01525
59 61 0.02111
59 62 0.18172
59 63 -0.12512
59 64 0.12678
59 65 0.11197
59 66 -0.0198
59 67 -0.10045
59 68 -0.15374
59 69 -0.05595
59 70 0.14374
59 71 0.04583
59 72 0.039
59 73 0.06198
59 74 0.08382
59 75 -0.09097
59 76 0.19616
59 77 0.09694
59 78 -0.02504
59 79 0.01555
59 80 -0.0559
59 81 -0.06628
59 82 0.00622
59 83 0.13518
59 84 0.13604
59 85 0.07729
59 86 0.0873
59 87 -0.01525
59 88 0.05771
59 89 0.01907
59 90 0.02385
59 91 0.09543
59 92 -0.05458
59 93 -0.10578
59 94 -0.06593
59 95 -0.06489
59 96 0.06276
59 97 -0.02651
59 98 0.06134
59 99 0.00829
60 61 -0.14794
60 62 0.05093
60 63 0.0247
60 64 0.13514
60 65 0.01756
60 66 0.02068
60 67 0.01437
60 68 0.14334
60 69 -0.04833
60 70 0.01112
60 71 0.06017
60 72 -0.01849
60 73 -0.08595
60 74 0.02762
60 75 -0.00626
60 76 -0.10868
60 77 -0.08389
60 78 0.21413
60 79 -0.09351
60 80 0.1721
60 81 -0.12094
60 82 0.06213
60 83 -0.16795
60 84 0.00296
60 85 0.05917
60 86 0.04332
60 87 -0.04013
60 88 -0.1057
60 89 -0.03618
60 90 0.03673
60 91 -0.03652
60 92 -0.07198
60 93 0.07737
60 94 0.06023
60 95 -0.05742
60 96 -0.05667
60 97 0.03162
60 98 0.14057
60 99 -0.02111
61 62 -0.1028
61 63 0.0844
61 64 0.1433
61 65 0.15381
61 66 -0.18724
61 67 -0.02065
61 68 -0.0628
61 69 0.03326
61 70 0.09489
61 71 -0.05744
61 72 -0.07693
61 73 -0.00394
61 74 0.02867
61 75 -0.13933
61 76 0.00468
61 77 0.01761
61 78 -0.11655
61 79 -0.02174
61 80 -0.02046
61 81 -0.12083
61 82 -0.01864
61 83 -0.01767
61 84 -0.03958
61 85 -0.00189
61 86 0.22882
61 87 0.09671
61 88 0.02695
61 89 -0.23343
61 90 -0.03557
61 91 -0.03353
61 92 0.02538
61 93 -0.00162
61 94 -0.0726
61 95 0.00517
61 96 -0.04382
61 97 -0.01783
61 98 -0.01878
61 99 0.04828
62 63 0.06987
62 64 0.0489
62 65 -0.0002
62 66 -0.08053
62 67 0.00578
62 68 0.0432
62 69 0.07643
62 70 -0.05571
62 71 -0.06968
62 72 -0.04926
62 73 0.06756
62 74 0.01471
62 75 0.04281
62 76 -0.139
62 77 0.02011
62 78 -0.07649
62 79 0.04348
62 80 -0.01406
62 81 -0.03739
62 82 0.05081
62 83 -0.05081
62 84 -0.00277
62 85 0.13488
62 86 -0.03442
62 87 -0.13261
62 88 0.11042
62 89 0.08041
62 90 -0.00374
62 91 -0.00681
62 92 0.06534
62 93 -0.17001
62 94 -0.12436
62 95 -0.04334
62 96 0.02049
62 97 -0.14807
62 98 -0.06054
62 99 0.03547
63 64 -0.07081
63 65 -0.05457
63 66 0.00984
63 67 0.13333
63 68 0.10906
63 69 0.08883
63 70 -0.00393
63 71 0.20796
63 72 0.12928
63 73 -0.26441
63 74 0.06294
63 75 0.14116
63 76 -0.05127
63 77 -0.0367
63 78 -0.03784
63 79 -0.10939
63 80 0.03149
63 81 0.00023
63 82 0.06611
63 83 -0.03322
63 84 -0.1408
63 85 -0.00397
63 86 0.00826
63 87 0.01985
63 88 -0.00805
63 89 -0.05181
63 90 -0.02335
63 91 -0.21209
63 92 -0.16524
63 93 -0.06951
63 94 -0.13352
63 95 -0.0472
63 96 0.14802
63 97 0.00497
63 98 -0.04067
63 99 0.07554
64 65 0.04346
64 66 -0.07029
64 67 0.04815
64 68 -0.01348
64 69 -0.1039
64 70 0.14065
64 71 -0.17654
64 72 0.2722
64 73 0.0598
64 74 0.05942
64 75 0.13401
64 76 -0.11948
64 77 0.05774
64 78 -0.02024
64 79 0.03913
64 80 0.0849
64 81 0.06054
64 82 0.03397
64 83 0.07932
64 84 0.03739
64 85 -0.0288
64 86 0.14697
64 87 -0.07701
64 88 -0.1339
64 89 -0.08527
64 90 0.08773
64 91 -0.17973
64 92 0.10404
64 93 0.17847
64 94 0.02903
64 95 -0.04268
64 96 0.115
64 97 0.02619
64 98 -0.09963
64 99 -0.11699
65 66 0.05873
65 67 -0.02246
65 68 0.02883
65 69 -0.1853
65 70 0.04719
65 71 0.16773
65 72 0.05592
65 73 -0.21588
65 74 -0.13239
65 75 -0.01331
65 76 -0.04657
65 77 -0.00212
65 78 -0.04017
65 79 -0.04306
65 80 0.04571
65 81 0.04126
65 82 0.00632
65 83 0.02116
65 84 0.033
65 85 0.12491
65 86 0.12758
65 87 -0.09713
65 88 -0.05911
65 89 -0.09432
65 90 0.01449
65 91 0.08626
65 92 0.08051
65 93 -0.01554
65 94 -0.04208
65 95 0.18999
65 96 0.00374
65 97 -0.033
65 98 -0.09063
65 99 -0.07592
66 67 -0.0179
66 68 0.02281
66 69 0.15367
66 70 0.07687
66 71 -0.10039
66 72 -0.18707
66 73 -0.33785
66 74 -0.02762
66 75 0.03255
66 76 0.02261
66 77 0.04868
66 78 -0.20071
66 79 0.07867
66 80 -0.00506
66 81 0.03188
66 82 -0.0319
66 83 0.02217
66 84 -0.04385
66 85 -0.04755
66 86 -0.01637
66 87 -0.08778
66 88 -0.12644
66 89 -0.08513
66 90 -0.07208
66 91 0.01474
66 92 0.03846
66 93 -0.05299
66 94 -0.187
66 95 0.05002
66 96 -0.14297
66 97 0.05693
66 98 -0.0558
66 99 0.05296
67 68 -0.09366
67 69 -0.05426
67 70 -0.12426
67 71 0.05977
67 72 0.24695
67 73 0.04967
67 74 -0.03021
67 75 -0.11121
67 76 -0.10342
67 77 0.10344
67 78 0.0539
67 79 -0.05033
67 80 -0.04986
67 81 0.01592
67 82 -0.14749
67 83 -0.01649
67 84 -0.08921
67 85 0.02967
67 86 0.04938
67 87 0.0929
67 88 -0.00226
67 89 -0.00626
67 90 0.02843
67 91 0.02705
67 92 -0.21206
67 93 0.11371
67 94 0.03723
67 95 0.01451
67 96 0.16346
67 97 -0.04303
67 98 0.14361
67 99 -0.00233
68 69 -0.21031
68 70 0.00966
68 71 -0.11979
68 72 -0.15396
68 73 -0.17176
68 74 0.08591
68 75 -0.03704
68 76 -0.0487
68 77 0.13494
68 78 -0.25462
68 79 0.11235
68 80 0.03295
68 81 -0.14644
68 82 0.09116
68 83 0.0139
68 84 -0.00488
68 85 0.08915
68 86 -0.0558
68 87 0.05449
68 88 -0.01029
68 89 0.04373
68 90 -0.05063
68 91 -0.02107
68 92 -0.0054
68 93 -0.1297
68 94 0.06119
68 95 -0.11557
68 96 0.0128
68 97 -0.21274
68 98 0.18084
68 99 -0.06526
69 70 -0.02863
69 71 -0.04457
69 72 -0.07106
69 73 -0.00929
69 74 -0.12133
69 75 0.08737
69 76 0.04494
69 77 -0.11864
69 78 0.0423
69 79 0.20306
69 80 -0.01565
69 81 -0.1092
69 82 -0.16025
69 83 0.10402
69 84 -0.00269
69 85 -0.04888
69 86 -0.1686
69 87 0.08647
69 88 0.06712
69 89 0.00008
69 90 0.08008
69 91 0.17967
69 92 0.2576
69 93 0.00134
69 94 -0.08257
69 95 0.00194
69 96 0.10884
69 97 0.29384
69 98 0.0774
69 99 0.04329
70 71 -0.05635
70 72 -0.01151
70 73 -0.10311
70 74 -0.00153
70 75 -0.1326
70 76 0.17518
70 77 -0.09939
70 78 -0.06159
70 79 -0.05862
70 80 0.10797
70 81 0.0078
70 82 -0.02223
70 83 0.11615
70 84 0.00811
70 85 -0.0113
70 86 -0.01184
70 87 0.02053
70 88 -0.21323
70 89 -0.04879
70 90 0.10091
70 91 0.13653
70 92 0.04405
70 93 -0.08375
70 94 0.16996
70 95 0.09573
70 96 0.04833
70 97 0.0481
70 98 0.11464
70 99 0.01191
71 72 -0.06673
71 73 0.04273
71 74 0.09307
71 75 0.05546
71 76 -0.11767
71 77 -0.04787
71 78 0.07503
71 79 0.07842
71 80 -0.00837
71 81 -0.00952
71 82 -0.00336
71 83 -0.11416
71 84 0.00226
71 85 -0.04446
71 86 0.157
71 87 -0.08669
71 88 0.11212
71 89 0.33958
71 90 0.02719
71 91 0.20592
71 92 -0.18984
71 93 0.12574
71 94 -0.13496
71 95 -0.08016
71 96 -0.15135
71 97 -0.06297
71 98 -0.06498
71 99 -0.07826
72 73 -0.09831
72 74 0.03716
72 75 0.18021
72 76 -0.15723
72 77 -0.26536
72 78 0.12579
72 79 0.05941
72 80 -0.01375
72 81 0.0088
72 82 0.00666
72 83 -0.14634
72 84 0.00258
72 85 -0.10955
72 86 -0.01446
72 87 -0.02344
72 88 -0.02131
72 89 -0.06464
72 90 0.023
72 91 -0.03349
72 92 0.03706
72 93 0.02227
72 94 -0.04242
72 95 0.02833
72 96 -0.04557
72 97 -0.09153
72 98 0.21056
72 99 0.06478
73 74 -0.0224
73 75 -0.02515
73 76 0.24369
73 77 -0.16696
73 78 0.10169
73 79 -0.13692
73 80 -0.10921
73 81 0.03763
73 82 -0.03289
73 83 0.14055
73 84 0.09108
73 85 0.0287
73 86 0.12738
73 87 -0.07083
73 88 0.12143
73 89 -0.11704
73 90 0.09222
73 91 0.08632
73 92 0.15555
73 93 -0.254
73 94 0.19438
73 95 -0.08382
73 96 -0.05917
73 97 -0.07705
73 98 0.01449
73 99 0.11769
74 75 -0.08466
74 76 -0.04401
74 77 -0.11507
74 78 -0.07215
74 79 -0.01804
74 80 0.09045
74 81 0.0388
74 82 0.05112
74 83 0.03999
74 84 0.13739
74 85 0.07839
74 86 0.13679
74 87 -0.14334
74 88 -0.00502
74 89 -0.09712
74 90 0.02343
74 91 0.14976
74 92 -0.0689
74 93 -0.18011
74 94 -0.012
74 95 0.0712
74 96 0.1395
74 97 -0.01317
74 98 0.0036
74 99 -0.16117
75 76 0.00898
75 77 -0.0015
75 78 -0.09578
75 79 0.08506
75 80 0.13794
75 81 -0.13741
75 82 -0.10403
75 83 0.2617
75 84 -0.05123
75 85 -0.2349
75 86 -0.06961
75 87 0.07196
75 88 -0.06705
75 89 -0.08409
75 90 -0.06218
75 91 -0.01136
75 92 -0.06222
75 93 0.16013
75 94 -0.03596
75 95 -0.00449
75 96 -0.15051
75 97 0.01314
75 98 0.09369
75 99 0.13513
76 77 -0.15246
76 78 -0.16319
76 79 0.07522
76 80 0.02479
76 81 0.06073
76 82 0.09256
76 83 0.04016
76 84 -0.05722
76 85 -0.08097
76 86 -0.13978
76 87 -0.14702
76 88 0.10714
76 89 0.05745
76 90 -0.09103
76 91 -0.05816
76 92 -0.05914
76 93 -0.1118
76 94 0.04941
76 95 0.0445
76 96 0.13538
76 97 0.03804
76 98 0.11287
76 99 0.09496
77 78 -0.11431
77 79 -0.03095
77 80 -0.12662
77 81 -0.02574
77 82 -0.02669
77 83 0.1028
77 84 0.05373
77 85 0.11703
77 86 0.19457
77 87 0.06483
77 88 -0.06785
77 89 0.01192
77 90 -0.08455
77 91 -0.02237
77 92 0.20652
77 93 -0.0755
77 94 0.00138
77 95 0.25856
77 96 -0.12416
77 97 -0.19415
77 98 -0.0984
77 99 -0.10611
78 79 0.03286
78 80 -0.14247
78 81 -0.01995
78 82 0.13856
78 83 -0.14785
78 84 0.08237
78 85 0.02076
78 86 0.05811
78 87 -0.10872
78 88 -0.03427
78 89 0.22377
78 90 -0.06059
78 91 -0.08528
78 92 -0.16686
78 93 0.1157
78 94 0.00688
78 95 0.01141
78 96 -0.20429
78 97 0.21238
78 98 -0.14734
78 99 -0.09691
79 80 -0.15869
79 81 -0.17292
79 82 0.14051
79 83 0.02035
79 84 0.14267
79 85 0.24586
79 86 0.11046
79 87 -0.06686
79 88 -0.01942
79 89 -0.08244
79 90 0.13616
79 91 -0.01014
79 92 -0.15105
79 93 0.03062
79 94 0.12891
79 95 -0.0408
79 96 -0.05674
79 97 0.02223
79 98 -0.18834
79 99 0.0536
80 81 -0.00254
80 82 0.06751
80 83 0.17813
80 84 0.0141
80 85 -0.04901
80 86 0.0035
80 87 0.06775
80 88 0.10824
80 89 0.01318
80 90 -0.03338
80 91 0.07825
80 92 0.06454
80 93 -0.02411
80 94 -0.04036
80 95 -0.11314
80 96 0.01926
80 97 -0.00589
80 98 -0.05716
80 99 -0.05108
81 82 -0.08306
81 83 -0.08727
81 84 -0.06546
81 85 -0.04914
81 86 0.07393
81 87 0.07246
81 88 0.16147
81 89 -0.10072
81 90 0.07197
81 91 0.1023
81 92 -0.22835
81 93 -0.1177
81 94 0.10682
81 95 0.01942
81 96 -0.0276
81 97 0.01909
81 98 -0.13425
81 99 0.20727
82 83 -0.0986
82 84 0.12999
82 85 0.03223
82 86 0.17912
82 87 0.01516
82 88 -0.11635
82 89 -0.09172
82 90 0.04493
82 91 0.12066
82 92 -0.05047
82 93 0.07437
82 94 0.13289
82 95 0.01912
82 96 0.02818
82 97 0.06099
82 98 -0.13677
82 99 -0.08932
83 84 0.15092
83 85 0.1484
83 86 0.02938
83 87 0.12507
83 88 0.15905
83 89 0.05
83 90 0.08375
83 91 -0.03384
83 92 0.04837
83 93 0.02043
83 94 -0.08384
83 95 -0.00884
83 96 -0.05372
83 97 0.0798
83 98 -0.10445
83 99 0.08658
84 85 -0.1149
84 86 0.06183
84 87 0.08966
84 88 0.14294
84 89 -0.03443
84 90 0.116
84 91 0.07811
84 92 -0.07679
84 93 -0.06907
84 94 0.17684
84 95 -0.01833
84 96 0.13963
84 97 -0.01861
84 98 -0.00615
84 99 0.00656
85 86 -0.01185
85 87 -0.03954
85 88 -0.18657
85 89 0.03691
85 90 -0.2462
85 91 -0.04434
85 92 0.00183
85 93 0.04935
85 94 -0.09009
85 95 -0.01128
85 96 0.11875
85 97 0.22015
85 98 -0.29479
85 99 -0.10123
86 87 0.16967
86 88 -0.0816
86 89 0.15117
86 90 -0.12871
86 91 -0.07696
86 92 -0.01259
86 93 -0.14154
86 94 -0.21026
86 95 -0.01668
86 96 -0.08817
86 97 0.06383
86 98 -0.08935
86 99 -0.13465
87 88 -0.03579
87 89 -0.07665
87 90 0.07542
87 91 0.10753
87 92 -0.00476
87 93 0.07373
87 94 0.00064
87 95 -0.08656
87 96 -0.07439
87 97 0.06714
87 98 0.02843
87 99 -0.10191
88 89 -0.0153
88 90 0.03691
88 91 0.01048
88 92 -0.12054
88 93 0.1106
88 94 0.11272
88 95 -0.09178
88 96 -0.1319
88 97 -0.01665
88 98 0.01013
88 99 0.01931
89 90 -0.00718
89 91 0.0294
89 92 -0.09956
89 93 0.24076
89 94 -0.03327
89 95 -0.06968
89 96 0.15779
89 97 0.05048
89 98 0.04061
89 99 -0.00356
90 91 -0.00897
90 92 0.01184
90 93 0.04168
90 94 -0.02031
90 95 -0.05091
90 96 0.14947
90 97 0.31378
90 98 0.03499
90 99 -0.0153
91 92 -0.04612
91 93 -0.13694
91 94 -0.06986
91 95 0.1169
91 96 -0.09095
91 97 0.12166
91 98 -0.00236
91 99 0.12428
92 93 0.14172
92 94 -0.1414
92 95 -0.12341
92 96 0.10474
92 97 -0.00743
92 98 0.13008
92 99 0.08412
93 94 0.05236
93 95 -0.00267
93 96 -0.19737
93 97 0.13842
93 98 -0.05335
93 99 -0.03932
94 95 0.13876
94 96 -0.07333
94 97 0.1062
94 98 0.03186
94 99 0.0351
95 96 -0.20187
95 97 0.0765
95 98 0.02185
95 99 -0.05248
96 97 0.03182
96 98 0.05427
96 99 0.0832
97 98 -0.16776
97 99 0.00398
98 99 -0.01743
