# model=ea2d N=2304 meanJ=0 seed=26418629 distribution=gaussian field=0 num_fields=2304 num_couplings=4608
0 0
1 0
2 0
3 0
4 0
5 0
6 0
7 0
8 0
9 0
10 0
11 0
12 0
13 0
14 0
15 0
16 0
17 0
18 0
19 0
20 0
21 0
22 0
23 0
24 0
25 0
26 0
27 0
28 0
29 0
30 0
31 0
32 0
33 0
34 0
35 0
36 0
37 0
38 0
39 0
40 0
41 0
42 0
43 0
44 0
45 0
46 0
47 0
48 0
49 0
50 0
51 0
52 0
53 0
54 0
55 0
56 0
57 0
58 0
59 0
60 0
61 0
62 0
63 0
64 0
65 0
66 0
67 0
68 0
69 0
70 0
71 0
72 0
73 0
74 0
75 0
76 0
77 0
78 0
79 0
80 0
81 0
82 0
83 0
84 0
85 0
86 0
87 0
88 0
89 0
90 0
91 0
92 0
93 0
94 0
95 0
96 0
97 0
98 0
99 0
100 0
101 0
102 0
103 0
104 0
105 0
106 0
107 0
108 0
109 0
110 0
111 0
112 0
113 0
114 0
115 0
116 0
117 0
118 0
119 0
120 0
121 0
122 0
123 0
124 0
125 0
126 0
127 0
128 0
129 0
130 0
131 0
132 0
133 0
134 0
135 0
136 0
137 0
138 0
139 0
140 0
141 0
142 0
143 0
144 0
145 0
146 0
147 0
148 0
149 0
150 0
151 0
152 0
153 0
154 0
155 0
156 0
157 0
158 0
159 0
160 0
161 0
162 0
163 0
164 0
165 0
166 0
167 0
168 0
169 0
170 0
171 0
172 0
173 0
174 0
175 0
176 0
177 0
178 0
179 0
180 0
181 0
182 0
183 0
184 0
185 0
186 0
187 0
188 0
189 0
190 0
191 0
192 0
193 0
194 0
195 0
196 0
197 0
198 0
199 0
200 0
201 0
202 0
203 0
204 0
205 0
206 0
207 0
208 0
209 0
210 0
211 0
212 0
213 0
214 0
215 0
216 0
217 0
218 0
219 0
220 0
221 0
222 0
223 0
224 0
225 0
226 0
227 0
228 0
229 0
230 0
231 0
232 0
233 0
234 0
235 0
236 0
237 0
238 0
239 0
240 0
241 0
242 0
243 0
244 0
245 0
246 0
247 0
248 0
249 0
250 0
251 0
252 0
253 0
254 0
255 0
256 0
257 0
258 0
259 0
260 0
261 0
262 0
263 0
264 0
265 0
266 0
267 0
268 0
269 0
270 0
271 0
272 0
273 0
274 0
275 0
276 0
277 0
278 0
279 0
280 0
281 0
282 0
283 0
284 0
285 0
286 0
287 0
288 0
289 0
290 0
291 0
292 0
293 0
294 0
295 0
296 0
297 0
298 0
299 0
300 0
301 0
302 0
303 0
304 0
305 0
306 0
307 0
308 0
309 0
310 0
311 0
312 0
313 0
314 0
315 0
316 0
317 0
318 0
319 0
320 0
321 0
322 0
323 0
324 0
325 0
326 0
327 0
328 0
329 0
330 0
331 0
332 0
333 0
334 0
335 0
336 0
337 0
338 0
339 0
340 0
341 0
342 0
343 0
344 0
345 0
346 0
347 0
348 0
349 0
350 0
351 0
352 0
353 0
354 0
355 0
356 0
357 0
358 0
359 0
360 0
361 0
362 0
363 0
364 0
365 0
366 0
367 0
368 0
369 0
370 0
371 0
372 0
373 0
374 0
375 0
376 0
377 0
378 0
379 0
380 0
381 0
382 0
383 0
384 0
385 0
386 0
387 0
388 0
389 0
390 0
391 0
392 0
393 0
394 0
395 0
396 0
397 0
398 0
399 0
400 0
401 0
402 0
403 0
404 0
405 0
406 0
407 0
408 0
409 0
410 0
411 0
412 0
413 0
414 0
415 0
416 0
417 0
418 0
419 0
420 0
421 0
422 0
423 0
424 0
425 0
426 0
427 0
428 0
429 0
430 0
431 0
432 0
433 0
434 0
435 0
436 0
437 0
438 0
439 0
440 0
441 0
442 0
443 0
444 0
445 0
446 0
447 0
448 0
449 0
450 0
451 0
452 0
453 0
454 0
455 0
456 0
457 0
458 0
459 0
460 0
461 0
462 0
463 0
464 0
465 0
466 0
467 0
468 0
469 0
470 0
471 0
472 0
473 0
474 0
475 0
476 0
477 0
478 0
479 0
480 0
481 0
482 0
483 0
484 0
485 0
486 0
487 0
488 0
489 0
490 0
491 0
492 0
493 0
494 0
495 0
496 0
497 0
498 0
499 0
500 0
501 0
502 0
503 0
504 0
505 0
506 0
507 0
508 0
509 0
510 0
511 0
512 0
513 0
514 0
515 0
516 0
517 0
518 0
519 0
520 0
521 0
522 0
523 0
524 0
525 0
526 0
527 0
528 0
529 0
530 0
531 0
532 0
533 0
534 0
535 0
536 0
537 0
538 0
539 0
540 0
541 0
542 0
543 0
544 0
545 0
546 0
547 0
548 0
549 0
550 0
551 0
552 0
553 0
554 0
555 0
556 0
557 0
558 0
559 0
560 0
561 0
562 0
563 0
564 0
565 0
566 0
567 0
568 0
569 0
570 0
571 0
572 0
573 0
574 0
575 0
576 0
577 0
578 0
579 0
580 0
581 0
582 0
583 0
584 0
585 0
586 0
587 0
588 0
589 0
590 0
591 0
592 0
593 0
594 0
595 0
596 0
597 0
598 0
599 0
600 0
601 0
602 0
603 0
604 0
605 0
606 0
607 0
608 0
609 0
610 0
611 0
612 0
613 0
614 0
615 0
616 0
617 0
618 0
619 0
620 0
621 0
622 0
623 0
624 0
625 0
626 0
627 0
628 0
629 0
630 0
631 0
632 0
633 0
634 0
635 0
636 0
637 0
638 0
639 0
640 0
641 0
642 0
643 0
644 0
645 0
646 0
647 0
648 0
649 0
650 0
651 0
652 0
653 0
654 0
655 0
656 0
657 0
658 0
659 0
660 0
661 0
662 0
663 0
664 0
665 0
666 0
667 0
668 0
669 0
670 0
671 0
672 0
673 0
674 0
675 0
676 0
677 0
678 0
679 0
680 0
681 0
682 0
683 0
684 0
685 0
686 0
687 0
688 0
689 0
690 0
691 0
692 0
693 0
694 0
695 0
696 0
697 0
698 0
699 0
700 0
701 0
702 0
703 0
704 0
705 0
706 0
707 0
708 0
709 0
710 0
711 0
712 0
713 0
714 0
715 0
716 0
717 0
718 0
719 0
720 0
721 0
722 0
723 0
724 0
725 0
726 0
727 0
728 0
729 0
730 0
731 0
732 0
733 0
734 0
735 0
736 0
737 0
738 0
739 0
740 0
741 0
742 0
743 0
744 0
745 0
746 0
747 0
748 0
749 0
750 0
751 0
752 0
753 0
754 0
755 0
756 0
757 0
758 0
759 0
760 0
761 0
762 0
763 0
764 0
765 0
766 0
767 0
768 0
769 0
770 0
771 0
772 0
773 0
774 0
775 0
776 0
777 0
778 0
779 0
780 0
781 0
782 0
783 0
784 0
785 0
786 0
787 0
788 0
789 0
790 0
791 0
792 0
793 0
794 0
795 0
796 0
797 0
798 0
799 0
800 0
801 0
802 0
803 0
804 0
805 0
806 0
807 0
808 0
809 0
810 0
811 0
812 0
813 0
814 0
815 0
816 0
817 0
818 0
819 0
820 0
821 0
822 0
823 0
824 0
825 0
826 0
827 0
828 0
829 0
830 0
831 0
832 0
833 0
834 0
835 0
836 0
837 0
838 0
839 0
840 0
841 0
842 0
843 0
844 0
845 0
846 0
847 0
848 0
849 0
850 0
851 0
852 0
853 0
854 0
855 0
856 0
857 0
858 0
859 0
860 0
861 0
862 0
863 0
864 0
865 0
866 0
867 0
868 0
869 0
870 0
871 0
872 0
873 0
874 0
875 0
876 0
877 0
878 0
879 0
880 0
881 0
882 0
883 0
884 0
885 0
886 0
887 0
888 0
889 0
890 0
891 0
892 0
893 0
894 0
895 0
896 0
897 0
898 0
899 0
900 0
901 0
902 0
903 0
904 0
905 0
906 0
907 0
908 0
909 0
910 0
911 0
912 0
913 0
914 0
915 0
916 0
917 0
918 0
919 0
920 0
921 0
922 0
923 0
924 0
925 0
926 0
927 0
928 0
929 0
930 0
931 0
932 0
933 0
934 0
935 0
936 0
937 0
938 0
939 0
940 0
941 0
942 0
943 0
944 0
945 0
946 0
947 0
948 0
949 0
950 0
951 0
952 0
953 0
954 0
955 0
956 0
957 0
958 0
959 0
960 0
961 0
962 0
963 0
964 0
965 0
966 0
967 0
968 0
969 0
970 0
971 0
972 0
973 0
974 0
975 0
976 0
977 0
978 0
979 0
980 0
981 0
982 0
983 0
984 0
985 0
986 0
987 0
988 0
989 0
990 0
991 0
992 0
993 0
994 0
995 0
996 0
997 0
998 0
999 0
1000 0
1001 0
1002 0
1003 0
1004 0
1005 0
1006 0
1007 0
1008 0
1009 0
1010 0
1011 0
1012 0
1013 0
1014 0
1015 0
1016 0
1017 0
1018 0
1019 0
1020 0
1021 0
1022 0
1023 0
1024 0
1025 0
1026 0
1027 0
1028 0
1029 0
1030 0
1031 0
1032 0
1033 0
1034 0
1035 0
1036 0
1037 0
1038 0
1039 0
1040 0
1041 0
1042 0
1043 0
1044 0
1045 0
1046 0
1047 0
1048 0
1049 0
1050 0
1051 0
1052 0
1053 0
1054 0
1055 0
1056 0
1057 0
1058 0
1059 0
1060 0
1061 0
1062 0
1063 0
1064 0
1065 0
1066 0
1067 0
1068 0
1069 0
1070 0
1071 0
1072 0
1073 0
1074 0
1075 0
1076 0
1077 0
1078 0
1079 0
1080 0
1081 0
1082 0
1083 0
1084 0
1085 0
1086 0
1087 0
1088 0
1089 0
1090 0
1091 0
1092 0
1093 0
1094 0
1095 0
1096 0
1097 0
1098 0
1099 0
1100 0
1101 0
1102 0
1103 0
1104 0
1105 0
1106 0
1107 0
1108 0
1109 0
1110 0
1111 0
1112 0
1113 0
1114 0
1115 0
1116 0
1117 0
1118 0
1119 0
1120 0
1121 0
1122 0
1123 0
1124 0
1125 0
1126 0
1127 0
1128 0
1129 0
1130 0
1131 0
1132 0
1133 0
1134 0
1135 0
1136 0
1137 0
1138 0
1139 0
1140 0
1141 0
1142 0
1143 0
1144 0
1145 0
1146 0
1147 0
1148 0
1149 0
1150 0
1151 0
1152 0
1153 0
1154 0
1155 0
1156 0
1157 0
1158 0
1159 0
1160 0
1161 0
1162 0
1163 0
1164 0
1165 0
1166 0
1167 0
1168 0
1169 0
1170 0
1171 0
1172 0
1173 0
1174 0
1175 0
1176 0
1177 0
1178 0
1179 0
1180 0
1181 0
1182 0
1183 0
1184 0
1185 0
1186 0
1187 0
1188 0
1189 0
1190 0
1191 0
1192 0
1193 0
1194 0
1195 0
1196 0
1197 0
1198 0
1199 0
1200 0
1201 0
1202 0
1203 0
1204 0
1205 0
1206 0
1207 0
1208 0
1209 0
1210 0
1211 0
1212 0
1213 0
1214 0
1215 0
1216 0
1217 0
1218 0
1219 0
1220 0
1221 0
1222 0
1223 0
1224 0
1225 0
1226 0
1227 0
1228 0
1229 0
1230 0
1231 0
1232 0
1233 0
1234 0
1235 0
1236 0
1237 0
1238 0
1239 0
1240 0
1241 0
1242 0
1243 0
1244 0
1245 0
1246 0
1247 0
1248 0
1249 0
1250 0
1251 0
1252 0
1253 0
1254 0
1255 0
1256 0
1257 0
1258 0
1259 0
1260 0
1261 0
1262 0
1263 0
1264 0
1265 0
1266 0
1267 0
1268 0
1269 0
1270 0
1271 0
1272 0
1273 0
1274 0
1275 0
1276 0
1277 0
1278 0
1279 0
1280 0
1281 0
1282 0
1283 0
1284 0
1285 0
1286 0
1287 0
1288 0
1289 0
1290 0
1291 0
1292 0
1293 0
1294 0
1295 0
1296 0
1297 0
1298 0
1299 0
1300 0
1301 0
1302 0
1303 0
1304 0
1305 0
1306 0
1307 0
1308 0
1309 0
1310 0
1311 0
1312 0
1313 0
1314 0
1315 0
1316 0
1317 0
1318 0
1319 0
1320 0
1321 0
1322 0
1323 0
1324 0
1325 0
1326 0
1327 0
1328 0
1329 0
1330 0
1331 0
1332 0
1333 0
1334 0
1335 0
1336 0
1337 0
1338 0
1339 0
1340 0
1341 0
1342 0
1343 0
1344 0
1345 0
1346 0
1347 0
1348 0
1349 0
1350 0
1351 0
1352 0
1353 0
1354 0
1355 0
1356 0
1357 0
1358 0
1359 0
1360 0
1361 0
1362 0
1363 0
1364 0
1365 0
1366 0
1367 0
1368 0
1369 0
1370 0
1371 0
1372 0
1373 0
1374 0
1375 0
1376 0
1377 0
1378 0
1379 0
1380 0
1381 0
1382 0
1383 0
1384 0
1385 0
1386 0
1387 0
1388 0
1389 0
1390 0
1391 0
1392 0
1393 0
1394 0
1395 0
1396 0
1397 0
1398 0
1399 0
1400 0
1401 0
1402 0
1403 0
1404 0
1405 0
1406 0
1407 0
1408 0
1409 0
1410 0
1411 0
1412 0
1413 0
1414 0
1415 0
1416 0
1417 0
1418 0
1419 0
1420 0
1421 0
1422 0
1423 0
1424 0
1425 0
1426 0
1427 0
1428 0
1429 0
1430 0
1431 0
1432 0
1433 0
1434 0
1435 0
1436 0
1437 0
1438 0
1439 0
1440 0
1441 0
1442 0
1443 0
1444 0
1445 0
1446 0
1447 0
1448 0
1449 0
1450 0
1451 0
1452 0
1453 0
1454 0
1455 0
1456 0
1457 0
1458 0
1459 0
1460 0
1461 0
1462 0
1463 0
1464 0
1465 0
1466 0
1467 0
1468 0
1469 0
1470 0
1471 0
1472 0
1473 0
1474 0
1475 0
1476 0
1477 0
1478 0
1479 0
1480 0
1481 0
1482 0
1483 0
1484 0
1485 0
1486 0
1487 0
1488 0
1489 0
1490 0
1491 0
1492 0
1493 0
1494 0
1495 0
1496 0
1497 0
1498 0
1499 0
1500 0
1501 0
1502 0
1503 0
1504 0
1505 0
1506 0
1507 0
1508 0
1509 0
1510 0
1511 0
1512 0
1513 0
1514 0
1515 0
1516 0
1517 0
1518 0
1519 0
1520 0
1521 0
1522 0
1523 0
1524 0
1525 0
1526 0
1527 0
1528 0
1529 0
1530 0
1531 0
1532 0
1533 0
1534 0
1535 0
1536 0
1537 0
1538 0
1539 0
1540 0
1541 0
1542 0
1543 0
1544 0
1545 0
1546 0
1547 0
1548 0
1549 0
1550 0
1551 0
1552 0
1553 0
1554 0
1555 0
1556 0
1557 0
1558 0
1559 0
1560 0
1561 0
1562 0
1563 0
1564 0
1565 0
1566 0
1567 0
1568 0
1569 0
1570 0
1571 0
1572 0
1573 0
1574 0
1575 0
1576 0
1577 0
1578 0
1579 0
1580 0
1581 0
1582 0
1583 0
1584 0
1585 0
1586 0
1587 0
1588 0
1589 0
1590 0
1591 0
1592 0
1593 0
1594 0
1595 0
1596 0
1597 0
1598 0
1599 0
1600 0
1601 0
1602 0
1603 0
1604 0
1605 0
1606 0
1607 0
1608 0
1609 0
1610 0
1611 0
1612 0
1613 0
1614 0
1615 0
1616 0
1617 0
1618 0
1619 0
1620 0
1621 0
1622 0
1623 0
1624 0
1625 0
1626 0
1627 0
1628 0
1629 0
1630 0
1631 0
1632 0
1633 0
1634 0
1635 0
1636 0
1637 0
1638 0
1639 0
1640 0
1641 0
1642 0
1643 0
1644 0
1645 0
1646 0
1647 0
1648 0
1649 0
1650 0
1651 0
1652 0
1653 0
1654 0
1655 0
1656 0
1657 0
1658 0
1659 0
1660 0
1661 0
1662 0
1663 0
1664 0
1665 0
1666 0
1667 0
1668 0
1669 0
1670 0
1671 0
1672 0
1673 0
1674 0
1675 0
1676 0
1677 0
1678 0
1679 0
1680 0
1681 0
1682 0
1683 0
1684 0
1685 0
1686 0
1687 0
1688 0
1689 0
1690 0
1691 0
1692 0
1693 0
1694 0
1695 0
1696 0
1697 0
1698 0
1699 0
1700 0
1701 0
1702 0
1703 0
1704 0
1705 0
1706 0
1707 0
1708 0
1709 0
1710 0
1711 0
1712 0
1713 0
1714 0
1715 0
1716 0
1717 0
1718 0
1719 0
1720 0
1721 0
1722 0
1723 0
1724 0
1725 0
1726 0
1727 0
1728 0
1729 0
1730 0
1731 0
1732 0
1733 0
1734 0
1735 0
1736 0
1737 0
1738 0
1739 0
1740 0
1741 0
1742 0
1743 0
1744 0
1745 0
1746 0
1747 0
1748 0
1749 0
1750 0
1751 0
1752 0
1753 0
1754 0
1755 0
1756 0
1757 0
1758 0
1759 0
1760 0
1761 0
1762 0
1763 0
1764 0
1765 0
1766 0
1767 0
1768 0
1769 0
1770 0
1771 0
1772 0
1773 0
1774 0
1775 0
1776 0
1777 0
1778 0
1779 0
1780 0
1781 0
1782 0
1783 0
1784 0
1785 0
1786 0
1787 0
1788 0
1789 0
1790 0
1791 0
1792 0
1793 0
1794 0
1795 0
1796 0
1797 0
1798 0
1799 0
1800 0
1801 0
1802 0
1803 0
1804 0
1805 0
1806 0
1807 0
1808 0
1809 0
1810 0
1811 0
1812 0
1813 0
1814 0
1815 0
1816 0
1817 0
1818 0
1819 0
1820 0
1821 0
1822 0
1823 0
1824 0
1825 0
1826 0
1827 0
1828 0
1829 0
1830 0
1831 0
1832 0
1833 0
1834 0
1835 0
1836 0
1837 0
1838 0
1839 0
1840 0
1841 0
1842 0
1843 0
1844 0
1845 0
1846 0
1847 0
1848 0
1849 0
1850 0
1851 0
1852 0
1853 0
1854 0
1855 0
1856 0
1857 0
1858 0
1859 0
1860 0
1861 0
1862 0
1863 0
1864 0
1865 0
1866 0
1867 0
1868 0
1869 0
1870 0
1871 0
1872 0
1873 0
1874 0
1875 0
1876 0
1877 0
1878 0
1879 0
1880 0
1881 0
1882 0
1883 0
1884 0
1885 0
1886 0
1887 0
1888 0
1889 0
1890 0
1891 0
1892 0
1893 0
1894 0
1895 0
1896 0
1897 0
1898 0
1899 0
1900 0
1901 0
1902 0
1903 0
1904 0
1905 0
1906 0
1907 0
1908 0
1909 0
1910 0
1911 0
1912 0
1913 0
1914 0
1915 0
1916 0
1917 0
1918 0
1919 0
1920 0
1921 0
1922 0
1923 0
1924 0
1925 0
1926 0
1927 0
1928 0
1929 0
1930 0
1931 0
1932 0
1933 0
1934 0
1935 0
1936 0
1937 0
1938 0
1939 0
1940 0
1941 0
1942 0
1943 0
1944 0
1945 0
1946 0
1947 0
1948 0
1949 0
1950 0
1951 0
1952 0
1953 0
1954 0
1955 0
1956 0
1957 0
1958 0
1959 0
1960 0
1961 0
1962 0
1963 0
1964 0
1965 0
1966 0
1967 0
1968 0
1969 0
1970 0
1971 0
1972 0
1973 0
1974 0
1975 0
1976 0
1977 0
1978 0
1979 0
1980 0
1981 0
1982 0
1983 0
1984 0
1985 0
1986 0
1987 0
1988 0
1989 0
1990 0
1991 0
1992 0
1993 0
1994 0
1995 0
1996 0
1997 0
1998 0
1999 0
2000 0
2001 0
2002 0
2003 0
2004 0
2005 0
2006 0
2007 0
2008 0
2009 0
2010 0
2011 0
2012 0
2013 0
2014 0
2015 0
2016 0
2017 0
2018 0
2019 0
2020 0
2021 0
2022 0
2023 0
2024 0
2025 0
2026 0
2027 0
2028 0
2029 0
2030 0
2031 0
2032 0
2033 0
2034 0
2035 0
2036 0
2037 0
2038 0
2039 0
2040 0
2041 0
2042 0
2043 0
2044 0
2045 0
2046 0
2047 0
2048 0
2049 0
2050 0
2051 0
2052 0
2053 0
2054 0
2055 0
2056 0
2057 0
2058 0
2059 0
2060 0
2061 0
2062 0
2063 0
2064 0
2065 0
2066 0
2067 0
2068 0
2069 0
2070 0
2071 0
2072 0
2073 0
2074 0
2075 0
2076 0
2077 0
2078 0
2079 0
2080 0
2081 0
2082 0
2083 0
2084 0
2085 0
2086 0
2087 0
2088 0
2089 0
2090 0
2091 0
2092 0
2093 0
2094 0
2095 0
2096 0
2097 0
2098 0
2099 0
2100 0
2101 0
2102 0
2103 0
2104 0
2105 0
2106 0
2107 0
2108 0
2109 0
2110 0
2111 0
2112 0
2113 0
2114 0
2115 0
2116 0
2117 0
2118 0
2119 0
2120 0
2121 0
2122 0
2123 0
2124 0
2125 0
2126 0
2127 0
2128 0
2129 0
2130 0
2131 0
2132 0
2133 0
2134 0
2135 0
2136 0
2137 0
2138 0
2139 0
2140 0
2141 0
2142 0
2143 0
2144 0
2145 0
2146 0
2147 0
2148 0
2149 0
2150 0
2151 0
2152 0
2153 0
2154 0
2155 0
2156 0
2157 0
2158 0
2159 0
2160 0
2161 0
2162 0
2163 0
2164 0
2165 0
2166 0
2167 0
2168 0
2169 0
2170 0
2171 0
2172 0
2173 0
2174 0
2175 0
2176 0
2177 0
2178 0
2179 0
2180 0
2181 0
2182 0
2183 0
2184 0
2185 0
2186 0
2187 0
2188 0
2189 0
2190 0
2191 0
2192 0
2193 0
2194 0
2195 0
2196 0
2197 0
2198 0
2199 0
2200 0
2201 0
2202 0
2203 0
2204 0
2205 0
2206 0
2207 0
2208 0
2209 0
2210 0
2211 0
2212 0
2213 0
2214 0
2215 0
2216 0
2217 0
2218 0
2219 0
2220 0
2221 0
2222 0
2223 0
2224 0
2225 0
2226 0
2227 0
2228 0
2229 0
2230 0
2231 0
2232 0
2233 0
2234 0
2235 0
2236 0
2237 0
2238 0
2239 0
2240 0
2241 0
2242 0
2243 0
2244 0
2245 0
2246 0
2247 0
2248 0
2249 0
2250 0
2251 0
2252 0
2253 0
2254 0
2255 0
2256 0
2257 0
2258 0
2259 0
2260 0
2261 0
2262 0
2263 0
2264 0
2265 0
2266 0
2267 0
2268 0
2269 0
2270 0
2271 0
2272 0
2273 0
2274 0
2275 0
2276 0
2277 0
2278 0
2279 0
2280 0
2281 0
2282 0
2283 0
2284 0
2285 0
2286 0
2287 0
2288 0
2289 0
2290 0
2291 0
2292 0
2293 0
2294 0
2295 0
2296 0
2297 0
2298 0
2299 0
2300 0
2301 0
2302 0
2303 0
0 48 -0.75729
0 1 0.18715
1 49 -2.53419
1 2 -0.02821
2 50 1.38551
2 3 2.89825
3 51 -1.41952
3 4 -0.10831
4 52 -0.19302
4 5 1.11766
5 53 -0.45582
5 6 -0.66019
6 54 -0.10773
6 7 -1.01667
7 55 -1.75144
7 8 0.33157
8 56 0.70616
8 9 -0.07372
9 57 1.60226
9 10 1.04805
10 58 1.44366
10 11 1.19277
11 59 1.08028
11 12 -0.37824
12 60 0.10183
12 13 -0.8528
13 61 0.36381
13 14 -0.23427
14 62 0.61477
14 15 -1.6454
15 63 0.19078
15 16 0.51451
16 64 -1.07893
16 17 0.70474
17 65 0.64232
17 18 -0.39412
18 66 -0.79546
18 19 -2.18028
19 67 0.25796
19 20 -0.0071
20 68 -0.99522
20 21 0.2982
21 69 1.3887
21 22 0.4272
22 70 -1.53359
22 23 1.31153
23 71 -1.57928
23 24 -0.46948
24 72 -1.00687
24 25 0.64599
25 73 0.72174
25 26 1.51393
26 74 -0.02161
26 27 -1.34368
27 75 -0.37441
27 28 1.4493
28 76 -2.33152
28 29 0.80605
29 77 0.68963
29 30 -1.04428
30 78 -0.67348
30 31 1.16188
31 79 -0.15829
31 32 -0.28435
32 80 0.77246
32 33 1.32214
33 81 1.33505
33 34 -2.27531
34 82 -1.00487
34 35 -0.02433
35 83 0.3537
35 36 0.41664
36 84 -0.94676
36 37 0.99335
37 85 0.05127
37 38 0.52801
38 86 -0.54266
38 39 -0.70169
39 87 1.43189
39 40 1.7468
40 88 -0.42256
40 41 1.16871
41 89 0.72905
41 42 -0.31405
42 90 -0.24535
42 43 0.00918
43 91 -1.94227
43 44 0.87088
44 92 1.67806
44 45 -1.0914
45 93 -0.71357
45 46 0.24798
46 94 1.39046
46 47 0.28477
47 95 -0.31028
0 47 -0.76824
48 96 -0.57772
48 49 0.45799
49 97 -0.94043
49 50 -1.44118
50 98 0.31402
50 51 1.45037
51 99 0.46909
51 52 2.24414
52 100 0.89849
52 53 -1.35945
53 101 0.02893
53 54 -0.67471
54 102 -0.17496
54 55 -0.67465
55 103 0.4491
55 56 -0.03093
56 104 0.09704
56 57 0.29722
57 105 -0.11405
57 58 1.58108
58 106 1.4147
58 59 1.03023
59 107 1.40667
59 60 0.05
60 108 0.07025
60 61 -0.83373
61 109 0.25354
61 62 2.03998
62 110 -1.15552
62 63 -0.56311
63 111 0.38224
63 64 1.15405
64 112 0.0696
64 65 -0.32189
65 113 -0.15863
65 66 -0.86615
66 114 1.8907
66 67 -0.50921
67 115 -0.94546
67 68 -1.69555
68 116 -0.80356
68 69 0.15065
69 117 0.57538
69 70 0.5264
70 118 1.11837
70 71 0.65072
71 119 0.13399
71 72 0.13699
72 120 -0.28546
72 73 -1.11436
73 121 0.91077
73 74 -1.56561
74 122 0.35097
74 75 -0.86125
75 123 -0.13087
75 76 -0.5345
76 124 0.96712
76 77 -0.48679
77 125 0.47353
77 78 -0.04571
78 126 -0.92205
78 79 1.0614
79 127 -1.23876
79 80 1.13208
80 128 -0.86421
80 81 1.09689
81 129 2.20868
81 82 0.15207
82 130 -0.60674
82 83 -0.06192
83 131 0.19094
83 84 -1.02828
84 132 -0.0399
84 85 -0.77262
85 133 0.76901
85 86 0.4146
86 134 -0.48228
86 87 2.56713
87 135 0.64816
87 88 -0.79507
88 136 0.32891
88 89 1.10677
89 137 0.62446
89 90 -0.57593
90 138 1.12152
90 91 0.65032
91 139 -0.40582
91 92 0.92249
92 140 -0.47224
92 93 2.17967
93 141 0.24683
93 94 -0.18568
94 142 -0.98251
94 95 1.39275
95 143 0.28017
48 95 -1.28332
96 144 0.65624
96 97 -0.73574
97 145 -0.3999
97 98 0.43045
98 146 0.56248
98 99 2.18975
99 147 -0.16391
99 100 -0.37251
100 148 1.44129
100 101 -0.05758
101 149 -1.2676
101 102 -1.82011
102 150 -0.79444
102 103 -0.00309
103 151 0.87387
103 104 1.06149
104 152 1.85143
104 105 0.49988
105 153 -0.80565
105 106 -0.43887
106 154 -0.35392
106 107 0.07299
107 155 0.37984
107 108 0.19759
108 156 0.78527
108 109 -0.60067
109 157 2.69003
109 110 -0.844
110 158 2.04944
110 111 0.55501
111 159 0.39329
111 112 -1.13738
112 160 -0.14309
112 113 0.11828
113 161 -0.52423
113 114 1.31603
114 162 -0.37799
114 115 -0.4907
115 163 0.33723
115 116 -0.28006
116 164 -1.5172
116 117 0.24704
117 165 -0.29021
117 118 -0.79946
118 166 0.31116
118 119 -0.33542
119 167 -0.34714
119 120 0.65642
120 168 -1.56924
120 121 -0.35256
121 169 0.27155
121 122 -0.54242
122 170 -0.70655
122 123 -0.8466
123 171 -0.29995
123 124 -0.79236
124 172 -0.25977
124 125 0.21386
125 173 2.14912
125 126 0.09752
126 174 0.09825
126 127 -0.72712
127 175 -0.55454
127 128 0.54737
128 176 -1.44451
128 129 -0.90718
129 177 -0.22317
129 130 0.90547
130 178 1.84977
130 131 -0.81343
131 179 0.46387
131 132 0.98494
132 180 -1.90871
132 133 -1.70437
133 181 -0.21494
133 134 0.12268
134 182 1.91316
134 135 -0.17648
135 183 1.51719
135 136 0.32125
136 184 -0.02172
136 137 -1.88727
137 185 -0.83562
137 138 -0.32729
138 186 -1.23837
138 139 1.69619
139 187 0.14218
139 140 0.40224
140 188 0.30103
140 141 -1.60959
141 189 0.46875
141 142 -0.81231
142 190 0.3802
142 143 1.75424
143 191 -0.39389
96 143 -2.2313
144 192 -0.97575
144 145 -0.48358
145 193 -0.0265
145 146 0.09878
146 194 0.53995
146 147 1.55683
147 195 0.31727
147 148 -0.45261
148 196 -0.35741
148 149 -1.1689
149 197 -1.02496
149 150 0.52839
150 198 -0.1186
150 151 1.40894
151 199 0.14187
151 152 -0.85384
152 200 0.16199
152 153 -0.18611
153 201 0.77402
153 154 -0.8992
154 202 0.38549
154 155 -1.84364
155 203 0.68947
155 156 0.65588
156 204 0.71275
156 157 -0.00985
157 205 0.08215
157 158 2.31491
158 206 -1.08879
158 159 -1.43197
159 207 0.00542
159 160 -1.0259
160 208 -0.68337
160 161 1.66784
161 209 0.55531
161 162 1.74047
162 210 -0.68829
162 163 1.00736
163 211 0.69209
163 164 -0.26236
164 212 0.27322
164 165 1.79649
165 213 -0.19841
165 166 -0.3504
166 214 1.35709
166 167 -0.0449
167 215 0.9025
167 168 -2.47279
168 216 -1.13718
168 169 -1.5193
169 217 -0.18159
169 170 1.47576
170 218 -0.02856
170 171 -0.77177
171 219 -0.83338
171 172 -0.52307
172 220 -0.8897
172 173 0.43108
173 221 0.44836
173 174 1.3688
174 222 -0.3408
174 175 -1.72441
175 223 1.1322
175 176 0.29123
176 224 1.17308
176 177 -0.89887
177 225 -1.09552
177 178 1.10344
178 226 -1.36069
178 179 0.44723
179 227 2.11432
179 180 0.55156
180 228 0.71856
180 181 0.28635
181 229 -0.81009
181 182 0.68942
182 230 0.19578
182 183 0.57465
183 231 0.2117
183 184 -1.17431
184 232 -0.23089
184 185 1.01783
185 233 0.95347
185 186 0.41818
186 234 -1.73751
186 187 0.43051
187 235 -0.28745
187 188 1.76483
188 236 -1.16249
188 189 0.042
189 237 -0.27587
189 190 0.23611
190 238 1.18138
190 191 -1.15109
191 239 0.73744
144 191 -1.22691
192 240 -1.63199
192 193 0.75334
193 241 0.53094
193 194 0.20824
194 242 -1.17525
194 195 1.27533
195 243 0.64689
195 196 1.23636
196 244 -0.77926
196 197 0.00944
197 245 0.20785
197 198 -0.90438
198 246 -0.72886
198 199 1.40256
199 247 2.08927
199 200 0.93421
200 248 -1.0847
200 201 -0.00427
201 249 -1.16076
201 202 -1.03718
202 250 0.40455
202 203 0.47532
203 251 -0.26103
203 204 1.10624
204 252 0.86755
204 205 -0.60763
205 253 0.19297
205 206 -0.39856
206 254 -0.01115
206 207 -0.57327
207 255 -0.79051
207 208 1.28678
208 256 -0.00474
208 209 -1.32061
209 257 -2.08283
209 210 -0.12357
210 258 0.84459
210 211 1.43101
211 259 -0.8012
211 212 0.71077
212 260 1.50829
212 213 1.78099
213 261 -0.23977
213 214 1.25302
214 262 -0.50285
214 215 -1.13066
215 263 0.15423
215 216 0.34926
216 264 -2.04839
216 217 -1.26575
217 265 1.44147
217 218 0.83177
218 266 -0.87881
218 219 -4.19751
219 267 0.1093
219 220 1.51569
220 268 -0.22115
220 221 0.36207
221 269 1.14304
221 222 0.0798
222 270 0.97014
222 223 -0.92355
223 271 -0.50205
223 224 -0.35109
224 272 0.17757
224 225 -0.26593
225 273 -1.63173
225 226 -0.74639
226 274 1.14336
226 227 -1.35953
227 275 1.5513
227 228 0.44699
228 276 -0.31469
228 229 -1.39355
229 277 0.21933
229 230 -1.43243
230 278 -0.02996
230 231 -1.79787
231 279 -1.54193
231 232 0.05713
232 280 0.24497
232 233 -0.69602
233 281 0.53663
233 234 -0.60552
234 282 -0.1944
234 235 -2.3635
235 283 -0.95233
235 236 -1.44583
236 284 -0.74044
236 237 0.05621
237 285 -1.2198
237 238 0.26694
238 286 0.78315
238 239 -0.0546
239 287 -0.63696
192 239 -0.41122
240 288 1.12165
240 241 -1.64509
241 289 1.84889
241 242 0.34755
242 290 0.30307
242 243 -0.86392
243 291 -1.0124
243 244 -0.91842
244 292 0.53288
244 245 -2.09008
245 293 1.29172
245 246 0.17511
246 294 1.47014
246 247 -1.15695
247 295 0.5188
247 248 -0.75725
248 296 -0.05461
248 249 -0.68782
249 297 -1.44385
249 250 -0.24129
250 298 -0.4186
250 251 1.50043
251 299 -0.68283
251 252 -0.37876
252 300 -0.37984
252 253 -0.42188
253 301 -0.34396
253 254 1.5653
254 302 -0.3909
254 255 0.67642
255 303 1.19442
255 256 0.9335
256 304 0.02499
256 257 -0.47804
257 305 -1.55052
257 258 -0.1832
258 306 -0.85089
258 259 -0.65995
259 307 -0.51221
259 260 1.55057
260 308 -0.97116
260 261 1.15692
261 309 -0.93414
261 262 -1.24542
262 310 1.14985
262 263 -0.7059
263 311 -2.12631
263 264 -0.45445
264 312 -0.48951
264 265 0.17288
265 313 1.03833
265 266 -0.12942
266 314 -1.55452
266 267 -0.04052
267 315 0.8007
267 268 -0.28238
268 316 -1.39681
268 269 -1.20634
269 317 0.21892
269 270 -0.38306
270 318 -1.37804
270 271 -0.83892
271 319 -0.94876
271 272 -0.06238
272 320 0.39668
272 273 -0.79313
273 321 -1.49601
273 274 -1.19069
274 322 1.38058
274 275 1.21495
275 323 -0.62179
275 276 -0.01914
276 324 0.47807
276 277 0.17443
277 325 -0.80492
277 278 -0.82785
278 326 0.06773
278 279 -0.15828
279 327 0.48505
279 280 0.55403
280 328 1.15869
280 281 -1.07047
281 329 1.74286
281 282 0.58622
282 330 -1.92598
282 283 1.84002
283 331 1.07617
283 284 0.62836
284 332 -0.47912
284 285 1.64474
285 333 -0.55661
285 286 -0.60103
286 334 -1.91544
286 287 0.51564
287 335 -0.35896
240 287 1.40772
288 336 -0.96972
288 289 -0.15502
289 337 -0.08638
289 290 1.62423
290 338 0.99848
290 291 0.11081
291 339 -0.30645
291 292 -1.39783
292 340 1.23612
292 293 -0.34756
293 341 0.21866
293 294 -0.63934
294 342 -0.6824
294 295 0.6489
295 343 -0.44523
295 296 -0.65359
296 344 -0.05321
296 297 -2.08077
297 345 1.60749
297 298 -0.50162
298 346 0.37051
298 299 1.39272
299 347 -1.17337
299 300 0.94197
300 348 1.84639
300 301 0.93822
301 349 0.12322
301 302 1.18505
302 350 -0.80918
302 303 1.24566
303 351 -1.55865
303 304 0.30733
304 352 -0.11611
304 305 -0.67692
305 353 -0.96473
305 306 0.55898
306 354 -0.3454
306 307 -0.06417
307 355 -1.87163
307 308 -0.65854
308 356 -0.21174
308 309 -1.2105
309 357 -0.35176
309 310 1.1504
310 358 1.17872
310 311 0.13577
311 359 -0.1963
311 312 -0.52794
312 360 0.13347
312 313 1.80867
313 361 -0.68291
313 314 -0.39643
314 362 1.60307
314 315 -1.0881
315 363 1.09612
315 316 -0.90884
316 364 0.49505
316 317 -0.37286
317 365 -0.20774
317 318 0.67529
318 366 -0.77952
318 319 -0.08394
319 367 1.06073
319 320 -0.78413
320 368 0.05476
320 321 -0.75463
321 369 -1.06117
321 322 -0.53373
322 370 -0.32338
322 323 -0.80431
323 371 1.57353
323 324 -0.99616
324 372 2.06711
324 325 -0.41042
325 373 0.09236
325 326 -0.95936
326 374 2.55175
326 327 -0.91694
327 375 1.46678
327 328 1.32814
328 376 1.78378
328 329 0.48423
329 377 1.29315
329 330 0.55575
330 378 0.92978
330 331 -1.80992
331 379 2.01566
331 332 -0.06463
332 380 -0.83826
332 333 1.03415
333 381 -0.86953
333 334 0.62389
334 382 -1.22548
334 335 0.85694
335 383 0.27025
288 335 0.33759
336 384 0.41114
336 337 -0.4198
337 385 -0.0832
337 338 0.82927
338 386 0.19618
338 339 -0.35253
339 387 -1.37441
339 340 1.11315
340 388 -0.21532
340 341 -2.47588
341 389 1.32921
341 342 -0.28009
342 390 0.98705
342 343 0.18756
343 391 0.92058
343 344 -0.14168
344 392 0.34456
344 345 0.7745
345 393 -1.0569
345 346 0.61408
346 394 0.72105
346 347 -0.33918
347 395 -1.90153
347 348 1.44001
348 396 -0.93081
348 349 1.41954
349 397 0.24661
349 350 -1.78645
350 398 0.00388
350 351 -0.87408
351 399 -0.12682
351 352 -0.17318
352 400 -1.95014
352 353 -0.22081
353 401 0.74218
353 354 -0.90866
354 402 1.19857
354 355 0.68653
355 403 -0.43197
355 356 0.84994
356 404 0.11933
356 357 -0.62842
357 405 -0.32277
357 358 -1.11206
358 406 0.33732
358 359 0.36223
359 407 0.28966
359 360 0.032
360 408 -0.8337
360 361 0.08725
361 409 -1.09666
361 362 -0.37263
362 410 0.39028
362 363 0.36676
363 411 -1.09358
363 364 0.93145
364 412 -0.36815
364 365 0.41079
365 413 0.09501
365 366 -0.52785
366 414 -0.01382
366 367 -0.09973
367 415 1.32248
367 368 1.40187
368 416 -1.79278
368 369 0.48638
369 417 -0.51574
369 370 0.18286
370 418 -0.42782
370 371 0.30094
371 419 -1.66368
371 372 -0.7271
372 420 0.45032
372 373 -1.10436
373 421 0.81537
373 374 1.26517
374 422 0.019
374 375 -0.62388
375 423 1.34117
375 376 0.37068
376 424 0.9123
376 377 0.00633
377 425 0.79243
377 378 0.16296
378 426 -0.52862
378 379 1.44043
379 427 -0.14624
379 380 0.49651
380 428 -0.22984
380 381 0.48832
381 429 0.12615
381 382 -0.08734
382 430 0.2587
382 383 -1.65167
383 431 -1.24106
336 383 -0.93508
384 432 0.95058
384 385 0.32428
385 433 -0.02574
385 386 0.15484
386 434 -0.6231
386 387 0.11668
387 435 -0.39041
387 388 2.20922
388 436 -0.5456
388 389 2.42665
389 437 -0.68671
389 390 0.22467
390 438 -0.30563
390 391 -1.19128
391 439 0.9975
391 392 0.22846
392 440 -1.27669
392 393 -0.64806
393 441 -0.91477
393 394 -0.13945
394 442 -0.44103
394 395 1.24699
395 443 1.13658
395 396 1.17091
396 444 -0.17142
396 397 -0.63035
397 445 -0.21507
397 398 -1.54159
398 446 0.19447
398 399 0.10678
399 447 -0.82483
399 400 -0.85874
400 448 -0.64295
400 401 2.12423
401 449 -0.49604
401 402 -1.57525
402 450 -0.71183
402 403 0.07187
403 451 -1.00783
403 404 -0.96562
404 452 -0.73894
404 405 1.00992
405 453 -1.21425
405 406 -1.4977
406 454 0.84268
406 407 0.56134
407 455 -0.09601
407 408 0.11888
408 456 -0.49245
408 409 0.08016
409 457 0.4839
409 410 -1.56284
410 458 0.30933
410 411 -1.33641
411 459 0.67337
411 412 1.37015
412 460 1.30204
412 413 -1.42801
413 461 1.02856
413 414 -1.50464
414 462 0.15981
414 415 1.98506
415 463 1.25148
415 416 0.03295
416 464 0.39628
416 417 -0.52812
417 465 0.41441
417 418 0.79129
418 466 0.50623
418 419 1.58633
419 467 -1.2185
419 420 -0.29073
420 468 0.44326
420 421 -0.42814
421 469 0.36608
421 422 -0.76559
422 470 0.3864
422 423 0.33156
423 471 -0.66365
423 424 2.12087
424 472 -0.05773
424 425 -0.12587
425 473 1.07954
425 426 -0.57047
426 474 -0.18614
426 427 0.64959
427 475 0.56085
427 428 0.34569
428 476 -0.44231
428 429 -0.07774
429 477 0.70716
429 430 -1.25738
430 478 -0.26053
430 431 0.20745
431 479 -0.12597
384 431 -1.44754
432 480 1.07123
432 433 0.37437
433 481 0.60479
433 434 0.63238
434 482 -1.51563
434 435 -1.60437
435 483 -0.22706
435 436 -1.16724
436 484 0.21111
436 437 2.13182
437 485 0.50014
437 438 0.73556
438 486 1.08625
438 439 0.84051
439 487 -0.44042
439 440 -0.87427
440 488 1.74382
440 441 -0.9726
441 489 0.74131
441 442 0.05657
442 490 -2.68014
442 443 -0.85687
443 491 -0.80437
443 444 -0.19713
444 492 0.50991
444 445 -1.06984
445 493 0.49451
445 446 1.1094
446 494 -0.35182
446 447 -1.20869
447 495 -1.18311
447 448 -0.56092
448 496 1.30005
448 449 0.79293
449 497 -1.77857
449 450 -1.3202
450 498 0.46515
450 451 0.22035
451 499 0.79365
451 452 0.04007
452 500 -2.85638
452 453 -1.05308
453 501 -0.40818
453 454 0.18065
454 502 -1.1674
454 455 1.20785
455 503 0.58919
455 456 0.03893
456 504 -0.58124
456 457 -0.02537
457 505 -0.79163
457 458 -0.81389
458 506 0.17967
458 459 0.98198
459 507 0.21285
459 460 -0.97234
460 508 -1.56849
460 461 -0.38199
461 509 0.14026
461 462 -0.87379
462 510 -1.03225
462 463 1.07666
463 511 -0.30381
463 464 1.81595
464 512 -2.08362
464 465 -0.26269
465 513 0.77472
465 466 0.21462
466 514 -1.83504
466 467 0.7911
467 515 0.08817
467 468 -0.0535
468 516 -0.20626
468 469 -0.71437
469 517 -0.72384
469 470 -0.88517
470 518 -0.10606
470 471 0.51025
471 519 -0.28309
471 472 -1.03795
472 520 -0.29743
472 473 -0.21193
473 521 0.38914
473 474 0.33495
474 522 -2.21911
474 475 -1.12475
475 523 -1.02912
475 476 0.98561
476 524 2.56318
476 477 0.20763
477 525 -1.23932
477 478 1.38741
478 526 -0.24674
478 479 -0.40699
479 527 1.8448
432 479 0.32238
480 528 -0.31496
480 481 -1.08011
481 529 -1.29144
481 482 0.56623
482 530 0.22398
482 483 -0.79731
483 531 -1.85717
483 484 0.05767
484 532 1.39327
484 485 -0.32543
485 533 -0.06702
485 486 0.42821
486 534 -0.37747
486 487 0.52199
487 535 -0.92279
487 488 1.19306
488 536 -0.49996
488 489 -0.13337
489 537 1.36408
489 490 -0.13023
490 538 2.12946
490 491 -2.38441
491 539 0.2899
491 492 0.61347
492 540 1.20814
492 493 -0.74516
493 541 0.16269
493 494 -0.40675
494 542 -0.77662
494 495 0.61462
495 543 0.19723
495 496 0.92837
496 544 0.16593
496 497 0.45823
497 545 -0.73105
497 498 -0.18867
498 546 -0.73946
498 499 -0.15061
499 547 0.84365
499 500 1.67166
500 548 1.28538
500 501 -1.1968
501 549 -0.39838
501 502 1.03116
502 550 -0.30219
502 503 0.26257
503 551 -0.4884
503 504 0.55494
504 552 1.19703
504 505 -0.22581
505 553 1.32824
505 506 -1.47527
506 554 -1.11502
506 507 -0.99348
507 555 -1.90692
507 508 -0.03968
508 556 -1.14091
508 509 -0.81585
509 557 -1.27105
509 510 1.79232
510 558 1.76808
510 511 -0.95546
511 559 -0.52532
511 512 0.32053
512 560 -0.8757
512 513 -1.32587
513 561 0.99094
513 514 -0.40521
514 562 -0.96971
514 515 0.79548
515 563 1.37789
515 516 -0.91883
516 564 1.39695
516 517 1.48296
517 565 -0.11515
517 518 0.84173
518 566 -0.06386
518 519 0.85739
519 567 -0.25923
519 520 -0.34912
520 568 1.46985
520 521 -1.04881
521 569 -1.41535
521 522 0.77346
522 570 -0.31472
522 523 0.19517
523 571 -0.42939
523 524 0.19821
524 572 -0.3565
524 525 0.4468
525 573 0.5225
525 526 -0.38271
526 574 0.85939
526 527 -1.10416
527 575 1.21072
480 527 -0.99243
528 576 2.21288
528 529 1.55176
529 577 0.38145
529 530 0.21206
530 578 -0.10045
530 531 0.48834
531 579 -0.50192
531 532 1.87656
532 580 1.23421
532 533 -0.37735
533 581 1.40968
533 534 -0.73006
534 582 -0.76876
534 535 0.02379
535 583 1.57007
535 536 -1.83468
536 584 -0.11338
536 537 0.44574
537 585 -0.89536
537 538 0.65783
538 586 0.401
538 539 -1.13386
539 587 1.77558
539 540 -0.25857
540 588 -1.13736
540 541 0.60474
541 589 0.96348
541 542 1.09992
542 590 1.95614
542 543 -2.47326
543 591 -0.53566
543 544 0.42166
544 592 0.45624
544 545 -0.38612
545 593 0.88822
545 546 -0.74176
546 594 0.53871
546 547 0.49172
547 595 -0.96184
547 548 0.96726
548 596 -1.15185
548 549 -0.25217
549 597 -0.19092
549 550 -0.99439
550 598 -0.0124
550 551 -0.58702
551 599 -1.09851
551 552 0.74635
552 600 1.57113
552 553 -0.35046
553 601 0.27398
553 554 -1.38773
554 602 -1.13552
554 555 1.79368
555 603 -2.37153
555 556 -0.70388
556 604 0.58657
556 557 -0.71926
557 605 1.31807
557 558 -0.81477
558 606 0.71365
558 559 -0.60877
559 607 1.61166
559 560 1.25489
560 608 0.7557
560 561 0.85254
561 609 -0.60692
561 562 -1.16969
562 610 0.81675
562 563 0.82442
563 611 -0.77709
563 564 -1.08314
564 612 0.45732
564 565 -1.41491
565 613 0.98389
565 566 0.12212
566 614 1.16192
566 567 0.16256
567 615 1.34545
567 568 -1.05799
568 616 2.40903
568 569 -0.71251
569 617 -0.99661
569 570 0.50258
570 618 1.80105
570 571 -1.39522
571 619 0.17144
571 572 1.79934
572 620 -0.47687
572 573 0.51093
573 621 0.28268
573 574 0.12419
574 622 -0.7815
574 575 -0.61211
575 623 -0.10305
528 575 1.57779
576 624 -0.15121
576 577 0.65163
577 625 0.7075
577 578 0.39527
578 626 0.57374
578 579 0.06062
579 627 -0.97111
579 580 -1.36189
580 628 1.96167
580 581 0.79595
581 629 -0.01996
581 582 0.07308
582 630 -0.00661
582 583 -0.24298
583 631 -0.50077
583 584 -0.75929
584 632 0.52363
584 585 -0.162
585 633 0.09912
585 586 1.63215
586 634 -0.73359
586 587 -0.27307
587 635 -0.16824
587 588 0.5704
588 636 0.10422
588 589 -1.80974
589 637 0.2452
589 590 -1.62484
590 638 -0.76704
590 591 3.21574
591 639 0.94633
591 592 -0.31047
592 640 0.26929
592 593 0.52954
593 641 -0.30561
593 594 1.56421
594 642 0.4852
594 595 -0.93452
595 643 0.40439
595 596 0.20996
596 644 0.26712
596 597 1.95106
597 645 2.19033
597 598 0.3319
598 646 -1.51857
598 599 0.39455
599 647 1.07345
599 600 -0.50441
600 648 -0.39738
600 601 1.20488
601 649 1.22469
601 602 -0.36555
602 650 -1.43118
602 603 -0.61607
603 651 -1.4427
603 604 1.04613
604 652 -0.3728
604 605 1.10817
605 653 0.8182
605 606 1.06573
606 654 1.54441
606 607 1.08174
607 655 1.47144
607 608 -0.44191
608 656 0.30486
608 609 -0.78989
609 657 2.13341
609 610 -0.455
610 658 0.95971
610 611 -0.46313
611 659 -0.24604
611 612 -1.20469
612 660 -0.35608
612 613 0.90991
613 661 -0.14176
613 614 -0.29224
614 662 0.1059
614 615 -0.30338
615 663 -0.1316
615 616 0.37887
616 664 -0.96983
616 617 0.58491
617 665 -0.43123
617 618 -1.16398
618 666 1.16677
618 619 0.59369
619 667 1.50797
619 620 1.05739
620 668 -0.14556
620 621 -0.23302
621 669 -0.43717
621 622 -0.27406
622 670 1.80777
622 623 0.34778
623 671 1.06876
576 623 1.51724
624 672 -0.96096
624 625 1.09931
625 673 -0.92191
625 626 -0.75194
626 674 -1.11203
626 627 -2.06386
627 675 -1.33439
627 628 0.78926
628 676 1.28013
628 629 1.10732
629 677 0.54401
629 630 -0.74756
630 678 0.49758
630 631 1.08096
631 679 -0.02644
631 632 -0.37963
632 680 0.9023
632 633 0.08699
633 681 -0.86225
633 634 0.36058
634 682 -0.77714
634 635 -1.11269
635 683 1.12597
635 636 -0.72169
636 684 -0.47883
636 637 0.74671
637 685 -0.47921
637 638 -1.70073
638 686 1.6856
638 639 0.44274
639 687 1.39867
639 640 0.10983
640 688 0.48517
640 641 0.9376
641 689 -1.02877
641 642 -0.52535
642 690 -1.30711
642 643 -0.99789
643 691 -1.42249
643 644 0.97375
644 692 -0.22792
644 645 -1.3431
645 693 0.92143
645 646 1.21609
646 694 -1.15151
646 647 -1.03311
647 695 -1.35527
647 648 -0.34128
648 696 0.11447
648 649 1.45287
649 697 0.40203
649 650 1.22002
650 698 -0.19828
650 651 0.44906
651 699 0.4286
651 652 0.96805
652 700 -0.25388
652 653 0.23881
653 701 -0.18815
653 654 0.28626
654 702 -1.6317
654 655 1.06173
655 703 1.2924
655 656 -0.18588
656 704 -0.46694
656 657 -0.56864
657 705 1.1361
657 658 -0.65103
658 706 0.28671
658 659 -0.15455
659 707 -1.9816
659 660 1.24425
660 708 0.71849
660 661 0.51829
661 709 0.91115
661 662 -0.26978
662 710 -0.54232
662 663 -0.77614
663 711 0.20159
663 664 -1.76938
664 712 -0.80872
664 665 -1.22951
665 713 0.65974
665 666 1.43708
666 714 0.28603
666 667 -1.03408
667 715 -0.14157
667 668 0.04151
668 716 -0.14048
668 669 -1.35792
669 717 -0.00262
669 670 -0.32963
670 718 0.43782
670 671 -0.2725
671 719 0.65298
624 671 1.30771
672 720 -0.29711
672 673 1.12874
673 721 0.41145
673 674 2.13903
674 722 0.96942
674 675 0.22549
675 723 -2.10694
675 676 1.36206
676 724 -0.74201
676 677 -0.67061
677 725 -0.24739
677 678 0.36674
678 726 -1.30178
678 679 0.47159
679 727 1.56051
679 680 -0.77582
680 728 -0.50211
680 681 -0.77042
681 729 -0.67319
681 682 1.43378
682 730 0.52327
682 683 0.20717
683 731 1.42786
683 684 1.11652
684 732 -2.2382
684 685 0.17197
685 733 1.05767
685 686 -0.43428
686 734 -0.00062
686 687 0.12342
687 735 1.70308
687 688 -1.76002
688 736 -2.30868
688 689 -0.89179
689 737 -0.68444
689 690 -1.91145
690 738 0.16593
690 691 -0.32066
691 739 -0.40556
691 692 -0.2915
692 740 0.04366
692 693 -0.40965
693 741 0.60807
693 694 -1.36275
694 742 0.22719
694 695 -1.89544
695 743 0.6329
695 696 -0.78273
696 744 -0.57718
696 697 -1.13027
697 745 -0.93776
697 698 -1.86815
698 746 -0.26341
698 699 -0.35805
699 747 1.05207
699 700 -1.56113
700 748 -0.96443
700 701 0.40454
701 749 -1.15752
701 702 -3.43598
702 750 -0.77687
702 703 1.50311
703 751 1.07577
703 704 0.33235
704 752 0.07537
704 705 -0.82138
705 753 -0.15743
705 706 -0.24348
706 754 0.36706
706 707 1.37897
707 755 -1.70672
707 708 -0.0464
708 756 1.29891
708 709 0.29905
709 757 1.48596
709 710 -0.25031
710 758 -1.12372
710 711 -0.00522
711 759 -0.01603
711 712 1.81403
712 760 -0.99214
712 713 0.98328
713 761 -1.38138
713 714 0.15209
714 762 1.27538
714 715 1.37893
715 763 0.89659
715 716 1.2592
716 764 0.60402
716 717 0.81197
717 765 0.18689
717 718 0.10147
718 766 0.83035
718 719 -0.08706
719 767 0.44367
672 719 -1.30167
720 768 -1.42741
720 721 -0.27381
721 769 0.25532
721 722 -1.12912
722 770 -1.02309
722 723 0.83245
723 771 -0.46984
723 724 1.37995
724 772 0.62143
724 725 0.57794
725 773 0.39336
725 726 0.34336
726 774 0.93843
726 727 -0.72394
727 775 0.77021
727 728 0.23416
728 776 -0.16738
728 729 -0.54031
729 777 -0.62126
729 730 1.61962
730 778 -0.42504
730 731 0.88277
731 779 1.81935
731 732 -0.29
732 780 1.45948
732 733 2.32948
733 781 -0.40786
733 734 0.63768
734 782 -0.88729
734 735 -2.21647
735 783 2.40499
735 736 -1.38945
736 784 0.74092
736 737 1.28239
737 785 -0.53721
737 738 -0.46914
738 786 -2.08036
738 739 0.538
739 787 0.51746
739 740 -0.76089
740 788 -0.76944
740 741 -0.01059
741 789 0.68683
741 742 -0.66829
742 790 -0.01193
742 743 -1.07618
743 791 -1.65608
743 744 0.42847
744 792 0.20248
744 745 -1.5342
745 793 2.07171
745 746 0.19848
746 794 -0.84435
746 747 2.04468
747 795 0.18614
747 748 -0.58279
748 796 1.45655
748 749 0.79379
749 797 -0.8703
749 750 0.05947
750 798 -0.68321
750 751 1.38959
751 799 1.33076
751 752 1.16128
752 800 0.92161
752 753 -0.33351
753 801 -1.12188
753 754 -1.80612
754 802 0.05985
754 755 -0.56761
755 803 1.1093
755 756 1.71185
756 804 0.08824
756 757 0.68391
757 805 0.22667
757 758 0.44651
758 806 1.26454
758 759 -0.0081
759 807 2.29614
759 760 0.35177
760 808 -0.24016
760 761 -1.09732
761 809 0.45459
761 762 0.22376
762 810 -0.22359
762 763 0.52059
763 811 -0.53262
763 764 -0.75674
764 812 -0.92711
764 765 -1.32813
765 813 -0.36005
765 766 0.67432
766 814 -1.01655
766 767 -2.10424
767 815 0.34347
720 767 0.35718
768 816 -1.15662
768 769 -0.07658
769 817 -0.67157
769 770 -0.8077
770 818 2.64798
770 771 -0.79457
771 819 -0.35174
771 772 -0.7793
772 820 -1.08377
772 773 0.02656
773 821 -1.87755
773 774 0.46901
774 822 1.61078
774 775 0.75753
775 823 -0.06666
775 776 0.62091
776 824 -0.63871
776 777 -0.0178
777 825 1.3722
777 778 0.23964
778 826 -0.10932
778 779 -0.23226
779 827 0.4644
779 780 -1.57119
780 828 -0.14697
780 781 -0.53519
781 829 1.14161
781 782 0.52695
782 830 -1.16482
782 783 0.36117
783 831 -1.14225
783 784 0.18402
784 832 -0.747
784 785 -1.31874
785 833 1.28633
785 786 0.4485
786 834 -0.03264
786 787 0.29674
787 835 -1.15409
787 788 1.80034
788 836 -0.40725
788 789 0.05408
789 837 -1.22767
789 790 0.25607
790 838 0.4948
790 791 0.66212
791 839 1.2697
791 792 -1.39206
792 840 0.19354
792 793 2.27917
793 841 0.31374
793 794 -0.44835
794 842 -0.69606
794 795 0.76107
795 843 0.28506
795 796 -0.74708
796 844 0.08559
796 797 -1.39299
797 845 -1.3904
797 798 0.84733
798 846 1.33773
798 799 -0.21545
799 847 -0.67153
799 800 -0.5074
800 848 -1.284
800 801 -0.42082
801 849 1.35451
801 802 -0.41091
802 850 -0.27083
802 803 1.57275
803 851 0.72967
803 804 0.95342
804 852 -0.21477
804 805 -0.88497
805 853 -1.5463
805 806 -0.33554
806 854 0.87448
806 807 -0.06756
807 855 -0.90892
807 808 -1.04437
808 856 0.1885
808 809 -1.02609
809 857 -1.89184
809 810 -0.74932
810 858 0.71398
810 811 -0.47582
811 859 0.49324
811 812 -0.07716
812 860 -0.36113
812 813 0.66569
813 861 0.37814
813 814 -1.1061
814 862 0.81824
814 815 0.30587
815 863 1.9339
768 815 0.66045
816 864 -1.27438
816 817 0.87228
817 865 1.22366
817 818 -2.41261
818 866 -1.01262
818 819 -0.09326
819 867 -1.25276
819 820 0.61266
820 868 0.64842
820 821 1.22826
821 869 -0.43562
821 822 -1.09629
822 870 -1.16724
822 823 -0.22461
823 871 -0.09157
823 824 1.50827
824 872 -2.23394
824 825 0.12519
825 873 0.48212
825 826 0.69736
826 874 -0.55418
826 827 0.58945
827 875 0.93715
827 828 1.24316
828 876 1.23948
828 829 0.01555
829 877 0.02251
829 830 -1.34354
830 878 0.26194
830 831 1.74742
831 879 1.34787
831 832 0.30642
832 880 0.5773
832 833 2.01502
833 881 1.70835
833 834 1.56361
834 882 -0.17267
834 835 0.33317
835 883 -1.198
835 836 1.57149
836 884 -0.22292
836 837 0.06287
837 885 0.19734
837 838 1.21245
838 886 2.31162
838 839 -0.99451
839 887 0.15168
839 840 -0.16144
840 888 -0.04399
840 841 0.43659
841 889 0.95265
841 842 -1.18025
842 890 1.10942
842 843 0.0186
843 891 -0.73075
843 844 -0.6248
844 892 1.19762
844 845 -0.24327
845 893 -0.29703
845 846 -0.1317
846 894 -0.03312
846 847 2.54531
847 895 0.33899
847 848 -1.32943
848 896 -0.59422
848 849 -1.589
849 897 1.00504
849 850 -0.55694
850 898 0.55884
850 851 0.46393
851 899 -2.04217
851 852 -0.04173
852 900 -1.17302
852 853 0.42201
853 901 0.22983
853 854 -0.97779
854 902 -0.3118
854 855 -1.6644
855 903 1.21122
855 856 0.35692
856 904 0.40014
856 857 0.91037
857 905 -0.24198
857 858 0.37674
858 906 1.98092
858 859 0.2452
859 907 1.13801
859 860 -0.77249
860 908 -0.15707
860 861 0.13457
861 909 1.24841
861 862 0.80925
862 910 -0.07427
862 863 1.86972
863 911 -0.49797
816 863 -0.43764
864 912 1.06284
864 865 0.85262
865 913 -0.32102
865 866 0.10868
866 914 0.57028
866 867 0.35046
867 915 -1.92489
867 868 0.6293
868 916 -0.98255
868 869 0.25061
869 917 -0.08073
869 870 -2.36687
870 918 0.89008
870 871 0.09601
871 919 -0.85514
871 872 -0.07768
872 920 -0.95934
872 873 0.94686
873 921 -0.4615
873 874 -1.49416
874 922 0.17816
874 875 1.97595
875 923 -1.08014
875 876 -0.56964
876 924 -0.69794
876 877 -2.08998
877 925 0.60436
877 878 -0.39185
878 926 0.10432
878 879 -1.22384
879 927 -0.26622
879 880 -0.96016
880 928 0.92878
880 881 0.75325
881 929 0.80254
881 882 -1.13634
882 930 -0.80513
882 883 -1.71059
883 931 0.36579
883 884 -2.06196
884 932 0.21884
884 885 -0.43078
885 933 -1.58319
885 886 0.0849
886 934 -0.95838
886 887 -2.01222
887 935 0.51471
887 888 -1.64474
888 936 -0.34383
888 889 1.20459
889 937 -1.02094
889 890 1.53199
890 938 -0.11393
890 891 -1.79225
891 939 0.44739
891 892 2.50036
892 940 -1.63017
892 893 0.90341
893 941 -1.80005
893 894 -0.63268
894 942 -0.76627
894 895 -0.35686
895 943 0.39564
895 896 1.47831
896 944 -0.79704
896 897 -0.42118
897 945 -0.24556
897 898 -0.28194
898 946 0.23514
898 899 1.95595
899 947 0.08581
899 900 -0.51089
900 948 0.55887
900 901 0.71573
901 949 1.10448
901 902 1.07047
902 950 0.55974
902 903 1.30829
903 951 1.13639
903 904 1.39695
904 952 -0.40259
904 905 1.05519
905 953 -0.90178
905 906 -0.5918
906 954 -0.32008
906 907 0.12053
907 955 -0.78031
907 908 -0.858
908 956 -1.08579
908 909 -0.63526
909 957 0.94284
909 910 0.98908
910 958 0.73374
910 911 -0.4783
911 959 -0.14509
864 911 0.71945
912 960 -0.49254
912 913 0.6963
913 961 0.17073
913 914 -0.36533
914 962 1.12709
914 915 -0.59949
915 963 0.35804
915 916 -1.12113
916 964 -0.65587
916 917 -1.80439
917 965 0.31612
917 918 -1.42661
918 966 -0.91783
918 919 -0.11619
919 967 1.77451
919 920 -0.19024
920 968 -0.11306
920 921 1.79314
921 969 0.84606
921 922 -1.4481
922 970 -0.63355
922 923 -0.85525
923 971 1.22002
923 924 0.85507
924 972 -2.14032
924 925 -1.32339
925 973 -0.7016
925 926 0.26176
926 974 1.68866
926 927 -0.21071
927 975 -2.69636
927 928 -0.04334
928 976 0.09923
928 929 0.97526
929 977 0.42801
929 930 0.6582
930 978 0.6074
930 931 -0.5325
931 979 -1.23007
931 932 0.08839
932 980 -0.44369
932 933 -0.18161
933 981 -0.74966
933 934 -0.31954
934 982 -0.70859
934 935 -0.09725
935 983 0.6295
935 936 -0.51495
936 984 -1.15971
936 937 0.35098
937 985 0.06337
937 938 -0.86467
938 986 -1.4445
938 939 -0.26178
939 987 -0.41101
939 940 -0.46882
940 988 -0.57346
940 941 -1.66709
941 989 0.0079
941 942 -1.10016
942 990 0.28942
942 943 0.47673
943 991 0.14264
943 944 2.46499
944 992 0.80674
944 945 -1.15056
945 993 2.44474
945 946 -0.86325
946 994 0.01442
946 947 0.28358
947 995 0.51244
947 948 0.04909
948 996 1.92485
948 949 0.4277
949 997 0.57086
949 950 1.76715
950 998 -1.09722
950 951 0.76704
951 999 0.68204
951 952 -0.45409
952 1000 -1.16438
952 953 -0.31771
953 1001 2.78148
953 954 1.63281
954 1002 -0.13269
954 955 -1.3444
955 1003 -1.662
955 956 -0.37352
956 1004 -0.19881
956 957 -0.29505
957 1005 -1.4312
957 958 -1.09741
958 1006 -0.16964
958 959 2.4136
959 1007 1.92976
912 959 0.46134
960 1008 -1.11249
960 961 1.79098
961 1009 -0.53862
961 962 -1.3143
962 1010 2.28863
962 963 -0.13392
963 1011 -1.8068
963 964 -1.30142
964 1012 -0.80234
964 965 0.30572
965 1013 0.49358
965 966 -1.62519
966 1014 -1.97051
966 967 -1.53013
967 1015 2.47493
967 968 -1.38293
968 1016 -0.25874
968 969 -1.61581
969 1017 1.14105
969 970 -1.49577
970 1018 0.0049
970 971 -0.81804
971 1019 2.36015
971 972 -0.5198
972 1020 -1.13709
972 973 2.27595
973 1021 0.7479
973 974 1.55124
974 1022 0.86146
974 975 -1.55522
975 1023 -0.94388
975 976 -0.26886
976 1024 0.41637
976 977 -0.11346
977 1025 -0.45347
977 978 2.17044
978 1026 -0.17355
978 979 0.02664
979 1027 0.96845
979 980 0.0853
980 1028 0.95577
980 981 -1.18482
981 1029 0.34507
981 982 -0.38195
982 1030 -0.06988
982 983 -0.14108
983 1031 1.58838
983 984 1.14583
984 1032 0.9528
984 985 0.44629
985 1033 0.04067
985 986 -0.44518
986 1034 0.54836
986 987 0.13181
987 1035 -1.08027
987 988 -0.53375
988 1036 -1.423
988 989 1.04666
989 1037 -1.34233
989 990 -2.24699
990 1038 -0.72293
990 991 -0.06808
991 1039 0.29598
991 992 -0.86716
992 1040 0.11157
992 993 1.09001
993 1041 -0.00449
993 994 1.03636
994 1042 0.83725
994 995 -0.7502
995 1043 0.39941
995 996 0.61606
996 1044 0.21123
996 997 -0.49506
997 1045 0.63053
997 998 0.45096
998 1046 -0.4813
998 999 -1.02448
999 1047 0.28204
999 1000 0.91574
1000 1048 1.0675
1000 1001 -0.08242
1001 1049 -1.30714
1001 1002 0.88476
1002 1050 -0.80934
1002 1003 0.14595
1003 1051 -0.83102
1003 1004 1.53
1004 1052 -0.50404
1004 1005 0.03839
1005 1053 0.8263
1005 1006 0.37982
1006 1054 0.6079
1006 1007 -0.87925
1007 1055 -0.28733
960 1007 -1.16206
1008 1056 -2.0419
1008 1009 0.91826
1009 1057 -1.34119
1009 1010 0.42539
1010 1058 -1.00533
1010 1011 -0.55863
1011 1059 -1.44012
1011 1012 1.22572
1012 1060 0.94334
1012 1013 -1.1681
1013 1061 -0.34189
1013 1014 0.61125
1014 1062 0.39936
1014 1015 -0.05214
1015 1063 -0.74252
1015 1016 0.45379
1016 1064 -0.42557
1016 1017 -1.12022
1017 1065 0.25932
1017 1018 -0.11597
1018 1066 1.40422
1018 1019 -1.19583
1019 1067 -0.18882
1019 1020 -0.04782
1020 1068 0.09211
1020 1021 -1.69026
1021 1069 -0.23123
1021 1022 -0.55644
1022 1070 -0.40342
1022 1023 0.79121
1023 1071 -0.43166
1023 1024 0.22965
1024 1072 -0.57088
1024 1025 0.76694
1025 1073 -0.10913
1025 1026 0.1694
1026 1074 -0.83624
1026 1027 0.41791
1027 1075 0.29299
1027 1028 -0.13573
1028 1076 -0.45699
1028 1029 0.6837
1029 1077 -0.51843
1029 1030 -0.70332
1030 1078 1.38306
1030 1031 -1.06416
1031 1079 -0.32557
1031 1032 0.50168
1032 1080 0.82835
1032 1033 0.78548
1033 1081 1.80987
1033 1034 1.0418
1034 1082 1.96175
1034 1035 0.67649
1035 1083 0.50584
1035 1036 0.19958
1036 1084 0.01712
1036 1037 1.18176
1037 1085 0.03472
1037 1038 1.1098
1038 1086 -0.71887
1038 1039 1.07641
1039 1087 -0.33753
1039 1040 0.47476
1040 1088 0.0402
1040 1041 -1.23346
1041 1089 -0.16965
1041 1042 0.54181
1042 1090 -0.42857
1042 1043 -0.28522
1043 1091 -0.13073
1043 1044 -0.91471
1044 1092 -0.17987
1044 1045 -0.61822
1045 1093 0.68132
1045 1046 -0.19581
1046 1094 -0.53288
1046 1047 -2.35715
1047 1095 1.97947
1047 1048 -0.22018
1048 1096 0.21945
1048 1049 1.86621
1049 1097 -1.53821
1049 1050 -0.53178
1050 1098 -0.55006
1050 1051 -0.46264
1051 1099 0.30168
1051 1052 -0.48024
1052 1100 0.84699
1052 1053 -0.63705
1053 1101 -0.179
1053 1054 1.62616
1054 1102 -0.29004
1054 1055 0.63894
1055 1103 -1.63194
1008 1055 -0.37087
1056 1104 -1.7237
1056 1057 1.17856
1057 1105 -1.42436
1057 1058 0.3568
1058 1106 -1.73555
1058 1059 -0.94426
1059 1107 -0.752
1059 1060 1.72428
1060 1108 -1.3702
1060 1061 0.22789
1061 1109 -0.66596
1061 1062 0.18913
1062 1110 0.86659
1062 1063 -0.11717
1063 1111 -0.06707
1063 1064 0.37161
1064 1112 -0.08826
1064 1065 -0.89887
1065 1113 0.05068
1065 1066 0.80358
1066 1114 -0.14512
1066 1067 -0.67646
1067 1115 1.22974
1067 1068 0.46783
1068 1116 0.51104
1068 1069 -1.7048
1069 1117 1.77727
1069 1070 -1.27161
1070 1118 -0.51339
1070 1071 1.13008
1071 1119 -0.11846
1071 1072 -0.96452
1072 1120 1.2017
1072 1073 0.50865
1073 1121 -0.93514
1073 1074 0.04154
1074 1122 0.83361
1074 1075 1.07892
1075 1123 1.11788
1075 1076 0.58498
1076 1124 0.95374
1076 1077 0.15626
1077 1125 -0.28366
1077 1078 -1.64436
1078 1126 -0.69258
1078 1079 0.98427
1079 1127 -0.01013
1079 1080 -1.28407
1080 1128 0.74261
1080 1081 -1.20435
1081 1129 2.3628
1081 1082 2.02871
1082 1130 0.31696
1082 1083 -0.8647
1083 1131 1.10658
1083 1084 0.87899
1084 1132 0.94935
1084 1085 0.46644
1085 1133 1.2924
1085 1086 0.43455
1086 1134 -1.48819
1086 1087 -0.85226
1087 1135 -0.16225
1087 1088 0.06569
1088 1136 1.28105
1088 1089 -0.9629
1089 1137 -0.14613
1089 1090 0.98413
1090 1138 0.76952
1090 1091 -0.94249
1091 1139 0.21257
1091 1092 -0.16419
1092 1140 -0.98912
1092 1093 -1.18375
1093 1141 0.28135
1093 1094 -0.68139
1094 1142 -0.33043
1094 1095 -0.91914
1095 1143 -0.24255
1095 1096 -1.07658
1096 1144 0.25576
1096 1097 -0.06063
1097 1145 1.79412
1097 1098 1.32645
1098 1146 -2.59571
1098 1099 -1.59429
1099 1147 -1.45243
1099 1100 -0.97548
1100 1148 -0.66478
1100 1101 0.59357
1101 1149 1.73451
1101 1102 -1.33941
1102 1150 -1.9078
1102 1103 1.34217
1103 1151 0.47602
1056 1103 2.33628
1104 1152 0.81146
1104 1105 2.89892
1105 1153 2.0269
1105 1106 0.46981
1106 1154 1.23837
1106 1107 -0.15981
1107 1155 -0.17824
1107 1108 0.17805
1108 1156 -0.90356
1108 1109 -0.45355
1109 1157 0.06457
1109 1110 0.61979
1110 1158 -0.91324
1110 1111 0.33166
1111 1159 0.83196
1111 1112 0.08222
1112 1160 -0.71227
1112 1113 0.36058
1113 1161 -0.10862
1113 1114 -0.25391
1114 1162 -0.44964
1114 1115 -0.3296
1115 1163 0.96798
1115 1116 -0.57351
1116 1164 -0.03358
1116 1117 0.52474
1117 1165 2.02838
1117 1118 0.9454
1118 1166 1.2803
1118 1119 -0.11523
1119 1167 -1.3882
1119 1120 -0.70656
1120 1168 -0.92485
1120 1121 -0.89938
1121 1169 0.62078
1121 1122 0.57468
1122 1170 -0.08256
1122 1123 0.48409
1123 1171 0.16966
1123 1124 0.81394
1124 1172 0.99386
1124 1125 -2.03612
1125 1173 0.25839
1125 1126 -0.84024
1126 1174 -0.08789
1126 1127 1.72741
1127 1175 -0.06015
1127 1128 0.2743
1128 1176 -0.47191
1128 1129 -1.11773
1129 1177 -1.66408
1129 1130 2.72531
1130 1178 -0.17784
1130 1131 -1.06589
1131 1179 0.91918
1131 1132 -0.16789
1132 1180 1.12274
1132 1133 0.66509
1133 1181 0.28655
1133 1134 0.60303
1134 1182 0.63235
1134 1135 -0.31425
1135 1183 -0.90892
1135 1136 0.99461
1136 1184 1.9537
1136 1137 -0.32258
1137 1185 2.69676
1137 1138 -0.30368
1138 1186 1.291
1138 1139 -0.32432
1139 1187 -0.06301
1139 1140 -0.10805
1140 1188 0.65427
1140 1141 0.05845
1141 1189 2.99067
1141 1142 -0.01121
1142 1190 0.73337
1142 1143 0.76633
1143 1191 1.60095
1143 1144 -0.00883
1144 1192 -0.885
1144 1145 -0.80478
1145 1193 1.0869
1145 1146 1.60469
1146 1194 0.5318
1146 1147 1.11656
1147 1195 0.89099
1147 1148 -1.51706
1148 1196 0.13185
1148 1149 0.87948
1149 1197 -0.27123
1149 1150 0.27809
1150 1198 -0.49572
1150 1151 2.6931
1151 1199 -0.64315
1104 1151 -1.45972
1152 1200 1.08013
1152 1153 1.54166
1153 1201 -0.12569
1153 1154 -1.01039
1154 1202 -0.03391
1154 1155 -0.29681
1155 1203 2.1851
1155 1156 -0.51975
1156 1204 -0.16974
1156 1157 1.02005
1157 1205 0.68504
1157 1158 1.23551
1158 1206 -0.06114
1158 1159 0.64243
1159 1207 -0.67024
1159 1160 0.87437
1160 1208 -0.07707
1160 1161 2.0167
1161 1209 -0.8012
1161 1162 0.64647
1162 1210 -0.68861
1162 1163 -0.05325
1163 1211 0.51517
1163 1164 -0.77508
1164 1212 -1.27486
1164 1165 -1.28187
1165 1213 -1.64532
1165 1166 0.13184
1166 1214 2.1914
1166 1167 1.03969
1167 1215 -1.12063
1167 1168 -0.50771
1168 1216 0.8061
1168 1169 0.54958
1169 1217 1.53763
1169 1170 0.5893
1170 1218 -1.48547
1170 1171 -0.22235
1171 1219 -2.00367
1171 1172 0.3019
1172 1220 1.58381
1172 1173 -0.02464
1173 1221 1.15467
1173 1174 0.67279
1174 1222 1.52838
1174 1175 0.04839
1175 1223 0.20672
1175 1176 0.07078
1176 1224 0.45807
1176 1177 -1.09876
1177 1225 -1.3799
1177 1178 1.22455
1178 1226 1.21331
1178 1179 -0.89326
1179 1227 0.04403
1179 1180 -0.03269
1180 1228 1.3077
1180 1181 0.09908
1181 1229 -0.23665
1181 1182 1.71925
1182 1230 0.06962
1182 1183 1.13589
1183 1231 -1.38173
1183 1184 0.39637
1184 1232 -0.72427
1184 1185 -0.0743
1185 1233 -1.41442
1185 1186 -0.26808
1186 1234 -0.44836
1186 1187 -0.34591
1187 1235 1.40209
1187 1188 0.54111
1188 1236 -1.12709
1188 1189 0.06039
1189 1237 -1.47162
1189 1190 -1.25921
1190 1238 -1.37774
1190 1191 -0.30861
1191 1239 0.50186
1191 1192 0.79389
1192 1240 0.96353
1192 1193 1.07662
1193 1241 -0.29517
1193 1194 -0.12896
1194 1242 -2.05259
1194 1195 -0.40367
1195 1243 -0.70778
1195 1196 -0.24369
1196 1244 -0.06514
1196 1197 0.50946
1197 1245 -0.45489
1197 1198 0.48894
1198 1246 0.8801
1198 1199 -0.24989
1199 1247 -0.95138
1152 1199 -0.40826
1200 1248 0.23795
1200 1201 0.39793
1201 1249 -0.80988
1201 1202 1.10373
1202 1250 -2.36637
1202 1203 0.62644
1203 1251 0.80754
1203 1204 0.34973
1204 1252 1.28308
1204 1205 0.63238
1205 1253 0.51305
1205 1206 -0.26409
1206 1254 0.74944
1206 1207 0.85294
1207 1255 -0.24143
1207 1208 0.40459
1208 1256 -1.71854
1208 1209 0.33343
1209 1257 0.61786
1209 1210 -0.0883
1210 1258 -0.82395
1210 1211 0.37737
1211 1259 -0.02277
1211 1212 -1.02
1212 1260 -0.05282
1212 1213 0.5299
1213 1261 0.4288
1213 1214 1.14733
1214 1262 -0.04099
1214 1215 0.42254
1215 1263 0.96718
1215 1216 1.00416
1216 1264 -1.08158
1216 1217 0.54854
1217 1265 0.65073
1217 1218 0.3886
1218 1266 -0.46373
1218 1219 0.48365
1219 1267 -0.60587
1219 1220 -1.10336
1220 1268 -0.73037
1220 1221 -0.98184
1221 1269 0.1661
1221 1222 0.34466
1222 1270 -0.48753
1222 1223 0.2848
1223 1271 1.42004
1223 1224 -2.09795
1224 1272 0.37749
1224 1225 -1.99515
1225 1273 -1.86911
1225 1226 -0.83915
1226 1274 0.57883
1226 1227 0.41734
1227 1275 0.05682
1227 1228 -1.56155
1228 1276 0.79228
1228 1229 -1.05694
1229 1277 1.29075
1229 1230 0.33619
1230 1278 -0.76574
1230 1231 1.74422
1231 1279 1.67477
1231 1232 -1.91281
1232 1280 1.18889
1232 1233 0.29814
1233 1281 0.06009
1233 1234 0.9521
1234 1282 -0.21606
1234 1235 -0.99491
1235 1283 -0.45922
1235 1236 -0.34828
1236 1284 0.14814
1236 1237 -1.36592
1237 1285 -1.74447
1237 1238 -1.38854
1238 1286 -0.44322
1238 1239 -0.27902
1239 1287 0.45719
1239 1240 -0.07591
1240 1288 -0.73078
1240 1241 0.87846
1241 1289 0.14759
1241 1242 0.40538
1242 1290 -0.34385
1242 1243 1.02419
1243 1291 0.69377
1243 1244 0.48072
1244 1292 -1.75553
1244 1245 -0.39759
1245 1293 1.38313
1245 1246 -0.00529
1246 1294 2.22231
1246 1247 -1.24182
1247 1295 1.57828
1200 1247 0.74678
1248 1296 -1.24962
1248 1249 0.17755
1249 1297 -1.18679
1249 1250 0.61359
1250 1298 -0.61077
1250 1251 0.74842
1251 1299 0.37277
1251 1252 -1.17453
1252 1300 0.10147
1252 1253 1.41186
1253 1301 -0.25786
1253 1254 -1.18955
1254 1302 0.26337
1254 1255 0.7668
1255 1303 0.11193
1255 1256 -1.10904
1256 1304 -0.33736
1256 1257 0.4639
1257 1305 -0.06843
1257 1258 -1.34552
1258 1306 -1.11339
1258 1259 0.45472
1259 1307 -0.42408
1259 1260 0.17841
1260 1308 0.59013
1260 1261 0.88722
1261 1309 2.18949
1261 1262 -2.56153
1262 1310 -1.73408
1262 1263 -2.78397
1263 1311 -0.12506
1263 1264 -1.22579
1264 1312 -0.09799
1264 1265 0.31086
1265 1313 0.91274
1265 1266 0.47642
1266 1314 -1.35738
1266 1267 -1.02621
1267 1315 1.61617
1267 1268 0.50892
1268 1316 1.91559
1268 1269 1.14998
1269 1317 0.18036
1269 1270 -0.15841
1270 1318 0.68087
1270 1271 1.77073
1271 1319 1.23588
1271 1272 -0.30894
1272 1320 -0.26763
1272 1273 0.9733
1273 1321 1.21041
1273 1274 -0.6319
1274 1322 -0.60805
1274 1275 0.36312
1275 1323 -1.25947
1275 1276 -1.05011
1276 1324 0.5807
1276 1277 -0.68237
1277 1325 -1.09102
1277 1278 -1.39351
1278 1326 0.11122
1278 1279 -0.033
1279 1327 0.16831
1279 1280 -0.70751
1280 1328 1.56871
1280 1281 2.20627
1281 1329 -0.72688
1281 1282 0.31272
1282 1330 -0.15888
1282 1283 -0.33452
1283 1331 -0.48831
1283 1284 1.1545
1284 1332 -1.07509
1284 1285 0.08054
1285 1333 0.48916
1285 1286 -1.39091
1286 1334 0.27995
1286 1287 -0.36824
1287 1335 0.88151
1287 1288 -1.72226
1288 1336 0.5443
1288 1289 0.55331
1289 1337 -0.23625
1289 1290 -0.18835
1290 1338 -1.14755
1290 1291 -1.74115
1291 1339 2.38802
1291 1292 0.35869
1292 1340 1.58361
1292 1293 -1.29221
1293 1341 -0.65985
1293 1294 0.00957
1294 1342 -0.34707
1294 1295 -0.15196
1295 1343 -1.25545
1248 1295 -0.52428
1296 1344 0.8979
1296 1297 0.17129
1297 1345 -1.12326
1297 1298 -0.55521
1298 1346 -0.76248
1298 1299 0.33894
1299 1347 -1.12682
1299 1300 0.56168
1300 1348 -1.43193
1300 1301 -1.2077
1301 1349 0.04504
1301 1302 0.02053
1302 1350 -0.20256
1302 1303 -0.03102
1303 1351 -0.18221
1303 1304 -1.98228
1304 1352 -1.68735
1304 1305 -0.02554
1305 1353 -0.52848
1305 1306 1.69843
1306 1354 -0.80416
1306 1307 -1.10539
1307 1355 1.60934
1307 1308 -0.5283
1308 1356 0.574
1308 1309 -1.94846
1309 1357 -0.27678
1309 1310 0.05013
1310 1358 0.77165
1310 1311 -0.26309
1311 1359 0.53301
1311 1312 -1.34264
1312 1360 -1.38615
1312 1313 -1.39446
1313 1361 0.13925
1313 1314 0.08472
1314 1362 -0.76221
1314 1315 -1.62933
1315 1363 -1.3584
1315 1316 0.37781
1316 1364 -0.97326
1316 1317 0.58749
1317 1365 1.37909
1317 1318 2.29157
1318 1366 1.47088
1318 1319 0.0727
1319 1367 0.76551
1319 1320 -0.81147
1320 1368 -0.96365
1320 1321 -0.4499
1321 1369 1.85259
1321 1322 -0.19377
1322 1370 -1.51234
1322 1323 1.78519
1323 1371 -0.20526
1323 1324 0.08377
1324 1372 0.33006
1324 1325 1.6076
1325 1373 0.79725
1325 1326 0.78062
1326 1374 -1.98374
1326 1327 -0.04308
1327 1375 -0.61583
1327 1328 -0.56464
1328 1376 -0.87385
1328 1329 0.13651
1329 1377 -0.75496
1329 1330 0.34218
1330 1378 0.89934
1330 1331 0.90465
1331 1379 -0.43597
1331 1332 -0.89565
1332 1380 -0.5948
1332 1333 -1.19135
1333 1381 -0.83712
1333 1334 -0.39929
1334 1382 -0.99701
1334 1335 -0.09928
1335 1383 0.36725
1335 1336 -0.48581
1336 1384 -1.27539
1336 1337 0.77494
1337 1385 -0.50657
1337 1338 -0.00229
1338 1386 -0.2324
1338 1339 -1.25598
1339 1387 -2.15185
1339 1340 0.80909
1340 1388 0.31457
1340 1341 0.42977
1341 1389 -0.148
1341 1342 0.12334
1342 1390 0.26549
1342 1343 -2.61366
1343 1391 1.28267
1296 1343 1.1239
1344 1392 -1.51516
1344 1345 0.43785
1345 1393 0.12744
1345 1346 -1.04273
1346 1394 -0.22478
1346 1347 -0.15465
1347 1395 -0.41329
1347 1348 1.45727
1348 1396 -0.06035
1348 1349 0.81212
1349 1397 1.03982
1349 1350 -1.61719
1350 1398 -1.9497
1350 1351 1.55829
1351 1399 2.06204
1351 1352 -1.40044
1352 1400 -0.29928
1352 1353 0.71689
1353 1401 0.20101
1353 1354 -1.25986
1354 1402 -0.00091
1354 1355 -1.13603
1355 1403 -0.7157
1355 1356 -2.00556
1356 1404 -1.38325
1356 1357 2.66816
1357 1405 -0.36888
1357 1358 -1.99774
1358 1406 -1.17729
1358 1359 -0.1175
1359 1407 -0.0053
1359 1360 -1.95593
1360 1408 0.97829
1360 1361 0.84188
1361 1409 -1.09991
1361 1362 -1.74087
1362 1410 0.69519
1362 1363 -0.20628
1363 1411 0.00748
1363 1364 -0.45398
1364 1412 -3.42664
1364 1365 0.70912
1365 1413 -1.32205
1365 1366 0.75652
1366 1414 0.87083
1366 1367 -0.54558
1367 1415 0.97933
1367 1368 -0.4056
1368 1416 0.20878
1368 1369 -0.05001
1369 1417 -0.84658
1369 1370 0.79347
1370 1418 -0.6112
1370 1371 -0.67923
1371 1419 1.86516
1371 1372 0.50804
1372 1420 0.67877
1372 1373 0.6138
1373 1421 -0.72719
1373 1374 1.22803
1374 1422 0.53673
1374 1375 0.06554
1375 1423 1.84261
1375 1376 1.51348
1376 1424 -1.37681
1376 1377 -0.01166
1377 1425 -2.12085
1377 1378 1.48186
1378 1426 -0.451
1378 1379 2.45979
1379 1427 0.55996
1379 1380 1.57545
1380 1428 1.09258
1380 1381 -0.78384
1381 1429 0.0213
1381 1382 0.48535
1382 1430 -0.05589
1382 1383 -0.22543
1383 1431 -0.70567
1383 1384 2.57801
1384 1432 0.31453
1384 1385 2.57681
1385 1433 -1.07063
1385 1386 -0.51188
1386 1434 -0.48342
1386 1387 -0.2579
1387 1435 -0.20749
1387 1388 -0.25156
1388 1436 1.20176
1388 1389 2.13751
1389 1437 0.86726
1389 1390 -0.79061
1390 1438 0.23904
1390 1391 -0.57896
1391 1439 -0.55679
1344 1391 -0.46182
1392 1440 0.49473
1392 1393 -1.02256
1393 1441 0.39597
1393 1394 0.08076
1394 1442 0.12811
1394 1395 -0.60047
1395 1443 0.19595
1395 1396 0.75455
1396 1444 -1.89196
1396 1397 1.02029
1397 1445 1.26337
1397 1398 -0.24539
1398 1446 1.1682
1398 1399 0.45867
1399 1447 -0.79735
1399 1400 -0.10273
1400 1448 -0.41392
1400 1401 -0.72009
1401 1449 0.90483
1401 1402 1.3834
1402 1450 -2.18386
1402 1403 0.77692
1403 1451 1.17669
1403 1404 1.15332
1404 1452 0.81829
1404 1405 -1.21437
1405 1453 0.31682
1405 1406 -1.03762
1406 1454 0.5326
1406 1407 0.20528
1407 1455 0.5095
1407 1408 0.21243
1408 1456 -2.15321
1408 1409 -0.21293
1409 1457 1.88055
1409 1410 1.42896
1410 1458 -0.74168
1410 1411 -0.92949
1411 1459 0.09472
1411 1412 0.20896
1412 1460 0.99547
1412 1413 1.2574
1413 1461 0.96299
1413 1414 -0.20366
1414 1462 0.14054
1414 1415 -1.48084
1415 1463 -0.79789
1415 1416 -0.88077
1416 1464 -0.25428
1416 1417 0.77414
1417 1465 -1.72656
1417 1418 -2.19148
1418 1466 -0.45071
1418 1419 -0.00216
1419 1467 2.34426
1419 1420 -1.66777
1420 1468 -1.00741
1420 1421 -1.35215
1421 1469 -0.65665
1421 1422 1.45288
1422 1470 1.15173
1422 1423 0.27988
1423 1471 0.46859
1423 1424 -1.74573
1424 1472 1.32296
1424 1425 -0.00896
1425 1473 1.44086
1425 1426 -0.79497
1426 1474 -0.13664
1426 1427 0.11151
1427 1475 0.2078
1427 1428 -0.19087
1428 1476 0.00717
1428 1429 -0.56186
1429 1477 -0.48362
1429 1430 0.19089
1430 1478 -1.31093
1430 1431 0.50746
1431 1479 -0.64574
1431 1432 1.09157
1432 1480 -1.87582
1432 1433 0.60173
1433 1481 -0.74609
1433 1434 -0.49386
1434 1482 -0.70432
1434 1435 -1.40922
1435 1483 0.35753
1435 1436 1.30596
1436 1484 0.65981
1436 1437 0.84181
1437 1485 -1.91938
1437 1438 -0.72048
1438 1486 0.43418
1438 1439 -0.11726
1439 1487 -2.18778
1392 1439 0.09444
1440 1488 0.15851
1440 1441 -0.38696
1441 1489 0.67894
1441 1442 0.75099
1442 1490 1.54115
1442 1443 -0.47697
1443 1491 0.40492
1443 1444 -1.51305
1444 1492 1.25828
1444 1445 0.25034
1445 1493 1.84052
1445 1446 1.47873
1446 1494 0.56487
1446 1447 -0.43952
1447 1495 -1.21045
1447 1448 0.92181
1448 1496 0.22403
1448 1449 0.39169
1449 1497 -1.28967
1449 1450 -0.4578
1450 1498 -0.50167
1450 1451 1.13179
1451 1499 2.07569
1451 1452 2.14485
1452 1500 -1.15554
1452 1453 -0.85898
1453 1501 1.06112
1453 1454 0.009
1454 1502 1.35016
1454 1455 1.33087
1455 1503 0.04014
1455 1456 0.36574
1456 1504 -0.52528
1456 1457 -1.83345
1457 1505 0.36741
1457 1458 -0.17445
1458 1506 -1.00878
1458 1459 0.98213
1459 1507 -0.42143
1459 1460 -1.87362
1460 1508 0.09973
1460 1461 -0.63767
1461 1509 -0.56932
1461 1462 -0.32861
1462 1510 -1.21365
1462 1463 -0.12478
1463 1511 -0.16897
1463 1464 0.24835
1464 1512 -1.36391
1464 1465 -1.78969
1465 1513 -0.55696
1465 1466 0.01831
1466 1514 -0.90288
1466 1467 0.16338
1467 1515 -0.66782
1467 1468 -0.35618
1468 1516 -0.13142
1468 1469 0.32741
1469 1517 -0.08585
1469 1470 0.70408
1470 1518 -0.1533
1470 1471 -0.94999
1471 1519 -0.03187
1471 1472 2.24575
1472 1520 0.29734
1472 1473 0.25054
1473 1521 2.06886
1473 1474 -1.7268
1474 1522 -0.52499
1474 1475 -0.09195
1475 1523 0.15259
1475 1476 -0.25271
1476 1524 -1.28899
1476 1477 0.5753
1477 1525 0.37761
1477 1478 0.44185
1478 1526 -1.8792
1478 1479 -1.33508
1479 1527 -1.88781
1479 1480 0.61208
1480 1528 -0.05122
1480 1481 -0.26014
1481 1529 0.2591
1481 1482 0.4255
1482 1530 -0.80727
1482 1483 0.10033
1483 1531 -2.08322
1483 1484 -0.79339
1484 1532 0.35712
1484 1485 -0.60112
1485 1533 -1.69875
1485 1486 -1.62637
1486 1534 0.21184
1486 1487 0.39399
1487 1535 -0.41396
1440 1487 0.9973
1488 1536 -2.69771
1488 1489 0.26782
1489 1537 -0.77585
1489 1490 -0.28224
1490 1538 -1.19425
1490 1491 0.2008
1491 1539 -0.21295
1491 1492 -1.77525
1492 1540 0.0846
1492 1493 -0.83428
1493 1541 0.59301
1493 1494 0.28426
1494 1542 -0.5087
1494 1495 0.58766
1495 1543 0.21402
1495 1496 1.73585
1496 1544 0.11169
1496 1497 0.07637
1497 1545 -0.47259
1497 1498 -1.2216
1498 1546 0.02456
1498 1499 1.02642
1499 1547 -0.70514
1499 1500 0.82434
1500 1548 0.19627
1500 1501 1.49531
1501 1549 -0.15145
1501 1502 1.37936
1502 1550 -0.89581
1502 1503 0.88982
1503 1551 -1.13541
1503 1504 -0.1596
1504 1552 -0.17479
1504 1505 -0.34332
1505 1553 0.40846
1505 1506 -0.45367
1506 1554 0.70667
1506 1507 0.52065
1507 1555 -0.20408
1507 1508 -0.60582
1508 1556 -1.03165
1508 1509 0.18622
1509 1557 -0.18016
1509 1510 1.06699
1510 1558 0.62989
1510 1511 -0.41405
1511 1559 -1.40479
1511 1512 -0.30814
1512 1560 -0.78855
1512 1513 0.35241
1513 1561 -1.00042
1513 1514 1.33243
1514 1562 0.85935
1514 1515 -0.94289
1515 1563 -0.57683
1515 1516 1.21281
1516 1564 0.09662
1516 1517 0.41829
1517 1565 1.35732
1517 1518 0.85759
1518 1566 1.29937
1518 1519 -0.75354
1519 1567 1.22824
1519 1520 1.825
1520 1568 -0.31481
1520 1521 -0.16175
1521 1569 0.35902
1521 1522 0.02404
1522 1570 1.06234
1522 1523 -0.50713
1523 1571 -1.25167
1523 1524 -1.40107
1524 1572 0.88338
1524 1525 -0.17244
1525 1573 -0.93602
1525 1526 -0.21204
1526 1574 0.51449
1526 1527 -0.90548
1527 1575 -0.63983
1527 1528 0.20105
1528 1576 -0.68726
1528 1529 0.2115
1529 1577 -0.24694
1529 1530 0.92127
1530 1578 -0.85262
1530 1531 0.14313
1531 1579 1.11495
1531 1532 0.95241
1532 1580 1.71188
1532 1533 -1.93777
1533 1581 1.18077
1533 1534 -1.23887
1534 1582 0.73168
1534 1535 1.39495
1535 1583 -0.55367
1488 1535 0.33996
1536 1584 0.1884
1536 1537 -1.98417
1537 1585 1.13544
1537 1538 -0.01943
1538 1586 1.25531
1538 1539 -0.01074
1539 1587 1.50279
1539 1540 -1.19495
1540 1588 -0.5123
1540 1541 -0.86864
1541 1589 -1.76546
1541 1542 -1.41676
1542 1590 -0.54402
1542 1543 0.00388
1543 1591 0.7357
1543 1544 -1.28152
1544 1592 1.79663
1544 1545 0.42841
1545 1593 -1.99565
1545 1546 -1.40184
1546 1594 -1.41696
1546 1547 2.04186
1547 1595 1.64252
1547 1548 -0.77853
1548 1596 0.24319
1548 1549 -0.73806
1549 1597 -0.94012
1549 1550 1.03907
1550 1598 -0.68213
1550 1551 0.44411
1551 1599 0.6758
1551 1552 0.16662
1552 1600 -0.26893
1552 1553 -1.29421
1553 1601 -0.37653
1553 1554 1.53924
1554 1602 0.36472
1554 1555 -0.10739
1555 1603 -0.41466
1555 1556 0.16795
1556 1604 -0.51705
1556 1557 0.53868
1557 1605 0.97613
1557 1558 -0.43181
1558 1606 -0.38158
1558 1559 -2.60026
1559 1607 -0.28574
1559 1560 -0.7596
1560 1608 -0.52173
1560 1561 0.89688
1561 1609 -0.2358
1561 1562 0.55405
1562 1610 0.48253
1562 1563 0.46926
1563 1611 1.78211
1563 1564 -1.55818
1564 1612 -0.78204
1564 1565 0.95233
1565 1613 1.47234
1565 1566 0.59093
1566 1614 -1.64199
1566 1567 -0.87473
1567 1615 0.90934
1567 1568 -1.81139
1568 1616 0.67046
1568 1569 0.31562
1569 1617 -0.17786
1569 1570 1.88601
1570 1618 0.86041
1570 1571 -0.6304
1571 1619 1.0989
1571 1572 -0.9299
1572 1620 -1.18192
1572 1573 1.63585
1573 1621 -0.28906
1573 1574 -1.46826
1574 1622 1.2905
1574 1575 -2.33497
1575 1623 2.08563
1575 1576 0.23837
1576 1624 1.80276
1576 1577 -0.22928
1577 1625 -0.36028
1577 1578 -0.88822
1578 1626 -0.75618
1578 1579 -0.61813
1579 1627 0.82998
1579 1580 -0.27229
1580 1628 0.54768
1580 1581 -0.68741
1581 1629 -0.45322
1581 1582 0.2144
1582 1630 -0.5262
1582 1583 -1.41129
1583 1631 1.0608
1536 1583 0.63666
1584 1632 -1.94837
1584 1585 -0.4463
1585 1633 1.5658
1585 1586 1.02031
1586 1634 1.37284
1586 1587 -0.44749
1587 1635 0.69695
1587 1588 1.29783
1588 1636 0.78547
1588 1589 1.78868
1589 1637 -1.83758
1589 1590 -1.65774
1590 1638 -0.55628
1590 1591 -3.10736
1591 1639 -0.01998
1591 1592 1.25891
1592 1640 -0.2796
1592 1593 1.72461
1593 1641 -2.33607
1593 1594 0.71406
1594 1642 -0.51868
1594 1595 -1.8748
1595 1643 -2.18495
1595 1596 0.70015
1596 1644 1.18825
1596 1597 0.57399
1597 1645 0.99114
1597 1598 0.02609
1598 1646 1.73931
1598 1599 0.05297
1599 1647 0.64203
1599 1600 0.28451
1600 1648 -0.67978
1600 1601 -1.11526
1601 1649 -0.30132
1601 1602 0.87146
1602 1650 -0.95691
1602 1603 -1.22169
1603 1651 -0.6016
1603 1604 -0.50036
1604 1652 0.17325
1604 1605 0.09456
1605 1653 -0.44634
1605 1606 1.1669
1606 1654 -0.13662
1606 1607 -1.74402
1607 1655 0.32452
1607 1608 0.96477
1608 1656 0.43003
1608 1609 -0.23037
1609 1657 -0.06623
1609 1610 -1.69724
1610 1658 0.19804
1610 1611 -0.01295
1611 1659 0.09395
1611 1612 0.40211
1612 1660 -0.1714
1612 1613 -0.3495
1613 1661 0.78547
1613 1614 0.32931
1614 1662 1.04298
1614 1615 0.58055
1615 1663 -0.42765
1615 1616 -0.61841
1616 1664 1.7173
1616 1617 1.80009
1617 1665 -0.50538
1617 1618 0.89467
1618 1666 -0.27255
1618 1619 0.25054
1619 1667 -0.24278
1619 1620 0.11072
1620 1668 -0.40549
1620 1621 1.38606
1621 1669 -0.49435
1621 1622 1.15655
1622 1670 1.35029
1622 1623 -0.32745
1623 1671 0.14706
1623 1624 1.48831
1624 1672 0.03422
1624 1625 2.0678
1625 1673 0.5665
1625 1626 0.50981
1626 1674 -1.09958
1626 1627 0.34978
1627 1675 0.32023
1627 1628 -0.67371
1628 1676 -0.29698
1628 1629 -1.24508
1629 1677 0.5779
1629 1630 0.06145
1630 1678 -1.9688
1630 1631 -0.19518
1631 1679 -0.1512
1584 1631 -2.13313
1632 1680 -0.6369
1632 1633 0.07863
1633 1681 -1.27881
1633 1634 0.42693
1634 1682 -0.19982
1634 1635 0.66102
1635 1683 -0.32949
1635 1636 0.30377
1636 1684 -0.2653
1636 1637 0.55316
1637 1685 -0.19558
1637 1638 0.23619
1638 1686 3.22369
1638 1639 -2.28049
1639 1687 1.35885
1639 1640 0.51441
1640 1688 -1.81131
1640 1641 -0.29837
1641 1689 -0.05558
1641 1642 -0.04393
1642 1690 -0.54565
1642 1643 0.4036
1643 1691 -0.26057
1643 1644 0.1141
1644 1692 0.53913
1644 1645 1.34066
1645 1693 -0.50491
1645 1646 0.49731
1646 1694 0.6076
1646 1647 1.35822
1647 1695 0.40499
1647 1648 0.74316
1648 1696 -0.4628
1648 1649 -0.10595
1649 1697 0.06396
1649 1650 0.4143
1650 1698 -0.82604
1650 1651 -0.09363
1651 1699 -1.80865
1651 1652 -0.21632
1652 1700 1.93196
1652 1653 -1.79227
1653 1701 0.2126
1653 1654 -0.78024
1654 1702 -1.00909
1654 1655 0.03423
1655 1703 -0.0256
1655 1656 0.29873
1656 1704 -0.84427
1656 1657 1.44171
1657 1705 -0.65899
1657 1658 0.93327
1658 1706 -0.72084
1658 1659 1.33855
1659 1707 2.51274
1659 1660 -1.02862
1660 1708 0.03663
1660 1661 0.09872
1661 1709 1.09766
1661 1662 -2.27486
1662 1710 1.53632
1662 1663 -0.10152
1663 1711 -0.47655
1663 1664 0.28688
1664 1712 0.38507
1664 1665 -0.30928
1665 1713 1.52131
1665 1666 0.98653
1666 1714 0.51958
1666 1667 -1.81371
1667 1715 0.21986
1667 1668 1.47845
1668 1716 -0.27907
1668 1669 0.00993
1669 1717 -1.1511
1669 1670 -0.62728
1670 1718 1.03493
1670 1671 0.06229
1671 1719 -0.02406
1671 1672 -0.01642
1672 1720 1.28633
1672 1673 1.16723
1673 1721 0.31809
1673 1674 -1.84734
1674 1722 0.49849
1674 1675 -1.26792
1675 1723 -0.6101
1675 1676 0.2021
1676 1724 -0.40497
1676 1677 0.03338
1677 1725 1.83837
1677 1678 0.87238
1678 1726 -0.74972
1678 1679 0.61514
1679 1727 0.46439
1632 1679 0.29634
1680 1728 -0.07151
1680 1681 -0.08306
1681 1729 1.2666
1681 1682 -0.22057
1682 1730 0.47631
1682 1683 -0.38411
1683 1731 0.59574
1683 1684 -0.72254
1684 1732 -0.18104
1684 1685 -1.0263
1685 1733 -0.4571
1685 1686 0.82987
1686 1734 -0.0893
1686 1687 -0.69648
1687 1735 0.62702
1687 1688 -0.36726
1688 1736 -0.7586
1688 1689 -0.09008
1689 1737 0.14426
1689 1690 -0.75454
1690 1738 -0.93956
1690 1691 -0.19989
1691 1739 -0.51048
1691 1692 -0.71153
1692 1740 -0.47659
1692 1693 0.41223
1693 1741 0.94498
1693 1694 -0.41777
1694 1742 -0.65749
1694 1695 -2.17508
1695 1743 0.77674
1695 1696 -2.88354
1696 1744 -0.09299
1696 1697 0.44859
1697 1745 -0.02139
1697 1698 0.87514
1698 1746 -1.33503
1698 1699 -0.80031
1699 1747 0.69172
1699 1700 1.13967
1700 1748 -0.26866
1700 1701 2.266
1701 1749 -0.32649
1701 1702 -0.47098
1702 1750 -0.0824
1702 1703 -1.37803
1703 1751 2.04171
1703 1704 0.01886
1704 1752 -0.09628
1704 1705 0.07614
1705 1753 -1.82432
1705 1706 -0.07525
1706 1754 -1.81304
1706 1707 0.16808
1707 1755 -1.01376
1707 1708 -0.92751
1708 1756 1.11939
1708 1709 -0.28782
1709 1757 2.16946
1709 1710 -0.03332
1710 1758 -2.22943
1710 1711 0.95592
1711 1759 -3.10312
1711 1712 -0.46636
1712 1760 -0.9631
1712 1713 -0.65792
1713 1761 -0.16663
1713 1714 -0.58399
1714 1762 -0.56572
1714 1715 0.15258
1715 1763 -0.75929
1715 1716 -0.69214
1716 1764 0.51607
1716 1717 -1.18278
1717 1765 0.70905
1717 1718 -0.06589
1718 1766 -0.41213
1718 1719 0.0159
1719 1767 1.19645
1719 1720 -1.33658
1720 1768 1.32046
1720 1721 0.7022
1721 1769 -0.40521
1721 1722 1.3859
1722 1770 0.09509
1722 1723 -0.89516
1723 1771 -0.90378
1723 1724 -0.77861
1724 1772 -0.73949
1724 1725 -1.0346
1725 1773 0.32588
1725 1726 0.46336
1726 1774 -0.40903
1726 1727 -1.31046
1727 1775 0.34773
1680 1727 1.81778
1728 1776 -1.69586
1728 1729 -0.1426
1729 1777 -2.51859
1729 1730 0.01551
1730 1778 1.47837
1730 1731 1.8917
1731 1779 -1.53386
1731 1732 -1.70758
1732 1780 -1.02361
1732 1733 -1.10083
1733 1781 1.14062
1733 1734 -1.1786
1734 1782 -1.27061
1734 1735 0.36877
1735 1783 0.69504
1735 1736 2.30908
1736 1784 -1.46157
1736 1737 0.63179
1737 1785 -1.04245
1737 1738 -0.17443
1738 1786 1.56596
1738 1739 -0.37561
1739 1787 1.37916
1739 1740 0.45224
1740 1788 -0.20422
1740 1741 0.04482
1741 1789 -0.38351
1741 1742 -0.8386
1742 1790 -0.64305
1742 1743 0.08522
1743 1791 -0.05996
1743 1744 -0.20327
1744 1792 -0.47213
1744 1745 0.62747
1745 1793 -1.10184
1745 1746 -0.3925
1746 1794 0.41216
1746 1747 -1.48776
1747 1795 -0.86184
1747 1748 0.27295
1748 1796 1.16745
1748 1749 -1.18192
1749 1797 0.89491
1749 1750 -1.48065
1750 1798 -0.60558
1750 1751 -0.16118
1751 1799 0.23919
1751 1752 -2.43597
1752 1800 -0.4989
1752 1753 1.05656
1753 1801 -0.41423
1753 1754 0.05653
1754 1802 0.31628
1754 1755 -0.44133
1755 1803 -0.86363
1755 1756 0.27277
1756 1804 -0.53374
1756 1757 -1.46337
1757 1805 -1.23041
1757 1758 -0.29927
1758 1806 1.23887
1758 1759 0.12994
1759 1807 0.53775
1759 1760 0.02694
1760 1808 -0.33127
1760 1761 -0.25151
1761 1809 0.67725
1761 1762 -2.70594
1762 1810 0.89649
1762 1763 -0.09249
1763 1811 0.57662
1763 1764 0.94264
1764 1812 0.04392
1764 1765 0.65134
1765 1813 0.83917
1765 1766 0.02416
1766 1814 -0.21798
1766 1767 -0.47409
1767 1815 -1.50608
1767 1768 -0.31843
1768 1816 0.1465
1768 1769 -0.06491
1769 1817 -1.06659
1769 1770 0.30819
1770 1818 0.20306
1770 1771 -0.06671
1771 1819 -0.29123
1771 1772 -0.79821
1772 1820 1.18811
1772 1773 1.55176
1773 1821 -0.07933
1773 1774 -0.27757
1774 1822 0.01535
1774 1775 -0.65802
1775 1823 -1.97183
1728 1775 -0.14348
1776 1824 1.25599
1776 1777 -1.151
1777 1825 1.2537
1777 1778 -0.28697
1778 1826 1.05823
1778 1779 0.01129
1779 1827 -0.06366
1779 1780 0.51168
1780 1828 -0.51328
1780 1781 2.29354
1781 1829 0.72024
1781 1782 -1.00903
1782 1830 -0.50786
1782 1783 -0.58286
1783 1831 -1.71074
1783 1784 -1.6552
1784 1832 -0.72669
1784 1785 0.2624
1785 1833 0.26703
1785 1786 0.62431
1786 1834 -0.39964
1786 1787 0.3123
1787 1835 -0.84928
1787 1788 1.54701
1788 1836 0.00564
1788 1789 -0.3743
1789 1837 1.61846
1789 1790 0.06731
1790 1838 0.2549
1790 1791 0.07225
1791 1839 -0.67435
1791 1792 -0.68646
1792 1840 -1.30841
1792 1793 0.54868
1793 1841 1.19899
1793 1794 -0.83156
1794 1842 0.85613
1794 1795 0.52301
1795 1843 -0.86222
1795 1796 1.68513
1796 1844 -0.25919
1796 1797 -0.18043
1797 1845 -0.50899
1797 1798 -0.61055
1798 1846 0.42133
1798 1799 -0.7777
1799 1847 -0.56897
1799 1800 -1.70181
1800 1848 0.07929
1800 1801 -0.29375
1801 1849 -1.20677
1801 1802 -0.30288
1802 1850 -0.60986
1802 1803 -0.37085
1803 1851 0.02139
1803 1804 0.50649
1804 1852 0.50344
1804 1805 1.26584
1805 1853 1.69672
1805 1806 -1.79984
1806 1854 0.02312
1806 1807 0.21835
1807 1855 -0.80307
1807 1808 -0.20454
1808 1856 0.4157
1808 1809 0.39236
1809 1857 -0.25121
1809 1810 1.02923
1810 1858 0.35611
1810 1811 -0.90548
1811 1859 0.11121
1811 1812 -0.75469
1812 1860 0.86909
1812 1813 0.72408
1813 1861 -0.93945
1813 1814 0.67767
1814 1862 0.30022
1814 1815 0.65956
1815 1863 -1.40624
1815 1816 -0.48505
1816 1864 -1.4737
1816 1817 0.45987
1817 1865 -1.43907
1817 1818 0.22641
1818 1866 -0.4178
1818 1819 0.04073
1819 1867 -0.01535
1819 1820 0.01453
1820 1868 0.6532
1820 1821 0.65973
1821 1869 0.02297
1821 1822 0.74264
1822 1870 1.33958
1822 1823 -0.67105
1823 1871 1.20642
1776 1823 -0.98145
1824 1872 0.81607
1824 1825 0.78521
1825 1873 -1.36503
1825 1826 2.02982
1826 1874 -0.27389
1826 1827 1.29405
1827 1875 -0.24854
1827 1828 1.50975
1828 1876 -0.25287
1828 1829 0.25016
1829 1877 -1.13252
1829 1830 -0.05926
1830 1878 0.38628
1830 1831 0.35624
1831 1879 -0.32398
1831 1832 1.18203
1832 1880 -0.4086
1832 1833 -0.60821
1833 1881 -1.18493
1833 1834 0.22781
1834 1882 0.21377
1834 1835 1.20778
1835 1883 0.34367
1835 1836 -0.12372
1836 1884 -1.6624
1836 1837 -1.06535
1837 1885 1.19166
1837 1838 0.98571
1838 1886 -1.05835
1838 1839 -0.60486
1839 1887 0.90061
1839 1840 2.86433
1840 1888 0.23866
1840 1841 -0.56821
1841 1889 -1.41938
1841 1842 0.07401
1842 1890 -1.0942
1842 1843 -0.52633
1843 1891 2.85421
1843 1844 0.86989
1844 1892 0.60174
1844 1845 1.46695
1845 1893 -0.78289
1845 1846 0.08942
1846 1894 0.62277
1846 1847 -0.99388
1847 1895 0.32921
1847 1848 2.38922
1848 1896 0.27505
1848 1849 -0.36218
1849 1897 0.68077
1849 1850 -2.16832
1850 1898 0.97267
1850 1851 -1.10497
1851 1899 1.27334
1851 1852 -1.51207
1852 1900 -0.08138
1852 1853 0.49665
1853 1901 0.61827
1853 1854 -0.00781
1854 1902 1.70459
1854 1855 0.79089
1855 1903 0.70279
1855 1856 -0.59847
1856 1904 0.34811
1856 1857 -0.49891
1857 1905 0.30545
1857 1858 -0.19672
1858 1906 0.27247
1858 1859 0.82471
1859 1907 1.24087
1859 1860 -0.96464
1860 1908 -0.47556
1860 1861 1.16012
1861 1909 0.686
1861 1862 -0.32284
1862 1910 -0.92583
1862 1863 -1.70626
1863 1911 -0.12093
1863 1864 2.27493
1864 1912 -0.79032
1864 1865 -0.22932
1865 1913 1.36637
1865 1866 -1.48408
1866 1914 0.55842
1866 1867 0.85212
1867 1915 0.15969
1867 1868 0.3942
1868 1916 -0.6058
1868 1869 -0.3723
1869 1917 0.70341
1869 1870 1.63298
1870 1918 1.84988
1870 1871 -0.90245
1871 1919 -0.3977
1824 1871 0.4442
1872 1920 1.37901
1872 1873 1.92232
1873 1921 1.22038
1873 1874 -1.20685
1874 1922 1.7424
1874 1875 -0.39169
1875 1923 -0.78913
1875 1876 -0.40377
1876 1924 0.51912
1876 1877 0.76812
1877 1925 1.41906
1877 1878 0.6808
1878 1926 2.28812
1878 1879 0.00765
1879 1927 -0.57615
1879 1880 -0.56366
1880 1928 -1.72371
1880 1881 -1.55968
1881 1929 -0.87125
1881 1882 -0.38473
1882 1930 0.68538
1882 1883 1.43405
1883 1931 0.82982
1883 1884 -0.90913
1884 1932 -1.05164
1884 1885 0.55904
1885 1933 -0.19032
1885 1886 1.69927
1886 1934 1.05316
1886 1887 -0.78288
1887 1935 1.08181
1887 1888 -0.54185
1888 1936 -0.77006
1888 1889 -0.58822
1889 1937 -1.08347
1889 1890 -0.84028
1890 1938 -0.55231
1890 1891 0.33047
1891 1939 -1.3098
1891 1892 -0.08182
1892 1940 1.65103
1892 1893 -0.23728
1893 1941 -0.32239
1893 1894 -1.5749
1894 1942 0.28546
1894 1895 1.38038
1895 1943 0.39333
1895 1896 -0.97664
1896 1944 -0.64171
1896 1897 1.70517
1897 1945 -0.46575
1897 1898 1.3639
1898 1946 0.60024
1898 1899 1.4106
1899 1947 -1.82469
1899 1900 0.04531
1900 1948 0.51058
1900 1901 2.02497
1901 1949 0.64566
1901 1902 1.06476
1902 1950 -0.29818
1902 1903 -0.42027
1903 1951 -0.94537
1903 1904 0.93559
1904 1952 0.53913
1904 1905 -0.81228
1905 1953 0.75729
1905 1906 -0.10362
1906 1954 -1.02879
1906 1907 -1.90493
1907 1955 0.34872
1907 1908 0.20457
1908 1956 0.43997
1908 1909 0.37262
1909 1957 0.53075
1909 1910 0.49461
1910 1958 -0.60839
1910 1911 0.33563
1911 1959 -0.13596
1911 1912 1.77946
1912 1960 -0.02402
1912 1913 -1.91601
1913 1961 0.66379
1913 1914 0.77633
1914 1962 -0.14714
1914 1915 -0.01496
1915 1963 0.48629
1915 1916 1.70942
1916 1964 -0.06969
1916 1917 -0.06225
1917 1965 1.11509
1917 1918 0.04913
1918 1966 0.32992
1918 1919 1.14218
1919 1967 2.14246
1872 1919 0.88719
1920 1968 0.06421
1920 1921 -0.02491
1921 1969 2.16647
1921 1922 0.01384
1922 1970 -0.28836
1922 1923 -0.61232
1923 1971 0.59906
1923 1924 -0.05509
1924 1972 0.12624
1924 1925 -2.51669
1925 1973 0.11837
1925 1926 0.73456
1926 1974 -0.59781
1926 1927 -0.51929
1927 1975 -0.19719
1927 1928 -0.23396
1928 1976 0.14976
1928 1929 0.35601
1929 1977 -1.21127
1929 1930 -0.28649
1930 1978 0.91559
1930 1931 -0.20854
1931 1979 1.19107
1931 1932 -1.05853
1932 1980 1.64105
1932 1933 -0.17699
1933 1981 -0.09678
1933 1934 0.47659
1934 1982 0.79885
1934 1935 0.33287
1935 1983 -0.4993
1935 1936 0.26072
1936 1984 1.67657
1936 1937 -1.07595
1937 1985 -0.85454
1937 1938 0.01275
1938 1986 2.42229
1938 1939 -0.35821
1939 1987 0.56283
1939 1940 -0.19601
1940 1988 1.59976
1940 1941 0.16727
1941 1989 -0.624
1941 1942 -0.49863
1942 1990 -0.02949
1942 1943 1.25355
1943 1991 1.50252
1943 1944 1.31772
1944 1992 -1.16776
1944 1945 -0.84507
1945 1993 0.08115
1945 1946 0.39589
1946 1994 -0.52922
1946 1947 1.08351
1947 1995 -2.32251
1947 1948 -1.5452
1948 1996 0.40854
1948 1949 -0.07678
1949 1997 -0.18467
1949 1950 1.30148
1950 1998 0.11181
1950 1951 1.07862
1951 1999 -1.41175
1951 1952 -0.11762
1952 2000 0.08138
1952 1953 -1.48996
1953 2001 -0.32962
1953 1954 -0.47422
1954 2002 -0.19212
1954 1955 -0.34609
1955 2003 1.04644
1955 1956 0.87955
1956 2004 0.93412
1956 1957 0.07559
1957 2005 0.2576
1957 1958 -0.19978
1958 2006 -0.02224
1958 1959 -0.22491
1959 2007 1.20382
1959 1960 -0.21725
1960 2008 -0.86304
1960 1961 1.68163
1961 2009 -0.0111
1961 1962 -0.10302
1962 2010 0.38445
1962 1963 -1.7275
1963 2011 0.21806
1963 1964 -1.17822
1964 2012 -0.70231
1964 1965 -0.20135
1965 2013 0.28717
1965 1966 0.73743
1966 2014 2.81126
1966 1967 -1.20378
1967 2015 -0.30812
1920 1967 -0.89814
1968 2016 0.52192
1968 1969 -1.16782
1969 2017 -0.47996
1969 1970 0.56697
1970 2018 2.64026
1970 1971 -0.36684
1971 2019 1.37671
1971 1972 -1.57833
1972 2020 0.03342
1972 1973 0.13622
1973 2021 0.57725
1973 1974 -0.41498
1974 2022 0.53989
1974 1975 1.15291
1975 2023 1.38928
1975 1976 1.22956
1976 2024 0.50773
1976 1977 -1.68162
1977 2025 -0.67181
1977 1978 -0.00245
1978 2026 -0.50992
1978 1979 0.34676
1979 2027 -0.70234
1979 1980 -3.46898
1980 2028 0.07587
1980 1981 0.58048
1981 2029 -1.03954
1981 1982 -0.46208
1982 2030 0.51609
1982 1983 -0.64928
1983 2031 -2.77561
1983 1984 1.16063
1984 2032 -1.21805
1984 1985 0.61983
1985 2033 0.77701
1985 1986 0.9469
1986 2034 -0.88846
1986 1987 0.09671
1987 2035 1.09994
1987 1988 -1.73694
1988 2036 -0.96776
1988 1989 -1.80362
1989 2037 -0.18351
1989 1990 -0.16463
1990 2038 -1.4834
1990 1991 0.02764
1991 2039 -0.39113
1991 1992 -0.92188
1992 2040 0.06141
1992 1993 1.30875
1993 2041 -0.63137
1993 1994 -0.66743
1994 2042 2.41046
1994 1995 1.93088
1995 2043 0.02649
1995 1996 1.46194
1996 2044 1.55756
1996 1997 -0.95565
1997 2045 -1.74151
1997 1998 -1.42874
1998 2046 0.28176
1998 1999 -1.03823
1999 2047 0.19306
1999 2000 0.64669
2000 2048 0.67203
2000 2001 -0.4946
2001 2049 -0.3536
2001 2002 0.35624
2002 2050 1.5965
2002 2003 1.51823
2003 2051 0.04405
2003 2004 -0.51382
2004 2052 1.41119
2004 2005 1.90124
2005 2053 -2.32691
2005 2006 0.17788
2006 2054 2.17242
2006 2007 0.86538
2007 2055 0.50638
2007 2008 -0.31673
2008 2056 1.16191
2008 2009 0.04279
2009 2057 0.4579
2009 2010 -0.19535
2010 2058 0.60596
2010 2011 0.12606
2011 2059 0.89874
2011 2012 -0.49532
2012 2060 0.01573
2012 2013 -0.67431
2013 2061 -0.24356
2013 2014 1.69015
2014 2062 -0.15246
2014 2015 1.18801
2015 2063 -0.07335
1968 2015 -0.76571
2016 2064 0.15585
2016 2017 0.99799
2017 2065 -0.02029
2017 2018 0.853
2018 2066 -0.5095
2018 2019 1.87281
2019 2067 -0.77127
2019 2020 0.48245
2020 2068 -0.3432
2020 2021 0.40868
2021 2069 1.30186
2021 2022 -1.12415
2022 2070 -0.9294
2022 2023 0.18292
2023 2071 -2.46208
2023 2024 0.16136
2024 2072 1.62748
2024 2025 -0.60474
2025 2073 0.95365
2025 2026 -1.42136
2026 2074 -0.50521
2026 2027 0.99091
2027 2075 0.70122
2027 2028 1.43548
2028 2076 -0.4503
2028 2029 -1.9518
2029 2077 -1.44041
2029 2030 0.19329
2030 2078 1.22995
2030 2031 0.49272
2031 2079 0.28779
2031 2032 -0.39095
2032 2080 0.42782
2032 2033 -2.47312
2033 2081 0.08277
2033 2034 -0.42289
2034 2082 1.32426
2034 2035 -0.73925
2035 2083 -1.91368
2035 2036 -0.14064
2036 2084 -0.58517
2036 2037 -0.52881
2037 2085 0.88899
2037 2038 -0.84165
2038 2086 0.73355
2038 2039 -0.37364
2039 2087 0.57379
2039 2040 1.61013
2040 2088 -1.02104
2040 2041 -0.95157
2041 2089 2.3014
2041 2042 0.78862
2042 2090 -1.69977
2042 2043 1.22499
2043 2091 0.66405
2043 2044 1.08354
2044 2092 -0.43041
2044 2045 -0.63931
2045 2093 0.43208
2045 2046 1.10318
2046 2094 0.21706
2046 2047 1.47575
2047 2095 -0.15341
2047 2048 0.03444
2048 2096 -1.02376
2048 2049 -0.00033
2049 2097 0.44547
2049 2050 0.94005
2050 2098 0.36328
2050 2051 -1.13652
2051 2099 -1.4813
2051 2052 0.73262
2052 2100 -0.10959
2052 2053 -0.84011
2053 2101 -0.21928
2053 2054 0.99971
2054 2102 1.02174
2054 2055 0.09091
2055 2103 0.09677
2055 2056 0.49412
2056 2104 1.07768
2056 2057 2.37332
2057 2105 -0.36523
2057 2058 2.44211
2058 2106 -0.24218
2058 2059 1.93735
2059 2107 -1.31312
2059 2060 -0.04529
2060 2108 -0.42414
2060 2061 -1.9681
2061 2109 -1.73774
2061 2062 0.46437
2062 2110 0.78115
2062 2063 -1.28321
2063 2111 -1.45856
2016 2063 1.08908
2064 2112 -0.66822
2064 2065 -0.70338
2065 2113 -0.6339
2065 2066 -0.25167
2066 2114 0.85859
2066 2067 0.16005
2067 2115 -0.00548
2067 2068 -0.40543
2068 2116 -0.02458
2068 2069 1.18983
2069 2117 0.82227
2069 2070 1.49324
2070 2118 -0.19447
2070 2071 0.08059
2071 2119 -1.09446
2071 2072 0.13221
2072 2120 -0.45175
2072 2073 1.42127
2073 2121 -1.10512
2073 2074 1.09094
2074 2122 0.91539
2074 2075 -1.91613
2075 2123 -0.41709
2075 2076 -1.15887
2076 2124 1.65044
2076 2077 1.19656
2077 2125 -0.44481
2077 2078 1.71817
2078 2126 -0.04712
2078 2079 -0.12456
2079 2127 -0.4517
2079 2080 -0.39565
2080 2128 0.11641
2080 2081 0.17252
2081 2129 -0.0435
2081 2082 -0.77991
2082 2130 1.07666
2082 2083 -0.19411
2083 2131 -0.62858
2083 2084 -1.16954
2084 2132 -0.49526
2084 2085 -0.24698
2085 2133 1.0554
2085 2086 -0.95517
2086 2134 -0.56489
2086 2087 1.15506
2087 2135 -1.24257
2087 2088 -0.04724
2088 2136 -0.88681
2088 2089 -0.02514
2089 2137 -0.64391
2089 2090 0.57852
2090 2138 -2.05626
2090 2091 0.9277
2091 2139 -0.81666
2091 2092 -1.93432
2092 2140 1.81368
2092 2093 -1.47204
2093 2141 -0.92944
2093 2094 0.41532
2094 2142 0.36277
2094 2095 1.27647
2095 2143 -0.53393
2095 2096 0.78983
2096 2144 -0.85983
2096 2097 -0.51206
2097 2145 -1.38
2097 2098 0.73867
2098 2146 -0.4585
2098 2099 0.61172
2099 2147 0.04529
2099 2100 1.38465
2100 2148 -1.56435
2100 2101 -1.05389
2101 2149 0.98923
2101 2102 -0.61669
2102 2150 0.56749
2102 2103 0.14797
2103 2151 0.24738
2103 2104 0.19819
2104 2152 0.20198
2104 2105 -1.27401
2105 2153 0.29261
2105 2106 0.16067
2106 2154 0.4636
2106 2107 -0.71026
2107 2155 -0.14483
2107 2108 -0.43104
2108 2156 -2.04383
2108 2109 0.13893
2109 2157 0.25124
2109 2110 -0.48618
2110 2158 0.26609
2110 2111 -1.1076
2111 2159 0.39214
2064 2111 0.43304
2112 2160 -0.7573
2112 2113 0.69112
2113 2161 0.81094
2113 2114 -1.02025
2114 2162 -1.99213
2114 2115 0.4444
2115 2163 -1.10256
2115 2116 -0.30428
2116 2164 -1.88848
2116 2117 -0.77463
2117 2165 -0.47834
2117 2118 -0.35189
2118 2166 0.47788
2118 2119 0.89398
2119 2167 -0.33325
2119 2120 -2.41873
2120 2168 1.00112
2120 2121 -1.55214
2121 2169 -0.0861
2121 2122 -0.56266
2122 2170 0.93399
2122 2123 -1.32524
2123 2171 0.18136
2123 2124 1.53129
2124 2172 -1.49138
2124 2125 -0.88882
2125 2173 0.26771
2125 2126 -0.57682
2126 2174 -2.54753
2126 2127 1.23446
2127 2175 -0.23156
2127 2128 -0.15128
2128 2176 -0.15626
2128 2129 -0.27477
2129 2177 -0.08913
2129 2130 -1.19728
2130 2178 -0.77731
2130 2131 -0.88513
2131 2179 -0.97797
2131 2132 1.90851
2132 2180 -0.44695
2132 2133 1.12052
2133 2181 -1.93419
2133 2134 -0.00847
2134 2182 -0.31532
2134 2135 1.62188
2135 2183 1.51632
2135 2136 1.15158
2136 2184 -0.14454
2136 2137 0.18363
2137 2185 1.72876
2137 2138 -0.30398
2138 2186 -1.68209
2138 2139 1.82842
2139 2187 0.40599
2139 2140 0.82261
2140 2188 0.58404
2140 2141 -1.47202
2141 2189 0.22457
2141 2142 -1.38684
2142 2190 -1.27677
2142 2143 0.35474
2143 2191 0.11562
2143 2144 -1.28993
2144 2192 -0.43966
2144 2145 0.6137
2145 2193 -0.10102
2145 2146 -1.68815
2146 2194 -0.46157
2146 2147 -0.53984
2147 2195 0.03117
2147 2148 0.0381
2148 2196 -0.54059
2148 2149 1.101
2149 2197 -0.90839
2149 2150 -1.15348
2150 2198 -1.67502
2150 2151 -0.28781
2151 2199 -0.09909
2151 2152 0.87162
2152 2200 0.58022
2152 2153 -0.53903
2153 2201 -0.37571
2153 2154 0.77938
2154 2202 -2.05573
2154 2155 0.05597
2155 2203 0.5951
2155 2156 0.35279
2156 2204 0.80713
2156 2157 -0.83733
2157 2205 -0.44522
2157 2158 -0.73468
2158 2206 -0.57613
2158 2159 1.19307
2159 2207 -0.60621
2112 2159 0.85339
2160 2208 0.3611
2160 2161 -0.34846
2161 2209 0.88208
2161 2162 -0.58601
2162 2210 -1.62347
2162 2163 0.22197
2163 2211 1.06737
2163 2164 -1.89325
2164 2212 -0.81276
2164 2165 0.35054
2165 2213 1.12455
2165 2166 0.72098
2166 2214 -0.6027
2166 2167 1.81738
2167 2215 -1.62535
2167 2168 -0.18815
2168 2216 -0.30368
2168 2169 1.24431
2169 2217 -0.36268
2169 2170 0.49441
2170 2218 -1.44456
2170 2171 0.33264
2171 2219 -0.83551
2171 2172 1.05892
2172 2220 -1.02132
2172 2173 0.74671
2173 2221 0.36264
2173 2174 0.27492
2174 2222 0.94502
2174 2175 -1.29205
2175 2223 1.45033
2175 2176 -0.97079
2176 2224 1.00145
2176 2177 -0.35167
2177 2225 -0.19631
2177 2178 -1.36228
2178 2226 -1.65811
2178 2179 1.40639
2179 2227 1.72259
2179 2180 1.69452
2180 2228 0.91783
2180 2181 0.02096
2181 2229 -0.92516
2181 2182 -1.3542
2182 2230 0.92437
2182 2183 -2.40295
2183 2231 -0.7838
2183 2184 -0.51149
2184 2232 2.53271
2184 2185 -0.29938
2185 2233 1.32591
2185 2186 -1.3924
2186 2234 -0.49144
2186 2187 0.64806
2187 2235 -0.84213
2187 2188 -1.30812
2188 2236 0.19115
2188 2189 -0.73922
2189 2237 0.92202
2189 2190 -1.17897
2190 2238 -1.25729
2190 2191 -0.46132
2191 2239 1.33366
2191 2192 -1.14627
2192 2240 0.13879
2192 2193 -0.89638
2193 2241 1.31362
2193 2194 0.44157
2194 2242 0.71126
2194 2195 -0.4568
2195 2243 -0.20079
2195 2196 -0.6109
2196 2244 0.80915
2196 2197 0.11138
2197 2245 -0.55602
2197 2198 0.18697
2198 2246 -0.36109
2198 2199 -0.40823
2199 2247 0.33884
2199 2200 0.99399
2200 2248 0.00974
2200 2201 0.98289
2201 2249 0.18992
2201 2202 -0.6675
2202 2250 -0.41563
2202 2203 -0.52924
2203 2251 1.34456
2203 2204 -0.00259
2204 2252 -1.36772
2204 2205 0.90708
2205 2253 -0.57119
2205 2206 1.96013
2206 2254 -0.23369
2206 2207 1.52558
2207 2255 -0.7869
2160 2207 -0.13179
2208 2256 -0.46763
2208 2209 -3.06937
2209 2257 2.16676
2209 2210 -1.53982
2210 2258 -1.26977
2210 2211 -2.05566
2211 2259 1.23978
2211 2212 0.25504
2212 2260 -0.06491
2212 2213 -0.37674
2213 2261 1.33554
2213 2214 0.0331
2214 2262 1.12592
2214 2215 0.33547
2215 2263 1.19548
2215 2216 -0.72139
2216 2264 -0.26661
2216 2217 1.41289
2217 2265 0.08113
2217 2218 0.71785
2218 2266 -0.10154
2218 2219 -0.21677
2219 2267 1.34972
2219 2220 -0.63039
2220 2268 -0.19832
2220 2221 0.59756
2221 2269 1.14097
2221 2222 -0.65238
2222 2270 0.30359
2222 2223 -1.12406
2223 2271 0.57983
2223 2224 0.82227
2224 2272 -0.18148
2224 2225 -0.71025
2225 2273 -0.39423
2225 2226 0.08582
2226 2274 1.22359
2226 2227 1.26908
2227 2275 -0.95851
2227 2228 0.81351
2228 2276 -0.92707
2228 2229 -1.49008
2229 2277 -0.74622
2229 2230 -0.605
2230 2278 0.76357
2230 2231 -0.17577
2231 2279 -0.00344
2231 2232 -0.01245
2232 2280 -0.7796
2232 2233 -1.07562
2233 2281 -0.46344
2233 2234 0.02636
2234 2282 -1.86262
2234 2235 -0.03783
2235 2283 1.42582
2235 2236 0.21442
2236 2284 -1.03084
2236 2237 -0.549
2237 2285 1.83244
2237 2238 -0.38169
2238 2286 -0.76601
2238 2239 -0.1619
2239 2287 0.1657
2239 2240 -0.54457
2240 2288 0.76254
2240 2241 -1.35331
2241 2289 -0.42534
2241 2242 0.26087
2242 2290 1.10773
2242 2243 0.0459
2243 2291 -0.49704
2243 2244 -0.37227
2244 2292 -2.07889
2244 2245 0.91297
2245 2293 0.92237
2245 2246 -0.1461
2246 2294 1.83694
2246 2247 -0.77185
2247 2295 1.25911
2247 2248 -0.42226
2248 2296 -0.93154
2248 2249 -0.08105
2249 2297 -0.2824
2249 2250 1.8298
2250 2298 -0.24556
2250 2251 0.36922
2251 2299 0.40185
2251 2252 -1.86196
2252 2300 -0.47219
2252 2253 0.34505
2253 2301 -0.53728
2253 2254 0.982
2254 2302 -0.9546
2254 2255 1.58135
2255 2303 -0.18111
2208 2255 1.17692
0 2256 1.20318
2256 2257 0.97221
1 2257 -0.33609
2257 2258 0.30527
2 2258 0.41262
2258 2259 -0.59869
3 2259 0.25041
2259 2260 0.28591
4 2260 -1.76069
2260 2261 1.28897
5 2261 -0.01526
2261 2262 1.18127
6 2262 -0.66944
2262 2263 -0.29507
7 2263 -0.01226
2263 2264 -0.2063
8 2264 -1.41797
2264 2265 -0.35838
9 2265 1.45314
2265 2266 1.11193
10 2266 -0.50787
2266 2267 -1.56467
11 2267 0.11341
2267 2268 -0.67865
12 2268 -0.26971
2268 2269 0.50845
13 2269 0.86316
2269 2270 -0.0009
14 2270 -0.10646
2270 2271 -0.3385
15 2271 1.02387
2271 2272 0.22719
16 2272 2.49132
2272 2273 0.05695
17 2273 0.49406
2273 2274 -0.175
18 2274 -1.0465
2274 2275 -0.8808
19 2275 0.6617
2275 2276 -1.18272
20 2276 0.34142
2276 2277 0.6183
21 2277 -0.96543
2277 2278 -0.69185
22 2278 -1.85812
2278 2279 -0.05896
23 2279 1.33462
2279 2280 1.33189
24 2280 0.84389
2280 2281 0.1446
25 2281 -0.39402
2281 2282 1.10639
26 2282 1.20447
2282 2283 -0.64586
27 2283 0.32516
2283 2284 -0.33897
28 2284 2.14154
2284 2285 -0.86313
29 2285 0.19095
2285 2286 0.26222
30 2286 0.24196
2286 2287 -0.22459
31 2287 -1.31234
2287 2288 -0.21001
32 2288 0.11916
2288 2289 2.35227
33 2289 -0.82663
2289 2290 -0.10214
34 2290 -0.63423
2290 2291 -0.44718
35 2291 -1.69541
2291 2292 -0.27414
36 2292 -0.08025
2292 2293 0.51334
37 2293 0.36258
2293 2294 -1.7433
38 2294 1.09334
2294 2295 1.46567
39 2295 0.12586
2295 2296 0.21057
40 2296 -0.55238
2296 2297 0.37965
41 2297 -1.45594
2297 2298 -0.74791
42 2298 -0.46005
2298 2299 0.68771
43 2299 -0.56612
2299 2300 -0.22221
44 2300 -0.48348
2300 2301 0.65779
45 2301 0.40626
2301 2302 -1.37614
46 2302 0.37894
2302 2303 -0.25858
47 2303 -0.75027
2256 2303 -0.1305
