# model=ea2d N=2304 meanJ=0 seed=31849364 distribution=gaussian field=0 num_fields=2304 num_couplings=4608
0 0
1 0
2 0
3 0
4 0
5 0
6 0
7 0
8 0
9 0
10 0
11 0
12 0
13 0
14 0
15 0
16 0
17 0
18 0
19 0
20 0
21 0
22 0
23 0
24 0
25 0
26 0
27 0
28 0
29 0
30 0
31 0
32 0
33 0
34 0
35 0
36 0
37 0
38 0
39 0
40 0
41 0
42 0
43 0
44 0
45 0
46 0
47 0
48 0
49 0
50 0
51 0
52 0
53 0
54 0
55 0
56 0
57 0
58 0
59 0
60 0
61 0
62 0
63 0
64 0
65 0
66 0
67 0
68 0
69 0
70 0
71 0
72 0
73 0
74 0
75 0
76 0
77 0
78 0
79 0
80 0
81 0
82 0
83 0
84 0
85 0
86 0
87 0
88 0
89 0
90 0
91 0
92 0
93 0
94 0
95 0
96 0
97 0
98 0
99 0
100 0
101 0
102 0
103 0
104 0
105 0
106 0
107 0
108 0
109 0
110 0
111 0
112 0
113 0
114 0
115 0
116 0
117 0
118 0
119 0
120 0
121 0
122 0
123 0
124 0
125 0
126 0
127 0
128 0
129 0
130 0
131 0
132 0
133 0
134 0
135 0
136 0
137 0
138 0
139 0
140 0
141 0
142 0
143 0
144 0
145 0
146 0
147 0
148 0
149 0
150 0
151 0
152 0
153 0
154 0
155 0
156 0
157 0
158 0
159 0
160 0
161 0
162 0
163 0
164 0
165 0
166 0
167 0
168 0
169 0
170 0
171 0
172 0
173 0
174 0
175 0
176 0
177 0
178 0
179 0
180 0
181 0
182 0
183 0
184 0
185 0
186 0
187 0
188 0
189 0
190 0
191 0
192 0
193 0
194 0
195 0
196 0
197 0
198 0
199 0
200 0
201 0
202 0
203 0
204 0
205 0
206 0
207 0
208 0
209 0
210 0
211 0
212 0
213 0
214 0
215 0
216 0
217 0
218 0
219 0
220 0
221 0
222 0
223 0
224 0
225 0
226 0
227 0
228 0
229 0
230 0
231 0
232 0
233 0
234 0
235 0
236 0
237 0
238 0
239 0
240 0
241 0
242 0
243 0
244 0
245 0
246 0
247 0
248 0
249 0
250 0
251 0
252 0
253 0
254 0
255 0
256 0
257 0
258 0
259 0
260 0
261 0
262 0
263 0
264 0
265 0
266 0
267 0
268 0
269 0
270 0
271 0
272 0
273 0
274 0
275 0
276 0
277 0
278 0
279 0
280 0
281 0
282 0
283 0
284 0
285 0
286 0
287 0
288 0
289 0
290 0
291 0
292 0
293 0
294 0
295 0
296 0
297 0
298 0
299 0
300 0
301 0
302 0
303 0
304 0
305 0
306 0
307 0
308 0
309 0
310 0
311 0
312 0
313 0
314 0
315 0
316 0
317 0
318 0
319 0
320 0
321 0
322 0
323 0
324 0
325 0
326 0
327 0
328 0
329 0
330 0
331 0
332 0
333 0
334 0
335 0
336 0
337 0
338 0
339 0
340 0
341 0
342 0
343 0
344 0
345 0
346 0
347 0
348 0
349 0
350 0
351 0
352 0
353 0
354 0
355 0
356 0
357 0
358 0
359 0
360 0
361 0
362 0
363 0
364 0
365 0
366 0
367 0
368 0
369 0
370 0
371 0
372 0
373 0
374 0
375 0
376 0
377 0
378 0
379 0
380 0
381 0
382 0
383 0
384 0
385 0
386 0
387 0
388 0
389 0
390 0
391 0
392 0
393 0
394 0
395 0
396 0
397 0
398 0
399 0
400 0
401 0
402 0
403 0
404 0
405 0
406 0
407 0
408 0
409 0
410 0
411 0
412 0
413 0
414 0
415 0
416 0
417 0
418 0
419 0
420 0
421 0
422 0
423 0
424 0
425 0
426 0
427 0
428 0
429 0
430 0
431 0
432 0
433 0
434 0
435 0
436 0
437 0
438 0
439 0
440 0
441 0
442 0
443 0
444 0
445 0
446 0
447 0
448 0
449 0
450 0
451 0
452 0
453 0
454 0
455 0
456 0
457 0
458 0
459 0
460 0
461 0
462 0
463 0
464 0
465 0
466 0
467 0
468 0
469 0
470 0
471 0
472 0
473 0
474 0
475 0
476 0
477 0
478 0
479 0
480 0
481 0
482 0
483 0
484 0
485 0
486 0
487 0
488 0
489 0
490 0
491 0
492 0
493 0
494 0
495 0
496 0
497 0
498 0
499 0
500 0
501 0
502 0
503 0
504 0
505 0
506 0
507 0
508 0
509 0
510 0
511 0
512 0
513 0
514 0
515 0
516 0
517 0
518 0
519 0
520 0
521 0
522 0
523 0
524 0
525 0
526 0
527 0
528 0
529 0
530 0
531 0
532 0
533 0
534 0
535 0
536 0
537 0
538 0
539 0
540 0
541 0
542 0
543 0
544 0
545 0
546 0
547 0
548 0
549 0
550 0
551 0
552 0
553 0
554 0
555 0
556 0
557 0
558 0
559 0
560 0
561 0
562 0
563 0
564 0
565 0
566 0
567 0
568 0
569 0
570 0
571 0
572 0
573 0
574 0
575 0
576 0
577 0
578 0
579 0
580 0
581 0
582 0
583 0
584 0
585 0
586 0
587 0
588 0
589 0
590 0
591 0
592 0
593 0
594 0
595 0
596 0
597 0
598 0
599 0
600 0
601 0
602 0
603 0
604 0
605 0
606 0
607 0
608 0
609 0
610 0
611 0
612 0
613 0
614 0
615 0
616 0
617 0
618 0
619 0
620 0
621 0
622 0
623 0
624 0
625 0
626 0
627 0
628 0
629 0
630 0
631 0
632 0
633 0
634 0
635 0
636 0
637 0
638 0
639 0
640 0
641 0
642 0
643 0
644 0
645 0
646 0
647 0
648 0
649 0
650 0
651 0
652 0
653 0
654 0
655 0
656 0
657 0
658 0
659 0
660 0
661 0
662 0
663 0
664 0
665 0
666 0
667 0
668 0
669 0
670 0
671 0
672 0
673 0
674 0
675 0
676 0
677 0
678 0
679 0
680 0
681 0
682 0
683 0
684 0
685 0
686 0
687 0
688 0
689 0
690 0
691 0
692 0
693 0
694 0
695 0
696 0
697 0
698 0
699 0
700 0
701 0
702 0
703 0
704 0
705 0
706 0
707 0
708 0
709 0
710 0
711 0
712 0
713 0
714 0
715 0
716 0
717 0
718 0
719 0
720 0
721 0
722 0
723 0
724 0
725 0
726 0
727 0
728 0
729 0
730 0
731 0
732 0
733 0
734 0
735 0
736 0
737 0
738 0
739 0
740 0
741 0
742 0
743 0
744 0
745 0
746 0
747 0
748 0
749 0
750 0
751 0
752 0
753 0
754 0
755 0
756 0
757 0
758 0
759 0
760 0
761 0
762 0
763 0
764 0
765 0
766 0
767 0
768 0
769 0
770 0
771 0
772 0
773 0
774 0
775 0
776 0
777 0
778 0
779 0
780 0
781 0
782 0
783 0
784 0
785 0
786 0
787 0
788 0
789 0
790 0
791 0
792 0
793 0
794 0
795 0
796 0
797 0
798 0
799 0
800 0
801 0
802 0
803 0
804 0
805 0
806 0
807 0
808 0
809 0
810 0
811 0
812 0
813 0
814 0
815 0
816 0
817 0
818 0
819 0
820 0
821 0
822 0
823 0
824 0
825 0
826 0
827 0
828 0
829 0
830 0
831 0
832 0
833 0
834 0
835 0
836 0
837 0
838 0
839 0
840 0
841 0
842 0
843 0
844 0
845 0
846 0
847 0
848 0
849 0
850 0
851 0
852 0
853 0
854 0
855 0
856 0
857 0
858 0
859 0
860 0
861 0
862 0
863 0
864 0
865 0
866 0
867 0
868 0
869 0
870 0
871 0
872 0
873 0
874 0
875 0
876 0
877 0
878 0
879 0
880 0
881 0
882 0
883 0
884 0
885 0
886 0
887 0
888 0
889 0
890 0
891 0
892 0
893 0
894 0
895 0
896 0
897 0
898 0
899 0
900 0
901 0
902 0
903 0
904 0
905 0
906 0
907 0
908 0
909 0
910 0
911 0
912 0
913 0
914 0
915 0
916 0
917 0
918 0
919 0
920 0
921 0
922 0
923 0
924 0
925 0
926 0
927 0
928 0
929 0
930 0
931 0
932 0
933 0
934 0
935 0
936 0
937 0
938 0
939 0
940 0
941 0
942 0
943 0
944 0
945 0
946 0
947 0
948 0
949 0
950 0
951 0
952 0
953 0
954 0
955 0
956 0
957 0
958 0
959 0
960 0
961 0
962 0
963 0
964 0
965 0
966 0
967 0
968 0
969 0
970 0
971 0
972 0
973 0
974 0
975 0
976 0
977 0
978 0
979 0
980 0
981 0
982 0
983 0
984 0
985 0
986 0
987 0
988 0
989 0
990 0
991 0
992 0
993 0
994 0
995 0
996 0
997 0
998 0
999 0
1000 0
1001 0
1002 0
1003 0
1004 0
1005 0
1006 0
1007 0
1008 0
1009 0
1010 0
1011 0
1012 0
1013 0
1014 0
1015 0
1016 0
1017 0
1018 0
1019 0
1020 0
1021 0
1022 0
1023 0
1024 0
1025 0
1026 0
1027 0
1028 0
1029 0
1030 0
1031 0
1032 0
1033 0
1034 0
1035 0
1036 0
1037 0
1038 0
1039 0
1040 0
1041 0
1042 0
1043 0
1044 0
1045 0
1046 0
1047 0
1048 0
1049 0
1050 0
1051 0
1052 0
1053 0
1054 0
1055 0
1056 0
1057 0
1058 0
1059 0
1060 0
1061 0
1062 0
1063 0
1064 0
1065 0
1066 0
1067 0
1068 0
1069 0
1070 0
1071 0
1072 0
1073 0
1074 0
1075 0
1076 0
1077 0
1078 0
1079 0
1080 0
1081 0
1082 0
1083 0
1084 0
1085 0
1086 0
1087 0
1088 0
1089 0
1090 0
1091 0
1092 0
1093 0
1094 0
1095 0
1096 0
1097 0
1098 0
1099 0
1100 0
1101 0
1102 0
1103 0
1104 0
1105 0
1106 0
1107 0
1108 0
1109 0
1110 0
1111 0
1112 0
1113 0
1114 0
1115 0
1116 0
1117 0
1118 0
1119 0
1120 0
1121 0
1122 0
1123 0
1124 0
1125 0
1126 0
1127 0
1128 0
1129 0
1130 0
1131 0
1132 0
1133 0
1134 0
1135 0
1136 0
1137 0
1138 0
1139 0
1140 0
1141 0
1142 0
1143 0
1144 0
1145 0
1146 0
1147 0
1148 0
1149 0
1150 0
1151 0
1152 0
1153 0
1154 0
1155 0
1156 0
1157 0
1158 0
1159 0
1160 0
1161 0
1162 0
1163 0
1164 0
1165 0
1166 0
1167 0
1168 0
1169 0
1170 0
1171 0
1172 0
1173 0
1174 0
1175 0
1176 0
1177 0
1178 0
1179 0
1180 0
1181 0
1182 0
1183 0
1184 0
1185 0
1186 0
1187 0
1188 0
1189 0
1190 0
1191 0
1192 0
1193 0
1194 0
1195 0
1196 0
1197 0
1198 0
1199 0
1200 0
1201 0
1202 0
1203 0
1204 0
1205 0
1206 0
1207 0
1208 0
1209 0
1210 0
1211 0
1212 0
1213 0
1214 0
1215 0
1216 0
1217 0
1218 0
1219 0
1220 0
1221 0
1222 0
1223 0
1224 0
1225 0
1226 0
1227 0
1228 0
1229 0
1230 0
1231 0
1232 0
1233 0
1234 0
1235 0
1236 0
1237 0
1238 0
1239 0
1240 0
1241 0
1242 0
1243 0
1244 0
1245 0
1246 0
1247 0
1248 0
1249 0
1250 0
1251 0
1252 0
1253 0
1254 0
1255 0
1256 0
1257 0
1258 0
1259 0
1260 0
1261 0
1262 0
1263 0
1264 0
1265 0
1266 0
1267 0
1268 0
1269 0
1270 0
1271 0
1272 0
1273 0
1274 0
1275 0
1276 0
1277 0
1278 0
1279 0
1280 0
1281 0
1282 0
1283 0
1284 0
1285 0
1286 0
1287 0
1288 0
1289 0
1290 0
1291 0
1292 0
1293 0
1294 0
1295 0
1296 0
1297 0
1298 0
1299 0
1300 0
1301 0
1302 0
1303 0
1304 0
1305 0
1306 0
1307 0
1308 0
1309 0
1310 0
1311 0
1312 0
1313 0
1314 0
1315 0
1316 0
1317 0
1318 0
1319 0
1320 0
1321 0
1322 0
1323 0
1324 0
1325 0
1326 0
1327 0
1328 0
1329 0
1330 0
1331 0
1332 0
1333 0
1334 0
1335 0
1336 0
1337 0
1338 0
1339 0
1340 0
1341 0
1342 0
1343 0
1344 0
1345 0
1346 0
1347 0
1348 0
1349 0
1350 0
1351 0
1352 0
1353 0
1354 0
1355 0
1356 0
1357 0
1358 0
1359 0
1360 0
1361 0
1362 0
1363 0
1364 0
1365 0
1366 0
1367 0
1368 0
1369 0
1370 0
1371 0
1372 0
1373 0
1374 0
1375 0
1376 0
1377 0
1378 0
1379 0
1380 0
1381 0
1382 0
1383 0
1384 0
1385 0
1386 0
1387 0
1388 0
1389 0
1390 0
1391 0
1392 0
1393 0
1394 0
1395 0
1396 0
1397 0
1398 0
1399 0
1400 0
1401 0
1402 0
1403 0
1404 0
1405 0
1406 0
1407 0
1408 0
1409 0
1410 0
1411 0
1412 0
1413 0
1414 0
1415 0
1416 0
1417 0
1418 0
1419 0
1420 0
1421 0
1422 0
1423 0
1424 0
1425 0
1426 0
1427 0
1428 0
1429 0
1430 0
1431 0
1432 0
1433 0
1434 0
1435 0
1436 0
1437 0
1438 0
1439 0
1440 0
1441 0
1442 0
1443 0
1444 0
1445 0
1446 0
1447 0
1448 0
1449 0
1450 0
1451 0
1452 0
1453 0
1454 0
1455 0
1456 0
1457 0
1458 0
1459 0
1460 0
1461 0
1462 0
1463 0
1464 0
1465 0
1466 0
1467 0
1468 0
1469 0
1470 0
1471 0
1472 0
1473 0
1474 0
1475 0
1476 0
1477 0
1478 0
1479 0
1480 0
1481 0
1482 0
1483 0
1484 0
1485 0
1486 0
1487 0
1488 0
1489 0
1490 0
1491 0
1492 0
1493 0
1494 0
1495 0
1496 0
1497 0
1498 0
1499 0
1500 0
1501 0
1502 0
1503 0
1504 0
1505 0
1506 0
1507 0
1508 0
1509 0
1510 0
1511 0
1512 0
1513 0
1514 0
1515 0
1516 0
1517 0
1518 0
1519 0
1520 0
1521 0
1522 0
1523 0
1524 0
1525 0
1526 0
1527 0
1528 0
1529 0
1530 0
1531 0
1532 0
1533 0
1534 0
1535 0
1536 0
1537 0
1538 0
1539 0
1540 0
1541 0
1542 0
1543 0
1544 0
1545 0
1546 0
1547 0
1548 0
1549 0
1550 0
1551 0
1552 0
1553 0
1554 0
1555 0
1556 0
1557 0
1558 0
1559 0
1560 0
1561 0
1562 0
1563 0
1564 0
1565 0
1566 0
1567 0
1568 0
1569 0
1570 0
1571 0
1572 0
1573 0
1574 0
1575 0
1576 0
1577 0
1578 0
1579 0
1580 0
1581 0
1582 0
1583 0
1584 0
1585 0
1586 0
1587 0
1588 0
1589 0
1590 0
1591 0
1592 0
1593 0
1594 0
1595 0
1596 0
1597 0
1598 0
1599 0
1600 0
1601 0
1602 0
1603 0
1604 0
1605 0
1606 0
1607 0
1608 0
1609 0
1610 0
1611 0
1612 0
1613 0
1614 0
1615 0
1616 0
1617 0
1618 0
1619 0
1620 0
1621 0
1622 0
1623 0
1624 0
1625 0
1626 0
1627 0
1628 0
1629 0
1630 0
1631 0
1632 0
1633 0
1634 0
1635 0
1636 0
1637 0
1638 0
1639 0
1640 0
1641 0
1642 0
1643 0
1644 0
1645 0
1646 0
1647 0
1648 0
1649 0
1650 0
1651 0
1652 0
1653 0
1654 0
1655 0
1656 0
1657 0
1658 0
1659 0
1660 0
1661 0
1662 0
1663 0
1664 0
1665 0
1666 0
1667 0
1668 0
1669 0
1670 0
1671 0
1672 0
1673 0
1674 0
1675 0
1676 0
1677 0
1678 0
1679 0
1680 0
1681 0
1682 0
1683 0
1684 0
1685 0
1686 0
1687 0
1688 0
1689 0
1690 0
1691 0
1692 0
1693 0
1694 0
1695 0
1696 0
1697 0
1698 0
1699 0
1700 0
1701 0
1702 0
1703 0
1704 0
1705 0
1706 0
1707 0
1708 0
1709 0
1710 0
1711 0
1712 0
1713 0
1714 0
1715 0
1716 0
1717 0
1718 0
1719 0
1720 0
1721 0
1722 0
1723 0
1724 0
1725 0
1726 0
1727 0
1728 0
1729 0
1730 0
1731 0
1732 0
1733 0
1734 0
1735 0
1736 0
1737 0
1738 0
1739 0
1740 0
1741 0
1742 0
1743 0
1744 0
1745 0
1746 0
1747 0
1748 0
1749 0
1750 0
1751 0
1752 0
1753 0
1754 0
1755 0
1756 0
1757 0
1758 0
1759 0
1760 0
1761 0
1762 0
1763 0
1764 0
1765 0
1766 0
1767 0
1768 0
1769 0
1770 0
1771 0
1772 0
1773 0
1774 0
1775 0
1776 0
1777 0
1778 0
1779 0
1780 0
1781 0
1782 0
1783 0
1784 0
1785 0
1786 0
1787 0
1788 0
1789 0
1790 0
1791 0
1792 0
1793 0
1794 0
1795 0
1796 0
1797 0
1798 0
1799 0
1800 0
1801 0
1802 0
1803 0
1804 0
1805 0
1806 0
1807 0
1808 0
1809 0
1810 0
1811 0
1812 0
1813 0
1814 0
1815 0
1816 0
1817 0
1818 0
1819 0
1820 0
1821 0
1822 0
1823 0
1824 0
1825 0
1826 0
1827 0
1828 0
1829 0
1830 0
1831 0
1832 0
1833 0
1834 0
1835 0
1836 0
1837 0
1838 0
1839 0
1840 0
1841 0
1842 0
1843 0
1844 0
1845 0
1846 0
1847 0
1848 0
1849 0
1850 0
1851 0
1852 0
1853 0
1854 0
1855 0
1856 0
1857 0
1858 0
1859 0
1860 0
1861 0
1862 0
1863 0
1864 0
1865 0
1866 0
1867 0
1868 0
1869 0
1870 0
1871 0
1872 0
1873 0
1874 0
1875 0
1876 0
1877 0
1878 0
1879 0
1880 0
1881 0
1882 0
1883 0
1884 0
1885 0
1886 0
1887 0
1888 0
1889 0
1890 0
1891 0
1892 0
1893 0
1894 0
1895 0
1896 0
1897 0
1898 0
1899 0
1900 0
1901 0
1902 0
1903 0
1904 0
1905 0
1906 0
1907 0
1908 0
1909 0
1910 0
1911 0
1912 0
1913 0
1914 0
1915 0
1916 0
1917 0
1918 0
1919 0
1920 0
1921 0
1922 0
1923 0
1924 0
1925 0
1926 0
1927 0
1928 0
1929 0
1930 0
1931 0
1932 0
1933 0
1934 0
1935 0
1936 0
1937 0
1938 0
1939 0
1940 0
1941 0
1942 0
1943 0
1944 0
1945 0
1946 0
1947 0
1948 0
1949 0
1950 0
1951 0
1952 0
1953 0
1954 0
1955 0
1956 0
1957 0
1958 0
1959 0
1960 0
1961 0
1962 0
1963 0
1964 0
1965 0
1966 0
1967 0
1968 0
1969 0
1970 0
1971 0
1972 0
1973 0
1974 0
1975 0
1976 0
1977 0
1978 0
1979 0
1980 0
1981 0
1982 0
1983 0
1984 0
1985 0
1986 0
1987 0
1988 0
1989 0
1990 0
1991 0
1992 0
1993 0
1994 0
1995 0
1996 0
1997 0
1998 0
1999 0
2000 0
2001 0
2002 0
2003 0
2004 0
2005 0
2006 0
2007 0
2008 0
2009 0
2010 0
2011 0
2012 0
2013 0
2014 0
2015 0
2016 0
2017 0
2018 0
2019 0
2020 0
2021 0
2022 0
2023 0
2024 0
2025 0
2026 0
2027 0
2028 0
2029 0
2030 0
2031 0
2032 0
2033 0
2034 0
2035 0
2036 0
2037 0
2038 0
2039 0
2040 0
2041 0
2042 0
2043 0
2044 0
2045 0
2046 0
2047 0
2048 0
2049 0
2050 0
2051 0
2052 0
2053 0
2054 0
2055 0
2056 0
2057 0
2058 0
2059 0
2060 0
2061 0
2062 0
2063 0
2064 0
2065 0
2066 0
2067 0
2068 0
2069 0
2070 0
2071 0
2072 0
2073 0
2074 0
2075 0
2076 0
2077 0
2078 0
2079 0
2080 0
2081 0
2082 0
2083 0
2084 0
2085 0
2086 0
2087 0
2088 0
2089 0
2090 0
2091 0
2092 0
2093 0
2094 0
2095 0
2096 0
2097 0
2098 0
2099 0
2100 0
2101 0
2102 0
2103 0
2104 0
2105 0
2106 0
2107 0
2108 0
2109 0
2110 0
2111 0
2112 0
2113 0
2114 0
2115 0
2116 0
2117 0
2118 0
2119 0
2120 0
2121 0
2122 0
2123 0
2124 0
2125 0
2126 0
2127 0
2128 0
2129 0
2130 0
2131 0
2132 0
2133 0
2134 0
2135 0
2136 0
2137 0
2138 0
2139 0
2140 0
2141 0
2142 0
2143 0
2144 0
2145 0
2146 0
2147 0
2148 0
2149 0
2150 0
2151 0
2152 0
2153 0
2154 0
2155 0
2156 0
2157 0
2158 0
2159 0
2160 0
2161 0
2162 0
2163 0
2164 0
2165 0
2166 0
2167 0
2168 0
2169 0
2170 0
2171 0
2172 0
2173 0
2174 0
2175 0
2176 0
2177 0
2178 0
2179 0
2180 0
2181 0
2182 0
2183 0
2184 0
2185 0
2186 0
2187 0
2188 0
2189 0
2190 0
2191 0
2192 0
2193 0
2194 0
2195 0
2196 0
2197 0
2198 0
2199 0
2200 0
2201 0
2202 0
2203 0
2204 0
2205 0
2206 0
2207 0
2208 0
2209 0
2210 0
2211 0
2212 0
2213 0
2214 0
2215 0
2216 0
2217 0
2218 0
2219 0
2220 0
2221 0
2222 0
2223 0
2224 0
2225 0
2226 0
2227 0
2228 0
2229 0
2230 0
2231 0
2232 0
2233 0
2234 0
2235 0
2236 0
2237 0
2238 0
2239 0
2240 0
2241 0
2242 0
2243 0
2244 0
2245 0
2246 0
2247 0
2248 0
2249 0
2250 0
2251 0
2252 0
2253 0
2254 0
2255 0
2256 0
2257 0
2258 0
2259 0
2260 0
2261 0
2262 0
2263 0
2264 0
2265 0
2266 0
2267 0
2268 0
2269 0
2270 0
2271 0
2272 0
2273 0
2274 0
2275 0
2276 0
2277 0
2278 0
2279 0
2280 0
2281 0
2282 0
2283 0
2284 0
2285 0
2286 0
2287 0
2288 0
2289 0
2290 0
2291 0
2292 0
2293 0
2294 0
2295 0
2296 0
2297 0
2298 0
2299 0
2300 0
2301 0
2302 0
2303 0
0 48 0.19082
0 1 0.24566
1 49 -1.77509
1 2 -1.03867
2 50 0.81075
2 3 0.31321
3 51 -0.11143
3 4 0.85961
4 52 0.68867
4 5 0.55107
5 53 -0.48551
5 6 -3.35422
6 54 0.32255
6 7 0.12829
7 55 -0.4419
7 8 0.18086
8 56 -0.82455
8 9 -0.38576
9 57 0.62961
9 10 0.0441
10 58 -0.09844
10 11 -0.29552
11 59 1.33995
11 12 0.29884
12 60 1.22045
12 13 1.23878
13 61 2.15835
13 14 -1.06831
14 62 -0.02855
14 15 0.6707
15 63 -0.16346
15 16 -0.81894
16 64 -0.74194
16 17 -0.03089
17 65 -1.67201
17 18 0.83486
18 66 0.0564
18 19 -0.41131
19 67 -2.034
19 20 -0.62306
20 68 0.22753
20 21 0.28265
21 69 1.48734
21 22 0.24482
22 70 0.68432
22 23 -0.32417
23 71 0.28166
23 24 0.4037
24 72 1.16941
24 25 -1.4823
25 73 -0.04074
25 26 -1.16727
26 74 0.91857
26 27 0.12316
27 75 -0.28196
27 28 0.14031
28 76 0.00492
28 29 -1.88926
29 77 0.38748
29 30 -0.30726
30 78 0.64702
30 31 -0.13233
31 79 0.06864
31 32 1.81235
32 80 -1.08199
32 33 -0.28759
33 81 1.17164
33 34 -1.1818
34 82 0.06677
34 35 -0.10228
35 83 -0.93458
35 36 0.15219
36 84 -1.22988
36 37 0.02768
37 85 -1.27107
37 38 -1.58374
38 86 1.22321
38 39 -1.71612
39 87 1.44562
39 40 0.79123
40 88 -0.34736
40 41 -0.67736
41 89 -1.00989
41 42 -0.09868
42 90 0.88947
42 43 0.81658
43 91 0.01978
43 44 -0.31715
44 92 1.75881
44 45 0.01132
45 93 1.10773
45 46 0.46914
46 94 -0.14925
46 47 1.44928
47 95 0.33058
0 47 0.84491
48 96 0.39351
48 49 0.43283
49 97 -0.51313
49 50 0.49341
50 98 -0.40196
50 51 -0.12526
51 99 -1.03457
51 52 0.54396
52 100 -0.84165
52 53 -0.08945
53 101 1.40569
53 54 -0.05006
54 102 0.29946
54 55 0.47475
55 103 0.95415
55 56 0.92687
56 104 -0.84033
56 57 0.45831
57 105 0.65747
57 58 -0.03702
58 106 -0.86387
58 59 -0.39895
59 107 -0.64425
59 60 0.03907
60 108 -0.5489
60 61 1.26826
61 109 1.01019
61 62 -0.23893
62 110 -0.09351
62 63 -0.8321
63 111 0.33671
63 64 -0.09608
64 112 0.96187
64 65 2.42931
65 113 0.07799
65 66 -0.86944
66 114 2.87268
66 67 0.42908
67 115 -0.55602
67 68 -0.50484
68 116 -0.57891
68 69 -0.69605
69 117 1.83633
69 70 0.96726
70 118 1.46445
70 71 1.26534
71 119 -0.38352
71 72 1.41854
72 120 -0.27974
72 73 -1.57698
73 121 -0.40192
73 74 -1.08574
74 122 1.17643
74 75 0.75763
75 123 1.91614
75 76 0.72966
76 124 -0.39419
76 77 -0.44422
77 125 -0.16653
77 78 -1.65689
78 126 -0.60065
78 79 0.36487
79 127 0.04492
79 80 0.1219
80 128 0.76797
80 81 -1.23793
81 129 -0.06625
81 82 0.66121
82 130 -0.30422
82 83 0.82523
83 131 0.10364
83 84 -0.53584
84 132 0.98973
84 85 -1.0479
85 133 1.32371
85 86 0.4452
86 134 -0.61314
86 87 0.49706
87 135 0.52866
87 88 0.89902
88 136 0.83592
88 89 -1.43978
89 137 0.65927
89 90 0.23707
90 138 2.12247
90 91 -1.70059
91 139 -0.60455
91 92 -0.58115
92 140 -0.35582
92 93 -1.46245
93 141 2.4971
93 94 -1.19755
94 142 -0.57722
94 95 -0.73978
95 143 1.43449
48 95 -2.28066
96 144 2.28813
96 97 0.30037
97 145 1.62093
97 98 -0.28533
98 146 0.01455
98 99 -0.3662
99 147 -1.63683
99 100 0.7156
100 148 0.13188
100 101 -1.96735
101 149 -1.48425
101 102 -0.06937
102 150 0.24502
102 103 0.11148
103 151 -0.62097
103 104 0.55969
104 152 0.30261
104 105 0.8298
105 153 -1.06476
105 106 0.73628
106 154 -0.27584
106 107 0.49432
107 155 0.06027
107 108 1.04571
108 156 0.6079
108 109 -0.02576
109 157 -0.28921
109 110 -0.62562
110 158 0.61411
110 111 0.88245
111 159 0.24151
111 112 0.94637
112 160 1.25903
112 113 -1.01082
113 161 0.3528
113 114 -0.37995
114 162 1.07691
114 115 1.12403
115 163 -0.18227
115 116 -0.21035
116 164 1.38582
116 117 0.58835
117 165 -0.39178
117 118 0.71376
118 166 0.82627
118 119 2.14579
119 167 -0.9197
119 120 1.31955
120 168 -0.17074
120 121 0.75081
121 169 -0.33588
121 122 1.34909
122 170 -0.95764
122 123 -0.15034
123 171 -0.27582
123 124 -0.72009
124 172 1.3055
124 125 -1.79601
125 173 -2.96519
125 126 -0.41511
126 174 0.40257
126 127 0.75198
127 175 -0.62384
127 128 -1.07409
128 176 -1.48532
128 129 1.87213
129 177 -0.79159
129 130 -0.5501
130 178 -0.53228
130 131 1.49658
131 179 0.0964
131 132 0.70411
132 180 -0.18602
132 133 -0.9418
133 181 1.80543
133 134 -0.40924
134 182 1.20532
134 135 -1.15637
135 183 -0.31271
135 136 -0.24887
136 184 0.06338
136 137 0.61591
137 185 1.17164
137 138 -0.49034
138 186 1.36861
138 139 1.92421
139 187 0.02488
139 140 -1.23555
140 188 0.94815
140 141 -0.45188
141 189 0.23854
141 142 0.07361
142 190 -0.56011
142 143 1.15008
143 191 0.70937
96 143 0.71554
144 192 0.49665
144 145 -0.7364
145 193 -0.23356
145 146 -0.23457
146 194 -0.27233
146 147 -0.57019
147 195 1.38228
147 148 -0.27333
148 196 0.15176
148 149 1.01053
149 197 -0.57819
149 150 -1.05452
150 198 1.26496
150 151 1.7114
151 199 2.47064
151 152 -0.0533
152 200 -2.09043
152 153 -0.07744
153 201 -0.96973
153 154 -2.54445
154 202 1.96722
154 155 -0.26776
155 203 -0.8314
155 156 0.23915
156 204 2.26062
156 157 0.85365
157 205 1.33357
157 158 0.72105
158 206 0.97287
158 159 -0.37767
159 207 0.80669
159 160 -0.83079
160 208 0.02339
160 161 -0.53549
161 209 -2.06274
161 162 1.23875
162 210 -0.1012
162 163 0.01513
163 211 0.29228
163 164 -1.2803
164 212 1.62852
164 165 1.99206
165 213 1.72307
165 166 0.76742
166 214 0.8222
166 167 -0.07039
167 215 -0.56845
167 168 -1.73551
168 216 -0.25269
168 169 1.35601
169 217 0.28375
169 170 1.68028
170 218 0.06041
170 171 -2.36666
171 219 2.05845
171 172 1.89432
172 220 -1.42012
172 173 0.89255
173 221 1.88089
173 174 -1.12836
174 222 -0.30071
174 175 0.0631
175 223 0.99838
175 176 1.43325
176 224 0.13775
176 177 1.26794
177 225 -1.41143
177 178 -1.5167
178 226 0.74448
178 179 0.62637
179 227 -1.0232
179 180 1.76473
180 228 -0.35501
180 181 -0.59141
181 229 0.34668
181 182 1.19061
182 230 -0.39609
182 183 -0.19429
183 231 -1.31058
183 184 -2.55196
184 232 -0.89958
184 185 -2.31821
185 233 -0.16776
185 186 0.4479
186 234 2.31823
186 187 0.5189
187 235 -0.8344
187 188 1.36699
188 236 0.10623
188 189 1.12463
189 237 -1.24566
189 190 -0.02979
190 238 1.11528
190 191 -0.26257
191 239 0.08147
144 191 -0.69362
192 240 -0.41921
192 193 1.15635
193 241 -0.5923
193 194 1.2939
194 242 0.32805
194 195 -0.30245
195 243 -0.83719
195 196 0.59663
196 244 1.18407
196 197 0.79039
197 245 0.19095
197 198 1.02376
198 246 1.40719
198 199 0.73074
199 247 0.05407
199 200 1.58223
200 248 -0.30377
200 201 -1.10664
201 249 -1.05195
201 202 -1.48403
202 250 0.06206
202 203 1.66364
203 251 0.50557
203 204 -0.1352
204 252 0.01642
204 205 -1.06399
205 253 0.01896
205 206 1.08469
206 254 -1.51633
206 207 0.90522
207 255 -1.19301
207 208 -0.08542
208 256 -0.55991
208 209 -0.7293
209 257 0.12725
209 210 -1.03712
210 258 1.77126
210 211 0.28162
211 259 -1.48728
211 212 0.66863
212 260 0.57446
212 213 -0.69542
213 261 0.46088
213 214 1.14583
214 262 0.47452
214 215 -1.60331
215 263 -0.49769
215 216 1.58917
216 264 -0.30413
216 217 0.73126
217 265 0.15304
217 218 -0.32961
218 266 1.72534
218 219 -0.55477
219 267 -0.32548
219 220 -0.30228
220 268 0.16976
220 221 -1.96234
221 269 -1.53236
221 222 0.21596
222 270 -0.1305
222 223 -2.70651
223 271 -2.17351
223 224 -3.11531
224 272 -0.05863
224 225 -0.12215
225 273 0.07506
225 226 -0.08798
226 274 0.67913
226 227 0.12036
227 275 0.26743
227 228 1.71627
228 276 0.46806
228 229 -0.93535
229 277 -0.67995
229 230 1.04419
230 278 -1.61219
230 231 1.28149
231 279 1.31611
231 232 -0.39215
232 280 -0.62453
232 233 0.29888
233 281 0.49538
233 234 0.15452
234 282 -0.65503
234 235 -1.39519
235 283 -0.44806
235 236 -1.23522
236 284 -0.39271
236 237 -0.14878
237 285 0.81522
237 238 0.29819
238 286 1.11333
238 239 -0.88208
239 287 -2.03993
192 239 -0.4359
240 288 0.24362
240 241 -0.95116
241 289 -0.44338
241 242 0.10654
242 290 1.1319
242 243 -1.28936
243 291 0.65928
243 244 1.09727
244 292 0.62919
244 245 1.20641
245 293 -1.00688
245 246 -1.11803
246 294 -1.82555
246 247 1.86056
247 295 -2.23559
247 248 -0.46159
248 296 -0.6227
248 249 0.70483
249 297 0.7638
249 250 -1.3746
250 298 0.50006
250 251 0.6012
251 299 0.42144
251 252 1.66687
252 300 0.14156
252 253 -0.26066
253 301 -0.14528
253 254 0.33544
254 302 -2.09752
254 255 -1.73109
255 303 0.14372
255 256 -1.11321
256 304 -0.6445
256 257 0.5771
257 305 0.2111
257 258 -1.69261
258 306 1.48782
258 259 -0.51024
259 307 1.76469
259 260 0.14443
260 308 1.87547
260 261 -1.58336
261 309 0.62443
261 262 -0.48812
262 310 0.8618
262 263 1.13056
263 311 0.9564
263 264 1.80198
264 312 -0.76601
264 265 -0.01917
265 313 0.02003
265 266 0.85123
266 314 0.75045
266 267 -0.28125
267 315 1.18998
267 268 0.90976
268 316 0.26925
268 269 0.83483
269 317 0.78455
269 270 0.25493
270 318 0.39124
270 271 2.68925
271 319 0.78153
271 272 0.05189
272 320 0.93861
272 273 0.05038
273 321 -0.74758
273 274 -0.75249
274 322 -0.31088
274 275 -0.2407
275 323 0.01857
275 276 -0.43285
276 324 0.4076
276 277 0.6846
277 325 -1.02161
277 278 -0.41799
278 326 2.03924
278 279 -1.30067
279 327 1.35104
279 280 -1.10643
280 328 0.5161
280 281 -0.40375
281 329 -0.00183
281 282 -1.08886
282 330 0.43635
282 283 -0.12072
283 331 0.76813
283 284 0.0915
284 332 1.37638
284 285 2.06217
285 333 0.60114
285 286 -1.08402
286 334 -0.4302
286 287 1.82028
287 335 -0.44918
240 287 0.27735
288 336 1.18014
288 289 -0.26538
289 337 -0.39673
289 290 -1.98412
290 338 1.43311
290 291 -0.12263
291 339 -0.26633
291 292 0.70965
292 340 -0.20585
292 293 -0.45964
293 341 -1.3563
293 294 0.972
294 342 -0.99733
294 295 1.08343
295 343 0.60516
295 296 -1.09131
296 344 -1.96377
296 297 0.98355
297 345 0.4001
297 298 2.02227
298 346 0.51774
298 299 -0.68121
299 347 1.78263
299 300 0.05098
300 348 2.06221
300 301 1.29281
301 349 2.34661
301 302 -0.21851
302 350 -0.82899
302 303 -1.6088
303 351 0.26139
303 304 -1.00107
304 352 -0.86141
304 305 0.0553
305 353 -0.5689
305 306 -0.97077
306 354 -0.86854
306 307 -1.28383
307 355 -1.28187
307 308 -0.3462
308 356 1.75326
308 309 0.78811
309 357 -0.77153
309 310 -0.39585
310 358 0.4999
310 311 -0.96068
311 359 2.77549
311 312 -0.12243
312 360 0.80676
312 313 -1.08311
313 361 0.21724
313 314 0.89085
314 362 -0.96229
314 315 -2.39203
315 363 0.94066
315 316 0.14871
316 364 0.81258
316 317 0.90354
317 365 0.57039
317 318 -0.53366
318 366 1.09298
318 319 0.97102
319 367 -1.87878
319 320 -0.73658
320 368 1.97877
320 321 -1.15825
321 369 -0.93805
321 322 0.5353
322 370 0.01031
322 323 0.46586
323 371 -1.15519
323 324 -1.168
324 372 0.19237
324 325 1.11473
325 373 -0.61156
325 326 1.06293
326 374 0.0884
326 327 -0.56276
327 375 -0.70375
327 328 -0.58903
328 376 0.59094
328 329 1.11031
329 377 -0.09739
329 330 -0.60558
330 378 1.01837
330 331 -2.30251
331 379 -1.52959
331 332 1.62693
332 380 -0.08376
332 333 0.93351
333 381 -1.47861
333 334 0.51892
334 382 1.3659
334 335 -0.31946
335 383 -1.6523
288 335 0.21548
336 384 0.49818
336 337 0.04053
337 385 -0.36928
337 338 0.30219
338 386 -0.73009
338 339 -0.08034
339 387 -0.38248
339 340 0.22856
340 388 -1.25678
340 341 -0.68361
341 389 0.2456
341 342 0.85309
342 390 -0.1947
342 343 0.60204
343 391 -1.27606
343 344 -2.39317
344 392 -0.73638
344 345 -0.67841
345 393 0.59185
345 346 2.15564
346 394 -0.91225
346 347 0.59772
347 395 0.5356
347 348 0.0219
348 396 -0.61645
348 349 -0.82834
349 397 0.44378
349 350 -1.10936
350 398 -0.96936
350 351 0.33879
351 399 -1.04189
351 352 -1.251
352 400 -1.64192
352 353 1.09922
353 401 0.46576
353 354 -1.56798
354 402 -1.62221
354 355 -0.70502
355 403 -1.71175
355 356 -1.07501
356 404 0.45467
356 357 1.1279
357 405 -0.14995
357 358 -0.75615
358 406 -1.31002
358 359 0.88744
359 407 1.88785
359 360 1.69428
360 408 0.21117
360 361 -0.11956
361 409 -1.02137
361 362 0.33752
362 410 0.67869
362 363 -0.17434
363 411 -1.14519
363 364 0.24451
364 412 -0.72837
364 365 0.40986
365 413 -1.35916
365 366 -0.66484
366 414 -0.60102
366 367 -1.26193
367 415 0.32624
367 368 2.12198
368 416 1.04854
368 369 0.98589
369 417 -2.23413
369 370 -0.27319
370 418 0.01155
370 371 0.15856
371 419 0.95987
371 372 -1.60606
372 420 0.29468
372 373 -1.20197
373 421 -0.29551
373 374 -0.41376
374 422 0.6965
374 375 -0.75257
375 423 -1.80203
375 376 0.1665
376 424 -0.11403
376 377 0.51688
377 425 -0.75754
377 378 1.15244
378 426 1.04681
378 379 1.36115
379 427 -1.47252
379 380 -0.21087
380 428 0.93662
380 381 -0.6469
381 429 -0.93401
381 382 -0.82489
382 430 -0.90217
382 383 -0.48698
383 431 -0.95312
336 383 -0.81297
384 432 0.17293
384 385 -0.48767
385 433 0.09388
385 386 -0.68031
386 434 -1.61456
386 387 0.45597
387 435 -1.63824
387 388 -0.87115
388 436 2.03265
388 389 -0.41725
389 437 -1.06083
389 390 0.4811
390 438 -1.94574
390 391 1.022
391 439 -0.20517
391 392 0.98151
392 440 0.32716
392 393 1.29481
393 441 -0.706
393 394 0.87568
394 442 -0.02643
394 395 1.08822
395 443 -1.66242
395 396 0.74923
396 444 0.31
396 397 1.24324
397 445 -0.24909
397 398 0.60471
398 446 -0.17444
398 399 0.70826
399 447 -1.86319
399 400 2.90736
400 448 0.46776
400 401 0.27476
401 449 0.75266
401 402 -0.83205
402 450 -1.20031
402 403 0.1219
403 451 -0.39925
403 404 -0.34342
404 452 -0.73078
404 405 0.04977
405 453 0.17034
405 406 -1.27461
406 454 -1.29765
406 407 0.79312
407 455 -0.86845
407 408 0.31335
408 456 -0.68917
408 409 -1.2125
409 457 -0.07133
409 410 -1.14724
410 458 1.89123
410 411 -1.52807
411 459 -0.07272
411 412 1.62136
412 460 -2.3813
412 413 -0.88218
413 461 0.01662
413 414 1.63516
414 462 -0.19218
414 415 -0.0803
415 463 -0.1815
415 416 0.12636
416 464 -0.58632
416 417 1.77672
417 465 0.63277
417 418 -0.11286
418 466 -0.40033
418 419 -0.77749
419 467 -0.53451
419 420 -0.70459
420 468 0.26509
420 421 0.72308
421 469 -0.21254
421 422 1.21248
422 470 -0.62768
422 423 0.80912
423 471 1.40677
423 424 1.66927
424 472 -0.16499
424 425 0.66529
425 473 1.98795
425 426 0.12177
426 474 -1.24909
426 427 -0.26457
427 475 -0.28049
427 428 0.69627
428 476 0.1561
428 429 1.6002
429 477 -0.74856
429 430 1.5323
430 478 -0.04777
430 431 0.3403
431 479 -0.37428
384 431 0.86974
432 480 0.41331
432 433 -0.48474
433 481 -0.85591
433 434 0.75059
434 482 -1.6033
434 435 -1.02124
435 483 -0.06677
435 436 -0.17201
436 484 0.74947
436 437 -0.75565
437 485 0.53762
437 438 -0.06727
438 486 -0.16124
438 439 -0.91389
439 487 -0.6276
439 440 1.13182
440 488 -1.19461
440 441 -0.43785
441 489 0.98531
441 442 0.11766
442 490 0.97287
442 443 0.97952
443 491 0.00688
443 444 -0.99705
444 492 0.05646
444 445 -0.76466
445 493 -0.17572
445 446 1.16042
446 494 -1.53787
446 447 0.92328
447 495 0.65861
447 448 -1.16791
448 496 -1.84952
448 449 -0.61957
449 497 0.05742
449 450 0.37216
450 498 -1.38519
450 451 -1.31508
451 499 2.22719
451 452 0.18058
452 500 0.83159
452 453 0.06836
453 501 0.35687
453 454 0.27212
454 502 0.38743
454 455 0.69922
455 503 1.64174
455 456 -1.27453
456 504 -0.90358
456 457 1.17625
457 505 -1.37997
457 458 -0.79565
458 506 -1.51076
458 459 0.6543
459 507 0.74146
459 460 -0.14672
460 508 -0.80295
460 461 1.20091
461 509 1.10579
461 462 1.00711
462 510 1.43542
462 463 0.24549
463 511 0.11826
463 464 -0.10987
464 512 0.39595
464 465 1.27745
465 513 1.17387
465 466 0.64774
466 514 -0.41636
466 467 -0.05035
467 515 -1.74624
467 468 2.77916
468 516 -1.22585
468 469 -0.314
469 517 1.20829
469 470 2.92224
470 518 -0.11543
470 471 -0.66573
471 519 0.15247
471 472 -0.29251
472 520 1.05448
472 473 0.67499
473 521 -0.15348
473 474 0.3365
474 522 0.71476
474 475 1.90293
475 523 1.21281
475 476 -0.02897
476 524 -1.38899
476 477 -0.89921
477 525 0.15886
477 478 -1.44599
478 526 0.31864
478 479 0.06619
479 527 -1.51159
432 479 -0.21845
480 528 -0.69655
480 481 0.836
481 529 -0.24278
481 482 -1.66937
482 530 1.80028
482 483 0.19414
483 531 1.41514
483 484 0.0763
484 532 0.49836
484 485 -0.02867
485 533 -0.07837
485 486 1.98072
486 534 -0.00554
486 487 0.34677
487 535 2.06419
487 488 -1.70223
488 536 0.15356
488 489 0.30843
489 537 0.11538
489 490 -0.09734
490 538 -1.2803
490 491 -1.31465
491 539 1.02342
491 492 0.36502
492 540 0.04718
492 493 1.47112
493 541 0.20296
493 494 0.12415
494 542 0.41044
494 495 -1.44172
495 543 0.14735
495 496 1.04079
496 544 1.1286
496 497 1.29479
497 545 0.28193
497 498 -1.28106
498 546 0.26913
498 499 0.83652
499 547 0.44079
499 500 1.99073
500 548 0.7594
500 501 -0.60575
501 549 -0.45232
501 502 -1.00582
502 550 -0.50888
502 503 -0.32939
503 551 -1.1845
503 504 -1.95047
504 552 -0.45012
504 505 -0.82694
505 553 -0.98853
505 506 0.18388
506 554 0.55271
506 507 1.04467
507 555 -0.58141
507 508 0.58256
508 556 -1.04829
508 509 -0.39805
509 557 0.72156
509 510 -0.86241
510 558 -1.23535
510 511 -0.29345
511 559 1.70122
511 512 0.35551
512 560 0.87029
512 513 -0.30574
513 561 1.54007
513 514 -1.07099
514 562 1.20134
514 515 1.70061
515 563 0.87355
515 516 0.65757
516 564 -0.29232
516 517 -0.91945
517 565 1.93075
517 518 -0.22936
518 566 1.62764
518 519 -0.37584
519 567 1.15182
519 520 0.0954
520 568 2.0987
520 521 1.26661
521 569 0.21155
521 522 -1.29379
522 570 -0.22507
522 523 -0.78877
523 571 1.24018
523 524 -0.98199
524 572 -0.40492
524 525 1.21348
525 573 -1.66368
525 526 -0.25296
526 574 -0.3231
526 527 -0.01581
527 575 -0.92709
480 527 -0.1796
528 576 0.33814
528 529 0.53319
529 577 -0.80452
529 530 -0.69255
530 578 -0.9244
530 531 -1.00106
531 579 -0.86217
531 532 -0.1466
532 580 1.19745
532 533 0.44556
533 581 -0.83825
533 534 0.2846
534 582 0.49863
534 535 -0.43336
535 583 1.34238
535 536 -1.82121
536 584 0.08742
536 537 0.23719
537 585 1.94396
537 538 -0.26241
538 586 -0.21099
538 539 0.41669
539 587 -0.55906
539 540 -0.53701
540 588 -0.03642
540 541 0.55872
541 589 1.06022
541 542 0.51538
542 590 1.66439
542 543 1.44348
543 591 -1.62937
543 544 0.03853
544 592 0.58393
544 545 1.61628
545 593 0.7869
545 546 1.74815
546 594 -0.76199
546 547 0.23766
547 595 0.12773
547 548 -1.02923
548 596 1.62662
548 549 0.98209
549 597 -0.03393
549 550 -0.96284
550 598 -0.87799
550 551 -2.26227
551 599 0.13159
551 552 0.17906
552 600 0.71821
552 553 0.4699
553 601 0.69636
553 554 0.36196
554 602 -0.07707
554 555 1.73982
555 603 -0.34178
555 556 0.66387
556 604 -1.06939
556 557 -0.35298
557 605 0.75655
557 558 -0.78013
558 606 -0.00493
558 559 -0.94198
559 607 0.3015
559 560 -0.81459
560 608 0.37543
560 561 -1.97314
561 609 1.44019
561 562 0.61203
562 610 1.45108
562 563 -0.1269
563 611 0.77891
563 564 -0.59128
564 612 -0.55685
564 565 0.7033
565 613 1.59532
565 566 1.3287
566 614 -0.88927
566 567 0.00162
567 615 0.56376
567 568 -0.00814
568 616 0.00207
568 569 1.44021
569 617 0.61854
569 570 -0.39606
570 618 1.34031
570 571 0.67811
571 619 -1.80248
571 572 -0.63738
572 620 0.51238
572 573 -0.95174
573 621 -0.85199
573 574 1.90999
574 622 -0.89923
574 575 0.22775
575 623 -0.26259
528 575 0.98746
576 624 -0.07086
576 577 -0.5526
577 625 -0.50834
577 578 -0.95451
578 626 -0.89326
578 579 0.84398
579 627 -0.47578
579 580 1.4988
580 628 0.55007
580 581 0.64333
581 629 -1.02558
581 582 0.00236
582 630 0.73685
582 583 -0.95552
583 631 0.83384
583 584 0.25419
584 632 0.09217
584 585 -0.06988
585 633 1.88884
585 586 0.05002
586 634 -0.09703
586 587 0.63317
587 635 0.42238
587 588 0.13684
588 636 -0.61831
588 589 0.17275
589 637 -1.15132
589 590 0.78968
590 638 0.20735
590 591 -0.80217
591 639 0.79209
591 592 -0.59153
592 640 -0.51688
592 593 1.14423
593 641 -0.32843
593 594 0.37764
594 642 0.04309
594 595 -0.9188
595 643 -0.83932
595 596 -0.40445
596 644 0.52111
596 597 0.52484
597 645 0.11584
597 598 0.46945
598 646 1.0285
598 599 -1.48478
599 647 -0.52928
599 600 -0.95077
600 648 -0.2912
600 601 -0.24853
601 649 -0.14306
601 602 -0.59171
602 650 -2.18535
602 603 -1.82397
603 651 -0.72928
603 604 -0.66378
604 652 0.33192
604 605 2.49613
605 653 1.48155
605 606 0.92578
606 654 1.56845
606 607 0.85965
607 655 -0.59646
607 608 0.45818
608 656 -1.35334
608 609 -0.57364
609 657 -2.37009
609 610 -1.24317
610 658 -0.24603
610 611 -0.44605
611 659 0.39236
611 612 0.73379
612 660 0.3074
612 613 0.08292
613 661 0.82804
613 614 -0.48346
614 662 0.29294
614 615 -0.72938
615 663 -0.14096
615 616 0.29903
616 664 0.22606
616 617 2.22531
617 665 -1.1008
617 618 1.23144
618 666 0.27186
618 619 0.55374
619 667 -0.94902
619 620 -0.35557
620 668 -1.58094
620 621 -1.08921
621 669 0.20808
621 622 0.70148
622 670 -2.03416
622 623 0.49284
623 671 -2.58215
576 623 0.60451
624 672 0.31222
624 625 -0.19276
625 673 0.32125
625 626 -0.25154
626 674 -1.23443
626 627 -0.7185
627 675 -0.42985
627 628 -1.31348
628 676 -0.15916
628 629 0.64282
629 677 0.05886
629 630 1.28995
630 678 1.12028
630 631 -0.30349
631 679 0.17087
631 632 -1.32797
632 680 2.35122
632 633 -0.88761
633 681 1.09946
633 634 0.44375
634 682 -0.52071
634 635 -0.62362
635 683 1.03841
635 636 -1.46818
636 684 -1.90168
636 637 -0.01981
637 685 0.11316
637 638 1.02211
638 686 1.2776
638 639 1.45574
639 687 -0.5115
639 640 0.90908
640 688 2.48519
640 641 -2.00423
641 689 0.64331
641 642 -1.57689
642 690 1.05405
642 643 -0.3198
643 691 -0.17747
643 644 -0.98169
644 692 0.88384
644 645 1.552
645 693 -1.09673
645 646 0.3909
646 694 -0.40548
646 647 -0.22351
647 695 -0.40467
647 648 -0.91217
648 696 0.83466
648 649 -0.62784
649 697 0.20201
649 650 -0.45579
650 698 1.31871
650 651 0.39434
651 699 0.93767
651 652 -0.35605
652 700 -0.20925
652 653 -0.4396
653 701 0.24323
653 654 1.10833
654 702 0.04824
654 655 -1.52484
655 703 -0.33631
655 656 0.39181
656 704 -0.22371
656 657 -1.57099
657 705 1.31598
657 658 -2.92373
658 706 -0.27694
658 659 0.4548
659 707 0.66672
659 660 0.66423
660 708 -0.35387
660 661 -1.31734
661 709 0.37251
661 662 0.94903
662 710 0.2411
662 663 0.95634
663 711 0.48346
663 664 1.08411
664 712 0.43991
664 665 -1.13674
665 713 -0.29705
665 666 -0.04407
666 714 0.03508
666 667 -0.82477
667 715 -0.45889
667 668 -0.55912
668 716 -0.9528
668 669 1.16953
669 717 0.22499
669 670 -1.30753
670 718 0.10529
670 671 0.43389
671 719 0.07705
624 671 -1.05963
672 720 -0.21739
672 673 1.7878
673 721 0.49172
673 674 0.18695
674 722 -0.56812
674 675 -1.16422
675 723 -1.41555
675 676 -1.13242
676 724 -0.39357
676 677 -0.06448
677 725 0.10191
677 678 0.82961
678 726 0.94151
678 679 1.03094
679 727 1.54304
679 680 -0.65187
680 728 0.58502
680 681 -0.11155
681 729 0.1138
681 682 -0.63954
682 730 0.05003
682 683 -0.53516
683 731 0.02893
683 684 2.04621
684 732 2.07812
684 685 0.43837
685 733 0.97192
685 686 -0.63518
686 734 -0.30683
686 687 -0.18804
687 735 -1.09517
687 688 -0.1356
688 736 0.26047
688 689 1.20046
689 737 -0.60483
689 690 1.77778
690 738 -0.53214
690 691 -0.26167
691 739 0.42906
691 692 -1.20736
692 740 0.43774
692 693 0.59511
693 741 0.77346
693 694 0.18171
694 742 0.11701
694 695 0.40675
695 743 0.13168
695 696 -0.48879
696 744 -0.69839
696 697 0.27968
697 745 0.33978
697 698 -0.43795
698 746 -0.4182
698 699 0.48788
699 747 -0.42995
699 700 1.03821
700 748 0.0475
700 701 0.68267
701 749 -0.35175
701 702 -2.19297
702 750 0.15919
702 703 -0.91099
703 751 -0.2956
703 704 -0.58726
704 752 0.61723
704 705 -2.93024
705 753 0.29098
705 706 -0.30459
706 754 1.03284
706 707 -1.14129
707 755 -0.27557
707 708 1.3544
708 756 -0.89593
708 709 -0.64197
709 757 0.26141
709 710 0.37171
710 758 0.4377
710 711 -0.19799
711 759 3.23377
711 712 3.59327
712 760 0.4449
712 713 -0.65876
713 761 -0.00601
713 714 0.69425
714 762 -1.05334
714 715 -1.4359
715 763 -1.60831
715 716 0.5609
716 764 0.53601
716 717 0.21875
717 765 -0.11987
717 718 -1.3885
718 766 -0.36492
718 719 0.32282
719 767 -0.28212
672 719 -2.13239
720 768 -1.14122
720 721 -0.88093
721 769 -1.03498
721 722 0.18806
722 770 0.8275
722 723 0.69205
723 771 0.01613
723 724 -0.08571
724 772 -1.01719
724 725 -0.91942
725 773 -1.21669
725 726 -0.93677
726 774 -1.21429
726 727 0.13485
727 775 -1.29096
727 728 -0.50665
728 776 -0.13847
728 729 0.20708
729 777 0.51873
729 730 -0.59417
730 778 0.25161
730 731 2.18767
731 779 0.5313
731 732 2.53207
732 780 0.09179
732 733 -1.1926
733 781 -0.38174
733 734 0.25504
734 782 0.59406
734 735 1.49699
735 783 -0.18178
735 736 1.24891
736 784 0.37639
736 737 -0.20206
737 785 0.51327
737 738 -0.93753
738 786 -0.2811
738 739 1.2125
739 787 -0.33055
739 740 0.98904
740 788 0.69863
740 741 0.79245
741 789 -0.73638
741 742 0.22012
742 790 0.8766
742 743 -0.57151
743 791 -0.744
743 744 -0.7052
744 792 -1.1899
744 745 -0.33264
745 793 1.34456
745 746 -1.35334
746 794 1.56435
746 747 -0.59264
747 795 -0.33776
747 748 -1.42298
748 796 -1.63495
748 749 -0.71071
749 797 2.13934
749 750 -0.35449
750 798 -0.47036
750 751 -0.89333
751 799 0.48565
751 752 0.17027
752 800 1.04266
752 753 0.11455
753 801 -0.8661
753 754 -0.02404
754 802 -0.30887
754 755 -1.55788
755 803 -1.31676
755 756 1.12997
756 804 -0.69432
756 757 -1.4117
757 805 -0.15646
757 758 2.07876
758 806 1.05432
758 759 0.36265
759 807 -1.78895
759 760 -2.73704
760 808 -0.04216
760 761 -0.81838
761 809 1.44144
761 762 0.64236
762 810 -0.81373
762 763 0.63088
763 811 -0.67899
763 764 -1.14452
764 812 0.7679
764 765 0.4903
765 813 -2.20572
765 766 -0.48992
766 814 0.65492
766 767 -0.70139
767 815 -1.29055
720 767 -1.16629
768 816 0.08965
768 769 -0.72349
769 817 -1.34746
769 770 -1.77773
770 818 1.21115
770 771 1.73224
771 819 -2.13483
771 772 -1.13204
772 820 0.6511
772 773 -1.00067
773 821 0.44388
773 774 0.39748
774 822 -1.03857
774 775 -1.03393
775 823 0.38224
775 776 -0.13727
776 824 0.35027
776 777 1.52281
777 825 0.62235
777 778 0.05727
778 826 -0.97895
778 779 0.51181
779 827 -0.41894
779 780 0.28171
780 828 -0.61446
780 781 0.28998
781 829 1.16328
781 782 -1.60573
782 830 0.12948
782 783 -1.55774
783 831 -1.45574
783 784 -0.34733
784 832 0.69027
784 785 -0.05257
785 833 0.03314
785 786 1.91704
786 834 0.45555
786 787 -1.25476
787 835 -0.66674
787 788 0.02433
788 836 0.22685
788 789 -1.61764
789 837 -0.12225
789 790 0.00162
790 838 0.03353
790 791 0.43113
791 839 1.36305
791 792 -1.88187
792 840 -0.16861
792 793 -0.41324
793 841 0.01773
793 794 -0.89864
794 842 0.11543
794 795 0.19607
795 843 -0.20712
795 796 -1.17551
796 844 0.22557
796 797 -0.65604
797 845 0.32441
797 798 1.21606
798 846 1.22462
798 799 -1.26995
799 847 1.49747
799 800 0.0137
800 848 0.47127
800 801 0.00397
801 849 0.78108
801 802 1.10079
802 850 -0.01235
802 803 0.32807
803 851 -0.1535
803 804 -0.89146
804 852 0.45803
804 805 -2.60016
805 853 1.05415
805 806 -1.43129
806 854 0.32629
806 807 -0.3966
807 855 -0.64556
807 808 0.49192
808 856 -0.65281
808 809 -0.52109
809 857 -3.0714
809 810 0.12902
810 858 0.63932
810 811 -0.88847
811 859 -0.67884
811 812 0.84307
812 860 2.47999
812 813 2.34635
813 861 0.73075
813 814 -1.07491
814 862 -2.47829
814 815 2.34464
815 863 0.38205
768 815 0.17082
816 864 -0.08315
816 817 0.49778
817 865 0.98102
817 818 0.47974
818 866 -0.00614
818 819 1.95507
819 867 1.42249
819 820 -1.5443
820 868 1.09733
820 821 0.43049
821 869 -0.23499
821 822 0.14483
822 870 0.76999
822 823 -1.06459
823 871 -1.00731
823 824 2.38932
824 872 -0.02664
824 825 -0.93819
825 873 0.40434
825 826 0.8692
826 874 0.38226
826 827 -0.38242
827 875 -0.49476
827 828 0.84446
828 876 -1.04425
828 829 -0.93918
829 877 -1.13109
829 830 -0.83896
830 878 -0.92118
830 831 1.27585
831 879 0.92273
831 832 -0.20256
832 880 0.83693
832 833 0.25864
833 881 -1.25642
833 834 -0.23472
834 882 -0.41237
834 835 -0.64817
835 883 0.81704
835 836 1.11111
836 884 -0.16302
836 837 0.69236
837 885 0.86108
837 838 -0.2427
838 886 -1.12907
838 839 1.08413
839 887 -0.9239
839 840 -1.96247
840 888 1.12625
840 841 1.08416
841 889 0.36543
841 842 0.40084
842 890 -0.9783
842 843 -0.47856
843 891 0.38187
843 844 -1.47894
844 892 -1.41237
844 845 -0.66957
845 893 -0.10607
845 846 -0.02703
846 894 1.53494
846 847 1.61521
847 895 -0.08641
847 848 -0.72244
848 896 1.21944
848 849 -0.17767
849 897 -1.24106
849 850 1.40624
850 898 2.16878
850 851 0.56
851 899 -0.81404
851 852 -0.20015
852 900 -0.89067
852 853 1.63618
853 901 -0.22994
853 854 -1.20624
854 902 -0.3704
854 855 1.09196
855 903 -1.05501
855 856 0.79563
856 904 1.1204
856 857 -0.42221
857 905 -0.73739
857 858 -0.60438
858 906 0.85538
858 859 -0.86624
859 907 0.09807
859 860 0.7774
860 908 -1.86786
860 861 0.08504
861 909 1.60603
861 862 -0.32609
862 910 -0.82238
862 863 0.7116
863 911 -0.45959
816 863 -0.14468
864 912 -0.07414
864 865 -0.2677
865 913 0.61429
865 866 -0.0565
866 914 1.83666
866 867 -0.554
867 915 -0.43201
867 868 2.85735
868 916 -0.50172
868 869 -0.94681
869 917 -0.47699
869 870 0.46667
870 918 0.27588
870 871 -0.16145
871 919 -1.67593
871 872 0.19716
872 920 -1.17618
872 873 -0.26296
873 921 2.47603
873 874 -2.02846
874 922 -0.24235
874 875 0.96869
875 923 1.36942
875 876 -0.67107
876 924 0.59151
876 877 -0.61556
877 925 -0.11821
877 878 -0.73796
878 926 -0.13085
878 879 0.71609
879 927 -1.83259
879 880 1.35045
880 928 0.89376
880 881 0.4176
881 929 -0.91247
881 882 -0.85768
882 930 -0.44371
882 883 -0.36875
883 931 -1.80206
883 884 -0.25856
884 932 -0.78142
884 885 1.42069
885 933 -1.82482
885 886 1.77224
886 934 -1.21133
886 887 -2.11846
887 935 1.03504
887 888 1.46394
888 936 0.08625
888 889 1.57955
889 937 0.61227
889 890 -1.34044
890 938 -0.59105
890 891 0.77122
891 939 0.62035
891 892 -1.22729
892 940 2.08974
892 893 -0.7554
893 941 1.03891
893 894 -1.11091
894 942 -0.85188
894 895 0.13614
895 943 0.46915
895 896 -1.18574
896 944 0.36611
896 897 -0.81304
897 945 -1.0277
897 898 2.96558
898 946 -0.13884
898 899 -1.61185
899 947 0.06706
899 900 -1.36155
900 948 -0.91617
900 901 1.42233
901 949 1.43065
901 902 -1.34578
902 950 -0.53127
902 903 1.0868
903 951 -0.08969
903 904 -0.95218
904 952 1.20015
904 905 -1.26433
905 953 -0.62565
905 906 -0.24754
906 954 -0.25602
906 907 0.19424
907 955 0.94289
907 908 -1.2468
908 956 -0.0907
908 909 -0.80185
909 957 2.74933
909 910 0.9752
910 958 0.58071
910 911 0.05615
911 959 -0.95935
864 911 0.39815
912 960 0.90917
912 913 -1.21625
913 961 -0.55534
913 914 0.15612
914 962 -0.27813
914 915 0.60168
915 963 1.41929
915 916 -1.29693
916 964 -0.8455
916 917 -0.48535
917 965 -0.91183
917 918 -0.35927
918 966 0.6399
918 919 -0.65639
919 967 -0.75462
919 920 -1.11034
920 968 0.33138
920 921 -1.12717
921 969 1.17494
921 922 -1.48125
922 970 0.08366
922 923 -0.77846
923 971 -0.41972
923 924 0.73421
924 972 -0.88329
924 925 -0.46495
925 973 -0.0567
925 926 -0.54251
926 974 0.50501
926 927 -0.76409
927 975 0.44688
927 928 0.24255
928 976 0.02714
928 929 1.01214
929 977 0.6229
929 930 1.18789
930 978 -1.44068
930 931 -1.13086
931 979 -1.591
931 932 -1.58414
932 980 -0.33778
932 933 1.08698
933 981 -0.56933
933 934 -1.03831
934 982 0.57675
934 935 -0.05781
935 983 -0.68684
935 936 0.82707
936 984 0.01369
936 937 0.29766
937 985 1.03137
937 938 0.29432
938 986 1.7991
938 939 -1.75329
939 987 -0.32744
939 940 -1.30707
940 988 1.14486
940 941 -1.45889
941 989 0.3311
941 942 0.34353
942 990 0.47259
942 943 -1.88571
943 991 0.85853
943 944 1.54022
944 992 1.58551
944 945 -0.30444
945 993 0.23523
945 946 0.06245
946 994 -0.30393
946 947 1.1387
947 995 -0.13906
947 948 0.43302
948 996 -1.51038
948 949 0.88049
949 997 -0.08061
949 950 2.58474
950 998 0.47724
950 951 0.38814
951 999 -1.09923
951 952 0.3098
952 1000 0.39486
952 953 -0.59827
953 1001 0.00953
953 954 -1.38443
954 1002 2.00215
954 955 -0.24314
955 1003 0.84863
955 956 0.63411
956 1004 -0.3562
956 957 2.38852
957 1005 -0.08752
957 958 -0.2689
958 1006 -0.79378
958 959 1.14159
959 1007 0.43939
912 959 -1.30921
960 1008 0.93374
960 961 0.26761
961 1009 -0.0918
961 962 -1.12824
962 1010 -0.16748
962 963 1.43288
963 1011 -0.93772
963 964 0.65566
964 1012 -0.61489
964 965 1.52011
965 1013 -0.67326
965 966 -0.0198
966 1014 -0.17298
966 967 0.79223
967 1015 -0.48865
967 968 0.48214
968 1016 1.0902
968 969 -0.29806
969 1017 -0.99106
969 970 -0.6937
970 1018 -1.25192
970 971 0.81483
971 1019 -0.33606
971 972 0.29153
972 1020 1.41005
972 973 -1.53214
973 1021 1.04356
973 974 0.04867
974 1022 -0.18641
974 975 -0.06876
975 1023 2.40812
975 976 0.07413
976 1024 0.39842
976 977 -1.61116
977 1025 -1.9334
977 978 -1.54345
978 1026 0.94026
978 979 1.29999
979 1027 0.67927
979 980 -1.08529
980 1028 -1.30825
980 981 -0.25024
981 1029 -0.4514
981 982 0.66596
982 1030 -1.08005
982 983 1.89844
983 1031 -1.87311
983 984 0.80392
984 1032 -0.67821
984 985 0.3781
985 1033 0.29024
985 986 2.15738
986 1034 0.10347
986 987 -0.15718
987 1035 -0.6958
987 988 -1.70127
988 1036 -0.24342
988 989 0.56977
989 1037 -0.13621
989 990 -0.509
990 1038 -0.19668
990 991 -0.28312
991 1039 -1.83402
991 992 -0.06665
992 1040 -0.32205
992 993 -1.24715
993 1041 -2.21118
993 994 -0.94848
994 1042 0.91879
994 995 0.07754
995 1043 -0.27533
995 996 -1.22196
996 1044 1.52634
996 997 -0.25229
997 1045 -0.3684
997 998 1.48504
998 1046 0.74877
998 999 -1.10477
999 1047 -0.15472
999 1000 -0.90411
1000 1048 -0.23236
1000 1001 1.17496
1001 1049 -0.88364
1001 1002 -1.26495
1002 1050 0.70082
1002 1003 0.29023
1003 1051 1.02707
1003 1004 -1.48718
1004 1052 -1.43288
1004 1005 1.78226
1005 1053 -1.14974
1005 1006 -1.65085
1006 1054 -0.02175
1006 1007 0.31285
1007 1055 -0.64352
960 1007 2.41927
1008 1056 1.49458
1008 1009 0.71137
1009 1057 -0.8391
1009 1010 -0.05593
1010 1058 0.53105
1010 1011 -0.01754
1011 1059 0.70717
1011 1012 -0.3726
1012 1060 0.49163
1012 1013 -0.38278
1013 1061 -1.45718
1013 1014 -0.49396
1014 1062 0.3622
1014 1015 -0.11073
1015 1063 0.49921
1015 1016 0.62253
1016 1064 0.04311
1016 1017 1.09266
1017 1065 -0.28447
1017 1018 -0.05177
1018 1066 2.57364
1018 1019 -0.07164
1019 1067 -0.38221
1019 1020 -1.31185
1020 1068 -0.33895
1020 1021 -1.46015
1021 1069 -1.31624
1021 1022 -1.00592
1022 1070 2.26207
1022 1023 -0.52012
1023 1071 1.72097
1023 1024 -0.29422
1024 1072 0.58387
1024 1025 -0.57239
1025 1073 -1.08657
1025 1026 -0.32626
1026 1074 0.01345
1026 1027 1.88824
1027 1075 -1.1038
1027 1028 -0.66527
1028 1076 1.27644
1028 1029 1.71195
1029 1077 -1.27369
1029 1030 -1.14155
1030 1078 0.62153
1030 1031 -0.52543
1031 1079 1.21474
1031 1032 0.17455
1032 1080 -0.53839
1032 1033 0.19073
1033 1081 0.57114
1033 1034 -0.50379
1034 1082 0.67637
1034 1035 0.34368
1035 1083 -0.69116
1035 1036 -1.06872
1036 1084 0.86355
1036 1037 1.77863
1037 1085 -0.56868
1037 1038 1.4054
1038 1086 -0.98511
1038 1039 -0.9512
1039 1087 -0.65488
1039 1040 0.8134
1040 1088 -0.51596
1040 1041 1.0054
1041 1089 -0.589
1041 1042 1.26199
1042 1090 -0.99486
1042 1043 0.16495
1043 1091 0.62129
1043 1044 0.55003
1044 1092 -0.06094
1044 1045 -1.16767
1045 1093 -0.93964
1045 1046 0.50941
1046 1094 -0.63691
1046 1047 -0.84194
1047 1095 -0.47308
1047 1048 1.72903
1048 1096 1.16911
1048 1049 0.44644
1049 1097 -2.08421
1049 1050 0.35231
1050 1098 -0.65684
1050 1051 0.49197
1051 1099 2.14933
1051 1052 0.95306
1052 1100 -0.51235
1052 1053 -0.36896
1053 1101 -0.10684
1053 1054 -0.83666
1054 1102 0.70364
1054 1055 -0.87514
1055 1103 0.36429
1008 1055 -0.7761
1056 1104 1.2517
1056 1057 -0.66516
1057 1105 -0.40046
1057 1058 0.843
1058 1106 -0.87775
1058 1059 -1.03564
1059 1107 0.30678
1059 1060 3.53262
1060 1108 -0.31021
1060 1061 -0.87774
1061 1109 -0.36727
1061 1062 1.62426
1062 1110 0.67468
1062 1063 1.68088
1063 1111 -0.18555
1063 1064 -0.30811
1064 1112 -1.7246
1064 1065 -1.33308
1065 1113 -0.95256
1065 1066 0.19538
1066 1114 0.18827
1066 1067 1.0068
1067 1115 -0.79987
1067 1068 0.55766
1068 1116 0.51436
1068 1069 0.26893
1069 1117 -0.58551
1069 1070 -0.25378
1070 1118 -0.69847
1070 1071 -0.31529
1071 1119 1.63871
1071 1072 0.09954
1072 1120 -1.25552
1072 1073 -0.11724
1073 1121 2.13413
1073 1074 -0.8263
1074 1122 1.97099
1074 1075 -0.06921
1075 1123 0.83303
1075 1076 0.47133
1076 1124 -1.51569
1076 1077 0.36043
1077 1125 0.26652
1077 1078 -0.5407
1078 1126 0.5618
1078 1079 -1.11389
1079 1127 -0.04113
1079 1080 -1.1507
1080 1128 0.19365
1080 1081 -0.35972
1081 1129 -0.38926
1081 1082 1.85849
1082 1130 -2.05911
1082 1083 -1.128
1083 1131 -0.6654
1083 1084 -0.83322
1084 1132 2.01329
1084 1085 1.9803
1085 1133 0.90462
1085 1086 2.23876
1086 1134 0.85065
1086 1087 -0.60941
1087 1135 -1.75221
1087 1088 -1.99501
1088 1136 -0.49022
1088 1089 -1.12188
1089 1137 -0.5486
1089 1090 0.11552
1090 1138 -1.79841
1090 1091 -0.6588
1091 1139 0.19928
1091 1092 -0.74618
1092 1140 0.17562
1092 1093 0.77885
1093 1141 -0.01053
1093 1094 -1.29801
1094 1142 0.91527
1094 1095 -1.57928
1095 1143 -0.08522
1095 1096 0.33042
1096 1144 2.35663
1096 1097 0.08508
1097 1145 -0.85145
1097 1098 -2.50298
1098 1146 1.78019
1098 1099 -0.46454
1099 1147 0.57225
1099 1100 -1.65462
1100 1148 0.16632
1100 1101 0.24455
1101 1149 -0.64543
1101 1102 0.67943
1102 1150 -0.34875
1102 1103 -0.38174
1103 1151 -0.27049
1056 1103 1.38539
1104 1152 -1.04194
1104 1105 -1.92817
1105 1153 0.58908
1105 1106 0.17427
1106 1154 -0.09699
1106 1107 -0.50107
1107 1155 0.35062
1107 1108 1.85149
1108 1156 1.23428
1108 1109 1.54319
1109 1157 0.25862
1109 1110 0.38289
1110 1158 -0.76291
1110 1111 -0.86702
1111 1159 0.66277
1111 1112 0.99264
1112 1160 0.15998
1112 1113 0.59389
1113 1161 -0.39581
1113 1114 0.99519
1114 1162 0.36194
1114 1115 0.47446
1115 1163 0.45031
1115 1116 -0.21634
1116 1164 -0.05377
1116 1117 0.29792
1117 1165 1.5667
1117 1118 1.41735
1118 1166 0.04597
1118 1119 -0.78033
1119 1167 1.34957
1119 1120 0.42269
1120 1168 0.5764
1120 1121 0.01044
1121 1169 -0.25712
1121 1122 -0.72712
1122 1170 -0.52301
1122 1123 0.16186
1123 1171 -0.0779
1123 1124 0.04954
1124 1172 -0.01272
1124 1125 0.49874
1125 1173 0.90027
1125 1126 0.28128
1126 1174 0.94243
1126 1127 0.11315
1127 1175 0.30061
1127 1128 -0.34036
1128 1176 0.07477
1128 1129 0.11704
1129 1177 1.13439
1129 1130 1.10282
1130 1178 -1.83078
1130 1131 3.42731
1131 1179 0.13811
1131 1132 0.36196
1132 1180 0.8641
1132 1133 0.52656
1133 1181 -0.62289
1133 1134 -0.98219
1134 1182 -0.9002
1134 1135 -0.74925
1135 1183 -0.27654
1135 1136 0.19026
1136 1184 0.0392
1136 1137 0.21378
1137 1185 -1.0119
1137 1138 0.01935
1138 1186 1.56143
1138 1139 -1.41413
1139 1187 0.46463
1139 1140 -0.35972
1140 1188 -0.62826
1140 1141 -0.50152
1141 1189 0.5795
1141 1142 0.2535
1142 1190 -0.50479
1142 1143 0.595
1143 1191 -0.17185
1143 1144 -0.48362
1144 1192 -0.18946
1144 1145 0.05881
1145 1193 1.42412
1145 1146 0.57313
1146 1194 1.34725
1146 1147 -0.31095
1147 1195 0.61384
1147 1148 -1.87117
1148 1196 -1.57191
1148 1149 0.8211
1149 1197 -1.08462
1149 1150 -0.33266
1150 1198 0.56291
1150 1151 0.56016
1151 1199 -1.2864
1104 1151 0.63587
1152 1200 1.91915
1152 1153 -0.57544
1153 1201 0.66996
1153 1154 0.5816
1154 1202 1.25935
1154 1155 -1.75387
1155 1203 -1.59795
1155 1156 -0.83831
1156 1204 0.56961
1156 1157 1.58056
1157 1205 -1.4135
1157 1158 -0.88212
1158 1206 0.35537
1158 1159 0.47645
1159 1207 -0.33402
1159 1160 0.61587
1160 1208 -0.12528
1160 1161 -0.06812
1161 1209 -2.93514
1161 1162 -0.42162
1162 1210 0.94851
1162 1163 -0.97633
1163 1211 -0.48717
1163 1164 0.63807
1164 1212 0.29853
1164 1165 -0.94169
1165 1213 -0.0395
1165 1166 0.67017
1166 1214 -0.04018
1166 1167 -1.2306
1167 1215 0.25928
1167 1168 -0.39283
1168 1216 0.55773
1168 1169 -1.44991
1169 1217 -0.1656
1169 1170 -0.03405
1170 1218 -0.87407
1170 1171 0.19001
1171 1219 2.61643
1171 1172 -0.42832
1172 1220 0.45235
1172 1173 -0.7664
1173 1221 -0.39473
1173 1174 -0.88019
1174 1222 0.77765
1174 1175 0.9026
1175 1223 0.36913
1175 1176 0.62176
1176 1224 -1.14835
1176 1177 -0.21124
1177 1225 -1.08117
1177 1178 0.87507
1178 1226 0.06237
1178 1179 -1.81085
1179 1227 1.7052
1179 1180 1.12616
1180 1228 -0.9968
1180 1181 -0.51603
1181 1229 -0.4267
1181 1182 -0.58082
1182 1230 0.40663
1182 1183 -1.34812
1183 1231 1.16879
1183 1184 0.68765
1184 1232 1.19089
1184 1185 -1.57632
1185 1233 0.62009
1185 1186 0.21078
1186 1234 0.64725
1186 1187 -0.28647
1187 1235 1.36428
1187 1188 -0.68829
1188 1236 -0.4324
1188 1189 -0.10745
1189 1237 -2.38096
1189 1190 0.77764
1190 1238 -0.8495
1190 1191 0.53964
1191 1239 -0.39323
1191 1192 0.01458
1192 1240 0.40662
1192 1193 -0.59509
1193 1241 -3.03459
1193 1194 0.5758
1194 1242 0.00765
1194 1195 0.46939
1195 1243 0.66948
1195 1196 -0.9578
1196 1244 1.83982
1196 1197 0.2878
1197 1245 0.43302
1197 1198 0.55863
1198 1246 1.25513
1198 1199 1.14035
1199 1247 -0.3711
1152 1199 0.18757
1200 1248 0.19316
1200 1201 -0.86917
1201 1249 1.21807
1201 1202 1.35794
1202 1250 1.10956
1202 1203 0.61105
1203 1251 -0.44342
1203 1204 0.73824
1204 1252 -0.72306
1204 1205 0.77433
1205 1253 -2.4099
1205 1206 2.20545
1206 1254 -0.90567
1206 1207 0.5674
1207 1255 -1.16567
1207 1208 -0.17032
1208 1256 1.41972
1208 1209 -0.15625
1209 1257 0.93292
1209 1210 0.65496
1210 1258 0.89498
1210 1211 0.50658
1211 1259 -0.55213
1211 1212 0.52714
1212 1260 0.65947
1212 1213 0.05466
1213 1261 -1.66057
1213 1214 -0.65112
1214 1262 0.52648
1214 1215 1.09607
1215 1263 -1.30113
1215 1216 -0.02886
1216 1264 0.33114
1216 1217 -0.50477
1217 1265 -1.18982
1217 1218 -1.7136
1218 1266 0.8544
1218 1219 0.26416
1219 1267 -0.98436
1219 1220 1.01153
1220 1268 2.23715
1220 1221 0.24838
1221 1269 0.74377
1221 1222 -0.04867
1222 1270 1.23561
1222 1223 -0.76443
1223 1271 0.03228
1223 1224 -0.42466
1224 1272 -1.32664
1224 1225 -0.66132
1225 1273 -0.41491
1225 1226 0.79273
1226 1274 -0.39214
1226 1227 -1.4171
1227 1275 -1.85293
1227 1228 -1.14481
1228 1276 1.12198
1228 1229 0.52885
1229 1277 0.49496
1229 1230 -0.50276
1230 1278 0.1797
1230 1231 0.13947
1231 1279 -1.25807
1231 1232 -0.18696
1232 1280 0.43386
1232 1233 0.56865
1233 1281 -1.16432
1233 1234 0.58779
1234 1282 1.10898
1234 1235 -0.72175
1235 1283 0.10645
1235 1236 0.29067
1236 1284 0.60687
1236 1237 -0.71903
1237 1285 0.45747
1237 1238 0.38708
1238 1286 0.3402
1238 1239 -0.01764
1239 1287 0.17753
1239 1240 0.69521
1240 1288 1.19389
1240 1241 -0.32336
1241 1289 0.17298
1241 1242 -1.37068
1242 1290 0.3304
1242 1243 1.98929
1243 1291 0.73743
1243 1244 0.72245
1244 1292 1.13137
1244 1245 0.54661
1245 1293 1.41932
1245 1246 0.66919
1246 1294 -2.47907
1246 1247 0.2421
1247 1295 -0.5187
1200 1247 -0.02444
1248 1296 0.91925
1248 1249 -0.80165
1249 1297 2.16507
1249 1250 -0.79946
1250 1298 0.39407
1250 1251 -0.19028
1251 1299 0.22209
1251 1252 0.6972
1252 1300 0.20506
1252 1253 0.20561
1253 1301 0.1237
1253 1254 0.77139
1254 1302 1.42624
1254 1255 0.39613
1255 1303 -0.04826
1255 1256 -0.24537
1256 1304 0.23267
1256 1257 -0.43908
1257 1305 0.67327
1257 1258 -0.25828
1258 1306 0.69494
1258 1259 0.1479
1259 1307 -1.39149
1259 1260 2.70964
1260 1308 -0.0977
1260 1261 0.45826
1261 1309 -0.08945
1261 1262 0.93418
1262 1310 1.48426
1262 1263 -1.87193
1263 1311 -0.06873
1263 1264 0.2421
1264 1312 -0.99813
1264 1265 -1.35891
1265 1313 1.25863
1265 1266 -0.14506
1266 1314 1.36954
1266 1267 0.16078
1267 1315 0.128
1267 1268 -1.05879
1268 1316 0.78744
1268 1269 -0.3059
1269 1317 0.11558
1269 1270 -0.13549
1270 1318 -0.91835
1270 1271 0.46183
1271 1319 1.1334
1271 1272 -2.26687
1272 1320 0.67052
1272 1273 0.81761
1273 1321 -0.12729
1273 1274 -0.18805
1274 1322 -0.20259
1274 1275 -1.78276
1275 1323 -1.02361
1275 1276 0.2411
1276 1324 -0.34812
1276 1277 -0.17685
1277 1325 0.10795
1277 1278 -0.16272
1278 1326 0.19734
1278 1279 -0.87616
1279 1327 -0.28589
1279 1280 -0.43495
1280 1328 0.86487
1280 1281 0.28298
1281 1329 -0.15492
1281 1282 -0.18837
1282 1330 -1.36171
1282 1283 1.37563
1283 1331 -0.24939
1283 1284 0.86796
1284 1332 -0.0183
1284 1285 1.54992
1285 1333 2.44016
1285 1286 0.44193
1286 1334 0.58749
1286 1287 1.17449
1287 1335 -0.14194
1287 1288 -1.4971
1288 1336 1.0896
1288 1289 0.75094
1289 1337 -1.41014
1289 1290 -0.32
1290 1338 0.31577
1290 1291 0.00254
1291 1339 -0.09221
1291 1292 -2.65759
1292 1340 -0.53767
1292 1293 -2.03359
1293 1341 1.09572
1293 1294 1.26454
1294 1342 1.31936
1294 1295 -0.91339
1295 1343 0.84851
1248 1295 1.38138
1296 1344 -1.38713
1296 1297 0.31508
1297 1345 -1.76929
1297 1298 0.45181
1298 1346 -0.52977
1298 1299 -2.20302
1299 1347 -0.57424
1299 1300 -0.87532
1300 1348 -0.01939
1300 1301 -0.5456
1301 1349 1.18431
1301 1302 0.06233
1302 1350 1.13975
1302 1303 0.45143
1303 1351 1.23349
1303 1304 -0.64181
1304 1352 -0.61867
1304 1305 -0.93801
1305 1353 -0.77671
1305 1306 0.94958
1306 1354 -0.45482
1306 1307 -2.3789
1307 1355 -0.34464
1307 1308 0.053
1308 1356 0.29092
1308 1309 -1.56606
1309 1357 -0.69946
1309 1310 -0.13283
1310 1358 0.31839
1310 1311 0.76345
1311 1359 -0.95123
1311 1312 0.00064
1312 1360 -1.4538
1312 1313 1.92168
1313 1361 -0.16508
1313 1314 -0.68688
1314 1362 2.10091
1314 1315 0.33562
1315 1363 -1.3956
1315 1316 0.77543
1316 1364 1.06556
1316 1317 -0.54222
1317 1365 -0.92625
1317 1318 0.18867
1318 1366 -0.13787
1318 1319 0.80006
1319 1367 1.06192
1319 1320 -0.5863
1320 1368 0.02796
1320 1321 -0.94312
1321 1369 -0.5781
1321 1322 -0.50233
1322 1370 0.71111
1322 1323 0.16921
1323 1371 -0.77868
1323 1324 -0.03811
1324 1372 0.63974
1324 1325 0.79872
1325 1373 -0.15276
1325 1326 2.04381
1326 1374 -1.80968
1326 1327 -0.26428
1327 1375 1.17309
1327 1328 -1.44298
1328 1376 0.21028
1328 1329 1.96482
1329 1377 -0.69979
1329 1330 -0.20129
1330 1378 -0.57182
1330 1331 1.69164
1331 1379 -1.00981
1331 1332 0.50583
1332 1380 -0.7045
1332 1333 -0.63095
1333 1381 -0.16
1333 1334 -0.18041
1334 1382 -0.1709
1334 1335 0.58108
1335 1383 -1.17379
1335 1336 -0.4752
1336 1384 -1.32183
1336 1337 0.21039
1337 1385 -0.05179
1337 1338 1.35979
1338 1386 -0.83446
1338 1339 -0.80175
1339 1387 0.00856
1339 1340 -2.87006
1340 1388 1.14939
1340 1341 0.13075
1341 1389 0.93365
1341 1342 -0.48152
1342 1390 1.21258
1342 1343 -1.25711
1343 1391 -1.023
1296 1343 -0.31578
1344 1392 1.12383
1344 1345 -1.15564
1345 1393 -0.34491
1345 1346 0.80421
1346 1394 2.49013
1346 1347 -0.27129
1347 1395 1.03949
1347 1348 -0.43283
1348 1396 0.03469
1348 1349 -0.19676
1349 1397 -0.40887
1349 1350 -0.77684
1350 1398 -0.21401
1350 1351 0.99661
1351 1399 0.99008
1351 1352 -0.80194
1352 1400 0.23036
1352 1353 -0.42806
1353 1401 -0.82874
1353 1354 1.21251
1354 1402 0.43808
1354 1355 1.1649
1355 1403 1.06638
1355 1356 -0.57318
1356 1404 0.55386
1356 1357 -0.84125
1357 1405 1.27998
1357 1358 -0.63567
1358 1406 -1.25321
1358 1359 0.34905
1359 1407 -0.25615
1359 1360 0.95071
1360 1408 0.49145
1360 1361 0.61401
1361 1409 -1.51142
1361 1362 -0.10489
1362 1410 0.38677
1362 1363 0.37226
1363 1411 0.78685
1363 1364 1.43783
1364 1412 0.53097
1364 1365 -0.03813
1365 1413 0.10574
1365 1366 -0.49359
1366 1414 0.4225
1366 1367 1.34471
1367 1415 -1.57049
1367 1368 -1.65692
1368 1416 1.75524
1368 1369 -0.58743
1369 1417 0.02295
1369 1370 1.61333
1370 1418 0.15558
1370 1371 -0.71201
1371 1419 -0.56094
1371 1372 -1.1509
1372 1420 1.32103
1372 1373 0.53016
1373 1421 -0.0391
1373 1374 0.45712
1374 1422 0.03048
1374 1375 -0.34733
1375 1423 -1.42373
1375 1376 -0.14763
1376 1424 -1.79833
1376 1377 -1.67857
1377 1425 0.91432
1377 1378 -1.67743
1378 1426 -0.07135
1378 1379 1.29052
1379 1427 0.13428
1379 1380 0.24609
1380 1428 0.03869
1380 1381 0.95347
1381 1429 0.47697
1381 1382 0.56628
1382 1430 2.4086
1382 1383 1.4399
1383 1431 -0.97199
1383 1384 2.03807
1384 1432 0.1064
1384 1385 -1.18774
1385 1433 -2.23874
1385 1386 -0.24862
1386 1434 0.76925
1386 1387 0.35462
1387 1435 -1.47174
1387 1388 2.2765
1388 1436 0.43901
1388 1389 -1.391
1389 1437 0.00578
1389 1390 -1.41377
1390 1438 -0.61566
1390 1391 -0.23767
1391 1439 -0.49723
1344 1391 1.01218
1392 1440 -0.45194
1392 1393 0.48267
1393 1441 -0.86074
1393 1394 1.42307
1394 1442 0.98126
1394 1395 -0.2425
1395 1443 1.78057
1395 1396 0.03185
1396 1444 -0.37642
1396 1397 1.01849
1397 1445 1.07411
1397 1398 -2.74167
1398 1446 -0.23176
1398 1399 -0.736
1399 1447 1.6585
1399 1400 0.81691
1400 1448 -0.32604
1400 1401 0.09307
1401 1449 -0.10196
1401 1402 1.24719
1402 1450 1.34656
1402 1403 1.98591
1403 1451 0.55179
1403 1404 -0.10785
1404 1452 1.75542
1404 1405 0.22256
1405 1453 0.72876
1405 1406 -1.13305
1406 1454 0.27082
1406 1407 2.17722
1407 1455 -1.74341
1407 1408 -0.14678
1408 1456 -0.0545
1408 1409 -0.98952
1409 1457 -3.67505
1409 1410 0.57448
1410 1458 0.4217
1410 1411 -0.42984
1411 1459 -0.36152
1411 1412 0.85172
1412 1460 0.91845
1412 1413 0.48501
1413 1461 1.37626
1413 1414 0.68698
1414 1462 0.04344
1414 1415 -1.17922
1415 1463 -0.30271
1415 1416 0.63709
1416 1464 0.63577
1416 1417 -1.74346
1417 1465 -0.49648
1417 1418 -0.54381
1418 1466 -0.40535
1418 1419 -2.77063
1419 1467 -1.1652
1419 1420 -2.20771
1420 1468 -0.02996
1420 1421 2.14705
1421 1469 -0.14656
1421 1422 -0.93689
1422 1470 0.9681
1422 1423 -0.07066
1423 1471 -1.93557
1423 1424 -1.18229
1424 1472 -0.18505
1424 1425 0.67242
1425 1473 1.58163
1425 1426 -0.5227
1426 1474 2.25717
1426 1427 0.12506
1427 1475 0.92421
1427 1428 1.23107
1428 1476 0.04818
1428 1429 0.4981
1429 1477 -0.13654
1429 1430 -0.25625
1430 1478 -0.46355
1430 1431 -2.04419
1431 1479 -0.91333
1431 1432 -0.51896
1432 1480 0.29217
1432 1433 0.52624
1433 1481 0.29683
1433 1434 0.02318
1434 1482 -0.35676
1434 1435 0.15355
1435 1483 -0.36684
1435 1436 0.23324
1436 1484 -0.15397
1436 1437 -0.23823
1437 1485 -0.85628
1437 1438 -0.22748
1438 1486 -1.68903
1438 1439 1.18992
1439 1487 1.17776
1392 1439 0.32131
1440 1488 -1.157
1440 1441 0.43294
1441 1489 0.3927
1441 1442 1.42524
1442 1490 -1.06736
1442 1443 1.77578
1443 1491 -1.28644
1443 1444 -1.11918
1444 1492 0.30818
1444 1445 -0.1107
1445 1493 -0.83601
1445 1446 1.10302
1446 1494 -0.29598
1446 1447 0.10464
1447 1495 -0.75167
1447 1448 -0.40284
1448 1496 0.85833
1448 1449 -1.27547
1449 1497 -1.07354
1449 1450 -1.11103
1450 1498 -1.13844
1450 1451 -1.29841
1451 1499 -0.94521
1451 1452 0.37728
1452 1500 0.44656
1452 1453 0.18667
1453 1501 0.98069
1453 1454 -0.32437
1454 1502 0.40718
1454 1455 0.16736
1455 1503 0.48764
1455 1456 -1.69369
1456 1504 -1.96591
1456 1457 -0.16291
1457 1505 0.31199
1457 1458 1.38049
1458 1506 -0.26378
1458 1459 -1.06919
1459 1507 -0.16614
1459 1460 0.75232
1460 1508 0.3793
1460 1461 1.60482
1461 1509 0.36388
1461 1462 0.04644
1462 1510 1.54015
1462 1463 -0.86476
1463 1511 -0.28964
1463 1464 -0.17682
1464 1512 -0.92253
1464 1465 0.82072
1465 1513 0.35889
1465 1466 0.19597
1466 1514 0.43685
1466 1467 -0.138
1467 1515 -1.76241
1467 1468 0.19297
1468 1516 -0.66613
1468 1469 -0.08804
1469 1517 -1.39713
1469 1470 -0.13557
1470 1518 1.34696
1470 1471 0.20417
1471 1519 0.43699
1471 1472 -0.76965
1472 1520 1.08964
1472 1473 -0.66809
1473 1521 1.26374
1473 1474 -0.66021
1474 1522 -0.91322
1474 1475 1.07154
1475 1523 0.68018
1475 1476 0.77817
1476 1524 0.44773
1476 1477 -2.07721
1477 1525 -0.17022
1477 1478 -0.11793
1478 1526 0.70633
1478 1479 -0.32245
1479 1527 -1.77382
1479 1480 -0.36661
1480 1528 -0.36803
1480 1481 -1.1064
1481 1529 -0.99307
1481 1482 -3.78606
1482 1530 0.93134
1482 1483 0.64528
1483 1531 0.94066
1483 1484 -0.62665
1484 1532 1.03839
1484 1485 0.25994
1485 1533 -2.16388
1485 1486 0.86742
1486 1534 -0.36195
1486 1487 0.18311
1487 1535 0.0081
1440 1487 -1.14693
1488 1536 0.70538
1488 1489 0.08755
1489 1537 1.01223
1489 1490 -1.14398
1490 1538 0.35007
1490 1491 0.42999
1491 1539 2.00805
1491 1492 0.82425
1492 1540 -0.69185
1492 1493 0.12785
1493 1541 -1.16994
1493 1494 1.73709
1494 1542 0.17652
1494 1495 0.432
1495 1543 -0.12626
1495 1496 -1.26991
1496 1544 0.85102
1496 1497 -1.00533
1497 1545 1.14675
1497 1498 -0.10826
1498 1546 1.71487
1498 1499 1.66284
1499 1547 0.04551
1499 1500 -1.46723
1500 1548 -0.26257
1500 1501 0.54467
1501 1549 -0.07596
1501 1502 -0.57424
1502 1550 -0.98536
1502 1503 0.04342
1503 1551 -0.03532
1503 1504 -0.04228
1504 1552 -1.15275
1504 1505 0.51788
1505 1553 2.18087
1505 1506 0.22911
1506 1554 0.06182
1506 1507 0.18511
1507 1555 -0.62992
1507 1508 -0.26026
1508 1556 1.16528
1508 1509 -0.3102
1509 1557 -0.37173
1509 1510 0.55096
1510 1558 0.08791
1510 1511 0.43959
1511 1559 0.36481
1511 1512 -1.9263
1512 1560 -0.71362
1512 1513 0.2825
1513 1561 -0.78384
1513 1514 -0.01773
1514 1562 0.23713
1514 1515 0.98495
1515 1563 1.18735
1515 1516 0.72674
1516 1564 -0.71286
1516 1517 -1.31159
1517 1565 -0.29099
1517 1518 -1.65532
1518 1566 1.41093
1518 1519 -0.63717
1519 1567 -2.18771
1519 1520 1.27596
1520 1568 -0.33481
1520 1521 -0.692
1521 1569 -0.39331
1521 1522 -2.11318
1522 1570 -0.15112
1522 1523 -1.76739
1523 1571 -1.52716
1523 1524 0.88603
1524 1572 -0.47433
1524 1525 -0.50421
1525 1573 -0.80722
1525 1526 1.70723
1526 1574 0.73434
1526 1527 -0.20729
1527 1575 2.91541
1527 1528 -1.35893
1528 1576 -0.38907
1528 1529 -1.00817
1529 1577 2.14712
1529 1530 -0.37815
1530 1578 -0.25765
1530 1531 -0.37645
1531 1579 -0.52912
1531 1532 1.37883
1532 1580 0.54683
1532 1533 0.35868
1533 1581 0.73321
1533 1534 -0.85385
1534 1582 0.09264
1534 1535 -0.55297
1535 1583 0.23129
1488 1535 1.43511
1536 1584 -1.12166
1536 1537 -0.62326
1537 1585 0.72915
1537 1538 -2.11057
1538 1586 -0.47495
1538 1539 1.66027
1539 1587 -1.94039
1539 1540 -0.55738
1540 1588 0.0706
1540 1541 -1.20644
1541 1589 0.36652
1541 1542 -1.56746
1542 1590 -1.44745
1542 1543 0.16374
1543 1591 1.04865
1543 1544 -0.15893
1544 1592 -0.17255
1544 1545 -1.78955
1545 1593 1.35794
1545 1546 -0.09966
1546 1594 0.80454
1546 1547 -0.37439
1547 1595 0.8556
1547 1548 -1.1948
1548 1596 -0.11909
1548 1549 0.27363
1549 1597 -1.69922
1549 1550 -0.93055
1550 1598 -2.2365
1550 1551 -1.10264
1551 1599 -1.41953
1551 1552 0.3819
1552 1600 -0.88321
1552 1553 0.68507
1553 1601 -0.67235
1553 1554 0.77605
1554 1602 -0.24769
1554 1555 -1.00449
1555 1603 2.83766
1555 1556 0.8112
1556 1604 -0.26465
1556 1557 0.94608
1557 1605 -0.32625
1557 1558 -0.20894
1558 1606 0.26943
1558 1559 0.74992
1559 1607 0.51271
1559 1560 1.21946
1560 1608 -0.46978
1560 1561 -0.00909
1561 1609 -0.39095
1561 1562 0.89762
1562 1610 -0.23232
1562 1563 1.88927
1563 1611 0.0166
1563 1564 1.06444
1564 1612 -1.04776
1564 1565 0.36469
1565 1613 0.51545
1565 1566 -0.02305
1566 1614 0.73261
1566 1567 0.64009
1567 1615 0.28019
1567 1568 -1
1568 1616 -0.2084
1568 1569 -1.98964
1569 1617 0.28961
1569 1570 -0.82126
1570 1618 -1.5428
1570 1571 1.02608
1571 1619 1.69015
1571 1572 -0.38122
1572 1620 -0.08313
1572 1573 -0.68307
1573 1621 0.1018
1573 1574 1.46121
1574 1622 0.63862
1574 1575 1.20196
1575 1623 0.05187
1575 1576 -0.06911
1576 1624 0.84105
1576 1577 -0.90237
1577 1625 1.60348
1577 1578 -0.80068
1578 1626 0.32802
1578 1579 1.57395
1579 1627 0.39417
1579 1580 1.10407
1580 1628 0.44468
1580 1581 0.06858
1581 1629 1.71012
1581 1582 -0.72811
1582 1630 0.50958
1582 1583 0.47724
1583 1631 0.62929
1536 1583 -1.44046
1584 1632 0.92712
1584 1585 -0.28457
1585 1633 0.35497
1585 1586 0.27531
1586 1634 -2.00101
1586 1587 -0.10609
1587 1635 0.2015
1587 1588 -0.01623
1588 1636 -0.13532
1588 1589 0.03986
1589 1637 -0.95591
1589 1590 0.75519
1590 1638 -0.10023
1590 1591 0.14878
1591 1639 3.31286
1591 1592 1.51684
1592 1640 0.55866
1592 1593 -0.06198
1593 1641 0.03004
1593 1594 -1.20201
1594 1642 -1.47359
1594 1595 1.16879
1595 1643 -0.92995
1595 1596 0.65595
1596 1644 0.54205
1596 1597 -0.69589
1597 1645 0.71513
1597 1598 -0.37429
1598 1646 -0.76208
1598 1599 2.85261
1599 1647 0.42922
1599 1600 -1.52658
1600 1648 -1.78992
1600 1601 -0.77391
1601 1649 -0.16335
1601 1602 0.92816
1602 1650 -1.66765
1602 1603 -1.221
1603 1651 0.71773
1603 1604 1.1402
1604 1652 -0.50637
1604 1605 -0.57783
1605 1653 -0.55331
1605 1606 1.66358
1606 1654 2.69611
1606 1607 1.04169
1607 1655 -0.40109
1607 1608 -1.47893
1608 1656 0.74792
1608 1609 1.93368
1609 1657 -1.54322
1609 1610 0.37868
1610 1658 0.25565
1610 1611 -0.73069
1611 1659 -0.17901
1611 1612 0.22787
1612 1660 0.91377
1612 1613 -0.80684
1613 1661 -0.97139
1613 1614 0.70184
1614 1662 -0.27263
1614 1615 -2.22907
1615 1663 -1.15265
1615 1616 -0.53709
1616 1664 0.22305
1616 1617 0.10238
1617 1665 0.11798
1617 1618 -0.8243
1618 1666 -0.68259
1618 1619 -1.14467
1619 1667 1.12779
1619 1620 -0.61165
1620 1668 2.08957
1620 1621 -0.5998
1621 1669 -0.07282
1621 1622 -0.06664
1622 1670 1.24374
1622 1623 1.43391
1623 1671 -1.54378
1623 1624 -1.14902
1624 1672 1.38802
1624 1625 1.03465
1625 1673 0.41067
1625 1626 1.21927
1626 1674 -2.09204
1626 1627 -0.06209
1627 1675 -0.12947
1627 1628 -1.16826
1628 1676 0.85693
1628 1629 0.32473
1629 1677 0.88538
1629 1630 -0.98098
1630 1678 -0.8624
1630 1631 -0.79564
1631 1679 -0.96181
1584 1631 0.74809
1632 1680 -0.96439
1632 1633 0.90962
1633 1681 -0.16989
1633 1634 -1.09138
1634 1682 0.01829
1634 1635 -0.91151
1635 1683 -1.67157
1635 1636 0.37126
1636 1684 0.61967
1636 1637 -0.49117
1637 1685 -2.38793
1637 1638 -0.1846
1638 1686 0.22821
1638 1639 0.68424
1639 1687 -0.55916
1639 1640 0.20731
1640 1688 0.50368
1640 1641 -1.33291
1641 1689 -0.82195
1641 1642 -1.4549
1642 1690 -0.03291
1642 1643 -0.085
1643 1691 -0.11836
1643 1644 0.78937
1644 1692 -1.76022
1644 1645 -0.42319
1645 1693 0.16319
1645 1646 2.00124
1646 1694 0.63644
1646 1647 1.32866
1647 1695 -0.1607
1647 1648 -0.1523
1648 1696 -0.51551
1648 1649 0.38885
1649 1697 -0.94985
1649 1650 2.05823
1650 1698 -0.00979
1650 1651 0.1289
1651 1699 2.7338
1651 1652 0.24431
1652 1700 0.84828
1652 1653 1.74631
1653 1701 -0.45774
1653 1654 -1.01403
1654 1702 -0.06929
1654 1655 -0.07773
1655 1703 -1.83417
1655 1656 -0.0235
1656 1704 -0.19758
1656 1657 0.67557
1657 1705 -0.90739
1657 1658 1.61268
1658 1706 -0.12609
1658 1659 -0.2988
1659 1707 -1.57089
1659 1660 0.54978
1660 1708 -1.23487
1660 1661 1.72333
1661 1709 0.0062
1661 1662 -0.48537
1662 1710 2.2612
1662 1663 -1.08293
1663 1711 0.42993
1663 1664 3.66097
1664 1712 -0.47494
1664 1665 0.33509
1665 1713 -0.79885
1665 1666 -0.86829
1666 1714 0.18602
1666 1667 0.40255
1667 1715 -0.17446
1667 1668 -0.48132
1668 1716 0.67916
1668 1669 0.60902
1669 1717 -0.96786
1669 1670 -0.76854
1670 1718 1.53559
1670 1671 -1.80181
1671 1719 0.22971
1671 1672 -0.2186
1672 1720 -0.90113
1672 1673 -0.0371
1673 1721 1.05075
1673 1674 0.44201
1674 1722 0.35335
1674 1675 0.22146
1675 1723 -1.07508
1675 1676 0.52244
1676 1724 -1.21183
1676 1677 0.26125
1677 1725 0.73721
1677 1678 -0.4994
1678 1726 0.97939
1678 1679 1.25116
1679 1727 2.03143
1632 1679 0.85804
1680 1728 0.16218
1680 1681 1.87206
1681 1729 -0.8787
1681 1682 0.47712
1682 1730 -0.82274
1682 1683 -1.3633
1683 1731 -2.07414
1683 1684 -1.50892
1684 1732 -1.88314
1684 1685 -1.71853
1685 1733 -0.85807
1685 1686 1.85216
1686 1734 -0.32475
1686 1687 -1.62033
1687 1735 -0.45451
1687 1688 -0.95388
1688 1736 0.30205
1688 1689 -1.63246
1689 1737 -0.23718
1689 1690 -1.29216
1690 1738 1.14147
1690 1691 0.17986
1691 1739 -0.88395
1691 1692 0.40561
1692 1740 -0.14025
1692 1693 -0.98299
1693 1741 -0.16553
1693 1694 0.13355
1694 1742 0.13931
1694 1695 1.03164
1695 1743 0.75409
1695 1696 0.41216
1696 1744 -0.74882
1696 1697 0.54056
1697 1745 1.00681
1697 1698 2.0628
1698 1746 -2.4514
1698 1699 0.70998
1699 1747 -0.40422
1699 1700 0.53894
1700 1748 0.01475
1700 1701 -1.26668
1701 1749 -0.86314
1701 1702 -0.66299
1702 1750 -0.52184
1702 1703 0.66429
1703 1751 0.36133
1703 1704 -0.72994
1704 1752 0.18137
1704 1705 -0.26374
1705 1753 -0.08537
1705 1706 0.88699
1706 1754 -1.18741
1706 1707 -0.16661
1707 1755 0.35841
1707 1708 1.72487
1708 1756 0.26781
1708 1709 0.79784
1709 1757 0.26297
1709 1710 -0.6593
1710 1758 0.95228
1710 1711 0.37705
1711 1759 0.9348
1711 1712 0.09658
1712 1760 -0.19594
1712 1713 0.03508
1713 1761 0.02254
1713 1714 0.95158
1714 1762 -0.3723
1714 1715 -0.34213
1715 1763 -0.07089
1715 1716 0.4503
1716 1764 -1.1607
1716 1717 -0.25857
1717 1765 1.38152
1717 1718 1.70067
1718 1766 -1.12587
1718 1719 -0.37772
1719 1767 1.59585
1719 1720 1.94883
1720 1768 1.06057
1720 1721 0.25403
1721 1769 -0.4507
1721 1722 0.37812
1722 1770 -1.11465
1722 1723 -2.36063
1723 1771 1.51905
1723 1724 -0.58128
1724 1772 -0.84652
1724 1725 -1.16602
1725 1773 0.41546
1725 1726 0.08515
1726 1774 -2.03978
1726 1727 -1.24203
1727 1775 -0.25781
1680 1727 -1.40465
1728 1776 0.06302
1728 1729 0.8665
1729 1777 0.55606
1729 1730 0.87435
1730 1778 0.95198
1730 1731 -1.19663
1731 1779 -0.32832
1731 1732 0.07199
1732 1780 0.71439
1732 1733 2.04125
1733 1781 -0.59946
1733 1734 1.07739
1734 1782 -2.36424
1734 1735 -0.40755
1735 1783 0.91098
1735 1736 1.7393
1736 1784 0.36394
1736 1737 -0.86458
1737 1785 -0.5248
1737 1738 1.22319
1738 1786 0.04839
1738 1739 -0.3783
1739 1787 0.53464
1739 1740 -0.06817
1740 1788 1.15234
1740 1741 -1.18246
1741 1789 -0.29645
1741 1742 -0.14865
1742 1790 0.0546
1742 1743 1.31746
1743 1791 -0.56756
1743 1744 0.06229
1744 1792 1.95968
1744 1745 2.39396
1745 1793 -0.22295
1745 1746 -0.74904
1746 1794 -0.29947
1746 1747 1.69683
1747 1795 -0.21288
1747 1748 -0.04387
1748 1796 0.98985
1748 1749 -0.55891
1749 1797 -0.12789
1749 1750 -1.65113
1750 1798 -0.33692
1750 1751 0.10295
1751 1799 -0.70838
1751 1752 0.98157
1752 1800 0.41776
1752 1753 -1.65422
1753 1801 -0.37932
1753 1754 0.52532
1754 1802 -1.50372
1754 1755 0.28082
1755 1803 0.94168
1755 1756 0.95743
1756 1804 0.16362
1756 1757 0.54086
1757 1805 -2.74344
1757 1758 -0.55001
1758 1806 0.22914
1758 1759 0.32132
1759 1807 -0.09545
1759 1760 -0.0142
1760 1808 2.66742
1760 1761 -0.5929
1761 1809 0.19517
1761 1762 -0.31006
1762 1810 -0.15209
1762 1763 -0.89999
1763 1811 1.03989
1763 1764 -0.29933
1764 1812 0.21239
1764 1765 0.50117
1765 1813 0.08962
1765 1766 1.71785
1766 1814 0.13958
1766 1767 1.51291
1767 1815 -0.08
1767 1768 -1.31183
1768 1816 0.45503
1768 1769 1.07906
1769 1817 0.75267
1769 1770 0.07323
1770 1818 -0.03287
1770 1771 0.06628
1771 1819 1.10102
1771 1772 -0.33692
1772 1820 0.61123
1772 1773 -0.68671
1773 1821 -0.39469
1773 1774 1.43898
1774 1822 1.68908
1774 1775 1.60852
1775 1823 1.06195
1728 1775 0.63443
1776 1824 0.06068
1776 1777 -1.02791
1777 1825 1.57011
1777 1778 -2.01821
1778 1826 -1.13019
1778 1779 -1.56056
1779 1827 -1.11211
1779 1780 -0.29756
1780 1828 0.39283
1780 1781 1.16527
1781 1829 -0.94217
1781 1782 -0.44188
1782 1830 -0.75009
1782 1783 1.24882
1783 1831 1.04645
1783 1784 0.34086
1784 1832 -1.05933
1784 1785 -0.31938
1785 1833 -0.39645
1785 1786 -0.55915
1786 1834 -0.84256
1786 1787 0.09
1787 1835 0.94261
1787 1788 -1.46779
1788 1836 0.50174
1788 1789 -0.40677
1789 1837 -0.54541
1789 1790 -0.12806
1790 1838 -0.43762
1790 1791 0.31147
1791 1839 0.46491
1791 1792 1.77666
1792 1840 -0.24495
1792 1793 1.09275
1793 1841 0.64866
1793 1794 0.22023
1794 1842 0.10547
1794 1795 1.12783
1795 1843 -2.45255
1795 1796 -0.98228
1796 1844 0.15412
1796 1797 0.40103
1797 1845 -0.91085
1797 1798 0.91161
1798 1846 1.70494
1798 1799 -0.14551
1799 1847 -0.35038
1799 1800 -0.36693
1800 1848 -0.24592
1800 1801 -0.31376
1801 1849 -0.1699
1801 1802 0.28305
1802 1850 -0.10552
1802 1803 -0.35659
1803 1851 -0.08506
1803 1804 -1.21448
1804 1852 -0.02588
1804 1805 1.55637
1805 1853 0.58912
1805 1806 1.3103
1806 1854 -1.61683
1806 1807 -1.08989
1807 1855 1.98867
1807 1808 1.22729
1808 1856 -0.30559
1808 1809 0.52775
1809 1857 -1.68192
1809 1810 -0.59597
1810 1858 0.64398
1810 1811 -2.11504
1811 1859 -0.15057
1811 1812 -0.73706
1812 1860 0.09966
1812 1813 0.90235
1813 1861 -1.40849
1813 1814 0.18124
1814 1862 0.26026
1814 1815 -0.80108
1815 1863 -0.06564
1815 1816 1.08809
1816 1864 0.02076
1816 1817 1.12854
1817 1865 1.95357
1817 1818 0.44943
1818 1866 1.89935
1818 1819 -1.55147
1819 1867 -1.45546
1819 1820 0.8373
1820 1868 -1.25639
1820 1821 1.18436
1821 1869 1.37748
1821 1822 3.29396
1822 1870 -0.01439
1822 1823 -0.27415
1823 1871 0.45084
1776 1823 0.23969
1824 1872 -0.97374
1824 1825 -1.96447
1825 1873 0.27623
1825 1826 0.26643
1826 1874 -0.36418
1826 1827 -0.43317
1827 1875 1.39906
1827 1828 -0.54529
1828 1876 -1.77274
1828 1829 -0.42522
1829 1877 0.70883
1829 1830 0.74846
1830 1878 0.7365
1830 1831 -2.12152
1831 1879 -0.57457
1831 1832 0.11269
1832 1880 0.11016
1832 1833 -0.26568
1833 1881 -0.32121
1833 1834 1.01401
1834 1882 -0.39566
1834 1835 -2.61626
1835 1883 -1.57571
1835 1836 1.64375
1836 1884 -0.60403
1836 1837 -0.78124
1837 1885 1.42344
1837 1838 -0.00506
1838 1886 -0.03353
1838 1839 0.89334
1839 1887 -0.84029
1839 1840 -1.63384
1840 1888 -0.80543
1840 1841 0.56023
1841 1889 -0.75615
1841 1842 0.89998
1842 1890 -0.22968
1842 1843 0.5846
1843 1891 0.28246
1843 1844 0.62802
1844 1892 1.84786
1844 1845 0.31108
1845 1893 -1.19511
1845 1846 -0.1612
1846 1894 -0.88632
1846 1847 -1.75003
1847 1895 2.28693
1847 1848 -0.42633
1848 1896 0.76053
1848 1849 -0.12308
1849 1897 0.19947
1849 1850 -2.51532
1850 1898 0.45574
1850 1851 2.02338
1851 1899 0.36338
1851 1852 0.51082
1852 1900 1.69781
1852 1853 -1.51355
1853 1901 -0.05097
1853 1854 -1.85997
1854 1902 1.87653
1854 1855 -1.36429
1855 1903 0.59703
1855 1856 1.12377
1856 1904 -0.35981
1856 1857 -0.65791
1857 1905 -0.31442
1857 1858 -0.89592
1858 1906 0.31459
1858 1859 0.93031
1859 1907 0.39668
1859 1860 0.54143
1860 1908 1.33537
1860 1861 1.25143
1861 1909 0.86663
1861 1862 -0.2927
1862 1910 -0.75129
1862 1863 -0.32805
1863 1911 -0.41837
1863 1864 0.03748
1864 1912 0.31998
1864 1865 -1.00506
1865 1913 0.24049
1865 1866 -0.50356
1866 1914 1.05798
1866 1867 -0.38575
1867 1915 -1.23005
1867 1868 0.64494
1868 1916 0.57418
1868 1869 -0.61434
1869 1917 1.47987
1869 1870 -0.11515
1870 1918 0.36554
1870 1871 -0.29128
1871 1919 -0.23547
1824 1871 -0.42442
1872 1920 -1.20867
1872 1873 1.74752
1873 1921 0.59776
1873 1874 0.38171
1874 1922 0.93886
1874 1875 0.39806
1875 1923 0.79482
1875 1876 0.00868
1876 1924 -0.10737
1876 1877 1.22549
1877 1925 -0.0472
1877 1878 -0.08666
1878 1926 0.76383
1878 1879 0.89142
1879 1927 0.05407
1879 1880 -0.61911
1880 1928 0.17858
1880 1881 1.07384
1881 1929 0.41781
1881 1882 0.70974
1882 1930 -0.20804
1882 1883 -0.42642
1883 1931 0.14617
1883 1884 -0.27521
1884 1932 -0.88257
1884 1885 0.77885
1885 1933 0.95156
1885 1886 1.05754
1886 1934 0.04644
1886 1887 0.35718
1887 1935 0.98507
1887 1888 -0.07651
1888 1936 -1.95078
1888 1889 0.13386
1889 1937 0.1578
1889 1890 0.28233
1890 1938 -0.45691
1890 1891 -1.69203
1891 1939 1.47257
1891 1892 0.32552
1892 1940 0.62597
1892 1893 1.84475
1893 1941 -0.97951
1893 1894 -1.65827
1894 1942 -0.10263
1894 1895 -0.27234
1895 1943 0.53778
1895 1896 0.58913
1896 1944 1.15973
1896 1897 -0.40811
1897 1945 -0.58917
1897 1898 0.11052
1898 1946 0.77099
1898 1899 0.33555
1899 1947 -0.02633
1899 1900 1.60121
1900 1948 -1.70959
1900 1901 1.28923
1901 1949 -1.05202
1901 1902 -1.04932
1902 1950 -0.92499
1902 1903 0.40445
1903 1951 -0.33848
1903 1904 -0.28687
1904 1952 -0.0895
1904 1905 -1.63385
1905 1953 -1.01768
1905 1906 -0.379
1906 1954 0.18722
1906 1907 0.33325
1907 1955 -0.16751
1907 1908 -1.27547
1908 1956 -0.44526
1908 1909 -0.73596
1909 1957 -1.02387
1909 1910 0.35923
1910 1958 0.3899
1910 1911 -0.21409
1911 1959 -0.65641
1911 1912 0.88121
1912 1960 0.19303
1912 1913 1.00419
1913 1961 -1.75355
1913 1914 -1.44492
1914 1962 -1.30551
1914 1915 0.20844
1915 1963 -0.01497
1915 1916 -0.19217
1916 1964 0.99812
1916 1917 -1.05917
1917 1965 0.44681
1917 1918 -0.31445
1918 1966 -0.29316
1918 1919 0.94016
1919 1967 -0.32748
1872 1919 0.48817
1920 1968 0.93965
1920 1921 -0.84208
1921 1969 -0.92026
1921 1922 0.77863
1922 1970 0.5482
1922 1923 -0.02944
1923 1971 -0.88547
1923 1924 1.20019
1924 1972 0.91383
1924 1925 0.20967
1925 1973 1.19663
1925 1926 0.18364
1926 1974 -0.02356
1926 1927 -0.48222
1927 1975 0.57586
1927 1928 -0.84005
1928 1976 1.67898
1928 1929 -0.27458
1929 1977 0.75786
1929 1930 0.38209
1930 1978 -1.39642
1930 1931 -1.03141
1931 1979 -2.04769
1931 1932 0.08775
1932 1980 -0.54083
1932 1933 1.53428
1933 1981 0.5853
1933 1934 -0.69883
1934 1982 0.73087
1934 1935 -1.01707
1935 1983 0.48748
1935 1936 0.8953
1936 1984 0.77974
1936 1937 0.59745
1937 1985 -0.0212
1937 1938 0.4348
1938 1986 0.43805
1938 1939 -0.38476
1939 1987 -0.63814
1939 1940 -0.67535
1940 1988 -0.62909
1940 1941 -0.71435
1941 1989 -0.26169
1941 1942 0.49781
1942 1990 0.11929
1942 1943 -0.97036
1943 1991 2.19877
1943 1944 -0.00172
1944 1992 1.3652
1944 1945 -0.8336
1945 1993 0.25521
1945 1946 -0.5875
1946 1994 0.43455
1946 1947 -0.55068
1947 1995 1.75983
1947 1948 0.72249
1948 1996 0.07398
1948 1949 -1.87976
1949 1997 1.07505
1949 1950 1.10195
1950 1998 0.05114
1950 1951 1.22185
1951 1999 -0.88034
1951 1952 1.41224
1952 2000 -0.12763
1952 1953 -0.68725
1953 2001 -0.72219
1953 1954 -0.69078
1954 2002 1.49349
1954 1955 -2.14853
1955 2003 -1.53279
1955 1956 -0.05085
1956 2004 -1.4909
1956 1957 -0.61251
1957 2005 0.48856
1957 1958 0.37338
1958 2006 -0.65335
1958 1959 1.66414
1959 2007 -0.54504
1959 1960 0.23366
1960 2008 -1.0701
1960 1961 0.61881
1961 2009 -0.15486
1961 1962 -0.60892
1962 2010 -0.94394
1962 1963 1.72662
1963 2011 -0.88866
1963 1964 0.43907
1964 2012 -2.34648
1964 1965 -0.58187
1965 2013 0.44025
1965 1966 -2.57659
1966 2014 -2.3558
1966 1967 0.35376
1967 2015 -0.55249
1920 1967 0.63358
1968 2016 0.03408
1968 1969 0.60221
1969 2017 0.00394
1969 1970 -0.29139
1970 2018 -1.86873
1970 1971 -1.95133
1971 2019 1.4892
1971 1972 2.11165
1972 2020 0.17328
1972 1973 -0.47014
1973 2021 1.80667
1973 1974 -1.94399
1974 2022 0.71728
1974 1975 -1.78172
1975 2023 -0.52203
1975 1976 -0.11319
1976 2024 -1.4618
1976 1977 -1.60214
1977 2025 -0.04861
1977 1978 1.3385
1978 2026 -1.09541
1978 1979 0.02198
1979 2027 1.4862
1979 1980 0.74762
1980 2028 -0.79061
1980 1981 0.85338
1981 2029 -0.56946
1981 1982 0.50679
1982 2030 -0.02192
1982 1983 1.40901
1983 2031 0.6906
1983 1984 -0.10765
1984 2032 1.10729
1984 1985 0.13854
1985 2033 -0.34511
1985 1986 0.28574
1986 2034 1.63241
1986 1987 1.0383
1987 2035 -0.37793
1987 1988 0.29807
1988 2036 0.77976
1988 1989 -0.94783
1989 2037 -0.17804
1989 1990 -0.78927
1990 2038 0.27798
1990 1991 1.33727
1991 2039 -1.52428
1991 1992 -1.47365
1992 2040 -0.86883
1992 1993 -0.29164
1993 2041 -0.61226
1993 1994 0.73903
1994 2042 0.9317
1994 1995 -0.62152
1995 2043 -0.1826
1995 1996 -0.46036
1996 2044 1.08871
1996 1997 -1.19198
1997 2045 0.18202
1997 1998 1.1214
1998 2046 0.97217
1998 1999 -0.69094
1999 2047 0.26083
1999 2000 0.80248
2000 2048 0.28137
2000 2001 0.62315
2001 2049 0.07208
2001 2002 1.25422
2002 2050 0.75541
2002 2003 1.23685
2003 2051 1.50665
2003 2004 -0.86213
2004 2052 1.1348
2004 2005 0.11069
2005 2053 -0.03626
2005 2006 0.8672
2006 2054 -0.43451
2006 2007 -0.13765
2007 2055 -1.15936
2007 2008 0.96047
2008 2056 -1.3838
2008 2009 0.3195
2009 2057 -1.4089
2009 2010 -0.33165
2010 2058 -0.65283
2010 2011 -1.6104
2011 2059 -0.04004
2011 2012 -0.00337
2012 2060 0.92711
2012 2013 0.41271
2013 2061 1.17557
2013 2014 1.31341
2014 2062 0.19442
2014 2015 1.91085
2015 2063 -1.07353
1968 2015 0.99005
2016 2064 0.56808
2016 2017 0.67379
2017 2065 -0.15531
2017 2018 -0.07411
2018 2066 0.68377
2018 2019 -0.11699
2019 2067 0.21857
2019 2020 -0.35353
2020 2068 -0.54352
2020 2021 0.59754
2021 2069 -0.25442
2021 2022 0.65927
2022 2070 0.22942
2022 2023 1.03068
2023 2071 0.58189
2023 2024 -1.03693
2024 2072 0.19205
2024 2025 -0.66905
2025 2073 0.66118
2025 2026 0.6539
2026 2074 1.31983
2026 2027 -0.30933
2027 2075 0.90229
2027 2028 -0.78725
2028 2076 1.06807
2028 2029 -0.29917
2029 2077 0.29811
2029 2030 0.82535
2030 2078 0.02939
2030 2031 0.48324
2031 2079 -0.06502
2031 2032 1.15493
2032 2080 -1.86885
2032 2033 0.8059
2033 2081 -0.21214
2033 2034 -1.03652
2034 2082 1.146
2034 2035 -0.71386
2035 2083 -0.11345
2035 2036 -0.27931
2036 2084 1.07859
2036 2037 -0.76446
2037 2085 -1.63073
2037 2038 1.12061
2038 2086 -0.24677
2038 2039 -0.76812
2039 2087 -2.50852
2039 2040 -0.83001
2040 2088 -1.88845
2040 2041 1.27271
2041 2089 -0.01835
2041 2042 0.28511
2042 2090 -0.82671
2042 2043 -0.66686
2043 2091 1.36704
2043 2044 -1.08692
2044 2092 1.44675
2044 2045 0.89731
2045 2093 0.15809
2045 2046 0.90224
2046 2094 1.62459
2046 2047 2.20857
2047 2095 -0.55934
2047 2048 -1.55652
2048 2096 0.55643
2048 2049 -1.23575
2049 2097 0.55418
2049 2050 -0.66556
2050 2098 -0.7797
2050 2051 -1.7096
2051 2099 0.09238
2051 2052 -0.45167
2052 2100 0.66457
2052 2053 0.38297
2053 2101 0.37961
2053 2054 -0.3611
2054 2102 0.53756
2054 2055 1.44991
2055 2103 1.00627
2055 2056 -0.85126
2056 2104 -0.68572
2056 2057 -0.04588
2057 2105 -0.54517
2057 2058 1.42047
2058 2106 -0.62048
2058 2059 -2.02766
2059 2107 -0.37507
2059 2060 0.28438
2060 2108 0.59901
2060 2061 0.9758
2061 2109 -2.21479
2061 2062 1.00554
2062 2110 -1.03741
2062 2063 1.45179
2063 2111 0.33065
2016 2063 -2.39215
2064 2112 0.18642
2064 2065 -0.34919
2065 2113 0.18899
2065 2066 -0.62249
2066 2114 0.60956
2066 2067 -1.66447
2067 2115 1.35127
2067 2068 0.6996
2068 2116 -1.12283
2068 2069 1.71153
2069 2117 0.33474
2069 2070 0.22873
2070 2118 1.55643
2070 2071 -0.88592
2071 2119 -0.35408
2071 2072 0.65886
2072 2120 -0.37059
2072 2073 2.21068
2073 2121 -0.90455
2073 2074 -0.53384
2074 2122 0.12635
2074 2075 0.69086
2075 2123 0.20674
2075 2076 -0.00627
2076 2124 -0.54301
2076 2077 0.06382
2077 2125 -1.21615
2077 2078 -1.46375
2078 2126 0.38218
2078 2079 -0.47294
2079 2127 -1.12983
2079 2080 0.4749
2080 2128 0.07445
2080 2081 0.74651
2081 2129 0.75759
2081 2082 0.93076
2082 2130 1.43706
2082 2083 -0.63459
2083 2131 0.81056
2083 2084 0.79138
2084 2132 0.33426
2084 2085 -0.11003
2085 2133 0.91454
2085 2086 -0.7906
2086 2134 0.13842
2086 2087 0.5262
2087 2135 0.24804
2087 2088 1.04617
2088 2136 0.56511
2088 2089 -0.62551
2089 2137 0.49516
2089 2090 -0.01758
2090 2138 0.14775
2090 2091 -0.57943
2091 2139 1.55448
2091 2092 0.43082
2092 2140 -0.17407
2092 2093 1.02218
2093 2141 0.92808
2093 2094 0.95468
2094 2142 0.57253
2094 2095 0.11905
2095 2143 -0.14423
2095 2096 0.76552
2096 2144 -0.54095
2096 2097 0.80171
2097 2145 -0.83177
2097 2098 -1.07786
2098 2146 -0.29657
2098 2099 -0.64342
2099 2147 -1.66898
2099 2100 -1.18958
2100 2148 -1.15591
2100 2101 -0.95435
2101 2149 -0.9252
2101 2102 -0.09737
2102 2150 -1.49247
2102 2103 -1.11101
2103 2151 0.7547
2103 2104 0.36049
2104 2152 -0.75997
2104 2105 -0.3379
2105 2153 0.65111
2105 2106 -0.109
2106 2154 -0.55935
2106 2107 0.28999
2107 2155 -0.41131
2107 2108 -0.51852
2108 2156 -0.295
2108 2109 0.29432
2109 2157 0.40586
2109 2110 -0.01321
2110 2158 -0.04135
2110 2111 -0.27064
2111 2159 0.21982
2064 2111 -0.38661
2112 2160 2.1681
2112 2113 -1.08807
2113 2161 -0.11392
2113 2114 1.221
2114 2162 0.22297
2114 2115 1.14134
2115 2163 -0.51345
2115 2116 1.30211
2116 2164 -0.37096
2116 2117 -0.81929
2117 2165 -0.82136
2117 2118 -1.4644
2118 2166 -0.51215
2118 2119 1.41762
2119 2167 0.43306
2119 2120 1.12046
2120 2168 0.55481
2120 2121 1.93139
2121 2169 2.01563
2121 2122 -0.70721
2122 2170 -0.8308
2122 2123 0.70873
2123 2171 0.0019
2123 2124 -0.20349
2124 2172 -1.02291
2124 2125 -0.06852
2125 2173 0.75458
2125 2126 0.74842
2126 2174 0.01113
2126 2127 0.79576
2127 2175 0.78227
2127 2128 -1.43897
2128 2176 0.69247
2128 2129 0.48477
2129 2177 0.14368
2129 2130 -1.03639
2130 2178 0.30653
2130 2131 1.09369
2131 2179 0.99528
2131 2132 -0.25222
2132 2180 0.53011
2132 2133 2.07817
2133 2181 -0.8262
2133 2134 -2.3258
2134 2182 0.92393
2134 2135 1.52206
2135 2183 0.35544
2135 2136 -2.08131
2136 2184 -0.51993
2136 2137 1.23001
2137 2185 -0.94873
2137 2138 0.99096
2138 2186 -0.3876
2138 2139 0.7458
2139 2187 0.71608
2139 2140 -1.146
2140 2188 -0.39894
2140 2141 0.20342
2141 2189 0.16912
2141 2142 0.68884
2142 2190 -0.57071
2142 2143 1.05381
2143 2191 1.19749
2143 2144 -1.05622
2144 2192 -1.52618
2144 2145 1.15029
2145 2193 0.74314
2145 2146 1.4529
2146 2194 0.6491
2146 2147 0.35067
2147 2195 -2.06078
2147 2148 -0.02726
2148 2196 -1.31837
2148 2149 -0.24795
2149 2197 -0.98881
2149 2150 0.83519
2150 2198 0.51719
2150 2151 0.50193
2151 2199 0.41119
2151 2152 -1.11932
2152 2200 0.18305
2152 2153 -0.71302
2153 2201 -0.15786
2153 2154 -0.5673
2154 2202 0.27913
2154 2155 -0.9944
2155 2203 -0.17328
2155 2156 -1.06508
2156 2204 0.37804
2156 2157 1.64058
2157 2205 2.25587
2157 2158 -1.21687
2158 2206 -2.49487
2158 2159 0.66807
2159 2207 0.66248
2112 2159 -0.89296
2160 2208 -0.79353
2160 2161 0.56669
2161 2209 0.27719
2161 2162 0.68417
2162 2210 -0.31075
2162 2163 -0.71779
2163 2211 -0.63539
2163 2164 -0.44401
2164 2212 0.99672
2164 2165 -1.64388
2165 2213 0.56565
2165 2166 -0.30965
2166 2214 -0.01176
2166 2167 2.46429
2167 2215 -0.83195
2167 2168 -0.39228
2168 2216 1.40503
2168 2169 0.21598
2169 2217 0.64741
2169 2170 1.99943
2170 2218 -1.07678
2170 2171 -0.81066
2171 2219 -0.62723
2171 2172 -0.42873
2172 2220 1.42996
2172 2173 2.25082
2173 2221 -0.47003
2173 2174 0.79752
2174 2222 -0.25077
2174 2175 -0.89863
2175 2223 0.20539
2175 2176 -0.72203
2176 2224 -0.74933
2176 2177 0.11455
2177 2225 -2.31163
2177 2178 0.963
2178 2226 -0.40793
2178 2179 0.19123
2179 2227 1.40765
2179 2180 -0.99186
2180 2228 1.60066
2180 2181 -0.69696
2181 2229 0.77137
2181 2182 0.80651
2182 2230 -1.16055
2182 2183 0.26991
2183 2231 -0.37633
2183 2184 0.54725
2184 2232 -0.55552
2184 2185 1.00108
2185 2233 1.58748
2185 2186 0.06868
2186 2234 -0.13492
2186 2187 1.1596
2187 2235 -1.42595
2187 2188 0.6982
2188 2236 0.01267
2188 2189 0.95304
2189 2237 -0.40923
2189 2190 -0.96649
2190 2238 1.03615
2190 2191 0.36339
2191 2239 0.55111
2191 2192 0.83723
2192 2240 -0.14395
2192 2193 -0.56927
2193 2241 0.87957
2193 2194 -1.20221
2194 2242 -0.35561
2194 2195 -0.80888
2195 2243 0.27347
2195 2196 0.92909
2196 2244 0.47879
2196 2197 1.68057
2197 2245 -0.19316
2197 2198 1.11954
2198 2246 0.5081
2198 2199 1.68954
2199 2247 -1.52512
2199 2200 1.22884
2200 2248 -0.98288
2200 2201 0.84412
2201 2249 -0.30844
2201 2202 0.10015
2202 2250 -0.6406
2202 2203 -0.354
2203 2251 0.05534
2203 2204 1.0272
2204 2252 1.07084
2204 2205 0.68516
2205 2253 -0.51226
2205 2206 0.95898
2206 2254 -0.05136
2206 2207 0.70045
2207 2255 -1.07676
2160 2207 0.07907
2208 2256 0.05779
2208 2209 1.52098
2209 2257 1.04241
2209 2210 -1.4447
2210 2258 0.1688
2210 2211 -2.29834
2211 2259 1.15152
2211 2212 -0.55215
2212 2260 -0.00271
2212 2213 0.78986
2213 2261 -0.07815
2213 2214 -1.11717
2214 2262 -1.65704
2214 2215 1.33676
2215 2263 0.85562
2215 2216 0.61276
2216 2264 -1.2762
2216 2217 -1.17996
2217 2265 -0.64834
2217 2218 -0.37644
2218 2266 -1.82208
2218 2219 0.84934
2219 2267 0.18627
2219 2220 -0.98926
2220 2268 -0.39044
2220 2221 1.32699
2221 2269 0.16168
2221 2222 0.49693
2222 2270 -1.83242
2222 2223 -0.68536
2223 2271 -0.07952
2223 2224 0.02813
2224 2272 -0.95404
2224 2225 -0.10513
2225 2273 -0.35252
2225 2226 -0.29852
2226 2274 -0.71988
2226 2227 -0.57331
2227 2275 0.00651
2227 2228 1.40513
2228 2276 -0.19301
2228 2229 -0.04075
2229 2277 -0.28807
2229 2230 -1.05252
2230 2278 0.24275
2230 2231 -1.56789
2231 2279 -1.15046
2231 2232 2.04225
2232 2280 0.05505
2232 2233 -0.2653
2233 2281 0.95396
2233 2234 0.76892
2234 2282 -1.58871
2234 2235 -0.31335
2235 2283 1.1255
2235 2236 -0.69583
2236 2284 -1.35756
2236 2237 0.23627
2237 2285 -0.12626
2237 2238 1.31834
2238 2286 2.11749
2238 2239 -0.66048
2239 2287 -0.78327
2239 2240 0.03117
2240 2288 0.80092
2240 2241 1.66292
2241 2289 -2.33062
2241 2242 0.36677
2242 2290 1.23388
2242 2243 -1.33087
2243 2291 -2.17745
2243 2244 -0.10758
2244 2292 -0.3769
2244 2245 1.31489
2245 2293 -0.57902
2245 2246 -0.57834
2246 2294 0.20707
2246 2247 -0.09044
2247 2295 -0.8182
2247 2248 -0.20272
2248 2296 0.82057
2248 2249 0.11089
2249 2297 0.35299
2249 2250 0.28003
2250 2298 1.79311
2250 2251 -1.05627
2251 2299 0.9838
2251 2252 -1.24543
2252 2300 1.28317
2252 2253 -0.95324
2253 2301 -0.86668
2253 2254 -0.16329
2254 2302 -1.07134
2254 2255 -0.95701
2255 2303 -1.22731
2208 2255 0.0761
0 2256 -0.41454
2256 2257 0.66174
1 2257 -1.18948
2257 2258 2.31364
2 2258 2.02654
2258 2259 -2.30902
3 2259 -0.43143
2259 2260 -1.23427
4 2260 0.23673
2260 2261 0.05274
5 2261 0.60972
2261 2262 1.74429
6 2262 -1.40194
2262 2263 0.97019
7 2263 2.32776
2263 2264 -0.22971
8 2264 0.34863
2264 2265 1.58261
9 2265 0.53538
2265 2266 -0.08727
10 2266 -0.49896
2266 2267 -1.06422
11 2267 -0.64154
2267 2268 1.41154
12 2268 -0.63164
2268 2269 0.47051
13 2269 0.661
2269 2270 0.37996
14 2270 0.00399
2270 2271 -0.60209
15 2271 1.04416
2271 2272 -0.46553
16 2272 0.07044
2272 2273 1.98729
17 2273 -0.20538
2273 2274 -0.06187
18 2274 1.15217
2274 2275 -0.18944
19 2275 -1.46636
2275 2276 -0.4713
20 2276 0.53614
2276 2277 0.70801
21 2277 0.47071
2277 2278 1.84663
22 2278 1.1373
2278 2279 0.12496
23 2279 -0.57967
2279 2280 0.41134
24 2280 0.48639
2280 2281 -0.98108
25 2281 0.0701
2281 2282 -0.08783
26 2282 -0.16249
2282 2283 0.29965
27 2283 1.66738
2283 2284 -0.39461
28 2284 -0.30589
2284 2285 0.00761
29 2285 0.48047
2285 2286 -0.63544
30 2286 -0.52879
2286 2287 -2.1648
31 2287 -1.4608
2287 2288 1.05678
32 2288 -0.45015
2288 2289 -0.62563
33 2289 -1.13557
2289 2290 -0.44894
34 2290 -1.0913
2290 2291 0.57148
35 2291 -0.20551
2291 2292 -0.10743
36 2292 -1.21885
2292 2293 0.60886
37 2293 0.3504
2293 2294 1.00515
38 2294 0.40253
2294 2295 -0.08446
39 2295 -1.20372
2295 2296 -0.9659
40 2296 -1.04471
2296 2297 -1.16539
41 2297 -0.64113
2297 2298 -1.92136
42 2298 -0.93268
2298 2299 -0.35305
43 2299 -0.23446
2299 2300 -2.05153
44 2300 -0.46496
2300 2301 -0.18183
45 2301 -0.02848
2301 2302 -1.46519
46 2302 0.2557
2302 2303 -0.26868
47 2303 0.35039
2256 2303 -0.56114
