# model=ea2d N=256 meanJ=0 seed=307894255 distribution=gaussian field=0 num_fields=256 num_couplings=512
0 0
1 0
2 0
3 0
4 0
5 0
6 0
7 0
8 0
9 0
10 0
11 0
12 0
13 0
14 0
15 0
16 0
17 0
18 0
19 0
20 0
21 0
22 0
23 0
24 0
25 0
26 0
27 0
28 0
29 0
30 0
31 0
32 0
33 0
34 0
35 0
36 0
37 0
38 0
39 0
40 0
41 0
42 0
43 0
44 0
45 0
46 0
47 0
48 0
49 0
50 0
51 0
52 0
53 0
54 0
55 0
56 0
57 0
58 0
59 0
60 0
61 0
62 0
63 0
64 0
65 0
66 0
67 0
68 0
69 0
70 0
71 0
72 0
73 0
74 0
75 0
76 0
77 0
78 0
79 0
80 0
81 0
82 0
83 0
84 0
85 0
86 0
87 0
88 0
89 0
90 0
91 0
92 0
93 0
94 0
95 0
96 0
97 0
98 0
99 0
100 0
101 0
102 0
103 0
104 0
105 0
106 0
107 0
108 0
109 0
110 0
111 0
112 0
113 0
114 0
115 0
116 0
117 0
118 0
119 0
120 0
121 0
122 0
123 0
124 0
125 0
126 0
127 0
128 0
129 0
130 0
131 0
132 0
133 0
134 0
135 0
136 0
137 0
138 0
139 0
140 0
141 0
142 0
143 0
144 0
145 0
146 0
147 0
148 0
149 0
150 0
151 0
152 0
153 0
154 0
155 0
156 0
157 0
158 0
159 0
160 0
161 0
162 0
163 0
164 0
165 0
166 0
167 0
168 0
169 0
170 0
171 0
172 0
173 0
174 0
175 0
176 0
177 0
178 0
179 0
180 0
181 0
182 0
183 0
184 0
185 0
186 0
187 0
188 0
189 0
190 0
191 0
192 0
193 0
194 0
195 0
196 0
197 0
198 0
199 0
200 0
201 0
202 0
203 0
204 0
205 0
206 0
207 0
208 0
209 0
210 0
211 0
212 0
213 0
214 0
215 0
216 0
217 0
218 0
219 0
220 0
221 0
222 0
223 0
224 0
225 0
226 0
227 0
228 0
229 0
230 0
231 0
232 0
233 0
234 0
235 0
236 0
237 0
238 0
239 0
240 0
241 0
242 0
243 0
244 0
245 0
246 0
247 0
248 0
249 0
250 0
251 0
252 0
253 0
254 0
255 0
0 1 -0.26184
0 15 -0.17922
0 16 1.33145
0 240 -1.48489
1 2 0.43168
1 17 0.13401
1 241 -0.21549
2 3 -0.37856
2 18 1.51372
2 242 0.09358
3 4 -0.40738
3 19 0.9427
3 243 -1.05615
4 5 0.62086
4 20 0.25638
4 244 0.51132
5 6 -0.91509
5 21 0.51585
5 245 0.53316
6 7 1.79411
6 22 1.8643
6 246 0.05537
7 8 0.12644
7 23 -1.89226
7 247 -0.51084
8 9 -0.67485
8 24 -0.70542
8 248 0.43625
9 10 -0.52028
9 25 -0.75039
9 249 0.49211
10 11 -0.15683
10 26 1.39669
10 250 2.4137
11 12 0.20784
11 27 0.3143
11 251 1.27426
12 13 -0.98832
12 28 -1.9211
12 252 -0.48046
13 14 -0.08497
13 29 0.41673
13 253 2.74441
14 15 -0.64955
14 30 0.25327
14 254 -1.78839
15 31 -0.50908
15 255 0.41297
16 17 -1.49003
16 31 -0.79775
16 32 1.67057
17 18 1.03062
17 33 -1.52119
18 19 1.56758
18 34 0.81264
19 20 -0.98414
19 35 -0.11851
20 21 0.93218
20 36 0.25817
21 22 -1.52808
21 37 0.56446
22 23 -0.10749
22 38 -1.32047
23 24 0.57614
23 39 -1.07488
24 25 -1.17829
24 40 0.94462
25 26 0.70117
25 41 -1.11268
26 27 0.10161
26 42 0.04507
27 28 -0.66895
27 43 -0.21676
28 29 -0.31096
28 44 0.2257
29 30 -0.7808
29 45 1.80202
30 31 -1.18315
30 46 0.81005
31 47 0.70799
32 33 0.71408
32 47 1.24435
32 48 -0.27627
33 34 -0.47634
33 49 1.29731
34 35 -0.30549
34 50 -1.47916
35 36 -0.72705
35 51 -1.09999
36 37 1.41082
36 52 -0.3087
37 38 -0.15683
37 53 0.7837
38 39 -0.99144
38 54 0.33336
39 40 -1.08828
39 55 -0.34818
40 41 -0.88873
40 56 1.26159
41 42 2.92052
41 57 0.99664
42 43 -1.15022
42 58 -0.80675
43 44 0.97208
43 59 0.14978
44 45 -1.48886
44 60 0.33487
45 46 0.39253
45 61 -0.13669
46 47 -0.56487
46 62 0.38741
47 63 0.52754
48 49 -0.39774
48 63 1.30988
48 64 0.9339
49 50 0.13649
49 65 0.12769
50 51 -1.8011
50 66 -0.36009
51 52 0.55004
51 67 -0.04208
52 53 1.47388
52 68 0.03645
53 54 -0.02218
53 69 0.67836
54 55 -0.94396
54 70 -0.56113
55 56 2.15562
55 71 -0.11412
56 57 -0.67344
56 72 0.51337
57 58 1.59373
57 73 -0.09132
58 59 0.01867
58 74 -1.85776
59 60 0.28022
59 75 -1.90514
60 61 0.69054
60 76 2.19206
61 62 -0.20831
61 77 0.19221
62 63 0.60812
62 78 0.58048
63 79 0.40804
64 65 -0.60458
64 79 1.3533
64 80 -0.38969
65 66 -0.162
65 81 0.87238
66 67 0.26756
66 82 0.99721
67 68 0.10676
67 83 -0.6185
68 69 1.33512
68 84 -1.60798
69 70 0.01574
69 85 -1.21575
70 71 -0.69717
70 86 -0.11084
71 72 -0.4883
71 87 2.37664
72 73 -0.56236
72 88 -0.1573
73 74 0.46397
73 89 0.0131
74 75 0.14447
74 90 1.38683
75 76 -2.55234
75 91 -0.22967
76 77 1.44895
76 92 -0.43847
77 78 0.55284
77 93 -0.52356
78 79 -0.46993
78 94 -1.07414
79 95 0.49156
80 81 1.32746
80 95 0.11015
80 96 -0.84729
81 82 0.52738
81 97 -1.53525
82 83 -0.25097
82 98 -0.53579
83 84 -0.54698
83 99 -0.50603
84 85 -0.25545
84 100 0.34932
85 86 0.18565
85 101 0.21429
86 87 -0.38885
86 102 -1.69416
87 88 -0.4996
87 103 -0.58086
88 89 0.68778
88 104 0.42653
89 90 -0.39532
89 105 0.67733
90 91 -0.89706
90 106 0.10413
91 92 0.65923
91 107 2.15408
92 93 0.49078
92 108 -0.38283
93 94 -1.31456
93 109 0.17004
94 95 -1.10658
94 110 1.31595
95 111 0.99514
96 97 -0.44685
96 111 -0.73301
96 112 0.55682
97 98 1.37905
97 113 -0.97444
98 99 1.46767
98 114 -0.46269
99 100 0.25394
99 115 1.04392
100 101 -0.03352
100 116 0.39042
101 102 2.27063
101 117 -0.2884
102 103 -0.84391
102 118 -1.16122
103 104 -1.28838
103 119 -0.49758
104 105 0.10204
104 120 0.59551
105 106 0.88073
105 121 -1.40004
106 107 -0.29379
106 122 -0.60366
107 108 1.22582
107 123 -1.2094
108 109 0.22107
108 124 -0.85698
109 110 1.185
109 125 0.6835
110 111 0.05757
110 126 -1.62361
111 127 -0.26095
112 113 3.25302
112 127 -0.93858
112 128 0.35152
113 114 -1.09982
113 129 -0.40331
114 115 1.57543
114 130 2.45269
115 116 -1.18288
115 131 0.24554
116 117 0.80703
116 132 0.09839
117 118 1.57197
117 133 0.45938
118 119 -0.72936
118 134 0.71509
119 120 -0.08486
119 135 0.55279
120 121 -1.23271
120 136 1.86889
121 122 1.41479
121 137 1.14453
122 123 -0.58274
122 138 -0.06012
123 124 2.17719
123 139 0.81401
124 125 0.16758
124 140 -0.49358
125 126 -1.75492
125 141 1.44378
126 127 -0.2204
126 142 1.12902
127 143 0.27784
128 129 0.31076
128 143 0.11099
128 144 -0.02568
129 130 1.57659
129 145 -0.65995
130 131 1.19687
130 146 -1.01544
131 132 0.22662
131 147 0.14817
132 133 1.76414
132 148 -0.9888
133 134 -1.18774
133 149 -0.01959
134 135 0.70494
134 150 -1.28873
135 136 -0.33925
135 151 -0.37792
136 137 -0.95266
136 152 0.67238
137 138 0.57638
137 153 0.51351
138 139 -0.10388
138 154 1.26849
139 140 0.05472
139 155 -0.9758
140 141 0.82609
140 156 1.65864
141 142 0.00817
141 157 0.79233
142 143 0.20764
142 158 0.82655
143 159 -0.79989
144 145 -0.33631
144 159 -1.83405
144 160 0.43478
145 146 -0.71035
145 161 0.36518
146 147 -0.89966
146 162 1.22327
147 148 1.36694
147 163 0.14971
148 149 0.15341
148 164 0.26391
149 150 0.71349
149 165 1.24477
150 151 0.32145
150 166 -1.27913
151 152 -2.26193
151 167 -1.01144
152 153 0.61169
152 168 -1.44039
153 154 1.24617
153 169 -1.92829
154 155 0.84844
154 170 -0.4186
155 156 -0.45656
155 171 0.5545
156 157 1.8876
156 172 2.69459
157 158 1.0331
157 173 -0.46598
158 159 0.00763
158 174 1.08619
159 175 1.04389
160 161 0.09904
160 175 0.7257
160 176 -1.00482
161 162 0.23243
161 177 0.12843
162 163 -0.68396
162 178 -2.12228
163 164 1.85806
163 179 -2.68484
164 165 0.38482
164 180 -0.85056
165 166 -0.2019
165 181 -1.40645
166 167 0.82291
166 182 -0.29354
167 168 -1.23162
167 183 0.08501
168 169 1.63824
168 184 0.42875
169 170 1.24748
169 185 1.33504
170 171 -0.67841
170 186 -0.54851
171 172 0.9983
171 187 0.47962
172 173 -1.50652
172 188 0.10307
173 174 0.65541
173 189 -0.46142
174 175 0.55119
174 190 -0.65888
175 191 0.93532
176 177 -1.72795
176 191 0.36398
176 192 -0.42067
177 178 0.50425
177 193 -0.0705
178 179 0.14878
178 194 -2.43091
179 180 -0.7801
179 195 -0.98091
180 181 -0.88624
180 196 -0.89566
181 182 2.45624
181 197 2.06808
182 183 -1.15249
182 198 -0.00762
183 184 0.07139
183 199 -0.62866
184 185 -1.29534
184 200 1.59633
185 186 -1.18489
185 201 -0.48109
186 187 0.12128
186 202 0.49064
187 188 0.13871
187 203 -0.27597
188 189 0.23365
188 204 1.18656
189 190 -0.01654
189 205 -0.76483
190 191 -0.68054
190 206 -0.0845
191 207 -0.41632
192 193 1.01835
192 207 -0.31143
192 208 0.44321
193 194 0.11943
193 209 -0.8722
194 195 0.0853
194 210 1.69477
195 196 -1.2292
195 211 0.61906
196 197 -0.66611
196 212 0.61873
197 198 0.18682
197 213 -1.81892
198 199 -1.27173
198 214 -1.63897
199 200 -0.05702
199 215 -0.24287
200 201 -0.05188
200 216 -0.34223
201 202 -0.62785
201 217 -1.50965
202 203 -2.0992
202 218 0.72719
203 204 -1.25551
203 219 -0.00245
204 205 -0.46473
204 220 -2.01959
205 206 0.00747
205 221 0.86945
206 207 1.36363
206 222 1.13285
207 223 0.71743
208 209 2.57184
208 223 -0.23345
208 224 0.66651
209 210 -0.09908
209 225 -0.87242
210 211 -1.1256
210 226 0.12696
211 212 -2.68678
211 227 -1.0352
212 213 -0.32261
212 228 -0.02983
213 214 0.06262
213 229 -0.1891
214 215 -1.07688
214 230 0.97428
215 216 -0.91388
215 231 -0.28119
216 217 -0.4947
216 232 -0.2536
217 218 1.17147
217 233 -0.10018
218 219 0.19644
218 234 0.92125
219 220 0.11471
219 235 0.35877
220 221 -0.36685
220 236 0.93057
221 222 0.87513
221 237 0.70586
222 223 -1.20894
222 238 -1.44391
223 239 0.01756
224 225 1.49388
224 239 0.13561
224 240 -0.15719
225 226 1.19502
225 241 -0.33337
226 227 -0.3805
226 242 0.89199
227 228 0.46239
227 243 -0.18326
228 229 0.4248
228 244 0.5717
229 230 -0.74261
229 245 0.12162
230 231 1.27853
230 246 -1.26781
231 232 -1.25531
231 247 -1.05786
232 233 -1.01615
232 248 0.28329
233 234 0.37586
233 249 0.06272
234 235 -3.0668
234 250 -0.15917
235 236 0.02549
235 251 0.92747
236 237 -0.10348
236 252 0.12887
237 238 -2.58571
237 253 -1.66928
238 239 1.34162
238 254 -0.95189
239 255 1.21477
240 241 0.00988
240 255 0.78874
241 242 0.098
242 243 -1.84757
243 244 -0.3838
244 245 -0.14647
245 246 0.45242
246 247 1.26234
247 248 0.99666
248 249 0.9177
249 250 -0.53447
250 251 0.31588
251 252 0.7016
252 253 -2.06278
253 254 -2.77963
254 255 -1.43466
