# model=ea2d N=256 meanJ=0 seed=125221370 distribution=gaussian field=0 num_fields=256 num_couplings=512
0 0
1 0
2 0
3 0
4 0
5 0
6 0
7 0
8 0
9 0
10 0
11 0
12 0
13 0
14 0
15 0
16 0
17 0
18 0
19 0
20 0
21 0
22 0
23 0
24 0
25 0
26 0
27 0
28 0
29 0
30 0
31 0
32 0
33 0
34 0
35 0
36 0
37 0
38 0
39 0
40 0
41 0
42 0
43 0
44 0
45 0
46 0
47 0
48 0
49 0
50 0
51 0
52 0
53 0
54 0
55 0
56 0
57 0
58 0
59 0
60 0
61 0
62 0
63 0
64 0
65 0
66 0
67 0
68 0
69 0
70 0
71 0
72 0
73 0
74 0
75 0
76 0
77 0
78 0
79 0
80 0
81 0
82 0
83 0
84 0
85 0
86 0
87 0
88 0
89 0
90 0
91 0
92 0
93 0
94 0
95 0
96 0
97 0
98 0
99 0
100 0
101 0
102 0
103 0
104 0
105 0
106 0
107 0
108 0
109 0
110 0
111 0
112 0
113 0
114 0
115 0
116 0
117 0
118 0
119 0
120 0
121 0
122 0
123 0
124 0
125 0
126 0
127 0
128 0
129 0
130 0
131 0
132 0
133 0
134 0
135 0
136 0
137 0
138 0
139 0
140 0
141 0
142 0
143 0
144 0
145 0
146 0
147 0
148 0
149 0
150 0
151 0
152 0
153 0
154 0
155 0
156 0
157 0
158 0
159 0
160 0
161 0
162 0
163 0
164 0
165 0
166 0
167 0
168 0
169 0
170 0
171 0
172 0
173 0
174 0
175 0
176 0
177 0
178 0
179 0
180 0
181 0
182 0
183 0
184 0
185 0
186 0
187 0
188 0
189 0
190 0
191 0
192 0
193 0
194 0
195 0
196 0
197 0
198 0
199 0
200 0
201 0
202 0
203 0
204 0
205 0
206 0
207 0
208 0
209 0
210 0
211 0
212 0
213 0
214 0
215 0
216 0
217 0
218 0
219 0
220 0
221 0
222 0
223 0
224 0
225 0
226 0
227 0
228 0
229 0
230 0
231 0
232 0
233 0
234 0
235 0
236 0
237 0
238 0
239 0
240 0
241 0
242 0
243 0
244 0
245 0
246 0
247 0
248 0
249 0
250 0
251 0
252 0
253 0
254 0
255 0
0 1 -0.61112
0 15 -0.7181
0 16 -0.12738
0 240 0.06562
1 2 0.79869
1 17 -0.33731
1 241 -0.3089
2 3 -1.49615
2 18 -0.11266
2 242 1.32216
3 4 0.76439
3 19 -2.05
3 243 -0.22363
4 5 1.25721
4 20 0.0108
4 244 0.78249
5 6 -0.09889
5 21 -2.08186
5 245 -0.7564
6 7 -0.71205
6 22 0.41574
6 246 0.20685
7 8 0.63463
7 23 -0.12226
7 247 0.19734
8 9 -0.80644
8 24 -1.80014
8 248 1.56544
9 10 0.9186
9 25 0.76716
9 249 1.09399
10 11 -1.63377
10 26 -0.16936
10 250 -1.68188
11 12 -1.25417
11 27 1.23746
11 251 -1.06496
12 13 1.07313
12 28 0.82373
12 252 -0.92054
13 14 -1.64533
13 29 -0.81769
13 253 -0.91081
14 15 -0.09077
14 30 -0.94208
14 254 1.89642
15 31 -0.33671
15 255 0.923
16 17 1.50099
16 31 -0.62081
16 32 -0.5154
17 18 1.10756
17 33 -0.27948
18 19 0.93139
18 34 -3.12159
19 20 -1.60321
19 35 1.80355
20 21 -1.6143
20 36 -0.60965
21 22 -0.99435
21 37 1.40432
22 23 -1.54167
22 38 -1.32415
23 24 -0.31087
23 39 -1.02677
24 25 -0.02488
24 40 0.11962
25 26 -4.42745
25 41 0.41351
26 27 0.10406
26 42 -1.83909
27 28 1.26001
27 43 -1.1564
28 29 -0.3446
28 44 -1.44398
29 30 -1.58029
29 45 0.0092
30 31 -1.89243
30 46 0.03835
31 47 -0.30123
32 33 0.06668
32 47 -0.54082
32 48 -0.82271
33 34 -0.18309
33 49 -1.94752
34 35 -1.0253
34 50 0.00092
35 36 -1.12605
35 51 -0.44633
36 37 1.21919
36 52 -0.0467
37 38 -0.07186
37 53 -1.9035
38 39 1.33297
38 54 1.25329
39 40 0.01967
39 55 -0.38233
40 41 0.14574
40 56 0.36616
41 42 1.01851
41 57 0.49747
42 43 -0.93994
42 58 -0.30928
43 44 0.31533
43 59 0.28579
44 45 -1.09902
44 60 -0.44348
45 46 -0.23533
45 61 -1.23424
46 47 -0.56118
46 62 0.5793
47 63 1.6079
48 49 -1.16196
48 63 -1.37698
48 64 0.11387
49 50 -0.10562
49 65 -0.11606
50 51 0.32113
50 66 -0.56687
51 52 -0.9849
51 67 0.77889
52 53 -0.18536
52 68 0.49826
53 54 0.15369
53 69 0.01783
54 55 0.44416
54 70 -0.08826
55 56 1.05573
55 71 1.63796
56 57 -0.72763
56 72 1.18303
57 58 1.09766
57 73 -0.59789
58 59 0.05755
58 74 -0.64986
59 60 0.04715
59 75 -0.21085
60 61 0.48207
60 76 -0.86535
61 62 1.7387
61 77 0.63195
62 63 -0.75772
62 78 -0.46103
63 79 1.11579
64 65 1.00933
64 79 -0.36952
64 80 -0.66113
65 66 1.8322
65 81 0.10836
66 67 0.62454
66 82 0.62034
67 68 -1.20667
67 83 -0.41049
68 69 0.76789
68 84 0.81509
69 70 1.66692
69 85 -1.09884
70 71 1.75772
70 86 2.59546
71 72 0.54944
71 87 0.4456
72 73 -0.89144
72 88 1.63038
73 74 1.39443
73 89 -1.32536
74 75 -0.83313
74 90 0.60754
75 76 -1.77701
75 91 0.1127
76 77 -1.25078
76 92 -2.46664
77 78 0.06648
77 93 -0.83713
78 79 0.02893
78 94 2.77244
79 95 0.79769
80 81 0.99195
80 95 0.40369
80 96 0.42604
81 82 1.1835
81 97 -0.13582
82 83 0.83705
82 98 0.25849
83 84 1.16031
83 99 0.64767
84 85 -1.79661
84 100 -0.18149
85 86 0.51913
85 101 0.55432
86 87 -0.7492
86 102 -0.36053
87 88 1.44244
87 103 -1.42174
88 89 -0.84006
88 104 -0.36135
89 90 0.09659
89 105 -0.84461
90 91 0.71547
90 106 -0.44419
91 92 0.80293
91 107 1.97989
92 93 -1.06493
92 108 -0.01857
93 94 -0.8533
93 109 1.68125
94 95 1.55099
94 110 -0.37376
95 111 -1.61694
96 97 -0.33352
96 111 0.08655
96 112 -2.00241
97 98 0.47806
97 113 0.58935
98 99 -0.55103
98 114 1.2328
99 100 0.39875
99 115 -0.38854
100 101 -1.36273
100 116 0.30765
101 102 -1.01723
101 117 -1.02338
102 103 -0.76141
102 118 -0.67581
103 104 0.1742
103 119 -0.30696
104 105 0.59247
104 120 0.29074
105 106 0.16997
105 121 -1.00524
106 107 0.9492
106 122 -0.78629
107 108 0.10818
107 123 -0.00491
108 109 2.11555
108 124 -0.08005
109 110 1.22215
109 125 0.31588
110 111 0.7834
110 126 0.07001
111 127 0.98314
112 113 -2.0034
112 127 0.21413
112 128 -0.03173
113 114 0.46594
113 129 0.36312
114 115 -0.30646
114 130 0.00615
115 116 -0.23349
115 131 0.11146
116 117 0.67629
116 132 -2.24405
117 118 -0.33442
117 133 -0.46923
118 119 0.14488
118 134 0.00648
119 120 0.59172
119 135 -0.83779
120 121 -0.27846
120 136 -1.23807
121 122 -0.32301
121 137 0.75673
122 123 0.48824
122 138 -0.68329
123 124 -0.52157
123 139 -0.43494
124 125 -0.34463
124 140 0.56533
125 126 -2.76254
125 141 -0.1754
126 127 -0.18865
126 142 -1.30157
127 143 0.87469
128 129 -1.74595
128 143 0.21665
128 144 1.377
129 130 0.46168
129 145 -1.53533
130 131 -1.1423
130 146 -0.66333
131 132 -0.23003
131 147 0.04514
132 133 1.18923
132 148 -0.26035
133 134 -0.79032
133 149 -0.54817
134 135 -0.72578
134 150 1.83184
135 136 -0.35898
135 151 0.05602
136 137 0.21645
136 152 -0.62015
137 138 -0.22398
137 153 1.028
138 139 0.16936
138 154 0.13063
139 140 0.35211
139 155 1.34281
140 141 0.00878
140 156 -1.04682
141 142 -0.12167
141 157 -0.18889
142 143 0.04861
142 158 -0.11138
143 159 -0.07816
144 145 0.80655
144 159 0.8719
144 160 0.32698
145 146 -1.73765
145 161 0.37623
146 147 1.89562
146 162 -0.66864
147 148 -0.36177
147 163 -0.40304
148 149 -1.67049
148 164 -0.00978
149 150 1.33966
149 165 -0.61926
150 151 0.17808
150 166 2.37511
151 152 0.94548
151 167 -1.29121
152 153 0.86332
152 168 2.12768
153 154 -0.15371
153 169 -0.85813
154 155 -0.10195
154 170 -0.89647
155 156 0.62247
155 171 0.58803
156 157 0.06628
156 172 0.76792
157 158 0.98825
157 173 1.67125
158 159 -1.37294
158 174 -0.27436
159 175 -0.72548
160 161 -0.79912
160 175 -0.19645
160 176 0.18096
161 162 -1.02647
161 177 0.81325
162 163 -1.02948
162 178 -0.16932
163 164 -1.1732
163 179 0.84125
164 165 1.32057
164 180 -0.13429
165 166 -1.56372
165 181 -1.11432
166 167 1.03017
166 182 -0.23904
167 168 -1.27166
167 183 -0.0212
168 169 1.32277
168 184 -1.73864
169 170 1.55116
169 185 -1.00883
170 171 -0.5035
170 186 0.13858
171 172 0.02799
171 187 -0.37886
172 173 -0.48854
172 188 -1.49186
173 174 -0.40242
173 189 -1.49302
174 175 0.28706
174 190 0.63499
175 191 -0.16229
176 177 0.76792
176 191 -0.50499
176 192 0.85679
177 178 -1.32757
177 193 -0.23465
178 179 0.39531
178 194 -0.89406
179 180 -1.59329
179 195 -1.30128
180 181 0.852
180 196 -0.45967
181 182 1.09985
181 197 -0.50476
182 183 -1.82259
182 198 0.49294
183 184 -0.92713
183 199 -0.58657
184 185 -0.53791
184 200 0.21895
185 186 -0.14129
185 201 -0.822
186 187 -0.52806
186 202 -0.37267
187 188 -0.03431
187 203 0.07639
188 189 2.05628
188 204 -0.38575
189 190 -1.11364
189 205 -1.33911
190 191 -1.88424
190 206 -0.45325
191 207 0.91854
192 193 1.00505
192 207 0.49551
192 208 -0.01511
193 194 -0.1818
193 209 0.44957
194 195 -1.34468
194 210 -0.64985
195 196 -0.86115
195 211 0.63366
196 197 -1.91369
196 212 0.48886
197 198 -0.59416
197 213 -0.21097
198 199 0.27259
198 214 1.57984
199 200 -1.6862
199 215 -0.19323
200 201 1.45451
200 216 -0.9271
201 202 -2.17513
201 217 0.06316
202 203 0.44856
202 218 -0.82655
203 204 0.95054
203 219 -0.93683
204 205 0.27887
204 220 0.01904
205 206 -0.98605
205 221 1.11519
206 207 -0.20425
206 222 0.56866
207 223 -0.80589
208 209 -0.45047
208 223 1.19138
208 224 -0.78284
209 210 0.06555
209 225 -0.02035
210 211 0.39751
210 226 0.18684
211 212 0.21439
211 227 0.25352
212 213 1.17464
212 228 -0.21591
213 214 0.25364
213 229 -0.15267
214 215 -1.69448
214 230 0.71864
215 216 -0.20011
215 231 -0.53493
216 217 1.83663
216 232 0.42007
217 218 -0.77745
217 233 0.87998
218 219 1.16041
218 234 -0.71393
219 220 0.2615
219 235 -0.13258
220 221 -0.56864
220 236 -1.5907
221 222 -0.36544
221 237 0.72694
222 223 0.41753
222 238 -1.19535
223 239 2.13204
224 225 0.31334
224 239 1.40754
224 240 0.65794
225 226 1.25803
225 241 -0.40089
226 227 1.72247
226 242 1.59747
227 228 2.0451
227 243 2.14847
228 229 1.20799
228 244 -0.24088
229 230 -1.3054
229 245 0.51557
230 231 0.56005
230 246 -0.06163
231 232 -0.34335
231 247 1.04372
232 233 0.26592
232 248 1.42175
233 234 0.07311
233 249 1.92613
234 235 -0.34004
234 250 -0.84069
235 236 1.63826
235 251 -1.58708
236 237 -0.9231
236 252 -0.43977
237 238 3.68518
237 253 -0.07901
238 239 1.20526
238 254 0.02279
239 255 1.56993
240 241 2.22294
240 255 -0.57515
241 242 -2.18376
242 243 -0.28952
243 244 0.90041
244 245 -0.61038
245 246 1.05382
246 247 -2.0036
247 248 0.61119
248 249 -0.76456
249 250 -0.41295
250 251 0.01081
251 252 0.76027
252 253 0.13331
253 254 -1.49874
254 255 0.55394
