# model=ea2d N=256 meanJ=0 seed=2017737 distribution=gaussian field=0 num_fields=256 num_couplings=512 dim=2
0 0
1 0
2 0
3 0
4 0
5 0
6 0
7 0
8 0
9 0
10 0
11 0
12 0
13 0
14 0
15 0
16 0
17 0
18 0
19 0
20 0
21 0
22 0
23 0
24 0
25 0
26 0
27 0
28 0
29 0
30 0
31 0
32 0
33 0
34 0
35 0
36 0
37 0
38 0
39 0
40 0
41 0
42 0
43 0
44 0
45 0
46 0
47 0
48 0
49 0
50 0
51 0
52 0
53 0
54 0
55 0
56 0
57 0
58 0
59 0
60 0
61 0
62 0
63 0
64 0
65 0
66 0
67 0
68 0
69 0
70 0
71 0
72 0
73 0
74 0
75 0
76 0
77 0
78 0
79 0
80 0
81 0
82 0
83 0
84 0
85 0
86 0
87 0
88 0
89 0
90 0
91 0
92 0
93 0
94 0
95 0
96 0
97 0
98 0
99 0
100 0
101 0
102 0
103 0
104 0
105 0
106 0
107 0
108 0
109 0
110 0
111 0
112 0
113 0
114 0
115 0
116 0
117 0
118 0
119 0
120 0
121 0
122 0
123 0
124 0
125 0
126 0
127 0
128 0
129 0
130 0
131 0
132 0
133 0
134 0
135 0
136 0
137 0
138 0
139 0
140 0
141 0
142 0
143 0
144 0
145 0
146 0
147 0
148 0
149 0
150 0
151 0
152 0
153 0
154 0
155 0
156 0
157 0
158 0
159 0
160 0
161 0
162 0
163 0
164 0
165 0
166 0
167 0
168 0
169 0
170 0
171 0
172 0
173 0
174 0
175 0
176 0
177 0
178 0
179 0
180 0
181 0
182 0
183 0
184 0
185 0
186 0
187 0
188 0
189 0
190 0
191 0
192 0
193 0
194 0
195 0
196 0
197 0
198 0
199 0
200 0
201 0
202 0
203 0
204 0
205 0
206 0
207 0
208 0
209 0
210 0
211 0
212 0
213 0
214 0
215 0
216 0
217 0
218 0
219 0
220 0
221 0
222 0
223 0
224 0
225 0
226 0
227 0
228 0
229 0
230 0
231 0
232 0
233 0
234 0
235 0
236 0
237 0
238 0
239 0
240 0
241 0
242 0
243 0
244 0
245 0
246 0
247 0
248 0
249 0
250 0
251 0
252 0
253 0
254 0
255 0
0 1 -0.2605
0 15 0.14902
0 16 0.57134
0 240 1.12284
1 2 -0.52664
1 17 -0.04504
1 241 0.57144
2 3 1.82135
2 18 1.55457
2 242 1.21565
3 4 1.12874
3 19 -0.22868
3 243 0.63666
4 5 2.1827
4 20 0.79894
4 244 1.4647
5 6 0.77329
5 21 1.13339
5 245 0.15626
6 7 -2.01524
6 22 -0.89144
6 246 -0.09538
7 8 -1.19214
7 23 -0.44036
7 247 0.33867
8 9 -0.52821
8 24 -0.54287
8 248 0.8617
9 10 0.11456
9 25 -0.77714
9 249 1.06297
10 11 0.16619
10 26 -0.21069
10 250 -0.79543
11 12 -0.52203
11 27 -0.50344
11 251 -2.1247
12 13 -0.44054
12 28 0.87268
12 252 1.73872
13 14 -1.36408
13 29 0.15424
13 253 0.07373
14 15 0.20438
14 30 2.51034
14 254 0.0682
15 31 -1.18956
15 255 -1.80191
16 17 0.22944
16 31 -0.5691
16 32 1.50848
17 18 0.25282
17 33 0.30306
18 19 0.30711
18 34 0.96678
19 20 0.5905
19 35 -1.26951
20 21 -0.45984
20 36 0.82545
21 22 -0.76625
21 37 -0.45636
22 23 0.74314
22 38 0.31448
23 24 2.21783
23 39 -1.10853
24 25 1.22064
24 40 1.77323
25 26 0.20047
25 41 -0.35892
26 27 -0.87482
26 42 -0.68259
27 28 0.20338
27 43 -0.80003
28 29 0.49271
28 44 0.87256
29 30 -2.09552
29 45 -0.24242
30 31 -0.2615
30 46 0.13918
31 47 -0.13745
32 33 1.0292
32 47 -0.23589
32 48 0.59936
33 34 0.06742
33 49 -0.32297
34 35 -0.47929
34 50 0.13506
35 36 0.3602
35 51 -0.68349
36 37 1.80966
36 52 -0.87166
37 38 -0.00838
37 53 1.32922
38 39 0.34607
38 54 0.80774
39 40 -1.52626
39 55 1.17914
40 41 0.39833
40 56 -0.65165
41 42 1.00831
41 57 -0.3666
42 43 -0.44678
42 58 -1.18519
43 44 0.64449
43 59 -0.37477
44 45 -0.48372
44 60 -0.57731
45 46 0.49894
45 61 1.48108
46 47 0.9446
46 62 0.38771
47 63 -0.45188
48 49 -0.20689
48 63 1.34834
48 64 0.89301
49 50 0.61285
49 65 -0.13875
50 51 0.53202
50 66 -0.43566
51 52 1.3657
51 67 0.90008
52 53 -2.2429
52 68 1.94992
53 54 1.10396
53 69 1.40071
54 55 0.09977
54 70 1.56595
55 56 1.01423
55 71 -0.63422
56 57 0.61379
56 72 -0.43458
57 58 0.76448
57 73 0.55518
58 59 -0.38517
58 74 0.70457
59 60 -0.17037
59 75 -0.24474
60 61 1.20906
60 76 -0.76068
61 62 0.74071
61 77 -1.85903
62 63 -1.35833
62 78 -2.03541
63 79 1.82265
64 65 -0.02939
64 79 0.31915
64 80 1.52603
65 66 -0.50872
65 81 -0.31074
66 67 0.26643
66 82 -0.44837
67 68 0.99352
67 83 -0.679
68 69 -0.75789
68 84 -0.82139
69 70 -0.7514
69 85 -0.23324
70 71 1.92466
70 86 1.16572
71 72 0.42217
71 87 -0.79512
72 73 -1.31123
72 88 0.51326
73 74 0.59612
73 89 -0.44583
74 75 1.54878
74 90 -1.82482
75 76 1.35485
75 91 -0.25569
76 77 -1.55811
76 92 -0.49793
77 78 1.18455
77 93 0.61742
78 79 1.9554
78 94 -0.22193
79 95 0.22521
80 81 0.8067
80 95 1.17119
80 96 -0.89638
81 82 0.23533
81 97 -2.74177
82 83 -1.10706
82 98 0.54751
83 84 -0.69959
83 99 -0.78242
84 85 2.00493
84 100 -0.46137
85 86 2.38556
85 101 -0.39338
86 87 0.37433
86 102 -0.55238
87 88 0.08932
87 103 0.99756
88 89 -1.59665
88 104 0.4214
89 90 0.03053
89 105 -0.88536
90 91 0.8586
90 106 0.51119
91 92 0.02718
91 107 0.30269
92 93 -1.23265
92 108 -0.76569
93 94 -1.44195
93 109 0.81184
94 95 -1.60563
94 110 -0.25179
95 111 -0.4837
96 97 0.35727
96 111 -2.54605
96 112 -1.38382
97 98 -0.64413
97 113 -0.80806
98 99 1.63557
98 114 -0.88218
99 100 -0.90882
99 115 -0.90633
100 101 0.26516
100 116 0.34055
101 102 -1.47242
101 117 0.17674
102 103 -1.37827
102 118 0.44083
103 104 -1.57545
103 119 -1.72452
104 105 1.02233
104 120 0.35648
105 106 0.48705
105 121 0.59404
106 107 1.03166
106 122 -0.23895
107 108 1.27113
107 123 -0.7176
108 109 -0.56912
108 124 -0.39871
109 110 0.02875
109 125 -2.25579
110 111 -1.87732
110 126 1.36459
111 127 0.8823
112 113 -1.06857
112 127 -0.68538
112 128 -1.54986
113 114 1.32485
113 129 -0.61604
114 115 0.05012
114 130 0.93424
115 116 -1.46121
115 131 -0.03613
116 117 -1.47581
116 132 -2.12865
117 118 -1.94173
117 133 0.07813
118 119 -0.15938
118 134 1.5042
119 120 -0.36629
119 135 0.25581
120 121 1.20869
120 136 -1.3018
121 122 1.10404
121 137 0.70615
122 123 1.09366
122 138 -0.46934
123 124 0.01071
123 139 0.4751
124 125 0.04817
124 140 0.05133
125 126 0.57145
125 141 0.05975
126 127 0.76338
126 142 0.61458
127 143 -0.0514
128 129 -1.11186
128 143 -0.68855
128 144 -0.35882
129 130 -1.23179
129 145 -0.25184
130 131 0.22842
130 146 0.2087
131 132 0.7695
131 147 1.95518
132 133 -0.1151
132 148 0.29183
133 134 -1.27279
133 149 0.68226
134 135 0.77023
134 150 0.5489
135 136 0.36062
135 151 1.87978
136 137 -0.84109
136 152 0.41239
137 138 0.02546
137 153 2.30408
138 139 1.24173
138 154 -1.0848
139 140 1.42408
139 155 -0.27431
140 141 -0.13342
140 156 -0.45782
141 142 0.0607
141 157 1.42812
142 143 0.7409
142 158 -0.79343
143 159 -3.24181
144 145 0.58637
144 159 1.67865
144 160 -0.22476
145 146 2.10206
145 161 0.53502
146 147 -0.55499
146 162 1.19131
147 148 -0.6755
147 163 1.49609
148 149 -0.31226
148 164 1.44074
149 150 1.0321
149 165 -2.07578
150 151 -0.57862
150 166 -1.65063
151 152 0.96266
151 167 -0.06879
152 153 -0.35293
152 168 1.04278
153 154 -1.81271
153 169 -1.37941
154 155 -0.36624
154 170 -0.10756
155 156 0.84888
155 171 0.40173
156 157 -0.8208
156 172 0.96862
157 158 1.39704
157 173 0.0478
158 159 0.65376
158 174 -0.93168
159 175 0.79377
160 161 -0.27667
160 175 0.94234
160 176 0.19284
161 162 0.79922
161 177 -0.44325
162 163 0.22242
162 178 -1.15015
163 164 -0.25841
163 179 1.30187
164 165 -1.07348
164 180 0.31676
165 166 0.9491
165 181 -0.45316
166 167 0.15189
166 182 0.50945
167 168 0.48046
167 183 -0.24154
168 169 0.17689
168 184 0.92931
169 170 1.1137
169 185 0.96832
170 171 0.38517
170 186 0.47013
171 172 -0.16317
171 187 -1.56863
172 173 -0.05314
172 188 1.06294
173 174 0.49722
173 189 -0.71531
174 175 1.01006
174 190 -0.74844
175 191 -0.16418
176 177 0.05642
176 191 -2.02403
176 192 1.42729
177 178 -0.28105
177 193 -0.79444
178 179 -0.11221
178 194 -0.96446
179 180 -0.22104
179 195 -0.78401
180 181 -0.09805
180 196 1.39017
181 182 -1.13469
181 197 -1.57711
182 183 1.64473
182 198 -0.87854
183 184 1.37416
183 199 -0.26924
184 185 -1.8207
184 200 -0.21803
185 186 0.1283
185 201 -0.79309
186 187 0.1854
186 202 0.25655
187 188 0.74218
187 203 -0.75879
188 189 1.87401
188 204 2.23558
189 190 -0.35284
189 205 -1.31524
190 191 0.07952
190 206 -0.09005
191 207 2.08743
192 193 -0.57862
192 207 3.18685
192 208 -0.21105
193 194 -0.11644
193 209 0.54603
194 195 1.20635
194 210 -0.2259
195 196 0.0635
195 211 0.60795
196 197 2.91145
196 212 -1.11351
197 198 -0.54945
197 213 -0.69675
198 199 -0.30891
198 214 0.3318
199 200 1.98634
199 215 1.35872
200 201 0.15009
200 216 0.16334
201 202 0.83632
201 217 0.62274
202 203 2.04806
202 218 0.02411
203 204 -0.00719
203 219 0.3043
204 205 -2.00508
204 220 0.24957
205 206 1.91004
205 221 1.36455
206 207 2.03165
206 222 -0.47161
207 223 0.57328
208 209 -0.10398
208 223 -1.39708
208 224 -0.59383
209 210 0.63445
209 225 0.4158
210 211 -0.96307
210 226 -0.67823
211 212 0.35878
211 227 0.22484
212 213 -0.78654
212 228 -1.04936
213 214 -0.69781
213 229 0.19444
214 215 0.27567
214 230 -0.64675
215 216 -0.52082
215 231 -0.84596
216 217 -0.26468
216 232 1.01955
217 218 -2.19402
217 233 -0.17509
218 219 0.36906
218 234 0.8143
219 220 0.37144
219 235 -0.58116
220 221 1.78683
220 236 -0.535
221 222 0.89857
221 237 -1.14997
222 223 -1.05325
222 238 1.54628
223 239 -0.84116
224 225 -0.14137
224 239 -0.00027
224 240 -1.14788
225 226 0.61902
225 241 0.32646
226 227 1.22737
226 242 0.05266
227 228 -0.93976
227 243 0.03975
228 229 -0.43018
228 244 0.82251
229 230 -0.79365
229 245 1.03161
230 231 -0.37648
230 246 0.41777
231 232 0.30788
231 247 0.03652
232 233 0.49926
232 248 1.16569
233 234 0.02402
233 249 -0.0095
234 235 1.37542
234 250 -0.07408
235 236 -0.60443
235 251 -0.93395
236 237 -0.20799
236 252 -0.54149
237 238 -1.71189
237 253 -1.96266
238 239 -0.55484
238 254 -1.66082
239 255 1.5853
240 241 0.8786
240 255 -1.1464
241 242 -0.67662
242 243 0.74581
243 244 0.13936
244 245 0.16589
245 246 -0.9599
246 247 -0.0942
247 248 0.35819
248 249 -0.27627
249 250 -1.34411
250 251 -1.31266
251 252 -1.47893
252 253 -2.88015
253 254 -0.70521
254 255 -0.16017
