# model=ea2d N=256 meanJ=0 seed=277425167 distribution=gaussian field=0 num_fields=256 num_couplings=512
0 0
1 0
2 0
3 0
4 0
5 0
6 0
7 0
8 0
9 0
10 0
11 0
12 0
13 0
14 0
15 0
16 0
17 0
18 0
19 0
20 0
21 0
22 0
23 0
24 0
25 0
26 0
27 0
28 0
29 0
30 0
31 0
32 0
33 0
34 0
35 0
36 0
37 0
38 0
39 0
40 0
41 0
42 0
43 0
44 0
45 0
46 0
47 0
48 0
49 0
50 0
51 0
52 0
53 0
54 0
55 0
56 0
57 0
58 0
59 0
60 0
61 0
62 0
63 0
64 0
65 0
66 0
67 0
68 0
69 0
70 0
71 0
72 0
73 0
74 0
75 0
76 0
77 0
78 0
79 0
80 0
81 0
82 0
83 0
84 0
85 0
86 0
87 0
88 0
89 0
90 0
91 0
92 0
93 0
94 0
95 0
96 0
97 0
98 0
99 0
100 0
101 0
102 0
103 0
104 0
105 0
106 0
107 0
108 0
109 0
110 0
111 0
112 0
113 0
114 0
115 0
116 0
117 0
118 0
119 0
120 0
121 0
122 0
123 0
124 0
125 0
126 0
127 0
128 0
129 0
130 0
131 0
132 0
133 0
134 0
135 0
136 0
137 0
138 0
139 0
140 0
141 0
142 0
143 0
144 0
145 0
146 0
147 0
148 0
149 0
150 0
151 0
152 0
153 0
154 0
155 0
156 0
157 0
158 0
159 0
160 0
161 0
162 0
163 0
164 0
165 0
166 0
167 0
168 0
169 0
170 0
171 0
172 0
173 0
174 0
175 0
176 0
177 0
178 0
179 0
180 0
181 0
182 0
183 0
184 0
185 0
186 0
187 0
188 0
189 0
190 0
191 0
192 0
193 0
194 0
195 0
196 0
197 0
198 0
199 0
200 0
201 0
202 0
203 0
204 0
205 0
206 0
207 0
208 0
209 0
210 0
211 0
212 0
213 0
214 0
215 0
216 0
217 0
218 0
219 0
220 0
221 0
222 0
223 0
224 0
225 0
226 0
227 0
228 0
229 0
230 0
231 0
232 0
233 0
234 0
235 0
236 0
237 0
238 0
239 0
240 0
241 0
242 0
243 0
244 0
245 0
246 0
247 0
248 0
249 0
250 0
251 0
252 0
253 0
254 0
255 0
0 1 0.3878
0 15 0.86042
0 16 -0.45276
0 240 0.46556
1 2 0.1145
1 17 0.52441
1 241 -0.52567
2 3 -0.00534
2 18 -1.19256
2 242 -0.24471
3 4 1.07359
3 19 -1.43993
3 243 -0.35989
4 5 -0.93754
4 20 0.86089
4 244 -0.54573
5 6 0.25027
5 21 -0.13277
5 245 0.0813
6 7 -0.94207
6 22 -0.50301
6 246 1.89183
7 8 0.05312
7 23 1.59121
7 247 0.80766
8 9 0.86437
8 24 -0.66129
8 248 0.14987
9 10 0.14457
9 25 -0.2481
9 249 0.47348
10 11 -0.09066
10 26 1.51471
10 250 -0.49351
11 12 -2.73337
11 27 0.98966
11 251 0.35053
12 13 2.54889
12 28 -0.70829
12 252 -0.51744
13 14 -1.01786
13 29 -0.0896
13 253 -1.38821
14 15 0.27788
14 30 1.15954
14 254 -0.91164
15 31 -0.53617
15 255 -0.93687
16 17 -0.71549
16 31 0.06716
16 32 1.15465
17 18 0.34116
17 33 0.80947
18 19 -0.26647
18 34 1.60536
19 20 -0.78906
19 35 -0.73171
20 21 1.92145
20 36 0.1757
21 22 0.71162
21 37 0.78923
22 23 1.12502
22 38 -0.23063
23 24 -0.29671
23 39 -0.94497
24 25 -1.00915
24 40 0.76965
25 26 -0.45325
25 41 2.30802
26 27 -0.18501
26 42 -0.23912
27 28 -0.39955
27 43 1.03946
28 29 -1.81977
28 44 1.76041
29 30 -0.33472
29 45 0.6196
30 31 0.31513
30 46 -0.01723
31 47 0.07412
32 33 -1.29974
32 47 -0.86364
32 48 0.80028
33 34 -0.46304
33 49 -0.53249
34 35 -0.09089
34 50 0.60729
35 36 -0.35998
35 51 -1.44134
36 37 1.43247
36 52 0.03794
37 38 -0.65945
37 53 1.2365
38 39 -0.3457
38 54 -0.51804
39 40 1.26127
39 55 0.23054
40 41 -0.91456
40 56 0.73576
41 42 -1.00037
41 57 -0.30928
42 43 0.01209
42 58 -0.17507
43 44 -1.87948
43 59 -1.53525
44 45 0.41273
44 60 0.84666
45 46 0.75338
45 61 0.99367
46 47 0.86039
46 62 -1.13485
47 63 0.43279
48 49 1.27043
48 63 0.20609
48 64 -1.48573
49 50 1.14453
49 65 -1.58692
50 51 -0.99407
50 66 -1.38657
51 52 -0.01693
51 67 -0.82035
52 53 -0.8583
52 68 0.52613
53 54 -0.30146
53 69 2.14777
54 55 0.13398
54 70 1.8607
55 56 -0.70053
55 71 -0.45397
56 57 0.90342
56 72 0.60487
57 58 -0.66215
57 73 1.30583
58 59 -0.48401
58 74 0.40122
59 60 0.23708
59 75 1.59409
60 61 2.3364
60 76 -2.45627
61 62 -0.93693
61 77 -0.33192
62 63 -0.01647
62 78 2.25471
63 79 0.04133
64 65 0.54575
64 79 1.37831
64 80 0.02398
65 66 0.55899
65 81 1.12567
66 67 1.60877
66 82 0.20097
67 68 0.25673
67 83 -1.41076
68 69 -1.58899
68 84 -0.3472
69 70 1.53157
69 85 -1.44256
70 71 0.49914
70 86 0.21136
71 72 0.76751
71 87 0.49417
72 73 -0.39926
72 88 -0.68263
73 74 -0.47094
73 89 0.14326
74 75 -0.87082
74 90 -0.03815
75 76 -0.71276
75 91 -2.27517
76 77 -0.79873
76 92 -0.36909
77 78 -1.85061
77 93 -0.51794
78 79 0.73518
78 94 -0.27599
79 95 0.59649
80 81 -0.52177
80 95 0.23014
80 96 0.25867
81 82 0.07596
81 97 1.02268
82 83 0.01111
82 98 1.238
83 84 1.10209
83 99 0.98085
84 85 0.0653
84 100 -0.18697
85 86 0.46702
85 101 0.02836
86 87 1.39975
86 102 -1.14505
87 88 -1.65611
87 103 -0.55028
88 89 1.06193
88 104 -0.56428
89 90 -0.25491
89 105 0.58357
90 91 -0.05041
90 106 0.60143
91 92 1.36056
91 107 -0.33658
92 93 -0.57891
92 108 0.27945
93 94 0.5258
93 109 -0.31125
94 95 -0.87909
94 110 -0.17508
95 111 -0.24857
96 97 -1.40099
96 111 1.1191
96 112 -0.18495
97 98 0.55282
97 113 0.9133
98 99 0.47858
98 114 1.01163
99 100 0.70434
99 115 -0.16394
100 101 -0.83735
100 116 1.76551
101 102 -0.50483
101 117 -0.13883
102 103 0.56773
102 118 0.70347
103 104 0.12787
103 119 0.33071
104 105 0.76191
104 120 0.9815
105 106 -1.07068
105 121 0.39305
106 107 -0.87732
106 122 -1.02992
107 108 -1.28402
107 123 -0.5218
108 109 -1.29668
108 124 -0.37539
109 110 -0.41863
109 125 0.75026
110 111 -2.40528
110 126 0.47292
111 127 -0.06388
112 113 0.44171
112 127 0.14466
112 128 -0.0201
113 114 1.28402
113 129 0.7047
114 115 -0.56432
114 130 0.35359
115 116 -0.7788
115 131 -0.25438
116 117 0.83555
116 132 0.93067
117 118 -0.04716
117 133 1.06814
118 119 -1.14383
118 134 0.33854
119 120 -0.40048
119 135 0.10927
120 121 -1.86399
120 136 -0.57436
121 122 -0.58088
121 137 0.92341
122 123 1.714
122 138 0.54847
123 124 -0.11177
123 139 -1.00395
124 125 -0.9957
124 140 0.73714
125 126 0.57467
125 141 1.31754
126 127 -1.07966
126 142 0.54268
127 143 0.9626
128 129 0.04576
128 143 -0.54896
128 144 -0.42286
129 130 1.43357
129 145 -1.19912
130 131 -2.25855
130 146 0.58424
131 132 1.31272
131 147 -1.31441
132 133 0.37519
132 148 0.1795
133 134 0.45705
133 149 -0.28623
134 135 -0.12945
134 150 -0.84358
135 136 1.19651
135 151 0.74727
136 137 -0.852
136 152 0.22131
137 138 -0.3174
137 153 -0.29679
138 139 2.29458
138 154 -0.65221
139 140 0.36758
139 155 -1.85746
140 141 1.18735
140 156 -0.56972
141 142 1.17294
141 157 -0.02648
142 143 -1.08167
142 158 -0.60371
143 159 -1.67946
144 145 0.63617
144 159 -1.72518
144 160 1.09396
145 146 0.11802
145 161 -0.35451
146 147 0.64836
146 162 -0.47406
147 148 0.05808
147 163 -0.19568
148 149 1.04872
148 164 0.52941
149 150 -0.04988
149 165 -0.28221
150 151 1.01672
150 166 1.56532
151 152 0.6698
151 167 -1.45794
152 153 0.88142
152 168 -0.88757
153 154 -0.09011
153 169 -1.66588
154 155 -0.11965
154 170 0.37583
155 156 0.81786
155 171 2.12251
156 157 -1.07495
156 172 0.22535
157 158 0.21376
157 173 -0.67594
158 159 2.00487
158 174 -1.15817
159 175 -0.87643
160 161 0.19475
160 175 -0.8197
160 176 -0.08337
161 162 -0.92948
161 177 -0.87546
162 163 0.27954
162 178 0.01254
163 164 -0.38496
163 179 0.79454
164 165 -0.17882
164 180 -0.09249
165 166 -2.66257
165 181 0.0451
166 167 0.63277
166 182 -0.2006
167 168 0.12412
167 183 -0.35705
168 169 -1.48793
168 184 -0.91807
169 170 -0.76318
169 185 -1.68247
170 171 -0.42948
170 186 -0.2779
171 172 -1.17894
171 187 -0.06737
172 173 1.03758
172 188 -0.03216
173 174 -1.06961
173 189 1.1138
174 175 1.4247
174 190 -0.0316
175 191 0.91945
176 177 0.82627
176 191 -0.99433
176 192 -0.67242
177 178 1.07805
177 193 -0.28696
178 179 -0.0102
178 194 1.28889
179 180 0.03178
179 195 -0.99065
180 181 0.38248
180 196 1.8069
181 182 -0.75551
181 197 0.88168
182 183 0.92551
182 198 -0.46212
183 184 -0.94392
183 199 0.68165
184 185 -0.6737
184 200 2.38574
185 186 0.54577
185 201 0.92842
186 187 -1.0834
186 202 -0.37724
187 188 -0.64252
187 203 0.45096
188 189 1.75535
188 204 1.02594
189 190 -1.01923
189 205 0.88148
190 191 -0.88732
190 206 -0.42922
191 207 0.27448
192 193 2.12091
192 207 -0.59592
192 208 -1.465
193 194 0.52646
193 209 -0.36034
194 195 0.78559
194 210 -0.38586
195 196 -1.15357
195 211 1.41751
196 197 0.80923
196 212 -0.85756
197 198 -0.79144
197 213 -0.04641
198 199 -1.07665
198 214 0.19944
199 200 -1.27038
199 215 -0.43643
200 201 -1.27
200 216 0.94353
201 202 1.03786
201 217 2.11823
202 203 1.51977
202 218 -0.51011
203 204 0.90864
203 219 0.73773
204 205 -0.74389
204 220 -1.05388
205 206 -0.98313
205 221 0.28814
206 207 0.71754
206 222 -1.23321
207 223 0.53525
208 209 0.78118
208 223 -0.36009
208 224 -0.92274
209 210 -0.27684
209 225 -1.84304
210 211 1.1504
210 226 0.93556
211 212 -0.29859
211 227 0.5691
212 213 1.15172
212 228 0.74052
213 214 0.41435
213 229 -1.41122
214 215 -1.12843
214 230 -1.38748
215 216 0.24843
215 231 0.452
216 217 -0.2369
216 232 -0.35139
217 218 -0.67923
217 233 0.14358
218 219 -0.09604
218 234 -1.10345
219 220 -0.06302
219 235 -1.50462
220 221 0.19605
220 236 1.63916
221 222 -0.67491
221 237 0.63106
222 223 0.70812
222 238 0.98846
223 239 0.2103
224 225 1.36495
224 239 -0.97131
224 240 0.94278
225 226 1.27035
225 241 1.4813
226 227 -0.42784
226 242 -1.33015
227 228 0.26243
227 243 1.05615
228 229 -2.02519
228 244 0.8721
229 230 0.23492
229 245 0.87448
230 231 0.60268
230 246 -1.04616
231 232 1.5572
231 247 -1.11178
232 233 -1.05403
232 248 -0.39921
233 234 -1.91739
233 249 -0.56085
234 235 1.05983
234 250 1.86314
235 236 -0.27348
235 251 0.43574
236 237 1.08661
236 252 1.2247
237 238 -1.06368
237 253 -0.41691
238 239 1.5257
238 254 -0.81314
239 255 0.79561
240 241 -0.20921
240 255 0.12207
241 242 -0.09434
242 243 1.42828
243 244 0.40491
244 245 0.63016
245 246 0.23517
246 247 -0.35889
247 248 -0.44893
248 249 -0.33082
249 250 0.99487
250 251 0.92782
251 252 0.67989
252 253 -0.07645
253 254 0.34006
254 255 -0.68478
