# model=ea2d N=256 meanJ=0 seed=3135716471 distribution=gaussian field=0 num_fields=256 num_couplings=512
0 0
1 0
2 0
3 0
4 0
5 0
6 0
7 0
8 0
9 0
10 0
11 0
12 0
13 0
14 0
15 0
16 0
17 0
18 0
19 0
20 0
21 0
22 0
23 0
24 0
25 0
26 0
27 0
28 0
29 0
30 0
31 0
32 0
33 0
34 0
35 0
36 0
37 0
38 0
39 0
40 0
41 0
42 0
43 0
44 0
45 0
46 0
47 0
48 0
49 0
50 0
51 0
52 0
53 0
54 0
55 0
56 0
57 0
58 0
59 0
60 0
61 0
62 0
63 0
64 0
65 0
66 0
67 0
68 0
69 0
70 0
71 0
72 0
73 0
74 0
75 0
76 0
77 0
78 0
79 0
80 0
81 0
82 0
83 0
84 0
85 0
86 0
87 0
88 0
89 0
90 0
91 0
92 0
93 0
94 0
95 0
96 0
97 0
98 0
99 0
100 0
101 0
102 0
103 0
104 0
105 0
106 0
107 0
108 0
109 0
110 0
111 0
112 0
113 0
114 0
115 0
116 0
117 0
118 0
119 0
120 0
121 0
122 0
123 0
124 0
125 0
126 0
127 0
128 0
129 0
130 0
131 0
132 0
133 0
134 0
135 0
136 0
137 0
138 0
139 0
140 0
141 0
142 0
143 0
144 0
145 0
146 0
147 0
148 0
149 0
150 0
151 0
152 0
153 0
154 0
155 0
156 0
157 0
158 0
159 0
160 0
161 0
162 0
163 0
164 0
165 0
166 0
167 0
168 0
169 0
170 0
171 0
172 0
173 0
174 0
175 0
176 0
177 0
178 0
179 0
180 0
181 0
182 0
183 0
184 0
185 0
186 0
187 0
188 0
189 0
190 0
191 0
192 0
193 0
194 0
195 0
196 0
197 0
198 0
199 0
200 0
201 0
202 0
203 0
204 0
205 0
206 0
207 0
208 0
209 0
210 0
211 0
212 0
213 0
214 0
215 0
216 0
217 0
218 0
219 0
220 0
221 0
222 0
223 0
224 0
225 0
226 0
227 0
228 0
229 0
230 0
231 0
232 0
233 0
234 0
235 0
236 0
237 0
238 0
239 0
240 0
241 0
242 0
243 0
244 0
245 0
246 0
247 0
248 0
249 0
250 0
251 0
252 0
253 0
254 0
255 0
0 1 1.04976
0 15 0.46642
0 16 -1.54422
0 240 -0.44169
1 2 -0.93886
1 17 -0.35576
1 241 1.23671
2 3 1.0092
2 18 0.01925
2 242 1.8881
3 4 1.7305
3 19 -0.98584
3 243 0.44761
4 5 0.16529
4 20 0.83264
4 244 0.01755
5 6 -1.27346
5 21 0.3153
5 245 -0.03357
6 7 -0.85597
6 22 -0.29076
6 246 -0.65184
7 8 -0.36842
7 23 0.44318
7 247 0.18821
8 9 1.41267
8 24 -1.6221
8 248 -1.0837
9 10 -0.46434
9 25 -0.03296
9 249 0.4569
10 11 2.87529
10 26 -1.49754
10 250 0.76933
11 12 -0.46376
11 27 -0.32619
11 251 1.23332
12 13 -0.70203
12 28 1.31873
12 252 0.48458
13 14 -0.94018
13 29 -0.72637
13 253 0.15973
14 15 1.25035
14 30 0.70745
14 254 -0.1531
15 31 -1.04355
15 255 0.48354
16 17 0.54554
16 31 0.04766
16 32 0.12647
17 18 -1.00161
17 33 -0.41755
18 19 -0.59506
18 34 -0.6664
19 20 0.5677
19 35 0.66866
20 21 1.12377
20 36 1.00922
21 22 0.84699
21 37 -0.87211
22 23 -0.26033
22 38 -2.05917
23 24 0.42757
23 39 -0.45497
24 25 1.7184
24 40 0.69575
25 26 -0.36859
25 41 -0.46713
26 27 0.16092
26 42 -1.3774
27 28 -2.49647
27 43 -1.27513
28 29 -0.20894
28 44 -0.57146
29 30 -0.77228
29 45 -1.33028
30 31 0.0002
30 46 0.80227
31 47 -1.0362
32 33 -0.77239
32 47 -0.06595
32 48 0.31979
33 34 0.6582
33 49 -0.01276
34 35 1.44129
34 50 -0.34834
35 36 -0.83287
35 51 0.77608
36 37 0.10053
36 52 -1.65334
37 38 0.09959
37 53 -0.46738
38 39 0.49082
38 54 -0.54297
39 40 0.24296
39 55 1.86109
40 41 -0.07845
40 56 0.98444
41 42 0.13483
41 57 -1.28122
42 43 -0.00001
42 58 -1.13997
43 44 0.22698
43 59 -0.20294
44 45 -0.89651
44 60 0.62363
45 46 -0.84011
45 61 0.2293
46 47 -0.82966
46 62 0.5958
47 63 -0.95839
48 49 -1.03907
48 63 -1.37331
48 64 -0.20428
49 50 -0.28143
49 65 -1.39642
50 51 -0.37855
50 66 0.15432
51 52 0.28447
51 67 -1.10526
52 53 0.43488
52 68 0.40354
53 54 -0.00108
53 69 1.07563
54 55 -1.01601
54 70 -0.08374
55 56 0.06945
55 71 -0.96286
56 57 -1.60056
56 72 0.13583
57 58 0.33707
57 73 -0.92851
58 59 0.70067
58 74 1.21478
59 60 -1.41047
59 75 0.66415
60 61 -1.35795
60 76 0.91747
61 62 0.50601
61 77 -0.45324
62 63 -0.88827
62 78 0.64764
63 79 -0.42343
64 65 -0.44707
64 79 -0.05061
64 80 1.18378
65 66 -1.10739
65 81 -3.04911
66 67 0.52062
66 82 -0.94183
67 68 -0.21316
67 83 0.33395
68 69 -1.15552
68 84 1.62907
69 70 -1.30221
69 85 0.25145
70 71 1.19224
70 86 -0.42625
71 72 -0.40811
71 87 -1.55289
72 73 0.78902
72 88 0.84945
73 74 0.71391
73 89 0.50995
74 75 1.31713
74 90 0.08631
75 76 1.22226
75 91 0.3505
76 77 1.28333
76 92 -0.53448
77 78 -1.04777
77 93 -0.62727
78 79 -0.7313
78 94 1.10291
79 95 -1.07945
80 81 -0.10824
80 95 1.28719
80 96 0.7168
81 82 0.2685
81 97 1.04501
82 83 -1.08092
82 98 -0.16332
83 84 1.21017
83 99 0.9053
84 85 0.10501
84 100 0.34305
85 86 1.10519
85 101 -1.23806
86 87 0.22922
86 102 -1.61482
87 88 -1.92952
87 103 1.51694
88 89 0.82873
88 104 -0.81308
89 90 0.3048
89 105 0.26931
90 91 0.62884
90 106 -0.03162
91 92 -0.30968
91 107 1.32461
92 93 -0.27004
92 108 -1.68739
93 94 -1.05976
93 109 0.77352
94 95 -0.99052
94 110 1.23287
95 111 2.12245
96 97 -0.81282
96 111 -0.49806
96 112 -0.13843
97 98 1.08371
97 113 0.13908
98 99 -0.03775
98 114 -0.86072
99 100 0.20468
99 115 0.7065
100 101 0.47226
100 116 -0.23692
101 102 0.94956
101 117 0.5115
102 103 -1.08398
102 118 1.52361
103 104 -0.01175
103 119 -0.57775
104 105 0.69521
104 120 -0.57207
105 106 -0.88456
105 121 0.91138
106 107 0.2826
106 122 -0.5985
107 108 1.98085
107 123 1.96539
108 109 1.80876
108 124 1.73246
109 110 1.49391
109 125 -2.98843
110 111 -0.03148
110 126 1.85218
111 127 -0.76602
112 113 2.31273
112 127 0.06052
112 128 0.34941
113 114 -0.32716
113 129 -0.27531
114 115 0.29605
114 130 -0.00615
115 116 -1.77329
115 131 0.03423
116 117 -1.60384
116 132 -0.89631
117 118 -0.5815
117 133 1.19877
118 119 -1.99192
118 134 0.24228
119 120 0.41189
119 135 -2.16178
120 121 0.54621
120 136 -0.40706
121 122 0.41061
121 137 -0.79548
122 123 1.26684
122 138 0.96898
123 124 1.09513
123 139 0.09554
124 125 0.49999
124 140 -0.34317
125 126 1.00823
125 141 -0.77861
126 127 0.18265
126 142 -1.43769
127 143 0.83603
128 129 0.87961
128 143 1.36624
128 144 -0.7277
129 130 -0.05393
129 145 1.94067
130 131 -0.61569
130 146 -0.55257
131 132 -0.34947
131 147 -0.32846
132 133 0.3623
132 148 0.32723
133 134 -1.19036
133 149 -1.66077
134 135 0.50287
134 150 0.04152
135 136 0.87002
135 151 1.59035
136 137 -0.69945
136 152 0.63268
137 138 0.59891
137 153 -2.35306
138 139 -0.9065
138 154 0.59123
139 140 -0.92113
139 155 -0.51241
140 141 0.53621
140 156 0.61464
141 142 0.60381
141 157 -0.36524
142 143 -0.57104
142 158 0.49158
143 159 -1.88383
144 145 -0.85464
144 159 0.18159
144 160 0.09194
145 146 -0.96859
145 161 0.09222
146 147 -1.12732
146 162 -1.35599
147 148 -0.81035
147 163 -1.30201
148 149 0.14514
148 164 -0.91246
149 150 1.16817
149 165 0.64629
150 151 0.60076
150 166 0.2279
151 152 1.09706
151 167 1.78866
152 153 2.02159
152 168 1.09498
153 154 -0.88955
153 169 -2.17461
154 155 -0.63067
154 170 0.1473
155 156 1.4496
155 171 0.78974
156 157 -0.28234
156 172 0.56326
157 158 -0.38643
157 173 0.04941
158 159 1.12018
158 174 1.88942
159 175 0.83375
160 161 -1.55306
160 175 1.27636
160 176 2.28318
161 162 -0.47222
161 177 1.49575
162 163 0.06261
162 178 0.11459
163 164 0.04135
163 179 -1.31452
164 165 -1.99785
164 180 -0.14252
165 166 -0.86036
165 181 -2.04721
166 167 0.08643
166 182 0.47724
167 168 -0.07619
167 183 -2.18402
168 169 -1.40514
168 184 1.44651
169 170 1.00096
169 185 0.39306
170 171 -1.40666
170 186 -0.72111
171 172 -0.7398
171 187 -0.78252
172 173 0.32466
172 188 -0.61225
173 174 1.32396
173 189 0.74418
174 175 -0.25295
174 190 -3.01767
175 191 0.58228
176 177 0.08072
176 191 0.08391
176 192 -0.75679
177 178 0.28821
177 193 -0.91308
178 179 -0.17197
178 194 -0.73809
179 180 0.51292
179 195 -0.10319
180 181 1.12925
180 196 -0.98044
181 182 1.75632
181 197 0.51632
182 183 1.88591
182 198 0.04668
183 184 1.68451
183 199 0.4872
184 185 -0.18665
184 200 -0.5677
185 186 -0.69632
185 201 0.68317
186 187 -1.41324
186 202 -0.29646
187 188 0.08478
187 203 0.15782
188 189 1.32132
188 204 -0.10153
189 190 0.30082
189 205 1.90818
190 191 1.44207
190 206 1.07995
191 207 -0.95437
192 193 0.31746
192 207 -0.30702
192 208 -1.5847
193 194 0.76505
193 209 -2.91872
194 195 -0.05872
194 210 0.85984
195 196 1.80563
195 211 -0.89973
196 197 0.94933
196 212 0.52296
197 198 0.50071
197 213 1.12855
198 199 1.14717
198 214 -0.05728
199 200 -0.65542
199 215 -1.12006
200 201 0.35056
200 216 -0.10868
201 202 0.05963
201 217 1.3667
202 203 -0.24843
202 218 -0.24045
203 204 0.79539
203 219 1.77724
204 205 0.56729
204 220 -0.32297
205 206 1.41171
205 221 0.93463
206 207 -1.87766
206 222 1.65758
207 223 1.13558
208 209 -1.15932
208 223 0.51687
208 224 0.64037
209 210 0.52419
209 225 -1.00024
210 211 -1.21868
210 226 3.00236
211 212 -0.15217
211 227 0.5009
212 213 1.45823
212 228 0.06907
213 214 -1.0452
213 229 0.56738
214 215 -0.36016
214 230 0.79695
215 216 -0.86233
215 231 -0.3793
216 217 0.11934
216 232 0.59978
217 218 1.27429
217 233 0.44718
218 219 0.49951
218 234 0.17506
219 220 1.12156
219 235 -0.11618
220 221 0.34396
220 236 -0.64064
221 222 -1.03733
221 237 -0.26313
222 223 1.03029
222 238 1.13253
223 239 -1.10074
224 225 1.8171
224 239 -2.07856
224 240 -0.68891
225 226 0.25278
225 241 -0.67654
226 227 -0.3416
226 242 0.1774
227 228 0.22004
227 243 0.59808
228 229 0.75645
228 244 -0.96028
229 230 1.59604
229 245 -0.87179
230 231 0.49695
230 246 -0.17194
231 232 -2.06037
231 247 -1.01388
232 233 0.32095
232 248 -1.24467
233 234 -0.25422
233 249 1.69109
234 235 0.18294
234 250 0.86781
235 236 0.27184
235 251 0.81526
236 237 1.63955
236 252 -0.41993
237 238 -0.50492
237 253 0.46942
238 239 0.24845
238 254 -2.0185
239 255 -0.6608
240 241 -0.41473
240 255 0.63864
241 242 -1.402
242 243 0.12969
243 244 -0.46854
244 245 0.06156
245 246 0.24774
246 247 -0.80217
247 248 1.4832
248 249 -0.07765
249 250 0.83752
250 251 -1.36014
251 252 -0.05311
252 253 1.06745
253 254 -0.25185
254 255 -0.56068
