# model=ea2d N=256 meanJ=0 seed=2405031652 distribution=gaussian field=0 num_fields=256 num_couplings=512
0 0
1 0
2 0
3 0
4 0
5 0
6 0
7 0
8 0
9 0
10 0
11 0
12 0
13 0
14 0
15 0
16 0
17 0
18 0
19 0
20 0
21 0
22 0
23 0
24 0
25 0
26 0
27 0
28 0
29 0
30 0
31 0
32 0
33 0
34 0
35 0
36 0
37 0
38 0
39 0
40 0
41 0
42 0
43 0
44 0
45 0
46 0
47 0
48 0
49 0
50 0
51 0
52 0
53 0
54 0
55 0
56 0
57 0
58 0
59 0
60 0
61 0
62 0
63 0
64 0
65 0
66 0
67 0
68 0
69 0
70 0
71 0
72 0
73 0
74 0
75 0
76 0
77 0
78 0
79 0
80 0
81 0
82 0
83 0
84 0
85 0
86 0
87 0
88 0
89 0
90 0
91 0
92 0
93 0
94 0
95 0
96 0
97 0
98 0
99 0
100 0
101 0
102 0
103 0
104 0
105 0
106 0
107 0
108 0
109 0
110 0
111 0
112 0
113 0
114 0
115 0
116 0
117 0
118 0
119 0
120 0
121 0
122 0
123 0
124 0
125 0
126 0
127 0
128 0
129 0
130 0
131 0
132 0
133 0
134 0
135 0
136 0
137 0
138 0
139 0
140 0
141 0
142 0
143 0
144 0
145 0
146 0
147 0
148 0
149 0
150 0
151 0
152 0
153 0
154 0
155 0
156 0
157 0
158 0
159 0
160 0
161 0
162 0
163 0
164 0
165 0
166 0
167 0
168 0
169 0
170 0
171 0
172 0
173 0
174 0
175 0
176 0
177 0
178 0
179 0
180 0
181 0
182 0
183 0
184 0
185 0
186 0
187 0
188 0
189 0
190 0
191 0
192 0
193 0
194 0
195 0
196 0
197 0
198 0
199 0
200 0
201 0
202 0
203 0
204 0
205 0
206 0
207 0
208 0
209 0
210 0
211 0
212 0
213 0
214 0
215 0
216 0
217 0
218 0
219 0
220 0
221 0
222 0
223 0
224 0
225 0
226 0
227 0
228 0
229 0
230 0
231 0
232 0
233 0
234 0
235 0
236 0
237 0
238 0
239 0
240 0
241 0
242 0
243 0
244 0
245 0
246 0
247 0
248 0
249 0
250 0
251 0
252 0
253 0
254 0
255 0
0 1 0.00834
0 15 1.4955
0 16 0.81838
0 240 1.43213
1 2 -1.19417
1 17 0.5838
1 241 0.59446
2 3 -0.45635
2 18 -0.34471
2 242 0.62316
3 4 0.87878
3 19 -1.53228
3 243 -1.09781
4 5 -0.85456
4 20 -0.23664
4 244 -0.29012
5 6 0.91271
5 21 -0.21854
5 245 -0.77901
6 7 0.90621
6 22 1.5999
6 246 -0.60978
7 8 1.5961
7 23 0.10265
7 247 0.55043
8 9 0.12084
8 24 0.89851
8 248 -0.63883
9 10 -0.47032
9 25 0.20439
9 249 -0.02833
10 11 -0.30423
10 26 -0.82569
10 250 -1.59334
11 12 -1.31048
11 27 0.11364
11 251 0.74826
12 13 0.43408
12 28 1.26914
12 252 -1.10908
13 14 -1.37144
13 29 -0.15612
13 253 -1.7609
14 15 1.16334
14 30 1.09608
14 254 0.69103
15 31 -0.32254
15 255 0.01862
16 17 -0.95765
16 31 0.30553
16 32 -1.19156
17 18 1.376
17 33 -0.01463
18 19 1.09163
18 34 1.07695
19 20 0.56247
19 35 -0.86756
20 21 -0.10954
20 36 2.1616
21 22 0.70925
21 37 0.89399
22 23 -1.00918
22 38 0.23686
23 24 0.42147
23 39 -0.79181
24 25 -1.94516
24 40 -0.17253
25 26 -0.91764
25 41 -0.86168
26 27 0.59265
26 42 -0.26124
27 28 -0.31066
27 43 -0.20815
28 29 0.42459
28 44 0.26466
29 30 1.85269
29 45 -0.77163
30 31 -1.93396
30 46 0.06658
31 47 -0.48326
32 33 -0.79509
32 47 0.03657
32 48 1.46241
33 34 -0.58789
33 49 -0.31134
34 35 -0.91791
34 50 -0.11845
35 36 -0.99279
35 51 -0.05271
36 37 1.49586
36 52 0.111
37 38 0.30695
37 53 1.77493
38 39 -0.16977
38 54 -1.32639
39 40 0.76849
39 55 -0.1581
40 41 -0.58854
40 56 -0.9381
41 42 -0.84353
41 57 -0.42021
42 43 -0.82462
42 58 1.27713
43 44 0.1317
43 59 -0.05097
44 45 -0.11384
44 60 0.64889
45 46 0.24247
45 61 1.03609
46 47 0.6367
46 62 -0.69024
47 63 0.38177
48 49 -0.60961
48 63 -0.65094
48 64 1.12215
49 50 -2.74249
49 65 -0.85097
50 51 -0.95396
50 66 -0.65527
51 52 -0.90781
51 67 -1.03654
52 53 1.06553
52 68 0.33902
53 54 0.43716
53 69 2.63893
54 55 -1.35179
54 70 -0.33532
55 56 -0.31322
55 71 -1.05294
56 57 -1.19638
56 72 -2.1898
57 58 0.11853
57 73 -0.62548
58 59 0.38256
58 74 1.56915
59 60 0.36263
59 75 0.06667
60 61 -0.17992
60 76 -1.59237
61 62 -0.40005
61 77 1.12047
62 63 0.28641
62 78 -1.30233
63 79 -0.28334
64 65 -0.73404
64 79 -0.70099
64 80 -1.59899
65 66 0.95581
65 81 -1.25807
66 67 0.23854
66 82 0.76906
67 68 1.37652
67 83 1.02196
68 69 -2.02949
68 84 -1.48117
69 70 -0.17717
69 85 -2.14777
70 71 -2.41209
70 86 -0.18754
71 72 1.07221
71 87 -1.73447
72 73 -0.91994
72 88 0.14966
73 74 -1.039
73 89 1.53323
74 75 -0.38306
74 90 -0.81319
75 76 -0.74788
75 91 0.44477
76 77 -0.31288
76 92 -1.82922
77 78 0.48376
77 93 0.57741
78 79 0.11419
78 94 -1.02493
79 95 0.33931
80 81 1.3791
80 95 -0.59713
80 96 0.54321
81 82 -0.98416
81 97 -0.31791
82 83 1.03563
82 98 -0.97459
83 84 -1.90955
83 99 1.92364
84 85 -0.07676
84 100 0.48103
85 86 0.9101
85 101 -0.49712
86 87 -0.22165
86 102 0.05632
87 88 -1.69778
87 103 -0.07211
88 89 -0.44104
88 104 -0.04654
89 90 -0.2388
89 105 0.63956
90 91 -0.56501
90 106 -0.15973
91 92 2.3291
91 107 -1.5476
92 93 1.03395
92 108 -1.3453
93 94 0.34726
93 109 -0.51851
94 95 -0.17382
94 110 0.42027
95 111 -0.59946
96 97 0.21527
96 111 -0.39295
96 112 0.33716
97 98 -1.93591
97 113 -1.23821
98 99 -0.62552
98 114 -1.21483
99 100 -0.17174
99 115 0.85695
100 101 1.39049
100 116 1.00562
101 102 0.2206
101 117 -1.87806
102 103 -2.50104
102 118 0.87518
103 104 0.20606
103 119 -0.71544
104 105 0.16347
104 120 0.92672
105 106 0.56309
105 121 -0.4259
106 107 3.95073
106 122 0.91172
107 108 -0.2168
107 123 0.12311
108 109 1.52795
108 124 0.07183
109 110 0.98971
109 125 -0.15654
110 111 0.7291
110 126 -0.54999
111 127 -0.94982
112 113 -0.93342
112 127 -2.55374
112 128 1.2769
113 114 -0.96244
113 129 0.86398
114 115 1.52848
114 130 -0.79636
115 116 -0.22038
115 131 -0.38924
116 117 0.13955
116 132 -0.11473
117 118 0.6004
117 133 0.08662
118 119 0.27236
118 134 0.93128
119 120 0.08716
119 135 -0.76546
120 121 1.2236
120 136 -0.25654
121 122 0.05152
121 137 0.38691
122 123 0.99588
122 138 1.91943
123 124 -0.57638
123 139 -0.47152
124 125 0.1469
124 140 1.46882
125 126 0.44167
125 141 -0.58212
126 127 -0.15482
126 142 0.69039
127 143 1.53633
128 129 -0.24456
128 143 1.27194
128 144 0.5587
129 130 1.97131
129 145 3.13781
130 131 -0.23391
130 146 1.19157
131 132 -0.0079
131 147 0.21532
132 133 -0.21108
132 148 1.95368
133 134 -1.24304
133 149 -1.1517
134 135 1.32687
134 150 0.39981
135 136 0.08671
135 151 1.44523
136 137 0.17948
136 152 -0.49239
137 138 -0.80456
137 153 -0.05918
138 139 1.32387
138 154 -0.82662
139 140 0.16749
139 155 2.13765
140 141 0.39187
140 156 0.63738
141 142 -1.18412
141 157 0.15614
142 143 0.07024
142 158 1.90169
143 159 1.37093
144 145 0.12062
144 159 0.11028
144 160 1.53775
145 146 1.14897
145 161 -1.23501
146 147 0.97618
146 162 0.29891
147 148 -1.04457
147 163 -0.43725
148 149 -0.95122
148 164 -1.19592
149 150 1.12889
149 165 0.29775
150 151 1.93525
150 166 0.79698
151 152 1.18236
151 167 -1.0846
152 153 -0.16855
152 168 -1.92996
153 154 1.28628
153 169 0.3521
154 155 0.21363
154 170 0.02238
155 156 -0.33993
155 171 1.28288
156 157 -0.91913
156 172 -0.16477
157 158 -0.61557
157 173 -1.29423
158 159 0.58477
158 174 0.7496
159 175 0.2801
160 161 -2.3298
160 175 0.07725
160 176 0.47198
161 162 1.63999
161 177 -0.62131
162 163 -0.46628
162 178 1.33795
163 164 -1.81885
163 179 -1.41451
164 165 0.87011
164 180 1.39239
165 166 -0.6356
165 181 0.31601
166 167 -0.09484
166 182 0.67151
167 168 -2.03452
167 183 2.03563
168 169 -0.48527
168 184 -1.34974
169 170 -1.83563
169 185 2.04008
170 171 -0.29398
170 186 -0.17425
171 172 0.77323
171 187 -2.58624
172 173 -0.6082
172 188 -0.37106
173 174 0.17253
173 189 1.03499
174 175 0.2854
174 190 0.62661
175 191 0.85185
176 177 1.91549
176 191 -0.20136
176 192 0.31183
177 178 -0.03888
177 193 0.83976
178 179 -1.33584
178 194 1.40679
179 180 -0.51828
179 195 0.02979
180 181 -0.99405
180 196 1.04848
181 182 -0.4827
181 197 -0.02117
182 183 -0.179
182 198 -0.01187
183 184 2.34943
183 199 -0.01699
184 185 -0.29873
184 200 -0.32508
185 186 -0.99377
185 201 -1.04719
186 187 -0.20165
186 202 0.26049
187 188 -0.3415
187 203 -0.38288
188 189 -1.19478
188 204 -2.10256
189 190 -0.31131
189 205 -0.6819
190 191 -0.40437
190 206 0.44407
191 207 -0.40718
192 193 -0.82156
192 207 0.01688
192 208 1.50908
193 194 0.5081
193 209 -1.31778
194 195 1.16988
194 210 -0.75935
195 196 1.3316
195 211 0.87329
196 197 0.37493
196 212 -0.36273
197 198 -0.11455
197 213 1.09173
198 199 0.10317
198 214 -1.65837
199 200 -0.90606
199 215 0.03709
200 201 0.91264
200 216 0.24874
201 202 2.51258
201 217 0.87734
202 203 -0.78368
202 218 -0.12645
203 204 -1.55537
203 219 -0.70736
204 205 -1.21043
204 220 -0.01198
205 206 -0.54068
205 221 -1.05115
206 207 -1.37959
206 222 -1.50642
207 223 -0.6856
208 209 -0.03391
208 223 0.25193
208 224 0.41239
209 210 -0.24516
209 225 0.01835
210 211 1.45631
210 226 0.88012
211 212 1.00248
211 227 -0.91104
212 213 0.77106
212 228 -0.83664
213 214 -1.02234
213 229 -0.06873
214 215 -0.94879
214 230 0.30014
215 216 -0.95064
215 231 1.19562
216 217 -0.60769
216 232 -0.05657
217 218 0.09968
217 233 -0.15379
218 219 0.69494
218 234 -0.57524
219 220 -1.69283
219 235 1.49525
220 221 0.92041
220 236 -1.65156
221 222 -1.51105
221 237 -0.10234
222 223 -2.16546
222 238 0.65888
223 239 0.64186
224 225 0.30543
224 239 0.56132
224 240 2.81596
225 226 -0.21534
225 241 -0.38052
226 227 -0.00038
226 242 -0.77126
227 228 1.03297
227 243 -0.45228
228 229 0.35288
228 244 1.43045
229 230 -0.89889
229 245 0.07577
230 231 -0.73876
230 246 -1.33668
231 232 0.69885
231 247 -0.76749
232 233 1.94426
232 248 -0.03442
233 234 0.45647
233 249 0.15453
234 235 -0.72355
234 250 -0.93713
235 236 -0.91544
235 251 -0.4919
236 237 0.12278
236 252 -1.30985
237 238 -0.26597
237 253 0.47948
238 239 0.78541
238 254 0.13461
239 255 -0.19533
240 241 -3.38394
240 255 0.5567
241 242 0.85578
242 243 -0.86589
243 244 1.6132
244 245 1.16133
245 246 0.07783
246 247 -0.64353
247 248 0.07362
248 249 -0.27361
249 250 0.13664
250 251 1.41149
251 252 0.43703
252 253 -0.03403
253 254 1.04268
254 255 0.94861
