# model=ea2d N=256 meanJ=0 seed=2017735 distribution=gaussian field=0 num_fields=256 num_couplings=512 dim=2
0 0
1 0
2 0
3 0
4 0
5 0
6 0
7 0
8 0
9 0
10 0
11 0
12 0
13 0
14 0
15 0
16 0
17 0
18 0
19 0
20 0
21 0
22 0
23 0
24 0
25 0
26 0
27 0
28 0
29 0
30 0
31 0
32 0
33 0
34 0
35 0
36 0
37 0
38 0
39 0
40 0
41 0
42 0
43 0
44 0
45 0
46 0
47 0
48 0
49 0
50 0
51 0
52 0
53 0
54 0
55 0
56 0
57 0
58 0
59 0
60 0
61 0
62 0
63 0
64 0
65 0
66 0
67 0
68 0
69 0
70 0
71 0
72 0
73 0
74 0
75 0
76 0
77 0
78 0
79 0
80 0
81 0
82 0
83 0
84 0
85 0
86 0
87 0
88 0
89 0
90 0
91 0
92 0
93 0
94 0
95 0
96 0
97 0
98 0
99 0
100 0
101 0
102 0
103 0
104 0
105 0
106 0
107 0
108 0
109 0
110 0
111 0
112 0
113 0
114 0
115 0
116 0
117 0
118 0
119 0
120 0
121 0
122 0
123 0
124 0
125 0
126 0
127 0
128 0
129 0
130 0
131 0
132 0
133 0
134 0
135 0
136 0
137 0
138 0
139 0
140 0
141 0
142 0
143 0
144 0
145 0
146 0
147 0
148 0
149 0
150 0
151 0
152 0
153 0
154 0
155 0
156 0
157 0
158 0
159 0
160 0
161 0
162 0
163 0
164 0
165 0
166 0
167 0
168 0
169 0
170 0
171 0
172 0
173 0
174 0
175 0
176 0
177 0
178 0
179 0
180 0
181 0
182 0
183 0
184 0
185 0
186 0
187 0
188 0
189 0
190 0
191 0
192 0
193 0
194 0
195 0
196 0
197 0
198 0
199 0
200 0
201 0
202 0
203 0
204 0
205 0
206 0
207 0
208 0
209 0
210 0
211 0
212 0
213 0
214 0
215 0
216 0
217 0
218 0
219 0
220 0
221 0
222 0
223 0
224 0
225 0
226 0
227 0
228 0
229 0
230 0
231 0
232 0
233 0
234 0
235 0
236 0
237 0
238 0
239 0
240 0
241 0
242 0
243 0
244 0
245 0
246 0
247 0
248 0
249 0
250 0
251 0
252 0
253 0
254 0
255 0
0 1 0.69696
0 15 -1.63917
0 16 -1.86133
0 240 -1.20537
1 2 -0.93867
1 17 -1.40546
1 241 1.18372
2 3 0.88975
2 18 1.30357
2 242 -0.4737
3 4 -1.18445
3 19 -0.07982
3 243 -0.30947
4 5 -0.31014
4 20 1.47294
4 244 0.04822
5 6 0.894
5 21 0.44481
5 245 0.2637
6 7 0.85778
6 22 0.45181
6 246 -0.87369
7 8 -0.2033
7 23 -0.12534
7 247 0.798
8 9 1.86343
8 24 0.80254
8 248 -1.42105
9 10 0.13823
9 25 -0.50092
9 249 1.74767
10 11 -0.13661
10 26 0.70121
10 250 -2.09347
11 12 -1.11813
11 27 -0.67518
11 251 0.27405
12 13 0.55287
12 28 -0.1654
12 252 -1.38944
13 14 -0.1609
13 29 0.15618
13 253 -0.04771
14 15 -0.40757
14 30 -1.52951
14 254 0.93871
15 31 0.13552
15 255 1.54079
16 17 0.7009
16 31 1.62737
16 32 0.55756
17 18 0.52929
17 33 1.78033
18 19 0.84889
18 34 -0.68503
19 20 1.35641
19 35 0.48587
20 21 0.35521
20 36 -1.15556
21 22 0.00574
21 37 1.49885
22 23 -1.67414
22 38 0.07522
23 24 0.12212
23 39 0.51479
24 25 -0.2672
24 40 0.25092
25 26 0.18998
25 41 -1.08733
26 27 0.55101
26 42 -1.13033
27 28 -0.84167
27 43 -0.74414
28 29 -0.22143
28 44 0.49117
29 30 -0.52221
29 45 0.32695
30 31 1.57073
30 46 -0.58572
31 47 -0.00676
32 33 1.29891
32 47 -0.09257
32 48 -0.86157
33 34 -0.96053
33 49 -0.24106
34 35 1.28392
34 50 -0.13466
35 36 -1.12242
35 51 -0.06798
36 37 0.59236
36 52 0.14745
37 38 -0.08393
37 53 0.40063
38 39 1.25642
38 54 0.88351
39 40 0.56472
39 55 -1.90035
40 41 0.49776
40 56 1.83034
41 42 -2.17327
41 57 -0.4999
42 43 -0.86333
42 58 -0.32883
43 44 -0.05911
43 59 0.10171
44 45 2.40914
44 60 0.38866
45 46 0.86558
45 61 0.53214
46 47 -0.85167
46 62 1.18086
47 63 0.48302
48 49 -0.77805
48 63 0.04537
48 64 -1.60937
49 50 -0.21698
49 65 -2.34451
50 51 1.12267
50 66 0.14191
51 52 -0.77484
51 67 0.97177
52 53 0.08056
52 68 1.2749
53 54 1.79389
53 69 -0.80576
54 55 0.71562
54 70 -0.94416
55 56 0.28772
55 71 0.65935
56 57 -1.30444
56 72 -1.87989
57 58 0.34867
57 73 -0.4353
58 59 -0.8328
58 74 1.37249
59 60 -0.85648
59 75 0.4673
60 61 1.93906
60 76 -0.56769
61 62 -0.76151
61 77 1.25035
62 63 1.63028
62 78 0.81756
63 79 2.79493
64 65 0.39888
64 79 0.59485
64 80 0.52954
65 66 -2.36203
65 81 -1.22914
66 67 1.29768
66 82 0.19118
67 68 -1.10586
67 83 -0.96533
68 69 -0.76402
68 84 0.36242
69 70 0.00872
69 85 1.43485
70 71 -0.64918
70 86 0.45049
71 72 -0.81568
71 87 1.32258
72 73 -0.47791
72 88 0.49453
73 74 0.02801
73 89 0.11829
74 75 -0.86552
74 90 -1.72593
75 76 1.77266
75 91 0.79336
76 77 0.44284
76 92 0.11002
77 78 1.76485
77 93 0.00385
78 79 0.04805
78 94 0.0014
79 95 -1.47704
80 81 -0.52242
80 95 0.72255
80 96 0.48441
81 82 -0.62586
81 97 0.58732
82 83 -1.15598
82 98 0.80979
83 84 -0.2126
83 99 -0.59849
84 85 0.22396
84 100 -0.71259
85 86 -1.23243
85 101 1.44743
86 87 1.08333
86 102 1.1534
87 88 0.69156
87 103 0.30489
88 89 -0.7869
88 104 -0.19706
89 90 0.44985
89 105 -0.3838
90 91 0.0754
90 106 0.02543
91 92 1.14574
91 107 1.06694
92 93 0.11623
92 108 0.54947
93 94 0.5486
93 109 -1.08976
94 95 -0.3397
94 110 0.16313
95 111 -1.57982
96 97 -0.30113
96 111 0.33207
96 112 0.02317
97 98 0.03719
97 113 0.22883
98 99 -1.9378
98 114 -1.49301
99 100 0.994
99 115 -0.61545
100 101 -0.0833
100 116 0.85442
101 102 -0.45245
101 117 -0.2307
102 103 -0.79331
102 118 1.0713
103 104 0.35977
103 119 0.49252
104 105 0.46925
104 120 1.46939
105 106 0.16353
105 121 0.00856
106 107 1.46287
106 122 -1.27971
107 108 -0.62807
107 123 1.55626
108 109 -0.34161
108 124 1.2418
109 110 -1.43834
109 125 0.36721
110 111 0.49522
110 126 0.34576
111 127 1.90181
112 113 -0.52942
112 127 1.16784
112 128 1.27957
113 114 -3.26747
113 129 -1.20753
114 115 -0.58085
114 130 0.76597
115 116 0.84234
115 131 0.49484
116 117 -0.59847
116 132 1.00747
117 118 0.1027
117 133 2.18504
118 119 -0.92236
118 134 0.11947
119 120 -0.661
119 135 0.93532
120 121 1.21829
120 136 -0.85544
121 122 -1.55564
121 137 0.55542
122 123 0.19951
122 138 -0.82622
123 124 0.74295
123 139 -0.06955
124 125 -0.08066
124 140 -0.18012
125 126 0.40615
125 141 -0.44479
126 127 2.01857
126 142 0.62658
127 143 1.03092
128 129 1.60047
128 143 -0.33365
128 144 -0.53872
129 130 0.26209
129 145 1.00503
130 131 0.56667
130 146 0.05246
131 132 0.69678
131 147 -0.47379
132 133 -0.47973
132 148 0.42125
133 134 0.50013
133 149 0.47527
134 135 2.09992
134 150 -0.0133
135 136 -2.04405
135 151 -0.57917
136 137 1.8321
136 152 0.02238
137 138 -0.43385
137 153 1.13369
138 139 0.02653
138 154 0.23473
139 140 -0.82588
139 155 0.88142
140 141 0.97313
140 156 0.207
141 142 -0.1277
141 157 -1.07374
142 143 0.06979
142 158 1.7581
143 159 0.30199
144 145 -0.59893
144 159 0.27075
144 160 0.24313
145 146 0.18978
145 161 1.68773
146 147 -0.37751
146 162 -1.11173
147 148 0.1311
147 163 -0.10187
148 149 -0.45919
148 164 -1.23492
149 150 0.69633
149 165 1.30314
150 151 -0.24636
150 166 -0.60311
151 152 0.81134
151 167 0.44873
152 153 -0.56768
152 168 1.09045
153 154 -1.21359
153 169 -1.29101
154 155 0.54876
154 170 -1.30341
155 156 2.17688
155 171 -1.08827
156 157 -1.00395
156 172 -0.82749
157 158 0.57103
157 173 -1.39002
158 159 0.2436
158 174 -0.97103
159 175 -1.14107
160 161 -0.19534
160 175 0.33032
160 176 -1.08764
161 162 0.21739
161 177 0.38443
162 163 -0.22566
162 178 -1.71823
163 164 1.12454
163 179 0.92374
164 165 -1.241
164 180 0.74459
165 166 -0.32678
165 181 1.94783
166 167 -1.64188
166 182 -0.96218
167 168 -0.72235
167 183 0.81405
168 169 1.13224
168 184 -0.33116
169 170 0.38375
169 185 1.00466
170 171 -0.57026
170 186 -0.81805
171 172 1.47766
171 187 -0.38567
172 173 -2.25711
172 188 0.24571
173 174 -0.34118
173 189 1.65842
174 175 1.86548
174 190 0.4196
175 191 0.82803
176 177 1.27993
176 191 1.08787
176 192 -1.84291
177 178 -0.49724
177 193 -0.02689
178 179 0.1082
178 194 -0.02067
179 180 0.08334
179 195 0.16301
180 181 -1.28448
180 196 0.28488
181 182 -0.52527
181 197 -1.46977
182 183 -0.8518
182 198 -0.99039
183 184 -0.98785
183 199 -0.41609
184 185 -1.08023
184 200 0.83664
185 186 1.15372
185 201 1.22388
186 187 0.00553
186 202 0.3711
187 188 -0.30491
187 203 -1.17976
188 189 0.36679
188 204 -0.75839
189 190 0.29919
189 205 -0.23616
190 191 -0.07845
190 206 -0.09096
191 207 1.18846
192 193 -0.61122
192 207 1.20336
192 208 -0.43527
193 194 0.91248
193 209 0.01642
194 195 -1.05457
194 210 -0.57989
195 196 0.69796
195 211 -0.94521
196 197 -0.98015
196 212 -1.16295
197 198 0.7421
197 213 1.78296
198 199 -0.30241
198 214 0.22649
199 200 1.15199
199 215 -1.6395
200 201 0.59255
200 216 -0.16167
201 202 1.2198
201 217 1.92865
202 203 -0.91064
202 218 -0.83629
203 204 -0.88846
203 219 -0.66594
204 205 -0.50579
204 220 -0.17774
205 206 0.50386
205 221 -0.2526
206 207 0.24806
206 222 -0.93266
207 223 0.92293
208 209 0.14937
208 223 -0.47545
208 224 1.50784
209 210 0.20062
209 225 -0.68023
210 211 -0.10664
210 226 1.01048
211 212 -0.05894
211 227 -1.90736
212 213 -1.41056
212 228 0.09186
213 214 1.00918
213 229 0.99529
214 215 0.68621
214 230 -0.69012
215 216 -1.10216
215 231 -0.34204
216 217 1.24822
216 232 -0.24476
217 218 2.17007
217 233 -0.36267
218 219 -0.15062
218 234 -1.14937
219 220 0.55881
219 235 0.32539
220 221 -1.91612
220 236 0.41618
221 222 1.05224
221 237 0.34275
222 223 -0.3647
222 238 -0.67173
223 239 0.24992
224 225 0.36186
224 239 0.91926
224 240 -0.91239
225 226 1.54236
225 241 -1.05377
226 227 -0.67626
226 242 -1.00351
227 228 1.35741
227 243 0.72047
228 229 -0.33663
228 244 -0.74262
229 230 0.20211
229 245 -0.07183
230 231 0.7833
230 246 1.19308
231 232 0.85464
231 247 -0.1016
232 233 -0.85759
232 248 -0.7714
233 234 0.40424
233 249 -0.01488
234 235 0.09508
234 250 1.68223
235 236 0.87649
235 251 -1.6717
236 237 0.37669
236 252 0.29127
237 238 -0.10174
237 253 0.68724
238 239 -0.28935
238 254 -0.98845
239 255 -1.53871
240 241 -0.44739
240 255 0.75366
241 242 -0.49998
242 243 2.18014
243 244 0.51121
244 245 1.15634
245 246 -0.06674
246 247 -2.18858
247 248 1.3947
248 249 1.41895
249 250 1.59088
250 251 -0.85923
251 252 -0.30517
252 253 -0.2681
253 254 -0.66121
254 255 -0.23755
