# model=rrg N=150 meanJ=0 seed=289108307 distribution=gaussian field=0 num_fields=150 num_couplings=225 graph=random_regular degree=3 graph_seed=289108307
0 0
1 0
2 0
3 0
4 0
5 0
6 0
7 0
8 0
9 0
10 0
11 0
12 0
13 0
14 0
15 0
16 0
17 0
18 0
19 0
20 0
21 0
22 0
23 0
24 0
25 0
26 0
27 0
28 0
29 0
30 0
31 0
32 0
33 0
34 0
35 0
36 0
37 0
38 0
39 0
40 0
41 0
42 0
43 0
44 0
45 0
46 0
47 0
48 0
49 0
50 0
51 0
52 0
53 0
54 0
55 0
56 0
57 0
58 0
59 0
60 0
61 0
62 0
63 0
64 0
65 0
66 0
67 0
68 0
69 0
70 0
71 0
72 0
73 0
74 0
75 0
76 0
77 0
78 0
79 0
80 0
81 0
82 0
83 0
84 0
85 0
86 0
87 0
88 0
89 0
90 0
91 0
92 0
93 0
94 0
95 0
96 0
97 0
98 0
99 0
100 0
101 0
102 0
103 0
104 0
105 0
106 0
107 0
108 0
109 0
110 0
111 0
112 0
113 0
114 0
115 0
116 0
117 0
118 0
119 0
120 0
121 0
122 0
123 0
124 0
125 0
126 0
127 0
128 0
129 0
130 0
131 0
132 0
133 0
134 0
135 0
136 0
137 0
138 0
139 0
140 0
141 0
142 0
143 0
144 0
145 0
146 0
147 0
148 0
149 0
0 15 -1.16211
0 28 -0.55815
0 121 1.71377
1 19 -1.36236
1 61 -1.21882
1 108 0.59705
2 28 1.33461
2 40 -1.5855
2 128 -0.52564
3 17 -0.9024
3 66 -1.02501
3 126 0.42329
4 60 -0.62881
4 97 0.10505
4 137 1.72602
5 33 0.25717
5 42 -0.2056
5 82 -0.14034
6 104 1.5426
6 107 -1.05456
6 134 -1.45343
7 8 1.99691
7 43 -1.04077
7 124 0.24835
8 111 0.512
8 126 0.86565
9 77 -0.09608
9 83 -0.66463
9 97 -0.04013
10 23 -0.01585
10 38 -1.83126
10 41 -2.48005
11 39 2.9416
11 63 0.23197
11 128 0.52088
12 21 -0.65746
12 34 0.35804
12 66 -1.26967
13 31 1.13594
13 93 -0.18409
13 110 -1.89333
14 32 0.9256
14 56 -1.37253
14 124 -0.37173
15 16 0.72325
15 105 -1.36348
16 26 0.07075
16 85 -0.09182
17 101 0.73286
17 141 1.30069
18 54 1.1632
18 74 -0.00902
18 122 1.00662
19 117 1.11765
19 133 0.81652
20 70 -0.1376
20 113 0.38132
20 117 0.52909
21 26 0.06025
21 138 0.45147
22 36 0.52984
22 44 1.0436
22 127 0.01965
23 46 2.44625
23 117 -0.11267
24 42 -0.76724
24 77 -1.20891
24 112 0.29356
25 30 0.32629
25 79 -1.15612
25 123 -0.34171
26 35 -0.10394
27 63 0.17368
27 78 -0.7379
27 139 0.69191
28 108 0.69166
29 31 -0.58253
29 71 -1.37276
29 93 -1.2504
30 94 1.76967
30 95 -1.3041
31 148 -0.39468
32 125 0.70572
32 142 -0.59892
33 69 -1.05494
33 124 1.08401
34 106 -0.82661
34 120 0.93544
35 68 -1.89633
35 130 -2.37818
36 81 -1.44788
36 135 -0.83179
37 46 1.6963
37 96 1.33415
37 122 -0.31597
38 100 -1.05192
38 109 0.52238
39 138 -1.42368
39 144 0.63648
40 53 -0.29867
40 90 0.53135
41 42 0.35772
41 148 -0.59033
43 45 -1.42063
43 65 -0.68025
44 72 -1.20954
44 96 0.50527
45 118 -0.60039
45 125 -0.29898
46 67 0.50066
47 52 -1.73076
47 120 2.17392
47 149 -0.50395
48 107 0.3256
48 119 -0.79503
48 127 0.29616
49 67 0.30838
49 91 -0.27949
49 92 3.50092
50 58 -2.07144
50 76 0.80656
50 142 0.94385
51 62 -0.9992
51 95 0.9162
51 147 0.78338
52 84 0.34353
52 88 -0.01548
53 78 0.20042
53 120 0.85317
54 55 0.65352
54 146 -0.44858
55 94 -0.73028
55 133 -1.7501
56 62 0.39597
56 68 0.2275
57 116 -0.36594
57 139 0.31007
57 149 0.40547
58 60 -0.69286
58 121 2.20685
59 85 0.37136
59 111 -0.63792
59 132 -0.60315
60 96 -0.97743
61 103 -1.16846
61 143 0.29918
62 115 -0.75667
63 115 1.13751
64 70 0.14872
64 83 -0.56507
64 116 0.41267
65 71 0.72454
65 131 -0.07119
66 98 -1.17432
67 79 0.25568
68 97 0.32517
69 89 1.753
69 140 -0.1378
70 139 -0.74922
71 125 0.64881
72 88 0.39055
72 136 -1.11934
73 112 -0.65727
73 132 -0.43758
73 145 0.60537
74 105 -0.40485
74 136 0.26211
75 102 1.35282
75 122 -1.4742
75 131 -0.15915
76 77 0.13177
76 126 0.23352
78 103 0.33161
79 147 0.51051
80 100 0.38283
80 110 -0.33164
80 119 0.55293
81 134 0.49323
81 140 0.68326
82 88 0.3868
82 106 1.15608
83 106 -1.35387
84 128 -0.178
84 132 0.74536
85 145 -1.37618
86 89 -0.84896
86 108 -0.17321
86 143 0.1061
87 101 -0.28042
87 137 -0.66517
87 146 -1.16593
89 141 0.12528
90 99 -0.89881
90 129 0.53393
91 101 -0.21729
91 102 -0.33596
92 137 0.38574
92 144 0.8462
93 141 -0.18968
94 119 0.66382
95 138 0.09999
98 104 2.43955
98 118 1.52842
99 112 -1.39245
99 114 0.74783
100 109 -0.49776
102 104 -1.55267
103 130 -0.23446
105 123 -0.39222
107 110 -1.176
109 129 -1.02547
111 133 -1.3339
113 116 -1.19183
113 121 -0.02157
114 135 1.13652
114 136 0.73278
115 134 -0.35532
118 143 1.64009
123 142 0.86859
127 129 0.04574
130 145 2.41928
131 149 0.44842
135 148 1.24947
140 147 1.01246
144 146 -2.07257
