# model=rrg N=150 meanJ=0 seed=3127512675 distribution=gaussian field=0 num_fields=150 num_couplings=225 graph=random_regular degree=3 graph_seed=3127512675
0 0
1 0
2 0
3 0
4 0
5 0
6 0
7 0
8 0
9 0
10 0
11 0
12 0
13 0
14 0
15 0
16 0
17 0
18 0
19 0
20 0
21 0
22 0
23 0
24 0
25 0
26 0
27 0
28 0
29 0
30 0
31 0
32 0
33 0
34 0
35 0
36 0
37 0
38 0
39 0
40 0
41 0
42 0
43 0
44 0
45 0
46 0
47 0
48 0
49 0
50 0
51 0
52 0
53 0
54 0
55 0
56 0
57 0
58 0
59 0
60 0
61 0
62 0
63 0
64 0
65 0
66 0
67 0
68 0
69 0
70 0
71 0
72 0
73 0
74 0
75 0
76 0
77 0
78 0
79 0
80 0
81 0
82 0
83 0
84 0
85 0
86 0
87 0
88 0
89 0
90 0
91 0
92 0
93 0
94 0
95 0
96 0
97 0
98 0
99 0
100 0
101 0
102 0
103 0
104 0
105 0
106 0
107 0
108 0
109 0
110 0
111 0
112 0
113 0
114 0
115 0
116 0
117 0
118 0
119 0
120 0
121 0
122 0
123 0
124 0
125 0
126 0
127 0
128 0
129 0
130 0
131 0
132 0
133 0
134 0
135 0
136 0
137 0
138 0
139 0
140 0
141 0
142 0
143 0
144 0
145 0
146 0
147 0
148 0
149 0
0 75 1.74766
0 89 -0.54428
0 117 0.21249
1 67 -0.94897
1 91 -1.2621
1 96 -0.634
2 23 -2.46669
2 28 -1.73188
2 120 -0.08959
3 14 2.20238
3 77 -0.81007
3 112 1.48559
4 22 -0.18035
4 121 -0.47915
4 131 1.26901
5 18 -1.10865
5 113 1.06232
5 118 -0.53481
6 66 -1.31649
6 126 -0.44139
6 135 -0.27015
7 61 -0.3566
7 101 -1.4245
7 122 -0.40108
8 62 0.73885
8 64 -1.65123
8 109 0.82575
9 18 1.53743
9 39 0.50982
9 71 -0.82707
10 57 0.35212
10 100 -0.58055
10 114 -1.41597
11 36 -0.47536
11 98 0.26297
11 148 -0.29188
12 27 -1.59608
12 36 1.02713
12 42 0.23182
13 16 0.08962
13 126 -0.15454
13 138 -0.74021
14 52 0.12575
14 53 0.55799
15 70 -0.64277
15 109 1.58516
15 110 -0.50419
16 30 -1.00323
16 120 0.76819
17 54 0.64388
17 117 1.06494
17 138 -0.56161
18 102 0.61554
19 46 0.29183
19 90 0.1513
19 111 -0.26952
20 52 0.93147
20 113 -1.35372
20 135 -0.4663
21 24 0.17403
21 75 -0.71815
21 136 -2.28087
22 50 -1.18295
22 86 -0.79098
23 35 1.7865
23 111 0.46535
24 92 0.38602
24 96 -0.53118
25 39 0.22622
25 80 1.50287
25 146 0.94364
26 67 0.43035
26 91 1.57603
26 132 -2.13993
27 125 1.10665
27 138 -1.64419
28 58 0.56853
28 84 0.10679
29 45 0.21186
29 128 -1.09905
29 137 -0.20926
30 49 -1.27814
30 105 1.17447
31 84 -0.3614
31 129 0.35968
31 140 1.78133
32 64 -0.28356
32 71 1.42062
32 133 -0.4299
33 63 0.30905
33 142 -0.48695
33 148 -0.69158
34 44 -0.88407
34 125 -0.46314
34 146 -0.70881
35 37 -0.17042
35 44 -0.05353
36 130 0.9612
37 83 1.03051
37 141 0.0701
38 49 -0.55376
38 56 1.38796
38 123 -0.68868
39 149 -0.10309
40 41 1.55907
40 100 -0.49125
40 121 0.22623
41 125 -0.65821
41 141 1.02919
42 87 1.93799
42 95 -0.09238
43 112 0.40805
43 124 0.98327
43 136 0.05232
44 131 -1.8097
45 48 -0.91232
45 115 -0.15042
46 54 0.13059
46 103 0.25325
47 70 -1.0353
47 83 0.58429
47 102 0.48825
48 59 0.83474
48 88 -1.06076
49 119 -0.76113
50 69 1.42457
50 98 -0.02202
51 92 -0.13553
51 104 0.21973
51 118 -0.10249
52 83 -0.34639
53 87 0.69542
53 121 -0.11164
54 128 -0.43949
55 95 -0.49934
55 145 0.3981
55 147 -0.99045
56 82 1.33949
56 104 -0.93379
57 93 0.21991
57 103 0.09918
58 86 0.37576
58 97 -0.10844
59 79 -0.70706
59 99 0.44775
60 71 -0.0687
60 99 -0.02727
60 126 -1.14243
61 69 0.37345
61 135 0.70591
62 103 -0.71153
62 147 -1.07645
63 129 -0.37426
63 133 0.26053
64 97 0.47111
65 78 -1.10371
65 116 1.41033
65 137 0.12699
66 94 -0.19789
66 131 1.01078
67 73 0.57709
68 73 -0.29198
68 141 0.85792
68 148 0.47784
69 91 1.82839
70 133 -0.65661
72 119 -0.73064
72 122 -1.01039
72 123 0.21389
73 119 0.40532
74 101 0.66285
74 106 -0.33626
74 116 -0.20937
75 115 -1.37407
76 78 -0.49467
76 106 -0.0295
76 114 -1.59911
77 78 -0.03231
77 86 -0.27419
79 95 -0.88112
79 144 -0.90648
80 105 -1.38389
80 124 0.05808
81 101 1.25405
81 122 0.25888
81 123 -2.33614
82 94 -0.03776
82 118 0.8177
84 134 -0.76216
85 90 -0.21673
85 92 -0.04656
85 112 -1.05635
87 134 1.19806
88 115 -0.83533
88 149 -0.80625
89 97 0.82065
89 145 0.59398
90 145 -0.12971
93 108 -0.81332
93 127 1.12503
94 130 -0.26131
96 113 -1.09496
98 120 0.34009
99 140 -0.39894
100 129 1.23827
102 127 -1.55183
104 144 2.8124
105 110 1.5791
106 111 -0.73974
107 108 -0.27119
107 137 -0.75047
107 142 -0.45053
108 144 0.41874
109 136 0.93063
110 132 -0.06269
114 139 -2.12989
116 139 -0.45687
117 130 -0.06133
124 143 0.90001
127 143 -1.16451
128 132 -1.30497
134 142 -0.47814
139 140 0.91277
143 149 1.42487
146 147 -0.7631
