# model=rrg N=150 meanJ=0 seed=263922955 distribution=gaussian field=0 num_fields=150 num_couplings=225 graph=random_regular degree=3 graph_seed=263922955
0 0
1 0
2 0
3 0
4 0
5 0
6 0
7 0
8 0
9 0
10 0
11 0
12 0
13 0
14 0
15 0
16 0
17 0
18 0
19 0
20 0
21 0
22 0
23 0
24 0
25 0
26 0
27 0
28 0
29 0
30 0
31 0
32 0
33 0
34 0
35 0
36 0
37 0
38 0
39 0
40 0
41 0
42 0
43 0
44 0
45 0
46 0
47 0
48 0
49 0
50 0
51 0
52 0
53 0
54 0
55 0
56 0
57 0
58 0
59 0
60 0
61 0
62 0
63 0
64 0
65 0
66 0
67 0
68 0
69 0
70 0
71 0
72 0
73 0
74 0
75 0
76 0
77 0
78 0
79 0
80 0
81 0
82 0
83 0
84 0
85 0
86 0
87 0
88 0
89 0
90 0
91 0
92 0
93 0
94 0
95 0
96 0
97 0
98 0
99 0
100 0
101 0
102 0
103 0
104 0
105 0
106 0
107 0
108 0
109 0
110 0
111 0
112 0
113 0
114 0
115 0
116 0
117 0
118 0
119 0
120 0
121 0
122 0
123 0
124 0
125 0
126 0
127 0
128 0
129 0
130 0
131 0
132 0
133 0
134 0
135 0
136 0
137 0
138 0
139 0
140 0
141 0
142 0
143 0
144 0
145 0
146 0
147 0
148 0
149 0
0 51 -1.20549
0 62 -1.31084
0 104 0.28563
1 53 1.77321
1 87 0.10188
1 122 2.00657
2 16 2.10063
2 82 0.2023
2 105 0.3403
3 34 -1.03473
3 69 0.74401
3 136 1.44234
4 42 0.40176
4 68 0.0516
4 105 -0.73803
5 134 -0.06707
5 135 -2.02305
5 145 -0.1179
6 24 -0.68005
6 56 0.26297
6 64 0.30146
7 15 -0.2889
7 26 -1.62943
7 34 -0.4623
8 32 -0.06009
8 42 -0.94291
8 148 1.14692
9 67 0.80298
9 94 2.39377
9 135 1.25246
10 26 -0.23873
10 41 0.00579
10 42 -0.54755
11 92 -0.1277
11 113 -0.32398
11 140 1.58919
12 44 0.18202
12 65 -1.16095
12 97 -0.17931
13 39 -0.0624
13 47 -0.27149
13 62 -0.33765
14 62 2.51877
14 120 -2.45469
14 121 -0.05339
15 27 0.28323
15 93 -0.96988
16 77 -1.24203
16 113 0.98434
17 19 -0.36937
17 72 -1.42714
17 137 -0.04218
18 53 0.13224
18 89 1.52053
18 146 1.93219
19 63 0.41989
19 148 -1.54075
20 24 0.19863
20 59 1.01606
20 127 -0.64653
21 40 0.57233
21 108 0.5287
21 125 2.38046
22 106 0.19442
22 108 0.55669
22 129 -1.42451
23 47 -0.49788
23 70 0.64649
23 143 -0.41986
24 84 -0.90173
25 64 -0.23308
25 101 -1.54189
25 133 2.06746
26 53 1.22165
27 37 -2.18166
27 84 0.40026
28 67 0.13307
28 102 -0.77102
28 117 0.58333
29 116 0.01609
29 129 -1.25507
29 141 -0.64734
30 113 -0.06581
30 117 0.54548
30 118 -0.1192
31 47 -0.76019
31 73 0.13432
31 114 0.69767
32 93 -0.24905
32 135 -0.51594
33 61 -0.17924
33 101 -0.07148
33 103 -0.83972
34 99 -1.40878
35 45 -1.93145
35 48 1.17959
35 58 -0.25443
36 39 0.29763
36 96 0.43273
36 131 -0.25121
37 83 1.75144
37 146 0.89586
38 89 0.71086
38 128 0.07192
38 141 0.63694
39 74 -0.47987
40 51 -0.89821
40 72 -0.6763
41 95 0.77905
41 124 -0.13839
43 99 0.86279
43 111 0.42879
43 124 0.85396
44 82 -0.41997
44 84 0.63433
45 50 -0.54844
45 131 -0.35895
46 125 -2.22161
46 126 0.76522
46 132 1.00985
48 85 -1.26789
48 142 -0.9271
49 80 -1.32893
49 95 1.76436
49 139 0.61033
50 76 -0.34987
50 121 -0.26748
51 102 -0.80388
52 55 0.76923
52 123 0.98221
52 138 -0.87913
54 58 -0.04013
54 59 0.28901
54 98 -0.60573
55 57 -0.32583
55 90 0.39335
56 107 -0.37131
56 147 -1.09255
57 86 -0.1431
57 87 -1.05542
58 111 1.04732
59 147 -0.21954
60 103 -1.6592
60 105 0.81293
60 132 0.07704
61 66 -0.28776
61 85 -0.7537
63 137 -0.58013
63 140 -2.04042
64 67 1.31
65 82 -0.11109
65 121 1.17134
66 125 -1.35728
66 131 1.2286
68 100 -2.12346
68 114 2.03563
69 81 0.23611
69 100 -0.72011
70 109 -0.3115
70 122 -0.23691
71 92 -0.50687
71 114 -1.44823
71 124 0.03018
72 104 -0.88985
73 77 -1.38705
73 134 0.77674
74 111 0.24685
74 149 -0.84808
75 81 0.39812
75 102 0.78882
75 145 -0.7244
76 78 1.40672
76 136 -1.23929
77 143 0.75217
78 126 1.02143
78 145 0.53891
79 86 -0.13836
79 112 0.47715
79 133 1.92536
80 88 -0.06676
80 123 -0.68191
81 127 -0.51768
83 126 0.07374
83 128 -0.90324
85 117 0.00416
86 120 1.73471
87 118 -0.37787
88 104 0.21455
88 130 0.57425
89 122 -0.44014
90 97 -1.07676
90 116 -1.82673
91 106 -0.02862
91 142 0.01708
91 143 0.25662
92 119 1.11799
93 141 0.11192
94 107 -1.66869
94 110 0.3658
95 138 -1.37563
96 133 -0.15565
96 139 0.65885
97 110 0.81779
98 108 0.42895
98 138 -1.843
99 132 0.55787
100 109 -0.05365
101 136 -0.03429
103 148 -0.43014
106 130 1.37205
107 112 -0.615
109 127 -0.86811
110 118 -0.06122
112 142 0.50834
115 119 -0.92851
115 123 -0.59986
115 129 -0.03465
116 130 -1.18017
119 140 -1.29626
120 139 -0.01382
128 144 0.3195
134 144 1.05332
137 149 -0.92932
144 149 0.68008
146 147 -0.12092
