# model=rrg N=100 meanJ=0 seed=163131364 distribution=gaussian field=0 num_fields=100 num_couplings=150 graph=random_regular degree=3 graph_seed=163131364
0 0
1 0
2 0
3 0
4 0
5 0
6 0
7 0
8 0
9 0
10 0
11 0
12 0
13 0
14 0
15 0
16 0
17 0
18 0
19 0
20 0
21 0
22 0
23 0
24 0
25 0
26 0
27 0
28 0
29 0
30 0
31 0
32 0
33 0
34 0
35 0
36 0
37 0
38 0
39 0
40 0
41 0
42 0
43 0
44 0
45 0
46 0
47 0
48 0
49 0
50 0
51 0
52 0
53 0
54 0
55 0
56 0
57 0
58 0
59 0
60 0
61 0
62 0
63 0
64 0
65 0
66 0
67 0
68 0
69 0
70 0
71 0
72 0
73 0
74 0
75 0
76 0
77 0
78 0
79 0
80 0
81 0
82 0
83 0
84 0
85 0
86 0
87 0
88 0
89 0
90 0
91 0
92 0
93 0
94 0
95 0
96 0
97 0
98 0
99 0
0 13 -1.49915
0 26 0.73568
0 29 -0.52899
1 10 0.22642
1 34 1.47993
1 54 0.71617
2 21 1.03943
2 37 -1.88734
2 64 0.59534
3 45 -0.12415
3 71 1.04969
3 85 0.95465
4 42 0.20496
4 83 0.93866
4 90 -1.08538
5 12 1.06564
5 33 -0.55287
5 59 -0.14691
6 21 -0.2445
6 60 0.85909
6 83 -1.61481
7 17 0.55833
7 27 -1.43488
7 39 -2.01223
8 19 0.18737
8 59 -0.22657
8 91 0.68146
9 51 -0.59224
9 67 -1.27467
9 70 0.29666
10 22 -0.85945
10 62 -0.0055
11 15 0.60879
11 38 -0.13298
11 55 0.05027
12 20 -1.14646
12 51 -1.65566
13 48 -0.24519
13 84 -0.55176
14 63 -0.15711
14 78 1.11352
14 87 -0.1118
15 17 -0.81635
15 80 -0.4624
16 50 0.46306
16 51 -2.06481
16 56 0.84435
17 65 -1.20945
18 49 0.55871
18 88 1.15623
18 93 0.63072
19 44 -1.63153
19 61 -1.74815
20 82 -0.64008
20 94 0.0486
21 84 -0.12432
22 43 -0.96027
22 77 1.4356
23 25 -0.70257
23 37 -0.41539
23 92 -0.34376
24 63 -0.52189
24 78 -1.58766
24 94 0.19831
25 60 -1.55251
25 62 1.22059
26 58 -1.19724
26 87 2.47723
27 40 -1.05721
27 82 0.29175
28 52 -0.25085
28 57 0.00637
28 85 0.7445
29 59 -0.7529
29 68 -1.27939
30 47 0.03826
30 86 0.05527
30 98 -1.15038
31 36 0.26959
31 63 -0.97712
31 82 -0.32329
32 50 -0.58937
32 79 -0.41237
32 93 -0.22762
33 69 -0.72852
33 76 -0.84647
34 89 -1.08582
34 92 -0.86836
35 38 -0.20628
35 44 -1.26346
35 75 -1.15575
36 81 -1.67668
36 87 0.99018
37 99 -0.18037
38 97 -0.38775
39 42 -0.17367
39 66 -2.25922
40 86 1.45455
40 88 1.04719
41 61 0.07903
41 71 1.15783
41 75 -0.55441
42 43 0.22218
43 83 -1.75143
44 93 0.12245
45 80 -0.71375
45 92 0.62756
46 65 0.97384
46 70 0.34971
46 90 0.39309
47 55 0.23076
47 81 -0.92859
48 62 -0.21506
48 94 -1.65259
49 56 -1.42247
49 57 -0.40422
50 89 -0.43184
52 58 -1.35684
52 95 1.98868
53 60 -0.38209
53 76 -0.45061
53 79 -0.18376
54 85 0.2806
54 99 1.45321
55 72 0.63099
56 64 1.48908
57 95 -1.48832
58 73 -0.50435
61 72 0.11392
64 90 -0.0553
65 97 0.51797
66 77 1.13736
66 79 0.46929
67 77 -0.27259
67 96 -1.54783
68 75 -0.34204
68 91 0.41588
69 73 1.33957
69 96 -0.72423
70 74 0.00416
71 88 -1.45764
72 95 0.06998
73 81 -1.24178
74 78 1.84752
74 91 0.21848
76 98 0.71699
80 96 0.14041
84 86 -0.08659
89 97 -0.90843
98 99 0.33962
