# model=rrg N=100 meanJ=0 seed=3124015616 distribution=gaussian field=0 num_fields=100 num_couplings=150 graph=random_regular degree=3 graph_seed=3124015616
0 0
1 0
2 0
3 0
4 0
5 0
6 0
7 0
8 0
9 0
10 0
11 0
12 0
13 0
14 0
15 0
16 0
17 0
18 0
19 0
20 0
21 0
22 0
23 0
24 0
25 0
26 0
27 0
28 0
29 0
30 0
31 0
32 0
33 0
34 0
35 0
36 0
37 0
38 0
39 0
40 0
41 0
42 0
43 0
44 0
45 0
46 0
47 0
48 0
49 0
50 0
51 0
52 0
53 0
54 0
55 0
56 0
57 0
58 0
59 0
60 0
61 0
62 0
63 0
64 0
65 0
66 0
67 0
68 0
69 0
70 0
71 0
72 0
73 0
74 0
75 0
76 0
77 0
78 0
79 0
80 0
81 0
82 0
83 0
84 0
85 0
86 0
87 0
88 0
89 0
90 0
91 0
92 0
93 0
94 0
95 0
96 0
97 0
98 0
99 0
0 68 -0.95846
0 83 1.56416
0 87 0.93907
1 6 -1.44797
1 37 0.72574
1 64 -0.09357
2 29 1.18227
2 44 0.929
2 48 2.5248
3 40 0.39752
3 73 -2.00622
3 85 -0.11145
4 26 -0.93903
4 82 0.36598
4 93 -0.2744
5 39 0.17561
5 48 0.37905
5 53 0.19981
6 70 0.09652
6 76 0.77576
7 26 -2.12798
7 36 0.12532
7 94 0.48605
8 32 0.46645
8 36 -0.19011
8 85 -1.45769
9 25 -1.22701
9 38 -0.77471
9 60 2.048
10 31 -1.31387
10 88 -0.34805
10 98 0.61204
11 17 -0.54896
11 59 1.72744
11 95 -1.20752
12 23 -0.83319
12 47 -0.9138
12 52 -0.95383
13 45 0.0464
13 49 0.35853
13 66 2.39988
14 55 -1.09376
14 66 0.69622
14 72 0.75914
15 75 -0.0742
15 82 2.06589
15 90 -0.06548
16 59 -1.28158
16 65 0.15975
16 92 0.48116
17 18 1.30245
17 39 0.07082
18 23 1.94109
18 57 -2.54178
19 79 -0.18926
19 86 -1.96485
19 97 -1.56839
20 41 -1.18935
20 64 -0.45303
20 80 -0.85517
21 29 -0.80711
21 54 2.3514
21 69 0.07046
22 78 0.75774
22 81 1.65072
22 84 -0.7753
23 98 0.06818
24 72 0.09022
24 97 -0.54114
24 99 -0.84685
25 46 -0.39222
25 93 0.2641
26 40 0.1814
27 30 0.23602
27 34 -1.9083
27 41 1.32067
28 90 -0.8321
28 93 0.74985
28 94 -0.06472
29 74 -0.97361
30 51 1.30256
30 71 0.86117
31 67 0.14505
31 80 1.44678
32 50 -0.49186
32 73 1.17471
33 39 0.47992
33 68 -0.79995
33 76 -1.90608
34 61 0.66578
34 87 -1.39433
35 40 0.40331
35 96 -1.49015
35 99 2.04535
36 78 2.2741
37 54 -0.14494
37 75 -0.00336
38 62 0.72841
38 65 1.14368
41 56 -0.2634
42 69 1.30835
42 74 -1.45264
42 97 0.7011
43 53 -0.97432
43 76 -1.04305
43 89 1.78611
44 55 -3.19417
44 61 0.34565
45 53 0.60178
45 63 0.36737
46 62 -0.10632
46 67 0.66842
47 71 0.52771
47 91 -0.66093
48 60 1.14114
49 78 -0.28025
49 99 0.45094
50 65 0.44427
50 68 0.55388
51 92 -0.45662
51 95 0.58316
52 62 0.20779
52 77 1.35199
54 90 0.09588
55 60 -0.5635
56 58 1.89062
56 91 -1.18537
57 63 0.2291
57 95 0.11904
58 84 -0.30642
58 94 -0.04297
59 92 0.0579
61 77 0.62549
63 87 0.27639
64 79 0.00849
66 69 0.61278
67 77 -1.80039
70 81 -0.33013
70 86 -0.04664
71 96 -2.3486
72 81 -1.02971
73 88 0.77986
74 98 0.02891
75 85 0.72347
79 89 -0.16047
80 82 0.37216
83 84 0.30514
83 89 -1.43613
86 88 -1.62758
91 96 0.86379
