# model=rrg N=100 meanJ=0 seed=671514695 distribution=gaussian field=0 num_fields=100 num_couplings=150 graph=random_regular degree=3 graph_seed=671514695
0 0
1 0
2 0
3 0
4 0
5 0
6 0
7 0
8 0
9 0
10 0
11 0
12 0
13 0
14 0
15 0
16 0
17 0
18 0
19 0
20 0
21 0
22 0
23 0
24 0
25 0
26 0
27 0
28 0
29 0
30 0
31 0
32 0
33 0
34 0
35 0
36 0
37 0
38 0
39 0
40 0
41 0
42 0
43 0
44 0
45 0
46 0
47 0
48 0
49 0
50 0
51 0
52 0
53 0
54 0
55 0
56 0
57 0
58 0
59 0
60 0
61 0
62 0
63 0
64 0
65 0
66 0
67 0
68 0
69 0
70 0
71 0
72 0
73 0
74 0
75 0
76 0
77 0
78 0
79 0
80 0
81 0
82 0
83 0
84 0
85 0
86 0
87 0
88 0
89 0
90 0
91 0
92 0
93 0
94 0
95 0
96 0
97 0
98 0
99 0
0 12 1.31421
0 83 -0.32266
0 88 1.76699
1 23 0.80176
1 51 -0.70455
1 66 0.60832
2 28 1.67223
2 61 0.67828
2 77 -0.70509
3 31 0.92636
3 56 -0.03615
3 70 -0.95109
4 11 0.08258
4 94 0.29692
4 95 0.79579
5 10 0.19769
5 17 0.76354
5 91 1.82184
6 36 -1.47991
6 60 -0.74602
6 99 1.65997
7 17 0.94682
7 44 -2.07574
7 94 0.32756
8 28 -1.84098
8 34 -0.16761
8 57 -1.10577
9 42 0.26455
9 47 -1.29651
9 61 -1.14397
10 26 -1.07093
10 37 -1.45267
11 18 0.76396
11 79 0.32701
12 14 -1.43364
12 87 -0.73422
13 30 0.54031
13 56 0.33372
13 93 1.17213
14 22 1.21695
14 38 0.29985
15 27 -1.22571
15 29 -0.00877
15 63 0.18837
16 29 0.57052
16 30 -0.8711
16 68 0.09208
17 41 0.16876
18 89 -0.68551
18 98 0.34441
19 25 1.27754
19 67 0.14977
19 86 0.73546
20 58 -1.33113
20 80 -0.46208
20 88 0.84752
21 23 -0.27233
21 32 -0.93196
21 82 -2.50692
22 62 -0.96476
22 63 0.97368
23 50 0.09854
24 46 -0.12547
24 50 0.44715
24 59 0.7746
25 41 0.28749
25 88 1.87589
26 43 -1.37965
26 64 -1.28016
27 79 -1.20718
27 91 -0.38305
28 35 0.36223
29 35 -1.37123
30 68 -0.70867
31 43 -0.89494
31 66 -0.71074
32 49 0.45489
32 64 0.46187
33 41 -1.42633
33 74 0.69918
33 96 1.84967
34 38 2.19155
34 75 -0.93647
35 77 -0.17551
36 43 1.22465
36 80 1.84091
37 40 -0.99386
37 53 -0.03877
38 45 0.77171
39 48 -0.77743
39 55 -0.01477
39 75 -0.76806
40 91 -1.71797
40 92 0.00009
42 83 -0.01734
42 98 -0.44029
44 53 0.33991
44 81 3.41106
45 68 1.49454
45 72 0.03612
46 60 0.08156
46 86 -0.42769
47 63 1.37093
47 76 -0.60907
48 72 -1.59888
48 80 -2.4043
49 51 1.19805
49 73 -0.22495
50 55 -0.46364
51 67 -1.32055
52 58 1.51141
52 90 -1.24156
52 95 0.40027
53 78 1.28292
54 79 0.26667
54 85 0.89974
54 96 -1.11862
55 59 -0.25191
56 90 -1.50516
57 69 -2.42536
57 77 0.7468
58 78 -0.7186
59 71 -1.56355
60 82 0.70062
61 70 -0.31065
62 71 -0.9377
62 84 0.38276
64 81 -1.00895
65 67 1.59147
65 73 -0.21182
65 84 2.0788
66 95 -1.43656
69 76 -0.62221
69 93 0.14524
70 86 -0.5247
71 74 -0.9448
72 85 -1.05018
73 83 1.65275
74 89 -0.47639
75 92 -0.1492
76 98 1.02612
78 87 -0.12454
81 90 0.30607
82 99 -0.15058
84 97 0.2882
85 89 -1.03496
87 97 -1.79134
92 93 0.13431
94 96 1.61967
97 99 0.26993
