# model=ea3d N=512 meanJ=0 seed=695913902 distribution=gaussian field=0 num_fields=512 num_couplings=1536
0 0
1 0
2 0
3 0
4 0
5 0
6 0
7 0
8 0
9 0
10 0
11 0
12 0
13 0
14 0
15 0
16 0
17 0
18 0
19 0
20 0
21 0
22 0
23 0
24 0
25 0
26 0
27 0
28 0
29 0
30 0
31 0
32 0
33 0
34 0
35 0
36 0
37 0
38 0
39 0
40 0
41 0
42 0
43 0
44 0
45 0
46 0
47 0
48 0
49 0
50 0
51 0
52 0
53 0
54 0
55 0
56 0
57 0
58 0
59 0
60 0
61 0
62 0
63 0
64 0
65 0
66 0
67 0
68 0
69 0
70 0
71 0
72 0
73 0
74 0
75 0
76 0
77 0
78 0
79 0
80 0
81 0
82 0
83 0
84 0
85 0
86 0
87 0
88 0
89 0
90 0
91 0
92 0
93 0
94 0
95 0
96 0
97 0
98 0
99 0
100 0
101 0
102 0
103 0
104 0
105 0
106 0
107 0
108 0
109 0
110 0
111 0
112 0
113 0
114 0
115 0
116 0
117 0
118 0
119 0
120 0
121 0
122 0
123 0
124 0
125 0
126 0
127 0
128 0
129 0
130 0
131 0
132 0
133 0
134 0
135 0
136 0
137 0
138 0
139 0
140 0
141 0
142 0
143 0
144 0
145 0
146 0
147 0
148 0
149 0
150 0
151 0
152 0
153 0
154 0
155 0
156 0
157 0
158 0
159 0
160 0
161 0
162 0
163 0
164 0
165 0
166 0
167 0
168 0
169 0
170 0
171 0
172 0
173 0
174 0
175 0
176 0
177 0
178 0
179 0
180 0
181 0
182 0
183 0
184 0
185 0
186 0
187 0
188 0
189 0
190 0
191 0
192 0
193 0
194 0
195 0
196 0
197 0
198 0
199 0
200 0
201 0
202 0
203 0
204 0
205 0
206 0
207 0
208 0
209 0
210 0
211 0
212 0
213 0
214 0
215 0
216 0
217 0
218 0
219 0
220 0
221 0
222 0
223 0
224 0
225 0
226 0
227 0
228 0
229 0
230 0
231 0
232 0
233 0
234 0
235 0
236 0
237 0
238 0
239 0
240 0
241 0
242 0
243 0
244 0
245 0
246 0
247 0
248 0
249 0
250 0
251 0
252 0
253 0
254 0
255 0
256 0
257 0
258 0
259 0
260 0
261 0
262 0
263 0
264 0
265 0
266 0
267 0
268 0
269 0
270 0
271 0
272 0
273 0
274 0
275 0
276 0
277 0
278 0
279 0
280 0
281 0
282 0
283 0
284 0
285 0
286 0
287 0
288 0
289 0
290 0
291 0
292 0
293 0
294 0
295 0
296 0
297 0
298 0
299 0
300 0
301 0
302 0
303 0
304 0
305 0
306 0
307 0
308 0
309 0
310 0
311 0
312 0
313 0
314 0
315 0
316 0
317 0
318 0
319 0
320 0
321 0
322 0
323 0
324 0
325 0
326 0
327 0
328 0
329 0
330 0
331 0
332 0
333 0
334 0
335 0
336 0
337 0
338 0
339 0
340 0
341 0
342 0
343 0
344 0
345 0
346 0
347 0
348 0
349 0
350 0
351 0
352 0
353 0
354 0
355 0
356 0
357 0
358 0
359 0
360 0
361 0
362 0
363 0
364 0
365 0
366 0
367 0
368 0
369 0
370 0
371 0
372 0
373 0
374 0
375 0
376 0
377 0
378 0
379 0
380 0
381 0
382 0
383 0
384 0
385 0
386 0
387 0
388 0
389 0
390 0
391 0
392 0
393 0
394 0
395 0
396 0
397 0
398 0
399 0
400 0
401 0
402 0
403 0
404 0
405 0
406 0
407 0
408 0
409 0
410 0
411 0
412 0
413 0
414 0
415 0
416 0
417 0
418 0
419 0
420 0
421 0
422 0
423 0
424 0
425 0
426 0
427 0
428 0
429 0
430 0
431 0
432 0
433 0
434 0
435 0
436 0
437 0
438 0
439 0
440 0
441 0
442 0
443 0
444 0
445 0
446 0
447 0
448 0
449 0
450 0
451 0
452 0
453 0
454 0
455 0
456 0
457 0
458 0
459 0
460 0
461 0
462 0
463 0
464 0
465 0
466 0
467 0
468 0
469 0
470 0
471 0
472 0
473 0
474 0
475 0
476 0
477 0
478 0
479 0
480 0
481 0
482 0
483 0
484 0
485 0
486 0
487 0
488 0
489 0
490 0
491 0
492 0
493 0
494 0
495 0
496 0
497 0
498 0
499 0
500 0
501 0
502 0
503 0
504 0
505 0
506 0
507 0
508 0
509 0
510 0
511 0
0 1 -1.13917
0 7 1.03647
0 8 -0.00404
0 56 1.03639
0 64 1.97575
0 448 0.11124
1 2 0.98727
1 9 -1.00095
1 57 1.10502
1 65 0.14455
1 449 -0.1864
2 3 2.01033
2 10 -1.57058
2 58 1.16584
2 66 1.11387
2 450 0.53033
3 4 0.6649
3 11 0.74959
3 59 -0.77687
3 67 0.88728
3 451 1.60869
4 5 0.31186
4 12 -1.50491
4 60 0.28854
4 68 -0.11572
4 452 -0.25964
5 6 0.49014
5 13 -0.52894
5 61 1.78206
5 69 -0.86178
5 453 1.41213
6 7 -1.29953
6 14 -0.55325
6 62 -1.2466
6 70 0.6512
6 454 1.00812
7 15 -0.26832
7 63 0.52722
7 71 1.83909
7 455 -0.68528
8 9 0.98915
8 15 -0.28453
8 16 0.81439
8 72 2.54854
8 456 0.57951
9 10 -0.8785
9 17 -0.11974
9 73 -0.05195
9 457 -0.05027
10 11 -1.16943
10 18 -0.23677
10 74 -0.51228
10 458 0.20506
11 12 1.79289
11 19 -0.64097
11 75 1.48195
11 459 -0.31336
12 13 0.28267
12 20 2.29738
12 76 -1.75088
12 460 0.1331
13 14 0.61087
13 21 0.09824
13 77 0.20313
13 461 0.72345
14 15 -1.26909
14 22 1.16878
14 78 -0.99952
14 462 0.34586
15 23 -0.49439
15 79 -0.67504
15 463 -1.14953
16 17 -0.67855
16 23 -1.52155
16 24 0.60899
16 80 0.01334
16 464 -0.44267
17 18 0.66767
17 25 1.39077
17 81 0.13327
17 465 -0.43387
18 19 -0.35201
18 26 -0.59828
18 82 -0.95052
18 466 -0.27087
19 20 0.09898
19 27 -0.34207
19 83 -0.29013
19 467 0.0009
20 21 -0.81596
20 28 -0.11559
20 84 1.09461
20 468 -0.91321
21 22 0.23354
21 29 0.88753
21 85 -0.75064
21 469 -1.20424
22 23 0.85356
22 30 0.02707
22 86 0.26762
22 470 -1.36163
23 31 0.19784
23 87 -0.57342
23 471 -0.17623
24 25 -1.67259
24 31 0.16421
24 32 0.50261
24 88 -1.37376
24 472 1.88599
25 26 -0.60111
25 33 0.50816
25 89 -1.74364
25 473 -0.08904
26 27 -1.26383
26 34 0.03652
26 90 -0.3254
26 474 -0.91928
27 28 -0.80147
27 35 -0.04399
27 91 0.86881
27 475 -0.8339
28 29 -2.09345
28 36 -2.44539
28 92 2.15853
28 476 -0.55837
29 30 0.98591
29 37 -0.17885
29 93 0.25452
29 477 0.4043
30 31 -0.82362
30 38 -1.31185
30 94 -0.30074
30 478 1.70807
31 39 -0.20244
31 95 0.85997
31 479 -0.05021
32 33 -0.01976
32 39 1.78062
32 40 1.90895
32 96 -0.79181
32 480 -0.17828
33 34 -1.55262
33 41 0.69879
33 97 -0.79331
33 481 -1.34384
34 35 -0.61109
34 42 0.43434
34 98 0.46459
34 482 1.08286
35 36 1.03745
35 43 -0.01963
35 99 -0.43336
35 483 -0.91499
36 37 -1.19564
36 44 -0.42348
36 100 -0.3942
36 484 -1.06635
37 38 1.22564
37 45 -0.65866
37 101 -0.07751
37 485 0.60271
38 39 -1.62818
38 46 0.27255
38 102 -0.28177
38 486 -0.56414
39 47 -0.32902
39 103 -0.71558
39 487 -0.36579
40 41 0.95226
40 47 -0.18342
40 48 -0.60427
40 104 1.08631
40 488 0.6593
41 42 1.72841
41 49 -0.40735
41 105 0.86144
41 489 -0.29454
42 43 -1.48779
42 50 -1.26894
42 106 -2.53877
42 490 0.54883
43 44 1.03869
43 51 0.13006
43 107 1.48548
43 491 1.77576
44 45 0.7219
44 52 -0.69975
44 108 -0.80084
44 492 1.16766
45 46 0.84306
45 53 0.23721
45 109 -0.77697
45 493 -1.27393
46 47 1.17484
46 54 -0.71835
46 110 2.35335
46 494 2.47234
47 55 0.66879
47 111 0.07473
47 495 -2.6273
48 49 -0.51254
48 55 -1.34775
48 56 0.83054
48 112 -0.50556
48 496 0.71635
49 50 0.70177
49 57 0.42777
49 113 0.42407
49 497 -0.33964
50 51 2.82576
50 58 0.90254
50 114 0.1036
50 498 -1.82272
51 52 2.07251
51 59 -0.24261
51 115 -0.13079
51 499 -0.20315
52 53 1.45747
52 60 0.607
52 116 1.52678
52 500 1.60963
53 54 -2.08647
53 61 0.64932
53 117 0.60373
53 501 -1.26092
54 55 1.66601
54 62 -2.28679
54 118 0.76194
54 502 -0.48821
55 63 0.56124
55 119 0.47099
55 503 0.64332
56 57 -1.45258
56 63 0.71166
56 120 0.28719
56 504 -0.47446
57 58 -0.26714
57 121 -0.62391
57 505 1.46678
58 59 0.29847
58 122 -1.17022
58 506 0.21036
59 60 -0.91024
59 123 1.30881
59 507 0.09837
60 61 0.31832
60 124 1.07375
60 508 -1.0449
61 62 0.54139
61 125 -2.83945
61 509 -0.28974
62 63 1.09677
62 126 0.41639
62 510 -0.11842
63 127 -0.21394
63 511 -1.61766
64 65 -0.82715
64 71 0.87566
64 72 -0.40344
64 120 0.58993
64 128 -0.56051
65 66 -1.00697
65 73 -0.18735
65 121 -2.17985
65 129 -1.22517
66 67 0.52609
66 74 1.02719
66 122 -2.02851
66 130 0.7655
67 68 -1.31186
67 75 -0.72996
67 123 -0.78895
67 131 0.1492
68 69 -0.28306
68 76 1.24055
68 124 0.09228
68 132 0.75847
69 70 -2.63521
69 77 0.68398
69 125 -1.02359
69 133 -1.20554
70 71 -0.21117
70 78 1.78469
70 126 2.42141
70 134 -0.11605
71 79 0.39057
71 127 0.97745
71 135 -0.67667
72 73 -0.60327
72 79 1.75833
72 80 0.82248
72 136 -1.14855
73 74 0.68764
73 81 2.06573
73 137 1.51346
74 75 -1.30678
74 82 0.3346
74 138 0.40902
75 76 -1.43796
75 83 1.10694
75 139 2.39422
76 77 -0.0446
76 84 -0.23781
76 140 -0.15196
77 78 -0.90755
77 85 -1.03257
77 141 -0.02175
78 79 -1.97741
78 86 1.22003
78 142 1.28096
79 87 -0.39179
79 143 -0.06084
80 81 -0.45038
80 87 0.46999
80 88 0.89282
80 144 -0.75884
81 82 -0.74366
81 89 -1.3056
81 145 0.74723
82 83 -2.46227
82 90 0.65011
82 146 0.14264
83 84 -1.40283
83 91 0.87088
83 147 -0.07745
84 85 -0.34942
84 92 -0.11321
84 148 -1.60358
85 86 -0.48054
85 93 0.93694
85 149 2.35044
86 87 -0.63059
86 94 0.43626
86 150 -0.23245
87 95 -0.4854
87 151 -1.51484
88 89 -0.00127
88 95 0.33168
88 96 -0.54508
88 152 -0.89404
89 90 0.14769
89 97 0.66716
89 153 0.26579
90 91 -1.18767
90 98 0.70525
90 154 -0.21332
91 92 2.04312
91 99 0.15745
91 155 -0.3241
92 93 0.24434
92 100 -0.1626
92 156 1.4971
93 94 1.18206
93 101 -0.048
93 157 -0.76736
94 95 0.52654
94 102 1.05209
94 158 -0.83168
95 103 1.10734
95 159 -0.26827
96 97 1.03157
96 103 -0.45155
96 104 -1.9191
96 160 0.98638
97 98 -0.97647
97 105 -0.13279
97 161 1.76711
98 99 1.50882
98 106 -1.10869
98 162 0.06862
99 100 0.34048
99 107 0.37084
99 163 1.09876
100 101 0.7075
100 108 2.22418
100 164 0.93185
101 102 -0.21471
101 109 1.18387
101 165 0.78917
102 103 -0.99991
102 110 0.10083
102 166 -0.9805
103 111 0.27
103 167 -0.92935
104 105 0.78098
104 111 -1.16254
104 112 0.81231
104 168 -0.37402
105 106 0.32191
105 113 -0.05217
105 169 1.54622
106 107 0.7804
106 114 0.04387
106 170 -0.843
107 108 0.2832
107 115 1.62185
107 171 0.9241
108 109 0.21891
108 116 -2.24522
108 172 -0.5034
109 110 -0.15206
109 117 0.82391
109 173 -0.12004
110 111 -0.52605
110 118 1.43048
110 174 -0.57314
111 119 -0.66708
111 175 -1.77308
112 113 -1.19561
112 119 0.02262
112 120 -0.84738
112 176 0.04968
113 114 0.41486
113 121 0.39808
113 177 0.60366
114 115 -0.53967
114 122 -0.19887
114 178 -0.93142
115 116 -0.30115
115 123 -0.5826
115 179 1.72799
116 117 0.42193
116 124 -1.12693
116 180 0.09641
117 118 0.90461
117 125 0.53594
117 181 -1.22672
118 119 0.55113
118 126 -1.81265
118 182 -0.48742
119 127 -0.07244
119 183 0.45243
120 121 -0.61642
120 127 -0.52312
120 184 -1.83655
121 122 1.02979
121 185 -0.69307
122 123 0.91945
122 186 1.39749
123 124 -0.09331
123 187 0.58331
124 125 1.71745
124 188 -1.28025
125 126 0.77525
125 189 -0.91422
126 127 -0.28679
126 190 0.56514
127 191 0.24408
128 129 -0.06757
128 135 1.83374
128 136 0.98274
128 184 0.15424
128 192 -0.40702
129 130 -0.74418
129 137 -1.95237
129 185 0.07815
129 193 1.11588
130 131 -0.86813
130 138 0.17285
130 186 0.88906
130 194 0.97055
131 132 -0.53948
131 139 -0.53021
131 187 1.68558
131 195 -0.18485
132 133 0.912
132 140 -0.82988
132 188 1.13001
132 196 1.3428
133 134 2.07625
133 141 0.60897
133 189 1.27654
133 197 -1.52578
134 135 1.08427
134 142 0.54072
134 190 -1.01041
134 198 1.08116
135 143 0.58616
135 191 -0.22068
135 199 1.13441
136 137 0.3065
136 143 1.22951
136 144 -1.28209
136 200 -1.22134
137 138 0.22218
137 145 0.15519
137 201 -0.47598
138 139 -1.44797
138 146 -0.58644
138 202 1.09944
139 140 0.27079
139 147 -0.27954
139 203 -0.22593
140 141 0.01847
140 148 0.65168
140 204 -0.04943
141 142 -2.11405
141 149 0.22593
141 205 1.80346
142 143 -0.64374
142 150 -0.13264
142 206 1.4272
143 151 -0.6604
143 207 1.87359
144 145 -1.17289
144 151 0.10346
144 152 -1.99184
144 208 1.67408
145 146 -0.26748
145 153 -0.11691
145 209 2.17865
146 147 -0.06813
146 154 0.61113
146 210 0.77054
147 148 -1.50205
147 155 0.23848
147 211 0.91018
148 149 -1.12654
148 156 -0.72766
148 212 -1.08923
149 150 -0.0865
149 157 -0.29243
149 213 -1.52829
150 151 -0.34508
150 158 -0.26846
150 214 1.9399
151 159 -0.33947
151 215 -1.42641
152 153 -0.20892
152 159 -2.05662
152 160 -0.15477
152 216 -0.26551
153 154 -0.51872
153 161 1.3366
153 217 1.06055
154 155 1.62021
154 162 -0.77956
154 218 1.31233
155 156 -0.57532
155 163 1.6532
155 219 0.99523
156 157 0.23204
156 164 -0.05026
156 220 -2.1302
157 158 0.95547
157 165 1.15598
157 221 -0.90724
158 159 2.22241
158 166 0.67885
158 222 0.37577
159 167 -0.55798
159 223 0.74014
160 161 0.81477
160 167 -0.81513
160 168 -0.50389
160 224 0.45179
161 162 2.06994
161 169 0.0868
161 225 -0.26665
162 163 1.54736
162 170 0.31931
162 226 1.31663
163 164 0.32471
163 171 0.59671
163 227 -1.1191
164 165 -0.19562
164 172 1.04492
164 228 -0.58785
165 166 1.37287
165 173 0.53318
165 229 0.95833
166 167 -0.49667
166 174 0.5902
166 230 0.20287
167 175 0.15584
167 231 0.54482
168 169 -0.16902
168 175 -0.54023
168 176 2.27935
168 232 -1.013
169 170 0.05293
169 177 -1.50332
169 233 0.58244
170 171 -1.02112
170 178 0.30717
170 234 -0.12501
171 172 0.76312
171 179 -0.43053
171 235 0.87085
172 173 -0.11677
172 180 -1.00334
172 236 0.06364
173 174 1.26887
173 181 -1.5787
173 237 -0.08554
174 175 0.33782
174 182 1.22701
174 238 -1.0899
175 183 -0.37022
175 239 -1.3038
176 177 -0.15865
176 183 0.6138
176 184 0.97785
176 240 -2.00933
177 178 -0.33206
177 185 -0.42166
177 241 -0.70437
178 179 -0.16667
178 186 0.1457
178 242 -0.2732
179 180 0.11718
179 187 -0.61454
179 243 -0.61716
180 181 0.36119
180 188 1.37985
180 244 0.42858
181 182 -0.40271
181 189 0.06164
181 245 -1.70531
182 183 -0.52739
182 190 -0.47427
182 246 1.50151
183 191 -0.22793
183 247 1.01473
184 185 0.36377
184 191 0.83107
184 248 1.10601
185 186 -1.47751
185 249 -0.78659
186 187 0.07647
186 250 0.25037
187 188 0.83433
187 251 -0.00024
188 189 -0.93176
188 252 -0.40977
189 190 -0.26591
189 253 0.82782
190 191 1.42895
190 254 -1.258
191 255 0.93258
192 193 -1.14859
192 199 1.7475
192 200 -0.11464
192 248 0.44822
192 256 -0.88938
193 194 -1.19198
193 201 1.10928
193 249 -1.04886
193 257 0.86938
194 195 0.17499
194 202 -0.20007
194 250 -0.1125
194 258 0.21138
195 196 1.97084
195 203 0.00949
195 251 -0.98567
195 259 -0.17123
196 197 -0.35941
196 204 0.86654
196 252 -0.73765
196 260 1.79914
197 198 0.8416
197 205 -1.52967
197 253 0.22074
197 261 -0.33499
198 199 0.19364
198 206 0.21747
198 254 -0.28238
198 262 -0.85899
199 207 0.50189
199 255 0.84424
199 263 0.55371
200 201 -0.88594
200 207 0.938
200 208 0.30226
200 264 -0.38319
201 202 1.16625
201 209 -0.2691
201 265 -0.98762
202 203 0.61594
202 210 -0.77501
202 266 0.58721
203 204 -1.44292
203 211 -1.15999
203 267 0.03056
204 205 -0.39663
204 212 2.2738
204 268 1.22814
205 206 -0.45381
205 213 -1.31284
205 269 -0.70149
206 207 0.41107
206 214 -1.98911
206 270 -0.93804
207 215 0.16615
207 271 0.76001
208 209 0.55634
208 215 -2.52249
208 216 -0.29742
208 272 -1.03697
209 210 2.33941
209 217 -1.92932
209 273 1.06625
210 211 1.21825
210 218 0.22157
210 274 -1.99208
211 212 -0.07959
211 219 -1.13179
211 275 -0.16008
212 213 -1.71073
212 220 0.52466
212 276 -0.45371
213 214 1.72935
213 221 0.99404
213 277 0.31155
214 215 0.52173
214 222 0.14202
214 278 -1.2034
215 223 2.67215
215 279 0.41544
216 217 -1.06124
216 223 -0.74463
216 224 0.64518
216 280 0.66351
217 218 -0.18845
217 225 2.48375
217 281 -1.01732
218 219 1.59306
218 226 -1.25698
218 282 1.97473
219 220 1.52589
219 227 -0.16247
219 283 0.23145
220 221 -1.89304
220 228 -0.53752
220 284 0.47944
221 222 -1.07586
221 229 0.3741
221 285 -0.43751
222 223 1.70963
222 230 0.02079
222 286 0.3295
223 231 -1.20846
223 287 -0.15816
224 225 -0.28358
224 231 -0.22829
224 232 1.84458
224 288 1.0199
225 226 2.38042
225 233 1.59768
225 289 -0.55358
226 227 -1.08981
226 234 2.61646
226 290 -0.95299
227 228 1.31558
227 235 1.3156
227 291 -0.21806
228 229 1.10526
228 236 1.51965
228 292 -0.97282
229 230 0.55189
229 237 1.15518
229 293 0.69954
230 231 1.4923
230 238 1.20767
230 294 1.95993
231 239 0.49875
231 295 0.49178
232 233 -0.10366
232 239 1.3896
232 240 -0.09693
232 296 1.33942
233 234 -1.16269
233 241 0.79688
233 297 -1.0206
234 235 -0.72396
234 242 -0.49606
234 298 1.75567
235 236 0.41458
235 243 0.2632
235 299 0.52858
236 237 -0.09814
236 244 0.18679
236 300 1.58607
237 238 0.85642
237 245 -0.3827
237 301 1.91999
238 239 0.94834
238 246 -0.34986
238 302 0.36607
239 247 1.89631
239 303 1.03862
240 241 1.4815
240 247 -0.6603
240 248 1.66362
240 304 1.53863
241 242 0.30447
241 249 -0.78619
241 305 0.29057
242 243 0.21097
242 250 -1.29435
242 306 -0.80253
243 244 -0.94513
243 251 0.00736
243 307 2.08899
244 245 -0.29628
244 252 -2.17351
244 308 1.84229
245 246 0.78393
245 253 0.53261
245 309 -0.42913
246 247 0.69673
246 254 -0.70392
246 310 0.82176
247 255 0.06708
247 311 0.76408
248 249 1.17608
248 255 0.85113
248 312 -1.83824
249 250 -2.19605
249 313 0.71571
250 251 -1.95088
250 314 -0.01495
251 252 -0.72843
251 315 -0.40143
252 253 -0.8367
252 316 1.65193
253 254 0.02735
253 317 0.17112
254 255 -0.22418
254 318 0.54229
255 319 -0.23366
256 257 -0.52011
256 263 0.60751
256 264 -0.00837
256 312 -0.17499
256 320 -0.39812
257 258 1.40801
257 265 -1.13876
257 313 1.06232
257 321 -0.22192
258 259 -0.1781
258 266 -0.5367
258 314 0.60936
258 322 1.7253
259 260 -0.48435
259 267 -0.19567
259 315 -0.34459
259 323 0.34549
260 261 -1.5141
260 268 -0.37016
260 316 -0.16218
260 324 -1.71379
261 262 -1.02804
261 269 -0.6127
261 317 -0.75888
261 325 -0.54739
262 263 -0.76287
262 270 -0.50819
262 318 0.06527
262 326 1.32769
263 271 0.17564
263 319 -0.12103
263 327 -1.16044
264 265 0.5159
264 271 0.29284
264 272 -0.35588
264 328 0.7807
265 266 1.01767
265 273 -1.88009
265 329 1.60654
266 267 0.90503
266 274 -0.47336
266 330 -1.40857
267 268 1.05318
267 275 0.58833
267 331 -1.43218
268 269 -1.94
268 276 -0.1187
268 332 -0.79042
269 270 -1.00544
269 277 -0.16385
269 333 0.45279
270 271 -0.6923
270 278 -2.16171
270 334 -0.08794
271 279 -1.89919
271 335 -0.4271
272 273 -2.43945
272 279 1.03264
272 280 -3.06389
272 336 -0.06998
273 274 0.14688
273 281 2.05516
273 337 -0.75538
274 275 0.40403
274 282 -2.08249
274 338 -0.94984
275 276 -0.71129
275 283 0.89143
275 339 1.121
276 277 -0.9134
276 284 0.0238
276 340 -1.69423
277 278 1.07848
277 285 -0.93183
277 341 -1.09633
278 279 0.4042
278 286 0.30763
278 342 1.14918
279 287 1.09071
279 343 -0.02019
280 281 -0.9132
280 287 -0.81345
280 288 -0.3268
280 344 1.71111
281 282 0.22588
281 289 0.16145
281 345 -0.44523
282 283 -0.88685
282 290 0.70358
282 346 -2.72013
283 284 -0.52443
283 291 0.6286
283 347 -1.48344
284 285 -0.75314
284 292 -0.49536
284 348 0.21646
285 286 -1.32281
285 293 0.85643
285 349 0.79253
286 287 1.81359
286 294 2.70769
286 350 0.44556
287 295 0.48604
287 351 -1.06704
288 289 -0.20316
288 295 0.66137
288 296 1.24073
288 352 -0.71034
289 290 -1.2479
289 297 -0.79863
289 353 0.41671
290 291 -0.81522
290 298 0.38648
290 354 -0.00826
291 292 0.50129
291 299 0.64563
291 355 0.89623
292 293 -0.3457
292 300 1.30555
292 356 1.22615
293 294 0.51893
293 301 0.42264
293 357 0.5432
294 295 -0.42664
294 302 1.28433
294 358 0.1831
295 303 -0.29212
295 359 -0.35158
296 297 -1.42934
296 303 -0.11802
296 304 0.27614
296 360 -0.07168
297 298 -0.42086
297 305 -0.65776
297 361 0.64834
298 299 1.63229
298 306 -0.37997
298 362 1.54563
299 300 -0.81178
299 307 -0.27731
299 363 -0.46027
300 301 0.72044
300 308 -1.36855
300 364 -0.02513
301 302 -0.16474
301 309 0.31558
301 365 -1.21544
302 303 -0.50932
302 310 -1.13161
302 366 0.64956
303 311 -3.0764
303 367 -0.16231
304 305 0.42489
304 311 -0.93425
304 312 -1.19931
304 368 0.42718
305 306 0.1839
305 313 -1.21997
305 369 0.76165
306 307 1.20775
306 314 0.80638
306 370 -1.58826
307 308 0.56782
307 315 -1.08372
307 371 1.13706
308 309 1.28711
308 316 0.36156
308 372 -2.0259
309 310 0.4635
309 317 -0.44419
309 373 0.42937
310 311 0.31149
310 318 1.12364
310 374 1.20306
311 319 -1.32692
311 375 -0.32586
312 313 -0.00237
312 319 0.69236
312 376 -1.13241
313 314 1.10539
313 377 0.76427
314 315 0.66398
314 378 -0.24267
315 316 -1.15968
315 379 1.5703
316 317 -1.04024
316 380 0.85008
317 318 1.0118
317 381 -2.29626
318 319 0.90219
318 382 -0.21263
319 383 -0.02107
320 321 -1.56174
320 327 -0.76399
320 328 0.78966
320 376 -1.19314
320 384 -1.97924
321 322 0.99651
321 329 -0.28368
321 377 0.92896
321 385 1.90671
322 323 -1.35834
322 330 -1.1523
322 378 1.41823
322 386 -2.56324
323 324 0.86866
323 331 -1.28042
323 379 -0.25181
323 387 -0.10957
324 325 0.75931
324 332 -0.56552
324 380 -0.01106
324 388 -0.96055
325 326 0.9115
325 333 0.65888
325 381 -0.72685
325 389 -1.17609
326 327 -0.75228
326 334 0.72914
326 382 -0.68408
326 390 0.93268
327 335 -0.37733
327 383 0.41508
327 391 0.11225
328 329 -0.08153
328 335 0.68732
328 336 -1.91482
328 392 1.0521
329 330 2.02874
329 337 1.28237
329 393 -0.74342
330 331 -0.11159
330 338 -1.49593
330 394 -0.24169
331 332 -1.56548
331 339 0.17888
331 395 -0.7882
332 333 0.5871
332 340 -3.36483
332 396 -0.8334
333 334 0.55437
333 341 1.03882
333 397 -0.23459
334 335 0.72201
334 342 0.24469
334 398 -0.97888
335 343 -1.92916
335 399 -0.9809
336 337 -1.33655
336 343 -0.33947
336 344 -0.41115
336 400 -0.08892
337 338 -0.89049
337 345 0.63455
337 401 1.32241
338 339 1.26597
338 346 0.77814
338 402 0.83341
339 340 -0.37175
339 347 0.79545
339 403 1.00743
340 341 -0.14995
340 348 -0.53088
340 404 1.49733
341 342 -0.219
341 349 -0.20672
341 405 0.23787
342 343 -0.11077
342 350 1.00514
342 406 0.07452
343 351 -3.43681
343 407 -0.02323
344 345 0.02032
344 351 -1.05909
344 352 -0.84277
344 408 1.09812
345 346 1.3496
345 353 -0.76736
345 409 0.29558
346 347 0.09825
346 354 0.14561
346 410 0.95249
347 348 0.57233
347 355 0.55766
347 411 1.81996
348 349 -0.23621
348 356 0.62482
348 412 -0.89763
349 350 0.91071
349 357 -2.001
349 413 0.78059
350 351 -0.57097
350 358 0.74987
350 414 1.04332
351 359 -0.57616
351 415 -0.67407
352 353 1.97019
352 359 -1.32933
352 360 0.17918
352 416 -1.74417
353 354 0.37036
353 361 -1.80901
353 417 -0.40657
354 355 1.08742
354 362 0.50858
354 418 0.82678
355 356 -2.02576
355 363 -1.11338
355 419 -1.52089
356 357 0.14588
356 364 -1.60132
356 420 -1.19168
357 358 -1.87246
357 365 0.22087
357 421 0.02234
358 359 -0.43189
358 366 1.93142
358 422 -0.00112
359 367 -1.09536
359 423 -1.05008
360 361 -1.35153
360 367 0.34157
360 368 -1.77563
360 424 -1.27108
361 362 -0.37956
361 369 -0.26445
361 425 2.41362
362 363 -0.52012
362 370 -0.02044
362 426 -1.01822
363 364 0.89543
363 371 -1.57893
363 427 -0.34101
364 365 -0.19093
364 372 0.6908
364 428 0.51127
365 366 -1.51303
365 373 -0.63236
365 429 -0.28658
366 367 0.44319
366 374 -0.48314
366 430 0.55922
367 375 0.08869
367 431 0.45989
368 369 0.54278
368 375 1.19692
368 376 1.14792
368 432 1.45127
369 370 0.36812
369 377 1.15356
369 433 1.22144
370 371 -0.77062
370 378 -0.06828
370 434 0.36941
371 372 1.62213
371 379 0.07644
371 435 0.3995
372 373 -0.74823
372 380 1.08359
372 436 0.39471
373 374 0.69292
373 381 1.32651
373 437 -0.21467
374 375 -0.85033
374 382 0.90804
374 438 -0.61879
375 383 0.95941
375 439 -0.8286
376 377 -0.78892
376 383 0.27042
376 440 1.5319
377 378 0.63748
377 441 0.81216
378 379 0.32069
378 442 -0.65968
379 380 -0.88537
379 443 0.54056
380 381 -0.32412
380 444 -2.45478
381 382 0.49077
381 445 -0.54614
382 383 1.30164
382 446 -0.29897
383 447 0.02186
384 385 -0.75524
384 391 0.21417
384 392 -2.94249
384 440 -0.91939
384 448 0.05319
385 386 -0.18038
385 393 0.77779
385 441 -0.75157
385 449 0.4517
386 387 -1.00286
386 394 0.80124
386 442 -1.3138
386 450 1.4594
387 388 0.39724
387 395 0.32078
387 443 0.5818
387 451 0.29769
388 389 -1.74685
388 396 -0.40998
388 444 1.13642
388 452 -0.48491
389 390 -0.70849
389 397 0.82245
389 445 -0.75215
389 453 0.44227
390 391 -0.20204
390 398 1.76614
390 446 -0.61256
390 454 -1.40716
391 399 -0.26616
391 447 -1.05832
391 455 -0.62029
392 393 0.56649
392 399 -1.428
392 400 -0.23243
392 456 -1.45722
393 394 -1.20407
393 401 -0.2486
393 457 -0.83563
394 395 -0.14751
394 402 0.42339
394 458 0.36766
395 396 0.53695
395 403 0.65975
395 459 -0.74654
396 397 0.5999
396 404 0.46305
396 460 -0.93877
397 398 -0.35968
397 405 -0.64237
397 461 -0.81696
398 399 -1.00004
398 406 0.5314
398 462 1.23485
399 407 -0.2677
399 463 -1.23127
400 401 -1.10476
400 407 0.28053
400 408 -0.92564
400 464 -0.04178
401 402 -0.75496
401 409 -0.1214
401 465 -1.31006
402 403 -0.21682
402 410 -0.26519
402 466 -1.3871
403 404 -0.54695
403 411 -1.15036
403 467 0.62066
404 405 0.43443
404 412 0.08521
404 468 0.59327
405 406 -1.58834
405 413 -0.83344
405 469 -1.15935
406 407 -2.02183
406 414 -0.57073
406 470 0.04919
407 415 1.35047
407 471 -0.3627
408 409 -0.43787
408 415 1.18408
408 416 -1.04004
408 472 1.10261
409 410 -1.0833
409 417 0.31408
409 473 0.1858
410 411 -0.46568
410 418 -0.02726
410 474 0.52454
411 412 1.04433
411 419 -0.9649
411 475 1.33865
412 413 -0.2233
412 420 -1.7126
412 476 -0.52363
413 414 0.23618
413 421 -0.42011
413 477 0.18602
414 415 -0.82893
414 422 0.39389
414 478 -0.13916
415 423 -0.11923
415 479 -0.21415
416 417 1.14479
416 423 0.56662
416 424 0.51083
416 480 0.35485
417 418 -0.55661
417 425 2.07269
417 481 -0.02469
418 419 0.21179
418 426 -1.35545
418 482 0.05248
419 420 -0.76932
419 427 -0.18155
419 483 -0.68053
420 421 0.33506
420 428 -1.9525
420 484 -0.74749
421 422 -0.16218
421 429 -0.24591
421 485 -0.52805
422 423 0.95554
422 430 -0.16116
422 486 -0.37146
423 431 -0.63949
423 487 -0.26702
424 425 -1.30369
424 431 1.98355
424 432 -0.37608
424 488 0.12801
425 426 1.58831
425 433 -1.92864
425 489 -0.15082
426 427 0.35054
426 434 -0.07702
426 490 1.44824
427 428 0.66899
427 435 0.9341
427 491 0.40579
428 429 0.08178
428 436 0.02729
428 492 0.10445
429 430 -0.32494
429 437 0.42218
429 493 -0.66438
430 431 -0.8806
430 438 -1.14469
430 494 -0.16269
431 439 -1.75047
431 495 0.56556
432 433 0.3058
432 439 0.68239
432 440 -0.50347
432 496 0.61156
433 434 -0.68882
433 441 1.25021
433 497 0.22803
434 435 -0.31086
434 442 1.26247
434 498 0.37211
435 436 -0.55207
435 443 -0.9999
435 499 2.06477
436 437 -0.4654
436 444 -0.40771
436 500 0.54731
437 438 -0.29443
437 445 0.7765
437 501 0.85221
438 439 -0.07105
438 446 -1.12984
438 502 -0.42023
439 447 -0.19288
439 503 -0.95798
440 441 0.01975
440 447 -0.80413
440 504 -0.88661
441 442 0.82488
441 505 0.1014
442 443 -0.36759
442 506 0.1938
443 444 -0.08951
443 507 -1.12061
444 445 -1.53579
444 508 -1.22576
445 446 -0.07207
445 509 -0.79082
446 447 1.61081
446 510 0.93607
447 511 -1.38532
448 449 -0.62564
448 455 -1.16713
448 456 -1.2725
448 504 0.21623
449 450 -0.84569
449 457 1.10301
449 505 -1.1794
450 451 1.56819
450 458 1.40413
450 506 -0.69313
451 452 -1.2911
451 459 0.1061
451 507 0.77274
452 453 -2.53575
452 460 -1.6441
452 508 -0.96369
453 454 -0.80301
453 461 2.24995
453 509 -0.54808
454 455 -0.57618
454 462 -1.13208
454 510 -0.88368
455 463 1.23062
455 511 0.11124
456 457 -0.49032
456 463 -1.69818
456 464 -0.23696
457 458 1.1938
457 465 -1.34597
458 459 0.68365
458 466 -0.31452
459 460 1.24534
459 467 -0.1592
460 461 -0.99255
460 468 2.06231
461 462 0.34416
461 469 0.66158
462 463 -0.57568
462 470 -0.23045
463 471 0.61588
464 465 -0.21928
464 471 -0.6654
464 472 0.00886
465 466 -0.09791
465 473 0.70265
466 467 -1.89341
466 474 -0.32715
467 468 -0.30579
467 475 -0.29178
468 469 0.67089
468 476 -0.40698
469 470 1.51829
469 477 -1.89855
470 471 -1.65992
470 478 0.30976
471 479 -0.69161
472 473 0.65511
472 479 -0.97211
472 480 -0.03533
473 474 0.84163
473 481 0.82849
474 475 0.16893
474 482 -2.09381
475 476 -0.6171
475 483 1.83106
476 477 -0.15359
476 484 0.87585
477 478 -0.90368
477 485 -0.19134
478 479 -0.07163
478 486 0.17913
479 487 0.52009
480 481 -0.27864
480 487 0.4929
480 488 -0.6254
481 482 -0.74099
481 489 -0.64614
482 483 0.31469
482 490 1.48687
483 484 -0.77461
483 491 -1.09224
484 485 0.46367
484 492 -0.04109
485 486 -0.24838
485 493 -1.2982
486 487 1.03455
486 494 0.13219
487 495 0.19546
488 489 0.68109
488 495 -0.27531
488 496 0.9473
489 490 1.19674
489 497 0.34551
490 491 1.28194
490 498 0.76971
491 492 0.83454
491 499 -0.77427
492 493 -1.06527
492 500 0.24339
493 494 -1.93333
493 501 -0.29807
494 495 1.28379
494 502 0.05107
495 503 -0.25691
496 497 -0.51144
496 503 -0.72406
496 504 0.29591
497 498 -0.11211
497 505 -0.43704
498 499 -0.94966
498 506 0.72336
499 500 -1.79259
499 507 -0.49983
500 501 0.19287
500 508 0.95579
501 502 0.90101
501 509 -0.72731
502 503 -2.35356
502 510 -1.32369
503 511 -1.77896
504 505 -2.28316
504 511 -0.99282
505 506 -0.7331
506 507 -1.26866
507 508 2.41568
508 509 -0.87033
509 510 0.15515
510 511 -0.79724
