# model=ea3d N=512 meanJ=0 seed=2125618817 distribution=gaussian field=0 num_fields=512 num_couplings=1536
0 0
1 0
2 0
3 0
4 0
5 0
6 0
7 0
8 0
9 0
10 0
11 0
12 0
13 0
14 0
15 0
16 0
17 0
18 0
19 0
20 0
21 0
22 0
23 0
24 0
25 0
26 0
27 0
28 0
29 0
30 0
31 0
32 0
33 0
34 0
35 0
36 0
37 0
38 0
39 0
40 0
41 0
42 0
43 0
44 0
45 0
46 0
47 0
48 0
49 0
50 0
51 0
52 0
53 0
54 0
55 0
56 0
57 0
58 0
59 0
60 0
61 0
62 0
63 0
64 0
65 0
66 0
67 0
68 0
69 0
70 0
71 0
72 0
73 0
74 0
75 0
76 0
77 0
78 0
79 0
80 0
81 0
82 0
83 0
84 0
85 0
86 0
87 0
88 0
89 0
90 0
91 0
92 0
93 0
94 0
95 0
96 0
97 0
98 0
99 0
100 0
101 0
102 0
103 0
104 0
105 0
106 0
107 0
108 0
109 0
110 0
111 0
112 0
113 0
114 0
115 0
116 0
117 0
118 0
119 0
120 0
121 0
122 0
123 0
124 0
125 0
126 0
127 0
128 0
129 0
130 0
131 0
132 0
133 0
134 0
135 0
136 0
137 0
138 0
139 0
140 0
141 0
142 0
143 0
144 0
145 0
146 0
147 0
148 0
149 0
150 0
151 0
152 0
153 0
154 0
155 0
156 0
157 0
158 0
159 0
160 0
161 0
162 0
163 0
164 0
165 0
166 0
167 0
168 0
169 0
170 0
171 0
172 0
173 0
174 0
175 0
176 0
177 0
178 0
179 0
180 0
181 0
182 0
183 0
184 0
185 0
186 0
187 0
188 0
189 0
190 0
191 0
192 0
193 0
194 0
195 0
196 0
197 0
198 0
199 0
200 0
201 0
202 0
203 0
204 0
205 0
206 0
207 0
208 0
209 0
210 0
211 0
212 0
213 0
214 0
215 0
216 0
217 0
218 0
219 0
220 0
221 0
222 0
223 0
224 0
225 0
226 0
227 0
228 0
229 0
230 0
231 0
232 0
233 0
234 0
235 0
236 0
237 0
238 0
239 0
240 0
241 0
242 0
243 0
244 0
245 0
246 0
247 0
248 0
249 0
250 0
251 0
252 0
253 0
254 0
255 0
256 0
257 0
258 0
259 0
260 0
261 0
262 0
263 0
264 0
265 0
266 0
267 0
268 0
269 0
270 0
271 0
272 0
273 0
274 0
275 0
276 0
277 0
278 0
279 0
280 0
281 0
282 0
283 0
284 0
285 0
286 0
287 0
288 0
289 0
290 0
291 0
292 0
293 0
294 0
295 0
296 0
297 0
298 0
299 0
300 0
301 0
302 0
303 0
304 0
305 0
306 0
307 0
308 0
309 0
310 0
311 0
312 0
313 0
314 0
315 0
316 0
317 0
318 0
319 0
320 0
321 0
322 0
323 0
324 0
325 0
326 0
327 0
328 0
329 0
330 0
331 0
332 0
333 0
334 0
335 0
336 0
337 0
338 0
339 0
340 0
341 0
342 0
343 0
344 0
345 0
346 0
347 0
348 0
349 0
350 0
351 0
352 0
353 0
354 0
355 0
356 0
357 0
358 0
359 0
360 0
361 0
362 0
363 0
364 0
365 0
366 0
367 0
368 0
369 0
370 0
371 0
372 0
373 0
374 0
375 0
376 0
377 0
378 0
379 0
380 0
381 0
382 0
383 0
384 0
385 0
386 0
387 0
388 0
389 0
390 0
391 0
392 0
393 0
394 0
395 0
396 0
397 0
398 0
399 0
400 0
401 0
402 0
403 0
404 0
405 0
406 0
407 0
408 0
409 0
410 0
411 0
412 0
413 0
414 0
415 0
416 0
417 0
418 0
419 0
420 0
421 0
422 0
423 0
424 0
425 0
426 0
427 0
428 0
429 0
430 0
431 0
432 0
433 0
434 0
435 0
436 0
437 0
438 0
439 0
440 0
441 0
442 0
443 0
444 0
445 0
446 0
447 0
448 0
449 0
450 0
451 0
452 0
453 0
454 0
455 0
456 0
457 0
458 0
459 0
460 0
461 0
462 0
463 0
464 0
465 0
466 0
467 0
468 0
469 0
470 0
471 0
472 0
473 0
474 0
475 0
476 0
477 0
478 0
479 0
480 0
481 0
482 0
483 0
484 0
485 0
486 0
487 0
488 0
489 0
490 0
491 0
492 0
493 0
494 0
495 0
496 0
497 0
498 0
499 0
500 0
501 0
502 0
503 0
504 0
505 0
506 0
507 0
508 0
509 0
510 0
511 0
0 1 -0.18772
0 7 -0.62295
0 8 -1.3933
0 56 0.63488
0 64 -0.03197
0 448 -1.47984
1 2 1.32011
1 9 0.91986
1 57 -0.6417
1 65 1.48288
1 449 -0.54411
2 3 -0.2238
2 10 0.78642
2 58 -0.55968
2 66 -0.06209
2 450 -0.414
3 4 0.58275
3 11 0.60263
3 59 1.90364
3 67 0.35756
3 451 -0.59479
4 5 -0.73069
4 12 0.99236
4 60 -0.41298
4 68 -3.606
4 452 1.15783
5 6 2.03419
5 13 -0.37232
5 61 0.61736
5 69 -0.78699
5 453 0.48367
6 7 -1.17993
6 14 -1.27016
6 62 0.46456
6 70 1.70448
6 454 0.75842
7 15 0.57887
7 63 -0.517
7 71 0.38881
7 455 -1.5208
8 9 -0.32129
8 15 -0.08903
8 16 -1.30504
8 72 0.59685
8 456 1.50891
9 10 -1.26134
9 17 0.78746
9 73 0.89762
9 457 -0.79828
10 11 1.26329
10 18 0.024
10 74 1.1661
10 458 -1.39592
11 12 0.63415
11 19 0.58258
11 75 2.87138
11 459 0.25529
12 13 0.81194
12 20 0.39108
12 76 -0.66434
12 460 -0.75685
13 14 0.26847
13 21 1.11502
13 77 1.09831
13 461 -0.26063
14 15 1.32197
14 22 1.25677
14 78 -0.07721
14 462 -0.86374
15 23 0.5287
15 79 0.68973
15 463 1.42521
16 17 -0.89958
16 23 -1.53027
16 24 0.98162
16 80 2.18765
16 464 -0.16314
17 18 -1.76565
17 25 0.44905
17 81 -0.69798
17 465 0.08116
18 19 -0.74551
18 26 2.37134
18 82 0.97836
18 466 1.53987
19 20 1.72879
19 27 -1.68467
19 83 -0.41221
19 467 -0.9162
20 21 0.39469
20 28 0.94997
20 84 0.1235
20 468 -0.51033
21 22 1.13938
21 29 -0.81078
21 85 -0.30153
21 469 -0.26431
22 23 -0.12399
22 30 0.03318
22 86 -0.66005
22 470 -0.24916
23 31 -0.50865
23 87 -0.49262
23 471 0.57989
24 25 0.58273
24 31 0.16376
24 32 -1.04863
24 88 -1.83715
24 472 0.26467
25 26 2.0466
25 33 -1.01208
25 89 0.54749
25 473 0.09866
26 27 -0.83096
26 34 -1.56295
26 90 1.01007
26 474 0.63165
27 28 0.05017
27 35 -1.32893
27 91 1.16418
27 475 -1.58411
28 29 0.4729
28 36 -0.49651
28 92 -0.22116
28 476 0.13451
29 30 -0.55015
29 37 0.13808
29 93 -0.26039
29 477 1.15592
30 31 1.12236
30 38 0.07188
30 94 0.20562
30 478 2.04739
31 39 -0.66356
31 95 -0.24857
31 479 -0.33151
32 33 -0.54068
32 39 0.21052
32 40 -1.17757
32 96 0.39629
32 480 0.91374
33 34 0.95236
33 41 -1.65484
33 97 1.78279
33 481 -0.38578
34 35 -0.88321
34 42 0.30337
34 98 -0.98339
34 482 0.83161
35 36 1.2679
35 43 2.23948
35 99 -0.87736
35 483 0.80576
36 37 0.4149
36 44 1.10783
36 100 -0.93055
36 484 -0.19045
37 38 2.4577
37 45 -1.25021
37 101 -2.48056
37 485 -0.63184
38 39 0.60286
38 46 0.13542
38 102 -0.55913
38 486 -0.35935
39 47 -1.46181
39 103 -0.44309
39 487 2.23519
40 41 -0.23049
40 47 0.14916
40 48 0.51265
40 104 1.05815
40 488 1.12923
41 42 -1.59297
41 49 -1.32246
41 105 0.27593
41 489 -0.08351
42 43 -1.10648
42 50 -1.82881
42 106 0.32869
42 490 0.39852
43 44 0.70168
43 51 -0.56183
43 107 -1.06298
43 491 -1.04232
44 45 -1.65528
44 52 1.98751
44 108 -0.27938
44 492 -0.70073
45 46 0.88092
45 53 1.55824
45 109 -0.18276
45 493 0.33929
46 47 0.83542
46 54 -1.26097
46 110 -1.45062
46 494 0.3164
47 55 -1.20827
47 111 -1.48273
47 495 0.15452
48 49 -1.13114
48 55 -0.5111
48 56 0.57244
48 112 1.25623
48 496 0.83587
49 50 -0.29771
49 57 -0.33194
49 113 -0.2681
49 497 -0.11292
50 51 -0.09089
50 58 1.20287
50 114 -0.15802
50 498 -1.40011
51 52 0.96488
51 59 -0.57598
51 115 0.835
51 499 -0.63909
52 53 0.08874
52 60 0.67752
52 116 -0.31444
52 500 2.27579
53 54 -0.13723
53 61 0.85007
53 117 0.66177
53 501 -1.08478
54 55 -0.22829
54 62 0.79098
54 118 -1.2362
54 502 0.11416
55 63 -0.79424
55 119 -0.30583
55 503 0.3165
56 57 -0.99866
56 63 1.34023
56 120 0.37848
56 504 0.59238
57 58 -0.80137
57 121 -1.1303
57 505 -0.81868
58 59 -1.22855
58 122 0.16513
58 506 -0.40635
59 60 -0.30055
59 123 1.39609
59 507 0.41546
60 61 -0.42806
60 124 -0.76825
60 508 0.83976
61 62 -1.37413
61 125 -1.02801
61 509 0.50062
62 63 0.15718
62 126 -0.54637
62 510 -0.57121
63 127 0.61816
63 511 -2.28826
64 65 0.77614
64 71 1.09062
64 72 -0.67689
64 120 -1.47907
64 128 -0.38342
65 66 0.19664
65 73 1.30664
65 121 -1.704
65 129 -0.68528
66 67 -0.23497
66 74 -1.21266
66 122 -0.47541
66 130 -0.94654
67 68 -0.65537
67 75 0.25991
67 123 -1.97535
67 131 -0.01456
68 69 -2.46973
68 76 0.22677
68 124 0.57424
68 132 -0.23555
69 70 1.36996
69 77 -1.37138
69 125 -0.03689
69 133 -0.67664
70 71 -0.45922
70 78 1.83062
70 126 -0.93333
70 134 0.46406
71 79 -0.02543
71 127 -0.91871
71 135 2.09925
72 73 -0.96975
72 79 -0.48363
72 80 1.00753
72 136 0.69838
73 74 -1.19235
73 81 0.26017
73 137 -1.03517
74 75 0.76848
74 82 2.07543
74 138 1.46966
75 76 -0.98463
75 83 -0.90991
75 139 0.7317
76 77 1.48232
76 84 0.94838
76 140 -0.81337
77 78 0.17992
77 85 -3.05536
77 141 0.06039
78 79 -0.98619
78 86 -0.72973
78 142 -0.05355
79 87 -0.01287
79 143 -0.64464
80 81 0.32867
80 87 0.23091
80 88 0.33
80 144 0.94817
81 82 0.01635
81 89 0.38653
81 145 -2.69634
82 83 1.73987
82 90 -0.59076
82 146 -0.6211
83 84 0.78536
83 91 -1.53646
83 147 1.12245
84 85 1.83019
84 92 -1.68016
84 148 0.87054
85 86 -0.65548
85 93 -0.74582
85 149 1.65577
86 87 -0.38623
86 94 0.36735
86 150 0.19615
87 95 -1.00649
87 151 0.62447
88 89 -1.10594
88 95 -0.8137
88 96 0.83872
88 152 -0.14551
89 90 -0.76938
89 97 0.02569
89 153 0.99323
90 91 -0.77798
90 98 -1.25284
90 154 -0.22754
91 92 0.9064
91 99 -0.6548
91 155 -0.48852
92 93 0.77624
92 100 -1.17776
92 156 -0.42982
93 94 -0.19142
93 101 0.46771
93 157 0.57414
94 95 1.08621
94 102 0.62243
94 158 0.67027
95 103 1.02454
95 159 -0.5128
96 97 -0.59274
96 103 -0.587
96 104 1.11471
96 160 1.84155
97 98 1.35066
97 105 -0.23989
97 161 -0.07204
98 99 -1.42573
98 106 -0.38368
98 162 0.06953
99 100 -0.23172
99 107 -2.25929
99 163 -0.0898
100 101 -0.06889
100 108 -0.53343
100 164 1.26675
101 102 0.67996
101 109 -0.0706
101 165 -0.5751
102 103 -0.9316
102 110 -0.08239
102 166 1.28942
103 111 -2.10083
103 167 1.24812
104 105 -0.20378
104 111 0.38089
104 112 0.04367
104 168 -1.71313
105 106 -0.2243
105 113 1.10639
105 169 0.69983
106 107 2.18927
106 114 -1.86354
106 170 0.45839
107 108 -0.39572
107 115 0.06003
107 171 -2.26988
108 109 -2.34121
108 116 1.17964
108 172 -0.30859
109 110 1.21181
109 117 -1.41718
109 173 0.04837
110 111 0.68879
110 118 -0.58687
110 174 -0.67766
111 119 -0.26903
111 175 -1.15749
112 113 0.50725
112 119 2.09554
112 120 -0.02064
112 176 -0.92382
113 114 0.28648
113 121 -1.48425
113 177 -0.25246
114 115 0.42242
114 122 0.29042
114 178 -1.89038
115 116 0.38894
115 123 1.72455
115 179 1.20717
116 117 -1.36547
116 124 0.85671
116 180 -1.08687
117 118 0.90841
117 125 -0.27815
117 181 -1.4864
118 119 -0.56291
118 126 -1.92557
118 182 0.77841
119 127 -0.56207
119 183 -0.94923
120 121 1.51614
120 127 1.10305
120 184 0.08491
121 122 -0.31573
121 185 -0.14893
122 123 -0.91198
122 186 1.21736
123 124 1.06914
123 187 3.33642
124 125 -0.61796
124 188 -0.42729
125 126 0.33366
125 189 0.12671
126 127 1.51329
126 190 3.00387
127 191 0.26545
128 129 1.08697
128 135 1.66908
128 136 -0.6065
128 184 -0.66059
128 192 0.18211
129 130 -1.49826
129 137 0.42484
129 185 -0.83164
129 193 -0.57037
130 131 -0.01812
130 138 -1.80831
130 186 2.14268
130 194 -0.58638
131 132 -1.67645
131 139 -1.4194
131 187 -1.28998
131 195 -1.36148
132 133 -0.76507
132 140 0.63504
132 188 -0.39434
132 196 0.33248
133 134 0.86171
133 141 -1.46251
133 189 -1.68751
133 197 -0.96177
134 135 -0.22945
134 142 -0.25443
134 190 -0.52815
134 198 1.30056
135 143 0.27901
135 191 0.59391
135 199 -0.41455
136 137 -1.95336
136 143 0.3774
136 144 -1.49835
136 200 -1.58665
137 138 -0.05828
137 145 0.70437
137 201 0.44886
138 139 1.8993
138 146 -2.24694
138 202 2.05521
139 140 0.89384
139 147 0.12227
139 203 1.90286
140 141 0.9008
140 148 -0.38362
140 204 -0.0905
141 142 -0.32494
141 149 0.73516
141 205 -0.2918
142 143 -0.47279
142 150 0.79522
142 206 -1.66564
143 151 -1.55737
143 207 -0.3905
144 145 0.00852
144 151 1.13958
144 152 1.06969
144 208 2.54893
145 146 -0.46111
145 153 0.24069
145 209 -1.24539
146 147 -0.2747
146 154 -0.63958
146 210 0.68005
147 148 -0.17874
147 155 0.08897
147 211 0.49806
148 149 0.55812
148 156 -0.92689
148 212 -0.01168
149 150 -0.05964
149 157 -0.07037
149 213 1.59628
150 151 0.86579
150 158 1.31546
150 214 -0.29259
151 159 -1.63043
151 215 0.88972
152 153 1.12991
152 159 0.41982
152 160 -0.86925
152 216 1.07809
153 154 1.14613
153 161 -0.68464
153 217 0.33759
154 155 0.73986
154 162 0.60237
154 218 -0.92421
155 156 0.84447
155 163 0.65659
155 219 -1.22599
156 157 -0.58325
156 164 -0.6784
156 220 1.56631
157 158 1.554
157 165 -0.8489
157 221 0.80342
158 159 -0.06558
158 166 0.91761
158 222 -0.02842
159 167 1.54324
159 223 0.64514
160 161 1.42369
160 167 -0.35925
160 168 -2.17207
160 224 -0.32735
161 162 0.60785
161 169 -0.21675
161 225 -0.46676
162 163 0.39434
162 170 -0.84101
162 226 0.40028
163 164 -2.0357
163 171 1.91989
163 227 -1.67083
164 165 -0.06465
164 172 0.20906
164 228 -0.57485
165 166 -0.12968
165 173 0.37147
165 229 -0.37122
166 167 -1.95962
166 174 -0.49022
166 230 -1.53351
167 175 -0.15902
167 231 0.24163
168 169 -0.34878
168 175 -0.66502
168 176 1.27646
168 232 -1.68589
169 170 2.0235
169 177 2.28743
169 233 0.02706
170 171 0.31446
170 178 -0.46271
170 234 1.30386
171 172 -0.01164
171 179 -1.05279
171 235 0.50921
172 173 -0.37141
172 180 1.28258
172 236 0.21183
173 174 -0.68575
173 181 -0.57884
173 237 0.24843
174 175 -1.10269
174 182 -2.25876
174 238 0.28624
175 183 -2.68606
175 239 0.69469
176 177 -1.89838
176 183 -1.6627
176 184 -0.19996
176 240 1.57724
177 178 1.04454
177 185 1.17324
177 241 -1.02859
178 179 0.53085
178 186 0.46671
178 242 -0.85684
179 180 -0.14957
179 187 0.73566
179 243 -1.74725
180 181 -1.65023
180 188 -1.35201
180 244 -0.68578
181 182 0.02541
181 189 0.96865
181 245 -0.27913
182 183 0.41429
182 190 0.89303
182 246 -0.37648
183 191 1.16855
183 247 1.35092
184 185 -0.45719
184 191 0.56926
184 248 0.50806
185 186 -0.88321
185 249 -1.49259
186 187 0.00207
186 250 -0.495
187 188 1.4927
187 251 -0.50249
188 189 0.22036
188 252 0.48985
189 190 1.49401
189 253 1.56643
190 191 2.28123
190 254 -0.28167
191 255 -1.12963
192 193 0.16636
192 199 0.70744
192 200 0.68505
192 248 0.32264
192 256 -1.19363
193 194 1.13761
193 201 -0.90375
193 249 0.56115
193 257 -1.25656
194 195 0.24198
194 202 0.70179
194 250 -0.95672
194 258 1.46049
195 196 -0.08645
195 203 1.0875
195 251 -0.3321
195 259 1.80773
196 197 0.0146
196 204 -0.5435
196 252 2.10638
196 260 -1.37535
197 198 0.10447
197 205 0.05089
197 253 1.36322
197 261 -0.88734
198 199 -1.59584
198 206 -1.49926
198 254 0.41416
198 262 -0.70001
199 207 -0.96337
199 255 -0.01406
199 263 0.4109
200 201 0.71241
200 207 -0.57882
200 208 -0.18243
200 264 0.05754
201 202 -1.41559
201 209 -0.45157
201 265 0.04349
202 203 1.31772
202 210 -0.52041
202 266 1.06799
203 204 0.14065
203 211 -0.70588
203 267 0.08113
204 205 1.09598
204 212 0.47622
204 268 -0.89236
205 206 0.74267
205 213 -1.97464
205 269 0.3903
206 207 1.76004
206 214 1.55204
206 270 0.72705
207 215 1.08583
207 271 0.2338
208 209 1.61658
208 215 -0.83004
208 216 0.5961
208 272 -1.75292
209 210 0.29479
209 217 0.30217
209 273 0.43708
210 211 -0.34929
210 218 1.22833
210 274 0.70503
211 212 0.32768
211 219 0.46549
211 275 -0.14344
212 213 0.26146
212 220 -0.36303
212 276 0.25219
213 214 0.92543
213 221 0.94315
213 277 0.33786
214 215 1.02157
214 222 -1.04319
214 278 1.16448
215 223 -0.7861
215 279 -0.48449
216 217 -0.51088
216 223 -1.26178
216 224 0.49678
216 280 0.48503
217 218 -1.22864
217 225 1.01845
217 281 -0.75323
218 219 0.43569
218 226 -1.63356
218 282 0.93179
219 220 -2.30641
219 227 0.13932
219 283 -0.87025
220 221 -0.86806
220 228 0.27658
220 284 0.74646
221 222 -0.0194
221 229 0.99272
221 285 0.46765
222 223 1.71129
222 230 -1.73892
222 286 0.36046
223 231 -0.23678
223 287 0.49938
224 225 -0.1287
224 231 0.27269
224 232 -0.61346
224 288 1.34923
225 226 -0.90987
225 233 -0.55626
225 289 1.07916
226 227 0.62356
226 234 -0.59128
226 290 -0.80847
227 228 -1.5712
227 235 0.13713
227 291 -0.70249
228 229 -1.47653
228 236 0.08758
228 292 -0.56569
229 230 -0.20599
229 237 -0.18757
229 293 -0.20043
230 231 -0.20284
230 238 0.74426
230 294 0.8083
231 239 -1.16956
231 295 1.84614
232 233 0.57768
232 239 0.00054
232 240 -0.77559
232 296 -0.33988
233 234 -1.61353
233 241 0.50677
233 297 0.76403
234 235 -0.45284
234 242 -1.40454
234 298 1.88835
235 236 1.12859
235 243 0.87381
235 299 0.37207
236 237 -0.78668
236 244 -0.44105
236 300 -2.2063
237 238 -1.05958
237 245 -1.29233
237 301 0.04598
238 239 -0.22725
238 246 -1.14051
238 302 -0.51779
239 247 -0.76007
239 303 -1.01267
240 241 -1.11386
240 247 0.12999
240 248 0.37108
240 304 1.771
241 242 0.44064
241 249 0.39451
241 305 -0.36062
242 243 0.24576
242 250 0.05182
242 306 -0.16078
243 244 0.32446
243 251 -0.25654
243 307 1.44486
244 245 0.22262
244 252 -0.16935
244 308 0.07491
245 246 0.75161
245 253 0.58637
245 309 0.4683
246 247 -0.57446
246 254 -0.12988
246 310 0.01925
247 255 -0.88574
247 311 0.07725
248 249 -1.16623
248 255 0.8245
248 312 0.80251
249 250 -0.30241
249 313 -1.9523
250 251 2.63523
250 314 -0.13295
251 252 1.18401
251 315 -2.33998
252 253 -1.41483
252 316 -2.03002
253 254 -1.2802
253 317 0.77409
254 255 -1.26583
254 318 -2.26621
255 319 -2.40391
256 257 0.13824
256 263 -1.33805
256 264 0.81815
256 312 -1.16323
256 320 0.11203
257 258 -0.23632
257 265 -0.4012
257 313 2.10488
257 321 1.15575
258 259 -1.74171
258 266 0.46174
258 314 0.33279
258 322 -1.71973
259 260 -1.84777
259 267 2.21311
259 315 -0.55659
259 323 1.0893
260 261 1.20644
260 268 -1.12807
260 316 -0.00184
260 324 -0.39162
261 262 0.36636
261 269 0.03478
261 317 -2.47142
261 325 0.32917
262 263 -0.10773
262 270 -1.2629
262 318 1.50284
262 326 -1.54313
263 271 1.60645
263 319 0.54572
263 327 0.25004
264 265 -0.9062
264 271 -0.93596
264 272 -1.10014
264 328 -1.13767
265 266 1.36285
265 273 -0.03036
265 329 1.06805
266 267 -0.69182
266 274 -0.31014
266 330 -1.52433
267 268 -0.35506
267 275 -0.80107
267 331 0.84757
268 269 -0.15627
268 276 -0.46728
268 332 1.62212
269 270 -0.25895
269 277 0.03992
269 333 1.67078
270 271 0.64383
270 278 0.2411
270 334 0.06038
271 279 -1.62391
271 335 0.01476
272 273 -1.24093
272 279 -1.18462
272 280 0.09773
272 336 1.0972
273 274 -1.11415
273 281 0.5686
273 337 1.21102
274 275 0.61772
274 282 0.67324
274 338 -0.31849
275 276 0.60373
275 283 1.06987
275 339 -0.83299
276 277 1.19325
276 284 -2.44514
276 340 -0.29018
277 278 1.23637
277 285 -1.16021
277 341 0.27582
278 279 0.2169
278 286 -0.39921
278 342 -0.58359
279 287 0.82108
279 343 -0.84531
280 281 -1.44371
280 287 0.51427
280 288 -0.95932
280 344 -0.09119
281 282 0.2948
281 289 -0.25844
281 345 1.10122
282 283 -0.30139
282 290 0.18844
282 346 -0.37087
283 284 -0.51584
283 291 0.68749
283 347 0.29483
284 285 1.2875
284 292 0.29546
284 348 0.29112
285 286 -1.25157
285 293 0.61259
285 349 -0.01273
286 287 -1.29786
286 294 0.13521
286 350 -0.40857
287 295 2.34609
287 351 -0.27786
288 289 -0.89501
288 295 -1.47411
288 296 -0.27411
288 352 -0.52163
289 290 -0.53724
289 297 -1.30408
289 353 0.71911
290 291 0.75231
290 298 -0.86841
290 354 -0.02691
291 292 -0.4247
291 299 -0.53333
291 355 0.21688
292 293 0.66991
292 300 -0.13359
292 356 0.28227
293 294 -0.54253
293 301 -2.18388
293 357 -1.70651
294 295 0.10841
294 302 1.28687
294 358 0.61771
295 303 -0.67782
295 359 0.24587
296 297 -3.29185
296 303 1.24865
296 304 -1.37119
296 360 -0.39864
297 298 0.69592
297 305 0.11384
297 361 1.35904
298 299 -0.99923
298 306 -0.95403
298 362 0.82552
299 300 -1.05797
299 307 -0.64025
299 363 -1.49568
300 301 -0.86963
300 308 -0.43424
300 364 0.5574
301 302 -0.61082
301 309 0.02809
301 365 2.11088
302 303 0.2755
302 310 -1.1453
302 366 -0.49601
303 311 0.53083
303 367 -1.50542
304 305 0.34837
304 311 -0.78534
304 312 1.1194
304 368 -0.57863
305 306 0.38624
305 313 1.18886
305 369 0.28803
306 307 -1.73341
306 314 -1.4484
306 370 -1.55717
307 308 0.41236
307 315 -0.2772
307 371 0.41994
308 309 0.2455
308 316 -2.87672
308 372 0.29444
309 310 0.65185
309 317 0.6136
309 373 -2.11105
310 311 -0.00741
310 318 0.24303
310 374 -1.40737
311 319 0.97337
311 375 -0.62028
312 313 0.15694
312 319 -0.576
312 376 -0.52231
313 314 0.81867
313 377 -0.07589
314 315 -0.13155
314 378 0.64476
315 316 1.53481
315 379 -0.09989
316 317 -1.1006
316 380 -1.18845
317 318 0.93012
317 381 -1.65465
318 319 0.14181
318 382 -0.10317
319 383 1.12124
320 321 -2.03375
320 327 0.62811
320 328 1.31563
320 376 0.294
320 384 -0.29018
321 322 0.73684
321 329 -0.58576
321 377 -0.62255
321 385 -0.55932
322 323 0.28556
322 330 0.3059
322 378 -0.17826
322 386 -0.99172
323 324 -1.3378
323 331 -0.69694
323 379 1.17208
323 387 0.53979
324 325 0.11716
324 332 -0.30314
324 380 0.39909
324 388 2.60917
325 326 1.49379
325 333 -0.65769
325 381 1.04878
325 389 -0.66885
326 327 -0.04309
326 334 0.0388
326 382 -0.33695
326 390 0.63054
327 335 -0.99041
327 383 -1.02327
327 391 0.9978
328 329 0.19631
328 335 -0.36795
328 336 1.68147
328 392 -0.17941
329 330 0.8841
329 337 -0.13635
329 393 0.66102
330 331 1.01288
330 338 -0.68991
330 394 -0.10615
331 332 -0.24319
331 339 0.76782
331 395 1.54525
332 333 0.09109
332 340 -1.3107
332 396 -0.2753
333 334 0.41898
333 341 0.2776
333 397 -1.00047
334 335 -0.06314
334 342 -0.02664
334 398 -0.38669
335 343 -2.4714
335 399 -1.1157
336 337 0.9792
336 343 -0.64208
336 344 -0.4515
336 400 -1.64061
337 338 -0.34047
337 345 2.36587
337 401 -0.9256
338 339 0.33452
338 346 0.54126
338 402 2.46038
339 340 -1.4197
339 347 -2.03262
339 403 0.98661
340 341 0.0046
340 348 0.03537
340 404 -0.52727
341 342 0.85929
341 349 -0.16801
341 405 -0.34593
342 343 -0.80537
342 350 0.90977
342 406 -1.51526
343 351 0.28778
343 407 0.7158
344 345 0.70848
344 351 -0.02997
344 352 -2.22507
344 408 0.40675
345 346 1.85983
345 353 -0.22836
345 409 -0.79807
346 347 -0.95591
346 354 -0.28008
346 410 -1.6183
347 348 0.98457
347 355 0.67368
347 411 -0.51782
348 349 0.66002
348 356 0.43077
348 412 1.17167
349 350 1.1487
349 357 0.02168
349 413 1.11162
350 351 -0.43666
350 358 -0.25244
350 414 -1.26175
351 359 0.03103
351 415 0.43065
352 353 -1.71454
352 359 -0.34826
352 360 -2.61007
352 416 -0.365
353 354 0.63459
353 361 -0.68244
353 417 1.58786
354 355 1.81802
354 362 -0.42753
354 418 -0.51116
355 356 0.82395
355 363 -0.40157
355 419 0.3154
356 357 -1.80049
356 364 0.58871
356 420 -1.65407
357 358 1.15568
357 365 -0.1778
357 421 1.36924
358 359 1.52343
358 366 -2.2709
358 422 0.12713
359 367 -0.01981
359 423 1.16533
360 361 -0.7402
360 367 -0.70101
360 368 0.17397
360 424 0.03578
361 362 0.13213
361 369 0.43334
361 425 0.05818
362 363 -1.66708
362 370 2.0848
362 426 0.79238
363 364 -0.25512
363 371 -1.20264
363 427 -0.50975
364 365 0.46747
364 372 -0.37411
364 428 -0.54131
365 366 0.0761
365 373 -0.01208
365 429 -0.97906
366 367 -1.11104
366 374 3.1257
366 430 -0.26545
367 375 -1.97198
367 431 -0.20743
368 369 0.54808
368 375 -0.29317
368 376 0.52418
368 432 0.18047
369 370 2.19769
369 377 -0.26854
369 433 0.25402
370 371 1.59357
370 378 -1.90257
370 434 -1.39576
371 372 1.67237
371 379 -0.05162
371 435 0.24162
372 373 0.38988
372 380 1.87946
372 436 -0.97291
373 374 0.05118
373 381 -1.2053
373 437 1.30453
374 375 -1.37173
374 382 -0.30142
374 438 1.19657
375 383 -0.25568
375 439 -1.71632
376 377 -1.04196
376 383 -0.13455
376 440 -0.55437
377 378 1.86264
377 441 3.27683
378 379 -1.71584
378 442 0.29776
379 380 -0.36575
379 443 0.32971
380 381 -0.97813
380 444 -1.93268
381 382 0.49097
381 445 -1.04314
382 383 -0.89982
382 446 0.77682
383 447 -0.51571
384 385 0.72171
384 391 -0.17015
384 392 -2.14379
384 440 -0.35431
384 448 1.59373
385 386 -0.3151
385 393 1.20129
385 441 2.25534
385 449 -0.37768
386 387 -0.96862
386 394 -0.21397
386 442 0.61968
386 450 -0.66817
387 388 0.2565
387 395 1.08059
387 443 -1.2669
387 451 0.3339
388 389 -1.16386
388 396 -0.75606
388 444 0.08641
388 452 0.47355
389 390 0.59407
389 397 0.78871
389 445 -0.36182
389 453 -0.76158
390 391 -0.29968
390 398 -1.37713
390 446 0.3026
390 454 0.18754
391 399 1.46456
391 447 -1.0162
391 455 -0.50038
392 393 -0.18259
392 399 0.7892
392 400 -0.17929
392 456 -0.94814
393 394 0.21725
393 401 0.86441
393 457 0.27117
394 395 1.05412
394 402 0.0503
394 458 -0.91091
395 396 0.09438
395 403 0.22048
395 459 1.92566
396 397 0.40886
396 404 -0.31846
396 460 1.85761
397 398 0.10904
397 405 0.66073
397 461 0.42842
398 399 0.95216
398 406 -0.3292
398 462 0.62299
399 407 0.57355
399 463 0.9577
400 401 -0.039
400 407 0.19064
400 408 -0.73074
400 464 -1.66562
401 402 -1.38398
401 409 -0.43621
401 465 0.20715
402 403 -0.33739
402 410 0.86902
402 466 0.36845
403 404 -0.03412
403 411 -1.08397
403 467 0.48654
404 405 0.42186
404 412 -0.83501
404 468 -0.16756
405 406 -1.77085
405 413 1.61396
405 469 -0.65132
406 407 0.16045
406 414 0.20677
406 470 -0.42341
407 415 0.41561
407 471 -0.30499
408 409 -0.82498
408 415 0.42646
408 416 -3.0316
408 472 -0.68005
409 410 -1.29047
409 417 -0.55614
409 473 -1.20882
410 411 1.40343
410 418 -0.37936
410 474 0.90897
411 412 1.33699
411 419 -1.49994
411 475 -1.39246
412 413 -0.86054
412 420 1.88903
412 476 -0.29205
413 414 -1.74576
413 421 -0.14658
413 477 1.37015
414 415 0.9761
414 422 -0.75983
414 478 0.03125
415 423 1.25247
415 479 1.56815
416 417 0.06687
416 423 -0.29088
416 424 -0.30231
416 480 -1.07007
417 418 -0.36851
417 425 1.79494
417 481 0.83482
418 419 -1.53747
418 426 -1.25757
418 482 1.01141
419 420 1.19719
419 427 1.23485
419 483 0.92855
420 421 -1.52444
420 428 0.19674
420 484 0.98306
421 422 -0.4955
421 429 -0.13461
421 485 -1.62947
422 423 1.07687
422 430 -0.38486
422 486 0.67295
423 431 -0.40631
423 487 0.39413
424 425 0.02315
424 431 -1.80998
424 432 1.14931
424 488 0.14511
425 426 0.02556
425 433 1.8419
425 489 0.01708
426 427 -1.36373
426 434 0.92006
426 490 -0.56382
427 428 -1.18604
427 435 -0.22676
427 491 1.85046
428 429 -1.06511
428 436 -0.414
428 492 -0.34596
429 430 -0.13871
429 437 -1.1021
429 493 0.21463
430 431 0.91638
430 438 1.23759
430 494 -0.53979
431 439 0.72463
431 495 -1.77803
432 433 -0.14613
432 439 -1.19357
432 440 2.01741
432 496 -1.59035
433 434 0.63482
433 441 1.17733
433 497 -1.51101
434 435 1.68549
434 442 -0.43485
434 498 -0.93664
435 436 -1.13274
435 443 -0.04806
435 499 1.05967
436 437 0.35146
436 444 -1.81619
436 500 0.39981
437 438 1.74463
437 445 0.25956
437 501 -0.02097
438 439 0.03125
438 446 -0.4475
438 502 -0.05744
439 447 0.47871
439 503 -0.10413
440 441 -0.24342
440 447 -1.5227
440 504 1.22057
441 442 -1.39526
441 505 0.18203
442 443 -0.00373
442 506 -1.39683
443 444 -2.41851
443 507 1.96273
444 445 -1.33258
444 508 0.63413
445 446 0.40317
445 509 0.93341
446 447 -0.752
446 510 0.62486
447 511 0.30196
448 449 -1.06602
448 455 0.13651
448 456 -1.60734
448 504 0.06294
449 450 -0.03643
449 457 -1.07371
449 505 0.1239
450 451 0.87261
450 458 1.51986
450 506 0.22218
451 452 -1.40039
451 459 -0.26513
451 507 0.28942
452 453 -0.93685
452 460 0.96924
452 508 0.11272
453 454 0.78861
453 461 -0.99172
453 509 0.48052
454 455 0.7557
454 462 -0.43972
454 510 0.45592
455 463 2.0747
455 511 -0.13797
456 457 -1.55873
456 463 0.23235
456 464 2.00121
457 458 -0.76146
457 465 -0.79809
458 459 0.65442
458 466 -0.30281
459 460 -0.67376
459 467 1.1374
460 461 -0.74263
460 468 2.10114
461 462 -1.87972
461 469 -0.03582
462 463 -1.9388
462 470 0.49835
463 471 -0.7372
464 465 -0.76075
464 471 -0.75381
464 472 -2.18035
465 466 -1.36364
465 473 -0.02256
466 467 0.63697
466 474 -0.73081
467 468 0.76458
467 475 -0.86445
468 469 -1.35801
468 476 -0.28949
469 470 0.66513
469 477 0.5746
470 471 0.72509
470 478 -1.37601
471 479 0.94746
472 473 1.0798
472 479 -0.4072
472 480 -0.02653
473 474 1.2144
473 481 1.48125
474 475 -0.61052
474 482 1.21976
475 476 -0.10301
475 483 -0.00447
476 477 0.80419
476 484 -0.3847
477 478 -0.24777
477 485 1.09446
478 479 -0.43808
478 486 0.92999
479 487 -1.06141
480 481 -0.92829
480 487 0.95016
480 488 0.12168
481 482 1.04833
481 489 -0.30774
482 483 0.17765
482 490 -0.29963
483 484 -0.949
483 491 0.89782
484 485 -0.52527
484 492 0.17868
485 486 0.02879
485 493 0.22569
486 487 -0.9528
486 494 0.71761
487 495 0.42635
488 489 -2.66482
488 495 -1.208
488 496 0.56397
489 490 -0.9325
489 497 0.20943
490 491 -1.33867
490 498 -2.04855
491 492 -0.20714
491 499 0.05263
492 493 0.59135
492 500 -2.11386
493 494 0.77733
493 501 -0.41374
494 495 0.28808
494 502 0.08765
495 503 0.02797
496 497 1.78602
496 503 1.45419
496 504 -1.29231
497 498 0.19105
497 505 0.59861
498 499 1.47833
498 506 -0.29049
499 500 0.75874
499 507 -0.90147
500 501 0.22671
500 508 0.74083
501 502 -0.46014
501 509 -0.50157
502 503 -1.06595
502 510 1.72378
503 511 0.73627
504 505 -0.39005
504 511 -0.09005
505 506 -1.07922
506 507 0.6827
507 508 1.13018
508 509 0.10481
509 510 1.41049
510 511 0.44899
