# model=ea3d N=512 meanJ=0 seed=2576510135 distribution=gaussian field=0 num_fields=512 num_couplings=1536
0 0
1 0
2 0
3 0
4 0
5 0
6 0
7 0
8 0
9 0
10 0
11 0
12 0
13 0
14 0
15 0
16 0
17 0
18 0
19 0
20 0
21 0
22 0
23 0
24 0
25 0
26 0
27 0
28 0
29 0
30 0
31 0
32 0
33 0
34 0
35 0
36 0
37 0
38 0
39 0
40 0
41 0
42 0
43 0
44 0
45 0
46 0
47 0
48 0
49 0
50 0
51 0
52 0
53 0
54 0
55 0
56 0
57 0
58 0
59 0
60 0
61 0
62 0
63 0
64 0
65 0
66 0
67 0
68 0
69 0
70 0
71 0
72 0
73 0
74 0
75 0
76 0
77 0
78 0
79 0
80 0
81 0
82 0
83 0
84 0
85 0
86 0
87 0
88 0
89 0
90 0
91 0
92 0
93 0
94 0
95 0
96 0
97 0
98 0
99 0
100 0
101 0
102 0
103 0
104 0
105 0
106 0
107 0
108 0
109 0
110 0
111 0
112 0
113 0
114 0
115 0
116 0
117 0
118 0
119 0
120 0
121 0
122 0
123 0
124 0
125 0
126 0
127 0
128 0
129 0
130 0
131 0
132 0
133 0
134 0
135 0
136 0
137 0
138 0
139 0
140 0
141 0
142 0
143 0
144 0
145 0
146 0
147 0
148 0
149 0
150 0
151 0
152 0
153 0
154 0
155 0
156 0
157 0
158 0
159 0
160 0
161 0
162 0
163 0
164 0
165 0
166 0
167 0
168 0
169 0
170 0
171 0
172 0
173 0
174 0
175 0
176 0
177 0
178 0
179 0
180 0
181 0
182 0
183 0
184 0
185 0
186 0
187 0
188 0
189 0
190 0
191 0
192 0
193 0
194 0
195 0
196 0
197 0
198 0
199 0
200 0
201 0
202 0
203 0
204 0
205 0
206 0
207 0
208 0
209 0
210 0
211 0
212 0
213 0
214 0
215 0
216 0
217 0
218 0
219 0
220 0
221 0
222 0
223 0
224 0
225 0
226 0
227 0
228 0
229 0
230 0
231 0
232 0
233 0
234 0
235 0
236 0
237 0
238 0
239 0
240 0
241 0
242 0
243 0
244 0
245 0
246 0
247 0
248 0
249 0
250 0
251 0
252 0
253 0
254 0
255 0
256 0
257 0
258 0
259 0
260 0
261 0
262 0
263 0
264 0
265 0
266 0
267 0
268 0
269 0
270 0
271 0
272 0
273 0
274 0
275 0
276 0
277 0
278 0
279 0
280 0
281 0
282 0
283 0
284 0
285 0
286 0
287 0
288 0
289 0
290 0
291 0
292 0
293 0
294 0
295 0
296 0
297 0
298 0
299 0
300 0
301 0
302 0
303 0
304 0
305 0
306 0
307 0
308 0
309 0
310 0
311 0
312 0
313 0
314 0
315 0
316 0
317 0
318 0
319 0
320 0
321 0
322 0
323 0
324 0
325 0
326 0
327 0
328 0
329 0
330 0
331 0
332 0
333 0
334 0
335 0
336 0
337 0
338 0
339 0
340 0
341 0
342 0
343 0
344 0
345 0
346 0
347 0
348 0
349 0
350 0
351 0
352 0
353 0
354 0
355 0
356 0
357 0
358 0
359 0
360 0
361 0
362 0
363 0
364 0
365 0
366 0
367 0
368 0
369 0
370 0
371 0
372 0
373 0
374 0
375 0
376 0
377 0
378 0
379 0
380 0
381 0
382 0
383 0
384 0
385 0
386 0
387 0
388 0
389 0
390 0
391 0
392 0
393 0
394 0
395 0
396 0
397 0
398 0
399 0
400 0
401 0
402 0
403 0
404 0
405 0
406 0
407 0
408 0
409 0
410 0
411 0
412 0
413 0
414 0
415 0
416 0
417 0
418 0
419 0
420 0
421 0
422 0
423 0
424 0
425 0
426 0
427 0
428 0
429 0
430 0
431 0
432 0
433 0
434 0
435 0
436 0
437 0
438 0
439 0
440 0
441 0
442 0
443 0
444 0
445 0
446 0
447 0
448 0
449 0
450 0
451 0
452 0
453 0
454 0
455 0
456 0
457 0
458 0
459 0
460 0
461 0
462 0
463 0
464 0
465 0
466 0
467 0
468 0
469 0
470 0
471 0
472 0
473 0
474 0
475 0
476 0
477 0
478 0
479 0
480 0
481 0
482 0
483 0
484 0
485 0
486 0
487 0
488 0
489 0
490 0
491 0
492 0
493 0
494 0
495 0
496 0
497 0
498 0
499 0
500 0
501 0
502 0
503 0
504 0
505 0
506 0
507 0
508 0
509 0
510 0
511 0
0 1 -0.52417
0 7 0.5565
0 8 -0.91042
0 56 -1.18007
0 64 0.96559
0 448 -0.7069
1 2 -0.28722
1 9 -0.52774
1 57 0.64176
1 65 -0.18462
1 449 -1.383
2 3 -1.17886
2 10 -1.40996
2 58 0.46483
2 66 -1.12542
2 450 -1.14168
3 4 -0.5969
3 11 0.72246
3 59 1.25989
3 67 -0.73117
3 451 -0.53469
4 5 0.10473
4 12 -0.93634
4 60 0.96837
4 68 0.31495
4 452 0.68584
5 6 0.56327
5 13 1.08161
5 61 -0.88775
5 69 -0.41089
5 453 0.62981
6 7 0.52514
6 14 -1.52091
6 62 0.08181
6 70 -0.49755
6 454 0.37765
7 15 1.12462
7 63 0.91171
7 71 -1.17473
7 455 -0.51578
8 9 -0.25827
8 15 0.61151
8 16 -0.63965
8 72 1.21443
8 456 0.29018
9 10 0.76063
9 17 0.23937
9 73 -0.11697
9 457 -0.52966
10 11 1.10837
10 18 -0.69175
10 74 0.2546
10 458 -0.55404
11 12 0.08074
11 19 -1.78214
11 75 2.03317
11 459 -0.3735
12 13 -0.9607
12 20 0.63573
12 76 -0.59898
12 460 -1.46636
13 14 0.46493
13 21 -0.76885
13 77 0.65112
13 461 -0.41104
14 15 0.0526
14 22 0.48335
14 78 -1.85703
14 462 -0.69333
15 23 0.82676
15 79 0.40105
15 463 -0.29469
16 17 -0.33498
16 23 0.27629
16 24 1.61695
16 80 1.03041
16 464 0.3805
17 18 -0.56185
17 25 0.21312
17 81 0.16814
17 465 0.51805
18 19 -1.1742
18 26 -0.16001
18 82 0.38988
18 466 -0.08567
19 20 -0.20267
19 27 -1.49869
19 83 -0.7148
19 467 1.08708
20 21 0.28744
20 28 -0.47432
20 84 -2.19193
20 468 -0.84427
21 22 0.20141
21 29 1.90158
21 85 -0.56106
21 469 0.09101
22 23 0.71538
22 30 0.0895
22 86 0.75734
22 470 -1.00106
23 31 0.20809
23 87 -0.28567
23 471 0.18992
24 25 0.6384
24 31 0.8539
24 32 0.65702
24 88 -0.84729
24 472 0.06418
25 26 0.7935
25 33 -0.43071
25 89 -0.06963
25 473 0.98549
26 27 -1.37649
26 34 -0.354
26 90 -0.36651
26 474 0.38564
27 28 0.77431
27 35 -0.95858
27 91 0.96009
27 475 1.27164
28 29 -0.67867
28 36 -0.86774
28 92 2.72264
28 476 0.87917
29 30 -0.09084
29 37 -1.05554
29 93 0.45453
29 477 1.21181
30 31 -1.79484
30 38 -0.05218
30 94 -0.24335
30 478 0.81205
31 39 -0.46971
31 95 0.20351
31 479 1.427
32 33 -0.4732
32 39 0.28283
32 40 -1.54843
32 96 -2.28894
32 480 -0.8413
33 34 1.08486
33 41 0.71199
33 97 -1.69428
33 481 0.62773
34 35 1.53691
34 42 0.86335
34 98 -0.31898
34 482 -0.67634
35 36 1.32212
35 43 -0.91354
35 99 0.29526
35 483 1.37769
36 37 -1.0973
36 44 0.31641
36 100 -1.58909
36 484 -1.17225
37 38 -1.54795
37 45 -1.185
37 101 1.23393
37 485 0.82668
38 39 -0.25133
38 46 -0.47698
38 102 2.1187
38 486 0.65251
39 47 -0.1749
39 103 0.61309
39 487 -0.62946
40 41 -0.24308
40 47 0.47834
40 48 -1.37617
40 104 0.04171
40 488 -1.02814
41 42 0.37208
41 49 -0.00702
41 105 0.84279
41 489 -0.67767
42 43 -0.03867
42 50 -0.08922
42 106 0.00092
42 490 -1.83671
43 44 -0.37095
43 51 0.07761
43 107 0.24414
43 491 -0.00881
44 45 -0.41419
44 52 1.29571
44 108 1.23679
44 492 0.39406
45 46 -0.63046
45 53 -0.95702
45 109 -0.55817
45 493 -1.69733
46 47 0.37879
46 54 0.45381
46 110 0.46325
46 494 0.58304
47 55 -0.2355
47 111 0.3446
47 495 0.63778
48 49 0.7607
48 55 -1.71935
48 56 -0.69479
48 112 0.51066
48 496 0.16515
49 50 -0.33486
49 57 1.12887
49 113 -0.98821
49 497 0.32122
50 51 0.29061
50 58 -0.7808
50 114 -0.1399
50 498 1.00599
51 52 0.05071
51 59 -0.10618
51 115 -0.56205
51 499 1.48049
52 53 1.65649
52 60 -0.32538
52 116 0.50423
52 500 0.00131
53 54 -0.49223
53 61 0.11437
53 117 0.66456
53 501 0.03231
54 55 -0.17737
54 62 2.73814
54 118 0.3952
54 502 -1.25706
55 63 -0.53975
55 119 -0.19125
55 503 1.37533
56 57 0.25999
56 63 -1.67455
56 120 0.54133
56 504 0.38635
57 58 -0.46745
57 121 0.22725
57 505 0.74088
58 59 0.03207
58 122 -0.8055
58 506 -0.94762
59 60 1.49
59 123 0.31318
59 507 -0.57414
60 61 -0.10675
60 124 2.4294
60 508 0.20079
61 62 0.47915
61 125 -1.98851
61 509 0.77624
62 63 0.39185
62 126 -0.24837
62 510 -1.95785
63 127 0.5131
63 511 0.41322
64 65 -0.71745
64 71 -0.13454
64 72 -0.1166
64 120 0.12983
64 128 0.0732
65 66 1.28796
65 73 -0.8503
65 121 1.05098
65 129 0.25321
66 67 -1.55842
66 74 0.01858
66 122 -1.55182
66 130 -0.25621
67 68 -0.26615
67 75 -2.61736
67 123 0.6975
67 131 -1.01882
68 69 0.85288
68 76 0.80079
68 124 -0.13444
68 132 -0.75128
69 70 0.5653
69 77 -0.88754
69 125 -1.58836
69 133 0.63666
70 71 0.68268
70 78 1.11306
70 126 -0.81836
70 134 -0.90474
71 79 0.007
71 127 -1.45379
71 135 -0.58469
72 73 1.55584
72 79 0.62298
72 80 0.77997
72 136 1.52219
73 74 0.81474
73 81 -1.00736
73 137 -0.83841
74 75 0.3929
74 82 -1.3195
74 138 -0.27413
75 76 0.62088
75 83 -0.41404
75 139 -0.04532
76 77 0.08435
76 84 -0.49896
76 140 0.35008
77 78 -0.94466
77 85 0.07124
77 141 0.93667
78 79 -0.35528
78 86 1.60937
78 142 1.55518
79 87 -0.44902
79 143 0.77351
80 81 -0.17212
80 87 -0.4596
80 88 0.75519
80 144 -0.8201
81 82 -0.55449
81 89 -0.63767
81 145 0.31384
82 83 0.84449
82 90 -0.08418
82 146 1.34483
83 84 0.47132
83 91 0.82114
83 147 -1.01195
84 85 0.26197
84 92 0.20472
84 148 -2.21266
85 86 0.48936
85 93 -1.06862
85 149 1.21823
86 87 0.45347
86 94 0.39358
86 150 0.04967
87 95 -1.41115
87 151 -0.84688
88 89 0.54931
88 95 -1.24659
88 96 0.37354
88 152 0.75601
89 90 -0.96331
89 97 1.37679
89 153 -1.0471
90 91 0.24822
90 98 -0.28293
90 154 -0.31701
91 92 1.95212
91 99 1.00778
91 155 -0.42707
92 93 1.15733
92 100 1.76376
92 156 -0.11468
93 94 -2.56693
93 101 -1.42182
93 157 -1.55595
94 95 1.78076
94 102 0.45882
94 158 0.29034
95 103 0.40557
95 159 0.83593
96 97 -1.25484
96 103 0.22867
96 104 0.88819
96 160 -1.00223
97 98 1.01319
97 105 -1.3356
97 161 -0.11789
98 99 1.21065
98 106 -0.90434
98 162 1.44995
99 100 0.03347
99 107 0.34839
99 163 0.05333
100 101 -1.00281
100 108 0.4475
100 164 0.39247
101 102 -1.22884
101 109 -0.50343
101 165 0.73552
102 103 -0.43804
102 110 0.40321
102 166 -0.2894
103 111 -0.09115
103 167 -0.83394
104 105 2.01093
104 111 -0.76129
104 112 -0.90765
104 168 -0.2881
105 106 0.14199
105 113 -0.82911
105 169 -0.36699
106 107 1.02209
106 114 1.39832
106 170 -0.10853
107 108 -1.38695
107 115 1.83053
107 171 0.1611
108 109 0.37513
108 116 -0.41147
108 172 -1.2104
109 110 0.73068
109 117 0.94273
109 173 0.93994
110 111 0.44393
110 118 0.61607
110 174 0.61261
111 119 -0.72471
111 175 1.06733
112 113 -1.07132
112 119 1.4939
112 120 -0.79019
112 176 1.60018
113 114 -1.378
113 121 1.20548
113 177 -0.2189
114 115 0.13086
114 122 1.132
114 178 0.4163
115 116 0.15539
115 123 0.08056
115 179 -1.00931
116 117 -2.02065
116 124 0.89533
116 180 1.14244
117 118 1.25606
117 125 -0.341
117 181 0.52878
118 119 1.54222
118 126 1.19257
118 182 0.85428
119 127 0.57547
119 183 -0.06139
120 121 1.26076
120 127 0.33748
120 184 -0.16908
121 122 0.06465
121 185 -0.2132
122 123 1.3969
122 186 -1.03071
123 124 1.87948
123 187 -0.11978
124 125 -0.96588
124 188 -0.275
125 126 -0.71633
125 189 0.11748
126 127 -0.37129
126 190 -0.81267
127 191 0.37958
128 129 -1.15147
128 135 0.18246
128 136 0.65646
128 184 -0.11815
128 192 -1.64671
129 130 1.03756
129 137 -0.34499
129 185 0.36851
129 193 -1.31098
130 131 0.50763
130 138 -0.67854
130 186 -0.55861
130 194 -1.08089
131 132 -0.29382
131 139 0.50544
131 187 -0.25633
131 195 -2.48948
132 133 -0.56361
132 140 0.38813
132 188 0.2282
132 196 -0.47846
133 134 -1.02264
133 141 1.19843
133 189 1.69259
133 197 -0.50639
134 135 -1.60656
134 142 -1.51839
134 190 -1.43844
134 198 -0.60917
135 143 -0.46477
135 191 1.29185
135 199 0.19728
136 137 2.22195
136 143 -0.52911
136 144 0.14096
136 200 0.70138
137 138 -0.13357
137 145 0.73849
137 201 0.06559
138 139 -0.05829
138 146 0.66187
138 202 -1.05993
139 140 -0.03891
139 147 -1.09456
139 203 1.4376
140 141 0.07075
140 148 -0.02003
140 204 -0.65645
141 142 -1.45638
141 149 -0.74781
141 205 -0.6476
142 143 0.29752
142 150 -0.96066
142 206 -1.11915
143 151 -0.57555
143 207 2.13497
144 145 -0.36846
144 151 -0.23393
144 152 -2.4236
144 208 -0.4763
145 146 1.51104
145 153 -0.48543
145 209 1.08623
146 147 0.23818
146 154 -0.49728
146 210 -0.87259
147 148 0.6754
147 155 0.10542
147 211 1.56352
148 149 0.07803
148 156 1.29631
148 212 -1.1886
149 150 -0.4121
149 157 0.26219
149 213 -0.1587
150 151 -0.61065
150 158 -0.7764
150 214 -1.54646
151 159 1.03536
151 215 -1.62179
152 153 -0.52082
152 159 -1.27144
152 160 -1.00613
152 216 -0.25286
153 154 1.01269
153 161 -0.25607
153 217 -1.65158
154 155 0.13465
154 162 1.7765
154 218 -1.06748
155 156 -0.23899
155 163 1.95568
155 219 -0.04268
156 157 -0.81795
156 164 0.94747
156 220 0.13455
157 158 0.94174
157 165 -1.89934
157 221 1.2164
158 159 0.68959
158 166 -0.85711
158 222 -0.22411
159 167 -0.32118
159 223 0.46571
160 161 -0.93465
160 167 -0.64965
160 168 2.08747
160 224 -1.01256
161 162 -1.97188
161 169 -0.30694
161 225 0.63765
162 163 1.04576
162 170 0.64019
162 226 0.39275
163 164 -0.13334
163 171 -0.41466
163 227 -0.83739
164 165 1.20418
164 172 -0.74259
164 228 0.62319
165 166 -0.16252
165 173 -0.73942
165 229 1.75128
166 167 -1.57529
166 174 0.74985
166 230 -1.73526
167 175 -0.44837
167 231 0.50705
168 169 -0.06471
168 175 1.98757
168 176 0.24365
168 232 0.29695
169 170 -1.30811
169 177 1.09401
169 233 -0.56469
170 171 -0.00343
170 178 0.27067
170 234 -0.09878
171 172 1.15739
171 179 -1.05138
171 235 -0.6234
172 173 -0.09648
172 180 -1.19749
172 236 0.10775
173 174 -1.40547
173 181 -1.17494
173 237 -1.08935
174 175 0.13091
174 182 -0.37193
174 238 -0.29196
175 183 1.0152
175 239 0.23426
176 177 -0.18832
176 183 -0.45424
176 184 1.00495
176 240 -0.20082
177 178 0.0048
177 185 -1.04522
177 241 -1.29749
178 179 0.38102
178 186 0.82622
178 242 0.26081
179 180 -0.59553
179 187 -0.91228
179 243 -0.18312
180 181 0.00763
180 188 1.26331
180 244 -1.36496
181 182 0.51065
181 189 0.76656
181 245 -2.70715
182 183 1.80819
182 190 0.06817
182 246 -1.02289
183 191 -0.42271
183 247 0.741
184 185 -0.64638
184 191 -0.72047
184 248 0.59723
185 186 -0.13965
185 249 -1.43595
186 187 1.64401
186 250 -1.69048
187 188 -0.01371
187 251 -0.65584
188 189 -1.23388
188 252 0.25526
189 190 1.71733
189 253 -0.29565
190 191 -1.1269
190 254 0.24953
191 255 -0.76891
192 193 1.28964
192 199 0.46147
192 200 -2.57615
192 248 3.08279
192 256 -0.23776
193 194 -0.24146
193 201 -0.5876
193 249 0.20933
193 257 -0.54961
194 195 -0.46899
194 202 0.39986
194 250 -1.1095
194 258 1.15834
195 196 2.72536
195 203 2.10658
195 251 0.5883
195 259 0.09709
196 197 -0.47966
196 204 0.28961
196 252 2.01717
196 260 -0.36431
197 198 0.67936
197 205 -0.35862
197 253 0.36287
197 261 -2.00376
198 199 0.90427
198 206 -0.19445
198 254 -1.02841
198 262 -0.2892
199 207 -0.45573
199 255 -0.33807
199 263 0.43124
200 201 0.6752
200 207 0.81006
200 208 -0.13021
200 264 1.43446
201 202 -0.31774
201 209 0.29864
201 265 -1.01939
202 203 0.71088
202 210 2.25856
202 266 0.08344
203 204 -1.04259
203 211 -0.51161
203 267 -2.3696
204 205 1.09816
204 212 1.9338
204 268 -0.53166
205 206 1.1412
205 213 -1.00082
205 269 1.90355
206 207 -0.34923
206 214 1.08789
206 270 -0.31585
207 215 0.70659
207 271 -0.2071
208 209 0.77413
208 215 -0.74761
208 216 0.73132
208 272 -0.06888
209 210 -1.74537
209 217 0.97777
209 273 -0.08747
210 211 0.81909
210 218 -0.29409
210 274 0.38298
211 212 -0.72458
211 219 1.01271
211 275 0.02117
212 213 0.35199
212 220 -1.34897
212 276 -0.42416
213 214 -0.94359
213 221 -0.56063
213 277 -2.02342
214 215 -0.22904
214 222 -0.43692
214 278 -0.75349
215 223 2.06691
215 279 -0.36823
216 217 -0.4996
216 223 -0.4165
216 224 -0.40999
216 280 0.74059
217 218 -1.02449
217 225 -2.06684
217 281 -1.08858
218 219 0.5274
218 226 -0.69555
218 282 -1.44516
219 220 1.80979
219 227 -0.91539
219 283 0.2516
220 221 0.25333
220 228 2.13352
220 284 0.27648
221 222 0.54789
221 229 0.0864
221 285 0.41289
222 223 1.38469
222 230 1.16911
222 286 -0.55236
223 231 -1.13898
223 287 -1.19723
224 225 0.79724
224 231 -0.37581
224 232 1.97711
224 288 0.53813
225 226 0.10666
225 233 -0.52986
225 289 -0.3952
226 227 1.31425
226 234 -0.8281
226 290 0.47861
227 228 -0.61974
227 235 -0.97392
227 291 -0.32037
228 229 -0.19213
228 236 0.64645
228 292 0.11656
229 230 0.46758
229 237 -0.04868
229 293 0.54347
230 231 -0.85927
230 238 -1.02312
230 294 1.1629
231 239 0.61382
231 295 0.77251
232 233 0.86986
232 239 -1.04606
232 240 0.22286
232 296 -1.70027
233 234 -0.06453
233 241 1.54325
233 297 -1.49616
234 235 -1.37394
234 242 -1.05919
234 298 -0.75878
235 236 1.72094
235 243 0.62528
235 299 0.01118
236 237 0.01227
236 244 -1.32446
236 300 0.68477
237 238 0.12156
237 245 0.83458
237 301 3.66721
238 239 0.76207
238 246 0.36483
238 302 -0.29061
239 247 -0.79122
239 303 0.16456
240 241 -1.54043
240 247 0.46008
240 248 0.91947
240 304 0.26278
241 242 1.08905
241 249 0.33506
241 305 0.19509
242 243 1.48092
242 250 0.66449
242 306 0.51365
243 244 0.1272
243 251 0.20445
243 307 -0.55893
244 245 -0.20577
244 252 1.16602
244 308 0.73131
245 246 1.35199
245 253 1.67966
245 309 0.75221
246 247 0.21061
246 254 -1.13298
246 310 -0.5227
247 255 1.46456
247 311 0.81136
248 249 0.66726
248 255 -1.09691
248 312 -0.77249
249 250 0.07734
249 313 -0.85647
250 251 1.40914
250 314 -0.27294
251 252 2.45144
251 315 0.84054
252 253 -0.81876
252 316 -0.40556
253 254 1.05692
253 317 -0.45852
254 255 1.23972
254 318 0.20768
255 319 0.26356
256 257 -1.00054
256 263 -0.32933
256 264 1.23781
256 312 -0.59875
256 320 -1.96867
257 258 -1.41033
257 265 0.53717
257 313 -1.65042
257 321 1.5381
258 259 0.62896
258 266 -1.65712
258 314 -1.20341
258 322 1.29673
259 260 0.30296
259 267 1.16019
259 315 0.96634
259 323 -0.86946
260 261 -0.61836
260 268 0.46581
260 316 -0.29673
260 324 0.23652
261 262 -1.44883
261 269 0.54953
261 317 -0.60114
261 325 0.1065
262 263 0.81694
262 270 1.27726
262 318 -0.13681
262 326 -0.42815
263 271 -0.57902
263 319 -0.3885
263 327 -2.3861
264 265 -0.31333
264 271 -1.71184
264 272 -0.87202
264 328 -0.81481
265 266 -0.58608
265 273 1.26538
265 329 -0.72329
266 267 -0.74717
266 274 -0.92545
266 330 -1.5585
267 268 -0.16647
267 275 0.08588
267 331 -0.45899
268 269 -1.39762
268 276 -0.85231
268 332 -1.1124
269 270 -0.81953
269 277 -1.37205
269 333 -1.24538
270 271 0.66891
270 278 -0.69852
270 334 0.07504
271 279 1.74771
271 335 -0.74691
272 273 0.29207
272 279 -2.0308
272 280 0.02755
272 336 1.25499
273 274 -0.25777
273 281 -0.01157
273 337 1.09596
274 275 0.3725
274 282 0.0643
274 338 0.64528
275 276 -0.46453
275 283 0.20538
275 339 -0.29057
276 277 -0.98851
276 284 -0.64178
276 340 -0.65032
277 278 0.45438
277 285 1.00819
277 341 1.66055
278 279 -1.3618
278 286 -0.39448
278 342 0.75241
279 287 0.26023
279 343 -0.09768
280 281 1.00212
280 287 -0.71222
280 288 1.36973
280 344 -1.40818
281 282 -0.62496
281 289 -1.20522
281 345 0.70713
282 283 0.30744
282 290 1.30575
282 346 -0.46392
283 284 -1.90374
283 291 1.54218
283 347 0.99467
284 285 0.67056
284 292 -1.1718
284 348 -1.67275
285 286 -0.71867
285 293 0.90388
285 349 -0.94874
286 287 -0.20623
286 294 -0.06803
286 350 1.23887
287 295 -0.21579
287 351 -2.14239
288 289 -0.61027
288 295 1.05795
288 296 0.4601
288 352 1.30166
289 290 0.02556
289 297 0.79852
289 353 -0.30823
290 291 0.30737
290 298 -0.05116
290 354 -1.58837
291 292 1.35333
291 299 -0.46191
291 355 -0.91652
292 293 1.07632
292 300 2.00622
292 356 1.54179
293 294 1.07823
293 301 0.7883
293 357 -0.26174
294 295 -1.24413
294 302 -0.67225
294 358 -1.23037
295 303 -0.6844
295 359 -1.11653
296 297 0.11713
296 303 -0.95843
296 304 1.05423
296 360 -0.18611
297 298 0.30904
297 305 -0.28605
297 361 -0.86281
298 299 -0.05608
298 306 1.08605
298 362 0.59181
299 300 -0.87552
299 307 -0.76458
299 363 -0.61031
300 301 1.69366
300 308 -1.74389
300 364 0.58368
301 302 0.19203
301 309 1.21401
301 365 -1.86371
302 303 1.84695
302 310 1.8207
302 366 -0.31304
303 311 -0.84624
303 367 0.72654
304 305 0.42965
304 311 1.22108
304 312 0.05904
304 368 -0.17279
305 306 -0.65382
305 313 1.09007
305 369 0.18183
306 307 1.33255
306 314 -1.3303
306 370 -0.56354
307 308 -0.77647
307 315 -2.02931
307 371 0.91572
308 309 0.63092
308 316 -0.59217
308 372 0.22671
309 310 -0.4183
309 317 0.40512
309 373 -1.36926
310 311 -1.68528
310 318 -0.95222
310 374 2.0874
311 319 -0.33567
311 375 -0.10355
312 313 -0.75173
312 319 -0.57135
312 376 1.62554
313 314 -0.65815
313 377 0.60499
314 315 0.90448
314 378 1.65224
315 316 2.58963
315 379 -1.1859
316 317 0.56546
316 380 0.37651
317 318 2.28788
317 381 0.48287
318 319 0.87935
318 382 -0.61248
319 383 -0.98393
320 321 -0.39689
320 327 -1.04919
320 328 0.26214
320 376 -0.20786
320 384 -1.42594
321 322 0.19552
321 329 0.26091
321 377 -0.08508
321 385 -1.86373
322 323 -1.2062
322 330 0.6317
322 378 0.97527
322 386 1.51943
323 324 -0.88281
323 331 -0.60851
323 379 -0.20092
323 387 -0.15997
324 325 -0.7207
324 332 -0.60078
324 380 2.43311
324 388 -0.58058
325 326 -0.98461
325 333 -1.83519
325 381 0.41494
325 389 0.02856
326 327 0.84417
326 334 0.12528
326 382 0.23704
326 390 -0.60235
327 335 -0.03999
327 383 0.77386
327 391 0.04211
328 329 0.00678
328 335 0.23421
328 336 -0.7432
328 392 -1.37334
329 330 0.74084
329 337 1.07749
329 393 -0.03848
330 331 -0.13969
330 338 -1.1508
330 394 -1.04935
331 332 0.27147
331 339 -2.27949
331 395 -0.76036
332 333 -0.23801
332 340 -0.54774
332 396 -0.57768
333 334 0.54678
333 341 0.73007
333 397 -0.67629
334 335 -0.19493
334 342 -0.5742
334 398 -1.36547
335 343 -0.17202
335 399 -0.29525
336 337 -1.70479
336 343 0.85636
336 344 0.25275
336 400 0.04516
337 338 -0.79134
337 345 -0.71895
337 401 0.90095
338 339 -1.17114
338 346 -0.05433
338 402 0.89352
339 340 -1.64705
339 347 -0.07374
339 403 -1.15606
340 341 -1.6036
340 348 1.03755
340 404 0.63609
341 342 1.11574
341 349 -0.59079
341 405 0.24401
342 343 -0.72813
342 350 0.71344
342 406 0.60516
343 351 0.87937
343 407 -0.05682
344 345 -0.37171
344 351 0.98454
344 352 -0.31194
344 408 -0.51485
345 346 0.38307
345 353 -0.39656
345 409 0.31837
346 347 -0.67257
346 354 -1.70723
346 410 -0.00114
347 348 1.12012
347 355 1.22789
347 411 0.85656
348 349 0.30879
348 356 0.43551
348 412 0.72403
349 350 -0.15384
349 357 -0.57393
349 413 0.65237
350 351 -0.94554
350 358 -0.90387
350 414 -1.33281
351 359 -1.71898
351 415 -0.25614
352 353 -0.68345
352 359 -0.66195
352 360 -0.66113
352 416 0.19053
353 354 1.40154
353 361 -0.2833
353 417 1.59484
354 355 0.65155
354 362 -0.25752
354 418 1.64222
355 356 0.85609
355 363 0.64918
355 419 -0.90844
356 357 -0.78187
356 364 0.12898
356 420 -0.56497
357 358 -0.31173
357 365 -1.28383
357 421 1.89131
358 359 -1.70502
358 366 -0.43627
358 422 0.60524
359 367 -1.01683
359 423 -0.2465
360 361 -0.92059
360 367 -0.77194
360 368 1.45089
360 424 -0.64868
361 362 2.29791
361 369 -1.45372
361 425 1.52731
362 363 -0.01613
362 370 -0.58089
362 426 -0.99484
363 364 -0.76627
363 371 1.12748
363 427 0.17048
364 365 -0.40122
364 372 0.55723
364 428 -0.18575
365 366 0.99791
365 373 -1.08565
365 429 -0.63024
366 367 -0.33967
366 374 0.03722
366 430 0.61593
367 375 -0.68409
367 431 0.64157
368 369 -1.17176
368 375 -1.31277
368 376 -0.25587
368 432 -0.05942
369 370 0.32839
369 377 -0.4656
369 433 -0.57927
370 371 0.80566
370 378 -0.01364
370 434 1.18463
371 372 -0.41094
371 379 -0.20497
371 435 -1.93468
372 373 1.62883
372 380 0.56412
372 436 1.18427
373 374 -0.16236
373 381 1.47635
373 437 0.82829
374 375 2.10948
374 382 -0.39183
374 438 1.65345
375 383 1.45967
375 439 -0.33304
376 377 1.94833
376 383 -0.57327
376 440 0.59424
377 378 1.32154
377 441 -1.94595
378 379 0.712
378 442 -0.87341
379 380 0.28223
379 443 0.96453
380 381 0.19916
380 444 -0.10383
381 382 -0.63196
381 445 -2.13837
382 383 -1.10636
382 446 -0.86344
383 447 -1.88903
384 385 -0.94672
384 391 2.84914
384 392 -0.95823
384 440 -1.02033
384 448 0.08049
385 386 -0.6193
385 393 -1.55914
385 441 -0.36105
385 449 1.47177
386 387 0.10098
386 394 1.51559
386 442 -0.14204
386 450 0.76633
387 388 -0.65562
387 395 -2.42729
387 443 1.65966
387 451 0.27409
388 389 0.95811
388 396 -0.68617
388 444 -1.63971
388 452 -1.74289
389 390 0.10067
389 397 0.05588
389 445 -1.41079
389 453 -1.46849
390 391 0.12301
390 398 0.86186
390 446 1.14916
390 454 -0.21027
391 399 0.58777
391 447 -0.77788
391 455 0.31191
392 393 -2.36335
392 399 0.05855
392 400 0.6504
392 456 0.14943
393 394 -0.76761
393 401 0.33693
393 457 -0.29861
394 395 1.1249
394 402 -1.88433
394 458 0.47417
395 396 1.54453
395 403 -0.61861
395 459 -0.45002
396 397 -0.92891
396 404 -0.84537
396 460 0.88863
397 398 0.67835
397 405 0.1329
397 461 0.93445
398 399 1.22198
398 406 1.04831
398 462 1.5688
399 407 0.65188
399 463 0.93334
400 401 -0.3469
400 407 -1.39388
400 408 1.22534
400 464 0.31627
401 402 1.06769
401 409 -1.03497
401 465 -0.26106
402 403 -0.48196
402 410 -0.66672
402 466 0.41748
403 404 0.16893
403 411 -0.84798
403 467 -0.11477
404 405 -0.07604
404 412 0.72855
404 468 0.7464
405 406 0.30136
405 413 -0.62585
405 469 1.13705
406 407 1.43256
406 414 -0.24746
406 470 -0.17803
407 415 -1.35191
407 471 -0.42708
408 409 -1.16876
408 415 0.52303
408 416 -0.41251
408 472 1.41282
409 410 -0.78009
409 417 0.77272
409 473 -0.42042
410 411 0.27078
410 418 0.30775
410 474 0.89613
411 412 -0.27452
411 419 0.16657
411 475 0.41288
412 413 -0.99489
412 420 -1.40785
412 476 -1.68708
413 414 -2.09282
413 421 0.47388
413 477 0.10336
414 415 0.54447
414 422 -1.91706
414 478 0.97674
415 423 -0.80406
415 479 0.55006
416 417 -1.58512
416 423 -0.83842
416 424 1.19225
416 480 1.22804
417 418 0.06756
417 425 -0.18966
417 481 -1.93135
418 419 0.50718
418 426 -0.23365
418 482 -0.14844
419 420 -0.10777
419 427 1.80686
419 483 1.01328
420 421 0.2141
420 428 0.30409
420 484 -0.2084
421 422 -0.70511
421 429 -0.22766
421 485 -1.26655
422 423 0.82165
422 430 0.69338
422 486 0.5829
423 431 -0.6587
423 487 0.01467
424 425 0.21336
424 431 -0.94992
424 432 -0.51707
424 488 -0.11102
425 426 0.42053
425 433 0.82094
425 489 -0.45778
426 427 -2.49757
426 434 0.01857
426 490 1.04972
427 428 -0.55691
427 435 -0.38121
427 491 0.99971
428 429 0.21
428 436 -0.68842
428 492 0.29172
429 430 0.60503
429 437 -0.35687
429 493 -0.86966
430 431 1.1292
430 438 0.33462
430 494 0.59722
431 439 -0.4686
431 495 0.39752
432 433 0.46146
432 439 1.55928
432 440 -1.12347
432 496 -0.64176
433 434 -0.06282
433 441 -0.74452
433 497 0.88808
434 435 0.58732
434 442 0.89238
434 498 2.12699
435 436 2.82597
435 443 0.70987
435 499 -0.82854
436 437 -0.8236
436 444 -0.38441
436 500 -0.06992
437 438 0.46005
437 445 -0.07629
437 501 -1.39483
438 439 -0.92789
438 446 1.11946
438 502 -0.18141
439 447 -0.60776
439 503 1.99797
440 441 -1.66591
440 447 0.62235
440 504 0.99235
441 442 -0.75516
441 505 -0.58801
442 443 -0.4226
442 506 -0.03458
443 444 0.08504
443 507 1.17083
444 445 -2.93904
444 508 -0.5464
445 446 0.10702
445 509 0.74263
446 447 -0.22714
446 510 -1.46412
447 511 -0.49974
448 449 0.47996
448 455 0.06876
448 456 0.28009
448 504 0.10225
449 450 0.04107
449 457 0.48101
449 505 -1.20201
450 451 -0.96605
450 458 0.64648
450 506 -0.02469
451 452 0.63189
451 459 -0.44672
451 507 -0.61915
452 453 1.72528
452 460 -0.96484
452 508 -0.23427
453 454 1.71902
453 461 -0.50184
453 509 -0.19114
454 455 -0.50217
454 462 1.43026
454 510 -1.2798
455 463 -1.47243
455 511 1.48414
456 457 0.76829
456 463 0.49778
456 464 -0.73667
457 458 -0.14686
457 465 -1.53633
458 459 1.43111
458 466 -0.57436
459 460 0.97465
459 467 -0.14397
460 461 0.61873
460 468 -0.08847
461 462 0.15783
461 469 -0.31052
462 463 0.11532
462 470 -0.64913
463 471 0.26558
464 465 -1.47628
464 471 0.52895
464 472 -0.41418
465 466 -1.98452
465 473 -0.41527
466 467 -0.14872
466 474 0.4642
467 468 0.93417
467 475 1.06455
468 469 1.38565
468 476 1.29181
469 470 -0.41009
469 477 -0.6466
470 471 -0.29112
470 478 0.84644
471 479 -1.10103
472 473 0.12184
472 479 0.32619
472 480 1.44297
473 474 0.70707
473 481 -0.11213
474 475 -0.47496
474 482 -0.72921
475 476 -0.07802
475 483 -0.79417
476 477 -0.93236
476 484 0.26177
477 478 1.02336
477 485 -0.29041
478 479 -0.97034
478 486 -1.42433
479 487 -0.35857
480 481 -0.04423
480 487 0.82531
480 488 0.75891
481 482 -0.8855
481 489 0.12795
482 483 -0.09233
482 490 1.68774
483 484 -0.47555
483 491 0.44722
484 485 -0.64865
484 492 -1.40719
485 486 -0.1487
485 493 -0.31323
486 487 1.40609
486 494 0.63681
487 495 0.31303
488 489 1.52702
488 495 -2.09829
488 496 -1.20178
489 490 -1.17156
489 497 0.52286
490 491 -0.20418
490 498 1.60616
491 492 0.12327
491 499 0.61686
492 493 0.40576
492 500 2.05397
493 494 1.02361
493 501 0.60205
494 495 -0.2099
494 502 0.81881
495 503 0.22952
496 497 0.89864
496 503 -1.92158
496 504 1.84304
497 498 0.44286
497 505 -0.18531
498 499 -0.02316
498 506 0.49385
499 500 -0.25927
499 507 -0.28554
500 501 1.2663
500 508 0.13952
501 502 0.45755
501 509 0.27447
502 503 -1.01067
502 510 -1.03979
503 511 -0.57482
504 505 -0.69702
504 511 -0.62769
505 506 -1.19706
506 507 -1.0524
507 508 0.87592
508 509 1.29549
509 510 1.49272
510 511 1.38688
