# model=ea3d N=512 meanJ=0 seed=3009732 distribution=gaussian field=0 num_fields=512 num_couplings=1536 dim=3
0 0
1 0
2 0
3 0
4 0
5 0
6 0
7 0
8 0
9 0
10 0
11 0
12 0
13 0
14 0
15 0
16 0
17 0
18 0
19 0
20 0
21 0
22 0
23 0
24 0
25 0
26 0
27 0
28 0
29 0
30 0
31 0
32 0
33 0
34 0
35 0
36 0
37 0
38 0
39 0
40 0
41 0
42 0
43 0
44 0
45 0
46 0
47 0
48 0
49 0
50 0
51 0
52 0
53 0
54 0
55 0
56 0
57 0
58 0
59 0
60 0
61 0
62 0
63 0
64 0
65 0
66 0
67 0
68 0
69 0
70 0
71 0
72 0
73 0
74 0
75 0
76 0
77 0
78 0
79 0
80 0
81 0
82 0
83 0
84 0
85 0
86 0
87 0
88 0
89 0
90 0
91 0
92 0
93 0
94 0
95 0
96 0
97 0
98 0
99 0
100 0
101 0
102 0
103 0
104 0
105 0
106 0
107 0
108 0
109 0
110 0
111 0
112 0
113 0
114 0
115 0
116 0
117 0
118 0
119 0
120 0
121 0
122 0
123 0
124 0
125 0
126 0
127 0
128 0
129 0
130 0
131 0
132 0
133 0
134 0
135 0
136 0
137 0
138 0
139 0
140 0
141 0
142 0
143 0
144 0
145 0
146 0
147 0
148 0
149 0
150 0
151 0
152 0
153 0
154 0
155 0
156 0
157 0
158 0
159 0
160 0
161 0
162 0
163 0
164 0
165 0
166 0
167 0
168 0
169 0
170 0
171 0
172 0
173 0
174 0
175 0
176 0
177 0
178 0
179 0
180 0
181 0
182 0
183 0
184 0
185 0
186 0
187 0
188 0
189 0
190 0
191 0
192 0
193 0
194 0
195 0
196 0
197 0
198 0
199 0
200 0
201 0
202 0
203 0
204 0
205 0
206 0
207 0
208 0
209 0
210 0
211 0
212 0
213 0
214 0
215 0
216 0
217 0
218 0
219 0
220 0
221 0
222 0
223 0
224 0
225 0
226 0
227 0
228 0
229 0
230 0
231 0
232 0
233 0
234 0
235 0
236 0
237 0
238 0
239 0
240 0
241 0
242 0
243 0
244 0
245 0
246 0
247 0
248 0
249 0
250 0
251 0
252 0
253 0
254 0
255 0
256 0
257 0
258 0
259 0
260 0
261 0
262 0
263 0
264 0
265 0
266 0
267 0
268 0
269 0
270 0
271 0
272 0
273 0
274 0
275 0
276 0
277 0
278 0
279 0
280 0
281 0
282 0
283 0
284 0
285 0
286 0
287 0
288 0
289 0
290 0
291 0
292 0
293 0
294 0
295 0
296 0
297 0
298 0
299 0
300 0
301 0
302 0
303 0
304 0
305 0
306 0
307 0
308 0
309 0
310 0
311 0
312 0
313 0
314 0
315 0
316 0
317 0
318 0
319 0
320 0
321 0
322 0
323 0
324 0
325 0
326 0
327 0
328 0
329 0
330 0
331 0
332 0
333 0
334 0
335 0
336 0
337 0
338 0
339 0
340 0
341 0
342 0
343 0
344 0
345 0
346 0
347 0
348 0
349 0
350 0
351 0
352 0
353 0
354 0
355 0
356 0
357 0
358 0
359 0
360 0
361 0
362 0
363 0
364 0
365 0
366 0
367 0
368 0
369 0
370 0
371 0
372 0
373 0
374 0
375 0
376 0
377 0
378 0
379 0
380 0
381 0
382 0
383 0
384 0
385 0
386 0
387 0
388 0
389 0
390 0
391 0
392 0
393 0
394 0
395 0
396 0
397 0
398 0
399 0
400 0
401 0
402 0
403 0
404 0
405 0
406 0
407 0
408 0
409 0
410 0
411 0
412 0
413 0
414 0
415 0
416 0
417 0
418 0
419 0
420 0
421 0
422 0
423 0
424 0
425 0
426 0
427 0
428 0
429 0
430 0
431 0
432 0
433 0
434 0
435 0
436 0
437 0
438 0
439 0
440 0
441 0
442 0
443 0
444 0
445 0
446 0
447 0
448 0
449 0
450 0
451 0
452 0
453 0
454 0
455 0
456 0
457 0
458 0
459 0
460 0
461 0
462 0
463 0
464 0
465 0
466 0
467 0
468 0
469 0
470 0
471 0
472 0
473 0
474 0
475 0
476 0
477 0
478 0
479 0
480 0
481 0
482 0
483 0
484 0
485 0
486 0
487 0
488 0
489 0
490 0
491 0
492 0
493 0
494 0
495 0
496 0
497 0
498 0
499 0
500 0
501 0
502 0
503 0
504 0
505 0
506 0
507 0
508 0
509 0
510 0
511 0
0 1 0.52032
0 7 -0.02429
0 8 -0.53158
0 56 0.70236
0 64 0.57897
0 448 -0.52567
1 2 -0.64403
1 9 1.83029
1 57 0.84951
1 65 0.85937
1 449 -1.73718
2 3 -1.2609
2 10 3.25977
2 58 -0.49235
2 66 0.03175
2 450 0.2846
3 4 0.02607
3 11 2.85157
3 59 -0.05511
3 67 -0.41648
3 451 -0.95841
4 5 1.39632
4 12 -0.56527
4 60 0.60271
4 68 0.63918
4 452 -0.52693
5 6 -0.35012
5 13 1.29463
5 61 1.75761
5 69 -0.89718
5 453 -1.6581
6 7 1.57621
6 14 0.94078
6 62 0.76468
6 70 0.68195
6 454 0.2046
7 15 -1.26135
7 63 -0.58075
7 71 0.75306
7 455 0.74247
8 9 0.12909
8 15 -1.04046
8 16 -0.78711
8 72 0.23881
8 456 1.42446
9 10 -0.66878
9 17 -0.85171
9 73 -0.19161
9 457 -0.41358
10 11 0.56953
10 18 -0.42541
10 74 -0.54634
10 458 -2.25592
11 12 0.89371
11 19 -1.15582
11 75 -0.72113
11 459 0.79735
12 13 -0.17293
12 20 0.42722
12 76 1.15179
12 460 -0.67735
13 14 -0.71669
13 21 0.26869
13 77 -1.77305
13 461 0.41295
14 15 -1.86603
14 22 0.22506
14 78 1.54941
14 462 0.14811
15 23 0.41456
15 79 0.94857
15 463 -0.41772
16 17 -1.17249
16 23 1.2165
16 24 0.70314
16 80 -0.03279
16 464 -0.84692
17 18 0.34413
17 25 -0.45496
17 81 0.64246
17 465 0.43062
18 19 1.11263
18 26 -0.40961
18 82 1.11367
18 466 0.54344
19 20 0.25144
19 27 -1.71086
19 83 0.15732
19 467 -0.04348
20 21 -2.39676
20 28 -1.58067
20 84 -0.30612
20 468 -0.16534
21 22 0.47037
21 29 -0.05618
21 85 -1.03637
21 469 -0.43361
22 23 -0.0588
22 30 -1.44464
22 86 -1.47534
22 470 0.24713
23 31 -0.68423
23 87 2.08828
23 471 1.41259
24 25 -1.01018
24 31 -1.18135
24 32 -0.5622
24 88 -0.95149
24 472 -0.76289
25 26 0.34065
25 33 1.368
25 89 -1.57773
25 473 -0.21047
26 27 -0.28543
26 34 1.90758
26 90 1.97411
26 474 -1.59104
27 28 0.12966
27 35 -1.57541
27 91 0.59325
27 475 -0.01153
28 29 -0.24259
28 36 -0.90734
28 92 -0.97944
28 476 0.35801
29 30 1.57193
29 37 -1.15645
29 93 0.14478
29 477 0.31218
30 31 -0.09206
30 38 3.17717
30 94 -0.73264
30 478 -0.74006
31 39 0.20978
31 95 -1.15895
31 479 -1.20078
32 33 1.00024
32 39 -0.69069
32 40 1.47152
32 96 1.10814
32 480 1.54923
33 34 -0.54397
33 41 -0.01038
33 97 0.40431
33 481 -0.82136
34 35 1.54314
34 42 -1.01201
34 98 0.14582
34 482 -0.81615
35 36 1.25043
35 43 0.18324
35 99 0.28605
35 483 -0.69515
36 37 0.59054
36 44 0.37371
36 100 0.30614
36 484 0.40979
37 38 -0.06585
37 45 1.18164
37 101 0.97619
37 485 -2.21929
38 39 -0.2851
38 46 0.4039
38 102 -0.35628
38 486 1.36714
39 47 0.44887
39 103 1.02319
39 487 -1.2989
40 41 0.79419
40 47 1.62112
40 48 -0.36691
40 104 1.21018
40 488 1.15457
41 42 0.48687
41 49 -1.5503
41 105 -0.07822
41 489 0.30097
42 43 0.30029
42 50 -0.39443
42 106 0.44992
42 490 -0.54643
43 44 0.5109
43 51 -0.26689
43 107 0.40909
43 491 0.03576
44 45 0.69889
44 52 1.40704
44 108 2.13135
44 492 -0.26795
45 46 1.05596
45 53 -0.52874
45 109 0.24947
45 493 1.434
46 47 -0.03753
46 54 0.80199
46 110 -0.62901
46 494 0.31873
47 55 -0.60391
47 111 0.94526
47 495 -2.47822
48 49 0.52431
48 55 1.26965
48 56 -0.37665
48 112 -0.33131
48 496 1.48032
49 50 -1.11311
49 57 -0.42257
49 113 -2.36822
49 497 -1.27965
50 51 1.79029
50 58 1.65905
50 114 -2.03953
50 498 1.08021
51 52 -1.2693
51 59 -0.9919
51 115 0.22272
51 499 -1.22518
52 53 -1.7061
52 60 -1.01719
52 116 0.79124
52 500 1.64853
53 54 -0.50375
53 61 -0.01957
53 117 1.33961
53 501 0.24081
54 55 1.34653
54 62 0.70944
54 118 1.77694
54 502 -1.13026
55 63 -1.31723
55 119 -1.70852
55 503 -0.69809
56 57 -0.22842
56 63 -0.71188
56 120 0.14501
56 504 0.08831
57 58 0.25529
57 121 -0.39301
57 505 0.19409
58 59 -1.18089
58 122 -0.16123
58 506 0.99465
59 60 -1.37671
59 123 1.46525
59 507 -0.68942
60 61 1.25184
60 124 -0.36405
60 508 0.31695
61 62 -0.8017
61 125 -1.43213
61 509 0.86157
62 63 -1.27396
62 126 -0.77755
62 510 1.85374
63 127 -0.23506
63 511 -1.20242
64 65 -0.3188
64 71 -1.62277
64 72 -0.45264
64 120 0.04875
64 128 0.01281
65 66 1.42732
65 73 -0.68261
65 121 0.70713
65 129 0.16599
66 67 -0.99713
66 74 1.23724
66 122 0.10443
66 130 0.5672
67 68 -1.67965
67 75 -0.55193
67 123 0.51632
67 131 0.50595
68 69 0.732
68 76 -0.22449
68 124 0.49301
68 132 1.14294
69 70 -1.67635
69 77 -1.91749
69 125 -0.69785
69 133 -1.84301
70 71 0.38454
70 78 -0.35462
70 126 2.04043
70 134 0.70142
71 79 0.85651
71 127 0.04752
71 135 0.54518
72 73 -1.42101
72 79 1.10075
72 80 0.16756
72 136 -2.53008
73 74 -1.01541
73 81 -0.52413
73 137 -1.26562
74 75 1.55422
74 82 0.84
74 138 1.00411
75 76 0.2056
75 83 0.33434
75 139 -1.36473
76 77 0.08258
76 84 0.09824
76 140 -1.16601
77 78 -0.31235
77 85 -1.11167
77 141 -1.49725
78 79 0.35826
78 86 -0.73064
78 142 0.59891
79 87 0.28567
79 143 -0.06559
80 81 -0.20776
80 87 -1.04384
80 88 -0.82372
80 144 0.56431
81 82 0.86106
81 89 -2.25661
81 145 0.70304
82 83 -0.76017
82 90 1.00354
82 146 -1.40399
83 84 -0.0111
83 91 -0.70909
83 147 -1.70433
84 85 -0.8838
84 92 -0.2031
84 148 1.06499
85 86 -1.0502
85 93 -1.08115
85 149 1.41049
86 87 -0.13683
86 94 1.45012
86 150 -0.75463
87 95 0.17891
87 151 -1.36592
88 89 1.10152
88 95 -1.05518
88 96 2.12663
88 152 2.31707
89 90 -0.30635
89 97 0.42583
89 153 -1.77
90 91 -1.80696
90 98 0.25188
90 154 0.79894
91 92 -0.35018
91 99 0.42737
91 155 1.62751
92 93 0.28579
92 100 -0.98879
92 156 -0.65027
93 94 0.53672
93 101 1.66539
93 157 0.00117
94 95 0.63921
94 102 -0.75021
94 158 -1.12321
95 103 0.41146
95 159 -0.26649
96 97 1.60761
96 103 0.18287
96 104 -0.23388
96 160 1.3743
97 98 -1.8103
97 105 -0.0779
97 161 -0.84643
98 99 -1.23713
98 106 0.02822
98 162 0.34195
99 100 0.39742
99 107 1.08152
99 163 -0.80573
100 101 -0.01602
100 108 0.37678
100 164 1.01579
101 102 -0.47517
101 109 0.20754
101 165 0.10091
102 103 -0.02188
102 110 1.21233
102 166 0.81727
103 111 1.04321
103 167 0.90068
104 105 -2.23273
104 111 0.44798
104 112 0.28413
104 168 1.87927
105 106 -0.13712
105 113 -0.82186
105 169 -0.34478
106 107 0.89167
106 114 0.27585
106 170 1.79184
107 108 1.44091
107 115 -0.32396
107 171 -0.24548
108 109 -1.18696
108 116 -0.9827
108 172 -0.27701
109 110 1.31603
109 117 -0.81282
109 173 0.94289
110 111 -2.12581
110 118 1.81117
110 174 -1.00694
111 119 1.2421
111 175 -0.00544
112 113 -0.0824
112 119 0.50666
112 120 0.74175
112 176 -0.1683
113 114 0.58337
113 121 0.38197
113 177 2.10122
114 115 0.02463
114 122 0.42386
114 178 1.3973
115 116 0.2159
115 123 1.39373
115 179 1.29368
116 117 1.08719
116 124 -0.62598
116 180 3.78075
117 118 2.41385
117 125 0.92772
117 181 -2.7735
118 119 0.41672
118 126 -0.20359
118 182 -0.5283
119 127 -1.91754
119 183 -0.76226
120 121 0.50763
120 127 0.07322
120 184 0.10774
121 122 2.68778
121 185 -0.35904
122 123 -0.13169
122 186 -1.41579
123 124 0.28671
123 187 -1.78632
124 125 -1.30569
124 188 1.87843
125 126 0.05237
125 189 -0.61242
126 127 -1.46918
126 190 0.03254
127 191 -0.7915
128 129 1.20485
128 135 0.27704
128 136 1.76053
128 184 -0.41891
128 192 0.30917
129 130 2.41099
129 137 -0.19541
129 185 0.56004
129 193 -2.20296
130 131 1.93175
130 138 1.31915
130 186 -0.42758
130 194 -0.63963
131 132 -1.91833
131 139 0.29074
131 187 -0.9151
131 195 0.36132
132 133 -0.64094
132 140 0.43785
132 188 0.4483
132 196 0.68399
133 134 0.68539
133 141 1.0721
133 189 0.52943
133 197 1.78365
134 135 -2.0146
134 142 -1.97837
134 190 0.7362
134 198 -0.41769
135 143 1.20099
135 191 -0.49019
135 199 -0.61475
136 137 1.17054
136 143 -0.34758
136 144 0.12639
136 200 1.23614
137 138 0.10547
137 145 0.43191
137 201 0.33057
138 139 0.00727
138 146 -0.6115
138 202 1.0902
139 140 0.79866
139 147 0.47749
139 203 -2.14358
140 141 -0.03043
140 148 -1.27559
140 204 -1.33988
141 142 -0.17069
141 149 1.33849
141 205 1.08767
142 143 -0.91573
142 150 1.60243
142 206 -0.42603
143 151 0.11492
143 207 -0.10577
144 145 0.56572
144 151 -0.54125
144 152 -1.27439
144 208 -0.46162
145 146 -0.5729
145 153 -0.39976
145 209 -2.07388
146 147 -0.71893
146 154 -0.11547
146 210 -1.11005
147 148 -0.07851
147 155 -0.36093
147 211 0.46216
148 149 0.40961
148 156 0.19263
148 212 0.55243
149 150 0.1769
149 157 -1.89358
149 213 0.88953
150 151 -1.3192
150 158 0.01753
150 214 -0.09781
151 159 -1.16217
151 215 -0.82721
152 153 0.96347
152 159 0.14275
152 160 -0.32106
152 216 -0.12675
153 154 -1.60389
153 161 -0.2978
153 217 0.58648
154 155 1.14143
154 162 -0.23044
154 218 -1.06131
155 156 -0.20458
155 163 -1.35474
155 219 -2.36791
156 157 1.41998
156 164 0.53126
156 220 -0.43861
157 158 -1.51132
157 165 -3.08105
157 221 0.64027
158 159 1.52518
158 166 -0.62819
158 222 0.71491
159 167 -0.64301
159 223 0.91552
160 161 -1.14841
160 167 -0.07266
160 168 -0.31
160 224 -0.26137
161 162 0.14275
161 169 0.35006
161 225 0.2097
162 163 0.49231
162 170 -1.11612
162 226 -0.21085
163 164 0.46159
163 171 -1.48521
163 227 0.06071
164 165 0.04542
164 172 -1.17657
164 228 -0.0704
165 166 1.38497
165 173 1.03574
165 229 1.05022
166 167 -1.37143
166 174 -0.8918
166 230 -0.37674
167 175 1.7129
167 231 1.40925
168 169 -0.3718
168 175 1.06636
168 176 0.80575
168 232 1.67624
169 170 -0.52283
169 177 1.36586
169 233 1.20316
170 171 -0.39789
170 178 0.60471
170 234 -0.55113
171 172 0.03087
171 179 0.56054
171 235 -1.01729
172 173 0.97025
172 180 1.70709
172 236 0.24208
173 174 -1.47702
173 181 -0.73678
173 237 1.18291
174 175 -0.60427
174 182 -0.16303
174 238 -0.12761
175 183 -0.86788
175 239 -0.91065
176 177 -2.35796
176 183 1.00997
176 184 0.24917
176 240 0.22319
177 178 -0.24966
177 185 -0.75361
177 241 0.87767
178 179 -0.75015
178 186 0.23319
178 242 -0.7816
179 180 0.48443
179 187 -1.61254
179 243 0.32532
180 181 1.00571
180 188 1.10688
180 244 -0.58381
181 182 -1.16808
181 189 -0.89131
181 245 0.93207
182 183 -0.30401
182 190 -1.5078
182 246 0.14203
183 191 1.21973
183 247 -1.77919
184 185 -1.3982
184 191 1.27625
184 248 -0.55673
185 186 -1.84824
185 249 0.64806
186 187 0.89272
186 250 -0.20318
187 188 -0.78833
187 251 0.38713
188 189 0.7282
188 252 -0.31847
189 190 0.57039
189 253 -0.08644
190 191 -0.76551
190 254 0.73954
191 255 -0.66331
192 193 0.4164
192 199 -2.94246
192 200 -0.2583
192 248 -0.44519
192 256 -0.48735
193 194 -2.3707
193 201 0.47482
193 249 -2.06868
193 257 -0.44983
194 195 -1.44462
194 202 -0.33617
194 250 -0.28245
194 258 -0.1559
195 196 1.76053
195 203 -0.69668
195 251 1.28031
195 259 0.0365
196 197 1.11784
196 204 -0.05633
196 252 0.36582
196 260 1.2422
197 198 0.19362
197 205 -0.48202
197 253 0.0347
197 261 0.04032
198 199 -0.80974
198 206 0.68651
198 254 -0.45854
198 262 -0.50874
199 207 1.14544
199 255 -0.63797
199 263 -0.25845
200 201 -0.94388
200 207 -0.68708
200 208 -0.27059
200 264 3.02896
201 202 -0.36334
201 209 -1.4303
201 265 0.90107
202 203 -0.50317
202 210 -0.19013
202 266 0.48153
203 204 -0.06812
203 211 2.58947
203 267 -0.16927
204 205 0.07354
204 212 0.49266
204 268 -0.46757
205 206 -0.29214
205 213 -0.20556
205 269 -1.67555
206 207 -0.02437
206 214 0.17249
206 270 0.49259
207 215 0.27019
207 271 0.4913
208 209 0.0113
208 215 -0.66422
208 216 -0.11087
208 272 0.86776
209 210 -0.33125
209 217 1.45689
209 273 0.78571
210 211 0.53645
210 218 -0.33542
210 274 0.65504
211 212 -0.03602
211 219 -1.18163
211 275 -1.44909
212 213 0.50789
212 220 -0.30091
212 276 1.44599
213 214 -0.31128
213 221 1.2485
213 277 -1.0792
214 215 -1.09665
214 222 -0.06339
214 278 0.92157
215 223 -2.08391
215 279 0.83638
216 217 -0.95361
216 223 0.41235
216 224 1.03623
216 280 0.38244
217 218 -0.56806
217 225 -0.74372
217 281 0.94381
218 219 1.41775
218 226 1.72551
218 282 1.88852
219 220 -0.98263
219 227 0.22139
219 283 -1.58134
220 221 0.70474
220 228 -1.43248
220 284 -0.64866
221 222 0.35806
221 229 -0.65776
221 285 0.30855
222 223 0.54289
222 230 0.3468
222 286 -0.29934
223 231 0.67986
223 287 0.81615
224 225 -1.04712
224 231 0.63622
224 232 -0.25612
224 288 -0.29562
225 226 0.81588
225 233 0.09808
225 289 -0.82323
226 227 0.91936
226 234 -0.46746
226 290 0.44906
227 228 -0.5953
227 235 -2.08245
227 291 0.43208
228 229 0.40663
228 236 0.83055
228 292 -1.24679
229 230 -1.44075
229 237 1.07118
229 293 0.02483
230 231 1.64178
230 238 0.21712
230 294 -0.0679
231 239 -0.3442
231 295 0.58087
232 233 -0.80851
232 239 -1.42185
232 240 1.02324
232 296 0.75134
233 234 -1.28015
233 241 0.31189
233 297 -0.78233
234 235 -0.36878
234 242 -0.32776
234 298 1.34787
235 236 -0.18695
235 243 0.82014
235 299 0.72763
236 237 0.76541
236 244 0.54745
236 300 0.71586
237 238 -1.56815
237 245 -0.68906
237 301 -0.74697
238 239 0.01289
238 246 0.67464
238 302 -1.688
239 247 0.30476
239 303 1.06229
240 241 -1.00206
240 247 1.15607
240 248 1.81845
240 304 1.4473
241 242 0.73696
241 249 1.0819
241 305 -0.39586
242 243 0.58494
242 250 0.65167
242 306 1.03867
243 244 -1.74237
243 251 0.44794
243 307 0.79585
244 245 -0.35105
244 252 0.17468
244 308 -0.19029
245 246 0.79108
245 253 0.30578
245 309 -1.39675
246 247 -0.52429
246 254 -0.99481
246 310 1.59876
247 255 1.41792
247 311 0.39631
248 249 -2.15811
248 255 1.07397
248 312 1.32457
249 250 -1.08629
249 313 0.39027
250 251 -0.0976
250 314 -0.36787
251 252 0.71862
251 315 -1.47909
252 253 -0.58136
252 316 -1.33625
253 254 -1.08217
253 317 -1.55158
254 255 -1.57763
254 318 0.91671
255 319 1.81527
256 257 -1.31049
256 263 0.26956
256 264 0.3338
256 312 -1.07092
256 320 -0.47129
257 258 -1.47478
257 265 1.51995
257 313 0.55205
257 321 0.37658
258 259 -1.31252
258 266 1.45063
258 314 -0.24378
258 322 -0.62908
259 260 2.50216
259 267 1.35778
259 315 1.20801
259 323 0.07175
260 261 1.53328
260 268 -0.45042
260 316 -1.66093
260 324 1.32722
261 262 -0.60865
261 269 0.76275
261 317 -2.13778
261 325 0.56593
262 263 0.62255
262 270 1.78637
262 318 -0.58081
262 326 -1.06462
263 271 -0.32351
263 319 0.61381
263 327 -1.02016
264 265 0.757
264 271 0.35587
264 272 0.38649
264 328 -0.46145
265 266 0.22339
265 273 -0.55282
265 329 -1.07057
266 267 -0.54051
266 274 -0.53076
266 330 -0.47453
267 268 0.84291
267 275 -0.19515
267 331 1.49619
268 269 -0.14839
268 276 -0.35078
268 332 0.69161
269 270 0.9574
269 277 0.96451
269 333 -1.09124
270 271 -0.06812
270 278 1.19234
270 334 -0.05289
271 279 0.71518
271 335 1.79757
272 273 0.75168
272 279 0.58878
272 280 0.30733
272 336 0.61921
273 274 1.56612
273 281 -0.65788
273 337 -0.7861
274 275 1.8457
274 282 -0.68749
274 338 -0.42893
275 276 -1.00642
275 283 0.56701
275 339 0.73964
276 277 0.50665
276 284 1.36104
276 340 0.37208
277 278 0.91995
277 285 -0.09295
277 341 -0.33052
278 279 0.95093
278 286 0.35994
278 342 0.58838
279 287 0.12583
279 343 0.3732
280 281 -0.19484
280 287 0.0071
280 288 1.45844
280 344 0.11163
281 282 1.84688
281 289 -0.81215
281 345 -0.37096
282 283 1.35682
282 290 1.63497
282 346 0.04902
283 284 -0.06109
283 291 0.36632
283 347 -0.19911
284 285 0.11454
284 292 -0.60621
284 348 0.49877
285 286 0.23874
285 293 1.29819
285 349 0.4855
286 287 0.41376
286 294 -1.23379
286 350 0.94511
287 295 -0.86012
287 351 -0.74128
288 289 -0.1147
288 295 -2.29607
288 296 1.79119
288 352 0.04862
289 290 0.12799
289 297 0.94888
289 353 -1.24802
290 291 1.32736
290 298 -0.44088
290 354 0.36875
291 292 0.77209
291 299 -0.48072
291 355 -0.03738
292 293 -0.15641
292 300 0.19354
292 356 0.65671
293 294 -0.14985
293 301 0.21539
293 357 1.76917
294 295 -0.07654
294 302 -1.48441
294 358 0.5611
295 303 -0.24437
295 359 0.60448
296 297 0.92253
296 303 0.78502
296 304 -0.05524
296 360 -0.41539
297 298 -0.3467
297 305 0.27025
297 361 -0.40095
298 299 0.51491
298 306 0.2452
298 362 0.71305
299 300 0.4814
299 307 0.04005
299 363 -0.22099
300 301 1.02865
300 308 -0.92388
300 364 -1.10288
301 302 1.27845
301 309 -0.68066
301 365 1.29677
302 303 -0.84208
302 310 0.18704
302 366 -0.37798
303 311 -0.2201
303 367 -1.16253
304 305 -0.60227
304 311 -0.06761
304 312 -1.81789
304 368 -0.39426
305 306 -0.20039
305 313 -1.29652
305 369 -0.53131
306 307 1.4207
306 314 1.02298
306 370 0.13667
307 308 0.1702
307 315 -1.57968
307 371 0.95558
308 309 -0.56794
308 316 -2.16519
308 372 -0.99979
309 310 0.19957
309 317 0.85182
309 373 0.83159
310 311 0.41809
310 318 -0.7288
310 374 -0.857
311 319 0.31277
311 375 -0.64038
312 313 0.13036
312 319 -0.27704
312 376 1.64529
313 314 -0.85013
313 377 1.59143
314 315 0.2893
314 378 0.62216
315 316 0.76096
315 379 -0.21669
316 317 -2.13651
316 380 -0.18883
317 318 0.62727
317 381 -0.04381
318 319 -0.15734
318 382 0.24184
319 383 -0.81543
320 321 1.76479
320 327 -0.06468
320 328 -1.24953
320 376 0.07475
320 384 -0.80193
321 322 0.09537
321 329 -0.65911
321 377 -0.65753
321 385 0.39837
322 323 -0.63776
322 330 -0.09373
322 378 -0.7429
322 386 0.95671
323 324 -0.62059
323 331 -0.35285
323 379 -0.12017
323 387 -2.36134
324 325 -0.44792
324 332 1.51862
324 380 0.75133
324 388 0.3286
325 326 -0.59252
325 333 0.55246
325 381 0.02551
325 389 0.33019
326 327 0.2267
326 334 -0.19616
326 382 -0.46564
326 390 0.20262
327 335 1.65504
327 383 0.48511
327 391 0.97101
328 329 -0.6539
328 335 2.15079
328 336 -1.04931
328 392 -0.814
329 330 -0.00979
329 337 0.58651
329 393 0.46258
330 331 -0.2931
330 338 1.44125
330 394 1.27898
331 332 0.03908
331 339 1.35698
331 395 -0.06966
332 333 0.06019
332 340 0.74929
332 396 -0.47929
333 334 1.62582
333 341 0.1416
333 397 -2.00973
334 335 -0.01074
334 342 -0.02117
334 398 0.92977
335 343 -0.47352
335 399 0.23819
336 337 -1.48671
336 343 -1.17824
336 344 -1.15007
336 400 0.88079
337 338 -0.30146
337 345 -2.17653
337 401 -0.2299
338 339 -0.30631
338 346 1.05065
338 402 -0.15395
339 340 1.399
339 347 1.38077
339 403 -2.57279
340 341 -0.39287
340 348 -0.17494
340 404 1.30466
341 342 0.92342
341 349 -0.16512
341 405 -0.41277
342 343 1.04617
342 350 -0.03772
342 406 -0.82285
343 351 0.09143
343 407 0.0136
344 345 1.86339
344 351 1.59645
344 352 -0.19355
344 408 0.54276
345 346 -0.0241
345 353 -0.45299
345 409 0.15576
346 347 -0.62689
346 354 -0.54535
346 410 -1.03334
347 348 -1.37375
347 355 -1.6343
347 411 1.35077
348 349 -2.91969
348 356 -1.55861
348 412 -0.04755
349 350 0.001
349 357 -0.32309
349 413 -1.54652
350 351 0.35151
350 358 -0.8283
350 414 0.78498
351 359 -0.69481
351 415 -0.82412
352 353 0.70182
352 359 -1.59532
352 360 -0.08794
352 416 -1.08007
353 354 -0.98474
353 361 -0.20052
353 417 1.33233
354 355 -0.10411
354 362 0.70891
354 418 0.04922
355 356 0.21057
355 363 1.06015
355 419 0.10477
356 357 1.25517
356 364 -0.03001
356 420 0.26976
357 358 0.34405
357 365 -0.1016
357 421 0.51685
358 359 -0.52744
358 366 1.3166
358 422 1.26205
359 367 -0.56946
359 423 -0.13406
360 361 -0.57638
360 367 -0.11143
360 368 0.2379
360 424 1.01383
361 362 -0.22534
361 369 -0.79586
361 425 0.14754
362 363 -0.21185
362 370 0.09319
362 426 0.82181
363 364 0.86967
363 371 -0.42413
363 427 -0.57794
364 365 -2.07383
364 372 0.75724
364 428 -0.61627
365 366 0.52246
365 373 2.1236
365 429 -1.66733
366 367 -1.26688
366 374 1.31288
366 430 -0.46897
367 375 0.9718
367 431 0.77302
368 369 -0.13389
368 375 -1.37379
368 376 -0.93673
368 432 0.25747
369 370 0.61849
369 377 -0.01485
369 433 0.48048
370 371 -3.42927
370 378 1.61958
370 434 -0.59277
371 372 -0.73938
371 379 2.03381
371 435 0.82512
372 373 -1.25465
372 380 0.17216
372 436 -0.80662
373 374 2.20007
373 381 -2.4795
373 437 0.2012
374 375 -1.54209
374 382 0.01912
374 438 -0.18001
375 383 2.11837
375 439 -0.46429
376 377 1.41852
376 383 -0.74429
376 440 -0.26649
377 378 0.31184
377 441 0.45619
378 379 -0.67053
378 442 -1.12563
379 380 -0.67325
379 443 1.14455
380 381 -0.52054
380 444 1.30511
381 382 0.74558
381 445 1.24017
382 383 -1.08152
382 446 -0.05171
383 447 1.33314
384 385 1.27146
384 391 -0.08029
384 392 0.95169
384 440 -0.09366
384 448 -1.39989
385 386 2.04955
385 393 1.04368
385 441 -0.66975
385 449 -0.56304
386 387 -0.26585
386 394 -0.11179
386 442 -0.47977
386 450 -0.87058
387 388 -0.28307
387 395 0.67378
387 443 -0.42262
387 451 -0.14019
388 389 -0.90088
388 396 -0.12298
388 444 -1.0762
388 452 1.10441
389 390 0.15227
389 397 -0.34874
389 445 -0.50245
389 453 -1.60071
390 391 -1.17916
390 398 -0.11825
390 446 -1.55046
390 454 -0.31065
391 399 -0.59512
391 447 0.20406
391 455 0.21424
392 393 0.03109
392 399 -0.27928
392 400 -0.16998
392 456 -0.26025
393 394 -0.23071
393 401 -1.39209
393 457 -0.62596
394 395 0.40942
394 402 -1.41067
394 458 -0.09384
395 396 1.48889
395 403 -0.24689
395 459 0.6782
396 397 -0.02227
396 404 0.29377
396 460 0.10719
397 398 -0.43122
397 405 -0.23937
397 461 0.24962
398 399 0.70964
398 406 -0.34664
398 462 2.26907
399 407 -0.15709
399 463 0.51328
400 401 -0.03275
400 407 -1.06434
400 408 0.37541
400 464 0.82581
401 402 1.1064
401 409 0.06381
401 465 -1.05449
402 403 -0.7922
402 410 0.97835
402 466 1.65592
403 404 0.46752
403 411 0.29185
403 467 -0.22109
404 405 -0.60602
404 412 -0.6109
404 468 1.99365
405 406 1.18743
405 413 -1.47774
405 469 -0.96502
406 407 -0.3168
406 414 0.09658
406 470 0.99284
407 415 0.34936
407 471 -0.31681
408 409 -2.08603
408 415 -0.40547
408 416 -2.10552
408 472 0.28284
409 410 0.64937
409 417 1.73744
409 473 0.23885
410 411 -0.92846
410 418 1.21472
410 474 0.37791
411 412 0.81498
411 419 -1.14959
411 475 -0.93328
412 413 -0.62344
412 420 -0.36189
412 476 -0.67029
413 414 -1.8424
413 421 1.62612
413 477 1.00117
414 415 -0.61387
414 422 0.64578
414 478 0.03841
415 423 0.1581
415 479 -0.07662
416 417 -1.2705
416 423 0.25577
416 424 1.45177
416 480 -1.45125
417 418 -0.32711
417 425 -0.67048
417 481 -0.44134
418 419 -1.7094
418 426 -0.16186
418 482 -1.27436
419 420 1.74027
419 427 0.68101
419 483 2.07474
420 421 -0.46426
420 428 -1.40863
420 484 1.33833
421 422 0.15625
421 429 -1.5761
421 485 -0.19486
422 423 0.4736
422 430 0.61717
422 486 1.09091
423 431 -0.75996
423 487 -1.26848
424 425 0.47927
424 431 0.67694
424 432 -1.17256
424 488 -0.2106
425 426 -0.67142
425 433 0.28957
425 489 0.68653
426 427 0.71889
426 434 1.09011
426 490 1.1598
427 428 -0.19397
427 435 -0.19525
427 491 0.87893
428 429 0.49758
428 436 -1.27225
428 492 -1.97551
429 430 -1.65265
429 437 -0.08062
429 493 1.20279
430 431 -0.35314
430 438 1.01609
430 494 0.68302
431 439 1.07881
431 495 0.0614
432 433 -1.58547
432 439 3.30396
432 440 -0.89787
432 496 -0.33934
433 434 -0.50246
433 441 1.90489
433 497 0.03756
434 435 0.34086
434 442 -0.07132
434 498 0.40703
435 436 -0.36201
435 443 -0.38319
435 499 -1.60147
436 437 -0.55117
436 444 0.18861
436 500 -1.47906
437 438 1.12909
437 445 1.05682
437 501 1.50443
438 439 -0.61732
438 446 0.47444
438 502 1.65007
439 447 -0.55431
439 503 0.30701
440 441 1.04001
440 447 1.93094
440 504 -0.82674
441 442 0.08789
441 505 -0.04746
442 443 -2.61654
442 506 0.16834
443 444 -0.45969
443 507 -1.32659
444 445 -1.24936
444 508 -0.50034
445 446 -0.37167
445 509 0.42055
446 447 0.03058
446 510 -1.01276
447 511 -0.61098
448 449 0.50713
448 455 -0.85926
448 456 -1.77582
448 504 -0.85312
449 450 -0.61666
449 457 1.24563
449 505 0.30383
450 451 0.35634
450 458 -0.46259
450 506 -1.44573
451 452 0.70264
451 459 -0.37079
451 507 0.53673
452 453 -0.09354
452 460 -1.07217
452 508 -0.76017
453 454 -0.12547
453 461 -0.56388
453 509 0.39685
454 455 1.72182
454 462 0.54398
454 510 0.28612
455 463 0.13301
455 511 -0.56833
456 457 -0.79725
456 463 -0.82281
456 464 -0.92296
457 458 0.05699
457 465 0.02582
458 459 -0.39118
458 466 -0.28849
459 460 0.4438
459 467 2.10445
460 461 -0.47262
460 468 -1.58737
461 462 -0.61752
461 469 0.60517
462 463 2.30207
462 470 -0.66665
463 471 1.87012
464 465 -0.46972
464 471 3.32719
464 472 -0.97179
465 466 -0.01719
465 473 -2.02927
466 467 1.43291
466 474 -3.36502
467 468 0.61044
467 475 -2.28363
468 469 0.33701
468 476 0.53417
469 470 -0.58136
469 477 -0.22783
470 471 0.71135
470 478 2.30684
471 479 0.68983
472 473 -0.41723
472 479 -0.66096
472 480 -1.53041
473 474 -0.41009
473 481 -0.78835
474 475 -0.7321
474 482 -0.69974
475 476 -0.7076
475 483 -0.09532
476 477 -2.20163
476 484 1.38388
477 478 -0.68341
477 485 -0.89048
478 479 -0.58297
478 486 -2.20615
479 487 1.2567
480 481 -1.5617
480 487 -0.0175
480 488 -1.1472
481 482 1.22005
481 489 0.31232
482 483 0.53941
482 490 -0.60557
483 484 1.5174
483 491 -0.02853
484 485 -2.29296
484 492 -1.71543
485 486 0.09745
485 493 -0.41529
486 487 1.53593
486 494 1.38426
487 495 0.60605
488 489 0.66473
488 495 1.7718
488 496 -1.34569
489 490 1.59694
489 497 0.93246
490 491 -0.31935
490 498 0.32192
491 492 -0.64845
491 499 -2.92303
492 493 0.71917
492 500 0.02775
493 494 -1.2905
493 501 -1.84574
494 495 -1.77271
494 502 0.38162
495 503 1.97808
496 497 -0.03773
496 503 -0.27338
496 504 -0.39554
497 498 -1.38621
497 505 -0.02998
498 499 -1.44985
498 506 -1.35434
499 500 0.46012
499 507 -1.70541
500 501 -0.63722
500 508 -0.47096
501 502 0.16693
501 509 -0.30259
502 503 -0.2716
502 510 0.16557
503 511 -0.35967
504 505 -1.60036
504 511 0.63593
505 506 -0.27399
506 507 -0.00305
507 508 0.34332
508 509 -0.87581
509 510 0.36289
510 511 2.09411
