# model=ea3d N=1728 meanJ=0 seed=1395127698 distribution=gaussian field=0 num_fields=1728 num_couplings=5184
0 0
1 0
2 0
3 0
4 0
5 0
6 0
7 0
8 0
9 0
10 0
11 0
12 0
13 0
14 0
15 0
16 0
17 0
18 0
19 0
20 0
21 0
22 0
23 0
24 0
25 0
26 0
27 0
28 0
29 0
30 0
31 0
32 0
33 0
34 0
35 0
36 0
37 0
38 0
39 0
40 0
41 0
42 0
43 0
44 0
45 0
46 0
47 0
48 0
49 0
50 0
51 0
52 0
53 0
54 0
55 0
56 0
57 0
58 0
59 0
60 0
61 0
62 0
63 0
64 0
65 0
66 0
67 0
68 0
69 0
70 0
71 0
72 0
73 0
74 0
75 0
76 0
77 0
78 0
79 0
80 0
81 0
82 0
83 0
84 0
85 0
86 0
87 0
88 0
89 0
90 0
91 0
92 0
93 0
94 0
95 0
96 0
97 0
98 0
99 0
100 0
101 0
102 0
103 0
104 0
105 0
106 0
107 0
108 0
109 0
110 0
111 0
112 0
113 0
114 0
115 0
116 0
117 0
118 0
119 0
120 0
121 0
122 0
123 0
124 0
125 0
126 0
127 0
128 0
129 0
130 0
131 0
132 0
133 0
134 0
135 0
136 0
137 0
138 0
139 0
140 0
141 0
142 0
143 0
144 0
145 0
146 0
147 0
148 0
149 0
150 0
151 0
152 0
153 0
154 0
155 0
156 0
157 0
158 0
159 0
160 0
161 0
162 0
163 0
164 0
165 0
166 0
167 0
168 0
169 0
170 0
171 0
172 0
173 0
174 0
175 0
176 0
177 0
178 0
179 0
180 0
181 0
182 0
183 0
184 0
185 0
186 0
187 0
188 0
189 0
190 0
191 0
192 0
193 0
194 0
195 0
196 0
197 0
198 0
199 0
200 0
201 0
202 0
203 0
204 0
205 0
206 0
207 0
208 0
209 0
210 0
211 0
212 0
213 0
214 0
215 0
216 0
217 0
218 0
219 0
220 0
221 0
222 0
223 0
224 0
225 0
226 0
227 0
228 0
229 0
230 0
231 0
232 0
233 0
234 0
235 0
236 0
237 0
238 0
239 0
240 0
241 0
242 0
243 0
244 0
245 0
246 0
247 0
248 0
249 0
250 0
251 0
252 0
253 0
254 0
255 0
256 0
257 0
258 0
259 0
260 0
261 0
262 0
263 0
264 0
265 0
266 0
267 0
268 0
269 0
270 0
271 0
272 0
273 0
274 0
275 0
276 0
277 0
278 0
279 0
280 0
281 0
282 0
283 0
284 0
285 0
286 0
287 0
288 0
289 0
290 0
291 0
292 0
293 0
294 0
295 0
296 0
297 0
298 0
299 0
300 0
301 0
302 0
303 0
304 0
305 0
306 0
307 0
308 0
309 0
310 0
311 0
312 0
313 0
314 0
315 0
316 0
317 0
318 0
319 0
320 0
321 0
322 0
323 0
324 0
325 0
326 0
327 0
328 0
329 0
330 0
331 0
332 0
333 0
334 0
335 0
336 0
337 0
338 0
339 0
340 0
341 0
342 0
343 0
344 0
345 0
346 0
347 0
348 0
349 0
350 0
351 0
352 0
353 0
354 0
355 0
356 0
357 0
358 0
359 0
360 0
361 0
362 0
363 0
364 0
365 0
366 0
367 0
368 0
369 0
370 0
371 0
372 0
373 0
374 0
375 0
376 0
377 0
378 0
379 0
380 0
381 0
382 0
383 0
384 0
385 0
386 0
387 0
388 0
389 0
390 0
391 0
392 0
393 0
394 0
395 0
396 0
397 0
398 0
399 0
400 0
401 0
402 0
403 0
404 0
405 0
406 0
407 0
408 0
409 0
410 0
411 0
412 0
413 0
414 0
415 0
416 0
417 0
418 0
419 0
420 0
421 0
422 0
423 0
424 0
425 0
426 0
427 0
428 0
429 0
430 0
431 0
432 0
433 0
434 0
435 0
436 0
437 0
438 0
439 0
440 0
441 0
442 0
443 0
444 0
445 0
446 0
447 0
448 0
449 0
450 0
451 0
452 0
453 0
454 0
455 0
456 0
457 0
458 0
459 0
460 0
461 0
462 0
463 0
464 0
465 0
466 0
467 0
468 0
469 0
470 0
471 0
472 0
473 0
474 0
475 0
476 0
477 0
478 0
479 0
480 0
481 0
482 0
483 0
484 0
485 0
486 0
487 0
488 0
489 0
490 0
491 0
492 0
493 0
494 0
495 0
496 0
497 0
498 0
499 0
500 0
501 0
502 0
503 0
504 0
505 0
506 0
507 0
508 0
509 0
510 0
511 0
512 0
513 0
514 0
515 0
516 0
517 0
518 0
519 0
520 0
521 0
522 0
523 0
524 0
525 0
526 0
527 0
528 0
529 0
530 0
531 0
532 0
533 0
534 0
535 0
536 0
537 0
538 0
539 0
540 0
541 0
542 0
543 0
544 0
545 0
546 0
547 0
548 0
549 0
550 0
551 0
552 0
553 0
554 0
555 0
556 0
557 0
558 0
559 0
560 0
561 0
562 0
563 0
564 0
565 0
566 0
567 0
568 0
569 0
570 0
571 0
572 0
573 0
574 0
575 0
576 0
577 0
578 0
579 0
580 0
581 0
582 0
583 0
584 0
585 0
586 0
587 0
588 0
589 0
590 0
591 0
592 0
593 0
594 0
595 0
596 0
597 0
598 0
599 0
600 0
601 0
602 0
603 0
604 0
605 0
606 0
607 0
608 0
609 0
610 0
611 0
612 0
613 0
614 0
615 0
616 0
617 0
618 0
619 0
620 0
621 0
622 0
623 0
624 0
625 0
626 0
627 0
628 0
629 0
630 0
631 0
632 0
633 0
634 0
635 0
636 0
637 0
638 0
639 0
640 0
641 0
642 0
643 0
644 0
645 0
646 0
647 0
648 0
649 0
650 0
651 0
652 0
653 0
654 0
655 0
656 0
657 0
658 0
659 0
660 0
661 0
662 0
663 0
664 0
665 0
666 0
667 0
668 0
669 0
670 0
671 0
672 0
673 0
674 0
675 0
676 0
677 0
678 0
679 0
680 0
681 0
682 0
683 0
684 0
685 0
686 0
687 0
688 0
689 0
690 0
691 0
692 0
693 0
694 0
695 0
696 0
697 0
698 0
699 0
700 0
701 0
702 0
703 0
704 0
705 0
706 0
707 0
708 0
709 0
710 0
711 0
712 0
713 0
714 0
715 0
716 0
717 0
718 0
719 0
720 0
721 0
722 0
723 0
724 0
725 0
726 0
727 0
728 0
729 0
730 0
731 0
732 0
733 0
734 0
735 0
736 0
737 0
738 0
739 0
740 0
741 0
742 0
743 0
744 0
745 0
746 0
747 0
748 0
749 0
750 0
751 0
752 0
753 0
754 0
755 0
756 0
757 0
758 0
759 0
760 0
761 0
762 0
763 0
764 0
765 0
766 0
767 0
768 0
769 0
770 0
771 0
772 0
773 0
774 0
775 0
776 0
777 0
778 0
779 0
780 0
781 0
782 0
783 0
784 0
785 0
786 0
787 0
788 0
789 0
790 0
791 0
792 0
793 0
794 0
795 0
796 0
797 0
798 0
799 0
800 0
801 0
802 0
803 0
804 0
805 0
806 0
807 0
808 0
809 0
810 0
811 0
812 0
813 0
814 0
815 0
816 0
817 0
818 0
819 0
820 0
821 0
822 0
823 0
824 0
825 0
826 0
827 0
828 0
829 0
830 0
831 0
832 0
833 0
834 0
835 0
836 0
837 0
838 0
839 0
840 0
841 0
842 0
843 0
844 0
845 0
846 0
847 0
848 0
849 0
850 0
851 0
852 0
853 0
854 0
855 0
856 0
857 0
858 0
859 0
860 0
861 0
862 0
863 0
864 0
865 0
866 0
867 0
868 0
869 0
870 0
871 0
872 0
873 0
874 0
875 0
876 0
877 0
878 0
879 0
880 0
881 0
882 0
883 0
884 0
885 0
886 0
887 0
888 0
889 0
890 0
891 0
892 0
893 0
894 0
895 0
896 0
897 0
898 0
899 0
900 0
901 0
902 0
903 0
904 0
905 0
906 0
907 0
908 0
909 0
910 0
911 0
912 0
913 0
914 0
915 0
916 0
917 0
918 0
919 0
920 0
921 0
922 0
923 0
924 0
925 0
926 0
927 0
928 0
929 0
930 0
931 0
932 0
933 0
934 0
935 0
936 0
937 0
938 0
939 0
940 0
941 0
942 0
943 0
944 0
945 0
946 0
947 0
948 0
949 0
950 0
951 0
952 0
953 0
954 0
955 0
956 0
957 0
958 0
959 0
960 0
961 0
962 0
963 0
964 0
965 0
966 0
967 0
968 0
969 0
970 0
971 0
972 0
973 0
974 0
975 0
976 0
977 0
978 0
979 0
980 0
981 0
982 0
983 0
984 0
985 0
986 0
987 0
988 0
989 0
990 0
991 0
992 0
993 0
994 0
995 0
996 0
997 0
998 0
999 0
1000 0
1001 0
1002 0
1003 0
1004 0
1005 0
1006 0
1007 0
1008 0
1009 0
1010 0
1011 0
1012 0
1013 0
1014 0
1015 0
1016 0
1017 0
1018 0
1019 0
1020 0
1021 0
1022 0
1023 0
1024 0
1025 0
1026 0
1027 0
1028 0
1029 0
1030 0
1031 0
1032 0
1033 0
1034 0
1035 0
1036 0
1037 0
1038 0
1039 0
1040 0
1041 0
1042 0
1043 0
1044 0
1045 0
1046 0
1047 0
1048 0
1049 0
1050 0
1051 0
1052 0
1053 0
1054 0
1055 0
1056 0
1057 0
1058 0
1059 0
1060 0
1061 0
1062 0
1063 0
1064 0
1065 0
1066 0
1067 0
1068 0
1069 0
1070 0
1071 0
1072 0
1073 0
1074 0
1075 0
1076 0
1077 0
1078 0
1079 0
1080 0
1081 0
1082 0
1083 0
1084 0
1085 0
1086 0
1087 0
1088 0
1089 0
1090 0
1091 0
1092 0
1093 0
1094 0
1095 0
1096 0
1097 0
1098 0
1099 0
1100 0
1101 0
1102 0
1103 0
1104 0
1105 0
1106 0
1107 0
1108 0
1109 0
1110 0
1111 0
1112 0
1113 0
1114 0
1115 0
1116 0
1117 0
1118 0
1119 0
1120 0
1121 0
1122 0
1123 0
1124 0
1125 0
1126 0
1127 0
1128 0
1129 0
1130 0
1131 0
1132 0
1133 0
1134 0
1135 0
1136 0
1137 0
1138 0
1139 0
1140 0
1141 0
1142 0
1143 0
1144 0
1145 0
1146 0
1147 0
1148 0
1149 0
1150 0
1151 0
1152 0
1153 0
1154 0
1155 0
1156 0
1157 0
1158 0
1159 0
1160 0
1161 0
1162 0
1163 0
1164 0
1165 0
1166 0
1167 0
1168 0
1169 0
1170 0
1171 0
1172 0
1173 0
1174 0
1175 0
1176 0
1177 0
1178 0
1179 0
1180 0
1181 0
1182 0
1183 0
1184 0
1185 0
1186 0
1187 0
1188 0
1189 0
1190 0
1191 0
1192 0
1193 0
1194 0
1195 0
1196 0
1197 0
1198 0
1199 0
1200 0
1201 0
1202 0
1203 0
1204 0
1205 0
1206 0
1207 0
1208 0
1209 0
1210 0
1211 0
1212 0
1213 0
1214 0
1215 0
1216 0
1217 0
1218 0
1219 0
1220 0
1221 0
1222 0
1223 0
1224 0
1225 0
1226 0
1227 0
1228 0
1229 0
1230 0
1231 0
1232 0
1233 0
1234 0
1235 0
1236 0
1237 0
1238 0
1239 0
1240 0
1241 0
1242 0
1243 0
1244 0
1245 0
1246 0
1247 0
1248 0
1249 0
1250 0
1251 0
1252 0
1253 0
1254 0
1255 0
1256 0
1257 0
1258 0
1259 0
1260 0
1261 0
1262 0
1263 0
1264 0
1265 0
1266 0
1267 0
1268 0
1269 0
1270 0
1271 0
1272 0
1273 0
1274 0
1275 0
1276 0
1277 0
1278 0
1279 0
1280 0
1281 0
1282 0
1283 0
1284 0
1285 0
1286 0
1287 0
1288 0
1289 0
1290 0
1291 0
1292 0
1293 0
1294 0
1295 0
1296 0
1297 0
1298 0
1299 0
1300 0
1301 0
1302 0
1303 0
1304 0
1305 0
1306 0
1307 0
1308 0
1309 0
1310 0
1311 0
1312 0
1313 0
1314 0
1315 0
1316 0
1317 0
1318 0
1319 0
1320 0
1321 0
1322 0
1323 0
1324 0
1325 0
1326 0
1327 0
1328 0
1329 0
1330 0
1331 0
1332 0
1333 0
1334 0
1335 0
1336 0
1337 0
1338 0
1339 0
1340 0
1341 0
1342 0
1343 0
1344 0
1345 0
1346 0
1347 0
1348 0
1349 0
1350 0
1351 0
1352 0
1353 0
1354 0
1355 0
1356 0
1357 0
1358 0
1359 0
1360 0
1361 0
1362 0
1363 0
1364 0
1365 0
1366 0
1367 0
1368 0
1369 0
1370 0
1371 0
1372 0
1373 0
1374 0
1375 0
1376 0
1377 0
1378 0
1379 0
1380 0
1381 0
1382 0
1383 0
1384 0
1385 0
1386 0
1387 0
1388 0
1389 0
1390 0
1391 0
1392 0
1393 0
1394 0
1395 0
1396 0
1397 0
1398 0
1399 0
1400 0
1401 0
1402 0
1403 0
1404 0
1405 0
1406 0
1407 0
1408 0
1409 0
1410 0
1411 0
1412 0
1413 0
1414 0
1415 0
1416 0
1417 0
1418 0
1419 0
1420 0
1421 0
1422 0
1423 0
1424 0
1425 0
1426 0
1427 0
1428 0
1429 0
1430 0
1431 0
1432 0
1433 0
1434 0
1435 0
1436 0
1437 0
1438 0
1439 0
1440 0
1441 0
1442 0
1443 0
1444 0
1445 0
1446 0
1447 0
1448 0
1449 0
1450 0
1451 0
1452 0
1453 0
1454 0
1455 0
1456 0
1457 0
1458 0
1459 0
1460 0
1461 0
1462 0
1463 0
1464 0
1465 0
1466 0
1467 0
1468 0
1469 0
1470 0
1471 0
1472 0
1473 0
1474 0
1475 0
1476 0
1477 0
1478 0
1479 0
1480 0
1481 0
1482 0
1483 0
1484 0
1485 0
1486 0
1487 0
1488 0
1489 0
1490 0
1491 0
1492 0
1493 0
1494 0
1495 0
1496 0
1497 0
1498 0
1499 0
1500 0
1501 0
1502 0
1503 0
1504 0
1505 0
1506 0
1507 0
1508 0
1509 0
1510 0
1511 0
1512 0
1513 0
1514 0
1515 0
1516 0
1517 0
1518 0
1519 0
1520 0
1521 0
1522 0
1523 0
1524 0
1525 0
1526 0
1527 0
1528 0
1529 0
1530 0
1531 0
1532 0
1533 0
1534 0
1535 0
1536 0
1537 0
1538 0
1539 0
1540 0
1541 0
1542 0
1543 0
1544 0
1545 0
1546 0
1547 0
1548 0
1549 0
1550 0
1551 0
1552 0
1553 0
1554 0
1555 0
1556 0
1557 0
1558 0
1559 0
1560 0
1561 0
1562 0
1563 0
1564 0
1565 0
1566 0
1567 0
1568 0
1569 0
1570 0
1571 0
1572 0
1573 0
1574 0
1575 0
1576 0
1577 0
1578 0
1579 0
1580 0
1581 0
1582 0
1583 0
1584 0
1585 0
1586 0
1587 0
1588 0
1589 0
1590 0
1591 0
1592 0
1593 0
1594 0
1595 0
1596 0
1597 0
1598 0
1599 0
1600 0
1601 0
1602 0
1603 0
1604 0
1605 0
1606 0
1607 0
1608 0
1609 0
1610 0
1611 0
1612 0
1613 0
1614 0
1615 0
1616 0
1617 0
1618 0
1619 0
1620 0
1621 0
1622 0
1623 0
1624 0
1625 0
1626 0
1627 0
1628 0
1629 0
1630 0
1631 0
1632 0
1633 0
1634 0
1635 0
1636 0
1637 0
1638 0
1639 0
1640 0
1641 0
1642 0
1643 0
1644 0
1645 0
1646 0
1647 0
1648 0
1649 0
1650 0
1651 0
1652 0
1653 0
1654 0
1655 0
1656 0
1657 0
1658 0
1659 0
1660 0
1661 0
1662 0
1663 0
1664 0
1665 0
1666 0
1667 0
1668 0
1669 0
1670 0
1671 0
1672 0
1673 0
1674 0
1675 0
1676 0
1677 0
1678 0
1679 0
1680 0
1681 0
1682 0
1683 0
1684 0
1685 0
1686 0
1687 0
1688 0
1689 0
1690 0
1691 0
1692 0
1693 0
1694 0
1695 0
1696 0
1697 0
1698 0
1699 0
1700 0
1701 0
1702 0
1703 0
1704 0
1705 0
1706 0
1707 0
1708 0
1709 0
1710 0
1711 0
1712 0
1713 0
1714 0
1715 0
1716 0
1717 0
1718 0
1719 0
1720 0
1721 0
1722 0
1723 0
1724 0
1725 0
1726 0
1727 0
0 144 0.32057
0 12 -0.08399
0 1 -1.78672
1 145 -0.71356
1 13 1.66462
1 2 0.82774
2 146 0.25526
2 14 0.2019
2 3 0.55128
3 147 -0.78682
3 15 1.05187
3 4 -1.29026
4 148 0.33866
4 16 0.59454
4 5 0.26926
5 149 -0.1845
5 17 0.45594
5 6 -1.15472
6 150 -0.76927
6 18 0.84023
6 7 0.58172
7 151 -1.14088
7 19 0.40395
7 8 -0.88292
8 152 1.53369
8 20 -0.18252
8 9 1.38968
9 153 1.44094
9 21 2.22413
9 10 0.39605
10 154 -0.68804
10 22 1.48115
10 11 -0.9351
11 155 0.21615
11 23 0.93
0 11 -2.37029
12 156 -0.50798
12 24 0.68081
12 13 0.10235
13 157 -0.14301
13 25 0.60541
13 14 -1.74371
14 158 -0.77115
14 26 -1.50696
14 15 -0.61997
15 159 -0.08391
15 27 -0.88767
15 16 -1.94817
16 160 0.06608
16 28 -0.97731
16 17 1.3802
17 161 1.58794
17 29 0.14149
17 18 -2.10424
18 162 -1.27587
18 30 -0.71538
18 19 1.14052
19 163 -1.16771
19 31 0.17563
19 20 0.95455
20 164 -0.45201
20 32 2.02642
20 21 -0.88124
21 165 -0.90558
21 33 -1.41434
21 22 -1.18829
22 166 0.53878
22 34 1.4426
22 23 2.61449
23 167 1.00809
23 35 -1.33907
12 23 0.03781
24 168 -0.50766
24 36 -1.54449
24 25 0.19957
25 169 -0.22918
25 37 1.66138
25 26 -0.15337
26 170 0.25309
26 38 -0.5425
26 27 0.69503
27 171 0.14271
27 39 0.44417
27 28 -0.64079
28 172 0.14893
28 40 -0.26172
28 29 0.99414
29 173 -0.33396
29 41 -0.0973
29 30 -1.00853
30 174 -1.11626
30 42 -0.13216
30 31 0.00997
31 175 0.15747
31 43 -0.25708
31 32 -1.44131
32 176 -0.28187
32 44 2.66731
32 33 0.53941
33 177 -1.45908
33 45 1.01219
33 34 0.57695
34 178 -1.13678
34 46 -1.44701
34 35 0.21473
35 179 -2.19231
35 47 -1.0036
24 35 1.18385
36 180 -0.39142
36 48 -0.90364
36 37 1.06513
37 181 -0.35002
37 49 -0.67036
37 38 0.30527
38 182 -0.63925
38 50 -0.43945
38 39 0.66843
39 183 -1.35527
39 51 0.29626
39 40 -0.41094
40 184 -1.1786
40 52 0.84543
40 41 1.23227
41 185 0.3776
41 53 -0.6234
41 42 1.56912
42 186 0.28331
42 54 -0.21586
42 43 -0.82436
43 187 1.01187
43 55 1.64819
43 44 -0.19113
44 188 0.44935
44 56 -0.7737
44 45 0.15549
45 189 2.08348
45 57 -1.26969
45 46 0.40986
46 190 0.15162
46 58 1.15036
46 47 -0.01315
47 191 -0.72905
47 59 -0.46321
36 47 -0.7728
48 192 -0.63719
48 60 -1.23913
48 49 1.70606
49 193 1.06606
49 61 -1.08579
49 50 -2.09106
50 194 -1.28564
50 62 0.73302
50 51 0.47579
51 195 1.39693
51 63 0.59222
51 52 -0.9185
52 196 0.13992
52 64 0.0364
52 53 -2.20737
53 197 1.50929
53 65 0.90538
53 54 -0.47594
54 198 1.66311
54 66 0.2576
54 55 0.03732
55 199 -0.71682
55 67 0.83533
55 56 1.4139
56 200 0.14158
56 68 0.18391
56 57 0.88051
57 201 -0.69304
57 69 0.47994
57 58 1.2466
58 202 0.66682
58 70 -0.64628
58 59 0.59007
59 203 -0.87459
59 71 -1.30352
48 59 -0.75344
60 204 0.89394
60 72 -0.90402
60 61 -0.34671
61 205 0.52077
61 73 0.01054
61 62 -0.5707
62 206 -0.44823
62 74 0.7173
62 63 -0.8055
63 207 0.66975
63 75 0.78334
63 64 -1.80862
64 208 -0.87346
64 76 0.39127
64 65 0.08012
65 209 -0.4308
65 77 -0.93661
65 66 0.46479
66 210 -0.52309
66 78 -2.01043
66 67 0.7158
67 211 -1.82303
67 79 -0.34927
67 68 1.5606
68 212 -0.1105
68 80 -0.27711
68 69 -0.28599
69 213 0.52197
69 81 -1.1425
69 70 1.86841
70 214 -2.75682
70 82 0.07531
70 71 0.26633
71 215 -0.34226
71 83 -0.75324
60 71 0.21824
72 216 -1.45767
72 84 2.76868
72 73 0.83384
73 217 -0.35158
73 85 -0.28538
73 74 -2.47094
74 218 -1.2128
74 86 0.50032
74 75 -0.21633
75 219 -2.33342
75 87 -0.9247
75 76 -1.41841
76 220 -1.31717
76 88 0.72555
76 77 1.91983
77 221 0.95975
77 89 -0.11763
77 78 0.22054
78 222 0.70014
78 90 -0.44251
78 79 0.71712
79 223 0.00075
79 91 0.69938
79 80 0.99032
80 224 0.721
80 92 1.72343
80 81 -1.073
81 225 0.46774
81 93 1.48522
81 82 -0.38738
82 226 0.17506
82 94 1.04755
82 83 0.18963
83 227 0.36377
83 95 0.46276
72 83 1.01799
84 228 0.71212
84 96 0.01348
84 85 -1.91574
85 229 0.7881
85 97 0.67418
85 86 1.02746
86 230 1.35194
86 98 -0.58629
86 87 0.74086
87 231 -1.56638
87 99 -2.2271
87 88 1.97955
88 232 0.5237
88 100 1.06007
88 89 -0.4346
89 233 -0.50247
89 101 -0.84466
89 90 -0.35504
90 234 -0.68758
90 102 -0.20131
90 91 1.5185
91 235 -0.98589
91 103 1.29165
91 92 -1.00558
92 236 0.88457
92 104 0.28211
92 93 0.01779
93 237 0.53629
93 105 -0.26061
93 94 0.20029
94 238 -1.98932
94 106 -1.15711
94 95 0.63289
95 239 -0.94303
95 107 0.81074
84 95 0.00347
96 240 -0.05314
96 108 -0.06305
96 97 -0.74632
97 241 -0.67883
97 109 -0.75476
97 98 0.00615
98 242 -1.66458
98 110 -1.19762
98 99 0.24961
99 243 1.49397
99 111 -0.44041
99 100 0.33665
100 244 1.09893
100 112 -1.95269
100 101 -0.56282
101 245 1.24736
101 113 -2.69616
101 102 -0.74486
102 246 3.15534
102 114 -0.7561
102 103 0.35268
103 247 -0.42786
103 115 -0.76445
103 104 1.66921
104 248 2.40457
104 116 0.77745
104 105 0.49118
105 249 -0.403
105 117 0.99107
105 106 -0.45139
106 250 -1.24845
106 118 0.89985
106 107 0.06349
107 251 0.38415
107 119 -1.21988
96 107 -0.01386
108 252 -0.62051
108 120 -2.92346
108 109 0.60169
109 253 1.68293
109 121 2.8595
109 110 -0.88831
110 254 -0.32522
110 122 0.63802
110 111 2.53539
111 255 1.50617
111 123 0.64734
111 112 1.62401
112 256 -1.4506
112 124 1.04909
112 113 -1.0006
113 257 1.32618
113 125 1.8497
113 114 -0.92483
114 258 0.09174
114 126 0.26902
114 115 -0.33652
115 259 -1.50519
115 127 1.63725
115 116 -0.82603
116 260 1.38546
116 128 -0.14322
116 117 -0.43369
117 261 1.57747
117 129 -1.05843
117 118 -0.79375
118 262 0.26293
118 130 0.20307
118 119 0.74485
119 263 0.04816
119 131 -0.24728
108 119 -0.66642
120 264 -0.33872
120 132 -1.60998
120 121 1.28129
121 265 1.5607
121 133 -0.49362
121 122 -2.38473
122 266 -2.22038
122 134 -0.41969
122 123 -2.62551
123 267 -0.05453
123 135 -0.97679
123 124 -0.24226
124 268 0.62674
124 136 -1.64531
124 125 -0.4716
125 269 -0.78906
125 137 -1.59009
125 126 0.11672
126 270 -0.66181
126 138 0.99809
126 127 0.38979
127 271 1.48612
127 139 0.24173
127 128 -0.07494
128 272 0.20855
128 140 -0.60631
128 129 0.37425
129 273 -0.79587
129 141 2.36875
129 130 -0.64461
130 274 0.17657
130 142 0.08203
130 131 -0.76235
131 275 1.36763
131 143 2.07445
120 131 -0.21943
132 276 -0.69343
0 132 1.58145
132 133 -0.30593
133 277 -1.4458
1 133 -0.4333
133 134 0.83228
134 278 -1.08469
2 134 0.75244
134 135 0.01479
135 279 1.27961
3 135 0.14935
135 136 -3.37115
136 280 -0.05525
4 136 0.96774
136 137 0.2542
137 281 0.4773
5 137 0.36574
137 138 0.39959
138 282 1.38728
6 138 0.51552
138 139 0.78433
139 283 0.53749
7 139 -0.26279
139 140 1.35039
140 284 0.27196
8 140 -0.73151
140 141 -0.27512
141 285 -0.51657
9 141 0.92658
141 142 1.43844
142 286 0.68242
10 142 0.71827
142 143 0.49175
143 287 -0.25383
11 143 0.25537
132 143 -1.64086
144 288 -0.25448
144 156 0.04197
144 145 0.64218
145 289 1.2303
145 157 0.65908
145 146 0.72854
146 290 -0.92091
146 158 -0.20562
146 147 0.5234
147 291 -0.699
147 159 0.71038
147 148 -1.40573
148 292 -1.09051
148 160 0.06916
148 149 2.01529
149 293 1.24061
149 161 -0.60481
149 150 0.18827
150 294 0.00995
150 162 -1.10592
150 151 0.0371
151 295 -0.30118
151 163 1.02303
151 152 -0.88576
152 296 -0.662
152 164 0.79318
152 153 0.88951
153 297 -0.86708
153 165 2.53065
153 154 -1.06618
154 298 -0.34169
154 166 -0.56948
154 155 0.78554
155 299 -0.52746
155 167 -0.18646
144 155 -0.56231
156 300 -1.46278
156 168 1.01929
156 157 0.79404
157 301 -0.33731
157 169 0.80391
157 158 -2.18207
158 302 -0.01886
158 170 -0.09751
158 159 2.62973
159 303 -0.83727
159 171 -0.41169
159 160 -0.77714
160 304 1.33067
160 172 0.9121
160 161 -1.51033
161 305 1.23054
161 173 -0.64796
161 162 -0.57848
162 306 -0.99801
162 174 1.24055
162 163 0.48302
163 307 -0.82201
163 175 0.94753
163 164 0.49983
164 308 0.2482
164 176 -1.4148
164 165 1.22679
165 309 -1.39187
165 177 1.75258
165 166 1.65748
166 310 1.16687
166 178 -1.62098
166 167 -0.03216
167 311 -0.57885
167 179 0.38838
156 167 0.89448
168 312 -2.1518
168 180 -0.52973
168 169 1.13511
169 313 0.69625
169 181 0.76848
169 170 -0.26253
170 314 1.75337
170 182 -1.038
170 171 0.4811
171 315 -0.11134
171 183 -0.98799
171 172 0.85587
172 316 -1.15843
172 184 1.25744
172 173 -0.85348
173 317 0.64584
173 185 2.32851
173 174 0.10107
174 318 0.45693
174 186 0.45991
174 175 -0.31003
175 319 -0.43958
175 187 -0.07347
175 176 -1.07876
176 320 0.77009
176 188 0.97839
176 177 -0.2825
177 321 0.40362
177 189 -0.03329
177 178 -0.34367
178 322 0.03624
178 190 0.73682
178 179 1.53595
179 323 -0.34711
179 191 0.4531
168 179 -1.03423
180 324 -0.42606
180 192 0.74064
180 181 -0.03052
181 325 2.31049
181 193 1.19024
181 182 -1.57354
182 326 1.78718
182 194 -1.2942
182 183 1.32634
183 327 0.06022
183 195 0.01686
183 184 -0.5553
184 328 -0.39515
184 196 -0.38371
184 185 -0.96988
185 329 0.06927
185 197 0.75238
185 186 -0.57349
186 330 -1.38215
186 198 -0.06708
186 187 0.21707
187 331 -0.76919
187 199 0.75178
187 188 -0.71521
188 332 -1.05057
188 200 0.07326
188 189 -0.32867
189 333 0.9737
189 201 -0.6439
189 190 1.06282
190 334 -0.20566
190 202 0.12618
190 191 -1.29471
191 335 -0.13152
191 203 0.21843
180 191 -1.27009
192 336 -1.9158
192 204 -0.77153
192 193 0.9879
193 337 -1.21671
193 205 -1.22267
193 194 -1.65
194 338 -0.79366
194 206 0.77449
194 195 1.30372
195 339 -0.9533
195 207 0.6647
195 196 0.54961
196 340 0.80166
196 208 0.68827
196 197 -0.34648
197 341 -0.16426
197 209 -0.09931
197 198 0.32639
198 342 -1.4309
198 210 1.21054
198 199 0.24356
199 343 1.13673
199 211 2.20709
199 200 -1.46286
200 344 -1.68162
200 212 -0.83738
200 201 -0.89744
201 345 0.60229
201 213 -0.09681
201 202 -0.36216
202 346 0.8098
202 214 0.60292
202 203 2.30723
203 347 -0.54926
203 215 -0.37668
192 203 2.1679
204 348 0.60651
204 216 0.81009
204 205 0.3274
205 349 0.27573
205 217 -0.92164
205 206 0.7804
206 350 -0.39655
206 218 0.60475
206 207 -1.05744
207 351 -0.77135
207 219 -1.28189
207 208 -0.02133
208 352 1.56307
208 220 -0.95676
208 209 1.21714
209 353 0.86865
209 221 0.31592
209 210 0.90465
210 354 -0.57411
210 222 -0.46422
210 211 0.16578
211 355 -0.03363
211 223 -0.42741
211 212 2.18353
212 356 0.36485
212 224 1.85807
212 213 0.28908
213 357 -1.22161
213 225 -0.84505
213 214 0.46712
214 358 0.42407
214 226 -0.62534
214 215 -0.96719
215 359 0.38268
215 227 0.1276
204 215 1.34551
216 360 -1.69148
216 228 0.54425
216 217 0.06962
217 361 1.55216
217 229 -0.16243
217 218 0.51882
218 362 -0.63196
218 230 -0.02277
218 219 0.78797
219 363 1.13621
219 231 -0.78269
219 220 0.66706
220 364 -0.12833
220 232 -0.0389
220 221 0.79872
221 365 0.09769
221 233 -0.62279
221 222 -1.42978
222 366 0.46216
222 234 -0.50528
222 223 -0.43597
223 367 -0.53056
223 235 2.132
223 224 -0.93312
224 368 0.87805
224 236 -0.44227
224 225 0.495
225 369 -1.35726
225 237 0.34932
225 226 2.6312
226 370 0.26037
226 238 -0.19607
226 227 -0.75447
227 371 1.59377
227 239 -0.86233
216 227 1.08354
228 372 1.05903
228 240 0.66553
228 229 0.13656
229 373 -0.62881
229 241 0.67898
229 230 1.75891
230 374 2.52185
230 242 0.62047
230 231 1.97091
231 375 1.27493
231 243 -1.78462
231 232 -0.67778
232 376 2.24708
232 244 0.53011
232 233 0.81275
233 377 0.86844
233 245 -0.24239
233 234 -0.21517
234 378 -1.62176
234 246 0.18084
234 235 1.09117
235 379 -1.74991
235 247 -0.70476
235 236 2.47029
236 380 -0.56646
236 248 0.53077
236 237 -1.21286
237 381 0.6266
237 249 0.32218
237 238 -1.72474
238 382 -0.43316
238 250 1.3787
238 239 -0.57741
239 383 -1.45614
239 251 0.92535
228 239 -0.86784
240 384 1.28007
240 252 -0.3551
240 241 -0.29329
241 385 0.34067
241 253 -0.69894
241 242 -0.24298
242 386 1.35709
242 254 -1.58477
242 243 1.07593
243 387 1.55231
243 255 0.38991
243 244 1.26884
244 388 0.81544
244 256 0.24811
244 245 -0.75871
245 389 0.91009
245 257 -0.3
245 246 -1.47785
246 390 -1.11375
246 258 1.20195
246 247 -2.49808
247 391 -0.4725
247 259 0.08796
247 248 -0.28536
248 392 0.31142
248 260 -0.57373
248 249 0.08541
249 393 1.74079
249 261 -1.0245
249 250 -0.44852
250 394 -0.24585
250 262 -0.11721
250 251 -0.86045
251 395 -0.35009
251 263 0.30799
240 251 0.28269
252 396 0.52621
252 264 -0.96031
252 253 1.95286
253 397 -0.94723
253 265 -2.04773
253 254 -1.79292
254 398 0.94545
254 266 1.18971
254 255 0.47068
255 399 -0.32329
255 267 -1.63836
255 256 0.64763
256 400 -1.56929
256 268 -1.0222
256 257 -0.26148
257 401 -0.30859
257 269 -0.00489
257 258 1.81685
258 402 0.31189
258 270 -0.00368
258 259 0.24603
259 403 -0.62256
259 271 1.38828
259 260 -0.85397
260 404 -0.00499
260 272 0.95262
260 261 0.27357
261 405 0.82948
261 273 0.01198
261 262 -0.46426
262 406 -0.03772
262 274 -1.84688
262 263 0.22678
263 407 0.5305
263 275 1.35361
252 263 -0.65317
264 408 0.53329
264 276 -0.18527
264 265 -1.8559
265 409 1.22046
265 277 0.58799
265 266 1.24128
266 410 -0.92579
266 278 0.19176
266 267 1.43293
267 411 0.24973
267 279 -0.13586
267 268 1.55303
268 412 1.99079
268 280 -0.31503
268 269 -0.80473
269 413 0.62011
269 281 -0.64836
269 270 0.46909
270 414 -0.78353
270 282 -0.2869
270 271 -0.04904
271 415 -0.07345
271 283 -0.56253
271 272 0.72351
272 416 -0.14825
272 284 1.20729
272 273 -0.2625
273 417 -0.95828
273 285 -0.09836
273 274 -0.98605
274 418 0.52556
274 286 0.16869
274 275 0.3046
275 419 1.01691
275 287 0.06311
264 275 -0.38866
276 420 -1.092
144 276 -0.05809
276 277 1.77099
277 421 0.24408
145 277 -2.14574
277 278 0.18674
278 422 0.21475
146 278 -0.71358
278 279 0.55038
279 423 0.48656
147 279 -0.78475
279 280 0.68832
280 424 0.5126
148 280 -1.02213
280 281 -1.14784
281 425 -1.77805
149 281 -0.95187
281 282 0.7078
282 426 0.86627
150 282 0.33859
282 283 -1.66061
283 427 0.84094
151 283 -1.54141
283 284 -0.09221
284 428 0.01996
152 284 1.33454
284 285 -0.45033
285 429 1.5783
153 285 -1.68162
285 286 -1.02524
286 430 -0.39963
154 286 0.94918
286 287 -2.04458
287 431 0.46371
155 287 -0.6829
276 287 -0.26337
288 432 1.41375
288 300 -0.46765
288 289 2.05231
289 433 0.79245
289 301 -0.57415
289 290 0.07443
290 434 -0.76607
290 302 -0.10652
290 291 0.18126
291 435 1.68212
291 303 -0.39316
291 292 -0.30645
292 436 0.04991
292 304 -0.88088
292 293 -0.0048
293 437 0.2967
293 305 -0.20462
293 294 1.95359
294 438 -0.75014
294 306 0.43699
294 295 0.29682
295 439 -0.65184
295 307 0.40501
295 296 -1.39348
296 440 -0.64115
296 308 2.11815
296 297 0.18339
297 441 0.37573
297 309 0.57643
297 298 2.06596
298 442 2.21727
298 310 -1.81961
298 299 1.05903
299 443 0.25027
299 311 -0.99747
288 299 -0.08
300 444 0.71501
300 312 1.0794
300 301 -1.18937
301 445 -0.38205
301 313 1.16148
301 302 -1.50495
302 446 0.06259
302 314 -0.39744
302 303 0.49331
303 447 0.77456
303 315 -1.372
303 304 -0.83837
304 448 0.84081
304 316 -0.28142
304 305 2.238
305 449 -1.11679
305 317 -0.26662
305 306 -0.51814
306 450 0.1216
306 318 0.31927
306 307 1.71768
307 451 1.21692
307 319 1.35096
307 308 2.29666
308 452 -0.68451
308 320 0.21354
308 309 0.68442
309 453 1.09738
309 321 0.27524
309 310 2.21812
310 454 0.53013
310 322 -0.27495
310 311 -0.04079
311 455 0.94195
311 323 0.78004
300 311 0.78555
312 456 -1.19263
312 324 0.70185
312 313 1.17615
313 457 1.12141
313 325 2.18128
313 314 0.89413
314 458 0.51867
314 326 0.447
314 315 0.71602
315 459 -1.67071
315 327 -0.00888
315 316 0.66377
316 460 -0.45004
316 328 0.10446
316 317 -0.06959
317 461 -0.88476
317 329 0.86217
317 318 1.63987
318 462 -1.70968
318 330 -1.38134
318 319 1.80589
319 463 -0.95286
319 331 -0.56808
319 320 -1.37353
320 464 1.19832
320 332 0.72965
320 321 -1.08446
321 465 1.5032
321 333 0.72118
321 322 -1.50147
322 466 -0.07004
322 334 -0.23663
322 323 0.01088
323 467 -0.47694
323 335 -0.35698
312 323 -0.33188
324 468 -0.28934
324 336 -0.08057
324 325 -0.02854
325 469 -0.24547
325 337 0.47652
325 326 -1.57295
326 470 -0.50015
326 338 -0.2716
326 327 0.52189
327 471 -1.06255
327 339 -2.15667
327 328 0.15667
328 472 -0.83865
328 340 1.649
328 329 0.61881
329 473 -0.11303
329 341 0.87633
329 330 -0.50267
330 474 0.5387
330 342 -0.24762
330 331 -1.41651
331 475 -1.66943
331 343 -1.57413
331 332 0.11055
332 476 -0.44274
332 344 1.2112
332 333 0.74591
333 477 -0.45595
333 345 -0.55616
333 334 1.02472
334 478 -0.54277
334 346 -1.47432
334 335 -0.05972
335 479 0.02361
335 347 -0.52347
324 335 2.41417
336 480 -0.6728
336 348 0.71942
336 337 -0.37845
337 481 0.49764
337 349 0.15159
337 338 1.41656
338 482 -0.41922
338 350 0.82984
338 339 0.89691
339 483 0.45484
339 351 -1.41318
339 340 0.71097
340 484 1.39179
340 352 0.23306
340 341 0.76906
341 485 1.01815
341 353 -0.09395
341 342 0.67021
342 486 0.5019
342 354 1.70024
342 343 1.9365
343 487 -0.06007
343 355 -0.56198
343 344 2.17979
344 488 1.8838
344 356 0.13737
344 345 1.65124
345 489 -0.29849
345 357 -0.19671
345 346 -0.57751
346 490 -0.8347
346 358 -0.32786
346 347 -0.08631
347 491 0.62931
347 359 0.20664
336 347 -0.90379
348 492 -2.31489
348 360 0.98258
348 349 -0.2257
349 493 0.73087
349 361 0.36931
349 350 0.51002
350 494 0.58287
350 362 0.17709
350 351 0.24736
351 495 -1.15332
351 363 0.6873
351 352 -0.69003
352 496 -0.64218
352 364 -0.77876
352 353 -0.16963
353 497 -0.93721
353 365 0.10508
353 354 0.16392
354 498 -0.15719
354 366 -0.71
354 355 0.30828
355 499 0.33786
355 367 1.63371
355 356 0.69673
356 500 -1.10447
356 368 -1.01669
356 357 0.38954
357 501 0.26517
357 369 -0.85673
357 358 0.42119
358 502 0.3324
358 370 1.22505
358 359 0.5822
359 503 -0.94304
359 371 1.2327
348 359 -0.85616
360 504 0.48851
360 372 -1.06927
360 361 0.29876
361 505 0.97106
361 373 0.80646
361 362 -0.97896
362 506 -1.18362
362 374 0.48727
362 363 0.67271
363 507 -0.33928
363 375 -1.21837
363 364 0.36185
364 508 -0.33121
364 376 -0.65783
364 365 0.25026
365 509 -0.39805
365 377 0.62878
365 366 -0.06848
366 510 0.12078
366 378 -0.38004
366 367 0.95845
367 511 0.34172
367 379 0.65104
367 368 -2.03498
368 512 1.74066
368 380 -0.64828
368 369 -1.59415
369 513 -0.18786
369 381 0.30781
369 370 -0.70936
370 514 -0.02675
370 382 -0.70051
370 371 -0.61612
371 515 0.81953
371 383 -1.23469
360 371 -0.12927
372 516 -0.32797
372 384 -0.38862
372 373 -0.56423
373 517 1.24507
373 385 0.12787
373 374 1.20019
374 518 -0.76134
374 386 1.13417
374 375 -0.04247
375 519 -0.68539
375 387 -2.21921
375 376 1.21309
376 520 2.97226
376 388 -0.14433
376 377 1.39567
377 521 -0.44179
377 389 2.03604
377 378 -2.04699
378 522 0.23227
378 390 -1.65571
378 379 1.67838
379 523 0.18839
379 391 1.1708
379 380 0.28219
380 524 0.26998
380 392 0.68052
380 381 -0.57745
381 525 0.26727
381 393 -0.16297
381 382 -0.18387
382 526 0.01939
382 394 0.30615
382 383 0.55142
383 527 1.03603
383 395 0.5577
372 383 1.69385
384 528 -0.68616
384 396 -1.10049
384 385 -2.40396
385 529 0.97882
385 397 1.48127
385 386 -0.67716
386 530 -0.45285
386 398 -1.41212
386 387 0.49179
387 531 1.04235
387 399 0.56717
387 388 0.32889
388 532 -1.60757
388 400 0.27907
388 389 -0.97243
389 533 -1.01526
389 401 -0.2979
389 390 -0.08098
390 534 0.54802
390 402 -0.43429
390 391 -1.77046
391 535 -0.16153
391 403 -0.34559
391 392 -0.59447
392 536 0.75069
392 404 0.6098
392 393 0.99027
393 537 -0.28974
393 405 0.54478
393 394 2.01387
394 538 1.15816
394 406 -2.10904
394 395 -0.29742
395 539 -0.99987
395 407 0.23606
384 395 1.18789
396 540 -0.10425
396 408 -0.22196
396 397 -0.25021
397 541 -0.80576
397 409 0.27895
397 398 2.09068
398 542 -0.35434
398 410 0.29429
398 399 -0.24115
399 543 -0.62336
399 411 0.93376
399 400 -0.16305
400 544 -1.16386
400 412 0.0537
400 401 -1.52255
401 545 -1.3131
401 413 -1.27275
401 402 1.44657
402 546 0.34312
402 414 -0.10333
402 403 -0.54919
403 547 0.06529
403 415 -0.38866
403 404 0.2163
404 548 -0.07274
404 416 -1.08385
404 405 -0.35704
405 549 0.10301
405 417 0.16268
405 406 -0.75591
406 550 0.29085
406 418 -0.86504
406 407 -0.4665
407 551 -0.33313
407 419 -0.40803
396 407 1.08857
408 552 0.50707
408 420 1.06035
408 409 0.98914
409 553 -0.04248
409 421 -0.12536
409 410 -1.75576
410 554 0.59653
410 422 0.39097
410 411 0.51847
411 555 1.3939
411 423 0.37997
411 412 0.8816
412 556 -1.17896
412 424 0.89786
412 413 0.47528
413 557 -0.48131
413 425 0.26661
413 414 -0.37714
414 558 -0.16415
414 426 -1.10405
414 415 -0.82682
415 559 1.24075
415 427 0.28543
415 416 0.17238
416 560 0.27342
416 428 -1.87283
416 417 -2.15035
417 561 -0.54052
417 429 -0.04695
417 418 1.70027
418 562 -1.74445
418 430 1.74877
418 419 1.16059
419 563 -0.06454
419 431 -0.07749
408 419 -0.308
420 564 -1.53166
288 420 -0.17062
420 421 -0.27908
421 565 -1.02025
289 421 1.52313
421 422 1.51422
422 566 1.81199
290 422 0.60825
422 423 -0.50526
423 567 -1.06862
291 423 -2.09934
423 424 1.7908
424 568 0.68975
292 424 0.50764
424 425 0.61282
425 569 -0.50344
293 425 -0.53137
425 426 1.07155
426 570 -0.38186
294 426 -1.37314
426 427 1.34667
427 571 -0.2421
295 427 2.23825
427 428 -0.36877
428 572 0.18346
296 428 1.06577
428 429 -0.16602
429 573 1.42004
297 429 0.26097
429 430 -0.90241
430 574 0.31701
298 430 -1.48168
430 431 -0.27524
431 575 -0.66393
299 431 -0.50592
420 431 -0.05821
432 576 -1.91969
432 444 0.11752
432 433 -0.98234
433 577 -0.6437
433 445 -0.0065
433 434 -3.36999
434 578 1.01337
434 446 -0.59059
434 435 0.58651
435 579 1.05336
435 447 1.52148
435 436 0.93071
436 580 -0.98219
436 448 -0.38161
436 437 -0.57439
437 581 0.50248
437 449 -0.11852
437 438 0.76439
438 582 0.85369
438 450 -1.42629
438 439 -0.44588
439 583 -1.29863
439 451 1.1578
439 440 -0.33953
440 584 1.79111
440 452 1.0399
440 441 0.91779
441 585 -0.23567
441 453 -0.44754
441 442 0.47244
442 586 -0.67017
442 454 -0.86134
442 443 0.10227
443 587 1.07814
443 455 0.76155
432 443 -0.96636
444 588 -0.77264
444 456 0.5778
444 445 -0.50636
445 589 -0.05818
445 457 -1.33619
445 446 0.7537
446 590 1.57207
446 458 0.79391
446 447 -1.43824
447 591 -2.54756
447 459 1.09004
447 448 -1.0699
448 592 -1.12918
448 460 0.68192
448 449 0.23581
449 593 -0.35454
449 461 -0.95813
449 450 1.14667
450 594 0.05512
450 462 0.54127
450 451 -0.66911
451 595 1.99887
451 463 0.17816
451 452 -0.20951
452 596 -0.15439
452 464 -0.34436
452 453 -0.51622
453 597 -0.99925
453 465 0.18463
453 454 -0.18065
454 598 0.00238
454 466 0.08237
454 455 -1.66589
455 599 -0.43291
455 467 -0.57653
444 455 0.12566
456 600 -0.91682
456 468 -0.57384
456 457 1.67305
457 601 -0.09577
457 469 -0.00179
457 458 -0.41393
458 602 -0.90746
458 470 1.25572
458 459 0.37253
459 603 -0.11892
459 471 -0.15623
459 460 -0.68905
460 604 0.99858
460 472 0.73851
460 461 0.35001
461 605 0.37371
461 473 0.38386
461 462 -0.2382
462 606 0.2564
462 474 -0.07702
462 463 0.06103
463 607 -0.94427
463 475 -0.69766
463 464 -0.01359
464 608 0.40453
464 476 0.536
464 465 0.54173
465 609 -0.86279
465 477 -0.897
465 466 -1.15189
466 610 -1.57564
466 478 -0.47205
466 467 0.81822
467 611 -0.786
467 479 0.25902
456 467 -1.28657
468 612 0.44994
468 480 -0.28008
468 469 0.35648
469 613 0.65431
469 481 -1.37552
469 470 1.06843
470 614 -1.08359
470 482 0.85359
470 471 1.23107
471 615 0.56667
471 483 0.96012
471 472 -2.32308
472 616 0.04535
472 484 1.07251
472 473 -0.48634
473 617 0.87249
473 485 -1.19373
473 474 -2.1445
474 618 0.28915
474 486 -0.02425
474 475 0.47671
475 619 0.83834
475 487 0.04938
475 476 1.45516
476 620 -0.28974
476 488 -1.62611
476 477 0.19822
477 621 1.4997
477 489 1.16662
477 478 0.04893
478 622 -0.60616
478 490 1.07121
478 479 -1.1927
479 623 -1.02204
479 491 0.59478
468 479 0.4129
480 624 -0.02334
480 492 0.17479
480 481 -0.35271
481 625 1.91611
481 493 1.63794
481 482 0.82052
482 626 0.30965
482 494 0.79392
482 483 1.66315
483 627 0.9113
483 495 2.2668
483 484 0.61289
484 628 -0.52448
484 496 -1.02803
484 485 0.84714
485 629 -0.43644
485 497 -0.4821
485 486 1.7821
486 630 -0.23394
486 498 0.74586
486 487 -1.78735
487 631 -0.28021
487 499 -0.61895
487 488 -1.01914
488 632 -1.05882
488 500 -0.0873
488 489 -0.17014
489 633 -1.44111
489 501 -0.3189
489 490 -1.2436
490 634 -0.4346
490 502 0.65345
490 491 0.25417
491 635 -1.13968
491 503 1.04636
480 491 -2.29065
492 636 -1.05227
492 504 0.09502
492 493 -0.6175
493 637 -1.14985
493 505 1.13878
493 494 1.77073
494 638 -1.95375
494 506 0.21379
494 495 0.6374
495 639 -0.94609
495 507 0.7396
495 496 1.7398
496 640 1.745
496 508 -1.45855
496 497 0.46261
497 641 -0.03214
497 509 1.27124
497 498 0.48414
498 642 0.13261
498 510 0.68007
498 499 0.00703
499 643 0.94477
499 511 -0.5623
499 500 0.67447
500 644 -1.42323
500 512 -0.34973
500 501 -2.23822
501 645 -0.47138
501 513 -1.15622
501 502 -0.19285
502 646 0.48844
502 514 1.59341
502 503 1.73262
503 647 -1.76787
503 515 1.41842
492 503 0.78287
504 648 0.66597
504 516 1.53942
504 505 -1.75437
505 649 -0.50331
505 517 -1.21075
505 506 0.11763
506 650 0.61116
506 518 -0.17707
506 507 0.89975
507 651 0.67124
507 519 0.71196
507 508 -0.6193
508 652 -1.31374
508 520 0.15995
508 509 4.09028
509 653 1.07186
509 521 0.12381
509 510 1.72217
510 654 -0.95135
510 522 0.19282
510 511 -0.60807
511 655 -0.91618
511 523 -0.45276
511 512 -0.92611
512 656 0.13744
512 524 -0.82045
512 513 0.21861
513 657 -0.77356
513 525 -0.45693
513 514 -0.69442
514 658 -0.09579
514 526 -1.2012
514 515 1.51493
515 659 -1.0227
515 527 -0.29358
504 515 -0.23436
516 660 0.08408
516 528 1.70167
516 517 1.447
517 661 -0.98867
517 529 -0.34697
517 518 0.76701
518 662 1.0116
518 530 -0.03813
518 519 -0.7968
519 663 0.00294
519 531 0.69703
519 520 -1.55203
520 664 0.17402
520 532 -1.70375
520 521 1.55528
521 665 0.7119
521 533 0.44952
521 522 -1.81666
522 666 -0.87867
522 534 -0.53876
522 523 0.44152
523 667 0.34237
523 535 2.03368
523 524 -0.65703
524 668 -0.83393
524 536 2.06546
524 525 0.37996
525 669 1.04535
525 537 -0.80698
525 526 0.58417
526 670 -1.69246
526 538 -0.8384
526 527 0.75695
527 671 -2.10479
527 539 1.47466
516 527 0.19336
528 672 0.73081
528 540 1.25242
528 529 -0.36352
529 673 1.42856
529 541 0.09457
529 530 1.40782
530 674 -0.40448
530 542 0.66095
530 531 0.37698
531 675 2.021
531 543 -1.32418
531 532 -0.89223
532 676 -0.86777
532 544 -0.12455
532 533 -0.30437
533 677 0.90349
533 545 0.02756
533 534 0.50398
534 678 -0.26713
534 546 -0.98519
534 535 0.36781
535 679 -0.96583
535 547 0.28565
535 536 -1.5617
536 680 -0.83783
536 548 -0.68747
536 537 -0.40248
537 681 1.45369
537 549 -1.17449
537 538 -0.30284
538 682 -0.17601
538 550 0.41298
538 539 -1.18969
539 683 -1.5596
539 551 0.58613
528 539 -0.7042
540 684 0.13822
540 552 0.60099
540 541 0.36075
541 685 -1.55922
541 553 1.35246
541 542 0.00775
542 686 0.09251
542 554 -0.7186
542 543 0.31408
543 687 -0.04049
543 555 0.49297
543 544 0.67069
544 688 1.02718
544 556 0.67943
544 545 1.87705
545 689 0.17481
545 557 -0.42321
545 546 0.17252
546 690 0.88828
546 558 -0.63212
546 547 -0.32238
547 691 -0.07724
547 559 -1.4551
547 548 0.44442
548 692 -1.14689
548 560 0.71481
548 549 0.51551
549 693 1.03985
549 561 -0.11455
549 550 0.98996
550 694 -0.23484
550 562 -0.35315
550 551 -1.52981
551 695 1.40251
551 563 -0.86173
540 551 1.05311
552 696 -1.22819
552 564 -0.80453
552 553 -1.87734
553 697 -0.22957
553 565 0.56249
553 554 0.36537
554 698 1.07887
554 566 -1.80925
554 555 0.63086
555 699 -0.41431
555 567 -2.09649
555 556 -0.13039
556 700 0.53775
556 568 -0.50867
556 557 0.20811
557 701 -0.04099
557 569 1.1576
557 558 -1.10055
558 702 1.1801
558 570 -0.05405
558 559 2.08352
559 703 -0.32325
559 571 0.51267
559 560 -0.31177
560 704 0.33735
560 572 -1.68539
560 561 -1.49526
561 705 -0.63962
561 573 1.45134
561 562 -0.40615
562 706 0.03136
562 574 -0.39557
562 563 -0.05803
563 707 1.17371
563 575 -0.43464
552 563 1.87725
564 708 0.35187
432 564 0.37693
564 565 -0.99925
565 709 0.70783
433 565 1.00231
565 566 0.57538
566 710 1.94596
434 566 0.17756
566 567 0.62306
567 711 0.80419
435 567 -1.10621
567 568 -0.09945
568 712 0.58662
436 568 0.25461
568 569 0.73152
569 713 -1.90995
437 569 -0.31315
569 570 -1.37493
570 714 1.0242
438 570 -0.64677
570 571 -1.262
571 715 0.35158
439 571 -0.20274
571 572 -1.24597
572 716 2.27901
440 572 -0.07077
572 573 0.71843
573 717 1.39924
441 573 -0.54607
573 574 1.52566
574 718 -0.98268
442 574 -0.35872
574 575 -0.17367
575 719 0.16943
443 575 2.57796
564 575 -0.793
576 720 -0.3229
576 588 -0.18414
576 577 -0.63212
577 721 0.66141
577 589 1.71175
577 578 -0.8101
578 722 0.83099
578 590 0.79549
578 579 0.59502
579 723 2.01232
579 591 -0.2361
579 580 -2.29083
580 724 -1.77705
580 592 -0.46701
580 581 0.64307
581 725 1.51251
581 593 1.68198
581 582 -0.7434
582 726 -0.89398
582 594 1.23831
582 583 1.48747
583 727 0.82039
583 595 0.46248
583 584 -1.06105
584 728 0.66167
584 596 -0.90074
584 585 0.02894
585 729 -1.13734
585 597 -0.81243
585 586 1.68709
586 730 0.76564
586 598 2.02637
586 587 0.30229
587 731 2.11222
587 599 -0.9381
576 587 -0.61834
588 732 -0.4759
588 600 -0.154
588 589 0.38688
589 733 -0.73969
589 601 -0.312
589 590 0.48877
590 734 -0.31924
590 602 -1.98231
590 591 -1.20177
591 735 -0.07224
591 603 0.48432
591 592 1.30449
592 736 -0.02855
592 604 -0.00835
592 593 -0.30348
593 737 0.56977
593 605 -0.56827
593 594 1.95063
594 738 0.20276
594 606 1.32917
594 595 -0.64412
595 739 0.51037
595 607 0.9187
595 596 0.86355
596 740 1.70845
596 608 -0.21684
596 597 -1.07278
597 741 0.52537
597 609 0.78888
597 598 -3.03773
598 742 0.4671
598 610 1.77927
598 599 -1.78682
599 743 -2.38443
599 611 -0.82346
588 599 1.16859
600 744 0.88327
600 612 -0.09011
600 601 -0.56733
601 745 -1.55535
601 613 0.69434
601 602 0.10458
602 746 0.96432
602 614 -0.46703
602 603 -0.06892
603 747 1.5756
603 615 0.56631
603 604 0.22637
604 748 -0.06229
604 616 -0.22591
604 605 1.23396
605 749 -0.18037
605 617 -0.75498
605 606 1.73723
606 750 -0.11978
606 618 -0.4969
606 607 -2.25884
607 751 -1.55199
607 619 -2.26171
607 608 -0.00233
608 752 0.66888
608 620 -0.99244
608 609 0.48811
609 753 0.07342
609 621 1.11603
609 610 -1.37432
610 754 -0.77
610 622 0.03539
610 611 0.21841
611 755 2.29836
611 623 -0.90019
600 611 1.71575
612 756 0.7353
612 624 -1.35629
612 613 0.79908
613 757 0.81707
613 625 0.06985
613 614 1.80114
614 758 1.03037
614 626 0.05117
614 615 1.07137
615 759 -1.0171
615 627 0.16604
615 616 1.59479
616 760 -0.92659
616 628 0.249
616 617 0.49466
617 761 0.89348
617 629 0.17494
617 618 -0.61152
618 762 -1.09581
618 630 -0.77671
618 619 0.34545
619 763 -1.29181
619 631 0.15283
619 620 -0.864
620 764 -1.2656
620 632 0.26683
620 621 0.77641
621 765 0.32937
621 633 0.60688
621 622 -0.45839
622 766 -1.26276
622 634 1.27568
622 623 -0.56221
623 767 -1.17702
623 635 0.40584
612 623 -0.71474
624 768 -0.11143
624 636 -0.04702
624 625 -0.96884
625 769 0.22388
625 637 2.69697
625 626 0.56781
626 770 -0.17712
626 638 -0.76575
626 627 -1.38409
627 771 1.40477
627 639 -0.41994
627 628 0.85917
628 772 0.50943
628 640 -1.10083
628 629 0.07262
629 773 2.16018
629 641 -0.01949
629 630 0.09343
630 774 -0.79812
630 642 -0.37798
630 631 0.35691
631 775 -1.15094
631 643 -0.59384
631 632 -0.15096
632 776 -0.00458
632 644 0.52753
632 633 -1.32671
633 777 0.1907
633 645 -1.07698
633 634 -0.52693
634 778 -2.02118
634 646 -0.60731
634 635 0.49339
635 779 0.5405
635 647 -0.2865
624 635 -0.35957
636 780 -0.41093
636 648 0.49815
636 637 0.21745
637 781 0.4644
637 649 0.83955
637 638 -0.16776
638 782 2.30146
638 650 -1.39737
638 639 -0.07349
639 783 1.70419
639 651 1.32057
639 640 -0.22589
640 784 2.61656
640 652 0.2779
640 641 -0.27204
641 785 -0.16314
641 653 -0.4739
641 642 0.46922
642 786 -1.51028
642 654 -0.70819
642 643 0.96063
643 787 0.65688
643 655 -0.81795
643 644 -2.64566
644 788 0.62564
644 656 0.10434
644 645 0.91101
645 789 1.98464
645 657 -2.99439
645 646 1.24416
646 790 0.63096
646 658 0.27857
646 647 -0.20835
647 791 -0.98196
647 659 -0.6449
636 647 0.52874
648 792 -0.34282
648 660 -0.91825
648 649 1.13329
649 793 2.89505
649 661 -0.31544
649 650 -0.01356
650 794 -0.27952
650 662 -0.14974
650 651 -0.8086
651 795 -0.95481
651 663 -0.72899
651 652 0.19643
652 796 -1.70271
652 664 1.57444
652 653 -1.89456
653 797 -0.85467
653 665 -0.44047
653 654 0.56352
654 798 1.2656
654 666 -1.55276
654 655 -1.05555
655 799 -0.31636
655 667 -1.0298
655 656 1.09056
656 800 -0.82417
656 668 -0.42146
656 657 -1.30397
657 801 0.83718
657 669 0.38703
657 658 0.04849
658 802 1.40043
658 670 0.09878
658 659 -0.35276
659 803 -0.95081
659 671 0.94441
648 659 1.64584
660 804 -0.92199
660 672 0.60158
660 661 -1.30422
661 805 1.44773
661 673 1.22018
661 662 -0.75977
662 806 1.2987
662 674 -0.42013
662 663 -0.37683
663 807 0.49329
663 675 0.74667
663 664 0.23449
664 808 0.69387
664 676 1.03366
664 665 -1.47495
665 809 -0.94623
665 677 -1.23409
665 666 0.24134
666 810 -0.11945
666 678 1.27082
666 667 0.1837
667 811 0.24126
667 679 -1.04919
667 668 -2.18027
668 812 -0.51351
668 680 -1.65413
668 669 0.16041
669 813 -1.22632
669 681 0.7729
669 670 0.90874
670 814 0.26016
670 682 1.51177
670 671 0.33623
671 815 0.45778
671 683 0.5162
660 671 -0.4137
672 816 -0.66995
672 684 0.17967
672 673 -1.0646
673 817 -0.45069
673 685 -0.77469
673 674 -1.54814
674 818 -1.3595
674 686 -0.63746
674 675 -0.60701
675 819 0.53347
675 687 -0.18733
675 676 -0.13194
676 820 1.14099
676 688 0.67979
676 677 -0.63842
677 821 1.13434
677 689 -0.11309
677 678 1.5251
678 822 0.64651
678 690 1.03218
678 679 -0.77388
679 823 0.47949
679 691 0.12588
679 680 1.30407
680 824 1.10244
680 692 -0.14073
680 681 -1.0682
681 825 2.96215
681 693 -0.28235
681 682 0.04029
682 826 -0.46533
682 694 -0.22661
682 683 -1.03373
683 827 1.41776
683 695 -0.46962
672 683 1.47072
684 828 0.14543
684 696 -0.05546
684 685 -1.06002
685 829 -1.47673
685 697 -1.09592
685 686 0.08954
686 830 -0.70688
686 698 0.39382
686 687 -0.69266
687 831 0.81443
687 699 -0.01475
687 688 -0.08503
688 832 -0.37834
688 700 0.26501
688 689 -0.11302
689 833 -1.0315
689 701 -1.19836
689 690 0.72356
690 834 0.93876
690 702 0.56144
690 691 0.45006
691 835 -0.5676
691 703 -0.24039
691 692 -1.8948
692 836 -1.68527
692 704 0.3191
692 693 -0.68666
693 837 1.46909
693 705 2.13326
693 694 0.92491
694 838 0.76035
694 706 -0.18826
694 695 1.46432
695 839 -0.3318
695 707 -0.02819
684 695 -1.18223
696 840 1.21718
696 708 1.68036
696 697 0.09883
697 841 1.81924
697 709 -0.28281
697 698 -0.98904
698 842 -0.15772
698 710 -0.92729
698 699 2.17209
699 843 0.02119
699 711 0.49826
699 700 -1.36094
700 844 0.64918
700 712 0.22329
700 701 -1.78507
701 845 -0.38423
701 713 1.14901
701 702 -1.05663
702 846 1.53759
702 714 -0.00342
702 703 0.5925
703 847 -0.42945
703 715 -2.16973
703 704 0.72521
704 848 -0.97988
704 716 0.47793
704 705 0.93329
705 849 1.23661
705 717 -0.70829
705 706 0.40486
706 850 -1.20087
706 718 -0.48827
706 707 -0.56671
707 851 0.00209
707 719 1.66268
696 707 0.91085
708 852 -0.84685
576 708 -0.01959
708 709 -0.48631
709 853 -0.1816
577 709 1.43565
709 710 0.36522
710 854 1.62595
578 710 0.67297
710 711 -0.38709
711 855 -0.12195
579 711 1.04303
711 712 0.29566
712 856 0.0519
580 712 0.24738
712 713 0.62779
713 857 -0.10116
581 713 -0.54987
713 714 0.82245
714 858 -1.03173
582 714 0.6916
714 715 0.59178
715 859 -0.80616
583 715 0.60379
715 716 -0.59534
716 860 -1.60384
584 716 0.45145
716 717 -0.10912
717 861 -0.41178
585 717 0.46444
717 718 -0.04679
718 862 0.01322
586 718 0.51671
718 719 1.56737
719 863 0.15817
587 719 1.13198
708 719 -0.45038
720 864 0.92788
720 732 1.74258
720 721 0.21077
721 865 0.02822
721 733 1.27223
721 722 -0.61763
722 866 2.34792
722 734 -0.62952
722 723 -0.84918
723 867 -0.73135
723 735 0.92959
723 724 -0.9146
724 868 1.7478
724 736 1.37164
724 725 0.95082
725 869 1.07453
725 737 -0.94693
725 726 -0.32872
726 870 0.662
726 738 0.08042
726 727 -0.33032
727 871 -0.56012
727 739 -0.70351
727 728 0.87639
728 872 0.78817
728 740 0.50871
728 729 -1.5395
729 873 -0.08281
729 741 -0.3369
729 730 0.17471
730 874 1.2413
730 742 1.31733
730 731 1.53076
731 875 -0.75802
731 743 0.52888
720 731 0.26859
732 876 1.52385
732 744 -1.59362
732 733 0.86308
733 877 -0.83564
733 745 0.57607
733 734 0.93069
734 878 -1.04096
734 746 0.59453
734 735 1.04788
735 879 -0.86956
735 747 0.08326
735 736 0.55588
736 880 0.81243
736 748 0.66036
736 737 -0.06873
737 881 -1.33998
737 749 0.83359
737 738 -0.3156
738 882 -0.13683
738 750 1.00179
738 739 -0.60516
739 883 0.96629
739 751 1.60259
739 740 0.30236
740 884 2.05164
740 752 0.84604
740 741 -0.81339
741 885 -0.60058
741 753 0.64756
741 742 1.83474
742 886 -0.01523
742 754 -0.00718
742 743 -0.45103
743 887 -0.58295
743 755 -0.88915
732 743 -1.59736
744 888 0.02722
744 756 -0.00198
744 745 0.38351
745 889 0.37726
745 757 -0.78075
745 746 -0.32671
746 890 -0.00059
746 758 0.13655
746 747 -1.77974
747 891 -1.76832
747 759 -1.01677
747 748 -0.60539
748 892 0.58509
748 760 0.5587
748 749 0.11625
749 893 0.21072
749 761 -0.32691
749 750 1.82032
750 894 -0.02823
750 762 -0.99707
750 751 -1.77849
751 895 -0.59833
751 763 -0.25251
751 752 -1.57627
752 896 -0.62768
752 764 -1.81069
752 753 0.35758
753 897 1.02998
753 765 -0.43331
753 754 -1.84759
754 898 -2.00407
754 766 -0.61066
754 755 0.83486
755 899 0.03598
755 767 0.22256
744 755 -1.843
756 900 1.26309
756 768 -0.8304
756 757 -0.07018
757 901 0.30162
757 769 0.15317
757 758 -0.81257
758 902 1.78879
758 770 -0.14096
758 759 0.54048
759 903 0.57258
759 771 -0.85286
759 760 0.28709
760 904 -0.75019
760 772 -0.22904
760 761 0.95321
761 905 -0.08998
761 773 0.68606
761 762 0.05955
762 906 0.74185
762 774 -0.83565
762 763 2.99367
763 907 0.40283
763 775 0.26388
763 764 -0.17064
764 908 -1.00094
764 776 -1.45388
764 765 -0.35054
765 909 -1.62087
765 777 -0.40491
765 766 0.78461
766 910 0.26111
766 778 0.04502
766 767 0.59926
767 911 0.17218
767 779 -0.03255
756 767 1.48853
768 912 -1.12607
768 780 -0.1597
768 769 0.35099
769 913 -1.10676
769 781 2.4044
769 770 0.06154
770 914 1.26258
770 782 -1.46448
770 771 -0.17579
771 915 -0.18846
771 783 0.99705
771 772 -1.64752
772 916 -0.18297
772 784 -1.4916
772 773 0.42893
773 917 -0.43221
773 785 0.20898
773 774 2.66387
774 918 0.02357
774 786 1.09544
774 775 -0.60651
775 919 -0.17763
775 787 0.8924
775 776 0.41481
776 920 0.29231
776 788 0.72275
776 777 0.74899
777 921 0.08579
777 789 0.64622
777 778 0.25107
778 922 -0.61034
778 790 -0.76776
778 779 0.6424
779 923 1.17782
779 791 0.30409
768 779 1.36115
780 924 -0.99725
780 792 -0.67672
780 781 -0.30553
781 925 -1.72448
781 793 1.93544
781 782 0.61828
782 926 0.00945
782 794 0.80839
782 783 0.70663
783 927 -2.16411
783 795 -0.63026
783 784 0.29865
784 928 -0.67732
784 796 1.81542
784 785 -1.95934
785 929 0.50002
785 797 -1.3081
785 786 -0.92431
786 930 0.06784
786 798 0.5903
786 787 -0.16768
787 931 0.57161
787 799 0.86229
787 788 0.38489
788 932 0.23841
788 800 -0.48258
788 789 1.18462
789 933 0.41753
789 801 0.59505
789 790 -0.01148
790 934 -0.64838
790 802 0.88515
790 791 0.40243
791 935 0.70504
791 803 0.61998
780 791 -0.66676
792 936 1.02412
792 804 0.81665
792 793 1.10597
793 937 0.69481
793 805 0.27901
793 794 3.45797
794 938 0.70936
794 806 -0.07238
794 795 1.24098
795 939 0.7984
795 807 3.24966
795 796 -1.61031
796 940 1.2274
796 808 -0.04371
796 797 0.86165
797 941 1.10095
797 809 -0.89971
797 798 0.93391
798 942 -0.44774
798 810 -0.57807
798 799 -0.41654
799 943 0.52549
799 811 -0.16073
799 800 -0.64783
800 944 1.41167
800 812 -2.04808
800 801 -1.18816
801 945 0.12619
801 813 -0.02627
801 802 -0.4838
802 946 -0.54946
802 814 0.21564
802 803 2.19585
803 947 -0.88733
803 815 -0.55508
792 803 -0.75017
804 948 -0.40371
804 816 0.73119
804 805 0.35886
805 949 0.02314
805 817 0.55885
805 806 -0.31793
806 950 -0.88467
806 818 0.37314
806 807 -0.64165
807 951 -1.10285
807 819 -0.40862
807 808 -0.63464
808 952 -0.22365
808 820 -0.50034
808 809 -0.21021
809 953 -1.144
809 821 -0.45453
809 810 -0.47925
810 954 -0.56163
810 822 -0.55513
810 811 -0.78874
811 955 0.61724
811 823 -0.75412
811 812 -0.40945
812 956 -0.16731
812 824 1.26393
812 813 1.35686
813 957 -0.87344
813 825 1.03588
813 814 0.16213
814 958 -1.76224
814 826 -0.2504
814 815 -1.10952
815 959 -0.15651
815 827 0.59526
804 815 -0.92879
816 960 0.50858
816 828 1.26192
816 817 -0.14807
817 961 -1.45898
817 829 0.45263
817 818 -1.02498
818 962 0.22327
818 830 0.46896
818 819 -0.98253
819 963 -0.95456
819 831 -0.47999
819 820 -0.05614
820 964 -0.60854
820 832 -0.25188
820 821 -0.15936
821 965 -0.63302
821 833 0.11249
821 822 -2.9139
822 966 -1.35436
822 834 0.54823
822 823 0.31626
823 967 0.78016
823 835 0.06197
823 824 -1.025
824 968 -0.04383
824 836 2.01102
824 825 0.91797
825 969 0.39013
825 837 -0.04575
825 826 0.0405
826 970 1.18992
826 838 -1.80577
826 827 -0.80163
827 971 1.03856
827 839 0.17389
816 827 1.0969
828 972 -0.27694
828 840 1.92819
828 829 -0.09471
829 973 0.44917
829 841 0.39224
829 830 -0.09084
830 974 -0.82186
830 842 1.43688
830 831 0.35001
831 975 -1.21623
831 843 0.49119
831 832 -0.62528
832 976 -0.19644
832 844 1.03825
832 833 -0.2393
833 977 -0.81154
833 845 0.6985
833 834 1.61429
834 978 0.51803
834 846 -1.3504
834 835 -1.04575
835 979 -1.07585
835 847 0.36984
835 836 0.15955
836 980 0.50872
836 848 0.67357
836 837 -0.66167
837 981 -1.82175
837 849 0.72261
837 838 -0.40356
838 982 -2.11797
838 850 -0.77693
838 839 1.00721
839 983 -0.58625
839 851 -0.91455
828 839 0.45951
840 984 -1.21735
840 852 1.18257
840 841 -1.18255
841 985 -0.40725
841 853 1.19796
841 842 0.3736
842 986 2.22205
842 854 0.75805
842 843 0.07216
843 987 0.59007
843 855 1.29658
843 844 -0.07379
844 988 0.29066
844 856 0.23202
844 845 -0.35181
845 989 -0.09102
845 857 0.5686
845 846 -1.1172
846 990 -0.7044
846 858 1.123
846 847 0.50079
847 991 -1.44785
847 859 -1.592
847 848 0.82385
848 992 0.29096
848 860 -0.97122
848 849 0.85098
849 993 0.2279
849 861 1.21318
849 850 -1.42426
850 994 -0.73514
850 862 -1.26029
850 851 -0.75323
851 995 -1.20576
851 863 -0.59865
840 851 -0.89791
852 996 0.68384
720 852 0.03264
852 853 -1.68454
853 997 0.82289
721 853 -1.35281
853 854 -0.26274
854 998 -0.13596
722 854 -1.02674
854 855 0.11967
855 999 0.04428
723 855 -0.35545
855 856 0.13504
856 1000 0.02813
724 856 -0.78174
856 857 -0.00052
857 1001 -0.04936
725 857 -2.09688
857 858 -0.8335
858 1002 -0.12964
726 858 0.27875
858 859 -0.10824
859 1003 1.29907
727 859 0.04332
859 860 -0.90339
860 1004 0.30324
728 860 1.04489
860 861 -1.44409
861 1005 -0.11838
729 861 -1.91164
861 862 0.21011
862 1006 1.28374
730 862 0.14125
862 863 -1.02847
863 1007 0.98965
731 863 -0.10275
852 863 0.29665
864 1008 -1.79079
864 876 1.67301
864 865 -1.34687
865 1009 1.19914
865 877 1.52567
865 866 -0.55268
866 1010 0.47832
866 878 -0.65843
866 867 -0.37085
867 1011 0.80201
867 879 0.05828
867 868 0.20107
868 1012 0.32149
868 880 -0.53058
868 869 0.33045
869 1013 0.68796
869 881 1.47014
869 870 -0.23726
870 1014 0.43783
870 882 1.66316
870 871 -0.49129
871 1015 -0.39145
871 883 2.05764
871 872 -0.4522
872 1016 1.07713
872 884 -1.85354
872 873 1.45187
873 1017 0.91194
873 885 1.29725
873 874 0.89227
874 1018 0.78913
874 886 -0.56174
874 875 -0.74038
875 1019 -0.88644
875 887 0.40723
864 875 -0.70017
876 1020 -0.67648
876 888 2.3834
876 877 -0.63185
877 1021 0.9413
877 889 -0.30374
877 878 0.94348
878 1022 0.27587
878 890 1.96671
878 879 -0.75883
879 1023 0.88933
879 891 -1.64386
879 880 0.80852
880 1024 0.52088
880 892 0.39413
880 881 0.00925
881 1025 1.01878
881 893 -1.1738
881 882 -0.80662
882 1026 1.55744
882 894 -0.46881
882 883 0.7024
883 1027 -1.1441
883 895 -1.21194
883 884 0.31911
884 1028 0.72598
884 896 -0.3382
884 885 -1.61592
885 1029 0.81326
885 897 1.4859
885 886 1.27061
886 1030 1.39435
886 898 0.7219
886 887 1.44062
887 1031 0.72716
887 899 -1.71295
876 887 -1.40338
888 1032 0.61217
888 900 0.33961
888 889 -1.02504
889 1033 0.62605
889 901 -1.53159
889 890 2.15706
890 1034 1.83576
890 902 -0.85267
890 891 0.11398
891 1035 -1.64026
891 903 0.31989
891 892 -1.14546
892 1036 -0.00471
892 904 0.97775
892 893 0.31763
893 1037 0.00218
893 905 -0.58893
893 894 0.03473
894 1038 0.03276
894 906 -0.35345
894 895 -0.17199
895 1039 1.3037
895 907 -0.41196
895 896 -0.99998
896 1040 -2.44625
896 908 1.7802
896 897 -0.63238
897 1041 -0.55368
897 909 -0.05574
897 898 0.48153
898 1042 -0.03876
898 910 -0.20547
898 899 -0.88624
899 1043 0.69821
899 911 1.7296
888 899 -0.71672
900 1044 0.19807
900 912 0.42118
900 901 -1.44412
901 1045 -1.09818
901 913 -1.50286
901 902 -0.6834
902 1046 -0.77156
902 914 -1.46361
902 903 -0.93923
903 1047 0.15531
903 915 0.20715
903 904 0.31679
904 1048 1.33731
904 916 1.55516
904 905 0.78917
905 1049 -1.62468
905 917 0.36286
905 906 -0.46629
906 1050 1.01539
906 918 -0.72086
906 907 1.33799
907 1051 0.59799
907 919 0.47202
907 908 0.45802
908 1052 -0.98547
908 920 -1.82163
908 909 -0.92668
909 1053 -1.57185
909 921 -1.55676
909 910 -0.03076
910 1054 0.95909
910 922 -1.17245
910 911 0.17386
911 1055 -0.9782
911 923 0.46282
900 911 1.00672
912 1056 1.01
912 924 -0.25416
912 913 1.2472
913 1057 -2.37215
913 925 -0.85543
913 914 -0.99514
914 1058 0.10837
914 926 0.03678
914 915 1.47529
915 1059 -0.01426
915 927 0.92821
915 916 -1.33478
916 1060 -0.46694
916 928 0.24696
916 917 1.42268
917 1061 1.21507
917 929 -0.43876
917 918 0.74185
918 1062 0.78209
918 930 0.43429
918 919 -0.97675
919 1063 1.62901
919 931 -2.30611
919 920 -0.89981
920 1064 0.27922
920 932 -2.27401
920 921 0.23902
921 1065 -0.20378
921 933 -1.71749
921 922 0.18631
922 1066 -0.24472
922 934 -0.23729
922 923 -0.70177
923 1067 0.28822
923 935 1.39092
912 923 -1.75411
924 1068 0.68848
924 936 0.15619
924 925 -0.569
925 1069 0.20526
925 937 -0.18809
925 926 -0.12996
926 1070 1.33948
926 938 -0.74694
926 927 -0.96327
927 1071 -1.6731
927 939 -0.68963
927 928 0.16139
928 1072 2.40265
928 940 -0.77787
928 929 -1.61324
929 1073 0.24487
929 941 1.28415
929 930 0.44822
930 1074 -0.23991
930 942 2.80098
930 931 1.15959
931 1075 1.10247
931 943 0.95681
931 932 0.99867
932 1076 1.33805
932 944 0.20042
932 933 1.26858
933 1077 0.01819
933 945 0.80106
933 934 1.84128
934 1078 1.28085
934 946 -1.20066
934 935 -1.15677
935 1079 0.4363
935 947 -0.22986
924 935 0.91119
936 1080 -0.45657
936 948 -0.45549
936 937 0.79664
937 1081 -0.99494
937 949 -0.63145
937 938 0.2894
938 1082 0.52109
938 950 -0.37171
938 939 -0.5401
939 1083 0.90019
939 951 -1.61348
939 940 -0.36163
940 1084 -1.02592
940 952 2.12517
940 941 2.41601
941 1085 0.157
941 953 -0.28
941 942 0.74118
942 1086 -0.13575
942 954 -1.62176
942 943 0.17401
943 1087 0.36008
943 955 -0.4839
943 944 0.67789
944 1088 -0.06828
944 956 -0.22367
944 945 -0.25352
945 1089 0.3728
945 957 -1.0416
945 946 -0.09161
946 1090 1.15868
946 958 0.00131
946 947 0.5378
947 1091 0.95413
947 959 -0.4377
936 947 -1.1012
948 1092 1.02399
948 960 1.03022
948 949 0.77315
949 1093 0.91678
949 961 -0.70527
949 950 0.59738
950 1094 0.04958
950 962 -0.86577
950 951 -0.63247
951 1095 0.0889
951 963 0.98816
951 952 1.34919
952 1096 -2.31122
952 964 -0.59304
952 953 1.29919
953 1097 -1.42691
953 965 -0.27002
953 954 -1.13252
954 1098 -0.80931
954 966 0.66244
954 955 -1.49279
955 1099 1.50184
955 967 -1.7064
955 956 -1.99505
956 1100 -0.35563
956 968 -1.48671
956 957 1.08531
957 1101 0.74817
957 969 0.59215
957 958 1.38732
958 1102 -0.88627
958 970 1.21008
958 959 -1.27878
959 1103 1.39214
959 971 0.55352
948 959 -1.18288
960 1104 -0.0045
960 972 -1.25209
960 961 0.55226
961 1105 1.06368
961 973 -1.39808
961 962 0.45041
962 1106 -1.14532
962 974 0.95986
962 963 -0.38593
963 1107 -0.09652
963 975 -0.43155
963 964 -0.26478
964 1108 1.91916
964 976 -1.99005
964 965 -0.85619
965 1109 -0.99514
965 977 -0.5989
965 966 0.70774
966 1110 -0.86263
966 978 1.22869
966 967 0.46901
967 1111 0.40929
967 979 0.60006
967 968 -0.07304
968 1112 -0.39107
968 980 -0.46106
968 969 0.09241
969 1113 -0.34965
969 981 -0.85008
969 970 0.23966
970 1114 -0.84754
970 982 -0.45189
970 971 0.87941
971 1115 2.5247
971 983 -0.58087
960 971 0.01567
972 1116 -1.16406
972 984 -2.45064
972 973 -0.09952
973 1117 0.84616
973 985 -2.89714
973 974 0.25828
974 1118 1.31555
974 986 -0.18484
974 975 0.50573
975 1119 2.59074
975 987 -0.62359
975 976 0.26482
976 1120 -0.07317
976 988 -1.05012
976 977 0.20433
977 1121 0.99043
977 989 -0.2925
977 978 1.07608
978 1122 0.20017
978 990 -0.87223
978 979 0.42515
979 1123 0.66046
979 991 -0.25362
979 980 0.12693
980 1124 0.38958
980 992 -0.93615
980 981 1.41467
981 1125 -0.12401
981 993 1.68195
981 982 0.7775
982 1126 0.14473
982 994 0.00844
982 983 0.11728
983 1127 1.01606
983 995 0.05622
972 983 0.25353
984 1128 -2.56865
984 996 -1.13294
984 985 0.48859
985 1129 -0.26014
985 997 -0.01057
985 986 -1.57308
986 1130 -1.90922
986 998 0.14732
986 987 0.31687
987 1131 1.09588
987 999 -0.2377
987 988 -0.07417
988 1132 0.60536
988 1000 0.51557
988 989 0.88847
989 1133 -1.37101
989 1001 2.09271
989 990 0.94614
990 1134 -1.78579
990 1002 -1.18002
990 991 -0.1923
991 1135 0.35915
991 1003 -0.39492
991 992 -1.33177
992 1136 0.86272
992 1004 0.93638
992 993 -0.73427
993 1137 -1.16741
993 1005 2.50555
993 994 -1.30047
994 1138 0.22721
994 1006 1.35755
994 995 -0.34667
995 1139 0.46188
995 1007 0.29409
984 995 -0.28453
996 1140 -0.42184
864 996 -0.77162
996 997 -0.68144
997 1141 -0.84232
865 997 1.08296
997 998 -0.39455
998 1142 1.49711
866 998 1.4309
998 999 -0.24813
999 1143 -1.84223
867 999 -0.36432
999 1000 -1.52162
1000 1144 -0.94581
868 1000 0.02091
1000 1001 -0.49131
1001 1145 -0.36941
869 1001 0.90987
1001 1002 0.65197
1002 1146 -0.26039
870 1002 -0.44973
1002 1003 1.05653
1003 1147 0.55828
871 1003 0.78086
1003 1004 -0.72055
1004 1148 1.21494
872 1004 -0.48454
1004 1005 0.03316
1005 1149 -1.86341
873 1005 -0.93571
1005 1006 -1.00966
1006 1150 1.72199
874 1006 -2.25041
1006 1007 0.14109
1007 1151 -0.09871
875 1007 -0.85634
996 1007 0.29496
1008 1152 0.12124
1008 1020 -0.921
1008 1009 -0.89155
1009 1153 0.51381
1009 1021 0.21469
1009 1010 1.53557
1010 1154 -1.60057
1010 1022 -0.44695
1010 1011 0.69239
1011 1155 -0.61988
1011 1023 -0.02885
1011 1012 0.05765
1012 1156 -0.10557
1012 1024 -0.66581
1012 1013 -0.2681
1013 1157 0.47562
1013 1025 -0.74194
1013 1014 0.81112
1014 1158 0.06576
1014 1026 -0.00052
1014 1015 0.55612
1015 1159 -0.26654
1015 1027 0.26514
1015 1016 0.43747
1016 1160 -0.42405
1016 1028 -0.56692
1016 1017 -0.60727
1017 1161 -1.36102
1017 1029 -0.7043
1017 1018 -0.61279
1018 1162 -1.87391
1018 1030 0.32843
1018 1019 0.41445
1019 1163 0.89848
1019 1031 1.09204
1008 1019 -0.00063
1020 1164 0.26419
1020 1032 0.13518
1020 1021 0.32188
1021 1165 0.62055
1021 1033 -0.59494
1021 1022 0.58392
1022 1166 -0.19369
1022 1034 0.96379
1022 1023 0.34386
1023 1167 -0.07559
1023 1035 0.30498
1023 1024 0.44185
1024 1168 -2.70839
1024 1036 0.47813
1024 1025 -0.15087
1025 1169 1.65654
1025 1037 -2.89729
1025 1026 -1.53953
1026 1170 1.49131
1026 1038 -0.57056
1026 1027 0.64972
1027 1171 -0.78756
1027 1039 0.33692
1027 1028 -0.26476
1028 1172 -1.80569
1028 1040 0.0778
1028 1029 -0.11172
1029 1173 1.00168
1029 1041 0.29439
1029 1030 -0.14287
1030 1174 0.77122
1030 1042 -2.39293
1030 1031 -0.54433
1031 1175 -1.48702
1031 1043 0.06746
1020 1031 0.19057
1032 1176 0.60432
1032 1044 0.23274
1032 1033 -1.93407
1033 1177 0.27615
1033 1045 -0.4789
1033 1034 0.59995
1034 1178 0.21447
1034 1046 -0.48574
1034 1035 -0.48098
1035 1179 0.81764
1035 1047 0.90002
1035 1036 0.40081
1036 1180 0.79944
1036 1048 0.47706
1036 1037 -0.12546
1037 1181 1.02047
1037 1049 -0.94337
1037 1038 -0.43365
1038 1182 1.35744
1038 1050 0.09589
1038 1039 1.40765
1039 1183 -0.58834
1039 1051 -0.2419
1039 1040 -0.85135
1040 1184 -0.60295
1040 1052 -0.51645
1040 1041 -0.73721
1041 1185 -0.56678
1041 1053 3.10209
1041 1042 -0.19768
1042 1186 1.09674
1042 1054 0.23122
1042 1043 -1.38061
1043 1187 1.75025
1043 1055 0.36693
1032 1043 -0.35892
1044 1188 -0.41416
1044 1056 1.80228
1044 1045 -0.91231
1045 1189 1.48549
1045 1057 0.65585
1045 1046 -0.45387
1046 1190 0.44417
1046 1058 1.6113
1046 1047 2.80771
1047 1191 -1.42722
1047 1059 0.47657
1047 1048 1.41629
1048 1192 -1.75586
1048 1060 -0.03532
1048 1049 -0.10018
1049 1193 1.77759
1049 1061 -1.16412
1049 1050 -1.76905
1050 1194 1.55106
1050 1062 0.79183
1050 1051 0.78117
1051 1195 0.2149
1051 1063 -0.9087
1051 1052 -0.81653
1052 1196 0.08597
1052 1064 1.0612
1052 1053 0.57409
1053 1197 2.02939
1053 1065 0.25081
1053 1054 0.57716
1054 1198 -0.81842
1054 1066 1.19959
1054 1055 -2.3035
1055 1199 -0.07556
1055 1067 0.89955
1044 1055 0.11686
1056 1200 0.27688
1056 1068 1.75456
1056 1057 2.50126
1057 1201 -1.92073
1057 1069 0.2476
1057 1058 0.55328
1058 1202 0.28304
1058 1070 0.79488
1058 1059 -1.1584
1059 1203 -0.98286
1059 1071 0.19797
1059 1060 0.72175
1060 1204 0.99208
1060 1072 -2.09082
1060 1061 -0.41939
1061 1205 1.37585
1061 1073 0.24822
1061 1062 1.799
1062 1206 -0.65465
1062 1074 1.0957
1062 1063 -1.58644
1063 1207 0.70447
1063 1075 0.17356
1063 1064 0.77358
1064 1208 0.41519
1064 1076 1.04885
1064 1065 1.87957
1065 1209 0.14733
1065 1077 0.71684
1065 1066 0.53968
1066 1210 -0.20439
1066 1078 -0.62315
1066 1067 -1.06296
1067 1211 -0.85289
1067 1079 0.45779
1056 1067 1.66459
1068 1212 1.52651
1068 1080 -1.55491
1068 1069 -0.28319
1069 1213 0.40228
1069 1081 0.571
1069 1070 0.26389
1070 1214 0.97895
1070 1082 1.7632
1070 1071 -1.00126
1071 1215 -0.27413
1071 1083 0.12944
1071 1072 -0.65606
1072 1216 0.49375
1072 1084 -0.28792
1072 1073 1.98205
1073 1217 0.02376
1073 1085 -1.77071
1073 1074 0.01024
1074 1218 0.03615
1074 1086 -1.30155
1074 1075 0.03969
1075 1219 0.25931
1075 1087 0.40432
1075 1076 0.74028
1076 1220 0.90544
1076 1088 -0.29304
1076 1077 1.30661
1077 1221 0.37763
1077 1089 -0.8084
1077 1078 0.03655
1078 1222 -0.05073
1078 1090 -1.74546
1078 1079 1.02534
1079 1223 1.11361
1079 1091 0.53416
1068 1079 0.81772
1080 1224 0.70376
1080 1092 -0.37364
1080 1081 0.12066
1081 1225 0.93285
1081 1093 -0.56542
1081 1082 -0.34404
1082 1226 0.36153
1082 1094 -2.43693
1082 1083 1.31693
1083 1227 -1.35376
1083 1095 -0.05711
1083 1084 -0.9918
1084 1228 -0.84148
1084 1096 0.78675
1084 1085 0.00966
1085 1229 -0.75673
1085 1097 0.75604
1085 1086 0.48108
1086 1230 0.55287
1086 1098 0.58963
1086 1087 -0.03599
1087 1231 -0.39109
1087 1099 -1.18036
1087 1088 -0.7896
1088 1232 -0.18568
1088 1100 -1.87274
1088 1089 0.25158
1089 1233 0.05261
1089 1101 -0.41722
1089 1090 1.0419
1090 1234 -0.20085
1090 1102 0.7438
1090 1091 -1.16858
1091 1235 1.33395
1091 1103 1.33641
1080 1091 -0.74025
1092 1236 -0.09403
1092 1104 0.30607
1092 1093 -0.15601
1093 1237 0.45172
1093 1105 0.56324
1093 1094 2.00366
1094 1238 0.4566
1094 1106 -2.00818
1094 1095 -2.24846
1095 1239 1.10541
1095 1107 0.94242
1095 1096 2.1904
1096 1240 -0.96476
1096 1108 0.79585
1096 1097 0.87776
1097 1241 -1.30434
1097 1109 -1.25145
1097 1098 0.95838
1098 1242 0.34035
1098 1110 -1.2833
1098 1099 -1.16437
1099 1243 -0.17632
1099 1111 -0.25893
1099 1100 -0.14041
1100 1244 -0.14112
1100 1112 0.6805
1100 1101 -0.47942
1101 1245 -0.28333
1101 1113 -2.06267
1101 1102 1.46895
1102 1246 0.75557
1102 1114 -1.3657
1102 1103 -0.79657
1103 1247 0.52045
1103 1115 -0.42983
1092 1103 0.27369
1104 1248 0.26904
1104 1116 -0.47241
1104 1105 1.79604
1105 1249 0.0746
1105 1117 -1.84272
1105 1106 -1.62039
1106 1250 -0.47978
1106 1118 -0.75096
1106 1107 -0.42228
1107 1251 0.35833
1107 1119 0.99953
1107 1108 -1.77717
1108 1252 -0.16688
1108 1120 -0.05607
1108 1109 0.56184
1109 1253 0.04145
1109 1121 0.81995
1109 1110 -0.63504
1110 1254 -0.3126
1110 1122 1.45696
1110 1111 -1.00278
1111 1255 0.4809
1111 1123 0.90652
1111 1112 0.08419
1112 1256 -1.02059
1112 1124 -0.70212
1112 1113 1.75731
1113 1257 -0.10461
1113 1125 0.72182
1113 1114 -0.59121
1114 1258 -0.62405
1114 1126 -0.56481
1114 1115 2.61287
1115 1259 0.52907
1115 1127 1.8982
1104 1115 -0.30125
1116 1260 -0.60149
1116 1128 0.89978
1116 1117 -0.71113
1117 1261 0.39295
1117 1129 0.10075
1117 1118 1.72837
1118 1262 0.65919
1118 1130 0.83572
1118 1119 -0.40674
1119 1263 -0.61225
1119 1131 -1.60687
1119 1120 -0.15485
1120 1264 -0.2445
1120 1132 -0.33832
1120 1121 1.27602
1121 1265 0.29294
1121 1133 -0.14959
1121 1122 1.26068
1122 1266 1.23507
1122 1134 -1.77226
1122 1123 0.15891
1123 1267 -1.22729
1123 1135 -1.13819
1123 1124 0.5769
1124 1268 -0.21646
1124 1136 -2.25302
1124 1125 -0.30286
1125 1269 -1.66159
1125 1137 0.76791
1125 1126 -2.99074
1126 1270 -0.37751
1126 1138 -0.65228
1126 1127 0.44056
1127 1271 0.962
1127 1139 -0.5958
1116 1127 -2.16711
1128 1272 -2.13259
1128 1140 -0.45792
1128 1129 2.14499
1129 1273 -0.31754
1129 1141 1.62297
1129 1130 -0.45508
1130 1274 0.20121
1130 1142 -0.04027
1130 1131 -0.50844
1131 1275 0.08736
1131 1143 -0.93837
1131 1132 0.14399
1132 1276 -0.44119
1132 1144 -1.63329
1132 1133 -0.41168
1133 1277 0.05378
1133 1145 0.28414
1133 1134 1.27597
1134 1278 -0.35568
1134 1146 -0.92969
1134 1135 0.90381
1135 1279 -1.27169
1135 1147 0.67006
1135 1136 -0.03661
1136 1280 1.0624
1136 1148 1.96314
1136 1137 -0.36667
1137 1281 -0.68335
1137 1149 -1.93812
1137 1138 1.2112
1138 1282 -0.30675
1138 1150 -0.17779
1138 1139 -1.23473
1139 1283 -1.33707
1139 1151 -1.13168
1128 1139 0.69023
1140 1284 0.09838
1008 1140 -1.10101
1140 1141 -0.02846
1141 1285 -1.16565
1009 1141 -0.12573
1141 1142 0.77229
1142 1286 1.70202
1010 1142 0.23222
1142 1143 0.29122
1143 1287 -2.30126
1011 1143 0.36954
1143 1144 0.3671
1144 1288 1.61694
1012 1144 0.47304
1144 1145 0.21984
1145 1289 1.73314
1013 1145 1.72728
1145 1146 -0.12981
1146 1290 -0.89456
1014 1146 -1.1962
1146 1147 -0.7053
1147 1291 0.67282
1015 1147 -0.4965
1147 1148 0.67052
1148 1292 2.82871
1016 1148 1.51686
1148 1149 -1.05804
1149 1293 -1.03287
1017 1149 1.02954
1149 1150 -1.18545
1150 1294 1.06942
1018 1150 -0.41628
1150 1151 -1.17388
1151 1295 -0.938
1019 1151 -0.8773
1140 1151 -1.43789
1152 1296 -1.54818
1152 1164 1.46941
1152 1153 0.14357
1153 1297 0.32184
1153 1165 -1.06489
1153 1154 1.42659
1154 1298 -0.44001
1154 1166 -0.00038
1154 1155 -0.48161
1155 1299 -1.15154
1155 1167 0.88648
1155 1156 1.24016
1156 1300 -1.18094
1156 1168 0.07447
1156 1157 1.21246
1157 1301 -1.2081
1157 1169 1.11706
1157 1158 -1.45245
1158 1302 -0.46164
1158 1170 0.00051
1158 1159 -0.47066
1159 1303 -0.03844
1159 1171 -0.84537
1159 1160 -2.29341
1160 1304 -1.59159
1160 1172 -0.17846
1160 1161 -0.11356
1161 1305 -0.19673
1161 1173 0.76876
1161 1162 0.12345
1162 1306 -1.8339
1162 1174 -0.96271
1162 1163 0.53567
1163 1307 -0.06876
1163 1175 0.19839
1152 1163 -1.09091
1164 1308 -0.3881
1164 1176 0.54113
1164 1165 0.73042
1165 1309 0.78926
1165 1177 0.26803
1165 1166 0.62323
1166 1310 0.50754
1166 1178 -0.36169
1166 1167 -1.36633
1167 1311 1.17003
1167 1179 -1.70333
1167 1168 -1.05353
1168 1312 0.97658
1168 1180 0.79373
1168 1169 1.23031
1169 1313 -1.08771
1169 1181 -0.65725
1169 1170 0.33661
1170 1314 0.37258
1170 1182 0.50593
1170 1171 1.31001
1171 1315 -0.717
1171 1183 0.20922
1171 1172 -0.35056
1172 1316 0.10323
1172 1184 0.13953
1172 1173 -2.62553
1173 1317 0.93831
1173 1185 0.30458
1173 1174 0.99476
1174 1318 -1.68738
1174 1186 0.51655
1174 1175 0.40907
1175 1319 -0.33244
1175 1187 -1.12977
1164 1175 -0.4502
1176 1320 1.5076
1176 1188 -1.0946
1176 1177 -0.04108
1177 1321 -0.27318
1177 1189 -0.14244
1177 1178 -0.61767
1178 1322 1.0909
1178 1190 -2.3191
1178 1179 -0.30884
1179 1323 -2.44693
1179 1191 -0.98886
1179 1180 -0.92344
1180 1324 1.88646
1180 1192 0.09128
1180 1181 0.71279
1181 1325 0.83844
1181 1193 0.19398
1181 1182 -0.94287
1182 1326 -0.6487
1182 1194 -0.40281
1182 1183 -0.99071
1183 1327 0.07279
1183 1195 -1.03901
1183 1184 -1.57627
1184 1328 -1.49366
1184 1196 -1.10645
1184 1185 -0.06335
1185 1329 -0.02661
1185 1197 0.87836
1185 1186 0.81579
1186 1330 0.13438
1186 1198 -0.52262
1186 1187 0.26565
1187 1331 0.16277
1187 1199 0.40214
1176 1187 -0.56771
1188 1332 0.69415
1188 1200 -1.3299
1188 1189 1.39818
1189 1333 -1.83184
1189 1201 0.17032
1189 1190 0.21898
1190 1334 -0.06811
1190 1202 -0.69118
1190 1191 0.46235
1191 1335 -0.35922
1191 1203 -0.7724
1191 1192 0.65713
1192 1336 -1.01738
1192 1204 -1.81432
1192 1193 -0.02474
1193 1337 -0.18545
1193 1205 0.62927
1193 1194 0.36812
1194 1338 0.58078
1194 1206 -1.21034
1194 1195 -0.74205
1195 1339 -2.22879
1195 1207 0.19412
1195 1196 -0.00439
1196 1340 3.71763
1196 1208 -0.31032
1196 1197 -0.34701
1197 1341 1.07597
1197 1209 -1.57772
1197 1198 0.35621
1198 1342 -1.86448
1198 1210 1.29684
1198 1199 -1.45484
1199 1343 0.92022
1199 1211 -0.30204
1188 1199 -0.27011
1200 1344 0.37003
1200 1212 0.53788
1200 1201 0.94756
1201 1345 0.37077
1201 1213 1.34852
1201 1202 -0.18694
1202 1346 0.53039
1202 1214 0.88043
1202 1203 -0.04713
1203 1347 -1.45855
1203 1215 -0.33758
1203 1204 0.78033
1204 1348 0.1726
1204 1216 -0.62667
1204 1205 0.87042
1205 1349 -0.41485
1205 1217 0.57635
1205 1206 -0.16828
1206 1350 1.22444
1206 1218 -1.62735
1206 1207 0.5142
1207 1351 0.41503
1207 1219 -0.32688
1207 1208 -0.25938
1208 1352 -0.42432
1208 1220 -2.2873
1208 1209 -1.29189
1209 1353 1.56295
1209 1221 -0.1421
1209 1210 -1.0987
1210 1354 0.72738
1210 1222 0.50856
1210 1211 1.30692
1211 1355 -0.58542
1211 1223 -0.2602
1200 1211 0.69914
1212 1356 -0.02567
1212 1224 1.38537
1212 1213 0.37685
1213 1357 -0.49467
1213 1225 -2.16535
1213 1214 1.89402
1214 1358 -0.48365
1214 1226 0.92753
1214 1215 1.36208
1215 1359 -0.32038
1215 1227 -2.15603
1215 1216 -1.21625
1216 1360 0.81479
1216 1228 0.88848
1216 1217 1.5453
1217 1361 0.77768
1217 1229 -1.35935
1217 1218 0.33331
1218 1362 -1.02569
1218 1230 -1.02526
1218 1219 0.02638
1219 1363 0.71538
1219 1231 0.06412
1219 1220 -0.0387
1220 1364 -1.52499
1220 1232 -0.92096
1220 1221 -0.23692
1221 1365 0.29786
1221 1233 1.36383
1221 1222 -0.14408
1222 1366 -0.39935
1222 1234 -0.28654
1222 1223 1.93415
1223 1367 -0.7203
1223 1235 0.0191
1212 1223 0.18033
1224 1368 1.59617
1224 1236 -0.25113
1224 1225 0.3584
1225 1369 -0.61111
1225 1237 -0.75704
1225 1226 1.19513
1226 1370 -0.69645
1226 1238 -0.32052
1226 1227 0.13514
1227 1371 -0.62638
1227 1239 0.50718
1227 1228 -0.56269
1228 1372 -0.40744
1228 1240 0.38508
1228 1229 0.63292
1229 1373 0.50648
1229 1241 1.1915
1229 1230 -0.06402
1230 1374 -2.85421
1230 1242 1.03151
1230 1231 -1.82431
1231 1375 0.38864
1231 1243 -0.5493
1231 1232 -0.50018
1232 1376 -0.09148
1232 1244 1.48018
1232 1233 0.81672
1233 1377 -0.39444
1233 1245 2.74666
1233 1234 1.48663
1234 1378 -1.14819
1234 1246 -1.63395
1234 1235 0.21112
1235 1379 -0.1827
1235 1247 1.12032
1224 1235 -1.08245
1236 1380 -0.66929
1236 1248 -0.25092
1236 1237 -1.39486
1237 1381 0.98141
1237 1249 0.23973
1237 1238 -0.637
1238 1382 -0.55699
1238 1250 -0.14968
1238 1239 0.61535
1239 1383 0.60031
1239 1251 -0.51205
1239 1240 -0.16182
1240 1384 1.07512
1240 1252 -1.60033
1240 1241 0.99113
1241 1385 -2.72367
1241 1253 -0.72516
1241 1242 1.08043
1242 1386 -0.71448
1242 1254 0.10195
1242 1243 -0.26583
1243 1387 -1.0539
1243 1255 1.51593
1243 1244 -2.24724
1244 1388 0.59985
1244 1256 -0.34546
1244 1245 1.2574
1245 1389 -1.25364
1245 1257 -0.06071
1245 1246 -1.40367
1246 1390 -0.04258
1246 1258 -0.11755
1246 1247 1.8067
1247 1391 -0.44783
1247 1259 -0.77984
1236 1247 0.30426
1248 1392 0.79105
1248 1260 -0.41198
1248 1249 -1.658
1249 1393 0.34371
1249 1261 -0.63078
1249 1250 -1.97281
1250 1394 0.8074
1250 1262 0.56635
1250 1251 1.75322
1251 1395 0.39076
1251 1263 -0.05388
1251 1252 0.37157
1252 1396 0.32975
1252 1264 -0.1482
1252 1253 -0.26417
1253 1397 0.55387
1253 1265 0.03929
1253 1254 -1.31976
1254 1398 1.16514
1254 1266 0.87397
1254 1255 -0.99593
1255 1399 -1.93949
1255 1267 0.00188
1255 1256 0.02919
1256 1400 -0.77785
1256 1268 -1.37636
1256 1257 0.79251
1257 1401 0.9939
1257 1269 -1.20002
1257 1258 -1.61994
1258 1402 -0.2558
1258 1270 -0.05922
1258 1259 0.56651
1259 1403 0.26972
1259 1271 -1.71723
1248 1259 -0.19337
1260 1404 -1.45893
1260 1272 -0.08695
1260 1261 0.55999
1261 1405 0.57996
1261 1273 -0.34653
1261 1262 1.39277
1262 1406 1.62009
1262 1274 0.34314
1262 1263 -2.2026
1263 1407 0.30993
1263 1275 -1.51631
1263 1264 -0.30986
1264 1408 1.08853
1264 1276 -0.0553
1264 1265 -0.84708
1265 1409 -0.69474
1265 1277 -0.07654
1265 1266 -1.46661
1266 1410 1.1149
1266 1278 -0.20227
1266 1267 -0.13516
1267 1411 1.08964
1267 1279 -0.24493
1267 1268 -1.63165
1268 1412 0.01369
1268 1280 1.21201
1268 1269 1.91525
1269 1413 0.49592
1269 1281 -0.41425
1269 1270 -0.28068
1270 1414 1.17651
1270 1282 -0.67328
1270 1271 0.38148
1271 1415 0.39585
1271 1283 -1.11076
1260 1271 -1.65082
1272 1416 1.12818
1272 1284 -0.29389
1272 1273 -1.54681
1273 1417 -0.10533
1273 1285 0.21216
1273 1274 0.16967
1274 1418 -0.54925
1274 1286 -0.2189
1274 1275 -0.74434
1275 1419 -0.35533
1275 1287 0.19237
1275 1276 -1.23213
1276 1420 -0.03055
1276 1288 -1.5508
1276 1277 -1.30113
1277 1421 -0.3884
1277 1289 -0.46807
1277 1278 0.07787
1278 1422 0.58183
1278 1290 1.14079
1278 1279 -0.55705
1279 1423 0.81369
1279 1291 -0.80865
1279 1280 -0.38865
1280 1424 1.70556
1280 1292 1.01632
1280 1281 0.35147
1281 1425 -0.91462
1281 1293 -0.3691
1281 1282 1.68524
1282 1426 -0.96092
1282 1294 -1.63026
1282 1283 0.79752
1283 1427 -0.72431
1283 1295 -0.14604
1272 1283 -0.61684
1284 1428 -0.24551
1152 1284 -1.25326
1284 1285 -0.545
1285 1429 -0.22216
1153 1285 -0.52019
1285 1286 0.17965
1286 1430 -0.45693
1154 1286 -0.82909
1286 1287 0.29749
1287 1431 -0.6165
1155 1287 -0.31751
1287 1288 0.92131
1288 1432 -1.09609
1156 1288 0.64045
1288 1289 0.9904
1289 1433 -0.91655
1157 1289 1.64153
1289 1290 1.94424
1290 1434 -1.39691
1158 1290 -0.1238
1290 1291 -0.50161
1291 1435 -0.29781
1159 1291 -1.89967
1291 1292 1.25847
1292 1436 0.42593
1160 1292 2.06449
1292 1293 0.50354
1293 1437 0.45535
1161 1293 0.15709
1293 1294 0.00873
1294 1438 -0.76726
1162 1294 1.62382
1294 1295 0.32665
1295 1439 -0.45944
1163 1295 0.11501
1284 1295 1.88878
1296 1440 -1.34788
1296 1308 0.90495
1296 1297 0.78122
1297 1441 0.67262
1297 1309 -0.04654
1297 1298 -1.86838
1298 1442 -2.99498
1298 1310 1.80386
1298 1299 0.72938
1299 1443 1.40232
1299 1311 -0.79371
1299 1300 0.43815
1300 1444 0.66679
1300 1312 -0.02635
1300 1301 0.10823
1301 1445 -1.03318
1301 1313 1.6176
1301 1302 -0.58191
1302 1446 -1.4819
1302 1314 -1.83598
1302 1303 2.88583
1303 1447 -0.40843
1303 1315 1.47462
1303 1304 0.44345
1304 1448 0.73581
1304 1316 -0.6744
1304 1305 0.00476
1305 1449 0.05018
1305 1317 1.43527
1305 1306 -2.07399
1306 1450 -0.13779
1306 1318 -1.3379
1306 1307 -0.43995
1307 1451 0.70906
1307 1319 0.37281
1296 1307 -1.23254
1308 1452 -0.29179
1308 1320 2.03233
1308 1309 -0.49078
1309 1453 0.66861
1309 1321 -0.69621
1309 1310 1.27014
1310 1454 -1.74365
1310 1322 0.06221
1310 1311 -0.2077
1311 1455 -0.33603
1311 1323 -0.84398
1311 1312 0.78372
1312 1456 -0.18857
1312 1324 -0.45281
1312 1313 0.00957
1313 1457 0.18516
1313 1325 -1.01738
1313 1314 -0.66806
1314 1458 -0.17977
1314 1326 -0.35462
1314 1315 0.42793
1315 1459 -0.13902
1315 1327 0.58444
1315 1316 0.52708
1316 1460 -1.33959
1316 1328 -0.63547
1316 1317 -1.64859
1317 1461 0.73394
1317 1329 0.4337
1317 1318 0.08917
1318 1462 0.89071
1318 1330 0.25141
1318 1319 0.35917
1319 1463 0.38966
1319 1331 -0.25789
1308 1319 0.91489
1320 1464 -0.19062
1320 1332 -0.45612
1320 1321 -0.21345
1321 1465 -0.13025
1321 1333 -0.97729
1321 1322 0.81841
1322 1466 -0.02539
1322 1334 -0.98394
1322 1323 0.38356
1323 1467 -0.15859
1323 1335 0.79337
1323 1324 1.07837
1324 1468 -0.40828
1324 1336 -0.47306
1324 1325 -0.25019
1325 1469 0.26274
1325 1337 0.40345
1325 1326 -0.76599
1326 1470 0.21265
1326 1338 -0.78742
1326 1327 -0.02537
1327 1471 1.47716
1327 1339 0.14807
1327 1328 0.74746
1328 1472 0.66434
1328 1340 -0.17525
1328 1329 1.07693
1329 1473 -0.33645
1329 1341 -0.57408
1329 1330 0.85499
1330 1474 0.72134
1330 1342 -1.18577
1330 1331 1.19614
1331 1475 1.08996
1331 1343 0.37205
1320 1331 0.71391
1332 1476 0.03244
1332 1344 -0.73833
1332 1333 -0.39556
1333 1477 -0.53452
1333 1345 1.04014
1333 1334 -0.00876
1334 1478 0.72975
1334 1346 0.70211
1334 1335 0.78558
1335 1479 -1.69507
1335 1347 1.93168
1335 1336 -1.05465
1336 1480 -0.82984
1336 1348 -0.68278
1336 1337 0.8406
1337 1481 0.84552
1337 1349 -0.78785
1337 1338 -1.15672
1338 1482 -0.06837
1338 1350 0.70085
1338 1339 0.09687
1339 1483 -1.35029
1339 1351 -1.26678
1339 1340 0.13598
1340 1484 0.9273
1340 1352 -1.9768
1340 1341 -0.55347
1341 1485 2.89968
1341 1353 0.61249
1341 1342 1.29871
1342 1486 -0.88103
1342 1354 -0.29979
1342 1343 -0.16156
1343 1487 -0.15949
1343 1355 -0.55428
1332 1343 -0.01502
1344 1488 -0.59051
1344 1356 -0.58479
1344 1345 -0.67834
1345 1489 -2.00205
1345 1357 1.14579
1345 1346 -0.9225
1346 1490 0.34602
1346 1358 0.7258
1346 1347 0.98251
1347 1491 0.20031
1347 1359 0.20222
1347 1348 2.64535
1348 1492 -0.93379
1348 1360 -0.59151
1348 1349 0.12685
1349 1493 -1.34152
1349 1361 -2.4275
1349 1350 -0.22992
1350 1494 -0.35055
1350 1362 3.07517
1350 1351 -1.14946
1351 1495 -0.54674
1351 1363 -0.55197
1351 1352 -1.43046
1352 1496 -0.45159
1352 1364 -0.13326
1352 1353 0.47899
1353 1497 -0.39563
1353 1365 0.56664
1353 1354 0.02354
1354 1498 -0.74197
1354 1366 -1.33456
1354 1355 2.61274
1355 1499 -1.07146
1355 1367 -0.76159
1344 1355 0.1707
1356 1500 0.37606
1356 1368 0.53967
1356 1357 1.33145
1357 1501 0.38494
1357 1369 0.18085
1357 1358 -0.14127
1358 1502 0.91767
1358 1370 -2.22677
1358 1359 -0.09348
1359 1503 0.42826
1359 1371 0.28278
1359 1360 -1.59508
1360 1504 1.66251
1360 1372 0.61672
1360 1361 -1.17443
1361 1505 0.12743
1361 1373 -0.47559
1361 1362 1.07086
1362 1506 0.46324
1362 1374 -0.69515
1362 1363 1.70772
1363 1507 -0.89944
1363 1375 0.21328
1363 1364 -0.37534
1364 1508 -1.3862
1364 1376 0.74829
1364 1365 -0.3265
1365 1509 -0.73078
1365 1377 -0.87749
1365 1366 -0.28527
1366 1510 -0.61559
1366 1378 0.60907
1366 1367 0.57731
1367 1511 1.38676
1367 1379 -0.97021
1356 1367 -2.16052
1368 1512 -0.57276
1368 1380 1.44131
1368 1369 -0.06
1369 1513 2.18805
1369 1381 -2.05264
1369 1370 -1.28649
1370 1514 0.21459
1370 1382 -0.25513
1370 1371 -0.01235
1371 1515 1.56209
1371 1383 1.09053
1371 1372 -0.28334
1372 1516 0.9138
1372 1384 -0.05409
1372 1373 0.11515
1373 1517 0.14916
1373 1385 0.86645
1373 1374 -0.14381
1374 1518 0.2119
1374 1386 0.11389
1374 1375 -1.22436
1375 1519 -0.26914
1375 1387 1.5109
1375 1376 0.34424
1376 1520 1.61918
1376 1388 0.04865
1376 1377 1.00265
1377 1521 -0.3769
1377 1389 -1.48861
1377 1378 -2.0358
1378 1522 0.37667
1378 1390 0.0569
1378 1379 1.08196
1379 1523 0.35387
1379 1391 0.46771
1368 1379 -0.35897
1380 1524 0.42605
1380 1392 0.5605
1380 1381 -1.53225
1381 1525 -0.16442
1381 1393 0.3418
1381 1382 -1.46202
1382 1526 -0.75248
1382 1394 -0.12823
1382 1383 -0.30746
1383 1527 0.46487
1383 1395 0.36755
1383 1384 0.05973
1384 1528 -0.66426
1384 1396 -0.68396
1384 1385 1.45092
1385 1529 -0.31017
1385 1397 -3.17415
1385 1386 -1.20036
1386 1530 -1.32571
1386 1398 -2.27586
1386 1387 -1.04826
1387 1531 0.34408
1387 1399 0.58906
1387 1388 -0.18038
1388 1532 -0.41587
1388 1400 0.41398
1388 1389 0.8089
1389 1533 -0.09132
1389 1401 -0.66891
1389 1390 -0.90327
1390 1534 1.13779
1390 1402 1.38102
1390 1391 0.2324
1391 1535 0.21525
1391 1403 -0.44195
1380 1391 -0.30914
1392 1536 -0.5294
1392 1404 -0.06175
1392 1393 -0.97421
1393 1537 -1.73552
1393 1405 -1.47767
1393 1394 -0.76129
1394 1538 1.60766
1394 1406 0.54486
1394 1395 1.41405
1395 1539 0.46362
1395 1407 -0.32793
1395 1396 -1.47601
1396 1540 -1.04031
1396 1408 0.62583
1396 1397 0.7062
1397 1541 -0.31897
1397 1409 2.08831
1397 1398 0.68326
1398 1542 -1.36619
1398 1410 0.60679
1398 1399 -0.29061
1399 1543 0.78993
1399 1411 -1.14054
1399 1400 0.2067
1400 1544 0.09479
1400 1412 0.16872
1400 1401 -0.89459
1401 1545 0.14087
1401 1413 0.49055
1401 1402 -0.12461
1402 1546 1.01298
1402 1414 0.13629
1402 1403 -0.79602
1403 1547 -2.08717
1403 1415 0.46464
1392 1403 -0.44443
1404 1548 1.46207
1404 1416 0.94183
1404 1405 -1.5193
1405 1549 0.87617
1405 1417 0.6535
1405 1406 -0.18287
1406 1550 -0.42471
1406 1418 0.28954
1406 1407 -1.2119
1407 1551 -0.81341
1407 1419 0.97113
1407 1408 1.26464
1408 1552 1.27356
1408 1420 -1.17268
1408 1409 0.44187
1409 1553 0.97664
1409 1421 -0.67463
1409 1410 -0.54571
1410 1554 -0.01369
1410 1422 0.00295
1410 1411 0.5797
1411 1555 0.17485
1411 1423 1.43064
1411 1412 -0.22552
1412 1556 -0.14124
1412 1424 -0.25085
1412 1413 0.57556
1413 1557 0.03608
1413 1425 -1.71116
1413 1414 -0.9241
1414 1558 -1.99495
1414 1426 -0.21088
1414 1415 0.79004
1415 1559 -0.14778
1415 1427 -0.89968
1404 1415 -0.05857
1416 1560 -0.0471
1416 1428 -0.54466
1416 1417 -1.05843
1417 1561 -0.01447
1417 1429 -0.40845
1417 1418 0.10382
1418 1562 -0.78965
1418 1430 -0.59226
1418 1419 -0.69321
1419 1563 -0.50977
1419 1431 0.24558
1419 1420 0.92056
1420 1564 -0.47981
1420 1432 1.30798
1420 1421 0.75612
1421 1565 1.12236
1421 1433 -1.77852
1421 1422 1.19541
1422 1566 -0.7156
1422 1434 -0.09517
1422 1423 1.24219
1423 1567 0.88506
1423 1435 -0.83354
1423 1424 -0.24733
1424 1568 -0.13048
1424 1436 -1.93317
1424 1425 0.41595
1425 1569 0.63449
1425 1437 0.42631
1425 1426 0.63856
1426 1570 -1.29079
1426 1438 0.24227
1426 1427 0.73889
1427 1571 1.20197
1427 1439 -0.9249
1416 1427 -0.1256
1428 1572 0.43994
1296 1428 -0.63059
1428 1429 -1.06335
1429 1573 -0.69261
1297 1429 -0.02456
1429 1430 -0.23371
1430 1574 -0.17138
1298 1430 1.54586
1430 1431 0.25978
1431 1575 0.01405
1299 1431 -1.09327
1431 1432 0.02976
1432 1576 0.55681
1300 1432 -0.4037
1432 1433 -0.06718
1433 1577 0.99929
1301 1433 -0.92756
1433 1434 -1.76108
1434 1578 1.16178
1302 1434 -0.84196
1434 1435 -0.5982
1435 1579 2.44466
1303 1435 -0.40332
1435 1436 1.09058
1436 1580 -0.54574
1304 1436 -1.12613
1436 1437 -1.08659
1437 1581 1.61159
1305 1437 0.0008
1437 1438 -0.35765
1438 1582 0.51661
1306 1438 -0.66959
1438 1439 2.05521
1439 1583 0.27229
1307 1439 -0.84346
1428 1439 1.58897
1440 1584 1.38984
1440 1452 0.89322
1440 1441 0.62412
1441 1585 -0.81375
1441 1453 0.69918
1441 1442 -0.34879
1442 1586 0.20439
1442 1454 -1.20789
1442 1443 1.79119
1443 1587 1.88791
1443 1455 -0.55672
1443 1444 -0.06107
1444 1588 -0.21498
1444 1456 0.567
1444 1445 -0.7541
1445 1589 -0.13135
1445 1457 -0.2783
1445 1446 0.1649
1446 1590 1.54575
1446 1458 0.12063
1446 1447 0.54637
1447 1591 -0.99605
1447 1459 -2.55917
1447 1448 0.04116
1448 1592 0.51028
1448 1460 -0.92838
1448 1449 0.3866
1449 1593 0.07195
1449 1461 1.99404
1449 1450 -0.40293
1450 1594 1.66091
1450 1462 -0.60251
1450 1451 0.31849
1451 1595 1.17189
1451 1463 -1.45332
1440 1451 -0.32323
1452 1596 -1.56303
1452 1464 0.15392
1452 1453 1.47587
1453 1597 -2.02057
1453 1465 1.10437
1453 1454 1.0945
1454 1598 -0.35795
1454 1466 -2.2204
1454 1455 -0.57693
1455 1599 1.4855
1455 1467 0.10042
1455 1456 1.3422
1456 1600 -0.29027
1456 1468 -0.59836
1456 1457 0.79412
1457 1601 -0.86137
1457 1469 -0.15965
1457 1458 -0.10492
1458 1602 -0.5933
1458 1470 -0.06788
1458 1459 0.79628
1459 1603 1.06887
1459 1471 2.34242
1459 1460 0.76955
1460 1604 0.00288
1460 1472 0.66284
1460 1461 1.39797
1461 1605 -0.09969
1461 1473 0.64788
1461 1462 0.16582
1462 1606 -0.86486
1462 1474 -0.73165
1462 1463 0.92928
1463 1607 -0.466
1463 1475 0.72136
1452 1463 0.23638
1464 1608 -0.17029
1464 1476 0.68116
1464 1465 -0.35224
1465 1609 -1.22117
1465 1477 1.41364
1465 1466 -1.66578
1466 1610 -0.88267
1466 1478 1.0557
1466 1467 1.74355
1467 1611 -0.13312
1467 1479 1.2444
1467 1468 0.33002
1468 1612 0.02163
1468 1480 1.41775
1468 1469 0.65923
1469 1613 -0.24304
1469 1481 0.49351
1469 1470 0.15604
1470 1614 -0.69165
1470 1482 1.18306
1470 1471 -0.04517
1471 1615 -0.45978
1471 1483 -0.28924
1471 1472 0.51275
1472 1616 -1.13654
1472 1484 -0.30342
1472 1473 -0.42114
1473 1617 1.8059
1473 1485 0.86087
1473 1474 0.88276
1474 1618 -0.23281
1474 1486 -0.66091
1474 1475 0.8726
1475 1619 -0.03942
1475 1487 0.25611
1464 1475 -0.37444
1476 1620 -0.98622
1476 1488 0.48848
1476 1477 -0.17057
1477 1621 0.80814
1477 1489 0.72341
1477 1478 -0.84633
1478 1622 -1.9264
1478 1490 0.31331
1478 1479 0.95759
1479 1623 0.19483
1479 1491 2.52084
1479 1480 -0.01816
1480 1624 -0.83801
1480 1492 -0.41689
1480 1481 -0.21182
1481 1625 0.51293
1481 1493 -1.09762
1481 1482 0.4802
1482 1626 -0.3704
1482 1494 -0.19444
1482 1483 -1.21472
1483 1627 -1.3581
1483 1495 -0.79687
1483 1484 -0.37926
1484 1628 0.74694
1484 1496 1.09526
1484 1485 -0.5854
1485 1629 2.13515
1485 1497 0.19748
1485 1486 0.27848
1486 1630 -0.58786
1486 1498 0.13567
1486 1487 0.06197
1487 1631 0.52493
1487 1499 -2.41396
1476 1487 0.87167
1488 1632 -1.28911
1488 1500 -4.27271
1488 1489 0.25776
1489 1633 0.6868
1489 1501 0.06523
1489 1490 -0.50948
1490 1634 0.02462
1490 1502 -0.139
1490 1491 -0.18378
1491 1635 -0.13423
1491 1503 1.19251
1491 1492 1.5504
1492 1636 0.13781
1492 1504 -1.36318
1492 1493 1.23097
1493 1637 0.21492
1493 1505 -0.31041
1493 1494 0.92845
1494 1638 -0.09781
1494 1506 1.11393
1494 1495 -1.12075
1495 1639 -0.21206
1495 1507 -0.0675
1495 1496 1.03137
1496 1640 0.30893
1496 1508 -1.09543
1496 1497 -0.20455
1497 1641 -0.7314
1497 1509 -0.29444
1497 1498 1.01191
1498 1642 -1.4305
1498 1510 -1.10549
1498 1499 -0.00353
1499 1643 0.48457
1499 1511 -0.28784
1488 1499 1.10716
1500 1644 -0.11115
1500 1512 -0.36664
1500 1501 0.85233
1501 1645 0.52832
1501 1513 0.00049
1501 1502 0.41958
1502 1646 0.78588
1502 1514 -0.55732
1502 1503 -1.68031
1503 1647 0.615
1503 1515 -0.04448
1503 1504 -0.21266
1504 1648 0.08344
1504 1516 -0.51566
1504 1505 0.16208
1505 1649 -0.84599
1505 1517 0.29136
1505 1506 0.79433
1506 1650 -0.01393
1506 1518 0.56672
1506 1507 0.13151
1507 1651 1.63844
1507 1519 1.3693
1507 1508 1.04352
1508 1652 -1.34588
1508 1520 0.40979
1508 1509 1.92288
1509 1653 0.48223
1509 1521 0.75838
1509 1510 -0.56867
1510 1654 -0.35611
1510 1522 0.53894
1510 1511 2.58152
1511 1655 -1.8839
1511 1523 -0.63639
1500 1511 -0.52884
1512 1656 1.51437
1512 1524 -1.21406
1512 1513 0.28999
1513 1657 0.30637
1513 1525 1.86608
1513 1514 -1.166
1514 1658 -1.01543
1514 1526 -1.62353
1514 1515 0.40019
1515 1659 -1.12063
1515 1527 -0.63425
1515 1516 -0.11124
1516 1660 0.08789
1516 1528 -0.46473
1516 1517 -1.02099
1517 1661 -0.32883
1517 1529 1.78168
1517 1518 -0.5492
1518 1662 0.97977
1518 1530 0.48077
1518 1519 0.03025
1519 1663 0.73042
1519 1531 0.1739
1519 1520 2.69516
1520 1664 -1.12936
1520 1532 0.18266
1520 1521 0.26278
1521 1665 -0.72751
1521 1533 0.82506
1521 1522 0.11051
1522 1666 -0.11862
1522 1534 -0.03044
1522 1523 -0.99192
1523 1667 2.51337
1523 1535 1.50091
1512 1523 -0.8297
1524 1668 0.02806
1524 1536 0.07813
1524 1525 -0.70496
1525 1669 0.50242
1525 1537 -0.2813
1525 1526 0.26051
1526 1670 -1.1505
1526 1538 0.52664
1526 1527 0.81852
1527 1671 0.22964
1527 1539 1.21903
1527 1528 1.90634
1528 1672 1.98319
1528 1540 -0.62116
1528 1529 -0.77323
1529 1673 1.72115
1529 1541 1.37716
1529 1530 -1.08198
1530 1674 1.15299
1530 1542 0.16509
1530 1531 0.07393
1531 1675 -0.46481
1531 1543 0.74797
1531 1532 -0.24763
1532 1676 -1.74718
1532 1544 0.7568
1532 1533 -0.50064
1533 1677 -0.11113
1533 1545 0.20882
1533 1534 0.13045
1534 1678 0.51483
1534 1546 -0.55503
1534 1535 0.27192
1535 1679 0.01266
1535 1547 0.94638
1524 1535 1.96494
1536 1680 -2.07045
1536 1548 -0.35077
1536 1537 -0.72718
1537 1681 0.21592
1537 1549 0.63072
1537 1538 2.91931
1538 1682 0.58228
1538 1550 0.13395
1538 1539 -0.00279
1539 1683 1.0516
1539 1551 0.95066
1539 1540 -0.14087
1540 1684 0.08606
1540 1552 -1.93138
1540 1541 0.58446
1541 1685 0.41307
1541 1553 0.92365
1541 1542 0.70997
1542 1686 -1.39499
1542 1554 1.77451
1542 1543 0.96479
1543 1687 0.01879
1543 1555 -0.83988
1543 1544 0.2112
1544 1688 0.1895
1544 1556 -0.07395
1544 1545 -0.07609
1545 1689 -0.42039
1545 1557 -0.75697
1545 1546 -2.35897
1546 1690 0.58377
1546 1558 -0.80473
1546 1547 1.61319
1547 1691 -2.40842
1547 1559 -1.19209
1536 1547 -0.80904
1548 1692 -0.39975
1548 1560 0.29019
1548 1549 0.32477
1549 1693 -0.71456
1549 1561 0.2897
1549 1550 -1.42654
1550 1694 1.24743
1550 1562 0.3975
1550 1551 0.02857
1551 1695 2.03847
1551 1563 1.1413
1551 1552 -0.32164
1552 1696 0.4207
1552 1564 1.24243
1552 1553 -0.94575
1553 1697 0.4229
1553 1565 0.5378
1553 1554 -0.58845
1554 1698 1.41858
1554 1566 -0.9884
1554 1555 1.0299
1555 1699 -1.24955
1555 1567 -1.75184
1555 1556 -0.31873
1556 1700 -0.41728
1556 1568 -0.97517
1556 1557 -0.9502
1557 1701 -0.76771
1557 1569 0.18399
1557 1558 -0.59556
1558 1702 -1.33016
1558 1570 1.40723
1558 1559 2.02809
1559 1703 0.88145
1559 1571 -0.47515
1548 1559 -0.2507
1560 1704 -1.09601
1560 1572 0.36369
1560 1561 1.60913
1561 1705 0.24905
1561 1573 -1.20652
1561 1562 -0.81299
1562 1706 1.40808
1562 1574 -0.98742
1562 1563 -0.18479
1563 1707 1.52476
1563 1575 -1.2865
1563 1564 1.28949
1564 1708 -1.10404
1564 1576 0.45216
1564 1565 0.35982
1565 1709 0.44882
1565 1577 3.06466
1565 1566 0.2187
1566 1710 1.29116
1566 1578 0.5804
1566 1567 -0.26223
1567 1711 1.47471
1567 1579 1.03981
1567 1568 0.82806
1568 1712 2.87591
1568 1580 1.55033
1568 1569 -0.99495
1569 1713 0.33801
1569 1581 -0.72632
1569 1570 -0.48915
1570 1714 -1.37427
1570 1582 -1.03311
1570 1571 -0.74016
1571 1715 -0.28685
1571 1583 -1.11853
1560 1571 -1.43521
1572 1716 -0.9714
1440 1572 -0.26208
1572 1573 1.164
1573 1717 0.30608
1441 1573 0.10626
1573 1574 1.5973
1574 1718 -1.09126
1442 1574 -0.39027
1574 1575 -0.10969
1575 1719 0.33245
1443 1575 0.50658
1575 1576 -0.9135
1576 1720 -1.75813
1444 1576 -0.04324
1576 1577 -1.5683
1577 1721 0.54835
1445 1577 1.08767
1577 1578 -0.19849
1578 1722 -0.36824
1446 1578 0.40398
1578 1579 -0.00162
1579 1723 1.61942
1447 1579 0.25718
1579 1580 0.26564
1580 1724 2.11691
1448 1580 0.53724
1580 1581 -0.46043
1581 1725 1.83152
1449 1581 -2.63439
1581 1582 -0.91639
1582 1726 -0.04569
1450 1582 0.23257
1582 1583 -0.29615
1583 1727 0.23206
1451 1583 1.49625
1572 1583 0.43878
0 1584 -0.60287
1584 1596 -0.77804
1584 1585 -0.27583
1 1585 -1.7745
1585 1597 1.6033
1585 1586 0.50573
2 1586 -0.72671
1586 1598 0.63662
1586 1587 -1.10072
3 1587 -0.20278
1587 1599 0.10174
1587 1588 -1.0671
4 1588 0.73718
1588 1600 0.17256
1588 1589 0.40153
5 1589 0.61211
1589 1601 1.99518
1589 1590 -1.11032
6 1590 0.02815
1590 1602 -0.58234
1590 1591 1.34586
7 1591 -1.77497
1591 1603 -0.66833
1591 1592 0.42314
8 1592 0.01335
1592 1604 -1.793
1592 1593 0.7187
9 1593 0.69665
1593 1605 -0.28239
1593 1594 0.37555
10 1594 1.42893
1594 1606 1.08144
1594 1595 -0.46505
11 1595 0.62562
1595 1607 -0.65212
1584 1595 -0.8985
12 1596 0.93094
1596 1608 0.15849
1596 1597 -0.26024
13 1597 0.05582
1597 1609 -0.9517
1597 1598 -0.64582
14 1598 0.46488
1598 1610 -1.03069
1598 1599 -0.49828
15 1599 -0.90698
1599 1611 0.66615
1599 1600 1.43356
16 1600 0.17808
1600 1612 -0.18169
1600 1601 0.28475
17 1601 -0.8117
1601 1613 -0.72492
1601 1602 1.45537
18 1602 -0.04646
1602 1614 0.87515
1602 1603 0.28351
19 1603 0.39994
1603 1615 -0.03885
1603 1604 -1.36995
20 1604 1.1328
1604 1616 2.27875
1604 1605 -1.64275
21 1605 0.87967
1605 1617 -1.16727
1605 1606 -0.472
22 1606 -0.10766
1606 1618 0.51924
1606 1607 -0.04659
23 1607 -0.41924
1607 1619 0.34917
1596 1607 -0.80885
24 1608 0.03265
1608 1620 0.9561
1608 1609 -1.54956
25 1609 -0.76646
1609 1621 -0.4572
1609 1610 0.26557
26 1610 -1.31772
1610 1622 0.59148
1610 1611 -1.13412
27 1611 0.68722
1611 1623 -2.69491
1611 1612 0.18297
28 1612 0.92956
1612 1624 0.31072
1612 1613 -0.83768
29 1613 -1.17349
1613 1625 0.53957
1613 1614 -0.37232
30 1614 0.58466
1614 1626 0.42883
1614 1615 0.07349
31 1615 -1.2055
1615 1627 -1.4014
1615 1616 -0.22101
32 1616 -0.70238
1616 1628 -0.03692
1616 1617 -0.48842
33 1617 -0.2616
1617 1629 0.10761
1617 1618 1.00747
34 1618 0.31063
1618 1630 1.06915
1618 1619 2.29886
35 1619 -0.29327
1619 1631 -1.04212
1608 1619 2.39687
36 1620 -0.30323
1620 1632 -1.06908
1620 1621 0.18101
37 1621 -0.88826
1621 1633 -0.10963
1621 1622 1.47782
38 1622 0.27338
1622 1634 -0.13498
1622 1623 -1.14342
39 1623 1.25752
1623 1635 1.67928
1623 1624 -2.10743
40 1624 -0.95658
1624 1636 -0.95256
1624 1625 0.63094
41 1625 -0.58216
1625 1637 -0.64053
1625 1626 -0.42411
42 1626 -2.19404
1626 1638 -1.2896
1626 1627 -1.0589
43 1627 -0.75253
1627 1639 -0.45824
1627 1628 0.49759
44 1628 -0.53002
1628 1640 1.79214
1628 1629 -0.11605
45 1629 1.32069
1629 1641 -1.58076
1629 1630 0.07681
46 1630 1.78088
1630 1642 0.48005
1630 1631 -0.68444
47 1631 1.46257
1631 1643 0.82609
1620 1631 0.27433
48 1632 0.6641
1632 1644 -1.28051
1632 1633 -0.36051
49 1633 0.86622
1633 1645 -1.72522
1633 1634 0.83656
50 1634 0.36657
1634 1646 1.15671
1634 1635 1.25251
51 1635 -0.88487
1635 1647 0.6352
1635 1636 -0.63466
52 1636 1.2962
1636 1648 0.54016
1636 1637 2.22047
53 1637 -1.62374
1637 1649 -0.65991
1637 1638 -0.85026
54 1638 -1.1791
1638 1650 0.66066
1638 1639 -0.18605
55 1639 1.09611
1639 1651 1.01059
1639 1640 -0.76569
56 1640 0.54564
1640 1652 -0.50933
1640 1641 -1.20195
57 1641 0.99849
1641 1653 0.15632
1641 1642 0.44882
58 1642 -1.29483
1642 1654 0.1654
1642 1643 -0.29555
59 1643 -0.26152
1643 1655 0.19133
1632 1643 2.53164
60 1644 0.20315
1644 1656 1.3623
1644 1645 -0.8704
61 1645 0.16314
1645 1657 -1.3172
1645 1646 -0.33155
62 1646 -1.72539
1646 1658 -0.93067
1646 1647 0.61222
63 1647 -0.24543
1647 1659 -1.15672
1647 1648 -1.43091
64 1648 1.41052
1648 1660 -1.84171
1648 1649 -0.77945
65 1649 -0.51713
1649 1661 -1.78054
1649 1650 -0.03884
66 1650 -1.26861
1650 1662 0.22372
1650 1651 1.46931
67 1651 -0.40014
1651 1663 1.48745
1651 1652 1.42254
68 1652 -0.13368
1652 1664 -0.53134
1652 1653 0.47067
69 1653 0.97442
1653 1665 -1.05591
1653 1654 1.60608
70 1654 -0.75954
1654 1666 1.10174
1654 1655 0.60996
71 1655 -0.07498
1655 1667 -0.56831
1644 1655 0.24606
72 1656 -0.62954
1656 1668 -0.71899
1656 1657 1.24895
73 1657 1.54858
1657 1669 1.85125
1657 1658 -0.51048
74 1658 -1.56935
1658 1670 -0.2154
1658 1659 0.02393
75 1659 -0.18171
1659 1671 0.35932
1659 1660 0.63253
76 1660 -1.84229
1660 1672 -0.40871
1660 1661 1.19901
77 1661 -0.26215
1661 1673 2.86698
1661 1662 -0.89382
78 1662 0.26833
1662 1674 -0.21743
1662 1663 1.36823
79 1663 -0.86981
1663 1675 1.34597
1663 1664 0.68548
80 1664 1.02956
1664 1676 -1.24059
1664 1665 -0.74419
81 1665 -0.95442
1665 1677 -0.35663
1665 1666 -0.11941
82 1666 1.77402
1666 1678 0.58985
1666 1667 0.0493
83 1667 0.39083
1667 1679 0.32397
1656 1667 1.6231
84 1668 0.76679
1668 1680 -0.29046
1668 1669 0.23357
85 1669 -0.87362
1669 1681 2.06284
1669 1670 -1.12365
86 1670 0.78003
1670 1682 -1.6962
1670 1671 1.64162
87 1671 0.91729
1671 1683 0.08551
1671 1672 0.3003
88 1672 -0.70608
1672 1684 0.05886
1672 1673 -0.16327
89 1673 2.52771
1673 1685 -1.19102
1673 1674 0.32976
90 1674 0.58537
1674 1686 -0.99558
1674 1675 -0.13175
91 1675 0.49141
1675 1687 2.5786
1675 1676 0.47363
92 1676 -1.39764
1676 1688 0.6585
1676 1677 -0.26544
93 1677 -0.41961
1677 1689 -0.60257
1677 1678 0.06286
94 1678 -0.73696
1678 1690 1.67975
1678 1679 -0.35492
95 1679 -1.63045
1679 1691 -0.14259
1668 1679 1.17638
96 1680 -0.39224
1680 1692 0.40725
1680 1681 -0.75774
97 1681 -2.39492
1681 1693 0.4523
1681 1682 -2.62943
98 1682 -0.73868
1682 1694 -2.68902
1682 1683 0.32239
99 1683 0.80774
1683 1695 -0.99848
1683 1684 -1.78102
100 1684 -0.03919
1684 1696 0.22298
1684 1685 1.87768
101 1685 -0.40544
1685 1697 1.49735
1685 1686 2.32984
102 1686 0.79024
1686 1698 -0.03338
1686 1687 0.50811
103 1687 0.23134
1687 1699 0.02607
1687 1688 -0.2699
104 1688 1.33953
1688 1700 0.71798
1688 1689 0.79988
105 1689 1.5702
1689 1701 0.5794
1689 1690 -1.48238
106 1690 0.51911
1690 1702 -1.40731
1690 1691 -0.97142
107 1691 0.22485
1691 1703 -0.15387
1680 1691 -0.41351
108 1692 0.35912
1692 1704 1.42872
1692 1693 2.12298
109 1693 0.10367
1693 1705 2.51866
1693 1694 -0.00456
110 1694 1.16954
1694 1706 -0.09562
1694 1695 -0.96476
111 1695 -1.32058
1695 1707 0.5666
1695 1696 -1.54044
112 1696 -2.05173
1696 1708 -0.31325
1696 1697 0.14523
113 1697 0.05446
1697 1709 0.26202
1697 1698 0.38874
114 1698 0.34934
1698 1710 -1.0845
1698 1699 0.38793
115 1699 0.14335
1699 1711 -1.81944
1699 1700 0.21665
116 1700 -0.23354
1700 1712 -0.41006
1700 1701 1.5873
117 1701 -0.35203
1701 1713 0.81722
1701 1702 1.58915
118 1702 -1.24629
1702 1714 -0.1678
1702 1703 1.22864
119 1703 -1.28286
1703 1715 0.13801
1692 1703 -0.72816
120 1704 -0.87764
1704 1716 0.87301
1704 1705 -0.32376
121 1705 -0.07666
1705 1717 -1.14633
1705 1706 -1.05517
122 1706 0.05397
1706 1718 -0.39325
1706 1707 0.50495
123 1707 -0.47015
1707 1719 -2.15346
1707 1708 0.01917
124 1708 -0.98956
1708 1720 -0.03449
1708 1709 0.25143
125 1709 0.78889
1709 1721 -0.16879
1709 1710 0.24525
126 1710 0.00444
1710 1722 -0.37669
1710 1711 0.96558
127 1711 0.29196
1711 1723 -1.02867
1711 1712 -0.31009
128 1712 1.10267
1712 1724 0.20205
1712 1713 -1.20896
129 1713 -1.48801
1713 1725 -0.95996
1713 1714 0.07276
130 1714 -0.25957
1714 1726 -0.73181
1714 1715 -0.61279
131 1715 -0.09821
1715 1727 -1.21386
1704 1715 -0.02952
132 1716 -1.08117
1584 1716 -0.57579
1716 1717 -0.49584
133 1717 0.52951
1585 1717 1.06404
1717 1718 2.31785
134 1718 0.23092
1586 1718 0.12854
1718 1719 0.54962
135 1719 -0.09461
1587 1719 -0.27138
1719 1720 -0.33722
136 1720 0.57952
1588 1720 -0.41735
1720 1721 -0.26315
137 1721 -1.38887
1589 1721 -0.11171
1721 1722 0.32185
138 1722 -1.33696
1590 1722 0.80259
1722 1723 -0.63635
139 1723 0.51427
1591 1723 0.01494
1723 1724 -0.95294
140 1724 -0.19054
1592 1724 1.93572
1724 1725 -0.32517
141 1725 -0.28882
1593 1725 -0.10479
1725 1726 0.96607
142 1726 -0.68995
1594 1726 -1.95638
1726 1727 -1.55799
143 1727 -0.03048
1595 1727 -0.61359
1716 1727 0.08984
