# model=xorsat K=99.0 seed=123456
0 1
1 -1
2 1
3 -1
4 -1
5 1
6 -3
7 -1
8 1
9 1
10 -1
11 -1
12 -1
13 -1
14 1
15 3
16 -3
17 -1
18 -1
19 3
20 -1
21 -1
22 1
23 3
24 1
25 -1
26 -1
27 -1
28 -1
29 -1
30 -1
31 3
32 1
33 1
34 1
35 1
36 -3
37 -3
38 -3
39 1
40 1
41 1
42 -3
43 3
44 -1
45 -3
46 1
47 -1
48 -1
49 -1
50 -1
51 1
52 1
53 1
54 -1
55 -1
56 -1
57 -1
58 -1
59 -1
60 -3
61 -1
62 -1
63 3
64 -1
65 3
66 -1
67 -1
68 1
69 1
70 -1
71 1
72 1
73 1
74 3
75 -1
76 1
77 1
78 -3
79 -1
80 -1
81 1
82 -1
83 -3
84 -1
85 -1
86 -1
87 -1
88 -1
89 1
90 -3
91 1
92 -1
93 1
94 1
95 -3
96 -1
97 1
98 -1
99 2
100 2
101 2
102 2
103 2
104 2
105 -2
106 2
107 -2
108 -2
109 -2
110 2
111 -2
112 2
113 2
114 2
115 -2
116 2
117 2
118 2
119 -2
120 -2
121 -2
122 -2
123 -2
124 2
125 -2
126 2
127 2
128 -2
129 -2
130 2
131 2
132 2
133 2
134 2
135 -2
136 -2
137 2
138 -2
139 -2
140 2
141 -2
142 -2
143 -2
144 -2
145 -2
146 -2
147 -2
148 2
149 -2
150 2
151 -2
152 2
153 2
154 2
155 -2
156 2
157 -2
158 -2
159 -2
160 -2
161 2
162 2
163 2
164 2
165 2
166 2
167 -2
168 -2
169 -2
170 -2
171 -2
172 2
173 -2
174 -2
175 -2
176 -2
177 -2
178 2
179 2
180 2
181 -2
182 -2
183 -2
184 2
185 2
186 -2
187 -2
188 2
189 -2
190 -2
191 -2
192 -2
193 -2
194 2
195 2
196 -2
197 -2
0 10 -1
0 15 -1
0 39 -1
0 60 -1
0 63 -1
0 92 -1
0 153 -2
0 180 -2
0 197 -2
1 3 -1
1 37 -1
1 46 -1
1 53 -1
1 57 -1
1 85 -1
1 111 -2
1 171 -2
1 185 -2
2 4 -1
2 31 -1
2 50 -1
2 54 -1
2 95 -1
2 97 -1
2 113 -2
2 144 -2
2 172 -2
3 7 -1
3 20 -1
3 32 -1
3 57 -1
3 91 -1
3 103 -2
3 147 -2
3 171 -2
4 48 -1
4 60 -1
4 62 -1
4 87 -1
4 97 -1
4 113 -2
4 136 -2
4 138 -2
5 11 -1
5 16 -1
5 19 -1
5 31 -1
5 43 -1
5 94 -1
5 137 -2
5 139 -2
5 152 -2
6 7 -1
6 28 -1
6 46 -1
6 67 -1
6 70 -1
6 96 -1
6 108 -2
6 142 -2
6 167 -2
7 20 -1
7 47 -1
7 70 -1
7 93 -1
7 147 -2
7 148 -2
7 167 -2
8 14 -1
8 19 -1
8 25 -1
8 74 -1
8 80 -1
8 96 -1
8 132 -2
8 134 -2
8 157 -2
9 12 -1
9 13 -1
9 23 -1
9 45 -1
9 63 -1
9 81 -1
9 100 -2
9 162 -2
9 183 -2
10 49 -1
10 60 -1
10 65 -1
10 69 -1
10 86 -1
10 99 -2
10 168 -2
10 197 -2
11 43 -1
11 44 -1
11 47 -1
11 61 -1
11 80 -1
11 128 -2
11 152 -2
11 181 -2
12 45 -1
12 66 -1
12 81 -1
12 92 -1
12 98 -1
12 107 -2
12 149 -2
12 162 -2
13 18 -1
13 21 -1
13 45 -1
13 56 -1
13 82 -1
13 116 -2
13 159 -2
13 183 -2
14 19 -1
14 23 -1
14 33 -1
14 49 -1
14 72 -1
14 134 -2
14 163 -2
14 174 -2
15 19 -1
15 32 -1
15 39 -1
15 66 -1
15 73 -1
15 114 -2
15 153 -2
15 161 -2
16 26 -1
16 55 -1
16 62 -1
16 90 -1
16 94 -1
16 109 -2
16 139 -2
16 187 -2
17 41 -1
17 54 -1
17 60 -1
17 81 -1
17 82 -1
17 97 -1
17 126 -2
17 160 -2
17 189 -2
18 34 -1
18 56 -1
18 76 -1
18 78 -1
18 88 -1
18 150 -2
18 158 -2
18 159 -2
19 31 -1
19 66 -1
19 134 -2
19 137 -2
19 161 -2
20 28 -1
20 38 -1
20 39 -1
20 57 -1
20 115 -2
20 147 -2
20 165 -2
21 36 -1
21 41 -1
21 82 -1
21 90 -1
21 93 -1
21 116 -2
21 125 -2
21 186 -2
22 25 -1
22 42 -1
22 62 -1
22 68 -1
22 74 -1
22 85 -1
22 178 -2
22 191 -2
22 195 -2
23 57 -1
23 63 -1
23 72 -1
23 76 -1
23 100 -2
23 163 -2
23 184 -2
24 35 -1
24 59 -1
24 70 -1
24 71 -1
24 73 -1
24 77 -1
24 123 -2
24 124 -2
24 133 -2
25 51 -1
25 74 -1
25 77 -1
25 96 -1
25 157 -2
25 192 -2
25 195 -2
26 27 -1
26 29 -1
26 47 -1
26 90 -1
26 92 -1
26 112 -2
26 170 -2
26 187 -2
27 29 -1
27 30 -1
27 50 -1
27 58 -1
27 67 -1
27 112 -2
27 169 -2
27 176 -2
28 37 -1
28 38 -1
28 39 -1
28 46 -1
28 108 -2
28 143 -2
28 165 -2
29 37 -1
29 39 -1
29 79 -1
29 87 -1
29 112 -2
29 135 -2
29 155 -2
30 44 -1
30 45 -1
30 67 -1
30 71 -1
30 85 -1
30 141 -2
30 169 -2
30 179 -2
31 43 -1
31 50 -1
31 69 -1
31 137 -2
31 172 -2
31 194 -2
32 36 -1
32 73 -1
32 86 -1
32 91 -1
32 103 -2
32 114 -2
32 190 -2
33 40 -1
33 49 -1
33 56 -1
33 70 -1
33 97 -1
33 104 -2
33 174 -2
33 188 -2
34 35 -1
34 48 -1
34 68 -1
34 75 -1
34 78 -1
34 106 -2
34 158 -2
34 164 -2
35 48 -1
35 71 -1
35 75 -1
35 91 -1
35 129 -2
35 133 -2
35 164 -2
36 38 -1
36 41 -1
36 86 -1
36 95 -1
36 125 -2
36 145 -2
36 190 -2
37 38 -1
37 85 -1
37 87 -1
37 111 -2
37 143 -2
37 155 -2
38 57 -1
38 95 -1
38 115 -2
38 143 -2
38 145 -2
39 79 -1
39 135 -2
39 153 -2
39 165 -2
40 51 -1
40 55 -1
40 79 -1
40 81 -1
40 97 -1
40 110 -2
40 120 -2
40 188 -2
41 81 -1
41 84 -1
41 96 -1
41 117 -2
41 125 -2
41 126 -2
42 66 -1
42 75 -1
42 83 -1
42 85 -1
42 98 -1
42 105 -2
42 121 -2
42 191 -2
43 61 -1
43 65 -1
43 69 -1
43 152 -2
43 154 -2
43 194 -2
44 45 -1
44 47 -1
44 49 -1
44 53 -1
44 128 -2
44 141 -2
44 156 -2
45 98 -1
45 107 -2
45 141 -2
45 183 -2
46 53 -1
46 89 -1
46 94 -1
46 108 -2
46 118 -2
46 185 -2
47 92 -1
47 93 -1
47 128 -2
47 148 -2
47 170 -2
48 50 -1
48 62 -1
48 78 -1
48 138 -2
48 164 -2
48 196 -2
49 53 -1
49 69 -1
49 156 -2
49 168 -2
49 174 -2
50 58 -1
50 78 -1
50 172 -2
50 176 -2
50 196 -2
51 54 -1
51 77 -1
51 79 -1
51 91 -1
51 102 -2
51 110 -2
51 192 -2
52 69 -1
52 74 -1
52 78 -1
52 88 -1
52 89 -1
52 94 -1
52 101 -2
52 131 -2
52 193 -2
53 64 -1
53 90 -1
53 156 -2
53 175 -2
53 185 -2
54 91 -1
54 95 -1
54 97 -1
54 102 -2
54 144 -2
54 160 -2
55 59 -1
55 62 -1
55 65 -1
55 81 -1
55 109 -2
55 120 -2
55 127 -2
56 58 -1
56 64 -1
56 70 -1
56 104 -2
56 159 -2
56 177 -2
57 76 -1
57 115 -2
57 171 -2
57 184 -2
58 63 -1
58 64 -1
58 87 -1
58 140 -2
58 176 -2
58 177 -2
59 65 -1
59 70 -1
59 83 -1
59 89 -1
59 123 -2
59 127 -2
59 173 -2
60 82 -1
60 87 -1
60 136 -2
60 189 -2
60 197 -2
61 65 -1
61 72 -1
61 76 -1
61 80 -1
61 146 -2
61 154 -2
61 181 -2
62 68 -1
62 109 -2
62 138 -2
62 178 -2
63 87 -1
63 92 -1
63 100 -2
63 140 -2
63 180 -2
64 67 -1
64 72 -1
64 90 -1
64 130 -2
64 175 -2
64 177 -2
65 86 -1
65 99 -2
65 127 -2
65 154 -2
66 75 -1
66 92 -1
66 121 -2
66 149 -2
66 161 -2
67 72 -1
67 96 -1
67 130 -2
67 142 -2
67 169 -2
68 75 -1
68 84 -1
68 88 -1
68 106 -2
68 178 -2
68 182 -2
69 89 -1
69 131 -2
69 168 -2
69 194 -2
70 104 -2
70 123 -2
70 167 -2
71 79 -1
71 80 -1
71 85 -1
71 133 -2
71 151 -2
71 179 -2
72 76 -1
72 130 -2
72 146 -2
72 163 -2
73 77 -1
73 82 -1
73 84 -1
73 114 -2
73 122 -2
73 124 -2
74 80 -1
74 94 -1
74 101 -2
74 132 -2
74 195 -2
75 91 -1
75 106 -2
75 121 -2
75 129 -2
76 88 -1
76 146 -2
76 150 -2
76 184 -2
77 93 -1
77 98 -1
77 124 -2
77 166 -2
77 192 -2
78 88 -1
78 158 -2
78 193 -2
78 196 -2
79 80 -1
79 110 -2
79 135 -2
79 151 -2
80 132 -2
80 151 -2
80 181 -2
81 120 -2
81 126 -2
81 162 -2
82 84 -1
82 116 -2
82 122 -2
82 189 -2
83 86 -1
83 89 -1
83 95 -1
83 98 -1
83 105 -2
83 119 -2
83 173 -2
84 88 -1
84 96 -1
84 117 -2
84 122 -2
84 182 -2
85 111 -2
85 179 -2
85 191 -2
86 95 -1
86 99 -2
86 119 -2
86 190 -2
87 136 -2
87 140 -2
87 155 -2
88 150 -2
88 182 -2
88 193 -2
89 94 -1
89 118 -2
89 131 -2
89 173 -2
90 93 -1
90 175 -2
90 186 -2
90 187 -2
91 102 -2
91 103 -2
91 129 -2
92 149 -2
92 170 -2
92 180 -2
93 98 -1
93 148 -2
93 166 -2
93 186 -2
94 101 -2
94 118 -2
94 139 -2
95 119 -2
95 144 -2
95 145 -2
96 117 -2
96 142 -2
96 157 -2
97 113 -2
97 160 -2
97 188 -2
98 105 -2
98 107 -2
98 166 -2
