# model=xorsat K=1005.0 seed=123456
0 -1
1 1
2 3
3 3
4 1
5 1
6 1
7 3
8 -1
9 -1
10 3
11 1
12 -1
13 1
14 1
15 -1
16 3
17 1
18 1
19 -1
20 1
21 -1
22 1
23 3
24 1
25 -1
26 -1
27 -1
28 -3
29 1
30 1
31 -3
32 -1
33 -1
34 1
35 1
36 -1
37 3
38 -3
39 -1
40 1
41 -1
42 -3
43 -1
44 -3
45 3
46 1
47 -1
48 -3
49 1
50 1
51 1
52 1
53 -1
54 1
55 1
56 -3
57 -1
58 1
59 -1
60 -1
61 3
62 -1
63 3
64 -1
65 -3
66 1
67 -1
68 -1
69 -1
70 3
71 3
72 -1
73 -1
74 3
75 -3
76 1
77 1
78 3
79 1
80 1
81 1
82 -1
83 1
84 -1
85 -1
86 -3
87 1
88 -1
89 1
90 -3
91 3
92 -1
93 1
94 -1
95 1
96 1
97 -1
98 1
99 1
100 -1
101 -1
102 3
103 1
104 1
105 3
106 3
107 1
108 1
109 1
110 -1
111 3
112 3
113 -3
114 -3
115 1
116 1
117 -1
118 -1
119 -3
120 -1
121 1
122 3
123 1
124 1
125 -3
126 1
127 1
128 -1
129 3
130 -1
131 -1
132 -1
133 -1
134 1
135 1
136 -1
137 -1
138 -3
139 1
140 1
141 3
142 -1
143 -3
144 -1
145 1
146 -1
147 -1
148 -1
149 -1
150 1
151 -1
152 1
153 1
154 -3
155 3
156 1
157 1
158 -1
159 -1
160 3
161 1
162 -3
163 -1
164 -1
165 -1
166 1
167 1
168 -1
169 1
170 3
171 -1
172 1
173 -1
174 -3
175 1
176 3
177 -3
178 1
179 1
180 -3
181 -3
182 1
183 -1
184 -1
185 -1
186 -3
187 3
188 1
189 1
190 1
191 -1
192 1
193 -1
194 3
195 -1
196 1
197 -1
198 1
199 3
200 -1
201 -1
202 3
203 1
204 1
205 1
206 1
207 -1
208 1
209 -3
210 3
211 1
212 -3
213 -3
214 1
215 3
216 -3
217 -1
218 1
219 -1
220 -1
221 3
222 3
223 3
224 -1
225 -1
226 3
227 -1
228 -1
229 1
230 1
231 -1
232 1
233 -3
234 1
235 -1
236 1
237 -1
238 1
239 -3
240 1
241 1
242 1
243 -1
244 1
245 1
246 1
247 -1
248 -3
249 -3
250 -3
251 1
252 -1
253 -1
254 -3
255 1
256 3
257 -1
258 -1
259 -1
260 1
261 -1
262 -1
263 1
264 -1
265 -1
266 1
267 1
268 -1
269 -1
270 1
271 -1
272 3
273 1
274 3
275 -1
276 -1
277 3
278 1
279 3
280 1
281 1
282 1
283 -1
284 -1
285 -1
286 3
287 -3
288 1
289 -1
290 -1
291 1
292 -1
293 1
294 1
295 3
296 1
297 1
298 -1
299 3
300 3
301 1
302 1
303 1
304 -1
305 3
306 3
307 -3
308 3
309 1
310 1
311 -1
312 -1
313 1
314 1
315 -1
316 -1
317 1
318 -3
319 -1
320 1
321 -3
322 -1
323 1
324 -1
325 1
326 1
327 1
328 3
329 -1
330 1
331 1
332 3
333 -1
334 3
335 1
336 1
337 1
338 -3
339 1
340 1
341 -3
342 -3
343 3
344 1
345 -3
346 1
347 1
348 -1
349 1
350 1
351 1
352 1
353 -1
354 -1
355 -1
356 -1
357 1
358 1
359 1
360 -1
361 1
362 1
363 1
364 -3
365 -1
366 -3
367 -1
368 1
369 1
370 1
371 1
372 1
373 -1
374 -3
375 1
376 1
377 3
378 1
379 1
380 1
381 -1
382 1
383 3
384 1
385 -1
386 -3
387 -1
388 3
389 3
390 3
391 1
392 1
393 -3
394 1
395 1
396 -1
397 1
398 3
399 -3
400 -1
401 1
402 -1
403 1
404 1
405 1
406 3
407 1
408 1
409 1
410 -3
411 3
412 -1
413 -3
414 1
415 1
416 -1
417 1
418 -3
419 1
420 1
421 -1
422 -3
423 -1
424 -3
425 -1
426 -1
427 3
428 -1
429 1
430 1
431 3
432 1
433 -3
434 -3
435 1
436 -1
437 -1
438 3
439 1
440 -1
441 -1
442 3
443 1
444 1
445 3
446 -1
447 1
448 1
449 1
450 -3
451 1
452 1
453 -1
454 3
455 -1
456 3
457 -3
458 -1
459 -1
460 -3
461 3
462 -3
463 1
464 -1
465 1
466 3
467 -1
468 -3
469 1
470 -3
471 1
472 1
473 -1
474 -1
475 -1
476 3
477 -1
478 -3
479 1
480 -1
481 -1
482 3
483 1
484 -1
485 3
486 -1
487 1
488 3
489 -1
490 3
491 -1
492 1
493 1
494 1
495 1
496 -1
497 -3
498 1
499 -1
500 -1
501 -3
502 3
503 -1
504 3
505 -1
506 -1
507 -1
508 -1
509 1
510 1
511 1
512 -3
513 -1
514 1
515 -3
516 1
517 1
518 -1
519 1
520 1
521 -1
522 1
523 1
524 -1
525 -1
526 1
527 -1
528 -1
529 1
530 1
531 1
532 1
533 1
534 1
535 3
536 -1
537 -1
538 3
539 1
540 1
541 -1
542 -1
543 -1
544 -1
545 3
546 -1
547 1
548 3
549 1
550 1
551 1
552 1
553 -3
554 -1
555 1
556 1
557 1
558 1
559 1
560 -1
561 1
562 -3
563 1
564 -1
565 -1
566 1
567 1
568 -1
569 1
570 -1
571 -1
572 1
573 3
574 -1
575 1
576 3
577 3
578 1
579 1
580 -1
581 -1
582 -1
583 -1
584 -1
585 -1
586 -3
587 -1
588 3
589 -3
590 3
591 -1
592 1
593 1
594 3
595 -3
596 1
597 1
598 1
599 -1
600 3
601 1
602 1
603 1
604 3
605 1
606 1
607 -1
608 -3
609 1
610 -1
611 -3
612 -3
613 1
614 3
615 1
616 -1
617 1
618 1
619 1
620 -1
621 3
622 1
623 -3
624 1
625 3
626 1
627 -1
628 -1
629 1
630 3
631 1
632 -3
633 -1
634 3
635 1
636 3
637 -1
638 3
639 1
640 1
641 -1
642 1
643 -3
644 1
645 3
646 1
647 1
648 -1
649 -1
650 -3
651 1
652 -3
653 1
654 3
655 -1
656 -1
657 1
658 1
659 1
660 3
661 1
662 1
663 -3
664 3
665 -1
666 3
667 3
668 -3
669 3
670 -1
671 1
672 1
673 -1
674 -1
675 1
676 -1
677 1
678 1
679 1
680 1
681 -1
682 -1
683 1
684 -3
685 1
686 -1
687 3
688 -1
689 -1
690 1
691 -1
692 3
693 3
694 1
695 -3
696 -1
697 -3
698 -1
699 -1
700 -1
701 1
702 -1
703 -1
704 -1
705 -1
706 -1
707 -3
708 1
709 -1
710 3
711 -1
712 -1
713 1
714 1
715 -1
716 -1
717 -1
718 1
719 -1
720 1
721 3
722 1
723 1
724 -1
725 1
726 1
727 -1
728 -1
729 -3
730 -1
731 -3
732 3
733 -1
734 1
735 -1
736 1
737 -3
738 1
739 -1
740 3
741 3
742 -1
743 -1
744 -1
745 -1
746 3
747 -1
748 -1
749 1
750 1
751 -1
752 -3
753 1
754 -1
755 1
756 -1
757 1
758 1
759 1
760 3
761 3
762 1
763 1
764 1
765 3
766 -3
767 1
768 3
769 -1
770 -1
771 -1
772 -1
773 -1
774 1
775 -1
776 3
777 1
778 1
779 -1
780 -1
781 -1
782 -1
783 3
784 1
785 1
786 1
787 1
788 -1
789 1
790 3
791 1
792 3
793 1
794 3
795 3
796 1
797 1
798 -3
799 -3
800 1
801 1
802 1
803 -1
804 -1
805 1
806 1
807 1
808 -1
809 3
810 -1
811 -1
812 1
813 1
814 1
815 -3
816 3
817 -1
818 3
819 -1
820 1
821 3
822 -1
823 -1
824 -1
825 1
826 1
827 1
828 3
829 1
830 1
831 -1
832 1
833 3
834 -1
835 3
836 -1
837 3
838 1
839 1
840 1
841 3
842 1
843 1
844 -3
845 -1
846 3
847 -1
848 1
849 1
850 -1
851 1
852 -3
853 -3
854 -1
855 -3
856 -1
857 3
858 -1
859 -1
860 -1
861 -1
862 1
863 -1
864 -3
865 1
866 -1
867 -1
868 -1
869 -3
870 -1
871 -3
872 1
873 1
874 3
875 3
876 -1
877 1
878 -1
879 1
880 1
881 -1
882 1
883 1
884 1
885 -3
886 1
887 1
888 1
889 -1
890 -1
891 -1
892 1
893 3
894 -1
895 -1
896 -1
897 1
898 1
899 -3
900 1
901 1
902 -1
903 1
904 3
905 1
906 1
907 1
908 -1
909 -1
910 -1
911 -3
912 -3
913 1
914 3
915 -1
916 3
917 -1
918 -1
919 1
920 -1
921 3
922 1
923 1
924 1
925 -3
926 1
927 1
928 1
929 -1
930 -1
931 -1
932 -1
933 -1
934 -1
935 -3
936 -3
937 1
938 1
939 -3
940 3
941 3
942 3
943 -1
944 1
945 -1
946 1
947 -3
948 3
949 1
950 1
951 1
952 1
953 1
954 -1
955 -1
956 -1
957 1
958 -1
959 1
960 1
961 -1
962 -1
963 -1
964 -1
965 -1
966 -3
967 -1
968 1
969 -3
970 3
971 3
972 1
973 -1
974 1
975 3
976 1
977 -1
978 -1
979 1
980 1
981 1
982 1
983 1
984 1
985 3
986 1
987 1
988 -1
989 -1
990 1
991 3
992 3
993 3
994 3
995 -1
996 -1
997 -3
998 1
999 1
1000 -1
1001 -1
1002 -1
1003 -1
1004 -1
1005 2
1006 2
1007 2
1008 2
1009 2
1010 2
1011 -2
1012 -2
1013 -2
1014 2
1015 2
1016 2
1017 -2
1018 2
1019 -2
1020 2
1021 -2
1022 2
1023 2
1024 2
1025 -2
1026 2
1027 -2
1028 2
1029 -2
1030 2
1031 2
1032 2
1033 -2
1034 -2
1035 2
1036 -2
1037 -2
1038 2
1039 -2
1040 -2
1041 2
1042 2
1043 2
1044 2
1045 -2
1046 -2
1047 2
1048 2
1049 2
1050 2
1051 -2
1052 2
1053 -2
1054 2
1055 2
1056 2
1057 2
1058 2
1059 2
1060 -2
1061 2
1062 -2
1063 2
1064 2
1065 -2
1066 2
1067 -2
1068 -2
1069 2
1070 -2
1071 -2
1072 2
1073 -2
1074 2
1075 2
1076 2
1077 -2
1078 -2
1079 2
1080 2
1081 2
1082 -2
1083 -2
1084 -2
1085 -2
1086 2
1087 2
1088 2
1089 -2
1090 -2
1091 2
1092 2
1093 -2
1094 2
1095 -2
1096 -2
1097 2
1098 -2
1099 2
1100 2
1101 -2
1102 2
1103 2
1104 -2
1105 2
1106 2
1107 2
1108 2
1109 -2
1110 2
1111 2
1112 -2
1113 -2
1114 2
1115 -2
1116 -2
1117 2
1118 -2
1119 -2
1120 2
1121 2
1122 2
1123 -2
1124 2
1125 -2
1126 2
1127 -2
1128 2
1129 2
1130 -2
1131 2
1132 -2
1133 -2
1134 2
1135 -2
1136 2
1137 -2
1138 -2
1139 -2
1140 2
1141 -2
1142 -2
1143 2
1144 2
1145 2
1146 2
1147 -2
1148 -2
1149 -2
1150 -2
1151 2
1152 -2
1153 -2
1154 -2
1155 2
1156 2
1157 2
1158 2
1159 -2
1160 2
1161 -2
1162 -2
1163 2
1164 2
1165 2
1166 -2
1167 2
1168 -2
1169 -2
1170 2
1171 -2
1172 2
1173 2
1174 -2
1175 -2
1176 -2
1177 -2
1178 2
1179 2
1180 -2
1181 2
1182 2
1183 -2
1184 2
1185 2
1186 -2
1187 -2
1188 2
1189 2
1190 2
1191 2
1192 -2
1193 2
1194 2
1195 2
1196 2
1197 -2
1198 2
1199 2
1200 2
1201 2
1202 -2
1203 -2
1204 -2
1205 2
1206 2
1207 -2
1208 -2
1209 2
1210 -2
1211 2
1212 2
1213 -2
1214 -2
1215 -2
1216 -2
1217 -2
1218 2
1219 -2
1220 2
1221 -2
1222 -2
1223 -2
1224 -2
1225 2
1226 2
1227 2
1228 2
1229 2
1230 2
1231 2
1232 -2
1233 -2
1234 -2
1235 -2
1236 2
1237 2
1238 -2
1239 2
1240 2
1241 -2
1242 2
1243 2
1244 -2
1245 2
1246 -2
1247 -2
1248 2
1249 2
1250 -2
1251 -2
1252 -2
1253 -2
1254 2
1255 2
1256 2
1257 -2
1258 2
1259 2
1260 -2
1261 2
1262 2
1263 2
1264 2
1265 2
1266 2
1267 2
1268 2
1269 2
1270 -2
1271 -2
1272 -2
1273 -2
1274 2
1275 2
1276 2
1277 -2
1278 2
1279 2
1280 2
1281 2
1282 -2
1283 2
1284 -2
1285 -2
1286 -2
1287 -2
1288 2
1289 -2
1290 -2
1291 2
1292 2
1293 2
1294 2
1295 -2
1296 -2
1297 -2
1298 -2
1299 -2
1300 -2
1301 2
1302 -2
1303 -2
1304 2
1305 -2
1306 2
1307 2
1308 2
1309 2
1310 2
1311 -2
1312 2
1313 2
1314 -2
1315 2
1316 2
1317 2
1318 -2
1319 2
1320 -2
1321 2
1322 2
1323 -2
1324 -2
1325 -2
1326 -2
1327 2
1328 2
1329 -2
1330 2
1331 -2
1332 2
1333 -2
1334 -2
1335 -2
1336 -2
1337 -2
1338 2
1339 2
1340 -2
1341 2
1342 2
1343 -2
1344 2
1345 -2
1346 -2
1347 2
1348 -2
1349 2
1350 -2
1351 2
1352 2
1353 -2
1354 2
1355 2
1356 2
1357 2
1358 2
1359 2
1360 -2
1361 -2
1362 -2
1363 -2
1364 -2
1365 2
1366 2
1367 -2
1368 2
1369 -2
1370 -2
1371 2
1372 2
1373 2
1374 2
1375 2
1376 -2
1377 2
1378 -2
1379 2
1380 2
1381 -2
1382 -2
1383 -2
1384 -2
1385 -2
1386 2
1387 2
1388 2
1389 2
1390 2
1391 -2
1392 -2
1393 2
1394 -2
1395 2
1396 -2
1397 -2
1398 2
1399 2
1400 2
1401 -2
1402 -2
1403 -2
1404 2
1405 -2
1406 2
1407 -2
1408 2
1409 -2
1410 2
1411 -2
1412 2
1413 -2
1414 -2
1415 -2
1416 2
1417 -2
1418 -2
1419 -2
1420 2
1421 2
1422 -2
1423 -2
1424 -2
1425 2
1426 -2
1427 -2
1428 -2
1429 2
1430 -2
1431 -2
1432 -2
1433 2
1434 -2
1435 2
1436 2
1437 2
1438 -2
1439 2
1440 2
1441 -2
1442 2
1443 2
1444 2
1445 2
1446 2
1447 2
1448 2
1449 2
1450 2
1451 -2
1452 -2
1453 -2
1454 -2
1455 2
1456 2
1457 2
1458 -2
1459 2
1460 2
1461 -2
1462 -2
1463 2
1464 2
1465 2
1466 2
1467 2
1468 -2
1469 -2
1470 -2
1471 2
1472 2
1473 2
1474 -2
1475 2
1476 -2
1477 -2
1478 -2
1479 -2
1480 2
1481 -2
1482 2
1483 -2
1484 -2
1485 -2
1486 2
1487 2
1488 2
1489 -2
1490 2
1491 2
1492 -2
1493 2
1494 2
1495 2
1496 -2
1497 -2
1498 2
1499 -2
1500 -2
1501 -2
1502 -2
1503 -2
1504 2
1505 2
1506 2
1507 -2
1508 2
1509 -2
1510 -2
1511 -2
1512 -2
1513 2
1514 2
1515 -2
1516 2
1517 2
1518 2
1519 -2
1520 2
1521 -2
1522 -2
1523 2
1524 2
1525 2
1526 -2
1527 2
1528 -2
1529 2
1530 2
1531 -2
1532 2
1533 -2
1534 -2
1535 -2
1536 -2
1537 -2
1538 2
1539 2
1540 -2
1541 -2
1542 2
1543 2
1544 -2
1545 2
1546 -2
1547 -2
1548 2
1549 -2
1550 2
1551 2
1552 2
1553 2
1554 -2
1555 -2
1556 2
1557 -2
1558 2
1559 2
1560 -2
1561 -2
1562 2
1563 2
1564 2
1565 2
1566 -2
1567 -2
1568 2
1569 2
1570 -2
1571 2
1572 2
1573 -2
1574 -2
1575 2
1576 -2
1577 -2
1578 -2
1579 2
1580 2
1581 2
1582 2
1583 -2
1584 2
1585 -2
1586 2
1587 -2
1588 -2
1589 -2
1590 2
1591 2
1592 -2
1593 2
1594 2
1595 -2
1596 2
1597 2
1598 -2
1599 2
1600 2
1601 2
1602 2
1603 2
1604 2
1605 2
1606 2
1607 2
1608 2
1609 2
1610 2
1611 -2
1612 2
1613 2
1614 -2
1615 -2
1616 2
1617 2
1618 2
1619 -2
1620 -2
1621 2
1622 2
1623 2
1624 2
1625 -2
1626 -2
1627 2
1628 -2
1629 2
1630 2
1631 2
1632 2
1633 2
1634 2
1635 -2
1636 -2
1637 2
1638 -2
1639 2
1640 -2
1641 2
1642 -2
1643 2
1644 -2
1645 2
1646 2
1647 2
1648 2
1649 -2
1650 2
1651 -2
1652 2
1653 2
1654 2
1655 -2
1656 2
1657 -2
1658 2
1659 2
1660 -2
1661 -2
1662 2
1663 -2
1664 -2
1665 2
1666 -2
1667 2
1668 2
1669 2
1670 -2
1671 2
1672 -2
1673 -2
1674 -2
1675 2
1676 -2
1677 2
1678 2
1679 2
1680 2
1681 -2
1682 -2
1683 -2
1684 2
1685 -2
1686 -2
1687 2
1688 -2
1689 2
1690 2
1691 2
1692 2
1693 2
1694 2
1695 -2
1696 2
1697 -2
1698 -2
1699 2
1700 2
1701 2
1702 2
1703 2
1704 -2
1705 -2
1706 -2
1707 -2
1708 -2
1709 -2
1710 2
1711 2
1712 -2
1713 2
1714 -2
1715 -2
1716 -2
1717 2
1718 -2
1719 2
1720 2
1721 -2
1722 2
1723 2
1724 2
1725 2
1726 2
1727 2
1728 2
1729 2
1730 2
1731 2
1732 2
1733 -2
1734 -2
1735 -2
1736 2
1737 -2
1738 -2
1739 -2
1740 -2
1741 -2
1742 -2
1743 -2
1744 -2
1745 2
1746 2
1747 -2
1748 -2
1749 2
1750 -2
1751 2
1752 -2
1753 2
1754 2
1755 -2
1756 2
1757 2
1758 -2
1759 2
1760 -2
1761 2
1762 -2
1763 2
1764 2
1765 2
1766 2
1767 -2
1768 -2
1769 -2
1770 2
1771 -2
1772 -2
1773 -2
1774 -2
1775 2
1776 2
1777 -2
1778 2
1779 -2
1780 2
1781 -2
1782 -2
1783 2
1784 -2
1785 2
1786 2
1787 2
1788 2
1789 -2
1790 2
1791 -2
1792 2
1793 -2
1794 -2
1795 -2
1796 -2
1797 2
1798 2
1799 -2
1800 -2
1801 -2
1802 -2
1803 -2
1804 2
1805 2
1806 -2
1807 -2
1808 -2
1809 2
1810 -2
1811 -2
1812 2
1813 2
1814 2
1815 2
1816 -2
1817 -2
1818 -2
1819 2
1820 2
1821 -2
1822 2
1823 -2
1824 2
1825 -2
1826 2
1827 2
1828 2
1829 -2
1830 -2
1831 2
1832 -2
1833 2
1834 -2
1835 -2
1836 -2
1837 2
1838 -2
1839 -2
1840 -2
1841 -2
1842 -2
1843 -2
1844 -2
1845 2
1846 -2
1847 2
1848 -2
1849 2
1850 -2
1851 -2
1852 -2
1853 -2
1854 2
1855 -2
1856 2
1857 -2
1858 -2
1859 2
1860 2
1861 2
1862 -2
1863 2
1864 -2
1865 -2
1866 -2
1867 2
1868 -2
1869 -2
1870 -2
1871 -2
1872 -2
1873 2
1874 -2
1875 2
1876 2
1877 2
1878 2
1879 -2
1880 2
1881 -2
1882 -2
1883 -2
1884 2
1885 2
1886 -2
1887 -2
1888 -2
1889 -2
1890 2
1891 2
1892 2
1893 -2
1894 2
1895 2
1896 2
1897 2
1898 -2
1899 -2
1900 -2
1901 -2
1902 2
1903 2
1904 -2
1905 -2
1906 -2
1907 2
1908 -2
1909 -2
1910 -2
1911 -2
1912 2
1913 -2
1914 -2
1915 -2
1916 2
1917 2
1918 2
1919 -2
1920 -2
1921 -2
1922 2
1923 -2
1924 -2
1925 2
1926 -2
1927 2
1928 2
1929 2
1930 -2
1931 2
1932 2
1933 2
1934 -2
1935 2
1936 2
1937 -2
1938 2
1939 -2
1940 -2
1941 2
1942 2
1943 2
1944 2
1945 -2
1946 -2
1947 -2
1948 2
1949 -2
1950 2
1951 2
1952 2
1953 2
1954 -2
1955 -2
1956 -2
1957 -2
1958 2
1959 2
1960 -2
1961 -2
1962 2
1963 -2
1964 2
1965 2
1966 2
1967 2
1968 -2
1969 2
1970 -2
1971 -2
1972 -2
1973 2
1974 2
1975 -2
1976 2
1977 2
1978 2
1979 2
1980 -2
1981 2
1982 2
1983 2
1984 2
1985 -2
1986 -2
1987 2
1988 -2
1989 -2
1990 2
1991 2
1992 -2
1993 2
1994 2
1995 -2
1996 2
1997 2
1998 -2
1999 2
2000 -2
2001 2
2002 2
2003 -2
2004 2
2005 -2
2006 2
2007 -2
2008 2
2009 -2
0 1 -1
0 237 -1
0 483 -1
0 552 -1
0 709 -1
0 935 -1
0 1139 -2
0 1359 -2
0 1526 -2
1 23 -1
1 59 -1
1 71 -1
1 443 -1
1 935 -1
1 1139 -2
1 1867 -2
1 2008 -2
2 96 -1
2 260 -1
2 264 -1
2 350 -1
2 529 -1
2 788 -1
2 1026 -2
2 1730 -2
2 1763 -2
3 150 -1
3 319 -1
3 523 -1
3 642 -1
3 648 -1
3 898 -1
3 1256 -2
3 1322 -2
3 1875 -2
4 33 -1
4 269 -1
4 398 -1
4 412 -1
4 787 -1
4 976 -1
4 1237 -2
4 1331 -2
4 1486 -2
5 158 -1
5 345 -1
5 520 -1
5 667 -1
5 710 -1
5 998 -1
5 1439 -2
5 1726 -2
5 1946 -2
6 129 -1
6 220 -1
6 502 -1
6 517 -1
6 657 -1
6 978 -1
6 1082 -2
6 1475 -2
6 1680 -2
7 475 -1
7 564 -1
7 584 -1
7 744 -1
7 777 -1
7 866 -1
7 1151 -2
7 1191 -2
7 1933 -2
8 223 -1
8 262 -1
8 616 -1
8 693 -1
8 708 -1
8 966 -1
8 1195 -2
8 1484 -2
8 1871 -2
9 390 -1
9 458 -1
9 680 -1
9 804 -1
9 902 -1
9 941 -1
9 1479 -2
9 1637 -2
9 1676 -2
10 191 -1
10 223 -1
10 415 -1
10 480 -1
10 580 -1
10 951 -1
10 1010 -2
10 1650 -2
10 1778 -2
11 23 -1
11 292 -1
11 617 -1
11 667 -1
11 803 -1
11 862 -1
11 1106 -2
11 1379 -2
11 1853 -2
12 101 -1
12 256 -1
12 433 -1
12 742 -1
12 921 -1
12 956 -1
12 1221 -2
12 1308 -2
12 1555 -2
13 41 -1
13 328 -1
13 329 -1
13 373 -1
13 769 -1
13 813 -1
13 1169 -2
13 1466 -2
13 1732 -2
14 108 -1
14 145 -1
14 175 -1
14 515 -1
14 592 -1
14 739 -1
14 1288 -2
14 1636 -2
14 1931 -2
15 124 -1
15 331 -1
15 358 -1
15 869 -1
15 878 -1
15 898 -1
15 1043 -2
15 1587 -2
15 1734 -2
16 52 -1
16 183 -1
16 297 -1
16 387 -1
16 759 -1
16 983 -1
16 1506 -2
16 1508 -2
16 1878 -2
17 74 -1
17 110 -1
17 164 -1
17 196 -1
17 494 -1
17 794 -1
17 1121 -2
17 1728 -2
17 1898 -2
18 55 -1
18 145 -1
18 448 -1
18 555 -1
18 617 -1
18 651 -1
18 1389 -2
18 1477 -2
18 1950 -2
19 68 -1
19 271 -1
19 402 -1
19 410 -1
19 561 -1
19 669 -1
19 1157 -2
19 1311 -2
19 1325 -2
20 125 -1
20 176 -1
20 190 -1
20 536 -1
20 626 -1
20 789 -1
20 1180 -2
20 1190 -2
20 1725 -2
21 63 -1
21 547 -1
21 583 -1
21 672 -1
21 775 -1
21 820 -1
21 1009 -2
21 1154 -2
21 1774 -2
22 132 -1
22 258 -1
22 636 -1
22 676 -1
22 755 -1
22 985 -1
22 1018 -2
22 1225 -2
22 1362 -2
23 59 -1
23 153 -1
23 592 -1
23 862 -1
23 1129 -2
23 1379 -2
23 1867 -2
24 171 -1
24 205 -1
24 241 -1
24 449 -1
24 573 -1
24 637 -1
24 1041 -2
24 1642 -2
24 1687 -2
25 40 -1
25 127 -1
25 130 -1
25 472 -1
25 477 -1
25 631 -1
25 1235 -2
25 1369 -2
25 1548 -2
26 53 -1
26 238 -1
26 513 -1
26 564 -1
26 618 -1
26 983 -1
26 1021 -2
26 1405 -2
26 1860 -2
27 57 -1
27 370 -1
27 403 -1
27 790 -1
27 799 -1
27 949 -1
27 1271 -2
27 1581 -2
27 1870 -2
28 54 -1
28 66 -1
28 133 -1
28 158 -1
28 701 -1
28 933 -1
28 1217 -2
28 1683 -2
28 1830 -2
29 144 -1
29 150 -1
29 362 -1
29 388 -1
29 435 -1
29 712 -1
29 1136 -2
29 1360 -2
29 1584 -2
30 49 -1
30 217 -1
30 258 -1
30 648 -1
30 808 -1
30 821 -1
30 1020 -2
30 1412 -2
30 1589 -2
31 169 -1
31 511 -1
31 596 -1
31 762 -1
31 847 -1
31 906 -1
31 1413 -2
31 1544 -2
31 1923 -2
32 111 -1
32 752 -1
32 845 -1
32 852 -1
32 869 -1
32 972 -1
32 1478 -2
32 1701 -2
32 1744 -2
33 398 -1
33 518 -1
33 674 -1
33 999 -1
33 1002 -1
33 1237 -2
33 1270 -2
33 1502 -2
34 75 -1
34 170 -1
34 449 -1
34 793 -1
34 908 -1
34 937 -1
34 1383 -2
34 1912 -2
34 1916 -2
35 189 -1
35 257 -1
35 417 -1
35 609 -1
35 803 -1
35 930 -1
35 1111 -2
35 1290 -2
35 1471 -2
36 135 -1
36 139 -1
36 234 -1
36 357 -1
36 423 -1
36 926 -1
36 1332 -2
36 1370 -2
36 1743 -2
37 77 -1
37 430 -1
37 466 -1
37 818 -1
37 923 -1
37 985 -1
37 1702 -2
37 1953 -2
37 2002 -2
38 73 -1
38 313 -1
38 345 -1
38 637 -1
38 788 -1
38 864 -1
38 1090 -2
38 1707 -2
38 1796 -2
39 53 -1
39 64 -1
39 666 -1
39 823 -1
39 843 -1
39 918 -1
39 1307 -2
39 1574 -2
39 1963 -2
40 454 -1
40 472 -1
40 590 -1
40 720 -1
40 885 -1
40 1240 -2
40 1411 -2
40 1548 -2
41 248 -1
41 329 -1
41 335 -1
41 732 -1
41 953 -1
41 1169 -2
41 1771 -2
41 1994 -2
42 404 -1
42 435 -1
42 463 -1
42 470 -1
42 501 -1
42 570 -1
42 1186 -2
42 1385 -2
42 1889 -2
43 113 -1
43 147 -1
43 808 -1
43 829 -1
43 973 -1
43 990 -1
43 1663 -2
43 1911 -2
43 1948 -2
44 150 -1
44 209 -1
44 632 -1
44 649 -1
44 679 -1
44 705 -1
44 1470 -2
44 1561 -2
44 1762 -2
45 51 -1
45 104 -1
45 121 -1
45 444 -1
45 482 -1
45 725 -1
45 1167 -2
45 1387 -2
45 1845 -2
46 106 -1
46 135 -1
46 290 -1
46 535 -1
46 724 -1
46 817 -1
46 1110 -2
46 1125 -2
46 1822 -2
47 267 -1
47 287 -1
47 296 -1
47 373 -1
47 580 -1
47 1001 -1
47 1085 -2
47 1285 -2
47 1684 -2
48 177 -1
48 307 -1
48 321 -1
48 322 -1
48 706 -1
48 981 -1
48 1337 -2
48 1454 -2
48 1521 -2
49 120 -1
49 258 -1
49 490 -1
49 655 -1
49 935 -1
49 1020 -2
49 1076 -2
49 1192 -2
50 224 -1
50 316 -1
50 390 -1
50 603 -1
50 857 -1
50 914 -1
50 1048 -2
50 1116 -2
50 1967 -2
51 104 -1
51 166 -1
51 199 -1
51 784 -1
51 949 -1
51 1040 -2
51 1845 -2
51 1932 -2
52 348 -1
52 664 -1
52 759 -1
52 774 -1
52 862 -1
52 1309 -2
52 1508 -2
52 1881 -2
53 228 -1
53 238 -1
53 777 -1
53 918 -1
53 1021 -2
53 1341 -2
53 1574 -2
54 66 -1
54 265 -1
54 308 -1
54 378 -1
54 402 -1
54 1057 -2
54 1209 -2
54 1217 -2
55 156 -1
55 336 -1
55 555 -1
55 715 -1
55 791 -1
55 1068 -2
55 1389 -2
55 1826 -2
56 499 -1
56 632 -1
56 729 -1
56 766 -1
56 786 -1
56 853 -1
56 1655 -2
56 1740 -2
56 1921 -2
57 122 -1
57 205 -1
57 326 -1
57 403 -1
57 930 -1
57 1491 -2
57 1614 -2
57 1870 -2
58 141 -1
58 394 -1
58 407 -1
58 713 -1
58 812 -1
58 962 -1
58 1028 -2
58 1291 -2
58 1834 -2
59 75 -1
59 337 -1
59 355 -1
59 1004 -1
59 1625 -2
59 1841 -2
59 1867 -2
60 207 -1
60 319 -1
60 362 -1
60 398 -1
60 447 -1
60 963 -1
60 1207 -2
60 1779 -2
60 1894 -2
61 495 -1
61 618 -1
61 690 -1
61 691 -1
61 832 -1
61 1003 -1
61 1069 -2
61 1313 -2
61 1658 -2
62 191 -1
62 247 -1
62 401 -1
62 489 -1
62 813 -1
62 986 -1
62 1670 -2
62 1714 -2
62 1902 -2
63 118 -1
63 358 -1
63 631 -1
63 820 -1
63 981 -1
63 1009 -2
63 1449 -2
63 1827 -2
64 177 -1
64 351 -1
64 486 -1
64 543 -1
64 823 -1
64 1696 -2
64 1758 -2
64 1963 -2
65 242 -1
65 496 -1
65 542 -1
65 627 -1
65 834 -1
65 863 -1
65 1401 -2
65 1807 -2
65 1939 -2
66 69 -1
66 445 -1
66 569 -1
66 948 -1
66 1189 -2
66 1217 -2
66 1653 -2
67 90 -1
67 186 -1
67 382 -1
67 658 -1
67 826 -1
67 927 -1
67 1248 -2
67 1441 -2
67 1644 -2
68 143 -1
68 238 -1
68 271 -1
68 746 -1
68 845 -1
68 1238 -2
68 1311 -2
68 1713 -2
69 114 -1
69 227 -1
69 445 -1
69 473 -1
69 805 -1
69 1653 -2
69 1673 -2
69 1768 -2
70 127 -1
70 301 -1
70 587 -1
70 629 -1
70 635 -1
70 750 -1
70 1075 -2
70 1292 -2
70 1648 -2
71 198 -1
71 332 -1
71 443 -1
71 848 -1
71 928 -1
71 1099 -2
71 1230 -2
71 2008 -2
72 82 -1
72 585 -1
72 899 -1
72 911 -1
72 926 -1
72 991 -1
72 1176 -2
72 1790 -2
72 1882 -2
73 469 -1
73 721 -1
73 863 -1
73 864 -1
73 871 -1
73 1090 -2
73 1691 -2
73 1855 -2
74 411 -1
74 794 -1
74 836 -1
74 883 -1
74 904 -1
74 1121 -2
74 1349 -2
74 1530 -2
75 152 -1
75 355 -1
75 648 -1
75 937 -1
75 1383 -2
75 1715 -2
75 1841 -2
76 339 -1
76 410 -1
76 570 -1
76 597 -1
76 717 -1
76 719 -1
76 1122 -2
76 1609 -2
76 1842 -2
77 215 -1
77 246 -1
77 331 -1
77 846 -1
77 923 -1
77 1284 -2
77 1702 -2
77 1849 -2
78 192 -1
78 217 -1
78 266 -1
78 340 -1
78 718 -1
78 830 -1
78 1278 -2
78 1662 -2
78 1671 -2
79 468 -1
79 573 -1
79 604 -1
79 615 -1
79 748 -1
79 977 -1
79 1501 -2
79 1617 -2
79 1959 -2
80 234 -1
80 268 -1
80 369 -1
80 847 -1
80 967 -1
80 1001 -1
80 1071 -2
80 1263 -2
80 1513 -2
81 341 -1
81 461 -1
81 593 -1
81 756 -1
81 773 -1
81 849 -1
81 1374 -2
81 1435 -2
81 1868 -2
82 567 -1
82 602 -1
82 851 -1
82 911 -1
82 997 -1
82 1070 -2
82 1268 -2
82 1882 -2
83 110 -1
83 152 -1
83 173 -1
83 571 -1
83 839 -1
83 995 -1
83 1172 -2
83 1564 -2
83 1704 -2
84 180 -1
84 399 -1
84 511 -1
84 745 -1
84 906 -1
84 956 -1
84 1105 -2
84 1497 -2
84 1685 -2
85 212 -1
85 220 -1
85 250 -1
85 641 -1
85 898 -1
85 902 -1
85 1017 -2
85 1392 -2
85 1404 -2
86 212 -1
86 706 -1
86 707 -1
86 727 -1
86 729 -1
86 810 -1
86 1511 -2
86 1546 -2
86 1806 -2
87 148 -1
87 530 -1
87 559 -1
87 879 -1
87 950 -1
87 997 -1
87 1551 -2
87 1808 -2
87 1991 -2
88 160 -1
88 172 -1
88 247 -1
88 423 -1
88 442 -1
88 632 -1
88 1660 -2
88 1805 -2
88 1914 -2
89 181 -1
89 364 -1
89 488 -1
89 687 -1
89 763 -1
89 888 -1
89 1019 -2
89 1373 -2
89 1437 -2
90 265 -1
90 333 -1
90 382 -1
90 633 -1
90 831 -1
90 1423 -2
90 1644 -2
90 1886 -2
91 107 -1
91 139 -1
91 601 -1
91 602 -1
91 621 -1
91 634 -1
91 1080 -2
91 1120 -2
91 1245 -2
92 379 -1
92 455 -1
92 610 -1
92 734 -1
92 749 -1
92 989 -1
92 1380 -2
92 1782 -2
92 1926 -2
93 375 -1
93 423 -1
93 537 -1
93 713 -1
93 767 -1
93 801 -1
93 1321 -2
93 1361 -2
93 1703 -2
94 103 -1
94 424 -1
94 456 -1
94 541 -1
94 603 -1
94 633 -1
94 1419 -2
94 1424 -2
94 1700 -2
95 296 -1
95 494 -1
95 735 -1
95 787 -1
95 812 -1
95 952 -1
95 1166 -2
95 1236 -2
95 1606 -2
96 264 -1
96 290 -1
96 360 -1
96 578 -1
96 921 -1
96 1391 -2
96 1730 -2
96 1982 -2
97 117 -1
97 211 -1
97 311 -1
97 381 -1
97 841 -1
97 953 -1
97 1216 -2
97 1241 -2
97 1421 -2
98 230 -1
98 551 -1
98 586 -1
98 753 -1
98 824 -1
98 903 -1
98 1083 -2
98 1293 -2
98 1600 -2
99 116 -1
99 206 -1
99 262 -1
99 378 -1
99 469 -1
99 522 -1
99 1254 -2
99 1302 -2
99 1678 -2
100 190 -1
100 394 -1
100 422 -1
100 453 -1
100 522 -1
100 688 -1
100 1414 -2
100 1844 -2
100 1861 -2
101 245 -1
101 687 -1
101 945 -1
101 956 -1
101 975 -1
101 1555 -2
101 1724 -2
101 1760 -2
102 309 -1
102 323 -1
102 334 -1
102 426 -1
102 740 -1
102 746 -1
102 1092 -2
102 1518 -2
102 1590 -2
103 162 -1
103 259 -1
103 456 -1
103 722 -1
103 730 -1
103 1700 -2
103 1706 -2
103 1903 -2
104 581 -1
104 609 -1
104 614 -1
104 835 -1
104 1527 -2
104 1845 -2
104 1995 -2
105 134 -1
105 380 -1
105 537 -1
105 791 -1
105 922 -1
105 984 -1
105 1553 -2
105 1756 -2
105 1824 -2
106 328 -1
106 409 -1
106 535 -1
106 692 -1
106 857 -1
106 1110 -2
106 1631 -2
106 1917 -2
107 302 -1
107 465 -1
107 602 -1
107 762 -1
107 938 -1
107 1080 -2
107 1093 -2
107 1440 -2
108 109 -1
108 232 -1
108 502 -1
108 515 -1
108 560 -1
108 1429 -2
108 1636 -2
108 1749 -2
109 348 -1
109 482 -1
109 498 -1
109 502 -1
109 555 -1
109 1749 -2
109 1759 -2
109 1989 -2
110 164 -1
110 173 -1
110 317 -1
110 511 -1
110 1623 -2
110 1704 -2
110 1898 -2
111 240 -1
111 280 -1
111 407 -1
111 445 -1
111 972 -1
111 1304 -2
111 1616 -2
111 1701 -2
112 641 -1
112 710 -1
112 747 -1
112 757 -1
112 840 -1
112 960 -1
112 1072 -2
112 1596 -2
112 1925 -2
113 224 -1
113 537 -1
113 696 -1
113 808 -1
113 844 -1
113 1208 -2
113 1512 -2
113 1663 -2
114 275 -1
114 473 -1
114 477 -1
114 647 -1
114 879 -1
114 1277 -2
114 1709 -2
114 1768 -2
115 249 -1
115 284 -1
115 321 -1
115 414 -1
115 714 -1
115 897 -1
115 1460 -2
115 1831 -2
115 1956 -2
116 378 -1
116 424 -1
116 540 -1
116 635 -1
116 809 -1
116 1254 -2
116 1367 -2
116 1465 -2
117 211 -1
117 759 -1
117 816 -1
117 859 -1
117 889 -1
117 1055 -2
117 1216 -2
117 1219 -2
118 358 -1
118 492 -1
118 533 -1
118 554 -1
118 772 -1
118 1449 -2
118 1666 -2
118 1840 -2
119 418 -1
119 432 -1
119 782 -1
119 827 -1
119 947 -1
119 979 -1
119 1672 -2
119 1733 -2
119 1949 -2
120 383 -1
120 386 -1
120 558 -1
120 572 -1
120 935 -1
120 1192 -2
120 1833 -2
120 2003 -2
121 290 -1
121 444 -1
121 562 -1
121 831 -1
121 954 -1
121 1100 -2
121 1162 -2
121 1167 -2
122 175 -1
122 205 -1
122 277 -1
122 313 -1
122 858 -1
122 1491 -2
122 1601 -2
122 1757 -2
123 440 -1
123 479 -1
123 630 -1
123 809 -1
123 941 -1
123 971 -1
123 1022 -2
123 1797 -2
123 1821 -2
124 220 -1
124 331 -1
124 339 -1
124 417 -1
124 444 -1
124 1043 -2
124 1562 -2
124 1661 -2
125 338 -1
125 536 -1
125 652 -1
125 657 -1
125 681 -1
125 1180 -2
125 1496 -2
125 1829 -2
126 281 -1
126 514 -1
126 546 -1
126 556 -1
126 760 -1
126 817 -1
126 1394 -2
126 1621 -2
126 1884 -2
127 130 -1
127 382 -1
127 635 -1
127 672 -1
127 1075 -2
127 1160 -2
127 1235 -2
128 748 -1
128 771 -1
128 796 -1
128 811 -1
128 938 -1
128 947 -1
128 1396 -2
128 1610 -2
128 1934 -2
129 622 -1
129 657 -1
129 758 -1
129 794 -1
129 958 -1
129 1472 -2
129 1665 -2
129 1680 -2
130 253 -1
130 330 -1
130 565 -1
130 846 -1
130 1235 -2
130 1431 -2
130 1775 -2
131 253 -1
131 365 -1
131 839 -1
131 931 -1
131 954 -1
131 972 -1
131 1900 -2
131 1906 -2
131 1907 -2
132 258 -1
132 389 -1
132 413 -1
132 694 -1
132 811 -1
132 1132 -2
132 1362 -2
132 1981 -2
133 158 -1
133 195 -1
133 218 -1
133 343 -1
133 959 -1
133 1126 -2
133 1683 -2
133 1716 -2
134 178 -1
134 380 -1
134 400 -1
134 437 -1
134 636 -1
134 1608 -2
134 1756 -2
134 1909 -2
135 234 -1
135 290 -1
135 488 -1
135 514 -1
135 1647 -2
135 1743 -2
135 1822 -2
136 165 -1
136 168 -1
136 181 -1
136 236 -1
136 259 -1
136 837 -1
136 1175 -2
136 1398 -2
136 1901 -2
137 303 -1
137 391 -1
137 457 -1
137 676 -1
137 702 -1
137 894 -1
137 1156 -2
137 1197 -2
137 1499 -2
138 146 -1
138 345 -1
138 599 -1
138 607 -1
138 737 -1
138 815 -1
138 1224 -2
138 1299 -2
138 1397 -2
139 256 -1
139 533 -1
139 621 -1
139 926 -1
139 1120 -2
139 1370 -2
139 1717 -2
140 144 -1
140 529 -1
140 539 -1
140 673 -1
140 883 -1
140 942 -1
140 1024 -2
140 1203 -2
140 1571 -2
141 305 -1
141 435 -1
141 704 -1
141 812 -1
141 865 -1
141 1291 -2
141 1317 -2
141 1482 -2
142 373 -1
142 518 -1
142 598 -1
142 668 -1
142 789 -1
142 973 -1
142 1147 -2
142 1751 -2
142 1767 -2
143 475 -1
143 517 -1
143 845 -1
143 960 -1
143 1003 -1
143 1238 -2
143 1626 -2
143 1638 -2
144 413 -1
144 539 -1
144 612 -1
144 712 -1
144 1024 -2
144 1360 -2
144 1481 -2
145 175 -1
145 196 -1
145 481 -1
145 617 -1
145 1288 -2
145 1477 -2
145 1652 -2
146 737 -1
146 798 -1
146 815 -1
146 970 -1
146 975 -1
146 1224 -2
146 1620 -2
146 1890 -2
147 209 -1
147 464 -1
147 763 -1
147 850 -1
147 990 -1
147 1096 -2
147 1872 -2
147 1948 -2
148 317 -1
148 319 -1
148 446 -1
148 698 -1
148 950 -1
148 1260 -2
148 1531 -2
148 1991 -2
149 546 -1
149 693 -1
149 699 -1
149 859 -1
149 972 -1
149 995 -1
149 1343 -2
149 1519 -2
149 1542 -2
150 388 -1
150 648 -1
150 679 -1
150 1322 -2
150 1584 -2
150 1762 -2
151 371 -1
151 578 -1
151 580 -1
151 847 -1
151 888 -1
151 920 -1
151 1266 -2
151 1273 -2
151 1857 -2
152 571 -1
152 648 -1
152 776 -1
152 784 -1
152 1172 -2
152 1715 -2
152 1847 -2
153 422 -1
153 439 -1
153 592 -1
153 726 -1
153 877 -1
153 1129 -2
153 1345 -2
153 1783 -2
154 385 -1
154 860 -1
154 861 -1
154 943 -1
154 955 -1
154 982 -1
154 1027 -2
154 1381 -2
154 1899 -2
155 295 -1
155 306 -1
155 541 -1
155 590 -1
155 677 -1
155 986 -1
155 1545 -2
155 1679 -2
155 2006 -2
156 509 -1
156 600 -1
156 633 -1
156 715 -1
156 785 -1
156 1068 -2
156 1239 -2
156 1694 -2
157 202 -1
157 234 -1
157 346 -1
157 566 -1
157 694 -1
157 921 -1
157 1281 -2
157 1813 -2
157 1915 -2
158 249 -1
158 520 -1
158 730 -1
158 1439 -2
158 1683 -2
158 1908 -2
159 309 -1
159 438 -1
159 462 -1
159 744 -1
159 900 -1
159 967 -1
159 1275 -2
159 1598 -2
159 1611 -2
160 327 -1
160 442 -1
160 454 -1
160 502 -1
160 665 -1
160 1274 -2
160 1729 -2
160 1805 -2
161 380 -1
161 484 -1
161 542 -1
161 724 -1
161 764 -1
161 805 -1
161 1137 -2
161 1143 -2
161 1231 -2
162 259 -1
162 459 -1
162 819 -1
162 865 -1
162 984 -1
162 1452 -2
162 1540 -2
162 1706 -2
163 320 -1
163 342 -1
163 569 -1
163 589 -1
163 630 -1
163 850 -1
163 1097 -2
163 1418 -2
163 1674 -2
164 393 -1
164 420 -1
164 704 -1
164 965 -1
164 1554 -2
164 1710 -2
164 1898 -2
165 259 -1
165 314 -1
165 596 -1
165 880 -1
165 890 -1
165 1175 -2
165 1541 -2
165 1936 -2
166 170 -1
166 335 -1
166 547 -1
166 784 -1
166 970 -1
166 1040 -2
166 1591 -2
166 1814 -2
167 312 -1
167 337 -1
167 447 -1
167 625 -1
167 950 -1
167 1000 -1
167 1088 -2
167 1463 -2
167 1937 -2
168 181 -1
168 360 -1
168 737 -1
168 903 -1
168 925 -1
168 1144 -2
168 1509 -2
168 1901 -2
169 219 -1
169 662 -1
169 720 -1
169 847 -1
169 889 -1
169 1413 -2
169 1529 -2
169 1918 -2
170 379 -1
170 908 -1
170 919 -1
170 970 -1
170 1259 -2
170 1814 -2
170 1916 -2
171 325 -1
171 449 -1
171 512 -1
171 692 -1
171 950 -1
171 1368 -2
171 1417 -2
171 1642 -2
172 632 -1
172 793 -1
172 897 -1
172 937 -1
172 952 -1
172 1016 -2
172 1559 -2
172 1914 -2
173 717 -1
173 798 -1
173 830 -1
173 882 -1
173 1065 -2
173 1074 -2
173 1704 -2
174 208 -1
174 354 -1
174 371 -1
174 565 -1
174 655 -1
174 756 -1
174 1640 -2
174 1737 -2
174 1924 -2
175 313 -1
175 844 -1
175 876 -1
175 1288 -2
175 1757 -2
175 2007 -2
176 286 -1
176 392 -1
176 465 -1
176 630 -1
176 789 -1
176 1443 -2
176 1725 -2
176 1753 -2
177 323 -1
177 515 -1
177 543 -1
177 706 -1
177 1521 -2
177 1534 -2
177 1758 -2
178 288 -1
178 453 -1
178 636 -1
178 849 -1
178 936 -1
178 1434 -2
178 1608 -2
178 1984 -2
179 215 -1
179 448 -1
179 670 -1
179 872 -1
179 909 -1
179 923 -1
179 1091 -2
179 1188 -2
179 1874 -2
180 437 -1
180 526 -1
180 686 -1
180 863 -1
180 956 -1
180 1159 -2
180 1497 -2
180 1500 -2
181 318 -1
181 364 -1
181 396 -1
181 1019 -2
181 1326 -2
181 1901 -2
182 295 -1
182 404 -1
182 747 -1
182 774 -1
182 826 -1
182 936 -1
182 1335 -2
182 1399 -2
182 1928 -2
183 387 -1
183 544 -1
183 587 -1
183 791 -1
183 918 -1
183 1485 -2
183 1578 -2
183 1878 -2
184 206 -1
184 343 -1
184 404 -1
184 591 -1
184 867 -1
184 897 -1
184 1536 -2
184 1735 -2
184 1966 -2
185 208 -1
185 232 -1
185 357 -1
185 584 -1
185 785 -1
185 836 -1
185 1029 -2
185 1535 -2
185 1859 -2
186 395 -1
186 458 -1
186 824 -1
186 826 -1
186 851 -1
186 1012 -2
186 1441 -2
186 1893 -2
187 278 -1
187 420 -1
187 499 -1
187 664 -1
187 743 -1
187 959 -1
187 1179 -2
187 1575 -2
187 1942 -2
188 273 -1
188 281 -1
188 298 -1
188 427 -1
188 433 -1
188 483 -1
188 1178 -2
188 1573 -2
188 1654 -2
189 244 -1
189 257 -1
189 606 -1
189 783 -1
189 822 -1
189 1416 -2
189 1471 -2
189 1957 -2
190 346 -1
190 422 -1
190 538 -1
190 626 -1
190 1031 -2
190 1190 -2
190 1844 -2
191 289 -1
191 401 -1
191 415 -1
191 557 -1
191 1010 -2
191 1289 -2
191 1714 -2
192 230 -1
192 242 -1
192 340 -1
192 354 -1
192 539 -1
192 1032 -2
192 1662 -2
192 1910 -2
193 644 -1
193 656 -1
193 697 -1
193 698 -1
193 709 -1
193 795 -1
193 1588 -2
193 1699 -2
193 1839 -2
194 313 -1
194 384 -1
194 493 -1
194 653 -1
194 690 -1
194 838 -1
194 1267 -2
194 1356 -2
194 1754 -2
195 343 -1
195 619 -1
195 623 -1
195 733 -1
195 782 -1
195 1126 -2
195 1210 -2
195 1350 -2
196 462 -1
196 481 -1
196 494 -1
196 611 -1
196 1187 -2
196 1652 -2
196 1728 -2
197 261 -1
197 387 -1
197 457 -1
197 526 -1
197 579 -1
197 627 -1
197 1149 -2
197 1420 -2
197 1489 -2
198 436 -1
198 624 -1
198 741 -1
198 866 -1
198 928 -1
198 1099 -2
198 1214 -2
198 1328 -2
199 255 -1
199 461 -1
199 645 -1
199 671 -1
199 949 -1
199 1568 -2
199 1593 -2
199 1932 -2
200 226 -1
200 258 -1
200 397 -1
200 589 -1
200 601 -1
200 613 -1
200 1152 -2
200 1461 -2
200 1622 -2
201 226 -1
201 273 -1
201 668 -1
201 726 -1
201 802 -1
201 826 -1
201 1213 -2
201 1286 -2
201 1880 -2
202 432 -1
202 521 -1
202 662 -1
202 873 -1
202 921 -1
202 1281 -2
202 1456 -2
202 1668 -2
203 504 -1
203 663 -1
203 689 -1
203 850 -1
203 893 -1
203 906 -1
203 1066 -2
203 1708 -2
203 1885 -2
204 362 -1
204 384 -1
204 590 -1
204 596 -1
204 822 -1
204 860 -1
204 1138 -2
204 1445 -2
204 1935 -2
205 539 -1
205 637 -1
205 781 -1
205 1476 -2
205 1491 -2
205 1687 -2
206 469 -1
206 805 -1
206 897 -1
206 979 -1
206 1504 -2
206 1678 -2
206 1735 -2
207 334 -1
207 550 -1
207 843 -1
207 866 -1
207 963 -1
207 1207 -2
207 1408 -2
207 1869 -2
208 232 -1
208 655 -1
208 721 -1
208 782 -1
208 1185 -2
208 1737 -2
208 1859 -2
209 233 -1
209 278 -1
209 464 -1
209 649 -1
209 1053 -2
209 1470 -2
209 1872 -2
210 222 -1
210 276 -1
210 306 -1
210 565 -1
210 792 -1
210 878 -1
210 1170 -2
210 1761 -2
210 1964 -2
211 235 -1
211 328 -1
211 363 -1
211 532 -1
211 1042 -2
211 1216 -2
211 1315 -2
212 563 -1
212 681 -1
212 729 -1
212 902 -1
212 1017 -2
212 1595 -2
212 1806 -2
213 235 -1
213 240 -1
213 381 -1
213 472 -1
213 691 -1
213 815 -1
213 1253 -2
213 1576 -2
213 1851 -2
214 277 -1
214 467 -1
214 786 -1
214 844 -1
214 855 -1
214 933 -1
214 1255 -2
214 1570 -2
214 1977 -2
215 448 -1
215 600 -1
215 736 -1
215 846 -1
215 1091 -2
215 1182 -2
215 1849 -2
216 271 -1
216 310 -1
216 513 -1
216 651 -1
216 673 -1
216 753 -1
216 1257 -2
216 1402 -2
216 1741 -2
217 489 -1
217 648 -1
217 649 -1
217 830 -1
217 1589 -2
217 1671 -2
217 1904 -2
218 561 -1
218 636 -1
218 666 -1
218 734 -1
218 959 -1
218 1330 -2
218 1716 -2
218 1804 -2
219 341 -1
219 367 -1
219 652 -1
219 662 -1
219 962 -1
219 1522 -2
219 1836 -2
219 1918 -2
220 339 -1
220 898 -1
220 978 -1
220 1082 -2
220 1404 -2
220 1661 -2
221 329 -1
221 352 -1
221 367 -1
221 466 -1
221 646 -1
221 800 -1
221 1103 -2
221 1393 -2
221 1627 -2
222 276 -1
222 555 -1
222 638 -1
222 725 -1
222 978 -1
222 1632 -2
222 1641 -2
222 1964 -2
223 437 -1
223 480 -1
223 693 -1
223 905 -1
223 1195 -2
223 1778 -2
223 1891 -2
224 242 -1
224 316 -1
224 401 -1
224 844 -1
224 1116 -2
224 1512 -2
224 1896 -2
225 421 -1
225 556 -1
225 705 -1
225 706 -1
225 842 -1
225 895 -1
225 1524 -2
225 1628 -2
225 1791 -2
226 602 -1
226 613 -1
226 826 -1
226 894 -1
226 1226 -2
226 1622 -2
226 1880 -2
227 525 -1
227 805 -1
227 833 -1
227 856 -1
227 996 -1
227 1233 -2
227 1450 -2
227 1673 -2
228 528 -1
228 777 -1
228 864 -1
228 909 -1
228 946 -1
228 1232 -2
228 1341 -2
228 1772 -2
229 427 -1
229 461 -1
229 568 -1
229 698 -1
229 836 -1
229 990 -1
229 1155 -2
229 1194 -2
229 1250 -2
230 288 -1
230 354 -1
230 661 -1
230 753 -1
230 1293 -2
230 1669 -2
230 1910 -2
231 491 -1
231 500 -1
231 610 -1
231 699 -1
231 908 -1
231 917 -1
231 1115 -2
231 1272 -2
231 1488 -2
232 560 -1
232 711 -1
232 731 -1
232 1109 -2
232 1429 -2
232 1859 -2
233 275 -1
233 278 -1
233 532 -1
233 712 -1
233 731 -1
233 1053 -2
233 1318 -2
233 1850 -2
234 566 -1
234 967 -1
234 1263 -2
234 1743 -2
234 1813 -2
235 532 -1
235 744 -1
235 815 -1
235 925 -1
235 1315 -2
235 1576 -2
235 1577 -2
236 614 -1
236 761 -1
236 780 -1
236 810 -1
236 837 -1
236 1211 -2
236 1398 -2
236 1954 -2
237 552 -1
237 591 -1
237 641 -1
237 925 -1
237 986 -1
237 1320 -2
237 1359 -2
237 1998 -2
238 255 -1
238 531 -1
238 746 -1
238 1021 -2
238 1713 -2
238 1745 -2
239 297 -1
239 386 -1
239 409 -1
239 444 -1
239 695 -1
239 870 -1
239 1619 -2
239 1705 -2
239 1777 -2
240 280 -1
240 383 -1
240 419 -1
240 472 -1
240 1253 -2
240 1616 -2
240 1667 -2
241 318 -1
241 451 -1
241 455 -1
241 573 -1
241 600 -1
241 1041 -2
241 1453 -2
241 1514 -2
242 401 -1
242 539 -1
242 627 -1
242 1032 -2
242 1807 -2
242 1896 -2
243 374 -1
243 453 -1
243 653 -1
243 786 -1
243 875 -1
243 907 -1
243 1469 -2
243 1892 -2
243 1919 -2
244 270 -1
244 778 -1
244 822 -1
244 907 -1
244 996 -1
244 1358 -2
244 1447 -2
244 1957 -2
245 368 -1
245 403 -1
245 764 -1
245 916 -1
245 945 -1
245 1760 -2
245 1876 -2
245 1996 -2
246 303 -1
246 331 -1
246 344 -1
246 484 -1
246 638 -1
246 1054 -2
246 1284 -2
246 1310 -2
247 423 -1
247 428 -1
247 734 -1
247 986 -1
247 1660 -2
247 1902 -2
247 1905 -2
248 366 -1
248 586 -1
248 607 -1
248 719 -1
248 953 -1
248 1305 -2
248 1384 -2
248 1771 -2
249 321 -1
249 462 -1
249 730 -1
249 899 -1
249 1769 -2
249 1908 -2
249 1956 -2
250 425 -1
250 641 -1
250 707 -1
250 775 -1
250 852 -1
250 1078 -2
250 1141 -2
250 1392 -2
251 397 -1
251 527 -1
251 622 -1
251 807 -1
251 885 -1
251 965 -1
251 1428 -2
251 1690 -2
251 1941 -2
252 531 -1
252 568 -1
252 647 -1
252 837 -1
252 891 -1
252 908 -1
252 1920 -2
252 1975 -2
252 1993 -2
253 365 -1
253 558 -1
253 565 -1
253 650 -1
253 1431 -2
253 1907 -2
253 1913 -2
254 327 -1
254 361 -1
254 460 -1
254 620 -1
254 758 -1
254 854 -1
254 1697 -2
254 1789 -2
254 1968 -2
255 474 -1
255 531 -1
255 671 -1
255 859 -1
255 1568 -2
255 1745 -2
255 1879 -2
256 288 -1
256 533 -1
256 916 -1
256 921 -1
256 1308 -2
256 1717 -2
256 1765 -2
257 682 -1
257 730 -1
257 766 -1
257 911 -1
257 1251 -2
257 1471 -2
257 1739 -2
258 397 -1
258 1020 -2
258 1362 -2
258 1461 -2
259 300 -1
259 827 -1
259 1175 -2
259 1201 -2
259 1706 -2
260 292 -1
260 350 -1
260 456 -1
260 903 -1
260 953 -1
260 1334 -2
260 1763 -2
260 1944 -2
261 267 -1
261 326 -1
261 627 -1
261 714 -1
261 896 -1
261 1077 -2
261 1351 -2
261 1489 -2
262 522 -1
262 708 -1
262 723 -1
262 822 -1
262 1218 -2
262 1302 -2
262 1484 -2
263 419 -1
263 454 -1
263 497 -1
263 702 -1
263 832 -1
263 957 -1
263 1038 -2
263 1123 -2
263 1200 -2
264 265 -1
264 560 -1
264 881 -1
264 961 -1
264 1296 -2
264 1468 -2
264 1730 -2
265 333 -1
265 402 -1
265 881 -1
265 1057 -2
265 1296 -2
265 1423 -2
266 439 -1
266 525 -1
266 718 -1
266 779 -1
266 914 -1
266 1011 -2
266 1278 -2
266 1770 -2
267 296 -1
267 414 -1
267 588 -1
267 896 -1
267 1077 -2
267 1164 -2
267 1684 -2
268 436 -1
268 448 -1
268 640 -1
268 751 -1
268 847 -1
268 1333 -2
268 1513 -2
268 1784 -2
269 377 -1
269 412 -1
269 538 -1
269 700 -1
269 966 -1
269 1247 -2
269 1331 -2
269 1656 -2
270 350 -1
270 520 -1
270 733 -1
270 883 -1
270 996 -1
270 1447 -2
270 1599 -2
270 1858 -2
271 753 -1
271 760 -1
271 768 -1
271 1311 -2
271 1402 -2
271 1580 -2
272 346 -1
272 392 -1
272 490 -1
272 679 -1
272 841 -1
272 1004 -1
272 1023 -2
272 1146 -2
272 1776 -2
273 446 -1
273 483 -1
273 506 -1
273 668 -1
273 1181 -2
273 1213 -2
273 1654 -2
274 314 -1
274 369 -1
274 394 -1
274 651 -1
274 736 -1
274 828 -1
274 1390 -2
274 1613 -2
274 1711 -2
275 532 -1
275 625 -1
275 685 -1
275 879 -1
275 1165 -2
275 1277 -2
275 1850 -2
276 549 -1
276 628 -1
276 690 -1
276 945 -1
276 1037 -2
276 1816 -2
276 1964 -2
277 467 -1
277 476 -1
277 694 -1
277 858 -1
277 1255 -2
277 1601 -2
277 1607 -2
278 499 -1
278 617 -1
278 634 -1
278 1053 -2
278 1173 -2
278 1179 -2
279 431 -1
279 569 -1
279 573 -1
279 621 -1
279 659 -1
279 932 -1
279 1047 -2
279 1049 -2
279 1723 -2
280 449 -1
280 613 -1
280 649 -1
280 750 -1
280 1547 -2
280 1612 -2
280 1616 -2
281 349 -1
281 427 -1
281 760 -1
281 873 -1
281 1174 -2
281 1178 -2
281 1884 -2
282 297 -1
282 443 -1
282 547 -1
282 553 -1
282 595 -1
282 988 -1
282 1565 -2
282 1643 -2
282 1800 -2
283 337 -1
283 418 -1
283 430 -1
283 496 -1
283 916 -1
283 939 -1
283 1025 -2
283 1081 -2
283 1825 -2
284 341 -1
284 385 -1
284 407 -1
284 684 -1
284 897 -1
284 1364 -2
284 1831 -2
284 2000 -2
285 417 -1
285 593 -1
285 674 -1
285 754 -1
285 849 -1
285 857 -1
285 1324 -2
285 1592 -2
285 1604 -2
286 372 -1
286 405 -1
286 485 -1
286 630 -1
286 992 -1
286 1443 -2
286 1602 -2
286 1693 -2
287 312 -1
287 351 -1
287 373 -1
287 425 -1
287 671 -1
287 1119 -2
287 1285 -2
287 1462 -2
288 661 -1
288 916 -1
288 936 -1
288 1434 -2
288 1669 -2
288 1765 -2
289 463 -1
289 550 -1
289 557 -1
289 799 -1
289 891 -1
289 1289 -2
289 1747 -2
289 1819 -2
290 360 -1
290 562 -1
290 1162 -2
290 1391 -2
290 1822 -2
291 326 -1
291 396 -1
291 415 -1
291 818 -1
291 853 -1
291 920 -1
291 1006 -2
291 1118 -2
291 1145 -2
292 308 -1
292 700 -1
292 803 -1
292 903 -1
292 1052 -2
292 1334 -2
292 1853 -2
293 398 -1
293 683 -1
293 828 -1
293 830 -1
293 934 -1
293 948 -1
293 1073 -2
293 1199 -2
293 1372 -2
294 412 -1
294 500 -1
294 532 -1
294 654 -1
294 657 -1
294 726 -1
294 1354 -2
294 1651 -2
294 1746 -2
295 343 -1
295 677 -1
295 745 -1
295 826 -1
295 1679 -2
295 1928 -2
295 1976 -2
296 676 -1
296 722 -1
296 787 -1
296 1161 -2
296 1236 -2
296 1684 -2
297 444 -1
297 983 -1
297 988 -1
297 1506 -2
297 1565 -2
297 1705 -2
298 433 -1
298 755 -1
298 835 -1
298 868 -1
298 913 -1
298 1573 -2
298 1788 -2
298 1960 -2
299 432 -1
299 599 -1
299 732 -1
299 801 -1
299 828 -1
299 961 -1
299 1205 -2
299 1344 -2
299 1442 -2
300 579 -1
300 598 -1
300 631 -1
300 673 -1
300 827 -1
300 1201 -2
300 1618 -2
300 1764 -2
301 481 -1
301 550 -1
301 629 -1
301 901 -1
301 946 -1
301 1648 -2
301 1972 -2
301 2004 -2
302 340 -1
302 465 -1
302 861 -1
302 901 -1
302 905 -1
302 1093 -2
302 1131 -2
302 1312 -2
303 391 -1
303 484 -1
303 612 -1
303 867 -1
303 1054 -2
303 1095 -2
303 1156 -2
304 370 -1
304 841 -1
304 882 -1
304 958 -1
304 980 -1
304 983 -1
304 1177 -2
304 1206 -2
304 1866 -2
305 563 -1
305 577 -1
305 672 -1
305 704 -1
305 827 -1
305 1117 -2
305 1227 -2
305 1317 -2
306 349 -1
306 792 -1
306 896 -1
306 986 -1
306 1170 -2
306 1262 -2
306 1545 -2
307 321 -1
307 322 -1
307 459 -1
307 608 -1
307 808 -1
307 1454 -2
307 1483 -2
307 1695 -2
308 378 -1
308 700 -1
308 712 -1
308 975 -1
308 1052 -2
308 1209 -2
308 1727 -2
309 426 -1
309 438 -1
309 574 -1
309 912 -1
309 1275 -2
309 1518 -2
309 1795 -2
310 582 -1
310 673 -1
310 727 -1
310 749 -1
310 825 -1
310 1280 -2
310 1532 -2
310 1741 -2
311 336 -1
311 381 -1
311 418 -1
311 425 -1
311 470 -1
311 1241 -2
311 1720 -2
311 1887 -2
312 315 -1
312 337 -1
312 671 -1
312 757 -1
312 1088 -2
312 1462 -2
312 1698 -2
313 345 -1
313 493 -1
313 1267 -2
313 1707 -2
313 1757 -2
314 549 -1
314 588 -1
314 828 -1
314 880 -1
314 1094 -2
314 1390 -2
314 1541 -2
315 688 -1
315 757 -1
315 812 -1
315 838 -1
315 872 -1
315 1346 -2
315 1520 -2
315 1698 -2
316 356 -1
316 491 -1
316 564 -1
316 845 -1
316 1116 -2
316 1363 -2
316 1375 -2
317 319 -1
317 511 -1
317 868 -1
317 955 -1
317 1467 -2
317 1531 -2
317 1623 -2
318 396 -1
318 455 -1
318 460 -1
318 480 -1
318 1036 -2
318 1326 -2
318 1453 -2
319 362 -1
319 898 -1
319 1256 -2
319 1531 -2
319 1779 -2
320 630 -1
320 658 -1
320 806 -1
320 854 -1
320 934 -1
320 1097 -2
320 1249 -2
320 1888 -2
321 324 -1
321 637 -1
321 1287 -2
321 1454 -2
321 1956 -2
322 459 -1
322 479 -1
322 640 -1
322 981 -1
322 1337 -2
322 1459 -2
322 1695 -2
323 334 -1
323 441 -1
323 515 -1
323 524 -1
323 1092 -2
323 1534 -2
323 1952 -2
324 388 -1
324 521 -1
324 637 -1
324 771 -1
324 940 -1
324 1035 -2
324 1287 -2
324 1864 -2
325 397 -1
325 638 -1
325 684 -1
325 692 -1
325 939 -1
325 1366 -2
325 1368 -2
325 1986 -2
326 714 -1
326 818 -1
326 930 -1
326 1145 -2
326 1351 -2
326 1614 -2
327 460 -1
327 534 -1
327 665 -1
327 702 -1
327 1102 -2
327 1697 -2
327 1729 -2
328 363 -1
328 373 -1
328 409 -1
328 1042 -2
328 1631 -2
328 1732 -2
329 509 -1
329 646 -1
329 848 -1
329 1103 -2
329 1169 -2
329 1682 -2
330 388 -1
330 508 -1
330 846 -1
330 969 -1
330 992 -1
330 1113 -2
330 1448 -2
330 1775 -2
331 639 -1
331 991 -1
331 1043 -2
331 1284 -2
331 1828 -2
332 431 -1
332 471 -1
332 510 -1
332 848 -1
332 998 -1
332 1230 -2
332 1731 -2
332 1877 -2
333 353 -1
333 377 -1
333 778 -1
333 962 -1
333 1423 -2
333 1473 -2
333 1862 -2
334 535 -1
334 550 -1
334 708 -1
334 1092 -2
334 1408 -2
334 1922 -2
335 486 -1
335 547 -1
335 684 -1
335 732 -1
335 1168 -2
335 1591 -2
335 1994 -2
336 425 -1
336 608 -1
336 656 -1
336 791 -1
336 1720 -2
336 1752 -2
336 1826 -2
337 916 -1
337 1004 -1
337 1081 -2
337 1088 -2
337 1625 -2
338 429 -1
338 677 -1
338 681 -1
338 752 -1
338 881 -1
338 1528 -2
338 1566 -2
338 1829 -2
339 485 -1
339 597 -1
339 680 -1
339 1543 -2
339 1609 -2
339 1661 -2
340 399 -1
340 861 -1
340 964 -1
340 1131 -2
340 1662 -2
340 1686 -2
341 367 -1
341 684 -1
341 773 -1
341 1364 -2
341 1522 -2
341 1868 -2
342 527 -1
342 552 -1
342 589 -1
342 668 -1
342 949 -1
342 1045 -2
342 1418 -2
342 1773 -2
343 404 -1
343 745 -1
343 1126 -2
343 1966 -2
343 1976 -2
344 381 -1
344 446 -1
344 638 -1
344 780 -1
344 807 -1
344 1310 -2
344 1406 -2
344 1549 -2
345 607 -1
345 998 -1
345 1299 -2
345 1707 -2
345 1946 -2
346 538 -1
346 679 -1
346 694 -1
346 1023 -2
346 1031 -2
346 1915 -2
347 369 -1
347 711 -1
347 718 -1
347 783 -1
347 837 -1
347 1001 -1
347 1378 -2
347 1863 -2
347 1897 -2
348 482 -1
348 567 -1
348 586 -1
348 774 -1
348 1759 -2
348 1835 -2
348 1881 -2
349 476 -1
349 741 -1
349 873 -1
349 896 -1
349 1174 -2
349 1262 -2
349 1464 -2
350 413 -1
350 520 -1
350 996 -1
350 1599 -2
350 1712 -2
350 1763 -2
351 425 -1
351 486 -1
351 487 -1
351 814 -1
351 1119 -2
351 1538 -2
351 1696 -2
352 367 -1
352 408 -1
352 516 -1
352 595 -1
352 616 -1
352 1229 -2
352 1560 -2
352 1627 -2
353 594 -1
353 623 -1
353 717 -1
353 778 -1
353 823 -1
353 1579 -2
353 1664 -2
353 1862 -2
354 405 -1
354 756 -1
354 959 -1
354 1079 -2
354 1910 -2
354 1924 -2
355 574 -1
355 683 -1
355 711 -1
355 780 -1
355 1242 -2
355 1841 -2
355 1940 -2
356 426 -1
356 467 -1
356 582 -1
356 845 -1
356 929 -1
356 1375 -2
356 1748 -2
356 1801 -2
357 423 -1
357 584 -1
357 627 -1
357 876 -1
357 1029 -2
357 1044 -2
357 1332 -2
358 779 -1
358 878 -1
358 891 -1
358 1449 -2
358 1587 -2
358 1837 -2
359 560 -1
359 576 -1
359 585 -1
359 772 -1
359 833 -1
359 991 -1
359 1415 -2
359 1563 -2
359 1675 -2
360 696 -1
360 903 -1
360 1003 -1
360 1013 -2
360 1144 -2
360 1391 -2
361 605 -1
361 629 -1
361 660 -1
361 758 -1
361 816 -1
361 1086 -2
361 1789 -2
361 1979 -2
362 384 -1
362 435 -1
362 1136 -2
362 1779 -2
362 1935 -2
363 387 -1
363 530 -1
363 650 -1
363 829 -1
363 1042 -2
363 1319 -2
363 1865 -2
364 415 -1
364 523 -1
364 767 -1
364 969 -1
364 1019 -2
364 1142 -2
364 1803 -2
365 644 -1
365 878 -1
365 889 -1
365 943 -1
365 1062 -2
365 1907 -2
365 1970 -2
366 583 -1
366 586 -1
366 620 -1
366 626 -1
366 700 -1
366 1223 -2
366 1384 -2
366 1492 -2
367 501 -1
367 924 -1
367 1522 -2
367 1627 -2
367 1635 -2
368 403 -1
368 678 -1
368 862 -1
368 875 -1
368 982 -1
368 1382 -2
368 1594 -2
368 1996 -2
369 394 -1
369 783 -1
369 1001 -1
369 1071 -2
369 1613 -2
369 1897 -2
370 639 -1
370 799 -1
370 841 -1
370 989 -1
370 1206 -2
370 1271 -2
370 1498 -2
371 473 -1
371 565 -1
371 578 -1
371 664 -1
371 1266 -2
371 1480 -2
371 1640 -2
372 506 -1
372 542 -1
372 692 -1
372 924 -1
372 992 -1
372 1064 -2
372 1427 -2
372 1693 -2
373 598 -1
373 1285 -2
373 1732 -2
373 1767 -2
374 450 -1
374 497 -1
374 890 -1
374 907 -1
374 932 -1
374 1130 -2
374 1469 -2
374 1721 -2
375 380 -1
375 661 -1
375 792 -1
375 801 -1
375 832 -1
375 1321 -2
375 1340 -2
375 1446 -2
376 438 -1
376 485 -1
376 643 -1
376 754 -1
376 806 -1
376 980 -1
376 1061 -2
376 1409 -2
376 1425 -2
377 493 -1
377 538 -1
377 770 -1
377 962 -1
377 1279 -2
377 1473 -2
377 1656 -2
378 820 -1
378 957 -1
378 1209 -2
378 1254 -2
378 1988 -2
379 914 -1
379 919 -1
379 971 -1
379 989 -1
379 1259 -2
379 1605 -2
379 1926 -2
380 805 -1
380 832 -1
380 1231 -2
380 1340 -2
380 1756 -2
381 691 -1
381 780 -1
381 1241 -2
381 1406 -2
381 1851 -2
382 452 -1
382 531 -1
382 672 -1
382 1160 -2
382 1597 -2
382 1644 -2
383 419 -1
383 558 -1
383 893 -1
383 928 -1
383 1667 -2
383 1736 -2
383 1833 -2
384 414 -1
384 690 -1
384 978 -1
384 1244 -2
384 1754 -2
384 1935 -2
385 407 -1
385 675 -1
385 790 -1
385 943 -1
385 1027 -2
385 1433 -2
385 2000 -2
386 572 -1
386 695 -1
386 905 -1
386 923 -1
386 1619 -2
386 1818 -2
386 2003 -2
387 457 -1
387 650 -1
387 1149 -2
387 1865 -2
387 1878 -2
388 940 -1
388 992 -1
388 1035 -2
388 1448 -2
388 1584 -2
389 551 -1
389 694 -1
389 696 -1
389 821 -1
389 887 -1
389 1523 -2
389 1629 -2
389 1981 -2
390 543 -1
390 572 -1
390 914 -1
390 941 -1
390 1637 -2
390 1965 -2
390 1967 -2
391 428 -1
391 653 -1
391 772 -1
391 785 -1
391 1135 -2
391 1156 -2
391 1997 -2
392 465 -1
392 490 -1
392 707 -1
392 928 -1
392 1146 -2
392 1204 -2
392 1753 -2
393 421 -1
393 434 -1
393 478 -1
393 704 -1
393 1000 -1
393 1554 -2
393 1688 -2
393 1961 -2
394 522 -1
394 962 -1
394 1613 -2
394 1834 -2
394 1861 -2
395 458 -1
395 549 -1
395 566 -1
395 613 -1
395 761 -1
395 1490 -2
395 1516 -2
395 1893 -2
396 415 -1
396 524 -1
396 886 -1
396 1006 -2
396 1326 -2
396 1992 -2
397 527 -1
397 638 -1
397 1366 -2
397 1461 -2
397 1941 -2
398 447 -1
398 948 -1
398 1199 -2
398 1237 -2
398 1894 -2
399 745 -1
399 751 -1
399 798 -1
399 964 -1
399 1657 -2
399 1685 -2
399 1686 -2
400 431 -1
400 437 -1
400 540 -1
400 864 -1
400 963 -1
400 1030 -2
400 1458 -2
400 1909 -2
401 601 -1
401 951 -1
401 1301 -2
401 1714 -2
401 1896 -2
402 410 -1
402 460 -1
402 910 -1
402 1057 -2
402 1325 -2
402 1852 -2
403 556 -1
403 875 -1
403 1294 -2
403 1870 -2
403 1996 -2
404 570 -1
404 774 -1
404 1186 -2
404 1399 -2
404 1966 -2
405 485 -1
405 682 -1
405 959 -1
405 989 -1
405 1079 -2
405 1084 -2
405 1602 -2
406 620 -1
406 753 -1
406 781 -1
406 809 -1
406 882 -1
406 994 -1
406 1059 -2
406 1388 -2
406 1787 -2
407 445 -1
407 713 -1
407 1028 -2
407 1304 -2
407 2000 -2
408 571 -1
408 603 -1
408 616 -1
408 931 -1
408 976 -1
408 1229 -2
408 1692 -2
408 1817 -2
409 517 -1
409 870 -1
409 884 -1
409 1631 -2
409 1777 -2
409 2001 -2
410 570 -1
410 797 -1
410 936 -1
410 1325 -2
410 1799 -2
410 1842 -2
411 755 -1
411 821 -1
411 825 -1
411 836 -1
411 968 -1
411 1349 -2
411 1624 -2
411 1927 -2
412 500 -1
412 510 -1
412 624 -1
412 1261 -2
412 1331 -2
412 1651 -2
413 612 -1
413 811 -1
413 996 -1
413 1132 -2
413 1481 -2
413 1712 -2
414 588 -1
414 714 -1
414 978 -1
414 1164 -2
414 1244 -2
414 1460 -2
415 767 -1
415 1006 -2
415 1010 -2
415 1803 -2
416 561 -1
416 615 -1
416 670 -1
416 731 -1
416 739 -1
416 750 -1
416 1087 -2
416 1567 -2
416 1585 -2
417 444 -1
417 609 -1
417 849 -1
417 1111 -2
417 1324 -2
417 1562 -2
418 470 -1
418 827 -1
418 939 -1
418 1025 -2
418 1672 -2
418 1887 -2
419 506 -1
419 697 -1
419 832 -1
419 1038 -2
419 1098 -2
419 1667 -2
420 664 -1
420 675 -1
420 723 -1
420 965 -1
420 1234 -2
420 1575 -2
420 1710 -2
421 434 -1
421 488 -1
421 679 -1
421 842 -1
421 1128 -2
421 1791 -2
421 1961 -2
422 439 -1
422 581 -1
422 766 -1
422 1336 -2
422 1345 -2
422 1844 -2
423 537 -1
423 1332 -2
423 1361 -2
423 1660 -2
424 603 -1
424 622 -1
424 635 -1
424 973 -1
424 1104 -2
424 1367 -2
424 1424 -2
425 852 -1
425 1119 -2
425 1141 -2
425 1720 -2
426 467 -1
426 724 -1
426 876 -1
426 1518 -2
426 1794 -2
426 1801 -2
427 461 -1
427 545 -1
427 981 -1
427 1015 -2
427 1178 -2
427 1194 -2
428 604 -1
428 734 -1
428 772 -1
428 803 -1
428 1135 -2
428 1603 -2
428 1905 -2
429 660 -1
429 669 -1
429 870 -1
429 874 -1
429 881 -1
429 1566 -2
429 1633 -2
429 1677 -2
430 442 -1
430 466 -1
430 496 -1
430 677 -1
430 1825 -2
430 1987 -2
430 2002 -2
431 471 -1
431 540 -1
431 621 -1
431 1030 -2
431 1049 -2
431 1877 -2
432 662 -1
432 732 -1
432 947 -1
432 1344 -2
432 1668 -2
432 1949 -2
433 742 -1
433 895 -1
433 932 -1
433 1202 -2
433 1221 -2
433 1573 -2
434 501 -1
434 519 -1
434 606 -1
434 990 -1
434 1583 -2
434 1945 -2
434 1961 -2
435 501 -1
435 865 -1
435 1136 -2
435 1385 -2
435 1482 -2
436 504 -1
436 640 -1
436 866 -1
436 873 -1
436 1214 -2
436 1400 -2
436 1784 -2
437 526 -1
437 905 -1
437 1159 -2
437 1891 -2
437 1909 -2
438 487 -1
438 667 -1
438 980 -1
438 1061 -2
438 1158 -2
438 1275 -2
439 615 -1
439 797 -1
439 914 -1
439 1345 -2
439 1347 -2
439 1770 -2
440 479 -1
440 611 -1
440 738 -1
440 765 -1
440 976 -1
440 1124 -2
440 1474 -2
440 1821 -2
441 524 -1
441 582 -1
441 589 -1
441 608 -1
441 823 -1
441 1222 -2
441 1755 -2
441 1952 -2
442 594 -1
442 677 -1
442 682 -1
442 1722 -2
442 1805 -2
442 1987 -2
443 547 -1
443 571 -1
443 628 -1
443 1643 -2
443 1883 -2
443 2008 -2
444 1167 -2
444 1562 -2
444 1705 -2
445 447 -1
445 775 -1
445 1304 -2
445 1357 -2
445 1653 -2
446 506 -1
446 698 -1
446 807 -1
446 1181 -2
446 1260 -2
446 1549 -2
447 775 -1
447 1000 -1
447 1357 -2
447 1894 -2
447 1937 -2
448 651 -1
448 751 -1
448 1091 -2
448 1333 -2
448 1950 -2
449 649 -1
449 793 -1
449 1612 -2
449 1642 -2
449 1912 -2
450 497 -1
450 520 -1
450 553 -1
450 738 -1
450 788 -1
450 1130 -2
450 1183 -2
450 1980 -2
451 480 -1
451 600 -1
451 654 -1
451 680 -1
451 804 -1
451 1352 -2
451 1514 -2
451 1846 -2
452 505 -1
452 531 -1
452 735 -1
452 919 -1
452 940 -1
452 1148 -2
452 1597 -2
452 1785 -2
453 653 -1
453 688 -1
453 849 -1
453 1414 -2
453 1919 -2
453 1984 -2
454 502 -1
454 590 -1
454 957 -1
454 1200 -2
454 1240 -2
454 1274 -2
455 541 -1
455 734 -1
455 910 -1
455 1380 -2
455 1453 -2
455 1832 -2
456 538 -1
456 953 -1
456 968 -1
456 1276 -2
456 1700 -2
456 1944 -2
457 658 -1
457 702 -1
457 840 -1
457 1149 -2
457 1197 -2
457 2009 -2
458 680 -1
458 687 -1
458 971 -1
458 1505 -2
458 1676 -2
458 1893 -2
459 536 -1
459 814 -1
459 984 -1
459 1540 -2
459 1695 -2
459 1962 -2
460 480 -1
460 910 -1
460 1036 -2
460 1697 -2
460 1852 -2
461 645 -1
461 756 -1
461 1194 -2
461 1374 -2
461 1593 -2
462 611 -1
462 899 -1
462 900 -1
462 1187 -2
462 1611 -2
462 1769 -2
463 470 -1
463 472 -1
463 550 -1
463 618 -1
463 1338 -2
463 1819 -2
463 1889 -2
464 701 -1
464 777 -1
464 802 -1
464 988 -1
464 1689 -2
464 1742 -2
464 1872 -2
465 557 -1
465 880 -1
465 1063 -2
465 1093 -2
465 1753 -2
466 548 -1
466 800 -1
466 881 -1
466 1393 -2
466 1978 -2
466 2002 -2
467 922 -1
467 964 -1
467 1255 -2
467 1432 -2
467 1801 -2
468 553 -1
468 562 -1
468 736 -1
468 819 -1
468 977 -1
468 1295 -2
468 1376 -2
468 1501 -2
469 474 -1
469 871 -1
469 892 -1
469 1550 -2
469 1678 -2
469 1855 -2
470 787 -1
470 796 -1
470 1507 -2
470 1887 -2
470 1889 -2
471 503 -1
471 678 -1
471 934 -1
471 1004 -1
471 1171 -2
471 1873 -2
471 1877 -2
472 618 -1
472 1253 -2
472 1338 -2
472 1548 -2
473 659 -1
473 664 -1
473 674 -1
473 1348 -2
473 1480 -2
473 1768 -2
474 859 -1
474 887 -1
474 892 -1
474 969 -1
474 1537 -2
474 1550 -2
474 1879 -2
475 752 -1
475 777 -1
475 861 -1
475 960 -1
475 1191 -2
475 1557 -2
475 1626 -2
476 694 -1
476 741 -1
476 854 -1
476 892 -1
476 1193 -2
476 1464 -2
476 1607 -2
477 631 -1
477 647 -1
477 833 -1
477 945 -1
477 1369 -2
477 1709 -2
477 1792 -2
478 543 -1
478 662 -1
478 800 -1
478 995 -1
478 1000 -1
478 1051 -2
478 1688 -2
478 1802 -2
479 529 -1
479 640 -1
479 900 -1
479 1459 -2
479 1487 -2
479 1821 -2
480 804 -1
480 1036 -2
480 1778 -2
480 1846 -2
481 550 -1
481 562 -1
481 988 -1
481 1533 -2
481 1652 -2
481 1972 -2
482 686 -1
482 725 -1
482 984 -1
482 1387 -2
482 1493 -2
482 1759 -2
483 709 -1
483 710 -1
483 740 -1
483 1526 -2
483 1634 -2
483 1654 -2
484 665 -1
484 764 -1
484 769 -1
484 1033 -2
484 1054 -2
484 1137 -2
485 680 -1
485 754 -1
485 1425 -2
485 1543 -2
485 1602 -2
486 684 -1
486 742 -1
486 899 -1
486 1168 -2
486 1696 -2
486 1985 -2
487 521 -1
487 579 -1
487 667 -1
487 814 -1
487 1158 -2
487 1323 -2
487 1538 -2
488 514 -1
488 679 -1
488 763 -1
488 1128 -2
488 1373 -2
488 1647 -2
489 516 -1
489 649 -1
489 678 -1
489 813 -1
489 1670 -2
489 1820 -2
489 1904 -2
490 605 -1
490 655 -1
490 940 -1
490 1076 -2
490 1140 -2
490 1146 -2
491 500 -1
491 564 -1
491 725 -1
491 743 -1
491 1353 -2
491 1363 -2
491 1488 -2
492 533 -1
492 567 -1
492 765 -1
492 783 -1
492 796 -1
492 1058 -2
492 1107 -2
492 1666 -2
493 642 -1
493 770 -1
493 855 -1
493 1267 -2
493 1279 -2
493 1947 -2
494 559 -1
494 593 -1
494 735 -1
494 1166 -2
494 1728 -2
494 1856 -2
495 575 -1
495 670 -1
495 860 -1
495 997 -1
495 1003 -1
495 1034 -2
495 1069 -2
495 1371 -2
496 834 -1
496 887 -1
496 944 -1
496 1401 -2
496 1766 -2
496 1825 -2
497 702 -1
497 793 -1
497 814 -1
497 1123 -2
497 1130 -2
497 1681 -2
498 555 -1
498 574 -1
498 759 -1
498 819 -1
498 924 -1
498 1556 -2
498 1943 -2
498 1989 -2
499 611 -1
499 728 -1
499 766 -1
499 1179 -2
499 1246 -2
499 1655 -2
500 743 -1
500 769 -1
500 1451 -2
500 1488 -2
500 1651 -2
501 519 -1
501 924 -1
501 1385 -2
501 1635 -2
501 1945 -2
502 517 -1
502 1274 -2
502 1475 -2
502 1749 -2
503 575 -1
503 587 -1
503 825 -1
503 929 -1
503 1004 -1
503 1171 -2
503 1252 -2
503 1582 -2
504 850 -1
504 873 -1
504 938 -1
504 982 -1
504 1066 -2
504 1365 -2
504 1400 -2
505 554 -1
505 597 -1
505 735 -1
505 742 -1
505 789 -1
505 1148 -2
505 1163 -2
505 1843 -2
506 542 -1
506 697 -1
506 1098 -2
506 1181 -2
506 1427 -2
507 534 -1
507 544 -1
507 643 -1
507 663 -1
507 856 -1
507 868 -1
507 1750 -2
507 1793 -2
507 1798 -2
508 545 -1
508 629 -1
508 839 -1
508 967 -1
508 969 -1
508 1113 -2
508 1552 -2
508 1848 -2
509 633 -1
509 829 -1
509 848 -1
509 915 -1
509 1239 -2
509 1682 -2
509 1983 -2
510 624 -1
510 639 -1
510 968 -1
510 998 -1
510 1046 -2
510 1261 -2
510 1731 -2
511 762 -1
511 906 -1
511 1105 -2
511 1544 -2
511 1623 -2
512 525 -1
512 575 -1
512 685 -1
512 947 -1
512 950 -1
512 1303 -2
512 1417 -2
512 1515 -2
513 514 -1
513 623 -1
513 651 -1
513 983 -1
513 1133 -2
513 1257 -2
513 1860 -2
514 556 -1
514 623 -1
514 1133 -2
514 1621 -2
514 1647 -2
515 530 -1
515 695 -1
515 1403 -2
515 1534 -2
515 1636 -2
516 595 -1
516 678 -1
516 751 -1
516 800 -1
516 1494 -2
516 1560 -2
516 1820 -2
517 884 -1
517 1003 -1
517 1475 -2
517 1638 -2
517 2001 -2
518 773 -1
518 856 -1
518 973 -1
518 999 -1
518 1270 -2
518 1300 -2
518 1751 -2
519 559 -1
519 644 -1
519 970 -1
519 998 -1
519 1114 -2
519 1196 -2
519 1945 -2
520 788 -1
520 1439 -2
520 1599 -2
520 1980 -2
521 579 -1
521 771 -1
521 873 -1
521 1323 -2
521 1456 -2
521 1864 -2
522 669 -1
522 840 -1
522 1264 -2
522 1302 -2
522 1861 -2
523 642 -1
523 675 -1
523 834 -1
523 969 -1
523 1142 -2
523 1517 -2
523 1875 -2
524 779 -1
524 886 -1
524 890 -1
524 1215 -2
524 1952 -2
524 1992 -2
525 779 -1
525 833 -1
525 947 -1
525 1011 -2
525 1303 -2
525 1450 -2
526 579 -1
526 902 -1
526 987 -1
526 1159 -2
526 1220 -2
526 1420 -2
527 552 -1
527 871 -1
527 885 -1
527 1773 -2
527 1930 -2
527 1941 -2
528 864 -1
528 937 -1
528 944 -1
528 966 -1
528 1002 -1
528 1232 -2
528 1355 -2
528 1503 -2
529 673 -1
529 788 -1
529 900 -1
529 1026 -2
529 1203 -2
529 1487 -2
530 695 -1
530 829 -1
530 879 -1
530 1319 -2
530 1403 -2
530 1551 -2
531 891 -1
531 1597 -2
531 1745 -2
531 1975 -2
532 657 -1
532 1315 -2
532 1354 -2
532 1850 -2
533 880 -1
533 926 -1
533 1327 -2
533 1666 -2
533 1717 -2
534 702 -1
534 713 -1
534 756 -1
534 856 -1
534 1102 -2
534 1127 -2
534 1798 -2
535 597 -1
535 609 -1
535 708 -1
535 1110 -2
535 1922 -2
535 1999 -2
536 814 -1
536 852 -1
536 977 -1
536 1101 -2
536 1180 -2
536 1962 -2
537 696 -1
537 791 -1
537 1208 -2
537 1361 -2
537 1824 -2
538 968 -1
538 1031 -2
538 1276 -2
538 1656 -2
539 781 -1
539 1024 -2
539 1032 -2
539 1476 -2
540 704 -1
540 809 -1
540 944 -1
540 1030 -2
540 1282 -2
540 1465 -2
541 590 -1
541 633 -1
541 910 -1
541 1419 -2
541 1832 -2
541 2006 -2
542 724 -1
542 863 -1
542 1143 -2
542 1427 -2
542 1939 -2
543 572 -1
543 662 -1
543 1758 -2
543 1802 -2
543 1965 -2
544 643 -1
544 776 -1
544 791 -1
544 874 -1
544 1495 -2
544 1578 -2
544 1793 -2
545 647 -1
545 839 -1
545 942 -1
545 981 -1
545 1015 -2
545 1395 -2
545 1552 -2
546 606 -1
546 699 -1
546 762 -1
546 817 -1
546 1394 -2
546 1519 -2
546 1809 -2
547 672 -1
547 1591 -2
547 1643 -2
547 1774 -2
548 705 -1
548 765 -1
548 881 -1
548 946 -1
548 980 -1
548 1586 -2
548 1938 -2
548 1978 -2
549 588 -1
549 613 -1
549 628 -1
549 1094 -2
549 1490 -2
549 1816 -2
550 1408 -2
550 1819 -2
550 1972 -2
551 586 -1
551 666 -1
551 821 -1
551 931 -1
551 1083 -2
551 1523 -2
551 1974 -2
552 572 -1
552 835 -1
552 1359 -2
552 1773 -2
552 1815 -2
553 562 -1
553 595 -1
553 738 -1
553 1183 -2
553 1295 -2
553 1800 -2
554 597 -1
554 764 -1
554 772 -1
554 802 -1
554 1840 -2
554 1843 -2
554 1958 -2
555 978 -1
555 1389 -2
555 1632 -2
555 1989 -2
556 705 -1
556 875 -1
556 1294 -2
556 1621 -2
556 1628 -2
557 625 -1
557 626 -1
557 880 -1
557 1063 -2
557 1289 -2
557 1539 -2
558 614 -1
558 650 -1
558 721 -1
558 1645 -2
558 1833 -2
558 1913 -2
559 593 -1
559 970 -1
559 997 -1
559 1196 -2
559 1808 -2
559 1856 -2
560 585 -1
560 961 -1
560 1415 -2
560 1429 -2
560 1468 -2
561 636 -1
561 669 -1
561 731 -1
561 1157 -2
561 1567 -2
561 1804 -2
562 988 -1
562 1162 -2
562 1295 -2
562 1533 -2
563 570 -1
563 577 -1
563 654 -1
563 681 -1
563 1014 -2
563 1227 -2
563 1595 -2
564 618 -1
564 744 -1
564 1151 -2
564 1363 -2
564 1405 -2
565 878 -1
565 1431 -2
565 1640 -2
565 1761 -2
566 761 -1
566 892 -1
566 965 -1
566 1516 -2
566 1813 -2
566 1955 -2
567 586 -1
567 783 -1
567 851 -1
567 1107 -2
567 1268 -2
567 1835 -2
568 604 -1
568 836 -1
568 886 -1
568 908 -1
568 1250 -2
568 1265 -2
568 1920 -2
569 850 -1
569 932 -1
569 948 -1
569 1189 -2
569 1674 -2
569 1723 -2
570 654 -1
570 1014 -2
570 1186 -2
570 1842 -2
571 628 -1
571 931 -1
571 1172 -2
571 1817 -2
571 1883 -2
572 835 -1
572 1815 -2
572 1965 -2
572 2003 -2
573 604 -1
573 659 -1
573 1041 -2
573 1047 -2
573 1617 -2
574 780 -1
574 912 -1
574 924 -1
574 1556 -2
574 1795 -2
574 1940 -2
575 685 -1
575 860 -1
575 929 -1
575 1371 -2
575 1515 -2
575 1582 -2
576 772 -1
576 773 -1
576 846 -1
576 874 -1
576 930 -1
576 1007 -2
576 1675 -2
576 1786 -2
577 703 -1
577 749 -1
577 851 -1
577 904 -1
577 1056 -2
577 1227 -2
577 1572 -2
578 605 -1
578 703 -1
578 921 -1
578 1266 -2
578 1982 -2
578 2005 -2
579 631 -1
579 1323 -2
579 1420 -2
579 1618 -2
580 847 -1
580 951 -1
580 1001 -1
580 1085 -2
580 1650 -2
580 1857 -2
581 609 -1
581 728 -1
581 766 -1
581 784 -1
581 1134 -2
581 1336 -2
581 1995 -2
582 589 -1
582 749 -1
582 929 -1
582 1222 -2
582 1532 -2
582 1748 -2
583 626 -1
583 660 -1
583 775 -1
583 804 -1
583 1154 -2
583 1342 -2
583 1492 -2
584 727 -1
584 866 -1
584 929 -1
584 1029 -2
584 1510 -2
584 1933 -2
585 899 -1
585 917 -1
585 922 -1
585 1176 -2
585 1415 -2
585 1719 -2
586 1083 -2
586 1384 -2
586 1835 -2
587 750 -1
587 825 -1
587 918 -1
587 1252 -2
587 1292 -2
587 1485 -2
588 722 -1
588 888 -1
588 1094 -2
588 1164 -2
588 1455 -2
589 601 -1
589 1152 -2
589 1222 -2
589 1418 -2
590 596 -1
590 1240 -2
590 1445 -2
590 2006 -2
591 641 -1
591 768 -1
591 794 -1
591 867 -1
591 1108 -2
591 1320 -2
591 1536 -2
592 714 -1
592 739 -1
592 958 -1
592 1129 -2
592 1329 -2
592 1931 -2
593 754 -1
593 849 -1
593 1435 -2
593 1592 -2
593 1856 -2
594 671 -1
594 682 -1
594 823 -1
594 992 -1
594 1457 -2
594 1579 -2
594 1722 -2
595 665 -1
595 729 -1
595 1560 -2
595 1649 -2
595 1800 -2
596 890 -1
596 906 -1
596 1445 -2
596 1923 -2
596 1936 -2
597 609 -1
597 1609 -2
597 1843 -2
597 1999 -2
598 673 -1
598 884 -1
598 963 -1
598 1764 -2
598 1767 -2
598 1895 -2
599 815 -1
599 855 -1
599 915 -1
599 961 -1
599 1205 -2
599 1397 -2
599 1823 -2
600 736 -1
600 785 -1
600 1182 -2
600 1514 -2
600 1694 -2
601 634 -1
601 951 -1
601 1152 -2
601 1245 -2
601 1301 -2
602 894 -1
602 997 -1
602 1070 -2
602 1080 -2
602 1226 -2
603 857 -1
603 976 -1
603 1048 -2
603 1424 -2
603 1692 -2
604 803 -1
604 886 -1
604 1265 -2
604 1603 -2
604 1617 -2
605 629 -1
605 703 -1
605 940 -1
605 1086 -2
605 1140 -2
605 2005 -2
606 762 -1
606 783 -1
606 990 -1
606 1416 -2
606 1583 -2
606 1809 -2
607 628 -1
607 719 -1
607 757 -1
607 1299 -2
607 1305 -2
607 1444 -2
608 656 -1
608 808 -1
608 823 -1
608 1483 -2
608 1752 -2
608 1755 -2
609 1111 -2
609 1995 -2
609 1999 -2
610 718 -1
610 749 -1
610 908 -1
610 960 -1
610 1115 -2
610 1782 -2
610 1969 -2
611 728 -1
611 976 -1
611 1187 -2
611 1246 -2
611 1474 -2
612 801 -1
612 824 -1
612 867 -1
612 1095 -2
612 1407 -2
612 1481 -2
613 750 -1
613 1490 -2
613 1547 -2
613 1622 -2
614 721 -1
614 761 -1
614 835 -1
614 1211 -2
614 1527 -2
614 1645 -2
615 739 -1
615 748 -1
615 797 -1
615 1347 -2
615 1585 -2
615 1959 -2
616 917 -1
616 952 -1
616 966 -1
616 1112 -2
616 1229 -2
616 1871 -2
617 634 -1
617 667 -1
617 1106 -2
617 1173 -2
617 1477 -2
618 832 -1
618 1313 -2
618 1338 -2
618 1405 -2
619 645 -1
619 720 -1
619 733 -1
619 795 -1
619 994 -1
619 1184 -2
619 1210 -2
619 1990 -2
620 700 -1
620 753 -1
620 854 -1
620 1223 -2
620 1787 -2
620 1968 -2
621 774 -1
621 999 -1
621 1049 -2
621 1120 -2
621 1436 -2
622 794 -1
622 807 -1
622 973 -1
622 1104 -2
622 1472 -2
622 1690 -2
623 717 -1
623 782 -1
623 1133 -2
623 1350 -2
623 1664 -2
624 646 -1
624 728 -1
624 741 -1
624 1261 -2
624 1328 -2
624 1971 -2
625 626 -1
625 685 -1
625 950 -1
625 1165 -2
625 1463 -2
625 1539 -2
626 1190 -2
626 1492 -2
626 1539 -2
627 876 -1
627 1044 -2
627 1489 -2
627 1807 -2
628 757 -1
628 1444 -2
628 1816 -2
628 1883 -2
629 967 -1
629 1086 -2
629 1648 -2
629 1848 -2
630 971 -1
630 1022 -2
630 1097 -2
630 1443 -2
631 981 -1
631 1369 -2
631 1618 -2
631 1827 -2
632 705 -1
632 786 -1
632 1561 -2
632 1914 -2
632 1921 -2
633 831 -1
633 1239 -2
633 1419 -2
633 1886 -2
634 640 -1
634 943 -1
634 1173 -2
634 1245 -2
634 1630 -2
635 723 -1
635 746 -1
635 1075 -2
635 1367 -2
635 1377 -2
636 755 -1
636 1018 -2
636 1608 -2
636 1804 -2
637 788 -1
637 1287 -2
637 1687 -2
637 1796 -2
638 725 -1
638 1310 -2
638 1366 -2
638 1641 -2
639 968 -1
639 989 -1
639 991 -1
639 1046 -2
639 1498 -2
639 1828 -2
640 943 -1
640 1459 -2
640 1630 -2
640 1784 -2
641 960 -1
641 1320 -2
641 1392 -2
641 1596 -2
642 778 -1
642 820 -1
642 855 -1
642 1646 -2
642 1875 -2
642 1947 -2
643 781 -1
643 806 -1
643 912 -1
643 1409 -2
643 1426 -2
643 1793 -2
644 795 -1
644 889 -1
644 998 -1
644 1062 -2
644 1114 -2
644 1699 -2
645 720 -1
645 842 -1
645 867 -1
645 1184 -2
645 1525 -2
645 1593 -2
646 716 -1
646 728 -1
646 848 -1
646 1103 -2
646 1258 -2
646 1971 -2
647 837 -1
647 942 -1
647 1395 -2
647 1709 -2
647 1993 -2
648 1322 -2
648 1589 -2
648 1715 -2
649 1470 -2
649 1612 -2
649 1904 -2
650 939 -1
650 987 -1
650 1314 -2
650 1865 -2
650 1913 -2
651 736 -1
651 1257 -2
651 1711 -2
651 1950 -2
652 657 -1
652 716 -1
652 913 -1
652 962 -1
652 1496 -2
652 1738 -2
652 1836 -2
653 785 -1
653 838 -1
653 1356 -2
653 1919 -2
653 1997 -2
654 680 -1
654 726 -1
654 1014 -2
654 1352 -2
654 1746 -2
655 661 -1
655 754 -1
655 1076 -2
655 1150 -2
655 1737 -2
656 698 -1
656 767 -1
656 993 -1
656 1588 -2
656 1659 -2
656 1752 -2
657 1354 -2
657 1496 -2
657 1680 -2
658 806 -1
658 840 -1
658 927 -1
658 1248 -2
658 1249 -2
658 2009 -2
659 674 -1
659 776 -1
659 974 -1
659 1047 -2
659 1348 -2
659 1973 -2
660 669 -1
660 804 -1
660 816 -1
660 1342 -2
660 1633 -2
660 1979 -2
661 754 -1
661 792 -1
661 1150 -2
661 1446 -2
661 1669 -2
662 1668 -2
662 1802 -2
662 1918 -2
663 683 -1
663 689 -1
663 748 -1
663 868 -1
663 1153 -2
663 1708 -2
663 1750 -2
664 862 -1
664 1309 -2
664 1480 -2
664 1575 -2
665 729 -1
665 769 -1
665 1033 -2
665 1649 -2
665 1729 -2
666 734 -1
666 843 -1
666 931 -1
666 1307 -2
666 1330 -2
666 1974 -2
667 710 -1
667 1106 -2
667 1158 -2
667 1726 -2
668 789 -1
668 949 -1
668 1045 -2
668 1147 -2
668 1213 -2
669 840 -1
669 1157 -2
669 1264 -2
669 1633 -2
670 750 -1
670 909 -1
670 997 -1
670 1034 -2
670 1087 -2
670 1874 -2
671 992 -1
671 1457 -2
671 1462 -2
671 1568 -2
672 827 -1
672 1117 -2
672 1160 -2
672 1774 -2
673 1203 -2
673 1741 -2
673 1764 -2
674 857 -1
674 1002 -1
674 1348 -2
674 1502 -2
674 1604 -2
675 723 -1
675 790 -1
675 834 -1
675 1234 -2
675 1433 -2
675 1517 -2
676 722 -1
676 894 -1
676 985 -1
676 1161 -2
676 1225 -2
676 1499 -2
677 752 -1
677 1528 -2
677 1679 -2
677 1987 -2
678 862 -1
678 934 -1
678 1382 -2
678 1820 -2
678 1873 -2
679 1023 -2
679 1128 -2
679 1762 -2
680 1352 -2
680 1543 -2
680 1676 -2
681 927 -1
681 985 -1
681 1410 -2
681 1595 -2
681 1829 -2
682 730 -1
682 989 -1
682 1084 -2
682 1251 -2
682 1722 -2
683 711 -1
683 748 -1
683 828 -1
683 1153 -2
683 1242 -2
683 1372 -2
684 939 -1
684 1168 -2
684 1364 -2
684 1986 -2
685 709 -1
685 910 -1
685 1050 -2
685 1165 -2
685 1515 -2
686 863 -1
686 894 -1
686 933 -1
686 984 -1
686 1430 -2
686 1493 -2
686 1500 -2
687 888 -1
687 971 -1
687 975 -1
687 1437 -2
687 1505 -2
687 1724 -2
688 770 -1
688 838 -1
688 912 -1
688 1414 -2
688 1520 -2
688 1838 -2
689 771 -1
689 900 -1
689 919 -1
689 974 -1
689 1283 -2
689 1708 -2
689 1811 -2
690 691 -1
690 945 -1
690 1037 -2
690 1658 -2
690 1754 -2
691 911 -1
691 927 -1
691 1438 -2
691 1658 -2
691 1851 -2
692 857 -1
692 924 -1
692 1064 -2
692 1368 -2
692 1917 -2
693 761 -1
693 907 -1
693 972 -1
693 1195 -2
693 1269 -2
693 1542 -2
694 1607 -2
694 1915 -2
694 1981 -2
695 719 -1
695 838 -1
695 1297 -2
695 1403 -2
695 1619 -2
696 887 -1
696 1003 -1
696 1013 -2
696 1208 -2
696 1629 -2
697 709 -1
697 869 -1
697 901 -1
697 1098 -2
697 1298 -2
697 1839 -2
698 990 -1
698 1155 -2
698 1260 -2
698 1588 -2
699 816 -1
699 917 -1
699 1002 -1
699 1243 -2
699 1272 -2
699 1519 -2
700 966 -1
700 1052 -2
700 1223 -2
700 1247 -2
701 802 -1
701 933 -1
701 956 -1
701 987 -1
701 1316 -2
701 1689 -2
701 1830 -2
702 1102 -2
702 1123 -2
702 1197 -2
703 770 -1
703 858 -1
703 904 -1
703 1572 -2
703 1718 -2
703 2005 -2
704 944 -1
704 1282 -2
704 1317 -2
704 1554 -2
705 765 -1
705 1561 -2
705 1628 -2
705 1938 -2
706 727 -1
706 895 -1
706 1511 -2
706 1521 -2
706 1524 -2
707 775 -1
707 810 -1
707 928 -1
707 1078 -2
707 1204 -2
707 1546 -2
708 740 -1
708 904 -1
708 1484 -2
708 1569 -2
708 1922 -2
709 910 -1
709 1050 -2
709 1526 -2
709 1839 -2
710 740 -1
710 840 -1
710 1634 -2
710 1726 -2
710 1925 -2
711 718 -1
711 731 -1
711 1109 -2
711 1242 -2
711 1378 -2
712 731 -1
712 975 -1
712 1318 -2
712 1360 -2
712 1727 -2
713 756 -1
713 767 -1
713 1028 -2
713 1127 -2
713 1703 -2
714 958 -1
714 1329 -2
714 1351 -2
714 1460 -2
715 737 -1
715 739 -1
715 811 -1
715 993 -1
715 1068 -2
715 1639 -2
715 1781 -2
716 848 -1
716 877 -1
716 913 -1
716 974 -1
716 1039 -2
716 1258 -2
716 1738 -2
717 719 -1
717 798 -1
717 1065 -2
717 1122 -2
717 1664 -2
718 960 -1
718 1278 -2
718 1378 -2
718 1969 -2
719 838 -1
719 1122 -2
719 1297 -2
719 1305 -2
720 885 -1
720 889 -1
720 1184 -2
720 1411 -2
720 1529 -2
721 782 -1
721 863 -1
721 1185 -2
721 1645 -2
721 1691 -2
722 730 -1
722 888 -1
722 1161 -2
722 1455 -2
722 1903 -2
723 746 -1
723 822 -1
723 1218 -2
723 1234 -2
723 1377 -2
724 817 -1
724 876 -1
724 1125 -2
724 1143 -2
724 1794 -2
725 743 -1
725 1353 -2
725 1387 -2
725 1641 -2
726 802 -1
726 877 -1
726 1286 -2
726 1746 -2
726 1783 -2
727 825 -1
727 929 -1
727 1280 -2
727 1510 -2
727 1511 -2
728 784 -1
728 1134 -2
728 1246 -2
728 1971 -2
729 853 -1
729 1649 -2
729 1740 -2
729 1806 -2
730 1251 -2
730 1903 -2
730 1908 -2
731 1109 -2
731 1318 -2
731 1567 -2
732 942 -1
732 979 -1
732 1344 -2
732 1854 -2
732 1994 -2
733 760 -1
733 883 -1
733 941 -1
733 1005 -2
733 1210 -2
733 1858 -2
734 1330 -2
734 1380 -2
734 1905 -2
735 994 -1
735 1000 -1
735 1148 -2
735 1166 -2
735 1780 -2
736 819 -1
736 1182 -2
736 1376 -2
736 1711 -2
737 739 -1
737 925 -1
737 1224 -2
737 1509 -2
737 1781 -2
738 741 -1
738 765 -1
738 792 -1
738 1124 -2
738 1183 -2
738 1386 -2
739 1585 -2
739 1781 -2
739 1931 -2
740 746 -1
740 904 -1
740 1569 -2
740 1590 -2
740 1634 -2
741 792 -1
741 1328 -2
741 1386 -2
741 1464 -2
742 789 -1
742 899 -1
742 1163 -2
742 1221 -2
742 1985 -2
743 769 -1
743 959 -1
743 1353 -2
743 1451 -2
743 1942 -2
744 925 -1
744 967 -1
744 1151 -2
744 1577 -2
744 1598 -2
745 858 -1
745 955 -1
745 1067 -2
745 1685 -2
745 1976 -2
746 1377 -2
746 1590 -2
746 1713 -2
747 757 -1
747 834 -1
747 871 -1
747 936 -1
747 1072 -2
747 1335 -2
747 1615 -2
748 947 -1
748 1153 -2
748 1396 -2
748 1959 -2
749 851 -1
749 1056 -2
749 1532 -2
749 1782 -2
750 1087 -2
750 1292 -2
750 1547 -2
751 798 -1
751 800 -1
751 1333 -2
751 1494 -2
751 1657 -2
752 845 -1
752 861 -1
752 1528 -2
752 1557 -2
752 1744 -2
753 1293 -2
753 1402 -2
753 1787 -2
754 1150 -2
754 1425 -2
754 1592 -2
755 868 -1
755 968 -1
755 1018 -2
755 1624 -2
755 1960 -2
756 1127 -2
756 1374 -2
756 1924 -2
757 1072 -2
757 1444 -2
757 1698 -2
758 768 -1
758 806 -1
758 958 -1
758 1665 -2
758 1789 -2
758 1951 -2
759 819 -1
759 889 -1
759 1219 -2
759 1508 -2
759 1943 -2
760 768 -1
760 941 -1
760 1005 -2
760 1580 -2
760 1884 -2
761 907 -1
761 1211 -2
761 1269 -2
761 1516 -2
762 938 -1
762 1440 -2
762 1544 -2
762 1809 -2
763 850 -1
763 886 -1
763 893 -1
763 1096 -2
763 1228 -2
763 1373 -2
764 802 -1
764 916 -1
764 1137 -2
764 1876 -2
764 1958 -2
765 796 -1
765 1058 -2
765 1124 -2
765 1938 -2
766 911 -1
766 1336 -2
766 1655 -2
766 1739 -2
767 993 -1
767 1659 -2
767 1703 -2
767 1803 -2
768 794 -1
768 806 -1
768 1108 -2
768 1580 -2
768 1951 -2
769 813 -1
769 1033 -2
769 1451 -2
769 1466 -2
770 858 -1
770 912 -1
770 1279 -2
770 1718 -2
770 1838 -2
771 796 -1
771 919 -1
771 1610 -2
771 1811 -2
771 1864 -2
772 1135 -2
772 1675 -2
772 1840 -2
773 856 -1
773 930 -1
773 1300 -2
773 1786 -2
773 1868 -2
774 999 -1
774 1399 -2
774 1436 -2
774 1881 -2
775 1078 -2
775 1154 -2
775 1357 -2
776 784 -1
776 874 -1
776 974 -1
776 1495 -2
776 1847 -2
776 1973 -2
777 988 -1
777 1191 -2
777 1341 -2
777 1742 -2
778 820 -1
778 907 -1
778 1358 -2
778 1646 -2
778 1862 -2
779 890 -1
779 891 -1
779 1011 -2
779 1215 -2
779 1837 -2
780 810 -1
780 1406 -2
780 1940 -2
780 1954 -2
781 912 -1
781 994 -1
781 1059 -2
781 1426 -2
781 1476 -2
782 979 -1
782 1185 -2
782 1350 -2
782 1733 -2
783 1107 -2
783 1416 -2
783 1897 -2
784 1040 -2
784 1134 -2
784 1847 -2
785 836 -1
785 1535 -2
785 1694 -2
785 1997 -2
786 875 -1
786 933 -1
786 1892 -2
786 1921 -2
786 1977 -2
787 796 -1
787 976 -1
787 1236 -2
787 1486 -2
787 1507 -2
788 1026 -2
788 1796 -2
788 1980 -2
789 1147 -2
789 1163 -2
789 1725 -2
790 949 -1
790 977 -1
790 999 -1
790 1433 -2
790 1581 -2
790 1929 -2
791 1578 -2
791 1824 -2
791 1826 -2
792 1170 -2
792 1386 -2
792 1446 -2
793 814 -1
793 937 -1
793 1559 -2
793 1681 -2
793 1912 -2
794 1108 -2
794 1121 -2
794 1472 -2
795 817 -1
795 948 -1
795 994 -1
795 1699 -2
795 1812 -2
795 1990 -2
796 1058 -2
796 1507 -2
796 1610 -2
797 807 -1
797 909 -1
797 936 -1
797 1347 -2
797 1558 -2
797 1799 -2
798 815 -1
798 1065 -2
798 1620 -2
798 1657 -2
799 891 -1
799 951 -1
799 961 -1
799 1089 -2
799 1271 -2
799 1747 -2
800 995 -1
800 1051 -2
800 1393 -2
800 1494 -2
801 824 -1
801 828 -1
801 1321 -2
801 1407 -2
801 1442 -2
802 1286 -2
802 1689 -2
802 1958 -2
803 930 -1
803 1290 -2
803 1603 -2
803 1853 -2
804 902 -1
804 1342 -2
804 1479 -2
804 1846 -2
805 979 -1
805 1231 -2
805 1504 -2
805 1673 -2
806 1249 -2
806 1409 -2
806 1951 -2
807 909 -1
807 1549 -2
807 1558 -2
807 1690 -2
808 821 -1
808 1412 -2
808 1483 -2
808 1663 -2
809 882 -1
809 941 -1
809 1388 -2
809 1465 -2
809 1797 -2
810 813 -1
810 957 -1
810 1008 -2
810 1546 -2
810 1954 -2
811 938 -1
811 993 -1
811 1132 -2
811 1639 -2
811 1934 -2
812 872 -1
812 952 -1
812 1291 -2
812 1346 -2
812 1606 -2
813 957 -1
813 1008 -2
813 1466 -2
813 1670 -2
814 1538 -2
814 1681 -2
814 1962 -2
815 1397 -2
815 1576 -2
815 1620 -2
816 859 -1
816 1002 -1
816 1055 -2
816 1243 -2
816 1979 -2
817 948 -1
817 1125 -2
817 1394 -2
817 1812 -2
818 842 -1
818 877 -1
818 985 -1
818 1145 -2
818 1306 -2
818 1953 -2
819 865 -1
819 1376 -2
819 1452 -2
819 1943 -2
820 957 -1
820 1009 -2
820 1646 -2
820 1988 -2
821 825 -1
821 1412 -2
821 1523 -2
821 1927 -2
822 860 -1
822 1138 -2
822 1218 -2
822 1957 -2
823 1579 -2
823 1755 -2
823 1963 -2
824 851 -1
824 903 -1
824 1012 -2
824 1407 -2
824 1600 -2
825 1252 -2
825 1280 -2
825 1927 -2
826 1441 -2
826 1880 -2
826 1928 -2
827 1117 -2
827 1201 -2
827 1672 -2
828 1372 -2
828 1390 -2
828 1442 -2
829 915 -1
829 973 -1
829 1319 -2
829 1911 -2
829 1983 -2
830 882 -1
830 934 -1
830 1073 -2
830 1074 -2
830 1671 -2
831 895 -1
831 935 -1
831 954 -1
831 1100 -2
831 1810 -2
831 1886 -2
832 1038 -2
832 1313 -2
832 1340 -2
833 945 -1
833 991 -1
833 1450 -2
833 1563 -2
833 1792 -2
834 871 -1
834 1401 -2
834 1517 -2
834 1615 -2
835 913 -1
835 1527 -2
835 1788 -2
835 1815 -2
836 1250 -2
836 1349 -2
836 1535 -2
837 1001 -1
837 1398 -2
837 1863 -2
837 1993 -2
838 1297 -2
838 1356 -2
838 1520 -2
839 931 -1
839 995 -1
839 1552 -2
839 1564 -2
839 1906 -2
840 1264 -2
840 1925 -2
840 2009 -2
841 953 -1
841 1004 -1
841 1206 -2
841 1421 -2
841 1776 -2
842 867 -1
842 877 -1
842 1306 -2
842 1525 -2
842 1791 -2
843 865 -1
843 866 -1
843 918 -1
843 1307 -2
843 1339 -2
843 1869 -2
844 855 -1
844 876 -1
844 1512 -2
844 1570 -2
844 2007 -2
845 1238 -2
845 1375 -2
845 1744 -2
846 874 -1
846 1007 -2
846 1775 -2
846 1849 -2
847 1413 -2
847 1513 -2
847 1857 -2
848 1230 -2
848 1258 -2
848 1682 -2
849 1324 -2
849 1435 -2
849 1984 -2
850 1066 -2
850 1096 -2
850 1674 -2
851 1012 -2
851 1056 -2
851 1268 -2
852 869 -1
852 977 -1
852 1101 -2
852 1141 -2
852 1478 -2
853 870 -1
853 920 -1
853 954 -1
853 1060 -2
853 1118 -2
853 1740 -2
854 892 -1
854 934 -1
854 1193 -2
854 1888 -2
854 1968 -2
855 915 -1
855 1570 -2
855 1823 -2
855 1947 -2
856 996 -1
856 1233 -2
856 1300 -2
856 1798 -2
857 1048 -2
857 1604 -2
857 1917 -2
858 955 -1
858 1067 -2
858 1601 -2
858 1718 -2
859 995 -1
859 1055 -2
859 1343 -2
859 1879 -2
860 861 -1
860 1138 -2
860 1371 -2
860 1381 -2
861 1131 -2
861 1381 -2
861 1557 -2
862 1309 -2
862 1379 -2
862 1382 -2
863 1500 -2
863 1691 -2
863 1939 -2
864 963 -1
864 1090 -2
864 1232 -2
864 1458 -2
865 918 -1
865 1339 -2
865 1452 -2
865 1482 -2
866 1214 -2
866 1869 -2
866 1933 -2
867 1095 -2
867 1525 -2
867 1536 -2
868 955 -1
868 1467 -2
868 1750 -2
868 1960 -2
869 898 -1
869 901 -1
869 1298 -2
869 1478 -2
869 1734 -2
870 874 -1
870 954 -1
870 1060 -2
870 1677 -2
870 1777 -2
871 885 -1
871 1615 -2
871 1855 -2
871 1930 -2
872 913 -1
872 923 -1
872 993 -1
872 1188 -2
872 1212 -2
872 1346 -2
873 1174 -2
873 1400 -2
873 1456 -2
874 1007 -2
874 1495 -2
874 1677 -2
875 982 -1
875 1294 -2
875 1594 -2
875 1892 -2
876 1044 -2
876 1794 -2
876 2007 -2
877 974 -1
877 1039 -2
877 1306 -2
877 1783 -2
878 943 -1
878 1587 -2
878 1761 -2
878 1970 -2
879 920 -1
879 964 -1
879 1198 -2
879 1277 -2
879 1551 -2
880 926 -1
880 1063 -2
880 1327 -2
880 1541 -2
881 1296 -2
881 1566 -2
881 1978 -2
882 958 -1
882 1074 -2
882 1388 -2
882 1866 -2
883 904 -1
883 942 -1
883 1530 -2
883 1571 -2
883 1858 -2
884 896 -1
884 915 -1
884 963 -1
884 1422 -2
884 1895 -2
884 2001 -2
885 965 -1
885 1411 -2
885 1428 -2
885 1930 -2
886 893 -1
886 1228 -2
886 1265 -2
886 1992 -2
887 944 -1
887 969 -1
887 1537 -2
887 1629 -2
887 1766 -2
888 920 -1
888 1273 -2
888 1437 -2
888 1455 -2
889 1062 -2
889 1219 -2
889 1529 -2
890 932 -1
890 1215 -2
890 1721 -2
890 1936 -2
891 1747 -2
891 1837 -2
891 1975 -2
892 965 -1
892 1193 -2
892 1550 -2
892 1955 -2
893 906 -1
893 928 -1
893 1228 -2
893 1736 -2
893 1885 -2
894 933 -1
894 1226 -2
894 1430 -2
894 1499 -2
895 932 -1
895 935 -1
895 1202 -2
895 1524 -2
895 1810 -2
896 915 -1
896 1077 -2
896 1262 -2
896 1422 -2
897 952 -1
897 1016 -2
897 1735 -2
897 1831 -2
898 1256 -2
898 1404 -2
898 1734 -2
899 1176 -2
899 1769 -2
899 1985 -2
900 974 -1
900 1283 -2
900 1487 -2
900 1611 -2
901 905 -1
901 946 -1
901 1298 -2
901 1312 -2
901 2004 -2
902 987 -1
902 1017 -2
902 1220 -2
902 1479 -2
903 1144 -2
903 1334 -2
903 1600 -2
904 1530 -2
904 1569 -2
904 1572 -2
905 923 -1
905 1312 -2
905 1818 -2
905 1891 -2
906 1105 -2
906 1885 -2
906 1923 -2
907 1269 -2
907 1358 -2
907 1469 -2
908 1115 -2
908 1916 -2
908 1920 -2
909 946 -1
909 1558 -2
909 1772 -2
909 1874 -2
910 1050 -2
910 1832 -2
910 1852 -2
911 927 -1
911 1438 -2
911 1739 -2
911 1882 -2
912 1426 -2
912 1795 -2
912 1838 -2
913 993 -1
913 1212 -2
913 1738 -2
913 1788 -2
914 971 -1
914 1605 -2
914 1770 -2
914 1967 -2
915 1422 -2
915 1823 -2
915 1983 -2
916 1081 -2
916 1765 -2
916 1876 -2
917 922 -1
917 952 -1
917 1112 -2
917 1272 -2
917 1719 -2
918 1339 -2
918 1485 -2
918 1574 -2
919 940 -1
919 1259 -2
919 1785 -2
919 1811 -2
920 964 -1
920 1118 -2
920 1198 -2
920 1273 -2
921 1281 -2
921 1308 -2
921 1982 -2
922 964 -1
922 984 -1
922 1432 -2
922 1553 -2
922 1719 -2
923 1188 -2
923 1702 -2
923 1818 -2
924 1064 -2
924 1556 -2
924 1635 -2
925 986 -1
925 1509 -2
925 1577 -2
925 1998 -2
926 991 -1
926 1327 -2
926 1370 -2
926 1790 -2
927 985 -1
927 1248 -2
927 1410 -2
927 1438 -2
928 1099 -2
928 1204 -2
928 1736 -2
929 1510 -2
929 1582 -2
929 1748 -2
930 1290 -2
930 1614 -2
930 1786 -2
931 1817 -2
931 1906 -2
931 1974 -2
932 1202 -2
932 1721 -2
932 1723 -2
933 1430 -2
933 1830 -2
933 1977 -2
934 1073 -2
934 1873 -2
934 1888 -2
935 1139 -2
935 1192 -2
935 1810 -2
936 1335 -2
936 1434 -2
936 1799 -2
937 944 -1
937 1355 -2
937 1383 -2
937 1559 -2
938 982 -1
938 1365 -2
938 1440 -2
938 1934 -2
939 987 -1
939 1025 -2
939 1314 -2
939 1986 -2
940 1035 -2
940 1140 -2
940 1785 -2
941 1005 -2
941 1637 -2
941 1797 -2
942 979 -1
942 1395 -2
942 1571 -2
942 1854 -2
943 1027 -2
943 1630 -2
943 1970 -2
944 1282 -2
944 1355 -2
944 1766 -2
945 1037 -2
945 1760 -2
945 1792 -2
946 980 -1
946 1586 -2
946 1772 -2
946 2004 -2
947 1303 -2
947 1396 -2
947 1949 -2
948 1189 -2
948 1199 -2
948 1812 -2
949 1045 -2
949 1581 -2
949 1932 -2
950 1417 -2
950 1463 -2
950 1991 -2
951 961 -1
951 1089 -2
951 1301 -2
951 1650 -2
952 1016 -2
952 1112 -2
952 1606 -2
953 1421 -2
953 1771 -2
953 1944 -2
954 972 -1
954 1060 -2
954 1100 -2
954 1900 -2
955 982 -1
955 1067 -2
955 1467 -2
955 1899 -2
956 987 -1
956 1316 -2
956 1497 -2
956 1555 -2
957 1008 -2
957 1200 -2
957 1988 -2
958 1329 -2
958 1665 -2
958 1866 -2
959 1079 -2
959 1716 -2
959 1942 -2
960 1596 -2
960 1626 -2
960 1969 -2
961 1089 -2
961 1205 -2
961 1468 -2
962 1473 -2
962 1834 -2
962 1836 -2
963 1207 -2
963 1458 -2
963 1895 -2
964 1198 -2
964 1432 -2
964 1686 -2
965 1428 -2
965 1710 -2
965 1955 -2
966 1002 -1
966 1247 -2
966 1503 -2
966 1871 -2
967 1263 -2
967 1598 -2
967 1848 -2
968 1046 -2
968 1276 -2
968 1624 -2
969 1113 -2
969 1142 -2
969 1537 -2
970 975 -1
970 1196 -2
970 1814 -2
970 1890 -2
971 1022 -2
971 1505 -2
971 1605 -2
972 1542 -2
972 1701 -2
972 1900 -2
973 1104 -2
973 1751 -2
973 1911 -2
974 1039 -2
974 1283 -2
974 1973 -2
975 1724 -2
975 1727 -2
975 1890 -2
976 1474 -2
976 1486 -2
976 1692 -2
977 999 -1
977 1101 -2
977 1501 -2
977 1929 -2
978 1082 -2
978 1244 -2
978 1632 -2
979 1504 -2
979 1733 -2
979 1854 -2
980 983 -1
980 1061 -2
980 1177 -2
980 1586 -2
981 1015 -2
981 1337 -2
981 1827 -2
982 1365 -2
982 1594 -2
982 1899 -2
983 1177 -2
983 1506 -2
983 1860 -2
984 1493 -2
984 1540 -2
984 1553 -2
985 1225 -2
985 1410 -2
985 1953 -2
986 1545 -2
986 1902 -2
986 1998 -2
987 1220 -2
987 1314 -2
987 1316 -2
988 1533 -2
988 1565 -2
988 1742 -2
989 1084 -2
989 1498 -2
989 1926 -2
990 1155 -2
990 1583 -2
990 1948 -2
991 1563 -2
991 1790 -2
991 1828 -2
992 1448 -2
992 1457 -2
992 1693 -2
993 1212 -2
993 1639 -2
993 1659 -2
994 1000 -1
994 1059 -2
994 1780 -2
994 1990 -2
995 1051 -2
995 1343 -2
995 1564 -2
996 1233 -2
996 1447 -2
996 1712 -2
997 1034 -2
997 1070 -2
997 1808 -2
998 1114 -2
998 1731 -2
998 1946 -2
999 1270 -2
999 1436 -2
999 1929 -2
1000 1688 -2
1000 1780 -2
1000 1937 -2
1001 1071 -2
1001 1085 -2
1001 1863 -2
1002 1243 -2
1002 1502 -2
1002 1503 -2
1003 1013 -2
1003 1069 -2
1003 1638 -2
1004 1171 -2
1004 1625 -2
1004 1776 -2
