# model=rrg N=300 meanJ=0 seed=4301735 distribution=gaussian field=0 num_fields=300 num_couplings=450 graph=random_regular degree=3 graph_seed=4301735
0 0
1 0
2 0
3 0
4 0
5 0
6 0
7 0
8 0
9 0
10 0
11 0
12 0
13 0
14 0
15 0
16 0
17 0
18 0
19 0
20 0
21 0
22 0
23 0
24 0
25 0
26 0
27 0
28 0
29 0
30 0
31 0
32 0
33 0
34 0
35 0
36 0
37 0
38 0
39 0
40 0
41 0
42 0
43 0
44 0
45 0
46 0
47 0
48 0
49 0
50 0
51 0
52 0
53 0
54 0
55 0
56 0
57 0
58 0
59 0
60 0
61 0
62 0
63 0
64 0
65 0
66 0
67 0
68 0
69 0
70 0
71 0
72 0
73 0
74 0
75 0
76 0
77 0
78 0
79 0
80 0
81 0
82 0
83 0
84 0
85 0
86 0
87 0
88 0
89 0
90 0
91 0
92 0
93 0
94 0
95 0
96 0
97 0
98 0
99 0
100 0
101 0
102 0
103 0
104 0
105 0
106 0
107 0
108 0
109 0
110 0
111 0
112 0
113 0
114 0
115 0
116 0
117 0
118 0
119 0
120 0
121 0
122 0
123 0
124 0
125 0
126 0
127 0
128 0
129 0
130 0
131 0
132 0
133 0
134 0
135 0
136 0
137 0
138 0
139 0
140 0
141 0
142 0
143 0
144 0
145 0
146 0
147 0
148 0
149 0
150 0
151 0
152 0
153 0
154 0
155 0
156 0
157 0
158 0
159 0
160 0
161 0
162 0
163 0
164 0
165 0
166 0
167 0
168 0
169 0
170 0
171 0
172 0
173 0
174 0
175 0
176 0
177 0
178 0
179 0
180 0
181 0
182 0
183 0
184 0
185 0
186 0
187 0
188 0
189 0
190 0
191 0
192 0
193 0
194 0
195 0
196 0
197 0
198 0
199 0
200 0
201 0
202 0
203 0
204 0
205 0
206 0
207 0
208 0
209 0
210 0
211 0
212 0
213 0
214 0
215 0
216 0
217 0
218 0
219 0
220 0
221 0
222 0
223 0
224 0
225 0
226 0
227 0
228 0
229 0
230 0
231 0
232 0
233 0
234 0
235 0
236 0
237 0
238 0
239 0
240 0
241 0
242 0
243 0
244 0
245 0
246 0
247 0
248 0
249 0
250 0
251 0
252 0
253 0
254 0
255 0
256 0
257 0
258 0
259 0
260 0
261 0
262 0
263 0
264 0
265 0
266 0
267 0
268 0
269 0
270 0
271 0
272 0
273 0
274 0
275 0
276 0
277 0
278 0
279 0
280 0
281 0
282 0
283 0
284 0
285 0
286 0
287 0
288 0
289 0
290 0
291 0
292 0
293 0
294 0
295 0
296 0
297 0
298 0
299 0
0 106 -0.89954
0 183 0.494
0 278 0.36364
1 12 1.80295
1 63 0.05946
1 96 -0.1652
2 31 1.37565
2 94 1.4949
2 227 1.10103
3 22 0.04818
3 45 0.23098
3 195 -0.57976
4 145 0.06118
4 212 0.18205
4 220 0.23751
5 52 0.24763
5 169 1.71844
5 276 0.18715
6 44 -1.13533
6 129 -0.31369
6 254 0.74973
7 40 0.91527
7 86 0.65949
7 93 -0.3118
8 117 1.39255
8 295 -0.29517
8 297 0.34046
9 246 0.50629
9 262 0.3537
9 276 -1.5911
10 177 -1.53943
10 194 -0.76967
10 212 0.04393
11 122 -0.22987
11 215 -0.44933
11 249 -0.10895
12 78 1.71883
12 139 -0.2329
13 102 -0.37169
13 125 -1.58736
13 139 0.61615
14 46 -1.42668
14 69 0.31582
14 74 0.86422
15 43 -0.6814
15 72 -1.21711
15 123 -1.05659
16 110 -1.00242
16 164 -0.53672
16 296 0.39239
17 35 0.62672
17 214 -1.56873
17 239 -0.12655
18 121 1.02622
18 135 1.44396
18 251 -0.30864
19 113 0.59093
19 159 -0.3374
19 223 0.84286
20 232 -0.32643
20 255 -0.78478
20 274 0.94278
21 42 1.00959
21 121 -1.42202
21 122 -0.15987
22 176 -1.67946
22 289 0.74679
23 127 -0.54815
23 230 -0.13599
23 261 0.64091
24 56 -1.47376
24 73 1.16838
24 77 -0.26809
25 132 1.34671
25 216 0.29478
25 253 0.56831
26 102 -0.74382
26 203 -1.20323
26 296 1.05636
27 143 -2.11428
27 169 0.61064
27 251 -0.67246
28 47 0.18382
28 206 -1.12312
28 285 -0.10196
29 86 0.96897
29 129 0.45613
29 254 -2.10567
30 130 1.18769
30 269 0.43846
30 290 -0.72275
31 54 -0.76999
31 87 1.07446
32 58 -0.76358
32 148 0.77827
32 233 -0.45657
33 153 0.22173
33 157 1.47167
33 243 0.43195
34 153 -0.33876
34 246 0.42976
34 289 -0.69843
35 108 -1.07147
35 260 -2.11857
36 100 0.82617
36 138 1.79086
36 249 -0.15968
37 190 -1.90293
37 191 0.23028
37 259 0.80641
38 59 2.08581
38 160 -1.43433
38 299 -0.33943
39 66 -1.35205
39 180 0.04277
39 241 0.07442
40 48 3.13059
40 269 0.68916
41 57 -0.29762
41 75 0.64835
41 271 1.05039
42 146 -0.81392
42 231 -1.76717
43 69 0.67684
43 136 -0.09059
44 79 0.06853
44 268 0.27973
45 152 -0.88093
45 253 -0.34522
46 80 -0.67118
46 266 0.24242
47 213 0.00076
47 263 -0.17391
48 171 0.11953
48 174 -0.99599
49 111 0.51431
49 185 0.99806
49 253 -1.46491
50 64 -1.34932
50 81 -0.94278
50 173 -0.58984
51 68 1.33028
51 125 -0.80083
51 178 -0.09873
52 112 -1.65775
52 113 0.22596
53 184 0.53605
53 200 -0.36576
53 242 0.7631
54 174 -0.05387
54 275 -0.07078
55 81 -0.2263
55 189 -0.74788
55 261 0.06347
56 92 0.94983
56 155 0.09718
57 108 -0.25415
57 254 -0.05665
58 225 1.13243
58 228 -1.06759
59 220 -1.48259
59 298 -0.52059
60 96 -0.32986
60 149 0.83253
60 282 -0.67308
61 87 -0.0355
61 126 -0.77055
61 167 -0.26028
62 212 1.51031
62 274 -0.4273
62 296 1.16527
63 167 -0.20581
63 298 0.35071
64 88 -0.27601
64 131 -0.29994
65 142 1.23112
65 241 -0.94758
65 287 -1.11523
66 203 0.88586
66 210 2.78005
67 86 -2.02397
67 201 0.90817
67 297 0.00731
68 84 -0.30237
68 160 0.39182
69 242 0.30486
70 222 -1.0567
70 273 0.43438
70 284 0.00931
71 120 0.2699
71 265 -0.99845
71 293 -1.09928
72 187 -1.50195
72 188 0.91272
73 198 1.53505
73 206 0.51747
74 164 0.9252
74 214 -0.22092
75 119 0.34602
75 120 0.3384
76 117 -2.12977
76 124 0.61524
76 172 0.97759
77 171 0.098
77 199 1.25983
78 141 -0.11178
78 184 0.52528
79 94 -1.34548
79 234 -1.1431
80 93 -1.26872
80 272 2.71543
81 219 -0.5655
82 163 0.06081
82 172 -0.80072
82 235 -0.00962
83 118 -0.36142
83 124 -1.41878
83 238 0.33826
84 156 1.03084
84 162 -0.92435
85 106 1.01642
85 193 0.09526
85 299 -0.66444
87 215 0.46873
88 94 -1.18054
88 196 -1.0116
89 182 0.30332
89 192 -0.0376
89 281 -0.85989
90 165 0.57956
90 274 -2.18562
90 285 -1.27971
91 114 0.7915
91 154 0.42401
91 265 0.72606
92 93 0.02365
92 227 -0.63832
95 138 -0.9684
95 168 0.02186
95 288 1.85721
96 238 -0.02885
97 106 -0.7445
97 110 0.93084
97 294 0.40718
98 102 0.48816
98 116 0.91317
98 130 1.33981
99 140 1.09118
99 183 -0.04195
99 207 -0.59761
100 182 0.12866
100 232 -0.99403
101 104 0.05772
101 120 1.07391
101 237 -0.36103
103 193 -0.29867
103 260 -0.6388
103 267 0.27272
104 119 -0.64634
104 198 -0.43955
105 114 -0.55059
105 127 -0.45249
105 182 1.34475
107 109 1.42285
107 142 1.0066
107 250 0.19338
108 293 0.01511
109 234 -1.04447
109 237 -0.04892
110 291 1.35269
111 133 -3.12804
111 258 0.02213
112 204 0.24836
112 214 0.75989
113 277 -0.57279
114 148 0.69972
115 121 -0.46394
115 157 -0.19667
115 180 0.65272
116 168 -0.10621
116 211 0.08807
117 196 -2.5319
118 166 1.06356
118 187 0.39827
119 297 -1.4144
122 236 -0.98696
123 137 1.28617
123 209 0.21024
124 256 -0.02893
125 126 2.01492
126 162 0.43993
127 210 0.53995
128 147 0.23874
128 247 0.33234
128 281 0.29018
129 208 -0.1262
130 141 -0.26285
131 165 2.33275
131 178 0.83229
132 203 -0.73059
132 221 0.28913
133 202 1.39799
133 233 0.9205
134 235 -1.1105
134 257 1.2078
134 267 0.54103
135 250 -0.19544
135 286 0.39657
136 162 1.26529
136 196 -0.65549
137 147 0.6886
137 159 -0.59555
138 146 -2.052
139 263 2.68914
140 179 0.84263
140 247 0.27419
141 175 1.58607
142 144 0.84405
143 257 0.10419
143 268 -0.10464
144 218 0.73793
144 228 -0.40117
145 192 -0.1427
145 243 1.95492
146 217 -2.28267
147 244 0.66899
148 207 -0.79815
149 150 0.31804
149 190 1.60578
150 167 0.23738
150 181 -0.49163
151 176 -0.87371
151 271 0.47877
151 292 0.314
152 173 1.39433
152 208 -0.7631
153 294 -0.12075
154 200 0.05324
154 245 0.67651
155 205 0.17279
155 235 -1.14267
156 211 0.5792
156 287 0.35299
157 221 -2.13938
158 175 0.08497
158 209 0.55037
158 240 1.48188
159 164 -0.30764
160 277 -0.75329
161 226 -0.466
161 244 0.4244
161 280 -0.22637
163 236 1.18399
163 273 0.02786
165 219 -0.01088
166 255 -1.88892
166 291 -0.80258
168 264 0.41142
169 173 -0.13352
170 186 -0.42465
170 205 -0.0396
170 225 -0.30504
171 177 -0.41711
172 176 -2.81035
174 270 1.20776
175 275 -2.40752
177 299 -0.24005
178 239 0.30896
179 201 -1.66891
179 262 -0.39977
180 229 -1.0594
181 198 1.41065
181 244 -0.58631
183 287 0.29189
184 245 1.70147
185 245 0.07637
185 288 1.60915
186 223 -0.58593
186 266 -0.94018
187 191 1.12182
188 195 -1.56491
188 226 0.17932
189 202 -0.96653
189 218 -0.13921
190 261 -0.85277
191 237 1.98054
192 295 -0.32904
193 204 0.58993
194 207 2.34135
194 289 1.84272
195 282 0.35513
197 264 1.64174
197 270 1.80379
197 273 -1.00987
199 217 -0.65745
199 224 -0.75084
200 265 -0.07654
201 288 1.23399
202 223 0.51453
204 283 1.51004
205 270 -0.02389
206 290 -0.26264
208 231 -1.5565
209 250 -1.35631
210 233 -0.71697
211 271 -0.43427
213 224 0.91688
213 285 1.01632
215 286 -0.01595
216 232 1.90259
216 279 -0.21221
217 298 -1.29316
218 240 0.27825
219 248 -0.19049
220 264 0.07258
221 284 -1.27304
222 263 1.00506
222 275 0.59202
224 230 1.2915
225 295 1.7533
226 252 -0.49501
227 268 -0.91246
228 248 1.36607
229 278 -0.38958
229 292 -0.21392
230 259 -1.55259
231 262 -2.63976
234 240 0.03963
236 258 -1.19365
238 257 -0.37366
239 279 -0.3355
241 293 -0.958
242 251 -0.16131
243 256 -0.15948
246 248 -0.18921
247 283 -1.60426
249 277 -1.68153
252 266 0.57632
252 283 0.60609
255 279 -0.66833
256 276 -0.00642
258 278 0.49418
259 272 -0.20297
260 292 0.95457
267 286 -0.29762
269 291 1.38657
272 290 -0.14052
280 282 0.31336
280 294 0.09937
281 284 -1.00261
