# model=rrg N=300 meanJ=0 seed=2243317625 distribution=gaussian field=0 num_fields=300 num_couplings=450 graph=random_regular degree=3 graph_seed=2243317625
0 0
1 0
2 0
3 0
4 0
5 0
6 0
7 0
8 0
9 0
10 0
11 0
12 0
13 0
14 0
15 0
16 0
17 0
18 0
19 0
20 0
21 0
22 0
23 0
24 0
25 0
26 0
27 0
28 0
29 0
30 0
31 0
32 0
33 0
34 0
35 0
36 0
37 0
38 0
39 0
40 0
41 0
42 0
43 0
44 0
45 0
46 0
47 0
48 0
49 0
50 0
51 0
52 0
53 0
54 0
55 0
56 0
57 0
58 0
59 0
60 0
61 0
62 0
63 0
64 0
65 0
66 0
67 0
68 0
69 0
70 0
71 0
72 0
73 0
74 0
75 0
76 0
77 0
78 0
79 0
80 0
81 0
82 0
83 0
84 0
85 0
86 0
87 0
88 0
89 0
90 0
91 0
92 0
93 0
94 0
95 0
96 0
97 0
98 0
99 0
100 0
101 0
102 0
103 0
104 0
105 0
106 0
107 0
108 0
109 0
110 0
111 0
112 0
113 0
114 0
115 0
116 0
117 0
118 0
119 0
120 0
121 0
122 0
123 0
124 0
125 0
126 0
127 0
128 0
129 0
130 0
131 0
132 0
133 0
134 0
135 0
136 0
137 0
138 0
139 0
140 0
141 0
142 0
143 0
144 0
145 0
146 0
147 0
148 0
149 0
150 0
151 0
152 0
153 0
154 0
155 0
156 0
157 0
158 0
159 0
160 0
161 0
162 0
163 0
164 0
165 0
166 0
167 0
168 0
169 0
170 0
171 0
172 0
173 0
174 0
175 0
176 0
177 0
178 0
179 0
180 0
181 0
182 0
183 0
184 0
185 0
186 0
187 0
188 0
189 0
190 0
191 0
192 0
193 0
194 0
195 0
196 0
197 0
198 0
199 0
200 0
201 0
202 0
203 0
204 0
205 0
206 0
207 0
208 0
209 0
210 0
211 0
212 0
213 0
214 0
215 0
216 0
217 0
218 0
219 0
220 0
221 0
222 0
223 0
224 0
225 0
226 0
227 0
228 0
229 0
230 0
231 0
232 0
233 0
234 0
235 0
236 0
237 0
238 0
239 0
240 0
241 0
242 0
243 0
244 0
245 0
246 0
247 0
248 0
249 0
250 0
251 0
252 0
253 0
254 0
255 0
256 0
257 0
258 0
259 0
260 0
261 0
262 0
263 0
264 0
265 0
266 0
267 0
268 0
269 0
270 0
271 0
272 0
273 0
274 0
275 0
276 0
277 0
278 0
279 0
280 0
281 0
282 0
283 0
284 0
285 0
286 0
287 0
288 0
289 0
290 0
291 0
292 0
293 0
294 0
295 0
296 0
297 0
298 0
299 0
0 6 -0.79541
0 9 0.42974
0 85 -0.19777
1 14 -0.74584
1 44 0.31192
1 219 0.96753
2 144 -1.77061
2 149 0.35454
2 152 2.45666
3 23 -0.06341
3 162 -0.9121
3 172 0.81644
4 174 1.02257
4 180 1.43368
4 283 0.38515
5 71 -0.27034
5 138 -0.44531
5 262 0.50847
6 20 0.33067
6 56 -0.59293
7 55 0.12037
7 230 -0.58319
7 247 0.80752
8 115 -0.05227
8 143 -0.23432
8 192 -0.54686
9 242 -0.05357
9 276 0.14992
10 48 1.51274
10 202 -0.66825
10 236 -1.39518
11 30 -0.64424
11 144 -1.36881
11 270 1.2908
12 156 -0.10301
12 205 0.01447
12 242 -1.10444
13 197 -0.99172
13 201 0.46517
13 218 -0.10427
14 53 -0.72616
14 227 -0.91612
15 92 -0.76649
15 244 0.62542
15 273 -0.0102
16 156 -0.90102
16 170 0.59473
16 297 0.69055
17 118 0.69442
17 177 1.23481
17 237 0.96585
18 159 -0.8663
18 268 -0.64993
18 283 0.11711
19 38 -1.54366
19 200 -0.89057
19 238 -0.02523
20 37 -1.08519
20 287 0.67945
21 57 0.83427
21 77 -0.17884
21 117 0.52839
22 28 -1.6467
22 68 0.33965
22 160 -0.64159
23 226 1.34686
23 254 -0.14445
24 77 0.82288
24 157 0.63168
24 295 0.86662
25 34 -1.05778
25 189 1.26593
25 286 0.25398
26 69 -1.44962
26 279 -0.47393
26 298 0.54902
27 210 0.23287
27 244 0.23692
27 289 0.59663
28 80 -0.03892
28 128 -0.69565
29 79 -0.13585
29 222 1.22704
29 248 0.67973
30 119 -0.44822
30 254 1.53779
31 52 0.19049
31 132 0.18838
31 138 -1.57667
32 268 1.21392
32 275 -0.46008
32 278 -1.06485
33 77 0.43022
33 202 -0.28383
33 271 -1.8457
34 134 0.89837
34 249 0.58881
35 57 -0.12651
35 163 0.40738
35 241 0.22588
36 158 1.30747
36 181 0.32546
36 238 1.40535
37 40 -0.41759
37 66 -0.73289
38 233 -1.15967
38 263 -1.70335
39 88 0.70824
39 107 0.3515
39 184 0.04611
40 159 -1.97869
40 174 0.00755
41 55 -1.379
41 204 -0.34423
41 292 1.16955
42 68 -0.12659
42 174 1.20022
42 205 0.17707
43 212 -0.35583
43 249 0.16276
43 265 0.46253
44 71 -0.2301
44 220 -1.57159
45 213 0.06601
45 221 -0.99044
45 224 -0.97533
46 139 -0.02398
46 214 0.90027
46 277 -0.53718
47 72 -0.79003
47 142 0.64051
47 169 -0.67535
48 146 0.22299
48 245 0.20919
49 171 0.13604
49 237 -0.11172
49 259 -0.43784
50 59 -0.67288
50 132 -3.08639
50 274 1.42616
51 237 -1.41691
51 275 -0.1358
51 285 -1.22595
52 101 0.69138
52 288 -0.88384
53 137 0.41032
53 154 0.64455
54 76 -0.34924
54 216 2.24397
54 251 -0.25149
55 134 -0.0928
56 97 1.64518
56 294 -0.19808
57 275 0.26405
58 83 -0.06381
58 118 0.0277
58 200 -1.31472
59 116 -1.38153
59 123 -0.92451
60 65 -0.89758
60 99 -0.98738
60 135 1.14765
61 65 -0.05456
61 258 -0.78537
61 263 1.54099
62 191 -0.87594
62 223 0.58004
62 264 -0.0151
63 64 1.68348
63 103 0.02572
63 135 0.51815
64 235 1.86097
64 296 0.08421
65 165 -0.24022
66 122 0.66817
66 125 0.13569
67 143 0.23139
67 151 0.7589
67 278 -1.41485
68 287 -0.77465
69 145 0.75353
69 266 0.95138
70 115 0.57546
70 158 0.20452
70 231 1.78695
71 141 0.00449
72 87 -0.21983
72 280 -0.47562
73 78 -0.01338
73 196 -0.9682
73 197 -0.14186
74 101 -0.6603
74 242 -1.30287
74 255 1.30599
75 153 1.21192
75 164 -0.28574
75 240 0.30143
76 140 0.59269
76 229 -0.72832
78 84 -0.30509
78 223 -0.171
79 225 -0.92757
79 267 0.65724
80 91 0.91308
80 213 -1.16981
81 187 0.86221
81 267 -0.20484
81 296 -0.20451
82 87 0.15378
82 137 -1.59866
82 282 0.1849
83 225 0.07461
83 283 -0.56231
84 107 0.18544
84 173 -0.51253
85 98 1.44958
85 167 -1.10888
86 177 -0.70227
86 217 0.89503
86 233 0.27009
87 110 0.88657
88 120 -0.93293
88 199 0.4571
89 94 0.02032
89 147 0.23567
89 227 -0.9292
90 98 -0.17289
90 250 0.15613
90 274 0.24039
91 198 -0.84608
91 273 1.27803
92 150 1.67535
92 160 0.18347
93 184 -0.82451
93 208 1.82864
93 217 1.17896
94 168 -0.33472
94 297 -1.15594
95 163 -0.00598
95 165 -0.69227
95 294 -0.71757
96 178 0.12087
96 179 1.26085
96 282 0.61264
97 109 -0.18579
97 236 0.4991
98 124 1.17715
99 101 0.76383
99 131 0.22694
100 120 -1.53085
100 186 1.33847
100 194 0.60141
102 143 0.09375
102 204 2.96359
102 288 1.6542
103 173 0.72437
103 287 -0.44404
104 190 0.12908
104 222 1.19679
104 257 0.38376
105 171 0.01498
105 181 0.40827
105 264 -0.56848
106 130 1.09694
106 161 1.55664
106 193 -0.03722
107 208 0.72097
108 188 1.77461
108 203 -0.22946
108 298 -0.22586
109 140 -0.11246
109 201 1.56062
110 158 -1.02377
110 205 2.13446
111 251 -0.46343
111 272 -0.46994
111 293 -0.813
112 185 0.39621
112 190 0.36599
112 233 1.26686
113 137 -0.9124
113 149 -0.21399
113 231 -0.71003
114 142 -0.32777
114 176 1.12861
114 206 1.37166
115 235 -0.93905
116 166 -1.23268
116 254 -0.3862
117 167 -0.21507
117 262 0.83544
118 191 -0.91563
119 173 -0.29106
119 228 1.52316
120 291 1.14812
121 187 -0.72809
121 279 -0.47566
121 296 0.29395
122 211 -1.6955
122 222 0.28778
123 231 -0.15426
123 252 2.12621
124 197 -1.06541
124 277 -0.26435
125 133 1.21209
125 212 -1.86084
126 223 0.28756
126 229 -1.58634
126 243 0.25552
127 193 0.26454
127 259 -1.42814
127 286 -0.58878
128 129 2.46678
128 226 -0.37813
129 160 1.60033
129 193 0.81141
130 196 -1.07689
130 252 -1.61507
131 136 0.23995
131 240 -0.26491
132 265 0.89268
133 218 -0.03456
133 239 -1.28976
134 166 0.23492
135 196 0.63636
136 238 1.77561
136 291 0.93188
138 176 -0.03591
139 155 -0.47469
139 252 0.26959
140 250 -0.4452
141 284 0.73481
141 285 0.22618
142 299 -1.30916
144 209 -1.54913
145 243 -0.80903
145 247 -1.9085
146 151 0.56462
146 215 1.01347
147 253 -0.96157
147 276 1.37615
148 220 -1.42648
148 278 0.79994
148 297 1.22183
149 285 0.67651
150 179 -0.60526
150 261 -0.44074
151 214 -0.13813
152 185 1.38823
152 246 -0.3176
153 219 1.24177
153 286 -0.34136
154 281 -0.51725
154 289 -0.682
155 161 1.94495
155 264 0.6509
156 299 0.6599
157 164 -1.22596
157 293 -0.29361
159 188 -0.04061
161 290 -0.5827
162 165 -2.26458
162 203 -0.42046
163 255 -0.43982
164 178 1.34132
166 199 -0.98174
167 183 0.53309
168 215 -0.16493
168 232 -0.51944
169 192 -0.03348
169 245 0.61809
170 185 -0.48918
170 255 2.15047
171 253 0.83273
172 235 -0.77533
172 298 1.10321
175 183 0.09462
175 263 1.28818
175 288 0.04296
176 213 -0.215
177 246 -0.95446
178 221 0.76182
179 270 -0.4513
180 234 0.6199
180 272 -0.58622
181 200 0.33661
182 199 0.41693
182 230 1.05782
182 259 0.36051
183 266 0.38312
184 189 0.1374
186 189 -0.93557
186 224 1.41115
187 284 -0.48951
188 256 -0.42913
190 220 -0.35123
191 271 0.91732
192 274 0.8947
194 260 1.33082
194 261 0.93724
195 212 -0.73782
195 267 -0.6944
195 291 0.45462
198 207 1.34381
198 243 -0.4606
201 294 0.4765
202 299 -2.2178
203 226 -0.95488
204 241 0.54618
206 217 0.65114
206 279 -0.16804
207 218 1.2194
207 268 1.12922
208 249 -0.26875
209 261 1.38847
209 293 -0.93337
210 253 0.54216
210 265 0.25072
211 214 1.397
211 257 0.37638
215 257 0.18326
216 230 1.03206
216 282 -0.60857
219 292 -0.07875
221 295 -2.01273
224 295 -0.56609
225 280 0.23718
227 228 -1.46179
228 245 0.20632
229 260 1.49418
232 240 -0.17634
232 270 -1.58888
234 248 0.59602
234 289 -0.04281
236 284 0.07854
239 266 -0.49683
239 281 -0.42192
241 271 1.2504
244 256 0.27556
246 281 0.37935
247 256 0.5249
248 273 -0.0858
250 260 -0.53771
251 262 -0.27509
258 290 -1.24495
258 292 0.11648
269 272 0.12487
269 277 -0.10409
269 290 0.03147
276 280 -0.25862
