# model=ea2d N=100 meanJ=0 seed=53307423 distribution=gaussian field=0 num_fields=100 num_couplings=200
0 0
1 0
2 0
3 0
4 0
5 0
6 0
7 0
8 0
9 0
10 0
11 0
12 0
13 0
14 0
15 0
16 0
17 0
18 0
19 0
20 0
21 0
22 0
23 0
24 0
25 0
26 0
27 0
28 0
29 0
30 0
31 0
32 0
33 0
34 0
35 0
36 0
37 0
38 0
39 0
40 0
41 0
42 0
43 0
44 0
45 0
46 0
47 0
48 0
49 0
50 0
51 0
52 0
53 0
54 0
55 0
56 0
57 0
58 0
59 0
60 0
61 0
62 0
63 0
64 0
65 0
66 0
67 0
68 0
69 0
70 0
71 0
72 0
73 0
74 0
75 0
76 0
77 0
78 0
79 0
80 0
81 0
82 0
83 0
84 0
85 0
86 0
87 0
88 0
89 0
90 0
91 0
92 0
93 0
94 0
95 0
96 0
97 0
98 0
99 0
0 10 1.589806052335055
0 1 -0.53123357938005822
1 11 -1.4711178880051436
1 2 0.96066752880469808
2 12 -0.27070732603635939
2 3 1.6659345836845185
3 13 -0.40113142256762863
3 4 1.3700519173734458
4 14 1.0828705226929931
4 5 0.76030417346967771
5 15 1.0805295880123349
5 6 -0.005647627168978416
6 16 -0.18660397739824686
6 7 -0.39051143252884768
7 17 -1.2924250525464109
7 8 -0.1079637555411556
8 18 -1.9273136833109323
8 9 -0.58339685946896114
9 19 -2.3031835756388275
0 9 1.8591848152058505
10 20 -1.877256262329922
10 11 -0.12482542278661644
11 21 -0.59061244024878978
11 12 0.0031649008531711566
12 22 0.21602115513446588
12 13 1.1201639990970869
13 23 0.040981090286044644
13 14 -0.099907688033730138
14 24 -0.48884339095666113
14 15 -0.66203829070610321
15 25 0.39552991295957945
15 16 1.009929157203262
16 26 -1.119206413339243
16 17 1.1553547169394625
17 27 0.20973877308752048
17 18 0.37810453214849776
18 28 -0.011661750311129792
18 19 -1.1552976092217562
19 29 0.21228527979203474
10 19 1.523504586375394
20 30 0.60875860045149088
20 21 -1.231998063117717
21 31 0.74932979254732024
21 22 1.7387554885586118
22 32 -1.9221760305663191
22 23 -0.23229802657255882
23 33 -1.2838789883935418
23 24 -1.8113667436044272
24 34 -0.45450367091000476
24 25 2.1518333949200033
25 35 1.6706298293849655
25 26 1.0361529521290478
26 36 0.18920487925069873
26 27 -0.68634232751808433
27 37 1.5050740598838572
27 28 0.17807507014314566
28 38 -0.04434158427363321
28 29 1.1631530864764585
29 39 -1.013313254207185
20 29 2.2479528065342667
30 40 1.6658542256395079
30 31 0.54052075155395729
31 41 -0.6405807254090683
31 32 -0.13501139575655854
32 42 -1.5715630691703606
32 33 1.0531161375403542
33 43 0.4586883504380434
33 34 -0.70711554362319218
34 44 -0.31176101723944893
34 35 -0.18120984287909425
35 45 0.3809504722807146
35 36 0.7165587770107994
36 46 -1.0332663412110537
36 37 0.31273086676741219
37 47 -0.23703654316244455
37 38 0.59443741524114924
38 48 0.71883152061209599
38 39 -0.028331155644756668
39 49 1.8539407250646576
30 39 -1.1191263511596647
40 50 -0.77459075356825147
40 41 -1.2677125088333512
41 51 -1.3994164902927215
41 42 -0.11778925398579677
42 52 0.14753825394114065
42 43 -0.72030137092464808
43 53 0.15942101609876569
43 44 0.13766840877838088
44 54 0.91332321772926017
44 45 -0.51508748232687429
45 55 0.013735050280904864
45 46 -1.1241105091310972
46 56 -0.44122378047611543
46 47 0.81489332213057908
47 57 0.052438960132191244
47 48 -0.74723443615456875
48 58 0.36514040133784353
48 49 0.60032475003644736
49 59 -0.063167850835662245
40 49 1.9217253638063081
50 60 1.20314493216042
50 51 1.0776984226901809
51 61 0.45753003418424132
51 52 -1.6129784680257373
52 62 -0.043725143633972126
52 53 -1.5046563211265627
53 63 -0.29658669008586314
53 54 -0.8437519133427801
54 64 -0.10633200421267902
54 55 0.85437631346250253
55 65 -1.4318309182869027
55 56 -0.81684032670195472
56 66 0.43804633018348527
56 57 -1.3855788364287263
57 67 1.4515769804166938
57 58 1.3142257435035829
58 68 -0.00016956379003118431
58 59 0.48076557471674491
59 69 -1.4700212351237496
50 59 0.38953600416127504
60 70 -0.92818400427323577
60 61 3.1475863314759507
61 71 -0.62997344325340732
61 62 1.1407565497035848
62 72 0.88523127527004986
62 63 0.68121982483313759
63 73 -0.82870063992338183
63 64 -0.28856260365328051
64 74 -1.5880850184751099
64 65 -0.29216100098790082
65 75 -1.1612793538782038
65 66 0.64973763031004828
66 76 0.59968564752512987
66 67 2.1553923061211493
67 77 -0.42850523660888012
67 68 0.76350735166785222
68 78 0.81527219609529411
68 69 1.6776404442754884
69 79 0.70802913095592757
60 69 -0.42879848834078532
70 80 0.074079902274752488
70 71 -1.5460439874613345
71 81 -1.6827627469637938
71 72 0.12772955421411925
72 82 -0.59790339581141028
72 73 -1.0408599622057058
73 83 -1.0824355480913248
73 74 -0.49381318028737153
74 84 -1.5474027307622342
74 75 -0.34076553161300566
75 85 0.49101263312212234
75 76 -0.2765046778922523
76 86 -1.7307704332510914
76 77 0.14546919079903348
77 87 -0.86996298633263058
77 78 0.2436888493439768
78 88 -0.25156842418081882
78 79 0.46935576919800337
79 89 0.0058500916204184388
70 79 0.1911215605818618
80 90 -1.5735286228621939
80 81 0.60482187250668551
81 91 1.7048495573289639
81 82 -0.89058780699891571
82 92 0.46763318839104973
82 83 -0.44569363601525036
83 93 -0.39733795358263529
83 84 -1.0954352551453235
84 94 -0.099671818493061656
84 85 1.4396527076746859
85 95 0.46635321781893901
85 86 0.33610631644506922
86 96 0.94586049431906782
86 87 0.75228311946812443
87 97 -1.235170321734437
87 88 1.4109978550583973
88 98 0.42286791668434803
88 89 0.20179297845082023
89 99 -1.2574243865400823
80 89 -2.2675163959319242
0 90 0.14312563852145146
90 91 2.1749105283499297
1 91 0.69432433601138832
91 92 0.93623635021499985
2 92 0.33029975489697461
92 93 0.026259437671295054
3 93 0.4644873386131258
93 94 -0.13811502556379154
4 94 0.29790744567138816
94 95 1.0483113567794813
5 95 -0.36063107539231853
95 96 2.0549894415745147
6 96 1.8122407036087562
96 97 -0.3144138252636976
7 97 0.60418237128911567
97 98 -0.3961435880843508
8 98 0.2326472616171803
98 99 0.21853378921552027
9 99 2.0993376010363312
90 99 1.7651476046942103
