# model=ea2d N=256 meanJ=0 seed=1832823522 distribution=gaussian field=0 num_fields=256 num_couplings=512
0 0
1 0
2 0
3 0
4 0
5 0
6 0
7 0
8 0
9 0
10 0
11 0
12 0
13 0
14 0
15 0
16 0
17 0
18 0
19 0
20 0
21 0
22 0
23 0
24 0
25 0
26 0
27 0
28 0
29 0
30 0
31 0
32 0
33 0
34 0
35 0
36 0
37 0
38 0
39 0
40 0
41 0
42 0
43 0
44 0
45 0
46 0
47 0
48 0
49 0
50 0
51 0
52 0
53 0
54 0
55 0
56 0
57 0
58 0
59 0
60 0
61 0
62 0
63 0
64 0
65 0
66 0
67 0
68 0
69 0
70 0
71 0
72 0
73 0
74 0
75 0
76 0
77 0
78 0
79 0
80 0
81 0
82 0
83 0
84 0
85 0
86 0
87 0
88 0
89 0
90 0
91 0
92 0
93 0
94 0
95 0
96 0
97 0
98 0
99 0
100 0
101 0
102 0
103 0
104 0
105 0
106 0
107 0
108 0
109 0
110 0
111 0
112 0
113 0
114 0
115 0
116 0
117 0
118 0
119 0
120 0
121 0
122 0
123 0
124 0
125 0
126 0
127 0
128 0
129 0
130 0
131 0
132 0
133 0
134 0
135 0
136 0
137 0
138 0
139 0
140 0
141 0
142 0
143 0
144 0
145 0
146 0
147 0
148 0
149 0
150 0
151 0
152 0
153 0
154 0
155 0
156 0
157 0
158 0
159 0
160 0
161 0
162 0
163 0
164 0
165 0
166 0
167 0
168 0
169 0
170 0
171 0
172 0
173 0
174 0
175 0
176 0
177 0
178 0
179 0
180 0
181 0
182 0
183 0
184 0
185 0
186 0
187 0
188 0
189 0
190 0
191 0
192 0
193 0
194 0
195 0
196 0
197 0
198 0
199 0
200 0
201 0
202 0
203 0
204 0
205 0
206 0
207 0
208 0
209 0
210 0
211 0
212 0
213 0
214 0
215 0
216 0
217 0
218 0
219 0
220 0
221 0
222 0
223 0
224 0
225 0
226 0
227 0
228 0
229 0
230 0
231 0
232 0
233 0
234 0
235 0
236 0
237 0
238 0
239 0
240 0
241 0
242 0
243 0
244 0
245 0
246 0
247 0
248 0
249 0
250 0
251 0
252 0
253 0
254 0
255 0
0 16 -0.92166958879252814
0 1 0.73486357977427497
1 17 -1.814077443516297
1 2 0.95715156269093338
2 18 0.95609689012599341
2 3 0.57762391206999741
3 19 1.3042277291053637
3 4 1.9638499479626277
4 20 1.3492918948893395
4 5 0.57583578683501002
5 21 -0.81394555352079823
5 6 -1.4573743620973716
6 22 -0.61470511888581625
6 7 0.027513760193686579
7 23 0.47586325192755674
7 8 0.30434385994662089
8 24 -0.30183973669554459
8 9 -0.13307796391592669
9 25 -0.63013739453456163
9 10 -0.26102646701269905
10 26 -0.04940717431297395
10 11 1.1864704985745818
11 27 0.86824257292142337
11 12 0.75210746724809263
12 28 0.35129176484714625
12 13 0.44443363185724566
13 29 -0.24201688117227224
13 14 -1.6162227949663051
14 30 1.0516378373256563
14 15 -0.063833938386309158
15 31 -0.48518675289982482
0 15 -2.4402221423386745
16 32 -0.84862437614704189
16 17 0.79691832545832442
17 33 -0.46189002544123847
17 18 0.095719358974242746
18 34 -1.3025640030703878
18 19 0.77150077087221436
19 35 0.31627319606343651
19 20 -1.0536558520896426
20 36 0.42373571643354263
20 21 1.137019499672868
21 37 1.5623961477930666
21 22 -0.326643721481156
22 38 0.034216579404061677
22 23 0.16737752958825045
23 39 1.801418031393883
23 24 2.0672614468322315
24 40 -0.14493514152167672
24 25 -0.45192632770206259
25 41 -0.74468747164958915
25 26 0.044528935136889963
26 42 -0.95679803758876858
26 27 -0.070531186076431926
27 43 -0.53838274132289077
27 28 -0.45036718726303321
28 44 1.1554742667869213
28 29 2.0138448619835461
29 45 0.20514336339644365
29 30 1.1787627778697525
30 46 -0.36465160955316428
30 31 -0.59095897602862901
31 47 -0.22950171545206194
16 31 -0.37100688854584107
32 48 0.29664587939383602
32 33 -0.063938630610563443
33 49 -0.55135560532191985
33 34 0.40659518866760846
34 50 -0.46053103809764079
34 35 0.92209009098163353
35 51 -0.61421328648309825
35 36 -0.86460220225680873
36 52 2.1604284181250613
36 37 0.31354466387663554
37 53 0.54308760990401317
37 38 -0.34859367524686857
38 54 1.4418247892777967
38 39 0.098199563861857686
39 55 1.7779467367216633
39 40 -1.4478475825676074
40 56 -0.64165146351741986
40 41 -0.72879708561964895
41 57 -1.2843938921636238
41 42 -2.8519618619363967
42 58 -0.0096449329387634074
42 43 -0.7294263423577646
43 59 0.7042949503859397
43 44 -0.099347288892772626
44 60 1.2441301898616088
44 45 -0.072882884573844398
45 61 0.79253092659104818
45 46 -0.48817861946815533
46 62 0.86710738927721709
46 47 -0.031914415331465593
47 63 -0.46404593619409085
32 47 -1.1813448237340691
48 64 -0.11201323336485526
48 49 -1.0852450414880266
49 65 -0.4164402803751846
49 50 -1.5274537307984288
50 66 1.2415668263122051
50 51 -0.85438974552599478
51 67 -1.651451812914625
51 52 0.44975013634308869
52 68 0.34959630937524822
52 53 0.65352869129656876
53 69 1.526507525209652
53 54 1.167129519143129
54 70 -2.1516160228246384
54 55 -1.1199044210157367
55 71 -0.054487904329487108
55 56 -1.4244549594957021
56 72 -1.1580476789161744
56 57 -1.6252272725683998
57 73 -0.61936580832068111
57 58 0.20437320195549374
58 74 -0.96134935541712652
58 59 0.61715228166250169
59 75 -0.64330561649021223
59 60 0.11958139159347515
60 76 0.51345001584783145
60 61 -0.065871610080639506
61 77 -0.37780541561094211
61 62 -0.25541884444346952
62 78 2.196491497184144
62 63 -0.69669101391121657
63 79 -1.8056907188682592
48 63 1.4528989270117858
64 80 0.6224709602494084
64 65 -2.1268520345585036
65 81 -1.5251311049273648
65 66 1.7084957095247577
66 82 0.22327563185683813
66 67 1.74772489519492
67 83 -0.48156874524871801
67 68 0.77678887978738631
68 84 0.72250711645330856
68 69 0.502968941041402
69 85 -0.042448874133493596
69 70 0.32324501183450705
70 86 0.22672670532655015
70 71 -0.14314557315143037
71 87 1.6158443869871035
71 72 -0.6268142873311936
72 88 -1.0693391072383422
72 73 0.32654877506520019
73 89 -0.25193559453367975
73 74 -0.51773667254787281
74 90 1.0109563295581305
74 75 1.2360341832836348
75 91 -0.11743090949225717
75 76 1.551781615856769
76 92 -0.70128425121473248
76 77 0.20527335985629741
77 93 -0.078301909239185188
77 78 0.36121148803932362
78 94 0.5010147414844669
78 79 -1.1783502575909799
79 95 1.0343778418818994
64 79 0.92124539896593405
80 96 -1.5536999728483403
80 81 -0.067583458160644538
81 97 0.098823603038672783
81 82 -1.0055137938321606
82 98 0.60454806890950941
82 83 -0.33689309301468445
83 99 3.2489855951994202
83 84 0.91848158832418858
84 100 -0.30141672468553643
84 85 0.92776809652557624
85 101 -0.42448335304774681
85 86 -0.95379084016502569
86 102 -1.0505156611418782
86 87 1.9390935003187726
87 103 0.12718048911434313
87 88 0.13461825912917597
88 104 1.2913562105264638
88 89 0.0029733664054749204
89 105 1.2049525190643176
89 90 -0.34711354412077605
90 106 0.37468575267454185
90 91 -1.7909278466367247
91 107 -1.893173717859038
91 92 0.56824870660545734
92 108 -0.79470047378829101
92 93 -1.7271272350040858
93 109 1.1999362595797163
93 94 1.0250079252437325
94 110 -0.96999961938784385
94 95 -0.49392335838038975
95 111 -0.67018225919170182
80 95 1.632839012635352
96 112 -0.20716139468165609
96 97 1.0507382055111851
97 113 -1.2823508301527748
97 98 -0.95377417963493916
98 114 1.4167508899458665
98 99 1.5400834084819246
99 115 1.4374485319948096
99 100 0.088418774258094579
100 116 0.94921604492681821
100 101 0.16596701892710619
101 117 -0.54954134284230005
101 102 -1.347028714761539
102 118 -2.7127012824466537
102 103 -0.66916228317214677
103 119 1.3284166409980218
103 104 1.1227912948533643
104 120 -0.22738195389638127
104 105 -1.3495890596565872
105 121 0.74890288375183667
105 106 1.3718783708473483
106 122 0.12354201557810911
106 107 1.6430359550600302
107 123 0.29834585289357352
107 108 -1.6838797970936792
108 124 0.034827063211612427
108 109 -0.91528326629218015
109 125 0.37273973453996845
109 110 1.6501956373591811
110 126 0.047473459875345153
110 111 0.40034381072422337
111 127 0.73386040121439922
96 111 -0.97262451869504718
112 128 -0.32839090252418485
112 113 -1.0435839085962633
113 129 0.046283593431442255
113 114 0.79152689374791774
114 130 -0.92187646164070247
114 115 0.71329953017260772
115 131 -1.2461006672534449
115 116 -0.66690378269079775
116 132 -1.3431880689068441
116 117 0.71850350583370215
117 133 0.60162432430958168
117 118 1.0039798038282983
118 134 0.62233907337805627
118 119 -1.8411484892382945
119 135 0.85464743453330805
119 120 0.59792102472977038
120 136 1.0213547704271975
120 121 -0.13114755135863121
121 137 0.81656733691536987
121 122 1.0994541544184144
122 138 -0.5990205995444956
122 123 -0.095535025347677341
123 139 0.10537199473557378
123 124 -1.2851366742167545
124 140 0.70038839241372008
124 125 0.53589204958167325
125 141 -1.1448488235528727
125 126 0.8414221122339185
126 142 -0.23008572225215979
126 127 1.5448440461672481
127 143 0.4336603067866745
112 127 1.6458021328100687
128 144 -0.64025937276840483
128 129 0.8906376509443914
129 145 -0.030194067182761006
129 130 0.74758134696430623
130 146 -0.090722368893015881
130 131 -0.65137338270420875
131 147 0.18323328766278368
131 132 0.41256755518141691
132 148 1.0682279809038691
132 133 -0.26586931188102508
133 149 -0.80376659060698907
133 134 0.31825873178566993
134 150 0.78396370576610763
134 135 -1.4060345338870714
135 151 0.6726707038725197
135 136 -1.0570013459295633
136 152 -0.12418461318250981
136 137 -0.29943517821332866
137 153 0.21044480806854535
137 138 -1.3590046729788123
138 154 -1.0948735289972276
138 139 -1.0443722337075823
139 155 -0.76765070078377418
139 140 -0.10079422075398431
140 156 -0.63015672186520788
140 141 0.87958158480917914
141 157 -1.3428955388645025
141 142 1.1318704614912827
142 158 -0.31997249608441047
142 143 -1.4150128956637489
143 159 -0.53672995523545175
128 143 0.24714602651815493
144 160 0.096639921583152807
144 145 0.65271945419923305
145 161 -0.61465305358456224
145 146 -0.8065718252559001
146 162 -0.43935316698431709
146 147 1.509184815294168
147 163 -0.52236141406661885
147 148 1.5280526801950005
148 164 -0.85841281218473309
148 149 0.11327195973413777
149 165 -2.6618896136887216
149 150 0.89811326366344923
150 166 -0.041352254357966939
150 151 0.85007140614685439
151 167 -1.6828475206645974
151 152 -0.5024138854104091
152 168 1.2439709775998991
152 153 0.27699727447067518
153 169 -1.3745975940628998
153 154 0.21582186844706924
154 170 -1.5315298707302776
154 155 -1.2605602615796971
155 171 -0.037208263464813943
155 156 0.11589208645096118
156 172 0.82555374882847932
156 157 0.63698725869319484
157 173 -0.036618893675201769
157 158 -0.15592404226581785
158 174 0.21826783184891713
158 159 0.74766416289606275
159 175 1.2192685173320115
144 159 -1.616011221649192
160 176 -1.5827007318755639
160 161 2.0120181257272258
161 177 -0.87444804085970462
161 162 0.13430000783107215
162 178 0.71473831066558924
162 163 -0.58906646375851068
163 179 1.7946019827557929
163 164 1.1520730820917493
164 180 -0.63391931487515862
164 165 1.3969948121398486
165 181 0.054121427203549947
165 166 -0.42292702312421349
166 182 0.57844477135962324
166 167 -0.087877640171968613
167 183 -0.36617563100612921
167 168 -0.87973092830850386
168 184 0.56496776611797461
168 169 1.195265371715744
169 185 -2.2708955844177448
169 170 0.60963720385730114
170 186 0.69861964602903348
170 171 -0.04479379535275714
171 187 0.55703514578670665
171 172 0.30494896667208399
172 188 -0.58333396241697977
172 173 -1.1166364729238565
173 189 0.67984514611124391
173 174 -1.2001821191955551
174 190 -1.3750546372877606
174 175 0.19150943807598916
175 191 1.0084487298397808
160 175 -0.85109168054611384
176 192 -0.65943224509266174
176 177 -0.20140141312536655
177 193 -0.30646145177058159
177 178 0.58890430354911305
178 194 -1.5033934194710625
178 179 0.5324127109689869
179 195 -0.33577000229582232
179 180 0.69364920752368842
180 196 0.59958623316777093
180 181 -1.2755793561960078
181 197 0.69872852985687972
181 182 -0.41453896619162972
182 198 0.73354118811291025
182 183 1.3887860578051943
183 199 -0.15055875361710128
183 184 -0.52377910558609431
184 200 0.97475599351664621
184 185 -0.39654686706536552
185 201 0.011435857907872734
185 186 0.73212805174885698
186 202 1.5636410237991947
186 187 -1.0887298197565063
187 203 0.14469533431958684
187 188 -0.70593693465263185
188 204 0.91938998597120214
188 189 0.55612934003268644
189 205 0.90056926791699043
189 190 -0.14628482366978279
190 206 -1.7044665644600601
190 191 1.9545891717975006
191 207 0.51023350513506383
176 191 -0.55872640769288195
192 208 1.2537986791097242
192 193 -0.59130915103988246
193 209 0.20861798006294063
193 194 1.1515479301345215
194 210 -1.6421971163189457
194 195 -0.53157785280756031
195 211 1.5301929564306371
195 196 -0.13705195422751579
196 212 0.61858164259595083
196 197 -0.28953634968888164
197 213 -0.8431167384992474
197 198 -0.41646314722358219
198 214 -0.14046584251543476
198 199 -0.52844286431729315
199 215 0.34070494735768242
199 200 -0.17557915368492594
200 216 0.012183685384670464
200 201 -1.2816218151384426
201 217 -1.1501223943393928
201 202 -0.54771448703234915
202 218 -1.1541307572568542
202 203 0.75239279134029469
203 219 0.806211753499952
203 204 0.80121508075805015
204 220 -0.0034354359063766362
204 205 0.91475301639855544
205 221 -1.2013050003703927
205 206 1.4235637585557384
206 222 -0.10317133305183371
206 207 1.7312826567575412
207 223 -1.2649464802969947
192 207 -0.35396775808361441
208 224 -0.40304896674112645
208 209 1.9128369498328195
209 225 -0.73349132475150325
209 210 -0.63461117363823583
210 226 0.0059791101099621732
210 211 0.5830110467268057
211 227 -0.34862781839310847
211 212 1.7324171596376163
212 228 -1.2704186081230107
212 213 -2.2108561909523758
213 229 0.044625446936650749
213 214 0.57061383688336687
214 230 -2.1143739567597111
214 215 -1.0545443106645287
215 231 -0.10984519613588578
215 216 -0.3547844366142503
216 232 -0.16871060620981057
216 217 2.0240844734088363
217 233 -0.50466946705968241
217 218 -1.1308883833635091
218 234 -0.90881053468531836
218 219 1.0602754862877568
219 235 -0.45675270944636692
219 220 -0.67529125965989323
220 236 0.32420065292408395
220 221 0.60234597903243048
221 237 1.1937526341210298
221 222 -0.2612157231662845
222 238 0.98530246231074115
222 223 -2.1241256766921377
223 239 0.99182628920439031
208 223 1.2440374046410232
224 240 -0.16631707774643653
224 225 -0.1536395554119574
225 241 -0.52031123450106087
225 226 0.43903428477934398
226 242 0.36053488257507638
226 227 -1.0480744753080025
227 243 0.16599032213137344
227 228 -1.1042781147109615
228 244 0.28391433505770219
228 229 -2.1969792722528267
229 245 0.33670284488589264
229 230 -0.59110060285204535
230 246 0.30539256673639709
230 231 -0.54627855067728959
231 247 -1.5867913195608134
231 232 -1.6825136993930143
232 248 -1.4059550242023233
232 233 -0.5654453112324489
233 249 0.11979763915156671
233 234 -1.9817766184647176
234 250 -0.35532112014336648
234 235 0.22263482980588609
235 251 0.067640536057214595
235 236 -0.48118112807382168
236 252 -2.1936141021609563
236 237 -1.0958535406779406
237 253 1.1284658792409761
237 238 -0.23825862962268624
238 254 -0.3635211467682905
238 239 0.84411891999288602
239 255 -0.9643101944835436
224 239 1.6757404916352039
0 240 -0.23418942224909692
240 241 0.53663320856903374
1 241 -1.0359313531172931
241 242 0.054580838985997311
2 242 0.11556139909572329
242 243 0.40169817175537453
3 243 -0.44813681872859495
243 244 -0.77858924883955616
4 244 -0.33823635347895381
244 245 -0.50555604029549395
5 245 1.4337789920730273
245 246 0.68856805331324811
6 246 -1.845047312100746
246 247 -0.14425344929691045
7 247 1.2747873279028374
247 248 -0.98522094683398664
8 248 0.13387723298406665
248 249 -0.38510534795278495
9 249 -0.47565981295577442
249 250 -0.72086301788778073
10 250 0.3579475239998911
250 251 -1.6462751960336819
11 251 -0.41354909374805893
251 252 -0.54681572346426066
12 252 -0.56706922324753894
252 253 0.60612653741124067
13 253 -0.48903448241495684
253 254 1.4649686085777767
14 254 -0.35673195103779221
254 255 -1.6029359755433128
15 255 1.2718142325983528
240 255 0.23540845007867445
