# model=ea2d N=256 meanJ=0 seed=3071510400 distribution=gaussian field=0 num_fields=256 num_couplings=512
0 0
1 0
2 0
3 0
4 0
5 0
6 0
7 0
8 0
9 0
10 0
11 0
12 0
13 0
14 0
15 0
16 0
17 0
18 0
19 0
20 0
21 0
22 0
23 0
24 0
25 0
26 0
27 0
28 0
29 0
30 0
31 0
32 0
33 0
34 0
35 0
36 0
37 0
38 0
39 0
40 0
41 0
42 0
43 0
44 0
45 0
46 0
47 0
48 0
49 0
50 0
51 0
52 0
53 0
54 0
55 0
56 0
57 0
58 0
59 0
60 0
61 0
62 0
63 0
64 0
65 0
66 0
67 0
68 0
69 0
70 0
71 0
72 0
73 0
74 0
75 0
76 0
77 0
78 0
79 0
80 0
81 0
82 0
83 0
84 0
85 0
86 0
87 0
88 0
89 0
90 0
91 0
92 0
93 0
94 0
95 0
96 0
97 0
98 0
99 0
100 0
101 0
102 0
103 0
104 0
105 0
106 0
107 0
108 0
109 0
110 0
111 0
112 0
113 0
114 0
115 0
116 0
117 0
118 0
119 0
120 0
121 0
122 0
123 0
124 0
125 0
126 0
127 0
128 0
129 0
130 0
131 0
132 0
133 0
134 0
135 0
136 0
137 0
138 0
139 0
140 0
141 0
142 0
143 0
144 0
145 0
146 0
147 0
148 0
149 0
150 0
151 0
152 0
153 0
154 0
155 0
156 0
157 0
158 0
159 0
160 0
161 0
162 0
163 0
164 0
165 0
166 0
167 0
168 0
169 0
170 0
171 0
172 0
173 0
174 0
175 0
176 0
177 0
178 0
179 0
180 0
181 0
182 0
183 0
184 0
185 0
186 0
187 0
188 0
189 0
190 0
191 0
192 0
193 0
194 0
195 0
196 0
197 0
198 0
199 0
200 0
201 0
202 0
203 0
204 0
205 0
206 0
207 0
208 0
209 0
210 0
211 0
212 0
213 0
214 0
215 0
216 0
217 0
218 0
219 0
220 0
221 0
222 0
223 0
224 0
225 0
226 0
227 0
228 0
229 0
230 0
231 0
232 0
233 0
234 0
235 0
236 0
237 0
238 0
239 0
240 0
241 0
242 0
243 0
244 0
245 0
246 0
247 0
248 0
249 0
250 0
251 0
252 0
253 0
254 0
255 0
0 16 1.3880016625204761
0 1 -1.6141275968830626
1 17 0.029561127082039694
1 2 -0.8374331923283711
2 18 1.2411525682553741
2 3 -0.089606352825227192
3 19 0.24220894120777758
3 4 1.4787528733097259
4 20 -0.29075542928979592
4 5 0.28660896199433161
5 21 -1.1729741500471043
5 6 1.7702614489581487
6 22 0.19789739576812398
6 7 -0.064325152362144297
7 23 -0.58296430579762315
7 8 0.18314479473840248
8 24 -0.66530918672445538
8 9 0.97961803737748088
9 25 -1.1547891671756794
9 10 -1.1539643921271687
10 26 -1.3150148818664622
10 11 0.10408393197307506
11 27 -0.86143402365577715
11 12 -0.0033163219258841156
12 28 -1.6764591485846272
12 13 0.49649163962262433
13 29 -1.5202524815835863
13 14 -0.74042395808503658
14 30 -0.96128311038180758
14 15 0.60417714851139681
15 31 1.6294221001698188
0 15 -0.54258870842609863
16 32 0.56813487247210459
16 17 1.6206632587995495
17 33 0.99231468623109043
17 18 2.4992521237023806
18 34 0.37740736992200513
18 19 -0.022219623223161001
19 35 -0.2019971598272147
19 20 0.084380589239106296
20 36 0.97491037096245992
20 21 0.85093074997286999
21 37 1.0092623473551494
21 22 -0.069022329778423028
22 38 0.68452434978240961
22 23 0.19026031934941978
23 39 -0.44288885025345154
23 24 -0.41215295116351119
24 40 -0.087501704638542926
24 25 -0.2514805159599488
25 41 1.8621850696085169
25 26 -1.2142602130658835
26 42 0.13869722630195383
26 27 -1.8149005432896257
27 43 0.21595671071866393
27 28 -0.51346545505178454
28 44 0.39639635023280195
28 29 0.57787058768156851
29 45 0.18317212695197183
29 30 0.014846304446865752
30 46 -0.62819986124626015
30 31 -0.19130140816134492
31 47 -1.6440879147297871
16 31 -0.52737950547841161
32 48 0.25845303763708011
32 33 0.59331556547217246
33 49 0.73144114396855142
33 34 0.96875704270747165
34 50 0.90081583811951393
34 35 -0.8330794907805833
35 51 0.077004708507996594
35 36 -1.2001933667985998
36 52 -0.065178055779919919
36 37 1.0226438751457725
37 53 0.67124355157914095
37 38 -0.28087664563379389
38 54 0.16098061506906849
38 39 -1.2359668365481198
39 55 2.1371966995316076
39 40 -1.2014537161220944
40 56 1.0198910405001926
40 41 0.80517317455415016
41 57 1.1379008187519346
41 42 -0.67352185082464244
42 58 0.29740021581992321
42 43 0.64760081494722388
43 59 0.42029264846576297
43 44 0.3797435808688242
44 60 0.12029401231722092
44 45 -0.46817412073635772
45 61 -2.6514893124502183
45 46 0.50979560796178758
46 62 0.35247011363320607
46 47 -2.0513515948605394
47 63 -0.27705205109064546
32 47 0.87193111897108111
48 64 -0.36123829765839827
48 49 1.2260015088837579
49 65 0.46792397237566935
49 50 -0.17757265814076362
50 66 2.1511329359570941
50 51 -0.08931693176346335
51 67 0.97780814012274941
51 52 0.70251700712796983
52 68 -0.66897647172113128
52 53 1.2925291294786219
53 69 -2.1960928850813888
53 54 0.20408266638225178
54 70 0.053283319818814255
54 55 -0.38529936310717866
55 71 -1.3359878646672632
55 56 -0.40126101110205242
56 72 -0.70968184806947554
56 57 0.42515649857386567
57 73 0.96071855158772723
57 58 -0.59846145874976686
58 74 0.54862878343647803
58 59 -1.0836981848261891
59 75 2.3662948843202152
59 60 -0.9282635841813619
60 76 -2.4799211655562332
60 61 0.81060397853225341
61 77 1.5754072377240813
61 62 0.21050162493560637
62 78 -0.022106649728142802
62 63 -0.71263876017868555
63 79 0.93942421475230942
48 63 -0.56138571404746895
64 80 -0.67810538662640252
64 65 -0.75801167826572424
65 81 -1.3930193824188308
65 66 1.4037102855831169
66 82 0.66440354891198483
66 67 0.84031963864046144
67 83 -0.21558264614683398
67 68 -2.067056307775422
68 84 -2.3055016827197026
68 69 -0.52716098685429968
69 85 0.66494648641596987
69 70 1.4694973232783677
70 86 0.74835714597365921
70 71 -1.1225207858484025
71 87 -0.082875067741110725
71 72 -0.57266177778360461
72 88 -0.33985362771524458
72 73 -0.14152527304992665
73 89 -1.9173782512808684
73 74 0.56308567464855486
74 90 1.2506603553776283
74 75 -1.8574239829257184
75 91 1.397220375255559
75 76 1.111596642478281
76 92 2.0306031479637836
76 77 -0.62156615521832448
77 93 -0.55175471200582149
77 78 0.3295987029567306
78 94 -0.42108243074616719
78 79 0.54879825255943693
79 95 0.079381131634966615
64 79 0.66961847582916534
80 96 -0.23466934241934131
80 81 0.67535410986989952
81 97 0.50305261144124935
81 82 -0.019498149993716213
82 98 0.54383188777370906
82 83 -1.6398541582106314
83 99 -0.84232081292504846
83 84 -0.95226398611355123
84 100 -0.51047260588881893
84 85 1.4634152430964358
85 101 0.12321952369284256
85 86 -0.10112194710269591
86 102 -0.62379097857394239
86 87 0.077253804696193126
87 103 -1.9604580225428871
87 88 1.0116042638598866
88 104 0.52877032889742126
88 89 -0.95256147008475156
89 105 0.61430194055453702
89 90 -0.45174537924141972
90 106 -0.83895550673974451
90 91 1.0690352722545156
91 107 -0.41797761083031421
91 92 0.86440010883260443
92 108 2.2604566227955156
92 93 0.057329705210942154
93 109 1.6685556269129029
93 94 -0.86282434438108035
94 110 0.070140189086494789
94 95 -1.3167121920062981
95 111 -0.76367547009636938
80 95 0.85236385983427077
96 112 -0.24906951682077563
96 97 1.3873797778372507
97 113 0.69595498560578239
97 98 0.6551555559343667
98 114 0.23169963053984774
98 99 0.54730216580250168
99 115 0.52612058240058546
99 100 -1.0528300548394396
100 116 0.17060360809719466
100 101 0.46128660142507716
101 117 0.62936097741439911
101 102 1.0226685218280813
102 118 -0.66946145695572834
102 103 -0.86263388312556932
103 119 1.7708305625486462
103 104 0.84368707261231868
104 120 -1.887538514634391
104 105 0.41799321445583099
105 121 -0.15450314926605596
105 106 -0.93375831859133485
106 122 -1.1124863397179026
106 107 -0.002382848767573555
107 123 -1.4184969554820537
107 108 -1.8342399880639477
108 124 -0.013274532215551475
108 109 -0.82895762949169205
109 125 -0.13258433764673422
109 110 -0.095465402673681823
110 126 0.88493459753391612
110 111 0.47988131983506516
111 127 -1.0707937494475048
96 111 1.1573887165701395
112 128 0.73801192586831199
112 113 0.68748323907645237
113 129 -0.6749016132397504
113 114 -1.0066811536649896
114 130 -0.36723538526121696
114 115 -0.54880202142408585
115 131 1.7896556724089159
115 116 -0.30626395773620274
116 132 -0.8465720243802729
116 117 0.0025509304122809853
117 133 1.4995857959502663
117 118 2.2531708681040659
118 134 -1.4463288581017926
118 119 -0.85037241455504931
119 135 -0.20965138482224446
119 120 -0.53379139415820487
120 136 0.0026674633576475033
120 121 0.30689481623557385
121 137 0.94056325770578852
121 122 1.0856602306333236
122 138 -0.92494325059214699
122 123 -0.7601036754240954
123 139 1.3351134452976181
123 124 -0.5675421424034095
124 140 -1.3629696739130348
124 125 -0.28674837385980234
125 141 1.8096399733092063
125 126 0.3579508980331717
126 142 1.3754519307455102
126 127 0.27286219140919449
127 143 0.11107922213387902
112 127 0.31481090312283344
128 144 -0.55150443742682342
128 129 -1.7061107440461605
129 145 0.51745332663607679
129 130 -0.4554822371760211
130 146 -0.41775358704851823
130 131 -0.25976821071154677
131 147 1.0299365026588509
131 132 -0.47537989183187324
132 148 1.3594918321699274
132 133 0.084352341274176387
133 149 1.2569767686685591
133 134 1.7509916762453779
134 150 -0.24928032215254314
134 135 0.83565643077897378
135 151 0.30364836645397836
135 136 -1.3981802348507377
136 152 0.75651246578056042
136 137 -1.0693928042193435
137 153 -1.903205571189982
137 138 0.99424982812535867
138 154 0.94341016009747047
138 139 2.1175617574519379
139 155 1.0904213049613678
139 140 1.5637560257705145
140 156 -0.47320488598752436
140 141 0.85597340770229469
141 157 -2.7083815265426088
141 142 -0.55084485390944449
142 158 -0.54918256078032024
142 143 0.72362387868269307
143 159 -0.58091869633855697
128 143 0.57733984583057485
144 160 -0.72291457914587054
144 145 0.28898666815681334
145 161 -1.4006450901550354
145 146 -2.5038074458830319
146 162 0.44813775971365788
146 147 -0.42854815394845008
147 163 -0.37464738824987703
147 148 0.23889115858625745
148 164 -0.2396425235669403
148 149 -2.0240115568941035
149 165 0.36891200764309745
149 150 -0.48992382467614382
150 166 0.091281154506339557
150 151 -0.31048240189375098
151 167 2.0234599288330757
151 152 2.6554168806990686
152 168 -0.18853241392210118
152 153 -0.61729167888568737
153 169 2.1354980983009337
153 154 1.1324650840154258
154 170 -0.036266724641040186
154 155 0.53382140688799362
155 171 0.86929478229068313
155 156 -1.1388070478068189
156 172 0.51312135073305254
156 157 -0.31815719614775939
157 173 -1.1499797108668564
157 158 0.65265010804236046
158 174 -0.58381386894948328
158 159 0.85831360652108779
159 175 -0.18201180683453497
144 159 -1.1904936116312288
160 176 1.7689554795025804
160 161 -0.32980149198729647
161 177 -0.20175481266826889
161 162 0.39031648269656832
162 178 -0.13686381593917751
162 163 0.63278938488905334
163 179 -0.78139044130411284
163 164 -0.53926737224378174
164 180 0.00021101730010380203
164 165 -0.0033641189205011008
165 181 0.45472368919769079
165 166 1.2061720465931589
166 182 -0.67339269906712762
166 167 0.20311091471421583
167 183 0.32525736804767053
167 168 -0.79402085409627277
168 184 -1.6494177719069512
168 169 0.21072902803398297
169 185 -0.68189183106334106
169 170 0.093275523792491918
170 186 0.57244779178923144
170 171 -0.044360773473309349
171 187 -0.36646618640270534
171 172 2.0638698739071781
172 188 0.41107831619916335
172 173 0.80891302535961451
173 189 1.0157173679849967
173 174 -0.48673938375661385
174 190 -0.60522076253379564
174 175 0.40398233163356773
175 191 0.26213932370633286
160 175 0.77401414010653524
176 192 -0.35358534847309292
176 177 -0.22295066228024082
177 193 -0.69439387295280308
177 178 -0.48921747561117684
178 194 -0.64365850098989563
178 179 -0.30508632760704274
179 195 -0.53119781273331612
179 180 -0.26967330476857465
180 196 -0.95635753179866423
180 181 -0.31944977402851349
181 197 -1.4638811117700385
181 182 -0.52772817671789896
182 198 0.18865699210057679
182 183 0.025129138010964149
183 199 0.042323661779326019
183 184 0.0030115648531451101
184 200 -0.11669753419244189
184 185 -2.2163476417185826
185 201 -0.79639553504496141
185 186 0.055479358420130208
186 202 -0.80027079997911421
186 187 -1.3299265476080795
187 203 2.2874830230361667
187 188 -0.54541922300404033
188 204 1.0912452343859103
188 189 -1.1865586332516207
189 205 -0.76887857455760911
189 190 0.87392666218656934
190 206 -0.3531719508269367
190 191 -0.37170416132484901
191 207 1.3830138540536727
176 191 1.3576339703961047
192 208 -1.5541874989074074
192 193 0.8762210061241924
193 209 1.5758696324516979
193 194 0.14376084510288953
194 210 -0.4325599407409465
194 195 1.2754888822871338
195 211 0.080895026914958812
195 196 -0.65690096997117298
196 212 -1.028791214929236
196 197 0.29990662623737457
197 213 0.50405236730053449
197 198 1.8559417224498225
198 214 0.166223509457989
198 199 1.1383925468482685
199 215 -0.012597355430444053
199 200 -0.44704827513686368
200 216 2.016353199743171
200 201 -0.32894084220059577
201 217 -0.59256038796925115
201 202 0.46476585614403465
202 218 -1.6530055937124937
202 203 0.41902523332995917
203 219 -0.67632719651472972
203 204 1.437245572507531
204 220 1.612568034250593
204 205 0.42500277197858777
205 221 -0.79706435610921034
205 206 -0.38721683907964122
206 222 -0.65849219639476941
206 207 -0.58006229344605575
207 223 -0.83062226648666104
192 207 1.6251826256532753
208 224 0.24682898190248928
208 209 0.58693893124994978
209 225 -0.3179041092735565
209 210 -0.66818581611147188
210 226 -0.19889249654249275
210 211 1.1581473568448644
211 227 -0.19030815780583099
211 212 -1.9373554609616586
212 228 0.12479543365887405
212 213 0.42037190921700646
213 229 0.76071130157039679
213 214 -1.0155541390390475
214 230 0.7858253386453885
214 215 0.44677138260437926
215 231 0.5034687170246932
215 216 0.24462372996737616
216 232 0.6209056317036008
216 217 -0.31110886992791437
217 233 0.30534815363678292
217 218 -0.92963001613378249
218 234 -0.0081711171578279576
218 219 0.91692763531193977
219 235 -0.72203797648409163
219 220 -0.59516245709413584
220 236 -0.83677723575579432
220 221 0.8756681714410548
221 237 -1.5307142367161772
221 222 -1.2154329007586488
222 238 1.4544966063664901
222 223 -1.2064370467760712
223 239 0.014078883800173622
208 223 0.04902554813611202
224 240 0.34740254836684631
224 225 0.14672877347918389
225 241 1.0209377077469848
225 226 -1.037811413933059
226 242 0.60679392076426186
226 227 0.95876923839873873
227 243 -0.65305907936955909
227 228 1.9655744655529883
228 244 -0.43452480376855185
228 229 -1.4543877493912041
229 245 0.30826327904822459
229 230 0.91754172808760059
230 246 -0.90934919719161333
230 231 -0.87276459657775285
231 247 0.23625780878093949
231 232 2.8550210207841222
232 248 2.21795992616945
232 233 0.63269142189806349
233 249 1.7831888813797292
233 234 0.46648553973529111
234 250 -0.021349202802228278
234 235 0.0075330181906151867
235 251 -2.5595961337620006
235 236 -0.58948078373414337
236 252 0.1051111702226392
236 237 0.28149227589613107
237 253 -0.64508084210119931
237 238 0.77836680765279664
238 254 1.2349859285548208
238 239 -0.77135011703075596
239 255 -0.43315031214906624
224 239 0.0065249500271335106
0 240 -0.72063164561670878
240 241 0.68933083104152271
1 241 -0.090742064817837545
241 242 -0.63266358436878889
2 242 -0.13352716773475998
242 243 0.45776740725699555
3 243 -0.67737168851415852
243 244 -1.2843997897289468
4 244 0.18113198588230195
244 245 -2.4338932849846802
5 245 0.39329909611842684
245 246 -1.0028898916059126
6 246 0.48731035555141833
246 247 -0.18492631005746737
7 247 0.93777263176482828
247 248 -0.24022000944055186
8 248 -0.81184781246930426
248 249 0.25053624193193075
9 249 -0.42716805927746282
249 250 -1.147419106671794
10 250 -0.94889353846800695
250 251 -0.6791870067301603
11 251 0.32333259886960908
251 252 -1.2125304382972928
12 252 -0.22476002981420137
252 253 -0.052924862210324101
13 253 0.24811445186292949
253 254 0.11358049684070527
14 254 -0.52047831987183801
254 255 -1.0863393991711796
15 255 -1.1827797234943687
240 255 0.93328082450655392
