# model=ea2d N=1024 meanJ=0 seed=3017511151 distribution=gaussian field=0 num_fields=1024 num_couplings=2048
0 0
1 0
2 0
3 0
4 0
5 0
6 0
7 0
8 0
9 0
10 0
11 0
12 0
13 0
14 0
15 0
16 0
17 0
18 0
19 0
20 0
21 0
22 0
23 0
24 0
25 0
26 0
27 0
28 0
29 0
30 0
31 0
32 0
33 0
34 0
35 0
36 0
37 0
38 0
39 0
40 0
41 0
42 0
43 0
44 0
45 0
46 0
47 0
48 0
49 0
50 0
51 0
52 0
53 0
54 0
55 0
56 0
57 0
58 0
59 0
60 0
61 0
62 0
63 0
64 0
65 0
66 0
67 0
68 0
69 0
70 0
71 0
72 0
73 0
74 0
75 0
76 0
77 0
78 0
79 0
80 0
81 0
82 0
83 0
84 0
85 0
86 0
87 0
88 0
89 0
90 0
91 0
92 0
93 0
94 0
95 0
96 0
97 0
98 0
99 0
100 0
101 0
102 0
103 0
104 0
105 0
106 0
107 0
108 0
109 0
110 0
111 0
112 0
113 0
114 0
115 0
116 0
117 0
118 0
119 0
120 0
121 0
122 0
123 0
124 0
125 0
126 0
127 0
128 0
129 0
130 0
131 0
132 0
133 0
134 0
135 0
136 0
137 0
138 0
139 0
140 0
141 0
142 0
143 0
144 0
145 0
146 0
147 0
148 0
149 0
150 0
151 0
152 0
153 0
154 0
155 0
156 0
157 0
158 0
159 0
160 0
161 0
162 0
163 0
164 0
165 0
166 0
167 0
168 0
169 0
170 0
171 0
172 0
173 0
174 0
175 0
176 0
177 0
178 0
179 0
180 0
181 0
182 0
183 0
184 0
185 0
186 0
187 0
188 0
189 0
190 0
191 0
192 0
193 0
194 0
195 0
196 0
197 0
198 0
199 0
200 0
201 0
202 0
203 0
204 0
205 0
206 0
207 0
208 0
209 0
210 0
211 0
212 0
213 0
214 0
215 0
216 0
217 0
218 0
219 0
220 0
221 0
222 0
223 0
224 0
225 0
226 0
227 0
228 0
229 0
230 0
231 0
232 0
233 0
234 0
235 0
236 0
237 0
238 0
239 0
240 0
241 0
242 0
243 0
244 0
245 0
246 0
247 0
248 0
249 0
250 0
251 0
252 0
253 0
254 0
255 0
256 0
257 0
258 0
259 0
260 0
261 0
262 0
263 0
264 0
265 0
266 0
267 0
268 0
269 0
270 0
271 0
272 0
273 0
274 0
275 0
276 0
277 0
278 0
279 0
280 0
281 0
282 0
283 0
284 0
285 0
286 0
287 0
288 0
289 0
290 0
291 0
292 0
293 0
294 0
295 0
296 0
297 0
298 0
299 0
300 0
301 0
302 0
303 0
304 0
305 0
306 0
307 0
308 0
309 0
310 0
311 0
312 0
313 0
314 0
315 0
316 0
317 0
318 0
319 0
320 0
321 0
322 0
323 0
324 0
325 0
326 0
327 0
328 0
329 0
330 0
331 0
332 0
333 0
334 0
335 0
336 0
337 0
338 0
339 0
340 0
341 0
342 0
343 0
344 0
345 0
346 0
347 0
348 0
349 0
350 0
351 0
352 0
353 0
354 0
355 0
356 0
357 0
358 0
359 0
360 0
361 0
362 0
363 0
364 0
365 0
366 0
367 0
368 0
369 0
370 0
371 0
372 0
373 0
374 0
375 0
376 0
377 0
378 0
379 0
380 0
381 0
382 0
383 0
384 0
385 0
386 0
387 0
388 0
389 0
390 0
391 0
392 0
393 0
394 0
395 0
396 0
397 0
398 0
399 0
400 0
401 0
402 0
403 0
404 0
405 0
406 0
407 0
408 0
409 0
410 0
411 0
412 0
413 0
414 0
415 0
416 0
417 0
418 0
419 0
420 0
421 0
422 0
423 0
424 0
425 0
426 0
427 0
428 0
429 0
430 0
431 0
432 0
433 0
434 0
435 0
436 0
437 0
438 0
439 0
440 0
441 0
442 0
443 0
444 0
445 0
446 0
447 0
448 0
449 0
450 0
451 0
452 0
453 0
454 0
455 0
456 0
457 0
458 0
459 0
460 0
461 0
462 0
463 0
464 0
465 0
466 0
467 0
468 0
469 0
470 0
471 0
472 0
473 0
474 0
475 0
476 0
477 0
478 0
479 0
480 0
481 0
482 0
483 0
484 0
485 0
486 0
487 0
488 0
489 0
490 0
491 0
492 0
493 0
494 0
495 0
496 0
497 0
498 0
499 0
500 0
501 0
502 0
503 0
504 0
505 0
506 0
507 0
508 0
509 0
510 0
511 0
512 0
513 0
514 0
515 0
516 0
517 0
518 0
519 0
520 0
521 0
522 0
523 0
524 0
525 0
526 0
527 0
528 0
529 0
530 0
531 0
532 0
533 0
534 0
535 0
536 0
537 0
538 0
539 0
540 0
541 0
542 0
543 0
544 0
545 0
546 0
547 0
548 0
549 0
550 0
551 0
552 0
553 0
554 0
555 0
556 0
557 0
558 0
559 0
560 0
561 0
562 0
563 0
564 0
565 0
566 0
567 0
568 0
569 0
570 0
571 0
572 0
573 0
574 0
575 0
576 0
577 0
578 0
579 0
580 0
581 0
582 0
583 0
584 0
585 0
586 0
587 0
588 0
589 0
590 0
591 0
592 0
593 0
594 0
595 0
596 0
597 0
598 0
599 0
600 0
601 0
602 0
603 0
604 0
605 0
606 0
607 0
608 0
609 0
610 0
611 0
612 0
613 0
614 0
615 0
616 0
617 0
618 0
619 0
620 0
621 0
622 0
623 0
624 0
625 0
626 0
627 0
628 0
629 0
630 0
631 0
632 0
633 0
634 0
635 0
636 0
637 0
638 0
639 0
640 0
641 0
642 0
643 0
644 0
645 0
646 0
647 0
648 0
649 0
650 0
651 0
652 0
653 0
654 0
655 0
656 0
657 0
658 0
659 0
660 0
661 0
662 0
663 0
664 0
665 0
666 0
667 0
668 0
669 0
670 0
671 0
672 0
673 0
674 0
675 0
676 0
677 0
678 0
679 0
680 0
681 0
682 0
683 0
684 0
685 0
686 0
687 0
688 0
689 0
690 0
691 0
692 0
693 0
694 0
695 0
696 0
697 0
698 0
699 0
700 0
701 0
702 0
703 0
704 0
705 0
706 0
707 0
708 0
709 0
710 0
711 0
712 0
713 0
714 0
715 0
716 0
717 0
718 0
719 0
720 0
721 0
722 0
723 0
724 0
725 0
726 0
727 0
728 0
729 0
730 0
731 0
732 0
733 0
734 0
735 0
736 0
737 0
738 0
739 0
740 0
741 0
742 0
743 0
744 0
745 0
746 0
747 0
748 0
749 0
750 0
751 0
752 0
753 0
754 0
755 0
756 0
757 0
758 0
759 0
760 0
761 0
762 0
763 0
764 0
765 0
766 0
767 0
768 0
769 0
770 0
771 0
772 0
773 0
774 0
775 0
776 0
777 0
778 0
779 0
780 0
781 0
782 0
783 0
784 0
785 0
786 0
787 0
788 0
789 0
790 0
791 0
792 0
793 0
794 0
795 0
796 0
797 0
798 0
799 0
800 0
801 0
802 0
803 0
804 0
805 0
806 0
807 0
808 0
809 0
810 0
811 0
812 0
813 0
814 0
815 0
816 0
817 0
818 0
819 0
820 0
821 0
822 0
823 0
824 0
825 0
826 0
827 0
828 0
829 0
830 0
831 0
832 0
833 0
834 0
835 0
836 0
837 0
838 0
839 0
840 0
841 0
842 0
843 0
844 0
845 0
846 0
847 0
848 0
849 0
850 0
851 0
852 0
853 0
854 0
855 0
856 0
857 0
858 0
859 0
860 0
861 0
862 0
863 0
864 0
865 0
866 0
867 0
868 0
869 0
870 0
871 0
872 0
873 0
874 0
875 0
876 0
877 0
878 0
879 0
880 0
881 0
882 0
883 0
884 0
885 0
886 0
887 0
888 0
889 0
890 0
891 0
892 0
893 0
894 0
895 0
896 0
897 0
898 0
899 0
900 0
901 0
902 0
903 0
904 0
905 0
906 0
907 0
908 0
909 0
910 0
911 0
912 0
913 0
914 0
915 0
916 0
917 0
918 0
919 0
920 0
921 0
922 0
923 0
924 0
925 0
926 0
927 0
928 0
929 0
930 0
931 0
932 0
933 0
934 0
935 0
936 0
937 0
938 0
939 0
940 0
941 0
942 0
943 0
944 0
945 0
946 0
947 0
948 0
949 0
950 0
951 0
952 0
953 0
954 0
955 0
956 0
957 0
958 0
959 0
960 0
961 0
962 0
963 0
964 0
965 0
966 0
967 0
968 0
969 0
970 0
971 0
972 0
973 0
974 0
975 0
976 0
977 0
978 0
979 0
980 0
981 0
982 0
983 0
984 0
985 0
986 0
987 0
988 0
989 0
990 0
991 0
992 0
993 0
994 0
995 0
996 0
997 0
998 0
999 0
1000 0
1001 0
1002 0
1003 0
1004 0
1005 0
1006 0
1007 0
1008 0
1009 0
1010 0
1011 0
1012 0
1013 0
1014 0
1015 0
1016 0
1017 0
1018 0
1019 0
1020 0
1021 0
1022 0
1023 0
0 32 0.88938986119770436
0 1 -0.28935727692960789
1 33 -0.1838473712716262
1 2 1.1222480036376756
2 34 1.607177190226371
2 3 1.6188774207686933
3 35 -0.27598489113640573
3 4 -0.55065359655647561
4 36 -1.7496167528206179
4 5 1.1099091950557927
5 37 1.1068361059627243
5 6 -0.58815012090173258
6 38 0.50548143652668065
6 7 -0.050422801666608369
7 39 -0.24648862449479034
7 8 0.060467190141613648
8 40 1.5819379293490223
8 9 -0.66638139484576742
9 41 -1.0172786386081503
9 10 -1.3320239466401993
10 42 0.53213321978705808
10 11 0.44576226472713104
11 43 1.4770981747667959
11 12 1.3335001749525675
12 44 0.30024762343651945
12 13 -0.7602292638084942
13 45 -0.021071513899861671
13 14 0.29159428956657613
14 46 0.61987998475692452
14 15 -0.60851069455687434
15 47 -1.5914163437826978
15 16 0.76451869842539488
16 48 -0.070486937352029266
16 17 -1.4344510424616306
17 49 1.0629182873022121
17 18 2.0496071942643925
18 50 0.18362213601849242
18 19 0.35413800461008282
19 51 1.1054843979212212
19 20 -0.20874663107741553
20 52 0.035277870883149216
20 21 -0.13654576388946224
21 53 -1.1336543706776183
21 22 0.34994827924729105
22 54 0.13648810809844122
22 23 -0.9496685088200133
23 55 2.7933947879482837
23 24 0.005696020028066422
24 56 -0.67828403272590387
24 25 0.87328931353877293
25 57 0.31814143742957768
25 26 1.3048882685985197
26 58 2.4987855468447089
26 27 -1.6525369869269384
27 59 0.9720152053626715
27 28 0.58494090793706366
28 60 1.1355673320435642
28 29 0.1104381739573396
29 61 0.19231777739868025
29 30 1.443375371640393
30 62 -0.71008073583379616
30 31 -0.49177676793503539
31 63 -1.3626335962306415
0 31 -0.28171908893647313
32 64 -2.1179636239212161
32 33 1.5549581216831858
33 65 -0.34548525822234971
33 34 -0.10577463064140832
34 66 0.89839654865220919
34 35 1.4110455459289764
35 67 -0.68502472379981116
35 36 -0.44525927928236597
36 68 1.7224737685260008
36 37 -0.051519982272767766
37 69 -0.61752650682006349
37 38 -0.72483036204012918
38 70 -0.88242827777305766
38 39 0.73034562106396606
39 71 -0.50400445478405631
39 40 1.1728940161436567
40 72 -1.2380024652346726
40 41 -0.23711496155456988
41 73 -1.7593565268168745
41 42 -0.36815493764543161
42 74 -0.77125277148130256
42 43 -0.15498792215763366
43 75 0.96852087853552171
43 44 0.35874104188533229
44 76 -0.73706469484892145
44 45 1.2136134603888553
45 77 0.37194411969690699
45 46 -0.45486090358123188
46 78 -1.8038399490929533
46 47 -0.12987289748755582
47 79 -0.66515278923327115
47 48 -0.49814970813447101
48 80 -1.0475553568350255
48 49 -1.8219094964302145
49 81 -1.2312331796915181
49 50 -0.94753146868691529
50 82 -0.29357838609797254
50 51 0.043868105761354796
51 83 -0.68496990336639096
51 52 -1.3217531607460398
52 84 0.37074029346209775
52 53 -0.91677401224509092
53 85 -0.59923508712119777
53 54 -0.37576272379391695
54 86 0.78463302673794388
54 55 1.2397985961851929
55 87 0.91437485918312333
55 56 1.4692473023862684
56 88 0.32160701719475882
56 57 0.28648802607230239
57 89 -0.85227320186552891
57 58 -0.013528823825651225
58 90 -0.98655661793554739
58 59 0.25480656740884894
59 91 -0.16738348093689423
59 60 1.0398054569785793
60 92 -0.28929322971843241
60 61 0.35109974907852559
61 93 -0.9050135388358771
61 62 -0.70185321048046845
62 94 -1.1050427267300542
62 63 2.2024398717403919
63 95 0.58447066179788676
32 63 0.49722332099826838
64 96 -1.7178205986807928
64 65 0.44475019292148554
65 97 0.23240862982673055
65 66 -2.0038196773688219
66 98 0.17615942818549626
66 67 -1.9624913952637537
67 99 0.7818312805039237
67 68 -0.11612114669158045
68 100 1.0407039611565196
68 69 -1.275861558183645
69 101 -0.23413364705627646
69 70 0.10278840216128989
70 102 1.2346496768361002
70 71 -1.261238896965708
71 103 -0.16785672429380624
71 72 -2.1119042143043805
72 104 0.89161096475789892
72 73 0.52829260095904418
73 105 -1.4128965657161059
73 74 -0.44162352916795461
74 106 -1.2361589793780057
74 75 -0.94242277776881744
75 107 0.7544963867444815
75 76 -0.73960960354796212
76 108 1.7293670417808118
76 77 -0.59084687563668015
77 109 -1.4843826215252183
77 78 1.4450599963129989
78 110 1.1332341026524984
78 79 -0.78872525880941802
79 111 -0.64058267939005764
79 80 -0.97995959241397845
80 112 -0.37441962209740387
80 81 -0.86479534632339872
81 113 0.53212166384334503
81 82 0.65480716607337608
82 114 1.0617654644552033
82 83 0.39160087054681059
83 115 -1.0789081413968227
83 84 0.61793617537890877
84 116 0.50485984385324423
84 85 -2.0877970492732922
85 117 -1.347016942128082
85 86 -1.4908346916383157
86 118 0.34354601638265619
86 87 0.97418374912915673
87 119 -0.0085377245148402173
87 88 0.90903824469096428
88 120 0.32441569003676946
88 89 -0.64793724386984841
89 121 -0.97560057577070203
89 90 0.12051505596295058
90 122 0.075285429137189608
90 91 -0.12598691385139082
91 123 -1.7529827837739329
91 92 0.54221216606541744
92 124 -1.2346663216603719
92 93 -0.45917632990501012
93 125 1.5339838928923761
93 94 -0.89380345268521488
94 126 0.013713911409390227
94 95 -0.69205565208386077
95 127 0.14622543567509474
64 95 -1.3957154854531799
96 128 0.40275257710271306
96 97 -2.4562180236020166
97 129 0.29562664772460162
97 98 -0.3654239327829899
98 130 -1.2154934970183051
98 99 -0.88320857450475299
99 131 1.9203344589728069
99 100 0.097167146958111655
100 132 -0.44171374087119519
100 101 0.013393106781675795
101 133 -1.5766706537496586
101 102 -0.24191791063464016
102 134 -0.7278660404590972
102 103 0.12384020517770901
103 135 -0.68237306097202544
103 104 0.45185282448268915
104 136 -1.6088815425162326
104 105 0.93604992666994358
105 137 -0.87989831096048332
105 106 0.9587188906787697
106 138 -1.4621435093032842
106 107 -1.2231969677084311
107 139 -0.1866472826629765
107 108 0.53416757268847415
108 140 0.29056428402251533
108 109 -1.65499590924523
109 141 1.1849514431719572
109 110 -0.38168926306505813
110 142 -0.35124785042877604
110 111 0.57210926761756975
111 143 -1.697107132597105
111 112 -0.62850096941943601
112 144 -0.61807217173620443
112 113 0.81230317493224025
113 145 -2.2994460138564459
113 114 1.5398076402364564
114 146 0.50598569639127955
114 115 0.82904195510722389
115 147 0.18764088693606379
115 116 -0.1934008649718548
116 148 -1.2703550025626678
116 117 0.55623585904800454
117 149 1.7143662880433324
117 118 -0.41981689023771174
118 150 -1.2854002790061021
118 119 1.9174457670393759
119 151 1.3520353165794559
119 120 -0.74381970469834968
120 152 2.1557055759915058
120 121 0.74963307282282665
121 153 0.11006343511553085
121 122 1.0107460393727172
122 154 0.26348000825951101
122 123 -0.5649937784470801
123 155 -2.4305872421419279
123 124 0.66625064092572372
124 156 -0.65753517426380959
124 125 -0.47106008971016627
125 157 -0.37802189396297348
125 126 -1.9060595631978934
126 158 0.15814894996828543
126 127 -0.56146969447819706
127 159 -0.26202185547712348
96 127 2.5837195398827384
128 160 -0.53535215865470487
128 129 0.39925468415487719
129 161 -0.07211773519144829
129 130 -0.42285408607055769
130 162 0.59832313985153762
130 131 0.7459778122330617
131 163 0.18995282157164733
131 132 1.1640879064455578
132 164 0.075000041954106367
132 133 0.87648646258389851
133 165 1.317718929674832
133 134 -0.12605501021208285
134 166 0.27198023020492906
134 135 -0.7908595224767615
135 167 -0.44730036271857398
135 136 2.2937924355902402
136 168 -0.38996941119069961
136 137 -1.91277653474954
137 169 -0.081155388647862953
137 138 1.2963185190771767
138 170 -0.28605757799256792
138 139 0.050914757335914336
139 171 -0.40782556534605002
139 140 0.72887897055898676
140 172 1.1615053797563277
140 141 0.67249930563495386
141 173 -1.2981023391081583
141 142 1.8566943029233307
142 174 -1.1119272167412027
142 143 0.23785101186623533
143 175 0.32332636845176826
143 144 -0.90925221641700149
144 176 -1.063926783626383
144 145 -0.65496876277641114
145 177 1.4862354981415509
145 146 -1.6978492053082317
146 178 1.7344696214722568
146 147 0.83262340706099169
147 179 -0.38464994334499825
147 148 -1.1842231226723938
148 180 1.5438862265595066
148 149 0.79659190594987161
149 181 -0.71554992527725336
149 150 -1.0770651813016816
150 182 -0.68625562585860156
150 151 0.98465413774029042
151 183 -0.98017091080737406
151 152 1.1402738270017556
152 184 0.013746069201652724
152 153 -1.5390956944114276
153 185 -0.42928726653344951
153 154 0.39144866266655837
154 186 1.1808770672548576
154 155 1.5985916398055124
155 187 -0.41538263455977481
155 156 0.50714039280798207
156 188 -0.04189453305340101
156 157 2.1228941441579985
157 189 -1.1278776349383517
157 158 0.73869690928932807
158 190 -0.3617154662119203
158 159 -2.4216754192728653
159 191 0.35598746542263032
128 159 0.30556580795196825
160 192 0.40440896912754881
160 161 0.99735289957598561
161 193 0.24837841643896216
161 162 -1.4017212001496115
162 194 -0.062593624870596637
162 163 0.40899382326667477
163 195 -0.69413940950251429
163 164 0.45350869662653204
164 196 -1.2165609886665474
164 165 -0.51016083243434296
165 197 0.84174290153802966
165 166 0.87662249868802711
166 198 -0.21369302784759089
166 167 -1.0361886346959557
167 199 -1.2879672486352449
167 168 1.357615345012569
168 200 0.49649652641806274
168 169 -0.20157377942349711
169 201 1.3726298722665808
169 170 -1.0837369696866839
170 202 1.2343515434905359
170 171 0.44907878953944197
171 203 -0.99174783468818717
171 172 -0.41237858250611337
172 204 2.8217817534586587
172 173 0.23274027801137548
173 205 0.12829429699220796
173 174 -0.42271247460466593
174 206 0.027900577471770785
174 175 0.67535913334155906
175 207 -0.016718067185234997
175 176 -1.7784405533135876
176 208 0.11033609460972928
176 177 0.098364370557320488
177 209 -0.50931739530241715
177 178 -0.16708579922217884
178 210 -0.35690466277264454
178 179 -0.25787239702574982
179 211 -0.93093922411905716
179 180 -0.44352103351028643
180 212 -0.25258719231443744
180 181 0.86807794576873054
181 213 0.959993416397388
181 182 0.92164124372455514
182 214 -0.30120650809249566
182 183 -0.77168580579846713
183 215 -0.53506897456138303
183 184 0.60545318116374536
184 216 -1.2105516428666416
184 185 -1.3337535566571621
185 217 -0.76889072219412347
185 186 1.9999894972415602
186 218 -0.90020099418138044
186 187 1.3004006817874261
187 219 -0.50562670546008182
187 188 -0.43407877375214204
188 220 -0.29373258365646376
188 189 1.1856777131461465
189 221 -1.0295294432552906
189 190 0.17241442571841378
190 222 -1.838916740125208
190 191 -1.3301006991953064
191 223 -0.59616001665741947
160 191 0.97503553938777876
192 224 -1.0011029159996654
192 193 -0.99582453384186786
193 225 0.044190501945016419
193 194 1.316664528421857
194 226 0.38962875678933878
194 195 2.0889645742759311
195 227 -0.43265528169963502
195 196 -1.4867696608108159
196 228 -0.95526016368539257
196 197 -1.6333167111541269
197 229 1.2462764732387501
197 198 -0.61384261939820262
198 230 -0.89534327882485354
198 199 0.26792711262643315
199 231 0.92173691679665815
199 200 0.76295948846051975
200 232 -0.30876924011958634
200 201 -1.3450768763754737
201 233 0.086088152743894086
201 202 -1.3593979726371577
202 234 -0.92928140449313767
202 203 0.61734891800048841
203 235 0.083230225674075856
203 204 0.91067807474492168
204 236 -1.1404926004485167
204 205 0.11392574927536443
205 237 0.11490772639367615
205 206 1.144762659300719
206 238 0.32636267461970253
206 207 0.77939184581459475
207 239 -1.5677034838515
207 208 -1.4382874563821255
208 240 -0.29944886152918715
208 209 -0.16367730746686321
209 241 0.95482144764022392
209 210 1.4961870968263555
210 242 -0.81509350969572114
210 211 1.4496716355701271
211 243 0.92249774648384353
211 212 0.17378929576863456
212 244 -0.22464699812734412
212 213 0.12782004214094903
213 245 -0.38555607048263479
213 214 -0.54223478578019269
214 246 -1.8160809894714796
214 215 0.91006519211537751
215 247 -0.31179277393063343
215 216 0.77470764755954513
216 248 -1.6750800052185046
216 217 -0.065889391794290056
217 249 0.45379766568993563
217 218 -1.5778596452583595
218 250 -1.4466757385837021
218 219 -0.025239451699954746
219 251 -0.032412382865337847
219 220 -1.2900164893474577
220 252 -0.80811379860291732
220 221 0.41828215344888314
221 253 -0.013173984176278845
221 222 0.29063632404169665
222 254 0.49266706477637645
222 223 0.53517083439201663
223 255 0.43321863247688569
192 223 -1.2745562826052004
224 256 1.6444827720592683
224 225 1.4969879127846182
225 257 0.061908396859341408
225 226 -0.99518235154175783
226 258 0.53288519916965094
226 227 1.0734692255236695
227 259 -0.27353336581148202
227 228 -0.0098002618378008385
228 260 0.036403566015240918
228 229 0.57388687579209996
229 261 -1.1217113677485331
229 230 0.92919065794660749
230 262 0.034667960955649973
230 231 0.15874035472889386
231 263 0.14306911719034049
231 232 2.4744313385495103
232 264 0.96948523182060764
232 233 -1.5173879088927271
233 265 -0.15654779377720457
233 234 -1.6027354897801449
234 266 -0.21037817970948131
234 235 -0.25328236865436982
235 267 -0.31494425498977613
235 236 -0.2273493486726908
236 268 -1.386446901870156
236 237 0.42452883977287287
237 269 0.88666792533727401
237 238 0.61302590020654368
238 270 -0.9899962147496949
238 239 1.5011950449093137
239 271 -0.84106023735505619
239 240 -0.073512707089656654
240 272 0.022423013471728023
240 241 -1.8643330050293265
241 273 1.2678094202590835
241 242 -0.33413714670539885
242 274 0.33371603806821476
242 243 -0.55914647038821164
243 275 -0.073594167162277568
243 244 0.69457606096638835
244 276 0.30292381686531356
244 245 1.2859287184084776
245 277 -0.052619661792391192
245 246 -0.088261546862068566
246 278 0.92649433111687185
246 247 0.58931313699364585
247 279 0.21296866627617994
247 248 0.0066722512552531256
248 280 0.38217060367911559
248 249 -0.72419008174200061
249 281 0.70889930849610683
249 250 -0.28654541032870851
250 282 -1.2217751012950397
250 251 0.037319313609268996
251 283 0.58468344628536639
251 252 1.7752792253373531
252 284 -1.0358431258935716
252 253 -1.642494180765472
253 285 -1.0221520241703719
253 254 0.47777271002498933
254 286 -2.0830444719625505
254 255 0.16061035067872428
255 287 -0.69900111267455367
224 255 -0.96136203914854823
256 288 0.066559211402514237
256 257 0.40930488282163485
257 289 -0.0058852290929986076
257 258 -1.353312710556553
258 290 0.48747495370590554
258 259 1.3852126306017114
259 291 0.11255550346095379
259 260 -0.29890472267185786
260 292 1.1037657563836167
260 261 -1.7517286147480371
261 293 0.97097632478038143
261 262 -0.75085117054449191
262 294 -0.43932737700573726
262 263 1.2295087433786569
263 295 -0.1826737099028708
263 264 -1.1082752754071661
264 296 0.027858327685359945
264 265 -1.3604379441690049
265 297 1.364135174646449
265 266 -0.60505118432660199
266 298 2.9637437245899854
266 267 -0.41727963152707026
267 299 0.46224752223906967
267 268 0.12139308769631309
268 300 -0.030290715273204937
268 269 -1.0060528397521211
269 301 -2.0135259740224871
269 270 0.54474196628411731
270 302 -1.0120579973984161
270 271 0.54059109492489976
271 303 -0.41826477380982774
271 272 1.4436946844271441
272 304 -0.46003896104789105
272 273 -1.0476730708264581
273 305 -1.594795483739379
273 274 0.16799927005055301
274 306 -1.2595017198468699
274 275 0.90115280380195528
275 307 -0.3582255295053095
275 276 0.19438843114623314
276 308 0.66796181459548765
276 277 0.25916891940944636
277 309 0.13759815118587052
277 278 1.1093330194490243
278 310 -0.70578867698065295
278 279 0.73300191006959703
279 311 2.2112174128002282
279 280 1.2018940952488779
280 312 1.1880859800718906
280 281 0.50373659723310493
281 313 -0.62326364096852205
281 282 -0.65114248058875646
282 314 -1.6727668113013212
282 283 0.23766846764173247
283 315 -0.18125042432079022
283 284 -0.18225902542524794
284 316 -1.5630597575236256
284 285 -0.00085285390297383089
285 317 -0.24463056386448101
285 286 1.9805583250090952
286 318 0.95022712358247963
286 287 0.36687811974285095
287 319 -2.2313611462108853
256 287 -1.5754340989973077
288 320 1.2595846509062145
288 289 0.65046805784704009
289 321 0.57468344475198729
289 290 1.2548314802149871
290 322 1.3004887174588511
290 291 -0.03966043618486103
291 323 1.3626358593334651
291 292 0.47504648994855858
292 324 2.1846051253362577
292 293 -1.1330757721167815
293 325 0.77443873416807096
293 294 0.63373757967092237
294 326 0.48449250004511524
294 295 0.45228988186563668
295 327 0.91920032991421396
295 296 1.2848452903115097
296 328 2.2440560869195116
296 297 -1.566083818496073
297 329 -0.98804521628290309
297 298 1.097889130527107
298 330 -0.36261758872946764
298 299 -0.55897432765796362
299 331 0.84602412745976352
299 300 -2.30572249277991
300 332 0.53496780032202518
300 301 0.30252953599391719
301 333 -1.1888396654995559
301 302 -0.061730400988504658
302 334 -0.31166781410550243
302 303 2.5621190006561925
303 335 1.2110532676474295
303 304 -0.048315954923019933
304 336 -0.84038692757919531
304 305 -0.87992394913863492
305 337 -0.88590754819365913
305 306 -0.38607432268173753
306 338 0.039261397312731136
306 307 -0.70502011082464666
307 339 -0.47824069303193339
307 308 0.37061269850620793
308 340 -0.17851364684067125
308 309 -0.24982326911695982
309 341 0.25398304466652288
309 310 -1.2370094068355832
310 342 0.35347175612507326
310 311 -0.14597291760331216
311 343 -0.77172188384991103
311 312 0.54763800625676251
312 344 0.43424557421232601
312 313 0.47700835360071886
313 345 -0.90165235755859707
313 314 1.1753784717016229
314 346 -1.4837305828241754
314 315 -0.98690015462740754
315 347 -0.019736489235486977
315 316 -0.54125481822519272
316 348 0.019724613525390483
316 317 -0.086856065182469189
317 349 -0.98057816391992592
317 318 0.51004842265433536
318 350 -1.8329161348710412
318 319 1.2669764736104319
319 351 1.2113506454296459
288 319 1.5924792039834754
320 352 1.1622310893928682
320 321 0.35988972121856078
321 353 0.59047053389765403
321 322 -0.67258546402770425
322 354 0.46714474687959923
322 323 -0.73284776752654923
323 355 -0.38845153385175646
323 324 -0.24766604679681622
324 356 0.35084992930518627
324 325 -0.10554750342272526
325 357 0.48829775816705012
325 326 -0.44158393869635915
326 358 0.43469414884059521
326 327 -0.08799912935690557
327 359 -1.3612584598336499
327 328 -1.1005828582393005
328 360 1.0769535705606228
328 329 -0.32015943367269645
329 361 0.090881776401048719
329 330 0.25235557373650375
330 362 -0.20793394973597565
330 331 1.6957867593295239
331 363 2.5376366734552205
331 332 0.57677772923019299
332 364 0.13624518604193978
332 333 -0.24498076616742184
333 365 0.59853699998116794
333 334 0.49565428192441641
334 366 0.60918224389039888
334 335 0.70532151827569078
335 367 0.42923865629280544
335 336 0.85477328816819453
336 368 -1.3304711453213323
336 337 -0.36062006180366607
337 369 -0.32166625603309296
337 338 -0.78751776945684504
338 370 -0.67082161697283271
338 339 -1.6497289275400768
339 371 0.30404599034332414
339 340 -0.83638242786453221
340 372 0.015616346076082416
340 341 0.017240781703622234
341 373 0.77872216321485332
341 342 0.36006732826236687
342 374 2.8509435699290004
342 343 -0.92918218738377578
343 375 0.095109671539780269
343 344 -1.4075711034777381
344 376 0.78059130182205116
344 345 -0.30750669045438772
345 377 -0.39729832007145038
345 346 1.0155437836425181
346 378 -0.12163213378341552
346 347 0.4208225210458833
347 379 -0.75039200625936864
347 348 -0.80832094988121717
348 380 0.18565814921727009
348 349 -0.81941110262786565
349 381 1.2539722466608072
349 350 -0.39336054788777447
350 382 1.1758385662967066
350 351 -0.58484220691884803
351 383 2.1039386986223927
320 351 -2.5535188974991234
352 384 -0.31466696756120893
352 353 0.32281723034995402
353 385 -1.4920200001683614
353 354 -0.55256973448639746
354 386 -0.130274780607288
354 355 -0.34145265558594312
355 387 0.44916860582547341
355 356 -1.6568028476326886
356 388 -0.27081512152148057
356 357 -1.0633595792079875
357 389 0.80665073219115058
357 358 0.14750615321370494
358 390 0.52434414103386973
358 359 0.68756989515415512
359 391 -0.92870930211630565
359 360 -0.77007847824687148
360 392 -2.8223638673221982
360 361 1.2489671211701843
361 393 0.87351265920343946
361 362 -0.68716776205789054
362 394 -0.52589133504037633
362 363 0.68660290986080608
363 395 1.0726776703325043
363 364 0.62322368222119384
364 396 0.014430419979472656
364 365 0.62826116190741799
365 397 1.3894558331461753
365 366 -0.47899508030662902
366 398 0.91907964784440721
366 367 0.52201470847604059
367 399 1.4640880890158734
367 368 -0.23052516345132562
368 400 -1.4955150999297089
368 369 2.7958112749881394
369 401 -0.13002473288029767
369 370 0.92271493830839812
370 402 0.71207468339114321
370 371 -0.2368882303301118
371 403 -0.70919224839317707
371 372 -2.0305093313720537
372 404 -0.42508756151108845
372 373 0.46685138302262613
373 405 -0.076341072764748052
373 374 1.7358530331833575
374 406 1.6120773205767966
374 375 -0.31677247260320801
375 407 0.22725394697969806
375 376 0.66986417715811519
376 408 -2.1260416866705159
376 377 1.2937374735638487
377 409 1.7025682726425837
377 378 -0.7872804477398252
378 410 0.081495147102619625
378 379 0.19296436789922042
379 411 -0.28220704522544643
379 380 -0.78578114415596834
380 412 -0.51971614018001655
380 381 0.4981957706273541
381 413 0.19319191219911641
381 382 -0.70133771594058247
382 414 0.77783011118424283
382 383 0.28138379470145919
383 415 -1.3721200013166277
352 383 0.10411408831384801
384 416 1.4835512441105809
384 385 0.60190109517732837
385 417 -1.3459366404590976
385 386 -2.1473876960426903
386 418 -0.34406073826652606
386 387 -0.45621731592231574
387 419 0.9272266796917823
387 388 0.78478593609487879
388 420 -0.3252617999041359
388 389 0.48197953915048997
389 421 -1.1147668382604485
389 390 -0.93001375640275397
390 422 0.87063989590447133
390 391 -0.2159141591282637
391 423 0.23587515402282039
391 392 0.71085865253108316
392 424 1.55244190752224
392 393 0.32468450071902677
393 425 1.7281040083512937
393 394 -0.67839099304043216
394 426 -0.049490187945141692
394 395 -0.66035230210724527
395 427 -0.37488791737484417
395 396 -0.044541709216424821
396 428 0.29974899177926251
396 397 0.91487368492179666
397 429 1.3324376232112083
397 398 -0.33186979533242666
398 430 1.213108498047329
398 399 0.8274869325500136
399 431 1.8168439390684608
399 400 0.33636790387310134
400 432 -1.4797906077337797
400 401 -0.10755040526390118
401 433 -1.2143646364742158
401 402 0.69644978686484971
402 434 -0.35744400898351664
402 403 1.3608493870354608
403 435 -0.21082766496190716
403 404 1.8707059226474454
404 436 1.2326673035426319
404 405 -0.25785104247170398
405 437 -1.1339297430996564
405 406 0.40985637967063632
406 438 -1.1798765818349402
406 407 -1.4442571735025047
407 439 0.55487859322354438
407 408 1.5715248512448425
408 440 -0.0081828287449081851
408 409 0.36319893500270162
409 441 -0.31451599559960108
409 410 -1.0568877083800359
410 442 -0.62696026723492504
410 411 0.14615736595213266
411 443 -1.3958566384766535
411 412 0.59873312083797148
412 444 -1.127785215731675
412 413 0.63638590791124916
413 445 -0.088419999922506556
413 414 0.52009556741764917
414 446 1.9362805374343079
414 415 -0.44882619137427016
415 447 -1.9366711288850504
384 415 0.14096876380090986
416 448 -2.0791068696353814
416 417 0.14841056599224831
417 449 2.0926419417743918
417 418 -0.81405363998369384
418 450 0.12131583175743148
418 419 0.18908911156870015
419 451 0.59893166807955411
419 420 0.77097151543991993
420 452 -0.68027973837448119
420 421 -1.0128505926779248
421 453 0.1267934802420834
421 422 1.1607882062532422
422 454 1.1199634547299451
422 423 1.0541978989121938
423 455 -1.64825513370968
423 424 -0.73851108435330248
424 456 -1.4487597013594622
424 425 0.030214189931827173
425 457 0.96861418547582134
425 426 -0.036088028180126214
426 458 0.35952424940011313
426 427 -0.45650993803109885
427 459 -0.20199268218018743
427 428 -0.15177509354509527
428 460 -0.57947658656913814
428 429 -1.46785859568933
429 461 0.28372343124114513
429 430 0.77177575977774271
430 462 0.3487944902686933
430 431 1.6930376941046614
431 463 0.27190337303864276
431 432 0.80932358986132469
432 464 1.105277236593031
432 433 -0.2345670909622396
433 465 -2.4907992359206608
433 434 0.25674830794741293
434 466 0.55372335856078159
434 435 1.1891483252416604
435 467 -0.75867220954278447
435 436 0.25863108337102381
436 468 0.11099883763039589
436 437 0.31865858501008842
437 469 0.63250000226018865
437 438 -0.4039405227956937
438 470 0.48608208132313069
438 439 0.37131700582059102
439 471 -0.62351206998627817
439 440 -1.3303425116618222
440 472 -0.64963434179495794
440 441 -0.00089315368922603415
441 473 0.40727858092607322
441 442 0.83562049761762325
442 474 -2.5691911400736203
442 443 -2.3669968099452703
443 475 1.1641406674315933
443 444 0.45664264430854579
444 476 0.59327187559499162
444 445 -0.074339443603789732
445 477 1.2526551054091146
445 446 0.70438410226463111
446 478 0.60203265233253311
446 447 -0.88215478354764709
447 479 -0.9257720968945895
416 447 0.30071990752651051
448 480 0.13151609355901103
448 449 -0.7579736664058887
449 481 1.5784125225908052
449 450 -0.65461006201856187
450 482 -2.0535507773175694
450 451 -0.83352603715061235
451 483 -0.094739211943146481
451 452 -0.56823754392373294
452 484 0.49939918562759744
452 453 0.46452186202881202
453 485 -0.049402745575640394
453 454 0.99174100255909114
454 486 -1.2329242148100787
454 455 -0.018960802457448932
455 487 0.85810106822101351
455 456 -0.29715938806152781
456 488 0.03094570870066168
456 457 0.57424396341548323
457 489 -0.29154950317268563
457 458 1.5874185330175687
458 490 -2.3304919017245642
458 459 -0.78125501979290224
459 491 -0.92748491535606226
459 460 1.7394673434978998
460 492 0.77666603688894364
460 461 1.9408931243326968
461 493 -1.0205998551972315
461 462 -0.03162868941680929
462 494 -1.0159860384244719
462 463 -0.52230675806785876
463 495 -1.0119620987132898
463 464 0.23988179592802231
464 496 -0.56062957979673245
464 465 0.57892510619947202
465 497 0.63322982092613767
465 466 0.77705856948104657
466 498 -0.73596747672567742
466 467 0.66484553543487079
467 499 -0.87379198431448135
467 468 0.2530046797247546
468 500 -0.33849557153721432
468 469 -1.6234309737746251
469 501 1.7756623400979719
469 470 1.3612676932734782
470 502 0.95945938898773164
470 471 -1.1365488679769105
471 503 -1.7978284999470311
471 472 2.0459772684569373
472 504 0.93090419762868015
472 473 -0.00082991655641109579
473 505 -0.033422401381797813
473 474 0.69431661677794654
474 506 -2.0101539278074574
474 475 1.4819067979083775
475 507 0.13298504631791641
475 476 -0.44301703242940826
476 508 -0.1849163230316038
476 477 -0.63162366385869284
477 509 0.2527017302961293
477 478 1.3917201738152285
478 510 0.089678804656665903
478 479 -0.01381073076090166
479 511 0.10447667419880852
448 479 -0.51533359104825549
480 512 -1.1371976290711765
480 481 -0.65484059065704892
481 513 0.78646626372849671
481 482 -0.45379885490734978
482 514 -1.4616635883976521
482 483 0.98401010815698131
483 515 -1.0287056315490584
483 484 0.049845365737514816
484 516 0.2383277895302427
484 485 0.60814002661352518
485 517 -2.2247147518431589
485 486 -0.88461820951612269
486 518 -0.20412817883808534
486 487 2.0389126283638928
487 519 -0.24960837972638888
487 488 1.0042817372061004
488 520 0.43738015718875362
488 489 0.051967482590498999
489 521 0.38948867208783688
489 490 0.021793916766130562
490 522 1.5110367283438613
490 491 -0.086533816536782535
491 523 -1.2375602598117368
491 492 -1.0192054156945272
492 524 -0.67181173733189925
492 493 0.9166816671294935
493 525 -0.369865570847489
493 494 -0.32565181983338587
494 526 0.32833908692682717
494 495 0.28620955764202305
495 527 -1.0372083788775148
495 496 -2.8004523916938919
496 528 -0.69126275353789279
496 497 -1.035180452006339
497 529 -0.88242672456088167
497 498 1.6329494326034795
498 530 0.91601310353333243
498 499 -1.0495722904935292
499 531 0.21220637004279441
499 500 -1.6986404079844566
500 532 0.067295382383755542
500 501 -0.23816066981861977
501 533 -0.88038443593124627
501 502 -0.21744621998735253
502 534 -0.24205289491909748
502 503 0.35795292773116977
503 535 1.6860401765574411
503 504 1.4303480469297829
504 536 0.65491624938610327
504 505 -0.57307016568178826
505 537 -0.42522584994442403
505 506 -0.23371609735360832
506 538 -1.6883672097411224
506 507 0.54446351208749044
507 539 -0.55749064489833544
507 508 -2.3782258131377167
508 540 -0.25534371880715107
508 509 0.90362696399195053
509 541 -0.33381927464495537
509 510 -0.31496129319047872
510 542 -0.79051628536894314
510 511 0.5842355152734543
511 543 0.24626154962578989
480 511 -0.61089620366537078
512 544 -0.34957865516329334
512 513 -1.9437843789199944
513 545 0.38142319816789499
513 514 -1.0743373115285448
514 546 -1.0168728413089194
514 515 -1.1040049363460407
515 547 -2.0614059650760241
515 516 0.1727484929260982
516 548 -1.2166222230012165
516 517 -0.028643066049288839
517 549 -0.59972137934407299
517 518 -1.2238421680478277
518 550 1.3694937844775801
518 519 0.019341417703518566
519 551 -0.5146212888566315
519 520 -0.57614465224478306
520 552 -0.048729709690234713
520 521 0.24045245569952492
521 553 0.27695156962559725
521 522 0.58088228463332536
522 554 1.7971734316886754
522 523 0.2613371294178734
523 555 -0.33885828502785609
523 524 -0.15637184398363277
524 556 -0.17249845016186208
524 525 -0.18451546251022133
525 557 0.14635947055007498
525 526 1.0264104901337461
526 558 1.0766321774351908
526 527 0.15528685670901435
527 559 -0.20651788490064912
527 528 0.74214860692290818
528 560 0.35666611870824705
528 529 -0.99178951492192469
529 561 -0.072465441280262444
529 530 0.26837299164017747
530 562 -3.4357296847153744
530 531 1.8080699175187829
531 563 1.8289772459829434
531 532 -3.71111150198838
532 564 -0.75724832699212974
532 533 -0.38111325016829417
533 565 -0.50374223136584639
533 534 0.5361256401036123
534 566 0.041106505342521686
534 535 1.339385830080396
535 567 -1.784968852624311
535 536 0.75581521698288356
536 568 -0.89443641153892406
536 537 0.82938348528602734
537 569 -1.9364418064362823
537 538 1.147922141934264
538 570 -1.3105175085924643
538 539 0.88868291822534995
539 571 -0.66319605534341519
539 540 0.05848296498853995
540 572 -1.1744883316851025
540 541 0.08358635582228767
541 573 0.40366398466204811
541 542 -0.29693374078368995
542 574 0.72943152037446513
542 543 -1.0094189846775319
543 575 -0.081923694427027641
512 543 -0.97950608301665831
544 576 0.20762965197572758
544 545 -0.42195851561442077
545 577 0.89720812484204304
545 546 -0.12423076192455114
546 578 -4.0713441496489207
546 547 -1.5874188479665736
547 579 -0.35627173813951041
547 548 0.32613990032615142
548 580 1.1263923492302814
548 549 0.5446553968895157
549 581 1.2421979454049181
549 550 -0.38808424910005207
550 582 0.81031889065839391
550 551 2.6531676624972067
551 583 1.4572455538757474
551 552 0.65637363030244833
552 584 2.2435036512520914
552 553 -1.1828791434601955
553 585 -0.16864173727414405
553 554 -0.33373176674622274
554 586 1.5522661938927726
554 555 -0.11358791535373951
555 587 0.11709922668239302
555 556 -2.1346573633144543
556 588 -1.5260249131051684
556 557 -1.0556309998506093
557 589 0.098762850618447889
557 558 -0.079510340759063464
558 590 1.3226717220019402
558 559 0.89449818564594086
559 591 1.3109897226861253
559 560 0.035278718557934845
560 592 -1.0269148002130295
560 561 0.54816131673810864
561 593 -2.783434376642282
561 562 0.88517459073304416
562 594 0.37368681852771107
562 563 0.7096126911489441
563 595 -0.44589304049496237
563 564 1.9914832277596568
564 596 -1.4194040688604794
564 565 -0.48226507071701069
565 597 -0.50531302268068512
565 566 -1.3051585869439986
566 598 0.3038693897703254
566 567 -0.72395161475255254
567 599 0.60684852006034518
567 568 1.1089163526220394
568 600 -0.39746108561760218
568 569 -0.45326649609572656
569 601 -0.58938649928917031
569 570 0.60981422607789038
570 602 -0.36071794803929708
570 571 -0.82327484112366067
571 603 -0.43925472169821572
571 572 0.45031451191575539
572 604 1.4264003580664468
572 573 0.50696497469485569
573 605 0.52177463690858084
573 574 0.89072682979746687
574 606 -0.31149133256748113
574 575 -0.15884811248493175
575 607 0.36836269490592827
544 575 -0.26503124197914579
576 608 -1.2983192474017857
576 577 0.12392711170961827
577 609 0.031927769245301892
577 578 -0.56002139652980054
578 610 -1.5388161682458363
578 579 0.46776523688504923
579 611 -1.4941289153566621
579 580 1.6540520117274407
580 612 1.2223965783096129
580 581 0.56267269889472282
581 613 -0.25070953651381417
581 582 1.0678535586655069
582 614 -0.12105172970865115
582 583 -0.54343256608223778
583 615 -0.010583567481394629
583 584 1.266444673793989
584 616 -0.692594832289678
584 585 0.84544737477523157
585 617 0.85716242231756545
585 586 0.50144654627743834
586 618 0.56305514993132433
586 587 0.84075792003211614
587 619 -0.54586501929164999
587 588 -2.2688507984234483
588 620 -1.4307035632823464
588 589 0.10980880529973708
589 621 1.1125374512760078
589 590 1.4926118139102971
590 622 0.92250664438793883
590 591 0.0071604282050838283
591 623 -1.1601215512756029
591 592 0.45689838582729569
592 624 -1.510906698255656
592 593 -0.25268352947920131
593 625 1.1713607717643271
593 594 0.4835074679178461
594 626 -2.0398916481357068
594 595 -2.1181301291147747
595 627 0.11705692152306975
595 596 0.15444092221039243
596 628 0.53330903918058248
596 597 -0.088003032324379588
597 629 0.10014718713260581
597 598 -1.958730424534129
598 630 0.98911405113276984
598 599 -0.42764430770037293
599 631 -1.1861743368589603
599 600 -0.76699525066376517
600 632 -0.20442439612529659
600 601 -1.8095719769650398
601 633 -0.39828815660931138
601 602 0.32565733838992494
602 634 -1.2823506027178784
602 603 -0.68109097132297469
603 635 -0.27118823107990392
603 604 -0.3287027428261502
604 636 1.1510747860444692
604 605 0.58807940567330541
605 637 0.50868954759746299
605 606 0.64557014379616096
606 638 1.1290606995194048
606 607 0.33236713782604088
607 639 -0.59438399122402641
576 607 -0.89784259575315106
608 640 0.81300832936648404
608 609 0.074731900871814028
609 641 0.58629913180569448
609 610 -0.25337672692367008
610 642 -1.0593434137090907
610 611 -0.68551819162135719
611 643 0.026043991263063091
611 612 -0.99915883507118919
612 644 -1.2419389208674521
612 613 -1.925354859896965
613 645 1.655396069888845
613 614 -0.68701671954874566
614 646 0.10122917089876446
614 615 1.3204679386793516
615 647 0.32065896574495556
615 616 1.3074570428875028
616 648 -0.74689824419080908
616 617 -0.40345532130336809
617 649 -0.94774090932960975
617 618 0.24435797822063973
618 650 -1.681544618657099
618 619 0.44152973022695241
619 651 -0.18421639522422698
619 620 1.0831400089222809
620 652 -0.60182700463300798
620 621 -0.1963797830610263
621 653 0.074940469179651734
621 622 0.018645768973717291
622 654 0.81076387685386153
622 623 -0.42943065683021636
623 655 0.20346196866829261
623 624 0.84076919485761992
624 656 1.2297721032476787
624 625 -1.4008099716405877
625 657 -1.1182835444837707
625 626 -0.1103820956056996
626 658 1.5782238351258164
626 627 0.70482049024060511
627 659 -2.016690319291409
627 628 -0.7471445947193921
628 660 -0.7730021651939557
628 629 0.058726581577568056
629 661 -0.6407306793179679
629 630 0.66827077310511185
630 662 0.80958011966703791
630 631 -0.83720247841438056
631 663 0.8665093261891943
631 632 -0.139462846529637
632 664 0.49389598972726073
632 633 -0.6678038160636679
633 665 -0.55371810902894181
633 634 0.66532874477991844
634 666 0.63665390448324133
634 635 0.94897570845117973
635 667 -1.3311162420865954
635 636 -0.48623471586227324
636 668 -1.2500939464170091
636 637 -1.8101553813439908
637 669 -0.12390772475357698
637 638 1.8965718359714765
638 670 -1.2967310266292598
638 639 -0.045891028797711363
639 671 0.38688105428373842
608 639 1.927134212481848
640 672 1.7721883276665102
640 641 -0.75373277570084596
641 673 -0.66030238531976837
641 642 -0.12574175092472531
642 674 -0.05798453923427728
642 643 -0.20353017689575334
643 675 -1.4218206991947464
643 644 0.71287219630148624
644 676 0.58623543398825939
644 645 1.0878233083772588
645 677 -1.1170425053752124
645 646 0.56227902450779654
646 678 1.2751584150424589
646 647 0.43571473070831557
647 679 -1.9056579054188463
647 648 -0.60352079082318844
648 680 -2.0564023751142244
648 649 0.074455927525156007
649 681 -0.74319435280146817
649 650 0.12683511006801607
650 682 0.3700777236206062
650 651 -0.60329899032158518
651 683 -0.66600672767757574
651 652 -0.98773691205206549
652 684 -0.83882811096671817
652 653 1.1085972702420519
653 685 -1.4723363533824096
653 654 -0.53406035010754904
654 686 0.0073537322104722733
654 655 -0.50493571955300587
655 687 0.99161913215460284
655 656 0.068151061872796639
656 688 0.61332209767533108
656 657 -1.1138749839459396
657 689 -1.1603136688735849
657 658 2.1980377891746494
658 690 1.6117240915996223
658 659 0.58374549226147154
659 691 -0.25055808950419411
659 660 0.44466159791364779
660 692 -0.67407662943747559
660 661 -1.6280317658835395
661 693 -0.29136506281090602
661 662 0.8316800209133367
662 694 -0.37175510183092808
662 663 -1.6554249325146533
663 695 0.24659178553445574
663 664 0.6092441729210134
664 696 0.1412593353939145
664 665 0.81867547032778387
665 697 0.57558340051177237
665 666 1.5484256463498594
666 698 -0.69811113731569108
666 667 -0.028940251360066404
667 699 0.96453510703769607
667 668 -0.52414644484848227
668 700 1.0785054313009395
668 669 -0.4112169968674762
669 701 -0.59468238771587878
669 670 -0.56385159810037089
670 702 -0.23765973692484949
670 671 0.65043464261854123
671 703 1.9497002727492474
640 671 -1.2046222008137195
672 704 0.21049155568486216
672 673 -1.1961883809308174
673 705 1.3351436050767898
673 674 1.729864299410004
674 706 1.221196395402949
674 675 -0.71089790615472603
675 707 1.5595258224301924
675 676 -0.65906431106578833
676 708 0.23986043722682232
676 677 -1.5195025338955042
677 709 -0.84722909992997786
677 678 -0.79926486471480496
678 710 1.0234569409307039
678 679 0.42947666460497014
679 711 0.41181634010764406
679 680 0.46527781414838404
680 712 0.39037783561177619
680 681 0.88277051187756328
681 713 2.4621153634882917
681 682 2.2042352987031912
682 714 -0.62868459412535316
682 683 -1.916136364896297
683 715 0.27101518403841229
683 684 0.091717688877185122
684 716 -1.2865152956696282
684 685 0.5272986391319372
685 717 -0.47354570723131917
685 686 -0.3895392018238949
686 718 -1.4769903432114679
686 687 -0.58622072957384752
687 719 -0.042866162487121537
687 688 -1.063673737007069
688 720 0.36820983760752901
688 689 -0.2010638910684111
689 721 -0.85120287432437236
689 690 0.25747692191201693
690 722 0.67333225989325962
690 691 -2.3235760890775006
691 723 -0.50681851335622985
691 692 -0.69644398765870508
692 724 -1.3506036413143314
692 693 -1.5095792654418492
693 725 -0.91053858590943215
693 694 0.34143770689639219
694 726 1.5964738545925987
694 695 1.2553690064172962
695 727 2.2566557873061153
695 696 -0.47884657271203424
696 728 -0.31294420512917281
696 697 1.2350909852227523
697 729 1.4292411952588806
697 698 -1.2467970132899127
698 730 0.74796240221389232
698 699 1.0994926923458901
699 731 0.25938616761614591
699 700 2.3499573633011188
700 732 0.50571046257163121
700 701 0.74449719850819829
701 733 0.52831459130716507
701 702 1.2124636599491103
702 734 -0.21081734607458533
702 703 0.24461859874226274
703 735 0.054955508844501892
672 703 -0.14724934881809643
704 736 -0.39269366672846079
704 705 1.0172337327466987
705 737 1.0435929574210492
705 706 -1.3062033774412893
706 738 -1.2719579724291166
706 707 -0.5695608218194872
707 739 -0.52530477074352699
707 708 -1.039990716660997
708 740 -0.64410234752641393
708 709 -1.0726098349622122
709 741 -0.34741585254309593
709 710 -1.1279910765041454
710 742 -0.17669688919482462
710 711 -0.74871254972282542
711 743 -1.2232752804340001
711 712 -0.11822896634278647
712 744 -0.22682179561797816
712 713 -0.80236624940009449
713 745 -0.68147290320385578
713 714 -2.7275835504833432e-05
714 746 -0.34447928337280831
714 715 -0.48256197536060258
715 747 0.94004509175143114
715 716 1.339830075865075
716 748 -0.42866657710857908
716 717 -1.5676431119630139
717 749 -0.72244197867018434
717 718 -0.97135657884337601
718 750 -0.11330664954204707
718 719 0.70511883635123562
719 751 -1.1088974927718178
719 720 1.5134121935452314
720 752 0.31259463338659915
720 721 -1.3720976785715031
721 753 1.4637438981118862
721 722 -0.42308371255774319
722 754 -0.46218866519519025
722 723 -0.54070250746407844
723 755 -0.35709904901423101
723 724 -0.14507438352102117
724 756 0.64962062988909874
724 725 -0.083145532144581841
725 757 0.69730083847808588
725 726 2.3935740441317832
726 758 0.042731081772893774
726 727 1.7029701897744127
727 759 0.54380486598568245
727 728 -1.5557116241601738
728 760 0.60995964899535937
728 729 -0.68201890160352219
729 761 0.07213735097850639
729 730 0.065945764806084689
730 762 -0.13328786732330705
730 731 0.50872503931603374
731 763 -0.30331984583522947
731 732 1.5592906349976454
732 764 1.0201333858129806
732 733 0.028668789361771196
733 765 -0.28287464569781973
733 734 -1.1993496618061816
734 766 0.82294245418303269
734 735 0.11719207816234288
735 767 0.13883128122511718
704 735 0.49287278252269973
736 768 -0.26232241518940996
736 737 0.027920804359523592
737 769 0.79067431718431114
737 738 1.6260298975714578
738 770 0.3915279929019701
738 739 1.4448966256369222
739 771 -0.82694012008661844
739 740 0.5327743211247844
740 772 0.21598027344112827
740 741 0.16157930952535651
741 773 1.0137440222347931
741 742 0.25887453038411506
742 774 0.25096345591284658
742 743 1.183584807876146
743 775 1.0574747132688695
743 744 -0.60531065394300787
744 776 -0.27068597100113212
744 745 -1.5773310769641635
745 777 0.23953652445430218
745 746 0.18660975935064669
746 778 -0.38285500846286152
746 747 0.53757152525318597
747 779 -0.77391071746124318
747 748 0.2070210277878308
748 780 1.5436692808360182
748 749 -1.9383486561450536
749 781 -0.74016927643884911
749 750 1.5662077626668149
750 782 0.49858610445869483
750 751 -0.36558708701698756
751 783 0.94406503510364448
751 752 -0.56071025555732323
752 784 -0.96715390394290446
752 753 0.96015589117869582
753 785 1.5085878601386067
753 754 0.17268498603670898
754 786 2.3134801207562505
754 755 1.0999888643325384
755 787 -0.73032456583995087
755 756 0.12956698292385679
756 788 1.153230968818739
756 757 0.050587888981348028
757 789 -0.69644132361288302
757 758 1.2213738938898568
758 790 -0.87566687055126591
758 759 1.4879879351678276
759 791 0.67521070622709056
759 760 -0.70964672019854325
760 792 0.60403255823936608
760 761 -0.93794900775291201
761 793 0.0039927417785597758
761 762 0.5926060798398356
762 794 1.4527285584761513
762 763 -0.95001975782215908
763 795 -1.0491601873248748
763 764 0.006234554661803708
764 796 -0.0024497081538684632
764 765 0.029548186720578785
765 797 -0.25991462595779902
765 766 0.5972754199596686
766 798 -0.56042545301644786
766 767 0.38318027161196061
767 799 -0.24841320506116771
736 767 1.0986243891230052
768 800 0.14640665984569026
768 769 -0.48155347808042376
769 801 3.5641100343068839
769 770 1.5318789266376003
770 802 -1.2582012365567508
770 771 0.082979642267390935
771 803 -0.63451748553279885
771 772 -0.15546541400882627
772 804 -0.45644070572491496
772 773 -0.38433128686959817
773 805 -0.31904788927927002
773 774 -0.44607604763819875
774 806 0.36353547529923574
774 775 -1.4072378001329
775 807 0.36657380933748118
775 776 -0.29873065238321983
776 808 1.2250818919460467
776 777 -0.28443189350310255
777 809 1.8628487015435764
777 778 -0.77751011073056941
778 810 0.33258847808256958
778 779 1.9655475420450288
779 811 0.077311782370700188
779 780 0.99328627179629292
780 812 -0.15528960159013278
780 781 0.48416467650287948
781 813 0.36570380506751038
781 782 2.2266317691725459
782 814 -0.43580174425716212
782 783 1.6633769679708601
783 815 -0.59151891309674198
783 784 -0.26363059683916606
784 816 -0.29641811887992647
784 785 -1.5484282315191851
785 817 -0.062424340807393362
785 786 0.38822246012151046
786 818 -0.99909675357864247
786 787 0.44606237242004299
787 819 -1.6325951830991474
787 788 -0.13140579464399901
788 820 1.5473900964164862
788 789 1.2097646977365297
789 821 -1.3184765586557179
789 790 -0.2859516838244624
790 822 -0.40492134705542443
790 791 0.13346784426875172
791 823 1.6851844949974149
791 792 1.1900588841554844
792 824 -0.60251105544830263
792 793 -0.74053882345425093
793 825 -0.12473604300557678
793 794 -1.5015781154414605
794 826 -0.46088229841564643
794 795 -1.2940295121820824
795 827 0.35068071401602807
795 796 0.28897029143809311
796 828 0.66162367667583633
796 797 -1.9689171230091131
797 829 0.096500102478306676
797 798 0.16186699460532178
798 830 -1.2258084727832086
798 799 -0.53725208515397394
799 831 -0.7470508235003428
768 799 -1.4893472524723272
800 832 -0.0014124549650663344
800 801 0.10667930518608953
801 833 0.63863094581449231
801 802 -1.0292648297079565
802 834 0.87701616154119677
802 803 -0.55833356371719722
803 835 -0.96644204912728726
803 804 -1.0849885535773174
804 836 -0.19679562910939533
804 805 -0.34085541626418076
805 837 0.29332389084123278
805 806 -0.62957043866083517
806 838 1.9185897926295115
806 807 1.3174203287047124
807 839 -1.0164032555460578
807 808 0.54268733229209498
808 840 0.43694138976132418
808 809 0.85082760110727329
809 841 -0.15759045659662416
809 810 -0.28747394285513156
810 842 0.94619996164617326
810 811 -1.0166418646813122
811 843 0.36869370982244376
811 812 -0.2972460706002496
812 844 1.1365256932450505
812 813 -0.55708682098345119
813 845 1.297368014885071
813 814 0.44497215201943169
814 846 0.27915177082590203
814 815 0.041877791150004673
815 847 1.9061250616428362
815 816 0.90674833574634406
816 848 -0.48898698290652487
816 817 1.6553838520282314
817 849 0.50345128654542914
817 818 0.36641212212202573
818 850 -0.6315926585270496
818 819 -0.76177987705443506
819 851 1.8875067125855571
819 820 -0.31025341585654959
820 852 1.0600218840283695
820 821 -1.3580501764603108
821 853 0.38000930051112808
821 822 -0.66467232723870973
822 854 -1.492042026266216
822 823 -0.33286316055934623
823 855 1.0031279264868793
823 824 0.94973070645522106
824 856 -0.072734468817005279
824 825 -0.43589321811477139
825 857 0.5579339376694622
825 826 1.6646387388734689
826 858 -0.74648599156907713
826 827 -1.180804578478426
827 859 -0.24591549212654285
827 828 0.21517298969017992
828 860 0.056400784424544929
828 829 0.090836570376766471
829 861 0.72526270549358451
829 830 0.62000015536608388
830 862 -0.77724241292213203
830 831 0.62071516430644558
831 863 -0.34571603672042495
800 831 0.3423678436552578
832 864 1.9545912747430101
832 833 -1.2058618466540889
833 865 0.40436163193467184
833 834 0.80356047863557056
834 866 -0.56248060731537841
834 835 -0.47857524738027218
835 867 -0.83082688268017446
835 836 -0.40250640441226104
836 868 0.062271361251087141
836 837 0.26299153009923459
837 869 1.3623602925393177
837 838 -0.40978044398562791
838 870 0.58965210245260813
838 839 0.34562244753801585
839 871 -0.027645556320999579
839 840 0.52618742489284998
840 872 1.203517031592001
840 841 -0.46038672329627101
841 873 0.15435936970537398
841 842 0.52053555771711169
842 874 1.131578656826884
842 843 -0.054606578210990867
843 875 -1.428155879297851
843 844 -2.3825043630159342
844 876 -0.27026994585102238
844 845 0.65244992632843901
845 877 -0.92795232202277544
845 846 -0.46171583551986645
846 878 -0.90480919923906844
846 847 0.70359867205767512
847 879 -1.0980185027345566
847 848 -0.17432523148988896
848 880 -1.8470615032345958
848 849 0.97152839044172234
849 881 -0.052883497200793238
849 850 -3.6127867347103955
850 882 -0.4575184703382924
850 851 1.3955941067322406
851 883 2.0605669034412077
851 852 0.72961205942436325
852 884 1.8006360851648504
852 853 0.62214464437595629
853 885 -0.3579838801683291
853 854 -1.0731689194303322
854 886 -0.55113684980496369
854 855 -1.5134653142468668
855 887 0.33931053185791693
855 856 0.258553548311794
856 888 -0.84420977051731438
856 857 0.27880720216938332
857 889 -1.0199095080759024
857 858 -1.0514467622645369
858 890 -0.46520452517928851
858 859 -1.0523143085012516
859 891 2.5863673967844143
859 860 -0.49296420898599169
860 892 1.4155474061698703
860 861 -0.12536947286871952
861 893 1.1917997345397269
861 862 -0.85399756007164984
862 894 -1.3917219317055194
862 863 -1.2839740343455981
863 895 0.030981733642973672
832 863 -1.8503487415704061
864 896 0.85246309156867006
864 865 -1.3464934702583975
865 897 -1.1721431831792479
865 866 1.4036947635898724
866 898 -0.097973022275262375
866 867 -0.16609894182813978
867 899 0.28978278131817753
867 868 0.038905890862227385
868 900 1.7189531691621438
868 869 -0.15836285567646363
869 901 -0.62620180483574428
869 870 0.3768346695514333
870 902 0.71636463858275956
870 871 0.33375352844983219
871 903 0.27085705873848726
871 872 1.2502172050300213
872 904 -0.82966904429810984
872 873 -0.99079968858996847
873 905 -0.085138244412553868
873 874 1.6181563574647966
874 906 2.4706565102145008
874 875 0.86218704232244769
875 907 -1.8707570490629764
875 876 2.1856330223420857
876 908 -0.048745689987919547
876 877 -0.72543024300706338
877 909 0.72612224206124965
877 878 -0.93244240939397727
878 910 -0.58065612279971779
878 879 -0.85557687549257577
879 911 1.5123867939591564
879 880 -0.22661713928866481
880 912 0.70382150782774178
880 881 -0.47807835575817037
881 913 0.038288570700193987
881 882 0.38555532047610014
882 914 -1.8101190795329689
882 883 -0.07720915283666871
883 915 0.52015385409757875
883 884 -1.5614832008095914
884 916 0.75672015427403749
884 885 0.43315272878325173
885 917 0.33758832778194181
885 886 -0.39078705859641555
886 918 -1.2776380818881656
886 887 -0.099334286294882224
887 919 -0.43740812323700479
887 888 0.28840618695927533
888 920 1.005093303284476
888 889 0.92080759588457806
889 921 -0.72688563896597902
889 890 2.2563924158675714
890 922 -0.56244007809215835
890 891 0.15958660461424432
891 923 1.3534320852881678
891 892 -1.4148457732104358
892 924 -2.2549949688521682
892 893 0.0098559296342438235
893 925 0.99809501018154079
893 894 1.1296987599895649
894 926 0.62402686217159953
894 895 0.087710113564946623
895 927 -1.2384397616083036
864 895 -1.253741669055537
896 928 -1.1284220864663472
896 897 -0.83907014500726496
897 929 1.4130143291566102
897 898 1.358584124163225
898 930 1.489430581390041
898 899 -0.56638095607490424
899 931 2.0418870391718427
899 900 0.69453381926463353
900 932 0.35675140271834116
900 901 0.38438864106057741
901 933 -0.92642569363850114
901 902 -0.40108837285142407
902 934 -0.54523983379831154
902 903 0.78200013915452982
903 935 -1.9861780930464501
903 904 0.090493504871502123
904 936 -0.35171739439854932
904 905 0.045905987287211403
905 937 1.438880503925813
905 906 -0.22975538287818129
906 938 -0.20386567848149173
906 907 0.74934329617616768
907 939 -0.711402752649542
907 908 -0.88817079700125956
908 940 -0.80804664020703276
908 909 0.3134786634406429
909 941 -1.0350139463621781
909 910 0.21854541670999608
910 942 0.37301456076361655
910 911 1.7588692473849032
911 943 -0.62127345016513835
911 912 -2.6513546599087134
912 944 0.74807684528217278
912 913 -0.71421533084489708
913 945 0.24985489939945932
913 914 -0.1149497637259754
914 946 0.75817856114630044
914 915 0.86289920025536382
915 947 -0.77395006938897193
915 916 -0.36161127634688245
916 948 0.35306365851047594
916 917 -0.85551976137834806
917 949 -0.23331911663288765
917 918 0.30308666572197368
918 950 -0.30069767140892822
918 919 1.1374714418478209
919 951 -0.13913628973827194
919 920 0.30946112346695481
920 952 0.40545870637686321
920 921 0.91290007319400901
921 953 -0.84419982671194926
921 922 -0.64049386021778076
922 954 0.88338917994881949
922 923 -0.010923043829077259
923 955 1.9950396730435649
923 924 1.5756582413042295
924 956 0.51332036896958277
924 925 0.61313452774202737
925 957 0.52040891276427148
925 926 0.27272637544327966
926 958 0.72147395930296376
926 927 -0.38807563376701976
927 959 1.6866901288365224
896 927 1.6051397828589153
928 960 -0.22761951066325614
928 929 -0.87817792881249623
929 961 0.1553601741555469
929 930 1.332417947362905
930 962 -0.54915093510369084
930 931 -1.5863327884049583
931 963 0.15555591017081524
931 932 1.0620041824775668
932 964 1.6742131319978986
932 933 0.70319086812275067
933 965 0.20787013158437043
933 934 2.2156639376279088
934 966 1.2861131801752967
934 935 0.81332507159845924
935 967 -0.040639226009071612
935 936 -0.54820855944931057
936 968 0.18544276062594994
936 937 0.64601002751241388
937 969 -0.14741604259329436
937 938 -0.99099695256920606
938 970 -1.0895856202040948
938 939 -0.86734442147604729
939 971 -0.22077341686569141
939 940 0.050689244381809002
940 972 1.7123622044679667
940 941 0.92735520829087315
941 973 0.086368627994755726
941 942 1.1832462340288725
942 974 0.71418380160043138
942 943 -0.8220275018820431
943 975 1.9673469939202726
943 944 -1.1838805458067059
944 976 -1.0100791481407143
944 945 1.7566627786469524
945 977 0.96537797202603648
945 946 1.2172609523517777
946 978 1.7276415088962143
946 947 0.42334648971657374
947 979 0.26554807758520216
947 948 1.6232400853568036
948 980 -0.56212129931727017
948 949 -0.19927141472451881
949 981 -1.2048717299675842
949 950 -1.1976738271966734
950 982 0.12670959937130227
950 951 -1.062249800947576
951 983 2.3853609812128176
951 952 0.74821672651530213
952 984 -0.36290164875679431
952 953 -0.39253135417078922
953 985 0.53322418233217528
953 954 -1.2493231859784066
954 986 -1.2552469037794813
954 955 -0.51651305508266998
955 987 0.41035506011209938
955 956 -0.34679415309814404
956 988 -0.92868676271560457
956 957 -0.31218947312357187
957 989 -2.0489614441647368
957 958 -0.019130482533675712
958 990 0.41789880079667241
958 959 0.36838391831451811
959 991 0.091363107925557643
928 959 -2.2368814351747646
960 992 0.095373386689236561
960 961 -0.12130303426402285
961 993 1.2799482143945715
961 962 -0.6820865964281817
962 994 0.024688503696882729
962 963 -1.742389672630106
963 995 0.043087247610421653
963 964 -1.1926584301281622
964 996 0.6710177718019491
964 965 -0.017778033750444025
965 997 -2.039761262890599
965 966 -1.7379349748764747
966 998 -0.22284947472118385
966 967 -0.56037623034601169
967 999 0.2770444339336805
967 968 -0.92550265964124179
968 1000 -0.89157183462785139
968 969 0.1744096376159418
969 1001 1.1591532671309304
969 970 -0.9795966882899676
970 1002 1.3222857514796411
970 971 -0.96471977857859015
971 1003 -1.6098934124894058
971 972 -0.91666796148482887
972 1004 -1.5928854695779324
972 973 1.1785448728855747
973 1005 -2.7648415001747049
973 974 0.30901006112716317
974 1006 0.44591571493259624
974 975 1.0353056308317639
975 1007 -0.35348137271767799
975 976 1.2367282645516995
976 1008 2.0683088282606472
976 977 -0.54052549280826678
977 1009 -1.4225765306586113
977 978 -1.2766672139849251
978 1010 -0.27685507716344998
978 979 1.1773305963170513
979 1011 -0.35126142688018158
979 980 -0.48027808942227168
980 1012 1.1312280861834791
980 981 0.38051432139278712
981 1013 0.29440349988835118
981 982 1.0761490652637955
982 1014 -1.6217324336419783
982 983 1.1987909192685322
983 1015 0.44794847727833997
983 984 -0.082333609255422477
984 1016 -0.58731002951811306
984 985 -1.340992560163184
985 1017 0.29764311128677468
985 986 -0.44305598231686244
986 1018 -0.45625093306760051
986 987 -0.39642958979936699
987 1019 -0.11174312002412808
987 988 -0.72940524765432346
988 1020 0.71273168838484147
988 989 0.8009454886565911
989 1021 0.48662548444704656
989 990 0.36970749596025559
990 1022 -0.32622531617394696
990 991 1.3856116583144056
991 1023 0.5284946239170375
960 991 -0.25590472972121181
0 992 -0.61662435604082988
992 993 -0.2819508116971326
1 993 -0.72260269562010371
993 994 -2.5018098909521651
2 994 -0.41103894521427098
994 995 -0.9956798929633276
3 995 -0.25643375398710455
995 996 0.80908091390358716
4 996 0.18508215878066178
996 997 0.64241733500657561
5 997 -0.19087482423793248
997 998 -0.93230289124438148
6 998 -0.46566129890075081
998 999 1.8848648168794069
7 999 -2.0710454683959756
999 1000 -0.36819002407299795
8 1000 0.21791066274483922
1000 1001 -0.48149629026965124
9 1001 -0.51666137483007624
1001 1002 0.51397351310634132
10 1002 0.57213798684729256
1002 1003 -0.16474076727205206
11 1003 -1.4332523024193071
1003 1004 1.1779741620600379
12 1004 -0.48825069120681663
1004 1005 0.58920220979919313
13 1005 0.51935681551101454
1005 1006 0.20123601631036803
14 1006 0.28077561119087852
1006 1007 0.5260549333053105
15 1007 0.88015055513738538
1007 1008 -0.12534061382658138
16 1008 -1.0326485182839031
1008 1009 -1.5726398226906662
17 1009 0.68869551037479471
1009 1010 -0.16163121855112886
18 1010 1.5971169208358671
1010 1011 -0.94129010000476077
19 1011 0.26899278749599637
1011 1012 0.37613863599180625
20 1012 0.044371336455798528
1012 1013 -0.13042856073274772
21 1013 0.67909195109639753
1013 1014 -0.80512779085306363
22 1014 0.3646949724400208
1014 1015 -0.23038175051631901
23 1015 1.0185747143886501
1015 1016 -0.72006460101534564
24 1016 0.15021541760824214
1016 1017 -0.82526171786340496
25 1017 -0.10776654941027233
1017 1018 0.71998910686103146
26 1018 0.60460931895565906
1018 1019 0.43208758213965659
27 1019 -0.83943355398147268
1019 1020 1.8426215806257098
28 1020 -0.31915720309215639
1020 1021 0.90841356049170885
29 1021 1.4693134014038605
1021 1022 0.51211321812946808
30 1022 -1.0594597826775609
1022 1023 -0.83867332580769205
31 1023 -1.346571925143264
992 1023 -0.74339026655361506
