# model=ea2d N=1024 meanJ=0 seed=2526620481 distribution=gaussian field=0 num_fields=1024 num_couplings=2048
0 0
1 0
2 0
3 0
4 0
5 0
6 0
7 0
8 0
9 0
10 0
11 0
12 0
13 0
14 0
15 0
16 0
17 0
18 0
19 0
20 0
21 0
22 0
23 0
24 0
25 0
26 0
27 0
28 0
29 0
30 0
31 0
32 0
33 0
34 0
35 0
36 0
37 0
38 0
39 0
40 0
41 0
42 0
43 0
44 0
45 0
46 0
47 0
48 0
49 0
50 0
51 0
52 0
53 0
54 0
55 0
56 0
57 0
58 0
59 0
60 0
61 0
62 0
63 0
64 0
65 0
66 0
67 0
68 0
69 0
70 0
71 0
72 0
73 0
74 0
75 0
76 0
77 0
78 0
79 0
80 0
81 0
82 0
83 0
84 0
85 0
86 0
87 0
88 0
89 0
90 0
91 0
92 0
93 0
94 0
95 0
96 0
97 0
98 0
99 0
100 0
101 0
102 0
103 0
104 0
105 0
106 0
107 0
108 0
109 0
110 0
111 0
112 0
113 0
114 0
115 0
116 0
117 0
118 0
119 0
120 0
121 0
122 0
123 0
124 0
125 0
126 0
127 0
128 0
129 0
130 0
131 0
132 0
133 0
134 0
135 0
136 0
137 0
138 0
139 0
140 0
141 0
142 0
143 0
144 0
145 0
146 0
147 0
148 0
149 0
150 0
151 0
152 0
153 0
154 0
155 0
156 0
157 0
158 0
159 0
160 0
161 0
162 0
163 0
164 0
165 0
166 0
167 0
168 0
169 0
170 0
171 0
172 0
173 0
174 0
175 0
176 0
177 0
178 0
179 0
180 0
181 0
182 0
183 0
184 0
185 0
186 0
187 0
188 0
189 0
190 0
191 0
192 0
193 0
194 0
195 0
196 0
197 0
198 0
199 0
200 0
201 0
202 0
203 0
204 0
205 0
206 0
207 0
208 0
209 0
210 0
211 0
212 0
213 0
214 0
215 0
216 0
217 0
218 0
219 0
220 0
221 0
222 0
223 0
224 0
225 0
226 0
227 0
228 0
229 0
230 0
231 0
232 0
233 0
234 0
235 0
236 0
237 0
238 0
239 0
240 0
241 0
242 0
243 0
244 0
245 0
246 0
247 0
248 0
249 0
250 0
251 0
252 0
253 0
254 0
255 0
256 0
257 0
258 0
259 0
260 0
261 0
262 0
263 0
264 0
265 0
266 0
267 0
268 0
269 0
270 0
271 0
272 0
273 0
274 0
275 0
276 0
277 0
278 0
279 0
280 0
281 0
282 0
283 0
284 0
285 0
286 0
287 0
288 0
289 0
290 0
291 0
292 0
293 0
294 0
295 0
296 0
297 0
298 0
299 0
300 0
301 0
302 0
303 0
304 0
305 0
306 0
307 0
308 0
309 0
310 0
311 0
312 0
313 0
314 0
315 0
316 0
317 0
318 0
319 0
320 0
321 0
322 0
323 0
324 0
325 0
326 0
327 0
328 0
329 0
330 0
331 0
332 0
333 0
334 0
335 0
336 0
337 0
338 0
339 0
340 0
341 0
342 0
343 0
344 0
345 0
346 0
347 0
348 0
349 0
350 0
351 0
352 0
353 0
354 0
355 0
356 0
357 0
358 0
359 0
360 0
361 0
362 0
363 0
364 0
365 0
366 0
367 0
368 0
369 0
370 0
371 0
372 0
373 0
374 0
375 0
376 0
377 0
378 0
379 0
380 0
381 0
382 0
383 0
384 0
385 0
386 0
387 0
388 0
389 0
390 0
391 0
392 0
393 0
394 0
395 0
396 0
397 0
398 0
399 0
400 0
401 0
402 0
403 0
404 0
405 0
406 0
407 0
408 0
409 0
410 0
411 0
412 0
413 0
414 0
415 0
416 0
417 0
418 0
419 0
420 0
421 0
422 0
423 0
424 0
425 0
426 0
427 0
428 0
429 0
430 0
431 0
432 0
433 0
434 0
435 0
436 0
437 0
438 0
439 0
440 0
441 0
442 0
443 0
444 0
445 0
446 0
447 0
448 0
449 0
450 0
451 0
452 0
453 0
454 0
455 0
456 0
457 0
458 0
459 0
460 0
461 0
462 0
463 0
464 0
465 0
466 0
467 0
468 0
469 0
470 0
471 0
472 0
473 0
474 0
475 0
476 0
477 0
478 0
479 0
480 0
481 0
482 0
483 0
484 0
485 0
486 0
487 0
488 0
489 0
490 0
491 0
492 0
493 0
494 0
495 0
496 0
497 0
498 0
499 0
500 0
501 0
502 0
503 0
504 0
505 0
506 0
507 0
508 0
509 0
510 0
511 0
512 0
513 0
514 0
515 0
516 0
517 0
518 0
519 0
520 0
521 0
522 0
523 0
524 0
525 0
526 0
527 0
528 0
529 0
530 0
531 0
532 0
533 0
534 0
535 0
536 0
537 0
538 0
539 0
540 0
541 0
542 0
543 0
544 0
545 0
546 0
547 0
548 0
549 0
550 0
551 0
552 0
553 0
554 0
555 0
556 0
557 0
558 0
559 0
560 0
561 0
562 0
563 0
564 0
565 0
566 0
567 0
568 0
569 0
570 0
571 0
572 0
573 0
574 0
575 0
576 0
577 0
578 0
579 0
580 0
581 0
582 0
583 0
584 0
585 0
586 0
587 0
588 0
589 0
590 0
591 0
592 0
593 0
594 0
595 0
596 0
597 0
598 0
599 0
600 0
601 0
602 0
603 0
604 0
605 0
606 0
607 0
608 0
609 0
610 0
611 0
612 0
613 0
614 0
615 0
616 0
617 0
618 0
619 0
620 0
621 0
622 0
623 0
624 0
625 0
626 0
627 0
628 0
629 0
630 0
631 0
632 0
633 0
634 0
635 0
636 0
637 0
638 0
639 0
640 0
641 0
642 0
643 0
644 0
645 0
646 0
647 0
648 0
649 0
650 0
651 0
652 0
653 0
654 0
655 0
656 0
657 0
658 0
659 0
660 0
661 0
662 0
663 0
664 0
665 0
666 0
667 0
668 0
669 0
670 0
671 0
672 0
673 0
674 0
675 0
676 0
677 0
678 0
679 0
680 0
681 0
682 0
683 0
684 0
685 0
686 0
687 0
688 0
689 0
690 0
691 0
692 0
693 0
694 0
695 0
696 0
697 0
698 0
699 0
700 0
701 0
702 0
703 0
704 0
705 0
706 0
707 0
708 0
709 0
710 0
711 0
712 0
713 0
714 0
715 0
716 0
717 0
718 0
719 0
720 0
721 0
722 0
723 0
724 0
725 0
726 0
727 0
728 0
729 0
730 0
731 0
732 0
733 0
734 0
735 0
736 0
737 0
738 0
739 0
740 0
741 0
742 0
743 0
744 0
745 0
746 0
747 0
748 0
749 0
750 0
751 0
752 0
753 0
754 0
755 0
756 0
757 0
758 0
759 0
760 0
761 0
762 0
763 0
764 0
765 0
766 0
767 0
768 0
769 0
770 0
771 0
772 0
773 0
774 0
775 0
776 0
777 0
778 0
779 0
780 0
781 0
782 0
783 0
784 0
785 0
786 0
787 0
788 0
789 0
790 0
791 0
792 0
793 0
794 0
795 0
796 0
797 0
798 0
799 0
800 0
801 0
802 0
803 0
804 0
805 0
806 0
807 0
808 0
809 0
810 0
811 0
812 0
813 0
814 0
815 0
816 0
817 0
818 0
819 0
820 0
821 0
822 0
823 0
824 0
825 0
826 0
827 0
828 0
829 0
830 0
831 0
832 0
833 0
834 0
835 0
836 0
837 0
838 0
839 0
840 0
841 0
842 0
843 0
844 0
845 0
846 0
847 0
848 0
849 0
850 0
851 0
852 0
853 0
854 0
855 0
856 0
857 0
858 0
859 0
860 0
861 0
862 0
863 0
864 0
865 0
866 0
867 0
868 0
869 0
870 0
871 0
872 0
873 0
874 0
875 0
876 0
877 0
878 0
879 0
880 0
881 0
882 0
883 0
884 0
885 0
886 0
887 0
888 0
889 0
890 0
891 0
892 0
893 0
894 0
895 0
896 0
897 0
898 0
899 0
900 0
901 0
902 0
903 0
904 0
905 0
906 0
907 0
908 0
909 0
910 0
911 0
912 0
913 0
914 0
915 0
916 0
917 0
918 0
919 0
920 0
921 0
922 0
923 0
924 0
925 0
926 0
927 0
928 0
929 0
930 0
931 0
932 0
933 0
934 0
935 0
936 0
937 0
938 0
939 0
940 0
941 0
942 0
943 0
944 0
945 0
946 0
947 0
948 0
949 0
950 0
951 0
952 0
953 0
954 0
955 0
956 0
957 0
958 0
959 0
960 0
961 0
962 0
963 0
964 0
965 0
966 0
967 0
968 0
969 0
970 0
971 0
972 0
973 0
974 0
975 0
976 0
977 0
978 0
979 0
980 0
981 0
982 0
983 0
984 0
985 0
986 0
987 0
988 0
989 0
990 0
991 0
992 0
993 0
994 0
995 0
996 0
997 0
998 0
999 0
1000 0
1001 0
1002 0
1003 0
1004 0
1005 0
1006 0
1007 0
1008 0
1009 0
1010 0
1011 0
1012 0
1013 0
1014 0
1015 0
1016 0
1017 0
1018 0
1019 0
1020 0
1021 0
1022 0
1023 0
0 32 0.88467592906214487
0 1 0.67231247736557942
1 33 -1.4300793028082703
1 2 1.1449610114860296
2 34 -1.1327207968222426
2 3 0.95856896348094733
3 35 1.6755928241077627
3 4 -1.3980147382868753
4 36 0.36474661301986505
4 5 0.25542742284381403
5 37 -1.6062839685282224
5 6 -0.46181245740932525
6 38 0.52125191613747635
6 7 0.2046264099495522
7 39 1.1099094839320445
7 8 -0.58958949230600799
8 40 -0.61196508269363814
8 9 -1.0600658075769884
9 41 -0.82063416536936828
9 10 0.48410225659139472
10 42 -0.53822998855909809
10 11 0.98105167501419266
11 43 -0.88082043558141487
11 12 -0.90508340086714523
12 44 0.73891610915131845
12 13 0.12808051279974103
13 45 1.0186148030591249
13 14 -0.18559423662916735
14 46 1.0322956230268048
14 15 1.2013532634480377
15 47 -0.92871625223816101
15 16 1.0631304596958755
16 48 0.56295378140700136
16 17 -0.059782708613347224
17 49 0.5868449005266908
17 18 -0.41505066258940576
18 50 -0.58827195550074673
18 19 0.25185251622078914
19 51 -0.91180052778465004
19 20 0.62396164169583679
20 52 1.393769806099145
20 21 -0.34985593889887034
21 53 0.74605314508730913
21 22 -0.84383300990368459
22 54 1.3288995120645051
22 23 0.74691753341777389
23 55 0.41936299368071417
23 24 0.37155514581349935
24 56 -1.0629495621774965
24 25 -0.51185933218287594
25 57 0.79592426610994682
25 26 -0.66658053023871533
26 58 2.5886887245539714
26 27 1.3962273622273278
27 59 -0.023256289355058277
27 28 -0.72348513966481498
28 60 -0.16788652850694508
28 29 -0.19430774285520033
29 61 0.39474689099100541
29 30 -0.4387348661883097
30 62 -0.95302981718891255
30 31 -2.3488001316150036
31 63 -0.23503235200918249
0 31 0.62579410754604758
32 64 0.23163137189429606
32 33 -1.2633267560680208
33 65 1.6126388444385005
33 34 0.055014936242616469
34 66 0.77243401499128961
34 35 -0.29015519971346498
35 67 -0.077112671498417287
35 36 1.1855896653769302
36 68 -0.33672049728290188
36 37 -0.11261771386578524
37 69 0.90731360647024639
37 38 -1.2193864816191125
38 70 -0.16362295867410376
38 39 0.14199714024454782
39 71 -0.98229769487093788
39 40 2.2111571159575805
40 72 -0.29053442955422487
40 41 0.21637476624058605
41 73 0.011678880377292882
41 42 1.4780115983282449
42 74 3.0555869219666092
42 43 0.52352962718576357
43 75 -0.88145069021356226
43 44 -2.0842024041982876
44 76 0.059619218819749971
44 45 -1.5472018149350619
45 77 -0.29058060257986462
45 46 0.67486650356125877
46 78 -1.7708788974987324
46 47 0.71436262283546736
47 79 -1.2665644199795827
47 48 0.22673104909727476
48 80 0.18442609580937025
48 49 0.37603178429502904
49 81 -0.78869718310611014
49 50 0.47163234432185669
50 82 -0.87039523280984132
50 51 0.23359465109889158
51 83 -0.48606669429360627
51 52 0.15075210649290569
52 84 0.80580722138633587
52 53 -1.6302511649462859
53 85 -0.70029507590477769
53 54 1.3027130928008273
54 86 1.6278940292389963
54 55 -0.67228338031193813
55 87 1.4478775413549005
55 56 1.2177171711663584
56 88 1.1638336729501411
56 57 -0.049823207892547294
57 89 0.8108219043261129
57 58 0.75993493107131005
58 90 2.5973945657488491
58 59 1.5514491665391599
59 91 0.061087474498062476
59 60 -0.74239429202870899
60 92 0.52599757937268343
60 61 -0.0090594259178048715
61 93 -0.20294484182583269
61 62 0.65517599269493132
62 94 -0.75626208155561814
62 63 0.35553431127162066
63 95 0.51632073240812804
32 63 0.041704643682560438
64 96 -1.0843224973277636
64 65 -0.090299845273343018
65 97 0.15905631192286712
65 66 -0.82710796554179666
66 98 -0.11456818023484343
66 67 1.2625785347237639
67 99 0.12644675036814354
67 68 -1.1032925618300076
68 100 -0.90848806226153167
68 69 -1.3657293621541693
69 101 -1.1158669345479346
69 70 -1.7489423085259148
70 102 0.69676628237600591
70 71 2.6334436484027077
71 103 -1.0225629369892664
71 72 1.0655722686793794
72 104 -0.49469532047847958
72 73 -1.1523112543552425
73 105 0.75073125421097042
73 74 -1.3106360035539306
74 106 -1.2210971930107808
74 75 1.0236884251160545
75 107 0.80931404936749529
75 76 0.52038963016519824
76 108 -1.0460850339848318
76 77 -0.53751567299220293
77 109 2.0927378474897242
77 78 0.88723127288639758
78 110 1.0160550867463909
78 79 -1.2283980279002591
79 111 -0.71936508969099089
79 80 -0.34287289124692749
80 112 -1.0686868114748691
80 81 0.15550819073227876
81 113 0.89832179830888137
81 82 -1.1653720836843908
82 114 -1.3320108149733549
82 83 -0.70590913813980549
83 115 -0.9866343829534423
83 84 1.2543760505112642
84 116 -0.91213777445486832
84 85 -1.0187195651435415
85 117 -0.21777232238513911
85 86 -0.63382553345130788
86 118 -0.79484103767987768
86 87 0.57902084398310461
87 119 -0.12602877702757692
87 88 0.50430615164580239
88 120 1.0875882181687755
88 89 0.64098607229364313
89 121 2.0229200527545812
89 90 0.68057617236673329
90 122 1.1125845040544926
90 91 -1.4749583870575558
91 123 1.347109117087016
91 92 0.53237624183040644
92 124 1.553771269531476
92 93 -0.47780525974591087
93 125 -0.25150349112329967
93 94 0.66125747633836796
94 126 -0.35832620744417554
94 95 0.033156909870593429
95 127 0.57337602665775345
64 95 -0.15377871284716657
96 128 0.70366699681357381
96 97 -1.2495813942070613
97 129 0.096184243128719274
97 98 -0.25852077057435141
98 130 1.7531776583407934
98 99 -0.44479633071472435
99 131 0.5190271969581709
99 100 0.268952101918915
100 132 -0.20954541660906126
100 101 0.019398421506635857
101 133 -0.21333791437789795
101 102 1.8766692071261823
102 134 0.41901991858094451
102 103 1.2620478560389172
103 135 -0.73453625722749205
103 104 -0.36278281390162953
104 136 0.59616305956097992
104 105 0.45114713854609928
105 137 -1.5160843271759774
105 106 -0.22871514850835875
106 138 0.087943307380243613
106 107 -2.3386326848300785
107 139 -0.88532632963900848
107 108 -0.50193076476418608
108 140 0.27012264809510467
108 109 0.74663975361763124
109 141 0.1201699752002824
109 110 -1.8165459078819837
110 142 0.37656966621678312
110 111 0.085150811902498361
111 143 0.19538328124849735
111 112 -0.31145369787327276
112 144 -0.32939851687837085
112 113 -1.1135519040776027
113 145 -0.71591433712808217
113 114 0.069344295494164265
114 146 1.4312631869463517
114 115 -0.97123081879321871
115 147 -1.2770202374607829
115 116 -1.0106229185638529
116 148 0.11362868337163499
116 117 1.2676164680493074
117 149 -0.37753847009760466
117 118 0.011940606818697299
118 150 -1.2176537821689286
118 119 0.29040819821664554
119 151 0.39415066994185471
119 120 2.1934358500048146
120 152 0.17230363173589072
120 121 -0.26628227480017463
121 153 -0.80862996359192107
121 122 3.2104366764717911
122 154 0.099605049563372114
122 123 -1.2056232030159717
123 155 0.017695510250072786
123 124 -0.1014318651738111
124 156 3.0089485589682994
124 125 0.69383744496855881
125 157 1.0819467290404687
125 126 0.17714615457650335
126 158 1.2284396253850496
126 127 -0.58123406832547797
127 159 -0.36730999212313353
96 127 -1.615452149626676
128 160 1.9029592374633832
128 129 1.4033085924617994
129 161 -0.84658374840710859
129 130 -0.64185881283994917
130 162 -0.41507755490786669
130 131 -0.17090985248882942
131 163 -0.45634576937722715
131 132 0.28395344284446389
132 164 2.4360584765020641
132 133 0.57169973463117663
133 165 -0.7660557351550088
133 134 0.59116652533494962
134 166 1.6086305664597969
134 135 -1.0542296537715556
135 167 0.50797462963369522
135 136 1.1407101884815281
136 168 0.77860588759060834
136 137 -0.42084014900030503
137 169 1.4937036387345404
137 138 -0.50945050436531258
138 170 0.49990576575706203
138 139 -0.29756834400912802
139 171 0.46898441403854574
139 140 1.2304611292531242
140 172 -1.1660127301453984
140 141 0.42984174203225267
141 173 -0.57761311162481233
141 142 0.31927377309292004
142 174 -0.60955215622886438
142 143 -1.955645649691055
143 175 -0.3923840526785462
143 144 -0.27653713581189138
144 176 0.057950319056822949
144 145 0.78282668635546193
145 177 1.0206368393802352
145 146 -0.29610599975877938
146 178 0.15386335454703742
146 147 0.10146078059618538
147 179 2.5501251099277051
147 148 -0.84985411474288453
148 180 -0.49485284626024229
148 149 0.83143262788308769
149 181 0.96960265557272962
149 150 -2.275857496730918
150 182 -0.020784572433513449
150 151 -1.1974522426293368
151 183 0.38365231432362401
151 152 -0.98416216409339741
152 184 0.8434681472993073
152 153 0.57213638276917711
153 185 1.1772685043003148
153 154 -0.47787889004893158
154 186 0.94670676375682661
154 155 0.10181886827139258
155 187 1.2308127899930448
155 156 -0.14343495158370348
156 188 0.25191969419730675
156 157 1.2101021244880397
157 189 0.046633238006434624
157 158 0.3434972862024594
158 190 -1.0981564012211749
158 159 0.26655338209744001
159 191 0.33494745922291291
128 159 0.79198669517657061
160 192 0.55196754666767001
160 161 -0.0055702460707470506
161 193 -0.90430499249120966
161 162 0.31515453349833589
162 194 0.76971885756533032
162 163 -2.0455579007334075
163 195 2.4326320371799093
163 164 -0.51415010313875797
164 196 -0.71030310587689738
164 165 -0.9811722806477986
165 197 -0.37995129855252335
165 166 -0.86625880293097568
166 198 -0.51400425243667047
166 167 1.9910900629729036
167 199 0.17921487987535425
167 168 -1.0956499692236941
168 200 -0.38506361998037353
168 169 1.4429860688428995
169 201 0.50310327067375415
169 170 0.44907430051016567
170 202 0.18680439804245325
170 171 -0.39080815901597682
171 203 1.0862761660940823
171 172 0.26819798638610604
172 204 -0.53356739473543757
172 173 0.26743317649606979
173 205 0.18232849977860666
173 174 -0.10496404121921504
174 206 0.40167988580652769
174 175 -0.66454292871753273
175 207 1.166147964295086
175 176 1.0514308713101894
176 208 -0.11938957656433122
176 177 0.93793735587045313
177 209 -1.4452386292530837
177 178 -0.86160852201281557
178 210 -0.65440792998962893
178 179 -0.32659715817764334
179 211 -0.38292683660704896
179 180 1.4467574758189083
180 212 -0.35344411106359314
180 181 -0.58569441899618269
181 213 0.35724226359416567
181 182 0.99076046886239766
182 214 0.94742832241719943
182 183 1.6891893558120958
183 215 0.32401270659724407
183 184 1.3432999336897775
184 216 -0.087016273052329521
184 185 -1.5835587754111011
185 217 -0.045060551969694641
185 186 -1.8940921107735975
186 218 1.6823376607698348
186 187 -0.17170231660150059
187 219 1.3399903320612703
187 188 1.0117205500734621
188 220 -0.42960250336084899
188 189 0.45490842738913373
189 221 0.63027874824853103
189 190 1.0866214143229531
190 222 -0.47387055500212361
190 191 0.52819320700413064
191 223 1.0474775422102707
160 191 -1.101380469183284
192 224 -0.4575626450686201
192 193 -1.4515896315622474
193 225 -0.17343988874844765
193 194 1.8704115026282959
194 226 -1.8141417349542557
194 195 -0.29789213573139706
195 227 0.21941796648486508
195 196 1.312981063806631
196 228 1.6456721319497023
196 197 0.15390514498880348
197 229 0.18800593989321346
197 198 -0.52832007957678473
198 230 0.27003891856466206
198 199 -0.52835921447147083
199 231 -0.39078453770431149
199 200 0.31371674917509346
200 232 0.30931305781948593
200 201 0.28936642443496968
201 233 -0.31611836362824114
201 202 -0.56980448634195624
202 234 0.25905367698575321
202 203 0.13660740147035869
203 235 1.5324564200624331
203 204 -0.090706176490778959
204 236 -1.0167111529846968
204 205 -0.28614721801492604
205 237 1.3057081759570071
205 206 -1.1439910142316621
206 238 -0.68491754576950725
206 207 -1.8953179703613321
207 239 -0.71120690060320935
207 208 1.9201443884596137
208 240 0.12180069420436743
208 209 2.624403426564212
209 241 -0.90228478055544281
209 210 -0.41576909777723553
210 242 0.31611622033776332
210 211 -1.4834181390364085
211 243 1.4755927067927881
211 212 0.83141631467430233
212 244 -0.21361801519889889
212 213 0.84495495229376616
213 245 1.55010037425271
213 214 -1.4645566562171348
214 246 -1.7678253306524569
214 215 0.040607855245256383
215 247 0.29472748754468941
215 216 -0.072667046572566743
216 248 0.74950582559282208
216 217 0.48397757857315415
217 249 -0.74776897922509089
217 218 -0.61973304282207275
218 250 -0.69806162242464342
218 219 -0.045234212366926631
219 251 0.76055848044599839
219 220 0.76198392158448824
220 252 0.99930385170583991
220 221 -0.53793035332633155
221 253 -0.08242367113422501
221 222 -2.3725468657985243
222 254 1.7098539678355731
222 223 -1.2119773102003695
223 255 -0.38356934500760304
192 223 -1.9172631316061379
224 256 -0.10119245670765735
224 225 -0.11605004860298533
225 257 1.5784592409413125
225 226 1.1372215506090197
226 258 1.1487806671478717
226 227 0.06036054288060063
227 259 -0.88221316122366389
227 228 0.10862651199683325
228 260 0.28402469605740693
228 229 -0.9974437016085963
229 261 1.5706869867574071
229 230 2.256348281204517
230 262 0.82589243705689541
230 231 0.33386044664493297
231 263 0.06568143220582065
231 232 -0.081269958384819388
232 264 0.43762264409728258
232 233 0.036855793803603591
233 265 -0.97485684806046513
233 234 -2.6120736122131811
234 266 -1.3479590748341477
234 235 -0.24080304156637009
235 267 -0.039854717991319691
235 236 0.052741570300286887
236 268 0.39549248634902801
236 237 0.54815636960087399
237 269 1.6158774971236594
237 238 -0.19997270546770668
238 270 -2.1074145900829415
238 239 -1.0176064757772589
239 271 -0.70863533648615307
239 240 1.7134857678876201
240 272 -0.20755616797586524
240 241 -0.504617444484877
241 273 -1.0677101607364627
241 242 -1.6228807976769835
242 274 2.0905403825199422
242 243 0.7636530338509061
243 275 -0.6371599571568598
243 244 0.16705179952767682
244 276 0.070856215750503077
244 245 -0.29414820805897518
245 277 0.97477655351263026
245 246 -0.64141060129716188
246 278 0.13254419424338498
246 247 -0.61292360586736139
247 279 -0.06719195045730933
247 248 -0.92121222299873951
248 280 -0.20785882597540886
248 249 0.44074468874621803
249 281 1.1789811281317122
249 250 -0.59524748579987852
250 282 -0.85750507144451438
250 251 0.62475131818184815
251 283 1.8547576643005008
251 252 0.64495492516877773
252 284 -0.36715098046148009
252 253 0.40640094415509265
253 285 0.33080587074127515
253 254 1.2124656891766221
254 286 -0.48144879835197196
254 255 1.6445555849462123
255 287 1.0336168460571915
224 255 0.40129873077045658
256 288 0.4453223251315776
256 257 0.23826203909333415
257 289 -2.1489919530253192
257 258 1.8053192929097484
258 290 -1.1032324761294525
258 259 -0.50707316603852604
259 291 1.4275336356172201
259 260 0.23849840454692683
260 292 -0.91564388110855321
260 261 0.26555858735302679
261 293 -2.0932829279931542
261 262 -0.19145611299507534
262 294 1.4125420208269615
262 263 0.33143510677494842
263 295 -0.81937077732786301
263 264 -0.73496112891953191
264 296 -0.68313544921419744
264 265 0.80159459939139699
265 297 -2.0538478667555875
265 266 -0.046245438613189346
266 298 0.007553556758155288
266 267 0.057586387169722274
267 299 0.57307942102974829
267 268 -0.34725968437879517
268 300 0.1628741574865453
268 269 -1.2645182482017778
269 301 -0.17270235305351164
269 270 -0.071068966497882094
270 302 -0.27827174943746197
270 271 -1.1775677894906247
271 303 -1.3521970557242253
271 272 -1.4542486265308767
272 304 0.78513026275338793
272 273 -0.089708058252612799
273 305 -0.039391892967990519
273 274 -0.17172418723052141
274 306 0.12449103715295236
274 275 -0.32444256473425198
275 307 -0.17568241804094564
275 276 -1.3060540728435091
276 308 0.18523804627415444
276 277 0.62129110560890866
277 309 -1.2501502600810983
277 278 1.6713124290971171
278 310 -1.0503353739556396
278 279 -0.9625194235045258
279 311 -0.5026345123968502
279 280 -1.0221012602063921
280 312 0.31522849538767084
280 281 0.47362268619533393
281 313 -1.8706325948265741
281 282 0.79057829427523552
282 314 -1.4230771576270376
282 283 -0.695667160137171
283 315 -1.305704266805956
283 284 1.322844599662806
284 316 -0.43776049722327642
284 285 1.0383104965927554
285 317 -1.5715938308943607
285 286 -0.22715541811042236
286 318 -0.59875303657440582
286 287 0.96713328780417507
287 319 1.545621991310995
256 287 -0.35075584105432067
288 320 1.3808202278019264
288 289 -0.51501329908624449
289 321 -0.63794164093222316
289 290 -0.77201294454205638
290 322 -0.1257844314928043
290 291 1.9246796529527079
291 323 0.50384408242860834
291 292 1.6347042399993488
292 324 -0.46079460038496045
292 293 0.13562087313828544
293 325 0.45190307428400722
293 294 -0.43679635292861224
294 326 0.54411847216768916
294 295 -0.78869013962619849
295 327 0.1499797473025879
295 296 1.3832754067775708
296 328 3.412868270835606
296 297 -0.8454821241836129
297 329 0.19860625616981237
297 298 -0.69207071680264964
298 330 -0.021232326994334874
298 299 0.8799811748045363
299 331 1.5143898321888423
299 300 -0.73932706578017005
300 332 0.19309293028133878
300 301 0.23965680379056936
301 333 -0.1497470845180007
301 302 -0.8163457428300136
302 334 1.3815441039030785
302 303 0.35251436452430884
303 335 -1.0495935037392119
303 304 1.5384317757449919
304 336 0.54823872208875868
304 305 0.73380860088094613
305 337 -0.99764065966511539
305 306 -2.5004245041166739
306 338 0.52718960257360004
306 307 1.3810790706478355
307 339 0.23034215655602494
307 308 0.53048412011828305
308 340 -1.6133544453529105
308 309 1.1431146457881116
309 341 0.0020351948746839097
309 310 1.3936753800610076
310 342 -0.11378028858585519
310 311 -1.299906580951159
311 343 -0.096950480898432126
311 312 -0.74317210447984017
312 344 0.51273934912820895
312 313 0.27494384641062891
313 345 -0.66282171450108751
313 314 1.757821463209726
314 346 -1.5051449236313132
314 315 -0.42433206426224457
315 347 1.3755410410891564
315 316 -0.73321965893349772
316 348 -0.81926745921167543
316 317 -0.019161768273801148
317 349 2.0491678990783049
317 318 -1.1980704828500275
318 350 0.11483885979003719
318 319 -0.10200259196458458
319 351 0.62567223315050768
288 319 -0.090737429388697069
320 352 0.054488721282297627
320 321 1.2303240544992735
321 353 -0.55182773058385515
321 322 -2.991728935241933
322 354 0.89216585229578049
322 323 0.57661005259012865
323 355 1.0181610126602714
323 324 0.23428885308747976
324 356 1.1300488377336826
324 325 -0.50749816324457631
325 357 -0.66151013050341123
325 326 0.31478228904897165
326 358 0.15063452848953984
326 327 1.1764762618048967
327 359 0.33063918712600793
327 328 -1.2879139178574124
328 360 -1.5413620184283436
328 329 -1.2592458444667209
329 361 0.25077238999928203
329 330 0.80829105506399157
330 362 0.35372227163995934
330 331 0.94342144352633162
331 363 1.3028296126397643
331 332 0.55712795740592891
332 364 -0.3046800116991924
332 333 -2.9134090944033479
333 365 1.0793084100731047
333 334 0.80981075374600331
334 366 -1.6703380212883954
334 335 0.69172201354013385
335 367 0.86423736586966526
335 336 -1.3244527269282833
336 368 -1.9000860331619167
336 337 -2.4909057678877731
337 369 1.6128939905117998
337 338 0.20015972335044788
338 370 1.6808693634077112
338 339 1.2963816772662775
339 371 0.23111905901671578
339 340 0.61809576128848942
340 372 0.74675057165758685
340 341 -1.3789660208262089
341 373 0.18823640893000415
341 342 0.94508383693420972
342 374 1.6384166205838633
342 343 1.0660010744158606
343 375 -1.2909641693887088
343 344 -0.095030093395248774
344 376 -0.17671079816997318
344 345 -1.8325939407727903
345 377 0.14695975384939897
345 346 -1.5590992974087194
346 378 1.9564603880741811
346 347 -0.082653609500043371
347 379 -0.94850239148877258
347 348 -0.21050036557140195
348 380 0.38809699685050675
348 349 -0.48218943122770469
349 381 -0.40790611137750721
349 350 0.88399723859561041
350 382 -0.12084345144674015
350 351 0.37335177382587581
351 383 0.67678901115735002
320 351 0.64678365686558492
352 384 0.36003786324902837
352 353 -0.30530531392128685
353 385 -1.6153736079473107
353 354 -0.41149879416772245
354 386 -1.0788689686320057
354 355 0.45929997967077296
355 387 -1.3449862886730792
355 356 -0.075700671998387523
356 388 2.1419185130252272
356 357 0.42419104990620077
357 389 0.78110296397216916
357 358 -0.25657137058478091
358 390 1.230516107188607
358 359 0.41735028002159619
359 391 0.40748106277069612
359 360 0.12600871342993214
360 392 -0.6104383946508255
360 361 -0.16016268422283528
361 393 0.094622504193464213
361 362 0.44062798900135486
362 394 0.2881895078222716
362 363 1.3269766960515794
363 395 -0.80740485021096553
363 364 0.80894781868581234
364 396 -0.21767899212746222
364 365 -0.97187590865108453
365 397 -1.7730096392691657
365 366 -1.3051876439535972
366 398 0.47739187412967882
366 367 0.8966827655895192
367 399 1.4530338003384231
367 368 0.33609671078737324
368 400 1.3602600592765075
368 369 0.94524389360572103
369 401 0.75918883909800283
369 370 -0.044449638379226879
370 402 -1.590068346427715
370 371 0.3820788970790257
371 403 0.5341405253315602
371 372 1.0712201913589321
372 404 0.27983627239462722
372 373 -0.045604984133037832
373 405 0.11602295292051484
373 374 0.80882702480149271
374 406 -0.59643219081551635
374 375 -1.1022448969223824
375 407 -0.58997209487382651
375 376 0.62551519952548251
376 408 0.71828993125121887
376 377 -1.8189279318109777
377 409 -0.60032935725632763
377 378 -0.55133183886084158
378 410 0.097083952447921895
378 379 0.24523889064843599
379 411 -0.60776262598307296
379 380 0.74420008224312129
380 412 -0.11353499443186274
380 381 -1.3220636078409751
381 413 -1.5561491447496874
381 382 -0.017784239260327791
382 414 -1.1811881547132916
382 383 0.27741686326670473
383 415 0.74381429385216835
352 383 -1.2055675498230332
384 416 -1.2066327123947189
384 385 0.58942947294944381
385 417 -1.4350455986649249
385 386 0.064295325977173093
386 418 1.5668764310583205
386 387 0.57038360101972096
387 419 0.99655929514579344
387 388 -0.82427572580116959
388 420 -0.95636744373644367
388 389 -0.25631501561503944
389 421 1.7647973322710442
389 390 0.88364015990829936
390 422 -0.2049897191321812
390 391 -1.26383540079352
391 423 -0.49454314218658424
391 392 -1.1334240223602881
392 424 0.025331238959737327
392 393 -2.9300957288062004
393 425 -0.57388542409253429
393 394 0.29203559793961514
394 426 0.62089138392948651
394 395 1.145342198720616
395 427 1.5741191762101436
395 396 -0.52651291794541744
396 428 -1.7072311302333083
396 397 1.485309436459294
397 429 -0.028804543910907823
397 398 -1.1268094520226459
398 430 -0.51905923367111195
398 399 0.49460559502769164
399 431 1.0493633141908396
399 400 0.40342737651445804
400 432 -0.99426691426506841
400 401 -0.86511788928095279
401 433 0.018605010037932246
401 402 -2.4690913720646526
402 434 0.043729101765724254
402 403 -0.20123143572769611
403 435 -0.9119011914581362
403 404 0.06997001002800457
404 436 -1.6917600476271817
404 405 -0.96734703098391672
405 437 -0.55017185313847761
405 406 0.20806709271522328
406 438 0.10570894250371428
406 407 0.80742597110956726
407 439 -1.3427197188881055
407 408 0.08897545447543373
408 440 -0.09566850550357664
408 409 -0.41329134003343082
409 441 0.32984634882769032
409 410 -0.54357243966212676
410 442 -1.3879677636382477
410 411 -0.2556283209829317
411 443 -0.54543455607492886
411 412 0.58104509645622249
412 444 1.1786333500463633
412 413 1.3733029295428771
413 445 0.069956342220731535
413 414 -0.40615770659462563
414 446 1.1905578436580793
414 415 -0.64799738325197576
415 447 -1.4590078990030952
384 415 1.5006684147317284
416 448 0.81297572605796131
416 417 1.1282603455880185
417 449 -0.54270447382645792
417 418 -0.034242392146039503
418 450 -0.19536457491092474
418 419 -1.3014392936595516
419 451 0.13013808682253072
419 420 -1.1967133751112975
420 452 -1.0944227525782206
420 421 -0.31094135750384222
421 453 -0.30278660974822286
421 422 -0.76146092786611352
422 454 1.1568377603605629
422 423 -0.79560227236705916
423 455 0.32846379811230908
423 424 -0.026918019013880582
424 456 -0.14608909679397844
424 425 -0.21446801095169435
425 457 0.89190193890355196
425 426 -0.73558896554213726
426 458 0.92765120025916392
426 427 0.17016385392402317
427 459 -0.54696400274056634
427 428 -0.46907504099712832
428 460 0.21229382616248704
428 429 -0.57372035764598417
429 461 -1.9711149460612107
429 430 -0.9616080033378287
430 462 -0.15672974001764592
430 431 0.52199000143422269
431 463 -1.908414500774555
431 432 1.044089021643533
432 464 -0.63413199783597374
432 433 0.23664567368446979
433 465 -0.90445479459585432
433 434 -0.018652343264879138
434 466 -1.0506477370607725
434 435 0.89032100913408563
435 467 -0.33359905952724217
435 436 1.0820367962523212
436 468 -0.10248006986817715
436 437 0.13091531814210175
437 469 -0.11144372535323224
437 438 1.2286921861830395
438 470 -0.26958493807105566
438 439 0.82243778578612237
439 471 -0.38006652875245367
439 440 -0.50678919673482847
440 472 1.2214609875122211
440 441 1.2593888460961375
441 473 0.34835220199479811
441 442 -0.1486234717794753
442 474 0.74512238803229458
442 443 -0.67562194297917344
443 475 1.6510781170805315
443 444 0.77956798451436282
444 476 -0.41658624807852235
444 445 -1.0119595490173818
445 477 1.512086429565247
445 446 1.1312795768982622
446 478 -0.095879363844731891
446 447 -0.91642418319321262
447 479 0.13114809546425485
416 447 0.95659875074849532
448 480 0.59962582416270171
448 449 -0.69262039450533175
449 481 -0.32440105296031035
449 450 -0.64883803027429066
450 482 0.91898595506117653
450 451 0.35094565805687178
451 483 2.0714824964447929
451 452 -0.82655486222577157
452 484 -0.67557656515422815
452 453 0.95521232500314768
453 485 1.4878610690260112
453 454 0.98658063260409057
454 486 -0.56773116055217987
454 455 0.24211196748188707
455 487 0.2821225965908376
455 456 -1.0296862287435709
456 488 0.085654629072548227
456 457 0.53617415353649223
457 489 -0.21772566193669429
457 458 0.6348358215671781
458 490 -0.39661513048977409
458 459 -0.84001467983785039
459 491 -0.0027993781482553025
459 460 1.950216514564469
460 492 -0.41141182822626382
460 461 0.81447911475839962
461 493 0.16313661963450904
461 462 1.3711738391959285
462 494 0.30574942527667187
462 463 1.5815185840521533
463 495 -1.2417655511336367
463 464 -0.91725386160972455
464 496 -1.8500321666869393
464 465 -0.057876626217868613
465 497 0.564691979727447
465 466 1.919971864876068
466 498 0.60212759698410256
466 467 -1.5970197555841952
467 499 -0.30260324906468178
467 468 -0.59586539750163214
468 500 0.3109423110129525
468 469 -0.3769869879226076
469 501 1.5243273373137767
469 470 -0.32686337442009955
470 502 0.96360045816108275
470 471 -0.75620491247383148
471 503 0.21708809305958099
471 472 2.2202402335796618
472 504 0.56195329116709614
472 473 -0.98539569824265105
473 505 -0.67749443592154024
473 474 -1.6498536243745263
474 506 -0.1415473410162385
474 475 -0.15541144750892222
475 507 1.6789639471257529
475 476 -0.33940188325740156
476 508 0.44289504181957956
476 477 1.740242406659414
477 509 0.61806446728784004
477 478 2.1761459270305674
478 510 0.017760428216374149
478 479 -1.2796973530862616
479 511 0.91930720913530461
448 479 -1.1234640163181919
480 512 -0.77753053870204125
480 481 0.38226421660370652
481 513 -0.15525404937040593
481 482 -0.64973561589966733
482 514 -0.22323088339433503
482 483 -1.0018623344794673
483 515 0.058046589134942858
483 484 1.6552650271216658
484 516 -0.15918601616700737
484 485 0.58213412671752929
485 517 -0.80458924583636504
485 486 1.3992783848859329
486 518 -0.019298135540460414
486 487 0.17065094951446635
487 519 -0.47781483732028945
487 488 -0.8201719085729362
488 520 -1.7831162925923172
488 489 -1.1139726639181717
489 521 0.80507138562428249
489 490 1.2923955776245519
490 522 0.90075075132069327
490 491 0.27484243883185172
491 523 -0.27092960508332498
491 492 -0.73882863632457785
492 524 -0.60505989657301418
492 493 0.066889299262443552
493 525 -0.4479469761101923
493 494 1.6145933438531679
494 526 -1.8885358189473771
494 495 0.074833188400412282
495 527 -0.36069420152370396
495 496 0.43198249203763039
496 528 -0.95653645465858195
496 497 -0.90026900700956436
497 529 0.92833650631673859
497 498 0.16578401407059809
498 530 0.20311048969155537
498 499 -0.24964059800180974
499 531 1.9254351409986667
499 500 -0.8635684034769342
500 532 -0.68718526369648925
500 501 -0.04240917713724264
501 533 -0.83444641197287217
501 502 0.62307114049787149
502 534 -0.1855170683777711
502 503 0.53460463809277936
503 535 -1.0720100370048742
503 504 -0.26349051362086662
504 536 0.34910438372135993
504 505 -0.4293742437332842
505 537 -0.44202195597883714
505 506 -1.2010867799158644
506 538 0.77810028876818638
506 507 -0.041076890427392578
507 539 1.631213407727347
507 508 0.52475453462439292
508 540 -0.0027678357249361061
508 509 -1.5824890012560338
509 541 -0.40646670898049531
509 510 -0.47714228991887625
510 542 0.61891875728117007
510 511 -0.44302745283436168
511 543 1.5257576749063035
480 511 0.22085252385900242
512 544 -0.25500564445323054
512 513 1.198025354101077
513 545 -0.31952255633614979
513 514 -0.92272613126898906
514 546 1.4053379515780766
514 515 -0.432540389934852
515 547 -0.90318782884006177
515 516 -1.4848199056691063
516 548 0.088666535077733366
516 517 -0.33777511635785312
517 549 -1.1876272384709294
517 518 0.64702888075701781
518 550 1.3329230555230105
518 519 -1.6233019288360622
519 551 -1.3918981720869468
519 520 -0.44212393053822741
520 552 1.9210150250440632
520 521 -0.2561458461262161
521 553 2.4808643084396409
521 522 0.74207946130109637
522 554 1.9038373969077427
522 523 1.6576738757972345
523 555 -0.4886941478069034
523 524 0.51970686283128686
524 556 -0.15431210729616773
524 525 -1.1373250888820268
525 557 0.35829313893126258
525 526 -1.6452892104911969
526 558 -0.036421293496125474
526 527 -5.212883550841627e-05
527 559 1.3055826217630275
527 528 -0.65847093132654622
528 560 -0.80680092543735593
528 529 0.23766447576670804
529 561 -0.2958850257008393
529 530 -0.34952244305202435
530 562 -2.0225115834431215
530 531 -0.68633208848085525
531 563 0.46805998488508188
531 532 -0.39126303806365204
532 564 -1.1150427180620395
532 533 2.3199475432272738
533 565 0.44340402986610822
533 534 0.019612084080060568
534 566 -1.7992872249425562
534 535 -0.34370138695238983
535 567 0.31038984623268145
535 536 1.2986635357157161
536 568 1.6398366175789123
536 537 0.38487983091728734
537 569 -0.14528607514299591
537 538 -0.4196041363130697
538 570 0.15906809345632983
538 539 0.043595277934004792
539 571 0.96755220869015357
539 540 -0.92685758449957467
540 572 -1.3096615033714061
540 541 0.46165158111799509
541 573 1.4609069726395274
541 542 -0.18427500295631868
542 574 0.48320623464299617
542 543 -0.25001594932180815
543 575 -1.4746176815913312
512 543 1.1733866067184009
544 576 -1.127312009870159
544 545 0.60687360514116595
545 577 1.141347482099706
545 546 0.63316368723068173
546 578 -0.23922463948215167
546 547 -0.99815095770285667
547 579 -0.53668701999792778
547 548 -0.435473344174096
548 580 0.28058050544657903
548 549 0.5346577761244059
549 581 1.973361695838707
549 550 -1.6288184541421167
550 582 1.4285429670755863
550 551 -1.1901430837508453
551 583 -0.54799445618018838
551 552 0.42061865771681822
552 584 -0.46610125571876199
552 553 0.14031330103949438
553 585 0.69569513765710322
553 554 -2.5035226739612062
554 586 -2.3613230673875552
554 555 0.20118871290074716
555 587 -0.62824045825753339
555 556 0.33649134292789312
556 588 1.8572978183025297
556 557 -0.01835887761413937
557 589 0.66893959103556067
557 558 0.45304684665529737
558 590 0.097968975804728187
558 559 -0.2448326064331286
559 591 -0.73822323481688434
559 560 -1.2411661957552018
560 592 -1.2821242829447999
560 561 0.48726538356119758
561 593 0.22614564996907136
561 562 -0.25038007352882141
562 594 1.0290649745706968
562 563 -0.59863335674988938
563 595 0.95346740731603219
563 564 0.63908130885045233
564 596 -0.68471839832227144
564 565 0.74655196477462116
565 597 2.4591694098534722
565 566 -0.51884597546884426
566 598 -2.0536246701389169
566 567 2.3487721519997407
567 599 1.5086681876507635
567 568 0.46593990249113798
568 600 1.0642375881752195
568 569 1.8194672583297693
569 601 -0.47232246037636844
569 570 -0.41183887278624887
570 602 0.056081200501731099
570 571 0.21310000758923814
571 603 -1.2062711368387371
571 572 0.64584784919905147
572 604 0.53732314995367458
572 573 2.0724640410186939
573 605 -0.070769317407112786
573 574 -0.20858620665657931
574 606 -0.12892284279476054
574 575 0.74120472803462722
575 607 -0.5736284528493153
544 575 1.4917878088284167
576 608 -1.4065660323164402
576 577 1.44741192731932
577 609 -0.40839527124345287
577 578 0.082760452140597948
578 610 -0.54125610013023406
578 579 0.31649483637270615
579 611 0.0090022022224756811
579 580 0.5455771858420374
580 612 0.30090390607505202
580 581 -1.0961769151671934
581 613 0.087281855991537136
581 582 1.2940412492866438
582 614 -0.90151185580891569
582 583 1.2375713072477477
583 615 1.9099318963747816
583 584 -1.2681574767866006
584 616 -1.4435630474999226
584 585 0.70562781620003967
585 617 2.1873330290869029
585 586 0.25058522191134758
586 618 0.052844316167684431
586 587 0.4828961988615012
587 619 1.8067801761770599
587 588 -2.5896401971265544
588 620 -0.53412868205485953
588 589 -0.86006097662140601
589 621 -1.6724544070692171
589 590 1.1149465330026076
590 622 0.85702392856425591
590 591 0.27534662697274515
591 623 0.1909659366680162
591 592 1.4872566783216374
592 624 -1.0040347944655301
592 593 0.28031486009942402
593 625 -1.0641708010203081
593 594 1.1650930080523747
594 626 0.94147454990029167
594 595 -1.3469991827086982
595 627 1.0237078455135746
595 596 -0.46251500725353339
596 628 -0.66502941922909076
596 597 0.77731803481140715
597 629 0.48702671509468498
597 598 -1.5356016235779564
598 630 -0.62869208958139799
598 599 -1.6662282677484888
599 631 0.19092253510785528
599 600 -0.86589667046299856
600 632 1.3864029453729136
600 601 -0.47458486069652372
601 633 0.64323494643158086
601 602 0.82123626565747188
602 634 -1.2951669955802256
602 603 0.58334418109383857
603 635 -0.0374283276913066
603 604 -0.96212696343018289
604 636 1.6070517329465699
604 605 0.21503645744617514
605 637 -0.23257838663257538
605 606 0.60800406026629739
606 638 0.76172250012574194
606 607 -0.089842026664969682
607 639 1.2354853449487275
576 607 0.57689790567929689
608 640 -1.2038909887254188
608 609 -0.57336476134022751
609 641 1.2250889156846632
609 610 0.31767899733062982
610 642 1.7165524820891025
610 611 -0.94168710623578322
611 643 0.24335692525460767
611 612 0.17276055338363247
612 644 -0.63721616576876161
612 613 -0.48106899848286139
613 645 -0.8065382961051456
613 614 1.3516895356141494
614 646 1.587037098395502
614 615 -1.3555423338799701
615 647 1.4827649918896366
615 616 1.1372085555084623
616 648 -0.51448188114202886
616 617 -0.45031730381726154
617 649 0.38642949573586877
617 618 1.0405023603099282
618 650 0.34817906755319816
618 619 0.10325021617228755
619 651 -0.23562400982576212
619 620 0.72571477586769817
620 652 -1.1248287156515766
620 621 -1.602898526950139
621 653 -0.6308476150732677
621 622 0.97075100710210926
622 654 0.71722611092323141
622 623 -1.0859138304073952
623 655 -0.30960734230178094
623 624 -1.1461114544600555
624 656 1.0945852947251629
624 625 0.621639058986862
625 657 1.3884559147415851
625 626 1.7247513221362125
626 658 2.2758653612588771
626 627 0.31109290503435666
627 659 -0.16955492996831018
627 628 -0.14475825496539607
628 660 1.2177807383592807
628 629 1.0841061806391066
629 661 -1.9990181956659714
629 630 -0.1818665956504617
630 662 0.032337720357446718
630 631 0.46430514943593515
631 663 0.17453154324758163
631 632 0.055665763415406695
632 664 0.92396987830697141
632 633 -0.101879622333664
633 665 0.15426916642631994
633 634 -0.32990410349336108
634 666 -0.7106821420598527
634 635 -0.72655470444045056
635 667 0.27311525592524799
635 636 -1.5603765044820073
636 668 1.3889161593710679
636 637 0.64617570697784277
637 669 0.41249508125862849
637 638 0.78356629858858173
638 670 0.44061290266110703
638 639 -0.24945689573070287
639 671 0.97634423387498626
608 639 0.33252511003525032
640 672 0.015706801126021269
640 641 1.2630279153828157
641 673 -1.202600336493415
641 642 0.60750512498059706
642 674 0.71292734457832929
642 643 1.5501522104344556
643 675 -1.9036540038379657
643 644 1.5645739528648901
644 676 0.29666881685141022
644 645 0.018172073221612663
645 677 -1.5351552257183274
645 646 0.85217698518126472
646 678 -0.044140760397434427
646 647 0.28825488754225181
647 679 0.067313642071933577
647 648 0.45309255691053868
648 680 -0.28819779738021806
648 649 -0.38553189212211658
649 681 1.7948593232919039
649 650 -3.1036060233686826
650 682 -0.38425966885747759
650 651 -0.23381100342092162
651 683 -3.1224230204912398
651 652 -0.41231579315461953
652 684 0.47953209067785418
652 653 0.47042542941185211
653 685 0.43301250906137156
653 654 0.92363553139608956
654 686 -0.54224854641025377
654 655 0.52713296445915103
655 687 -0.81371220012535139
655 656 -0.78155726777422208
656 688 -0.044410198419696276
656 657 0.40191992313712982
657 689 0.013721507701971614
657 658 1.5065791474914085
658 690 -0.17266093490687232
658 659 0.91544477648255873
659 691 -0.030843348698120224
659 660 -0.49275483407638326
660 692 0.19280565465323396
660 661 -0.18837739352850991
661 693 0.94320362424613879
661 662 1.2353002948035945
662 694 -0.24661136630278249
662 663 -0.25896544944231453
663 695 -1.1967755511146563
663 664 -0.88403365719649418
664 696 0.31472569176630028
664 665 -1.3251876211741964
665 697 0.42575838883959088
665 666 1.0427453297934994
666 698 -0.92199459508205572
666 667 0.61405395892872694
667 699 0.14659450582807473
667 668 -0.11745010097785902
668 700 0.054880280031970576
668 669 -1.5404584490014102
669 701 -0.26670792432140861
669 670 -0.18416937137423173
670 702 -0.14925259458755863
670 671 -1.546364561741415
671 703 1.7908382596771877
640 671 1.124480830512377
672 704 2.4915327186588043
672 673 -1.118645524054662
673 705 -1.9559743358346977
673 674 0.32593292912047561
674 706 -1.1682462357815917
674 675 0.53236253104718767
675 707 -0.20751301950490134
675 676 -0.77312530638806309
676 708 0.11591706203253871
676 677 -1.9189638907555242
677 709 -1.4371410943828276
677 678 0.0044185392026332019
678 710 -0.56280615007846635
678 679 -0.090479651330502273
679 711 -0.90510130939032396
679 680 0.096711246102643533
680 712 0.91897698200355327
680 681 -0.53642816021524564
681 713 0.41514673254790624
681 682 0.37387434972235317
682 714 -0.20355437911803048
682 683 0.13745339537463674
683 715 -0.38179494117859414
683 684 0.725565891017658
684 716 0.11702655686630344
684 685 -1.4575071014970897
685 717 0.71472858602257172
685 686 1.7045486299554347
686 718 -0.80912173674387688
686 687 1.2022010210567453
687 719 -1.2238364551097638
687 688 -0.56335579415867754
688 720 1.3955260679809942
688 689 0.13873834139066576
689 721 3.2446511548574715
689 690 2.7621131609372016
690 722 -0.70363225980460564
690 691 0.24447356254240871
691 723 -0.1244416987456613
691 692 0.57342140961860966
692 724 0.73780884981058703
692 693 0.75798637135667069
693 725 -1.7676520409497234
693 694 0.37488574328677993
694 726 -0.24018448295566358
694 695 -0.36678465615044553
695 727 -0.74306055656539993
695 696 -0.02907277500218514
696 728 -0.28603285040795257
696 697 0.72101778130201211
697 729 -0.93892437836401377
697 698 -0.6019486707639683
698 730 -0.087748664523420075
698 699 1.1516965259215011
699 731 0.5465193789221412
699 700 -1.0594806394423983
700 732 0.80557044641225961
700 701 0.93651510071449162
701 733 -0.061031531460234122
701 702 0.1759555252356704
702 734 0.045102692079797869
702 703 -0.15645472764668811
703 735 -0.47483803429874866
672 703 -0.85304124215799071
704 736 0.66912486046091391
704 705 0.43036656122205075
705 737 0.052133447856785795
705 706 -0.19230582843163549
706 738 -0.23633377681457565
706 707 0.46509579824416836
707 739 -0.70574136032297652
707 708 0.1996872887584332
708 740 -1.0887241316288578
708 709 -0.83368278965643405
709 741 -2.0363214097412978
709 710 -0.64694185785553682
710 742 -0.38858475968339579
710 711 -2.661625986275244
711 743 -0.40064430624409192
711 712 -0.5207365826901772
712 744 -0.97804550177720551
712 713 -0.51500557782595346
713 745 0.67365147810748061
713 714 -1.1332972094427818
714 746 -0.40449105069813379
714 715 0.59813330197114956
715 747 0.77570660455475138
715 716 -0.12244891157031816
716 748 2.2001884765493056
716 717 -0.22195391604841291
717 749 -0.26740500614847568
717 718 1.3825191812750928
718 750 -1.3292838234727764
718 719 -1.9910111843582832
719 751 -1.3018510549097428
719 720 -0.68062222928014604
720 752 -1.0996688289574597
720 721 -0.17463083603367408
721 753 0.92182986507982478
721 722 1.4299235388070912
722 754 -0.13167522946573365
722 723 -0.56637377589820104
723 755 0.62154070338210243
723 724 -0.59879774903415861
724 756 1.0566756517011595
724 725 -0.27236525185733801
725 757 0.20468730530565676
725 726 0.97786362350877842
726 758 0.15911219667949986
726 727 -1.1960828276722819
727 759 0.51095294008127012
727 728 1.4686902167516345
728 760 -0.73772590942342142
728 729 -0.5332937295542538
729 761 -1.2742109396422898
729 730 0.5444450548126849
730 762 0.34520345234007416
730 731 1.1856145862544161
731 763 -0.83297078556883475
731 732 -0.033633469704075145
732 764 0.29372209449055103
732 733 0.075502602537066615
733 765 0.34866357440901263
733 734 -0.09956053853624458
734 766 1.4318886807218354
734 735 0.42659604467414219
735 767 -1.3659309264244466
704 735 -0.082609354533119239
736 768 -0.77667014263647383
736 737 1.2199653744273518
737 769 0.32107719565497245
737 738 -0.60012365199937734
738 770 -0.1032388923987497
738 739 -0.83933016265060356
739 771 -1.0633970442067451
739 740 -2.451293866632311
740 772 -0.98389706239600705
740 741 -0.05026687944291465
741 773 -0.64283459132512422
741 742 -2.9820273347162409
742 774 -1.1387498480441163
742 743 -1.198299398225573
743 775 -0.53905788292678514
743 744 0.5641045170843727
744 776 0.54240929549729622
744 745 0.10319227790637311
745 777 -1.1377592853321798
745 746 1.0238848480991196
746 778 0.21126586882973034
746 747 0.1038843606095949
747 779 -0.75551877511297894
747 748 1.9068733441562524
748 780 0.20169567559376844
748 749 -2.137269221307398
749 781 0.66252851014093161
749 750 -0.047147479616211803
750 782 0.45146919222162479
750 751 0.18838242551841097
751 783 -0.75867491629632566
751 752 -0.83831208120556489
752 784 0.48371119423356906
752 753 -1.2369123520943963
753 785 -0.8985667056838923
753 754 -0.9692915529943622
754 786 0.12205796062034072
754 755 1.9785688871535343
755 787 -0.23998686107071698
755 756 0.1330132859510075
756 788 0.52021030374334409
756 757 -1.1339004758607578
757 789 0.22363016222844193
757 758 -1.8785075176886321
758 790 1.5299424046929886
758 759 -1.7160254548564895
759 791 -0.32692021116210773
759 760 -0.19996583288363159
760 792 -0.80412675011518242
760 761 -1.6191108976867379
761 793 -0.27588357340528064
761 762 2.3397766522958667
762 794 -1.0925454598788624
762 763 -0.23070387494592476
763 795 1.9881728018823923
763 764 -0.29260646475478563
764 796 -0.012756021193398283
764 765 -1.8350525359335723
765 797 0.70676516531609601
765 766 0.3274427472414127
766 798 -0.65006679205232698
766 767 -0.48489145469904821
767 799 -2.2558422059449263
736 767 1.0969350462287264
768 800 1.2564739997503525
768 769 -0.7537329431930746
769 801 -2.1734923013053558
769 770 1.0712588908332972
770 802 -0.92943071073857753
770 771 1.1885590930129908
771 803 0.32693232241877812
771 772 0.36014521001304339
772 804 -0.57990218808358518
772 773 0.59095195429030667
773 805 1.0745985133020903
773 774 1.9453816203871053
774 806 0.82725659965231058
774 775 0.71492720499371076
775 807 1.7221411294699425
775 776 -0.29265937766757316
776 808 -0.62828194140401572
776 777 -1.1024791560611347
777 809 1.2118521367439508
777 778 0.19571682156309869
778 810 -0.043869870573307067
778 779 0.42600536323853022
779 811 -0.8172413642987324
779 780 -0.0047906540489665765
780 812 -0.79174476308634412
780 781 0.90348806213345423
781 813 -1.7068489228210124
781 782 -0.71275306643733405
782 814 1.2952390005886971
782 783 -1.1064406865315968
783 815 -0.3581887948576129
783 784 -0.63982281154846921
784 816 0.81957330621878255
784 785 0.1079794656574103
785 817 1.1681154171178665
785 786 -0.38345129961021007
786 818 -0.54487520291560254
786 787 0.090967030936004209
787 819 -0.030661686854338299
787 788 -0.46324188064151717
788 820 -0.0554197794991741
788 789 -0.91216817826205154
789 821 -1.1575545723724443
789 790 0.04218132415688023
790 822 -0.49842125254029179
790 791 -0.45463151520775469
791 823 -0.39232299853363156
791 792 -0.36828139820852929
792 824 0.94401533367262547
792 793 0.77589004615592383
793 825 -0.12186658274204833
793 794 0.48153521817387129
794 826 -1.511229130549435
794 795 0.49514699747601876
795 827 -1.1058623876749458
795 796 -0.8511966609954541
796 828 0.43398975057923239
796 797 -1.1838098997835762
797 829 -0.29867882074529362
797 798 -0.3049043075657335
798 830 -1.5466355941935332
798 799 1.243845510427978
799 831 -0.057480760410674347
768 799 -1.8290568722587677
800 832 0.63705584059014431
800 801 -0.23794402761712477
801 833 -1.8877096807963412
801 802 0.55717162774662754
802 834 1.2846147246481818
802 803 2.9637138311335152
803 835 0.885237227425132
803 804 0.36732711407974655
804 836 -1.9749336808149229
804 805 1.1962889603813813
805 837 -0.0073625995045824514
805 806 -1.6740794540214421
806 838 -0.3919840914628655
806 807 0.76238863656902178
807 839 -0.53258761298879531
807 808 -0.61504292237540126
808 840 -1.190295013858262
808 809 -2.5324699020492178
809 841 0.32256188752932685
809 810 1.1673050013064632
810 842 -0.33760131816504424
810 811 -0.075857119986290147
811 843 0.63999794732335946
811 812 1.9512661607805375
812 844 1.4283444759873274
812 813 1.0202534747331278
813 845 -0.87425199639032136
813 814 -2.0835329519507853
814 846 0.80892312303825975
814 815 -0.33216418225645739
815 847 0.23189282461022651
815 816 -0.99626350001749775
816 848 -0.029217530217357301
816 817 1.3576218347329563
817 849 0.30897061499451123
817 818 -0.86847802426894705
818 850 -0.75430818125778687
818 819 -0.7516816536674461
819 851 0.0022339019384392455
819 820 -1.2296066915972277
820 852 0.95543253465342248
820 821 -0.23136388849425127
821 853 -0.98004411649338419
821 822 0.8688364094300226
822 854 0.365658210056306
822 823 0.67540541182617519
823 855 1.8958951739085255
823 824 -0.24811611127453082
824 856 -0.68538929979693675
824 825 1.1169092523527187
825 857 0.0015185007541818403
825 826 -1.6261702143863181
826 858 0.088421411717860429
826 827 0.76387012478565763
827 859 0.77765553914561936
827 828 -0.48234792545317001
828 860 -0.41915207411048466
828 829 -0.36423251899314973
829 861 -1.958024807774428
829 830 0.1871420012078493
830 862 0.15606125560266271
830 831 0.57692378765422037
831 863 0.81394360307825586
800 831 -1.9546234361248986
832 864 0.096877137825648454
832 833 2.6754556913950589
833 865 0.97776791396392859
833 834 -1.5303513095088077
834 866 0.065587056236096772
834 835 0.9804018630826995
835 867 -0.83879194021892423
835 836 0.1119053740631941
836 868 -1.1875746881455653
836 837 -0.21072062830252397
837 869 -1.6968234949457515
837 838 0.91556140483517667
838 870 1.4554629496130917
838 839 0.2371263213027805
839 871 -0.79741427821297084
839 840 -0.21988867337072238
840 872 -0.7010447381109608
840 841 -0.26409498104202084
841 873 -2.410071686361666
841 842 -0.7749947476942709
842 874 -0.54168225193430508
842 843 -0.0078000962066963712
843 875 -0.099803346414463728
843 844 1.3666348730874822
844 876 -0.36478981971538305
844 845 -1.2647576929404893
845 877 0.064105271451761564
845 846 -0.6338388220308897
846 878 0.37232355271132045
846 847 -1.0328706762347453
847 879 -0.09129555768982818
847 848 -0.82052660256655874
848 880 -0.59295570494874728
848 849 -0.075548473892955534
849 881 -0.097087367386960499
849 850 -0.21686204690652477
850 882 0.72549726827162497
850 851 0.0083855176181714796
851 883 -0.75708833055452107
851 852 -0.87622050966094778
852 884 -0.34718325950418799
852 853 -0.30210776979619663
853 885 1.9019886030195388
853 854 -1.1833128976308438
854 886 -0.37409764695217035
854 855 0.47819377026239113
855 887 1.0042906676884038
855 856 0.53014858522087482
856 888 -0.41804768229106343
856 857 -0.79299515212380545
857 889 -0.11053769652513405
857 858 -1.2321544905403781
858 890 -0.031597476467647198
858 859 -0.47243149022913528
859 891 0.20732886422632302
859 860 -0.56578150788523507
860 892 0.69916355255119433
860 861 -0.2677514648825241
861 893 0.26788231742002105
861 862 -0.7286728988322726
862 894 -0.82231234976623624
862 863 -1.497210862730304
863 895 -0.13393042880197298
832 863 -0.55494392144496907
864 896 -0.42298678336425949
864 865 -0.54477498979095607
865 897 1.3263051085476245
865 866 -1.0196954866114405
866 898 -1.1351998320814836
866 867 -0.30154128617826365
867 899 0.51108668190201811
867 868 -1.1426556016332849
868 900 -0.12253697080535143
868 869 -0.77907231578209857
869 901 -1.0560535128297148
869 870 0.81390863344542463
870 902 -0.61189023806929532
870 871 -0.29860852530495463
871 903 -2.1667705010481395
871 872 -0.94606663629532028
872 904 -0.37965077112290724
872 873 1.6296312770021191
873 905 0.26189792526432565
873 874 0.69937456725032288
874 906 1.8713762763852448
874 875 0.1505308340675984
875 907 0.84775233268937822
875 876 0.024089742712827846
876 908 1.0667305884100253
876 877 -0.44386809601722937
877 909 -0.52412646448801248
877 878 2.6834288466219811
878 910 1.088206167135507
878 879 0.52892625739405041
879 911 -0.32066465740487016
879 880 0.77328144798496479
880 912 0.30190767256437712
880 881 -0.95532408894469234
881 913 -0.60099215909662351
881 882 2.2039624251128678
882 914 0.89182526988397171
882 883 -0.7970449473689375
883 915 0.92835883572690259
883 884 0.11434359350365884
884 916 0.18330561265576989
884 885 -1.2496104332528115
885 917 -2.122968987563338
885 886 -0.098492643455455345
886 918 -0.37545755199442821
886 887 -1.3707221384411175
887 919 0.25558743901259834
887 888 2.1244383803824523
888 920 1.9057550885023484
888 889 1.8045484201300941
889 921 0.88329466683367341
889 890 -1.2262766315543676
890 922 -0.36391680436703416
890 891 1.8445697724649477
891 923 0.14002195120004343
891 892 1.322894577004937
892 924 0.14479585987838675
892 893 1.283413566565091
893 925 0.24009142150425297
893 894 -1.2760199614229013
894 926 0.7504967545683785
894 895 0.1057768583514003
895 927 -0.076075312519450405
864 895 -0.3022989926835713
896 928 0.065481422929453761
896 897 -0.10940678019560461
897 929 0.3995604746617904
897 898 1.7457979470424425
898 930 1.3090891932250521
898 899 -1.5708474235860976
899 931 -1.4888381244439259
899 900 1.224332949847329
900 932 -1.3068029542628394
900 901 0.77735502307214177
901 933 -0.71457166724843124
901 902 0.81649779796890165
902 934 1.1530555413697843
902 903 -0.28004668304855818
903 935 -0.59026747698503035
903 904 -2.3384157946931095
904 936 -0.46270378827111985
904 905 1.5510398057177748
905 937 -0.91738926263420262
905 906 -0.24567910833758391
906 938 -0.58608345365380032
906 907 -0.41370468916853509
907 939 -1.2358062733562605
907 908 1.9125165878838994
908 940 -1.4379478779228889
908 909 0.080126445493122089
909 941 0.2852639260090975
909 910 -0.11224333429283262
910 942 1.0043166801412013
910 911 -0.98581754787089393
911 943 0.79693420098031076
911 912 -0.75499554668502789
912 944 0.15371013909005893
912 913 1.7682565750670665
913 945 -0.36461600465832322
913 914 -1.9036893202140408
914 946 0.40353040720470917
914 915 -0.23164266652970777
915 947 -0.72656092994505284
915 916 -0.16614607150907509
916 948 0.3706828858884913
916 917 0.51533090645947588
917 949 -1.058758388179907
917 918 1.2200415036101977
918 950 2.0530392036008833
918 919 1.5601676250302308
919 951 0.24984088854158501
919 920 0.4549155117689761
920 952 0.72325364635753642
920 921 -1.0643815690904859
921 953 -0.97379758727891919
921 922 0.38761822072619406
922 954 -0.30944305541246231
922 923 0.10998932020773966
923 955 1.4911838100061348
923 924 -0.29077030453380026
924 956 -1.0345968284040652
924 925 -0.79762318372409058
925 957 0.98232343583535808
925 926 -0.76129884390255209
926 958 -0.46595610769848389
926 927 -0.19125234346234074
927 959 -0.3058355895817646
896 927 1.3490745552964085
928 960 0.90807235086358473
928 929 -0.49569684127500024
929 961 -1.3175098036711217
929 930 1.1406175633777333
930 962 -1.8144312698650691
930 931 -0.61422671899651049
931 963 0.91131626927893883
931 932 -0.58584361846560629
932 964 0.37716498409065219
932 933 1.2114689859428254
933 965 1.890631409971258
933 934 0.71807906918911457
934 966 -0.44770837772853983
934 935 0.033637033093471935
935 967 -0.77820259820301529
935 936 -1.6717209051016255
936 968 0.61990359396630945
936 937 0.41944867782321726
937 969 0.10260231394736533
937 938 0.76905583214134099
938 970 1.9208010391829942
938 939 1.3413395227388363
939 971 0.31375982442688105
939 940 -0.053847086714426222
940 972 0.77123639291672763
940 941 0.89575725545532947
941 973 -0.25604420239962694
941 942 0.10705829518237202
942 974 0.44131508841617573
942 943 0.521769389145886
943 975 2.0544735237991172
943 944 -0.75181060765878827
944 976 -0.47961115027735224
944 945 0.33196547621987338
945 977 1.8935743416195039
945 946 1.120551418549572
946 978 1.5676795348307502
946 947 0.7499098493536297
947 979 -0.47089952172521699
947 948 0.31127036172983152
948 980 0.88594000357892366
948 949 1.8495695558090652
949 981 1.0616930544198877
949 950 0.087649793245439547
950 982 0.58701533300981346
950 951 -0.3143269426587541
951 983 0.32359988875420026
951 952 0.69733254129914102
952 984 2.7916707877073139
952 953 -0.78080254326789833
953 985 -1.106296987966729
953 954 -0.26083005008978555
954 986 0.74440269869098041
954 955 -1.0204177868398161
955 987 -0.59824424677511467
955 956 0.78818523455196132
956 988 -0.88000533284877902
956 957 -0.62650310620891003
957 989 0.36340315557184938
957 958 -0.94189387601336017
958 990 -2.3061530651744215
958 959 0.9114758661159128
959 991 -1.1165735169644586
928 959 1.3608266874756356
960 992 -1.5812538516375036
960 961 0.44654501329979401
961 993 -1.1540394480780372
961 962 0.63268639808440919
962 994 2.3766693042957985
962 963 2.2713990833473887
963 995 0.47374185547361181
963 964 -1.2158382793672828
964 996 0.54282608259263376
964 965 -0.07067640398524036
965 997 -0.086001538129355806
965 966 -0.06640331143352865
966 998 0.38692967556043878
966 967 -0.065481283314356972
967 999 -0.27109114418647812
967 968 -1.979860964341146
968 1000 0.10187917528921765
968 969 -0.57686420211144041
969 1001 0.044000418197203232
969 970 -0.12467193136111977
970 1002 -0.56745894821414722
970 971 -1.6333529181447766
971 1003 0.071003642711529286
971 972 -0.069839154313147467
972 1004 -1.9974242516562755
972 973 0.83410056382680309
973 1005 -0.34649599167118122
973 974 0.47106674125926562
974 1006 1.3274608399193466
974 975 -0.61510083000131255
975 1007 2.2116817650972505
975 976 -0.55375629125022352
976 1008 -0.64558976891408804
976 977 -0.25757445226971731
977 1009 -1.131717964548951
977 978 -0.33376237589655866
978 1010 0.61958375515632835
978 979 -0.013224719517104655
979 1011 -2.6622525035616511
979 980 -0.88229596272351585
980 1012 1.8665844645802725
980 981 1.2654062073575849
981 1013 -2.1154520465743669
981 982 1.377400137353836
982 1014 -0.23463760973322922
982 983 -0.47268303155461805
983 1015 -0.78950247716203614
983 984 -0.86252606771179208
984 1016 0.12472282638327165
984 985 -0.4703469119899869
985 1017 -0.82297690799654843
985 986 -1.5627715885507054
986 1018 -0.76069126408466525
986 987 -1.0211144823459919
987 1019 0.63735256175596233
987 988 -1.1346220980219914
988 1020 -0.2549239491725821
988 989 0.94789937068880359
989 1021 -0.57738667439297908
989 990 0.70234697028183402
990 1022 -0.45721058276325244
990 991 0.23640213481523376
991 1023 0.30341419218009452
960 991 -0.22209214759337295
0 992 0.62013217532686027
992 993 1.2295921923295021
1 993 0.84313256232959088
993 994 0.59531159925433363
2 994 2.1726375657096195
994 995 -0.031512017344316336
3 995 1.0544216209131605
995 996 1.1300946533682468
4 996 0.25588935448360423
996 997 -0.12122057811755191
5 997 0.22442960453495842
997 998 0.063798465682918859
6 998 0.47532454098900045
998 999 1.2129010288700375
7 999 -0.33932406084170263
999 1000 -1.4978518979133499
8 1000 1.4992168645180382
1000 1001 0.29655215870844859
9 1001 0.34205127002377711
1001 1002 -0.8561499433769475
10 1002 -0.63994658880082511
1002 1003 -0.70682497533914823
11 1003 -1.0771811644604277
1003 1004 0.25194623017440687
12 1004 -0.51842244791784742
1004 1005 0.63794447905791585
13 1005 1.5436221450662504
1005 1006 -0.089444661192323319
14 1006 -0.74597254564094839
1006 1007 0.8498488141842846
15 1007 0.70661857324767119
1007 1008 0.83660366773984807
16 1008 -0.31987283291253293
1008 1009 -1.373682853033229
17 1009 1.3783342945253401
1009 1010 -1.4270599952069685
18 1010 -0.054253121710402988
1010 1011 -0.38719559873180642
19 1011 -0.93457680035459001
1011 1012 0.55585861528328517
20 1012 0.009994171557970416
1012 1013 -0.70720752779522222
21 1013 0.93683149954112088
1013 1014 -0.53482400554721021
22 1014 0.065604590867416823
1014 1015 0.34419544002878733
23 1015 0.40736275527480337
1015 1016 -0.78206553749364416
24 1016 -0.46246656911348893
1016 1017 0.39722499405995565
25 1017 0.060101801393708645
1017 1018 -1.0129375802635472
26 1018 -0.26871913585309565
1018 1019 1.9735814969759351
27 1019 -1.835520194245903
1019 1020 -2.0260903933711059
28 1020 1.2348777524249601
1020 1021 -1.1007912657923866
29 1021 -0.2919113453928307
1021 1022 -0.25949558166860143
30 1022 0.87811842362155279
1022 1023 -0.20640234781552516
31 1023 -1.0746798217613531
992 1023 -0.15994456857838923
