# model=ea2d N=100 meanJ=0 seed=558615717 distribution=gaussian field=0 num_fields=100 num_couplings=200
0 0
1 0
2 0
3 0
4 0
5 0
6 0
7 0
8 0
9 0
10 0
11 0
12 0
13 0
14 0
15 0
16 0
17 0
18 0
19 0
20 0
21 0
22 0
23 0
24 0
25 0
26 0
27 0
28 0
29 0
30 0
31 0
32 0
33 0
34 0
35 0
36 0
37 0
38 0
39 0
40 0
41 0
42 0
43 0
44 0
45 0
46 0
47 0
48 0
49 0
50 0
51 0
52 0
53 0
54 0
55 0
56 0
57 0
58 0
59 0
60 0
61 0
62 0
63 0
64 0
65 0
66 0
67 0
68 0
69 0
70 0
71 0
72 0
73 0
74 0
75 0
76 0
77 0
78 0
79 0
80 0
81 0
82 0
83 0
84 0
85 0
86 0
87 0
88 0
89 0
90 0
91 0
92 0
93 0
94 0
95 0
96 0
97 0
98 0
99 0
0 10 0.37606186902666139
0 1 1.353597071886973
1 11 -0.46792998782075601
1 2 -0.23412940135483626
2 12 -0.73879462502425308
2 3 0.17735230406138461
3 13 -1.2380889270698421
3 4 0.95908411527531423
4 14 0.020051537490397849
4 5 -0.51984420385609353
5 15 -1.6394021931791847
5 6 0.55865825607694464
6 16 1.2099300032192988
6 7 0.7798822628199148
7 17 -0.70635984633649196
7 8 0.41529963295239219
8 18 0.15367357979156238
8 9 -0.20590293237006654
9 19 0.74888323008094471
0 9 -0.94128332626452416
10 20 0.32333910256478215
10 11 -0.33347102564525449
11 21 -0.56196000276689362
11 12 0.44945781000575685
12 22 0.23698161629221615
12 13 -1.2122064004996669
13 23 -0.82652988488478385
13 14 -0.35023372857010671
14 24 -0.9070032691673432
14 15 1.1831449582102926
15 25 -0.57358754559565506
15 16 0.33711279713670711
16 26 1.602359784016631
16 17 -0.32179280417312445
17 27 0.87116651790042232
17 18 0.64962201396431696
18 28 1.6860373473128081
18 19 -1.5288472814393756
19 29 -0.51280129175475497
10 19 0.19999091501640254
20 30 0.57995050279339189
20 21 0.8943380598576377
21 31 -0.74889025524955599
21 22 0.60572375956486535
22 32 -1.055681143637947
22 23 -1.3356526236262078
23 33 -0.43365816662806506
23 24 0.39383458551948503
24 34 0.37058980699241045
24 25 -0.94916146646768085
25 35 1.4943987144014166
25 26 1.1111631645661202
26 36 -0.73291519136415284
26 27 -0.060652050240159669
27 37 -0.7941596154626247
27 28 -1.1583008287941048
28 38 1.5577799623044555
28 29 -1.2214672120235273
29 39 -0.70049971370336794
20 29 2.2458146345888088
30 40 -0.84022740250753314
30 31 0.22263216489013091
31 41 0.11767250819541351
31 32 0.22580417033195666
32 42 -0.95121629172875366
32 33 0.028762773950729733
33 43 0.61771816897391452
33 34 -1.2220939531511628
34 44 2.2323893388107559
34 35 -0.5809205801077324
35 45 0.11531712745537075
35 36 -1.1482146341171318
36 46 -2.1408409200295018
36 37 -0.63576481441139254
37 47 0.54663370205938688
37 38 -0.64475936820423696
38 48 0.61815912350205793
38 39 0.13899669157774727
39 49 0.32953107599791692
30 39 0.84402873044910487
40 50 0.3967489509228202
40 41 0.088409764877172253
41 51 -0.46448919162860497
41 42 0.27563592604591369
42 52 -0.77452936851341625
42 43 -1.8128397024587419
43 53 0.52545301919296405
43 44 0.22009003443046143
44 54 -0.34588888844515153
44 45 0.94055448410833564
45 55 -0.30680079678926137
45 46 -2.3736915770498723
46 56 -0.33830557168086289
46 47 -0.76754798645023647
47 57 1.0738544924856941
47 48 0.086633099302407549
48 58 1.1099173564867395
48 49 0.89946681295604636
49 59 0.47690430305704928
40 49 0.27220410272038209
50 60 0.29930116206920826
50 51 -0.95005400938149909
51 61 -1.2027494700880841
51 52 1.5505783597065275
52 62 -0.38424111752140272
52 53 1.082429122218963
53 63 -0.24878778364542736
53 54 -0.29492417483708572
54 64 0.072259528827903999
54 55 0.3012825938576556
55 65 -0.96701939575359452
55 56 0.9998256823827586
56 66 0.024014862423237082
56 57 1.0240511317030347
57 67 -0.28637367081157161
57 58 -1.2551753896892732
58 68 -0.59045215514048466
58 59 1.3772040278914053
59 69 -2.6968165591451414
50 59 0.42436275443622051
60 70 1.110695123392897
60 61 -0.61955570529705795
61 71 -0.13240376172613227
61 62 0.78822496526533425
62 72 -1.0483802122411037
62 63 2.0221256348165872
63 73 -0.92885317729481687
63 64 -1.4378529633576085
64 74 1.1560264856689422
64 65 1.8424501828229976
65 75 -1.1308108209268317
65 66 -0.32618927479217991
66 76 0.044255643135348806
66 67 -2.3985633167703733
67 77 -1.0536217181743133
67 68 -0.85618775194050722
68 78 0.014090952275497323
68 69 0.79255409229415885
69 79 0.32002133841050479
60 69 -0.96444986129528709
70 80 1.327093927202974
70 71 -1.3351787513320397
71 81 -0.41589157990369013
71 72 0.71949788014076221
72 82 0.7716899328372766
72 73 -0.0039756575523565204
73 83 -0.14116708242531878
73 74 1.2230932791245581
74 84 0.45068522308857473
74 75 -0.66461272163881868
75 85 0.84637954702030271
75 76 1.8128161381827377
76 86 -1.2535648851206751
76 77 -2.6885663839618488
77 87 1.010003054399742
77 78 -0.8033979051223552
78 88 0.34760816493655861
78 79 0.90515462320202766
79 89 1.1178811433660132
70 79 0.54392560274317003
80 90 -0.3310801549899427
80 81 0.85282636688336788
81 91 0.53278348998155289
81 82 0.43049046527370899
82 92 1.0393079516827528
82 83 -1.2321642798128496
83 93 0.2169087153473607
83 84 0.82805744737682585
84 94 0.6018315394160183
84 85 -0.29832510242069477
85 95 -0.040880995277727712
85 86 -0.011210544842137342
86 96 -0.85982455428519944
86 87 0.81036157972439904
87 97 1.4056274900733545
87 88 -2.3040338792012633
88 98 0.49628058364979799
88 89 -0.74984888511142689
89 99 -0.4797214990096425
80 89 1.2339531955126586
0 90 -0.34358036139055043
90 91 -0.52269216567996613
1 91 -0.66974666143106176
91 92 0.32100603939165379
2 92 -0.46073694495664591
92 93 0.042925230197138987
3 93 -1.3397849659092282
93 94 -0.10561088241335626
4 94 0.97468876365171697
94 95 -2.2193302022882606
5 95 0.82507419309646723
95 96 -0.12346028460909172
6 96 -0.27704994451507281
96 97 -0.14239305344961486
7 97 0.62845901090168843
97 98 -1.5537966425400067
8 98 0.42863895244658962
98 99 0.49143448434227693
9 99 -2.5537841447377589
90 99 -0.066220524314598961
