# model=ea2d N=256 meanJ=0 seed=2584918744 distribution=gaussian field=0 num_fields=256 num_couplings=512
0 0
1 0
2 0
3 0
4 0
5 0
6 0
7 0
8 0
9 0
10 0
11 0
12 0
13 0
14 0
15 0
16 0
17 0
18 0
19 0
20 0
21 0
22 0
23 0
24 0
25 0
26 0
27 0
28 0
29 0
30 0
31 0
32 0
33 0
34 0
35 0
36 0
37 0
38 0
39 0
40 0
41 0
42 0
43 0
44 0
45 0
46 0
47 0
48 0
49 0
50 0
51 0
52 0
53 0
54 0
55 0
56 0
57 0
58 0
59 0
60 0
61 0
62 0
63 0
64 0
65 0
66 0
67 0
68 0
69 0
70 0
71 0
72 0
73 0
74 0
75 0
76 0
77 0
78 0
79 0
80 0
81 0
82 0
83 0
84 0
85 0
86 0
87 0
88 0
89 0
90 0
91 0
92 0
93 0
94 0
95 0
96 0
97 0
98 0
99 0
100 0
101 0
102 0
103 0
104 0
105 0
106 0
107 0
108 0
109 0
110 0
111 0
112 0
113 0
114 0
115 0
116 0
117 0
118 0
119 0
120 0
121 0
122 0
123 0
124 0
125 0
126 0
127 0
128 0
129 0
130 0
131 0
132 0
133 0
134 0
135 0
136 0
137 0
138 0
139 0
140 0
141 0
142 0
143 0
144 0
145 0
146 0
147 0
148 0
149 0
150 0
151 0
152 0
153 0
154 0
155 0
156 0
157 0
158 0
159 0
160 0
161 0
162 0
163 0
164 0
165 0
166 0
167 0
168 0
169 0
170 0
171 0
172 0
173 0
174 0
175 0
176 0
177 0
178 0
179 0
180 0
181 0
182 0
183 0
184 0
185 0
186 0
187 0
188 0
189 0
190 0
191 0
192 0
193 0
194 0
195 0
196 0
197 0
198 0
199 0
200 0
201 0
202 0
203 0
204 0
205 0
206 0
207 0
208 0
209 0
210 0
211 0
212 0
213 0
214 0
215 0
216 0
217 0
218 0
219 0
220 0
221 0
222 0
223 0
224 0
225 0
226 0
227 0
228 0
229 0
230 0
231 0
232 0
233 0
234 0
235 0
236 0
237 0
238 0
239 0
240 0
241 0
242 0
243 0
244 0
245 0
246 0
247 0
248 0
249 0
250 0
251 0
252 0
253 0
254 0
255 0
0 16 0.37744396379123041
0 1 0.21523830591365456
1 17 1.6559785209860303
1 2 -0.32264714357668683
2 18 -0.48032948162736122
2 3 1.858490749612117
3 19 0.83472416536248217
3 4 -0.50169051583834012
4 20 0.14503809487130884
4 5 -1.5856864301374232
5 21 0.47874764222093535
5 6 0.85680738237059129
6 22 1.3697936174384546
6 7 3.317331678311533
7 23 0.18536727278514428
7 8 0.98943588109209835
8 24 0.39993066557472373
8 9 -2.1307541590048267
9 25 -0.53811980482109012
9 10 1.2492952327718003
10 26 -0.68405524240216364
10 11 -0.77760571542911805
11 27 -0.16925158850520941
11 12 -0.13913873896384013
12 28 -0.40286028598968004
12 13 0.5190683959246104
13 29 0.54942517685373604
13 14 1.6032577399280563
14 30 -0.56798773344120967
14 15 -0.4628833408786851
15 31 -1.5513158911759297
0 15 -0.14991683129382385
16 32 0.3213440796628908
16 17 -0.17868808275153719
17 33 -0.24065323251545939
17 18 -0.080791249408124682
18 34 -0.061079168710770772
18 19 -0.39216983295086133
19 35 -0.69215259846946431
19 20 0.47278439318542714
20 36 -0.58257243126007652
20 21 -1.3090901844674427
21 37 0.93896564848359942
21 22 -0.94414717523346525
22 38 -1.5627661981546996
22 23 0.5396412657800006
23 39 1.9809920930596576
23 24 0.20124483332482371
24 40 -1.9052465808597174
24 25 1.5376223168359267
25 41 1.7164353351871391
25 26 -0.012886183753940916
26 42 0.70581421070590245
26 27 0.85667675716474301
27 43 -0.6228384454011936
27 28 -0.33385193708832778
28 44 0.10165231632154237
28 29 0.75164677535414037
29 45 -0.095864055089187106
29 30 0.23303950213777674
30 46 -2.1887248415274017
30 31 0.22713430264373166
31 47 -0.57728366579787527
16 31 0.68317537171203691
32 48 0.30555565106219335
32 33 0.41348043666002476
33 49 1.2057581834293138
33 34 1.0999074914459137
34 50 -1.3114443853047757
34 35 0.58419419206318823
35 51 -0.4440998862725179
35 36 -1.5848732401697261
36 52 1.4488049541966794
36 37 0.81205986557688592
37 53 0.14371279064667006
37 38 1.9356039527006286
38 54 0.45052566493291496
38 39 -0.37327533241357663
39 55 0.47273238592889671
39 40 0.5931094593896733
40 56 0.95763049054351401
40 41 -0.37268707901818571
41 57 -0.20616057950629924
41 42 1.1894058644107357
42 58 0.18852525201015907
42 43 1.760594598925872
43 59 0.96549971964843584
43 44 -0.93279438722583807
44 60 0.34244024012303342
44 45 -0.91269775966115274
45 61 1.4298022015617484
45 46 -0.69627026627381294
46 62 -0.21923858211099906
46 47 0.28110464871156354
47 63 1.1039441019436249
32 47 -1.6239501034207833
48 64 0.29842781250104006
48 49 1.5519476466853368
49 65 -1.2745793023911678
49 50 1.438056930415333
50 66 -0.38507105430595007
50 51 -0.3802813887557796
51 67 0.27295846244321331
51 52 -1.0878900182349522
52 68 0.43207539535602452
52 53 -0.79876016666513283
53 69 0.86768068484741556
53 54 -0.47674441152039893
54 70 0.058205209238473762
54 55 0.41303982470209033
55 71 0.40186676892453049
55 56 -0.54383035564346649
56 72 -0.66020673848847944
56 57 -0.32236543304750037
57 73 0.20246628985225384
57 58 -1.0724914163688601
58 74 1.6951167515279879
58 59 -0.53615909636643455
59 75 1.4433726010121266
59 60 0.78680944313807688
60 76 -2.8921546715668898
60 61 0.25677310462497721
61 77 1.4971670431227415
61 62 -1.9996318628202845
62 78 0.67986606523627036
62 63 0.71949595429055002
63 79 1.0183786091796965
48 63 -0.41883199591383052
64 80 0.25356974077229039
64 65 -0.5078003874459075
65 81 0.086026995404364814
65 66 -1.0097699715742814
66 82 1.1208394342965069
66 67 -1.7899379568538016
67 83 -0.16889505690193141
67 68 -0.053906945711637268
68 84 -0.10934560935210176
68 69 -0.57570586628956544
69 85 2.7390622466621934
69 70 -2.0839020304172955
70 86 -0.35392699050231552
70 71 -0.19743097055892053
71 87 -0.88289179886742464
71 72 0.18877812738449531
72 88 0.57450887951410667
72 73 0.51125327553055622
73 89 -0.46448503364297922
73 74 0.79964853579396944
74 90 1.9273395570527012
74 75 0.45757849546416246
75 91 -1.8708981873838213
75 76 -0.46831369484274843
76 92 0.30787342521604627
76 77 0.15045663888790428
77 93 1.4064132085438799
77 78 -0.96706330009438524
78 94 -0.13715660279963332
78 79 -0.97019825623598444
79 95 0.25547559502799061
64 79 1.4357129126686514
80 96 2.1546473977423544
80 81 0.88874815787522443
81 97 -0.29797081227457234
81 82 1.2358522262367253
82 98 0.18662936945292041
82 83 -1.9837813911422804
83 99 0.16388234395113821
83 84 0.085597911635565432
84 100 -0.35843499840338333
84 85 -0.7360694662000995
85 101 0.81683406948342607
85 86 0.39358084485727501
86 102 0.051162197105552476
86 87 -0.048808050801950609
87 103 0.54184036992266227
87 88 0.41123735115999682
88 104 -0.015405037274409611
88 89 -0.03047112564195481
89 105 0.89044913378649537
89 90 1.0365255014371884
90 106 -0.73129393217718397
90 91 -0.11377850859507907
91 107 0.1482528093714538
91 92 -0.58633545324917913
92 108 0.24177226685736034
92 93 -0.46901371155947119
93 109 -0.24719346363634101
93 94 0.95016289738340953
94 110 -0.8010792081952508
94 95 1.0479134547426003
95 111 -0.32004501208214126
80 95 0.064017692251273822
96 112 0.7698600566534769
96 97 1.0044657496349669
97 113 0.55751046121583814
97 98 -1.057741671772829
98 114 -0.6717400242861955
98 99 -1.0658966420881548
99 115 1.5434944690252739
99 100 0.9899404509519204
100 116 -0.51578558823678489
100 101 1.1595905970464002
101 117 0.17164720174213105
101 102 -0.20201818811752964
102 118 0.16253278623986275
102 103 1.1434487786232967
103 119 1.3467915950249301
103 104 0.95684549785261386
104 120 -0.58474029923767334
104 105 -0.81817439831609073
105 121 0.72389126139052629
105 106 -0.51098279581652062
106 122 1.9028883174916209
106 107 0.10602132893207308
107 123 1.6584171608699934
107 108 -0.55457524643209377
108 124 -0.97472484936926385
108 109 1.316208581338292
109 125 0.72309045065596855
109 110 1.4860046173400161
110 126 -0.20902914394876965
110 111 0.4797053193400817
111 127 -1.0412185470865667
96 111 -0.8117737650289697
112 128 -0.27554900383522796
112 113 -0.25007715858069474
113 129 -1.3062626312354986
113 114 -0.9144773534228029
114 130 -0.014296893670398651
114 115 -1.274527304703694
115 131 -0.033972676757604028
115 116 0.01204435978956208
116 132 0.76914379404862121
116 117 -0.29502626847615765
117 133 -2.0165340012972508
117 118 1.2118691163336479
118 134 0.88250680369983359
118 119 0.64990019433539015
119 135 -1.7640241836879564
119 120 -0.81760020632288077
120 136 1.1690636648988804
120 121 -0.99282496529654507
121 137 -0.18506684489756201
121 122 0.072786018728721633
122 138 0.040269572997274967
122 123 -0.76430003326975349
123 139 -0.25504162358765964
123 124 -0.35446125108015458
124 140 -1.5175833121614071
124 125 0.52509244623466578
125 141 -2.3394528296443919
125 126 -0.25692486474284709
126 142 0.79231857935833316
126 127 0.75417522963138595
127 143 -0.63095437170515412
112 127 -0.2497166712141918
128 144 -1.8836971954161326
128 129 0.82934436867787131
129 145 -0.75965881117168632
129 130 0.15605814463069992
130 146 1.8840384120634925
130 131 -0.9011426304945136
131 147 0.052283713688120119
131 132 -0.81134015774275559
132 148 0.98882987083910168
132 133 0.55483696505580193
133 149 1.2415416536726516
133 134 -0.012012057720683696
134 150 -0.59707194303389111
134 135 0.29748828343929767
135 151 1.1569664558810528
135 136 -0.58912321261637701
136 152 -1.5085168235813442
136 137 -1.8642213082094328
137 153 -0.39760732833277634
137 138 -0.99148306460622504
138 154 0.6251781543920143
138 139 -1.6359270919109155
139 155 0.38577753410511406
139 140 1.3740583722924391
140 156 -1.6315709395380724
140 141 0.21308182675490886
141 157 -0.35416239268193295
141 142 0.37014397427389606
142 158 -0.88855943228403744
142 143 1.3980375450151585
143 159 -2.1243887778390405
128 143 0.17667777988984842
144 160 0.23291910538441774
144 145 0.33359507443359282
145 161 -0.59794781466330715
145 146 0.58551053738752556
146 162 1.2594490052824034
146 147 2.597680952071741
147 163 1.0904153495976123
147 148 1.736992546146229
148 164 -0.65763208164405251
148 149 1.2225665709385303
149 165 0.093249370570248638
149 150 0.4106499722766031
150 166 0.62854804681466203
150 151 -1.0182298821560893
151 167 0.21312294390298236
151 152 0.97891130652745495
152 168 -1.0331899811081839
152 153 1.2791197082640124
153 169 0.21192837895837929
153 154 0.81735319292757802
154 170 -1.0449656556255253
154 155 -0.5714080613150283
155 171 -0.2514193725990479
155 156 -1.5866613154750888
156 172 1.5423274187464235
156 157 -0.092534950333478069
157 173 -1.6247690904375389
157 158 0.26842632139985051
158 174 -0.43154464721378261
158 159 0.85197098880096844
159 175 -0.19408691562906721
144 159 0.29842612885873149
160 176 0.44287632374381941
160 161 -0.84812981245191532
161 177 0.65669090528616703
161 162 -0.36822352032964684
162 178 -0.25168371923757316
162 163 0.74327168504015428
163 179 0.57398219091083436
163 164 -0.57577694087594655
164 180 -1.3894128088019326
164 165 1.6595812301749753
165 181 1.0747507921990727
165 166 -0.98374300330241093
166 182 1.0584210781935459
166 167 -0.76699715380263811
167 183 -1.4067887786974496
167 168 0.78989494473140986
168 184 0.31485455756853409
168 169 -0.011923471130474704
169 185 -0.37421636587609081
169 170 -1.278453570648862
170 186 -0.046728774635805145
170 171 -0.41388432469797221
171 187 0.46500950421696791
171 172 -0.38463414740104696
172 188 0.52026900620974437
172 173 -0.1730352782215647
173 189 0.14077136303500967
173 174 0.39891107157464722
174 190 -0.026130437050947284
174 175 0.05293556416052609
175 191 -0.70853291958159803
160 175 -0.35473870351285464
176 192 0.048773130472596106
176 177 -1.8544999401316411
177 193 0.19713565363189592
177 178 -1.7217489226721612
178 194 0.043240101775348594
178 179 0.29112584153210969
179 195 0.51357351706965648
179 180 -0.50705603460973081
180 196 -1.6824888147768851
180 181 0.28814536594220885
181 197 -0.14553786503418042
181 182 2.1052377011049175
182 198 2.2536393178834544
182 183 0.8645377850945879
183 199 -0.94638104504511855
183 184 -0.30792771605874258
184 200 1.8074428867593166
184 185 -1.0296305224675195
185 201 0.57011624125002036
185 186 -0.67533134179121346
186 202 1.2153158900244139
186 187 -0.81771650601965407
187 203 1.1155868157193443
187 188 -0.66395910035685568
188 204 1.8058963580099612
188 189 -0.12915001960695829
189 205 -0.7619583041486031
189 190 -1.5164977801353052
190 206 -0.57084589968173305
190 191 1.0433618608105111
191 207 -0.99839029883435637
176 191 -0.11581937592297613
192 208 -0.91141289371002809
192 193 0.13044709108696662
193 209 0.096107794793816939
193 194 -1.5766119577418514
194 210 0.43465128864710317
194 195 -1.2467432349584644
195 211 -0.64350667974777076
195 196 -1.906952716742738
196 212 -1.0426229854581675
196 197 -1.2150153831612998
197 213 -0.052566228908215461
197 198 1.0934349186957426
198 214 -0.45928638129757138
198 199 1.3755250624856337
199 215 0.20583969302377741
199 200 -0.5312930635455162
200 216 -2.08947545931062
200 201 1.1289288334151406
201 217 -0.34514202183153775
201 202 -0.66399891649524601
202 218 0.6210052078931968
202 203 -0.34822966339251499
203 219 -1.1546199742763765
203 204 0.42758737119056694
204 220 0.58916978433404643
204 205 -0.53435007467902584
205 221 1.4164830366362675
205 206 0.026581480375960941
206 222 -0.86813041282008196
206 207 0.98425926346312009
207 223 -0.35077625031677839
192 207 -0.53050902835542946
208 224 0.76582775511423906
208 209 0.37161454587016862
209 225 -0.5245812994480995
209 210 0.46479024941968938
210 226 -0.2656689500349837
210 211 1.9417921577779587
211 227 0.7478358428687284
211 212 0.86614436874646872
212 228 -0.80242664689838916
212 213 0.41968599923554972
213 229 0.14595908133060437
213 214 0.22908894781000658
214 230 -0.31577174522835605
214 215 0.45505751473885125
215 231 -1.3560242187786424
215 216 -0.60546355629648707
216 232 0.46516924117414138
216 217 -1.7071882826736116
217 233 0.76933344510319734
217 218 -1.3055452107046506
218 234 0.17816364313075023
218 219 -0.60115995450234883
219 235 -0.25301500171598235
219 220 -1.1998195773536235
220 236 0.49756290689388516
220 221 0.32150602777423087
221 237 -1.4070133772201965
221 222 -1.1009142650456731
222 238 0.2883091937093829
222 223 -0.49223496918615156
223 239 1.1472799093318882
208 223 -0.27330119561865612
224 240 -0.14276914335003946
224 225 -1.2121257081594643
225 241 -0.043273248073366001
225 226 0.95842741259077713
226 242 0.072783142709180945
226 227 -0.06945800277779822
227 243 0.27807204749564535
227 228 0.46096897661309283
228 244 -0.072143993306504173
228 229 -0.33883164647627562
229 245 0.56289358587662919
229 230 0.91516787911984965
230 246 0.3630933505994956
230 231 0.43978825827729029
231 247 0.38900695336885499
231 232 3.1173630691928769
232 248 -1.4865006507528025
232 233 -0.47425711379272073
233 249 1.1629336052170856
233 234 -1.0737911590830671
234 250 0.057734893635997687
234 235 0.44821322517683815
235 251 -0.2548661106241758
235 236 -0.92547514455822022
236 252 -0.21362735088129084
236 237 -0.62713305864019808
237 253 0.64727356368115074
237 238 -0.54835067021205486
238 254 -0.25971462762175673
238 239 -0.0067658760410748966
239 255 -0.37689772343201755
224 239 -0.7531269286425295
0 240 0.71788609557024297
240 241 0.58346518616138687
1 241 2.4977010797262138
241 242 0.56669980629367089
2 242 1.0463213335888808
242 243 -0.62608892740460598
3 243 0.21242167829108161
243 244 -1.2783347589387986
4 244 0.64858150181845187
244 245 -1.2081408973309815
5 245 -0.39359899409197097
245 246 -2.6740936748146802
6 246 0.14355252732880019
246 247 0.87605212692020662
7 247 -1.5504595534267376
247 248 -0.030485394511047242
8 248 -0.012671496404052678
248 249 0.3587053881012594
9 249 1.4946186267928672
249 250 -0.57132239469364821
10 250 -0.64114587001736711
250 251 0.80585269808665339
11 251 0.0534977845308727
251 252 -1.4259881325523258
12 252 0.032738119369544925
252 253 0.010937477100379523
13 253 0.13031495786734579
253 254 -1.1588964766698535
14 254 0.72901153429182797
254 255 -0.64472083472169306
15 255 -0.80104682050126452
240 255 0.87636536931172992
