# model=ea2d N=1024 meanJ=0 seed=1683931258 distribution=gaussian field=0 num_fields=1024 num_couplings=2048
0 0
1 0
2 0
3 0
4 0
5 0
6 0
7 0
8 0
9 0
10 0
11 0
12 0
13 0
14 0
15 0
16 0
17 0
18 0
19 0
20 0
21 0
22 0
23 0
24 0
25 0
26 0
27 0
28 0
29 0
30 0
31 0
32 0
33 0
34 0
35 0
36 0
37 0
38 0
39 0
40 0
41 0
42 0
43 0
44 0
45 0
46 0
47 0
48 0
49 0
50 0
51 0
52 0
53 0
54 0
55 0
56 0
57 0
58 0
59 0
60 0
61 0
62 0
63 0
64 0
65 0
66 0
67 0
68 0
69 0
70 0
71 0
72 0
73 0
74 0
75 0
76 0
77 0
78 0
79 0
80 0
81 0
82 0
83 0
84 0
85 0
86 0
87 0
88 0
89 0
90 0
91 0
92 0
93 0
94 0
95 0
96 0
97 0
98 0
99 0
100 0
101 0
102 0
103 0
104 0
105 0
106 0
107 0
108 0
109 0
110 0
111 0
112 0
113 0
114 0
115 0
116 0
117 0
118 0
119 0
120 0
121 0
122 0
123 0
124 0
125 0
126 0
127 0
128 0
129 0
130 0
131 0
132 0
133 0
134 0
135 0
136 0
137 0
138 0
139 0
140 0
141 0
142 0
143 0
144 0
145 0
146 0
147 0
148 0
149 0
150 0
151 0
152 0
153 0
154 0
155 0
156 0
157 0
158 0
159 0
160 0
161 0
162 0
163 0
164 0
165 0
166 0
167 0
168 0
169 0
170 0
171 0
172 0
173 0
174 0
175 0
176 0
177 0
178 0
179 0
180 0
181 0
182 0
183 0
184 0
185 0
186 0
187 0
188 0
189 0
190 0
191 0
192 0
193 0
194 0
195 0
196 0
197 0
198 0
199 0
200 0
201 0
202 0
203 0
204 0
205 0
206 0
207 0
208 0
209 0
210 0
211 0
212 0
213 0
214 0
215 0
216 0
217 0
218 0
219 0
220 0
221 0
222 0
223 0
224 0
225 0
226 0
227 0
228 0
229 0
230 0
231 0
232 0
233 0
234 0
235 0
236 0
237 0
238 0
239 0
240 0
241 0
242 0
243 0
244 0
245 0
246 0
247 0
248 0
249 0
250 0
251 0
252 0
253 0
254 0
255 0
256 0
257 0
258 0
259 0
260 0
261 0
262 0
263 0
264 0
265 0
266 0
267 0
268 0
269 0
270 0
271 0
272 0
273 0
274 0
275 0
276 0
277 0
278 0
279 0
280 0
281 0
282 0
283 0
284 0
285 0
286 0
287 0
288 0
289 0
290 0
291 0
292 0
293 0
294 0
295 0
296 0
297 0
298 0
299 0
300 0
301 0
302 0
303 0
304 0
305 0
306 0
307 0
308 0
309 0
310 0
311 0
312 0
313 0
314 0
315 0
316 0
317 0
318 0
319 0
320 0
321 0
322 0
323 0
324 0
325 0
326 0
327 0
328 0
329 0
330 0
331 0
332 0
333 0
334 0
335 0
336 0
337 0
338 0
339 0
340 0
341 0
342 0
343 0
344 0
345 0
346 0
347 0
348 0
349 0
350 0
351 0
352 0
353 0
354 0
355 0
356 0
357 0
358 0
359 0
360 0
361 0
362 0
363 0
364 0
365 0
366 0
367 0
368 0
369 0
370 0
371 0
372 0
373 0
374 0
375 0
376 0
377 0
378 0
379 0
380 0
381 0
382 0
383 0
384 0
385 0
386 0
387 0
388 0
389 0
390 0
391 0
392 0
393 0
394 0
395 0
396 0
397 0
398 0
399 0
400 0
401 0
402 0
403 0
404 0
405 0
406 0
407 0
408 0
409 0
410 0
411 0
412 0
413 0
414 0
415 0
416 0
417 0
418 0
419 0
420 0
421 0
422 0
423 0
424 0
425 0
426 0
427 0
428 0
429 0
430 0
431 0
432 0
433 0
434 0
435 0
436 0
437 0
438 0
439 0
440 0
441 0
442 0
443 0
444 0
445 0
446 0
447 0
448 0
449 0
450 0
451 0
452 0
453 0
454 0
455 0
456 0
457 0
458 0
459 0
460 0
461 0
462 0
463 0
464 0
465 0
466 0
467 0
468 0
469 0
470 0
471 0
472 0
473 0
474 0
475 0
476 0
477 0
478 0
479 0
480 0
481 0
482 0
483 0
484 0
485 0
486 0
487 0
488 0
489 0
490 0
491 0
492 0
493 0
494 0
495 0
496 0
497 0
498 0
499 0
500 0
501 0
502 0
503 0
504 0
505 0
506 0
507 0
508 0
509 0
510 0
511 0
512 0
513 0
514 0
515 0
516 0
517 0
518 0
519 0
520 0
521 0
522 0
523 0
524 0
525 0
526 0
527 0
528 0
529 0
530 0
531 0
532 0
533 0
534 0
535 0
536 0
537 0
538 0
539 0
540 0
541 0
542 0
543 0
544 0
545 0
546 0
547 0
548 0
549 0
550 0
551 0
552 0
553 0
554 0
555 0
556 0
557 0
558 0
559 0
560 0
561 0
562 0
563 0
564 0
565 0
566 0
567 0
568 0
569 0
570 0
571 0
572 0
573 0
574 0
575 0
576 0
577 0
578 0
579 0
580 0
581 0
582 0
583 0
584 0
585 0
586 0
587 0
588 0
589 0
590 0
591 0
592 0
593 0
594 0
595 0
596 0
597 0
598 0
599 0
600 0
601 0
602 0
603 0
604 0
605 0
606 0
607 0
608 0
609 0
610 0
611 0
612 0
613 0
614 0
615 0
616 0
617 0
618 0
619 0
620 0
621 0
622 0
623 0
624 0
625 0
626 0
627 0
628 0
629 0
630 0
631 0
632 0
633 0
634 0
635 0
636 0
637 0
638 0
639 0
640 0
641 0
642 0
643 0
644 0
645 0
646 0
647 0
648 0
649 0
650 0
651 0
652 0
653 0
654 0
655 0
656 0
657 0
658 0
659 0
660 0
661 0
662 0
663 0
664 0
665 0
666 0
667 0
668 0
669 0
670 0
671 0
672 0
673 0
674 0
675 0
676 0
677 0
678 0
679 0
680 0
681 0
682 0
683 0
684 0
685 0
686 0
687 0
688 0
689 0
690 0
691 0
692 0
693 0
694 0
695 0
696 0
697 0
698 0
699 0
700 0
701 0
702 0
703 0
704 0
705 0
706 0
707 0
708 0
709 0
710 0
711 0
712 0
713 0
714 0
715 0
716 0
717 0
718 0
719 0
720 0
721 0
722 0
723 0
724 0
725 0
726 0
727 0
728 0
729 0
730 0
731 0
732 0
733 0
734 0
735 0
736 0
737 0
738 0
739 0
740 0
741 0
742 0
743 0
744 0
745 0
746 0
747 0
748 0
749 0
750 0
751 0
752 0
753 0
754 0
755 0
756 0
757 0
758 0
759 0
760 0
761 0
762 0
763 0
764 0
765 0
766 0
767 0
768 0
769 0
770 0
771 0
772 0
773 0
774 0
775 0
776 0
777 0
778 0
779 0
780 0
781 0
782 0
783 0
784 0
785 0
786 0
787 0
788 0
789 0
790 0
791 0
792 0
793 0
794 0
795 0
796 0
797 0
798 0
799 0
800 0
801 0
802 0
803 0
804 0
805 0
806 0
807 0
808 0
809 0
810 0
811 0
812 0
813 0
814 0
815 0
816 0
817 0
818 0
819 0
820 0
821 0
822 0
823 0
824 0
825 0
826 0
827 0
828 0
829 0
830 0
831 0
832 0
833 0
834 0
835 0
836 0
837 0
838 0
839 0
840 0
841 0
842 0
843 0
844 0
845 0
846 0
847 0
848 0
849 0
850 0
851 0
852 0
853 0
854 0
855 0
856 0
857 0
858 0
859 0
860 0
861 0
862 0
863 0
864 0
865 0
866 0
867 0
868 0
869 0
870 0
871 0
872 0
873 0
874 0
875 0
876 0
877 0
878 0
879 0
880 0
881 0
882 0
883 0
884 0
885 0
886 0
887 0
888 0
889 0
890 0
891 0
892 0
893 0
894 0
895 0
896 0
897 0
898 0
899 0
900 0
901 0
902 0
903 0
904 0
905 0
906 0
907 0
908 0
909 0
910 0
911 0
912 0
913 0
914 0
915 0
916 0
917 0
918 0
919 0
920 0
921 0
922 0
923 0
924 0
925 0
926 0
927 0
928 0
929 0
930 0
931 0
932 0
933 0
934 0
935 0
936 0
937 0
938 0
939 0
940 0
941 0
942 0
943 0
944 0
945 0
946 0
947 0
948 0
949 0
950 0
951 0
952 0
953 0
954 0
955 0
956 0
957 0
958 0
959 0
960 0
961 0
962 0
963 0
964 0
965 0
966 0
967 0
968 0
969 0
970 0
971 0
972 0
973 0
974 0
975 0
976 0
977 0
978 0
979 0
980 0
981 0
982 0
983 0
984 0
985 0
986 0
987 0
988 0
989 0
990 0
991 0
992 0
993 0
994 0
995 0
996 0
997 0
998 0
999 0
1000 0
1001 0
1002 0
1003 0
1004 0
1005 0
1006 0
1007 0
1008 0
1009 0
1010 0
1011 0
1012 0
1013 0
1014 0
1015 0
1016 0
1017 0
1018 0
1019 0
1020 0
1021 0
1022 0
1023 0
0 32 -0.34385494024481378
0 1 0.13459832543409414
1 33 0.20291038047273033
1 2 0.2930281390900587
2 34 -0.1979366955420904
2 3 -0.79245541524035645
3 35 0.086694776449518979
3 4 -0.44697721666324608
4 36 1.9916569733964788
4 5 0.91053426964015716
5 37 0.44632773574279327
5 6 0.76669850369081605
6 38 1.1181997395407004
6 7 -0.53058254838866004
7 39 -0.38461098839809937
7 8 0.12536576264582044
8 40 1.2578783462774612
8 9 0.1851100649375029
9 41 -1.0755633059152401
9 10 -0.76339978778155726
10 42 -0.35938191318750506
10 11 -0.051709429887744074
11 43 0.71710698749195823
11 12 -0.9609543415560069
12 44 -1.7428186890492821
12 13 -0.39468517071926479
13 45 0.35308963687431161
13 14 0.53657873872966422
14 46 -0.90421627742231747
14 15 -1.6317194011722338
15 47 1.8102378163644202
15 16 0.039766269535966091
16 48 0.57600371623676405
16 17 -1.2986069211763387
17 49 -0.19139133629430677
17 18 0.57974074453192292
18 50 0.002567740549377473
18 19 -1.0631916002290458
19 51 0.45492874289009377
19 20 -1.3360306345978108
20 52 0.12240338452939439
20 21 1.1995256576014701
21 53 0.1177152304402129
21 22 -1.0121172620830867
22 54 -0.088828418587445154
22 23 0.074327013063731892
23 55 -0.4534444072641744
23 24 -1.9762841859403866
24 56 1.3806674786417568
24 25 -1.9892210484270296
25 57 0.91621274857998591
25 26 0.026004562036907045
26 58 0.38910088542110616
26 27 0.44846392517213146
27 59 0.18005591283943245
27 28 -0.74607026151780653
28 60 -1.3295672233706659
28 29 -2.4949389555080659
29 61 -0.83439826263189831
29 30 -1.0838418000949452
30 62 -0.64743227707147344
30 31 0.29178676483329685
31 63 1.3779950424558978
0 31 -0.83682386013220234
32 64 -0.70666536667583058
32 33 -1.2229704165972126
33 65 -0.1887541301250826
33 34 0.58759561045514996
34 66 -0.85012214362691918
34 35 -0.35998439420893941
35 67 0.93933319598307075
35 36 -0.17155432416001434
36 68 -0.73650456417072552
36 37 -1.0897359892492799
37 69 -0.048842705549329707
37 38 -0.56894326651850347
38 70 -1.341285921969062
38 39 -0.025690907177278711
39 71 0.32646483783953628
39 40 0.9266938158271304
40 72 0.17447376374679516
40 41 0.14849177099010891
41 73 0.016425295305803427
41 42 2.6179704362403249
42 74 -0.13071075934368132
42 43 0.26238701109096341
43 75 -1.1440665014426419
43 44 -0.33863787599283179
44 76 -1.231282926250387
44 45 0.94450412445091247
45 77 0.63463196834777713
45 46 -0.36423023837972074
46 78 0.32141306864826846
46 47 0.19646939454395893
47 79 0.58075853030651148
47 48 -0.88238407957390386
48 80 -1.0738742051141592
48 49 -0.2465770813458453
49 81 0.4968896917022903
49 50 1.6141999332751682
50 82 1.0429054159116427
50 51 -0.036136778645004398
51 83 -0.86133076397011388
51 52 1.2882339539509338
52 84 -0.74193354980844517
52 53 1.4108050630347662
53 85 0.26756801074512671
53 54 0.70455365390566949
54 86 -0.28504194608169098
54 55 0.10378927198066284
55 87 0.94679834098666593
55 56 -1.6226668927373662
56 88 -2.0328688059494806
56 57 2.6035593577284644
57 89 -1.2588838661970068
57 58 2.4267089473792254
58 90 0.78881951833637087
58 59 -0.33221151783327496
59 91 -1.2847591583432068
59 60 -0.83706455445140726
60 92 -0.17943507500887293
60 61 1.1562691025008338
61 93 -0.31328011871544975
61 62 -0.80270329866237478
62 94 -0.88756249338388493
62 63 -1.9870524033567496
63 95 -0.48221190939640768
32 63 1.155405091133159
64 96 0.56396849115186065
64 65 -1.2486418079514034
65 97 -0.27340491598076844
65 66 0.14878047271133349
66 98 0.27931676130872796
66 67 -0.60513296398463146
67 99 0.80688148495849754
67 68 -0.15072557221913951
68 100 0.5141517375426865
68 69 0.2114656325898574
69 101 0.7721407725776176
69 70 -0.2972867413899461
70 102 -0.62621311880704777
70 71 -0.82231972883645654
71 103 1.5824847345339739
71 72 -0.57893146775247173
72 104 0.46929890249395506
72 73 -1.2690664225466193
73 105 -0.75982976212131115
73 74 -0.22816816045706975
74 106 0.48106745204988838
74 75 1.276224063892325
75 107 1.253296886165109
75 76 1.0309663878765936
76 108 1.1606186054345269
76 77 -0.81323718525238187
77 109 1.7770049557767744
77 78 -0.66192036499350171
78 110 0.94196369551963299
78 79 -2.2522529325862215
79 111 -1.2042067205414231
79 80 -1.3467092696696907
80 112 -0.96647535326690848
80 81 -1.1163720614988402
81 113 0.35857534931659901
81 82 -1.0595650467009177
82 114 -0.23620006585061282
82 83 -0.97597713349620852
83 115 0.61064922857613813
83 84 -0.16189739611980311
84 116 -1.636280839422446
84 85 -0.55665885235493029
85 117 0.18998879913636715
85 86 -1.5155662567957187
86 118 -1.0185709831790277
86 87 0.68221643803044973
87 119 -0.39462451280746236
87 88 1.385970469761779
88 120 0.47828731671075247
88 89 0.73280849798396841
89 121 -0.16789245266489458
89 90 0.28525632197151979
90 122 0.6265943087618242
90 91 0.60675346470389702
91 123 -0.12729949576656552
91 92 -0.89672191173345328
92 124 0.74691759485692855
92 93 0.068018408270876254
93 125 1.1538693041273336
93 94 -0.5443882864924271
94 126 0.42980240858492036
94 95 0.70021612311285408
95 127 0.64027736160660453
64 95 -1.6060202098939016
96 128 0.20678150658826194
96 97 -1.5277726419389506
97 129 -0.68513890845615466
97 98 0.56706937316773798
98 130 0.72704733343359906
98 99 1.4081351930223485
99 131 -1.4555987154836663
99 100 -0.22320255803144098
100 132 -0.529795606751162
100 101 0.29314975027191004
101 133 -0.24108609331557354
101 102 0.91849049278641426
102 134 -0.32371309636065754
102 103 -1.0640506572128146
103 135 -1.6679341865401152
103 104 -0.38843242444458204
104 136 0.62427352561591254
104 105 1.2652813290627771
105 137 -0.20082200670264519
105 106 -1.2049728600694667
106 138 -1.023706464847763
106 107 -1.2642462042750608
107 139 -1.0164180523907274
107 108 0.42518984539263566
108 140 1.3386884175808411
108 109 1.2393438852600349
109 141 -1.4837010276047871
109 110 -0.043786370766669497
110 142 -1.233183599530447
110 111 -0.44138750179987296
111 143 -0.067409591884989975
111 112 0.74219911006079842
112 144 0.9287196224901324
112 113 0.63652747699219359
113 145 1.0234593980712994
113 114 -1.1724334443017463
114 146 -0.78472305898127526
114 115 -0.58153009428297275
115 147 -1.3954818055537508
115 116 -2.3680898238010331
116 148 -1.0334510919465207
116 117 -1.5000371571821558
117 149 0.19963323179953252
117 118 1.1336626108098387
118 150 -0.72817556257809901
118 119 -0.062374772265749473
119 151 -0.2451232616499458
119 120 -1.4542919766239424
120 152 1.4556577108873112
120 121 -0.51801855845938272
121 153 1.2001729067099085
121 122 0.18054592481165968
122 154 1.9465429175381699
122 123 -0.46326101873338088
123 155 1.0340369301940668
123 124 0.78234064852147767
124 156 -1.1459129561753385
124 125 1.2539990371403924
125 157 -0.43976488878207509
125 126 -0.14248074250492296
126 158 0.14653291312322805
126 127 1.0978406289944087
127 159 0.097354590162006455
96 127 0.21138728974214097
128 160 1.2232237610822592
128 129 -0.63089607719839813
129 161 0.25244794177548141
129 130 -0.56739696131877904
130 162 -1.2604455469881659
130 131 -0.16954757138507054
131 163 -0.68321659228209064
131 132 1.7324595280915192
132 164 -0.26520154650431998
132 133 0.42545773236452095
133 165 -1.7179989058000806
133 134 -0.89336739023407918
134 166 -0.78677633509983869
134 135 0.26748883553779296
135 167 -0.99772854064215999
135 136 1.3711771924053733
136 168 -1.3827403456649996
136 137 1.5081276186982668
137 169 1.0857981123034444
137 138 0.072631283448194098
138 170 0.10787710960091161
138 139 1.2686353538232618
139 171 -1.2293581547146988
139 140 0.37811624533641269
140 172 1.1828785239896851
140 141 -0.33702865806140003
141 173 -0.26316927401607088
141 142 -0.38825763660691953
142 174 -2.0336902270448838
142 143 -0.2232155716651775
143 175 -0.46724932382413725
143 144 0.28082140769848435
144 176 -0.29094125441054547
144 145 0.18310851084378779
145 177 -0.40052185640134036
145 146 0.24032849409699031
146 178 -0.28502714111925009
146 147 0.34441594876915693
147 179 -0.46556319109116018
147 148 0.74132202639966138
148 180 -1.1810985569157677
148 149 1.5852877130973746
149 181 -0.42995087062395343
149 150 -0.58079569971672917
150 182 -0.9837375304946917
150 151 0.45483851264808961
151 183 -0.33211558934309704
151 152 -0.45871151752731171
152 184 0.58089035514772314
152 153 -0.93700778690496367
153 185 0.67981082995717201
153 154 0.6459463805405069
154 186 -2.6080539186619447
154 155 1.393213782539714
155 187 -1.9928162800795686
155 156 -1.1583746068261147
156 188 -0.51152851356731233
156 157 -0.34825090118451058
157 189 1.8069189735618045
157 158 -0.16920755902524975
158 190 -0.98854263660153874
158 159 -1.1612330195293474
159 191 0.31711851397315921
128 159 -0.16668958459975985
160 192 -0.23303873825923482
160 161 0.97565491219917422
161 193 0.41760049018742207
161 162 0.44258612001887387
162 194 0.2686381552508702
162 163 0.64635967803120764
163 195 -0.32496757882526517
163 164 0.42316862031692576
164 196 -1.1551529541258907
164 165 2.6747118287514184
165 197 -1.2105833977652805
165 166 -0.64834505991498292
166 198 1.0769584502568335
166 167 -0.16596990243829565
167 199 -0.53328648974512483
167 168 -1.5693189679628412
168 200 -0.80021980306494178
168 169 1.5417632542016106
169 201 -0.74982655583943136
169 170 -0.99689198002246271
170 202 0.81605969016224122
170 171 -0.48765651013669947
171 203 -0.51695359569949217
171 172 1.3391448878348009
172 204 1.2386490967917183
172 173 -0.31210503689476765
173 205 -1.9672228411647605
173 174 1.7989392404308118
174 206 2.2726054648011633
174 175 0.19199809904955001
175 207 1.7158783260140398
175 176 1.2632288638671005
176 208 -0.95206868615728213
176 177 1.9954225813573494
177 209 -0.69937693194137684
177 178 -1.8190188395786899
178 210 1.1028746520823152
178 179 -0.11704655368781545
179 211 1.2110130623412869
179 180 -0.25733406383448681
180 212 -0.93846368114279677
180 181 -3.0814635549435634
181 213 0.68319181448489175
181 182 -1.0723403180477362
182 214 -0.68956772697316326
182 183 -1.0056878286966471
183 215 0.13393568630826622
183 184 -0.30653424437303506
184 216 2.1427114644354992
184 185 -0.75926125665988908
185 217 -0.49922582003046978
185 186 0.76914703001298845
186 218 -0.98104185156858348
186 187 1.1006122489788503
187 219 -0.87766880097320887
187 188 0.62919409632286605
188 220 -1.2210220858452403
188 189 0.5715270891168851
189 221 -0.59086872119624778
189 190 -1.0394530713765742
190 222 0.23880364209902014
190 191 0.2736796300832513
191 223 -0.74922479523085928
160 191 0.35469873652592904
192 224 0.55012073108514381
192 193 0.090688231385813806
193 225 0.042118563436884193
193 194 1.3784862844719719
194 226 -0.75203011187591384
194 195 -1.0003187796689461
195 227 1.4213213032969252
195 196 0.97955463722117109
196 228 0.94461088105169866
196 197 -0.28981657467281186
197 229 0.63364252080688588
197 198 1.8857538441132797
198 230 0.32627805666764409
198 199 1.4534976196854248
199 231 -0.65708452815321072
199 200 0.23435881772014286
200 232 -0.79913569461330403
200 201 0.89421612982016441
201 233 -0.64210934655517071
201 202 0.86965505606987703
202 234 -0.256581013848665
202 203 0.36130419129640007
203 235 1.3609284584086005
203 204 0.71260525165536404
204 236 2.3370554509849799
204 205 -0.5618238577118656
205 237 -0.39157229120512377
205 206 0.079500991353200781
206 238 0.40765827419445078
206 207 -0.55400048329699481
207 239 0.93725972582640771
207 208 0.98431950206941676
208 240 -1.3169522030416458
208 209 -0.024912384618644992
209 241 1.177379602608337
209 210 0.91296835874477145
210 242 -1.170395650804154
210 211 -0.5806653594669452
211 243 1.3964539636324167
211 212 -0.75926142422542653
212 244 1.561158951436205
212 213 -1.053930330404967
213 245 0.85581500931449195
213 214 -0.75472526527210726
214 246 -0.64114783938656195
214 215 0.94216863311374943
215 247 -1.4661435500097968
215 216 0.092596391328532507
216 248 -1.5858633292570377
216 217 -0.059727460135327738
217 249 1.5999406343532176
217 218 0.068055126322860121
218 250 -1.602543412969865
218 219 1.5630036973977677
219 251 1.365108713100095
219 220 0.93122229649026034
220 252 0.31349811276695683
220 221 0.39775095122543708
221 253 0.54448977769321216
221 222 1.3403236305974162
222 254 -0.9644755690437905
222 223 1.2041242361737714
223 255 0.19338467368990914
192 223 -0.53658273059016204
224 256 -1.9567124108048164
224 225 1.6686273033700818
225 257 -0.52025945329324619
225 226 0.26119972604887853
226 258 0.01213333358759312
226 227 -1.6025899426376411
227 259 -0.67414076991915606
227 228 1.6406126691053344
228 260 3.1315777651030952
228 229 -0.34925579884489932
229 261 -1.6639516518639057
229 230 0.49833098313927698
230 262 0.90609408229840782
230 231 2.0919264128232724
231 263 0.021997941796617192
231 232 -0.014398518494433637
232 264 -0.027474598365594374
232 233 -0.4086090896442458
233 265 0.95654434772011487
233 234 -1.4245206421358465
234 266 -0.8830930402688727
234 235 -0.52834232077898491
235 267 1.0944879079395584
235 236 0.74948366189085813
236 268 0.4564697385490446
236 237 -0.033230449262988578
237 269 0.15100220412422036
237 238 -0.48974342197395793
238 270 -0.19242481461831684
238 239 0.059050706705593252
239 271 -1.3996614993513365
239 240 -0.76106162579714232
240 272 0.2329858479595481
240 241 -1.0302422505310709
241 273 1.3094797380343672
241 242 -1.3329820393284841
242 274 2.1285214840037319
242 243 2.3828870634694788
243 275 -0.47605737009326499
243 244 0.51120923120539052
244 276 -1.2739392147909141
244 245 0.85640596595517615
245 277 -0.35412515566943409
245 246 0.86168384313809165
246 278 0.52092156228398978
246 247 -0.032172166085369408
247 279 -2.4901196954067459
247 248 -1.011959596196415
248 280 -0.35830852546534603
248 249 -1.0312801783831242
249 281 -1.8708758167955559
249 250 1.1303261628465808
250 282 -0.4164927856345535
250 251 -0.30725353861912574
251 283 0.066018145578295995
251 252 0.23086769059335488
252 284 -1.8541258215500216
252 253 0.69149680175448225
253 285 0.40778997858112515
253 254 0.15186019635754158
254 286 -0.51424533930235394
254 255 1.5981679327115705
255 287 1.7718035487150305
224 255 -0.19268723119469461
256 288 1.2906986243612792
256 257 0.3260234238027841
257 289 -0.72890216773381289
257 258 1.9919534792114513
258 290 -0.7201766658742067
258 259 -0.87608649221328083
259 291 0.17579680366953768
259 260 -0.20099884925076092
260 292 -0.45236263297560103
260 261 0.015475814699622739
261 293 -0.0819489411443656
261 262 0.21729829594412414
262 294 0.44794564478102722
262 263 -1.868024402811659
263 295 0.37449409754633833
263 264 -2.0396663999528513
264 296 0.77511946205115756
264 265 -0.94757059701230761
265 297 -0.21083448226588361
265 266 0.5666631068991359
266 298 -0.72109527927847694
266 267 0.93831585881389845
267 299 1.1448526850850524
267 268 0.10960693492479164
268 300 0.42671567978139446
268 269 0.65258730841028567
269 301 -2.5484616796744439
269 270 -0.25974115614687271
270 302 0.16634360953592728
270 271 1.2226984262742988
271 303 -0.93228954975681433
271 272 0.79887260615746203
272 304 0.70968109330613827
272 273 0.014664509804444071
273 305 -2.5375399498877762
273 274 -0.15253116916277687
274 306 0.28027156752930688
274 275 -1.0628288570989157
275 307 1.1352044753355774
275 276 -0.48713617750103633
276 308 -0.17056500287395282
276 277 1.1474892802902747
277 309 -0.065216012956061872
277 278 -1.1105254517466121
278 310 -0.39984341395667261
278 279 0.52756229427924006
279 311 -0.41279271843913301
279 280 0.87795211087959235
280 312 0.08165030050229577
280 281 -1.1706445806809345
281 313 -0.54295316157986484
281 282 -0.82515932675068293
282 314 0.97721585272330791
282 283 -1.1737824447062966
283 315 1.7522304604517214
283 284 0.90618630234108266
284 316 -0.06289071075319827
284 285 1.2754238451960083
285 317 0.44320268522037071
285 286 1.0962308107820935
286 318 -0.54936743081700623
286 287 0.85038080067365807
287 319 -1.0691907047384832
256 287 -2.8011595164491845
288 320 1.0526697544608479
288 289 -0.96923218585026538
289 321 -0.5384306773029105
289 290 0.07935001846773572
290 322 -0.012907120438797564
290 291 1.2550727872908043
291 323 -0.025389127352200631
291 292 0.73323486263109183
292 324 -0.059110402509776103
292 293 -0.49932721090459758
293 325 -0.12655389203333506
293 294 0.77305988779170898
294 326 -0.7708823814691389
294 295 -0.92921518902557632
295 327 -0.49164439435847029
295 296 0.049453169955941428
296 328 -1.097105355754207
296 297 -0.41244328563301502
297 329 0.10229847735986458
297 298 0.89619442163559493
298 330 1.0079413355299964
298 299 1.8815812471839073
299 331 -0.83323825010100838
299 300 -0.80717619394351892
300 332 0.78987672128797815
300 301 0.0249863596241694
301 333 -1.5893203020670674
301 302 -0.59674683167345632
302 334 1.1146876286420739
302 303 -0.34876371553953839
303 335 -0.80135650804192204
303 304 -0.34855896092599664
304 336 1.9018390771017688
304 305 -0.23689022202981194
305 337 1.3677126160450419
305 306 0.44316148998725818
306 338 0.21437338779208648
306 307 1.3427855205311119
307 339 -0.74348999434126062
307 308 0.40221530791128962
308 340 -0.63355301322598612
308 309 -1.081826664337814
309 341 -1.0859762655208687
309 310 0.27341937757461909
310 342 -1.0429402680931044
310 311 -0.051135148985188027
311 343 -1.701666799455781
311 312 -0.049835917981769874
312 344 -0.99766301458745899
312 313 0.52889470502853742
313 345 1.8086245313973697
313 314 -0.018178251701123072
314 346 -0.52387710332051307
314 315 0.24497145430343448
315 347 -1.6904317724884121
315 316 1.4174003499470478
316 348 -0.7863676365893858
316 317 0.72522567472315669
317 349 0.7388513688959174
317 318 -1.1731753701403056
318 350 -0.96588862777237938
318 319 0.26272579262561446
319 351 2.5907814544355392
288 319 -1.6910651965350858
320 352 -0.31581996891290237
320 321 0.82242245566117345
321 353 -2.6687910903014425
321 322 -0.89668911143515806
322 354 -0.049482584420668697
322 323 -0.90184477016707587
323 355 0.24351948129282833
323 324 0.87332744806885454
324 356 -1.1397377885556446
324 325 -1.3146450859009566
325 357 2.1315525670799844
325 326 -0.7582743896151346
326 358 1.4114370633519266
326 327 0.6025611753339889
327 359 -0.38968068082419655
327 328 0.093115115857134834
328 360 1.2672870494297748
328 329 0.21589840812994188
329 361 0.843301927908502
329 330 -0.8054973966829071
330 362 1.0490412198866963
330 331 0.07779102212634717
331 363 0.54352186261543989
331 332 -1.8075639258736618
332 364 -0.082485222418046858
332 333 0.95852436357916582
333 365 0.50775337556331535
333 334 -0.011423339764609942
334 366 1.4467809911882679
334 335 0.43626735382069587
335 367 -1.6987618670085141
335 336 -1.8729420159146248
336 368 0.20012740164810849
336 337 -0.7081488024400393
337 369 -0.11126325593621678
337 338 -0.11575856661220459
338 370 0.49195867725144188
338 339 0.32335826456231109
339 371 1.2366804560923648
339 340 -1.0648480699271923
340 372 -0.98259086253487748
340 341 -0.40925380630225422
341 373 0.6529106317866179
341 342 -1.166294652610993
342 374 0.50119874558843458
342 343 -0.640384163906902
343 375 0.052774252452943801
343 344 -0.49708177401052045
344 376 -0.36292253664339635
344 345 -0.81565791927249109
345 377 -1.3282568490985693
345 346 -1.8309383020277441
346 378 0.39455918951550606
346 347 0.18243504609108005
347 379 0.46515111422866667
347 348 -0.11260411716435167
348 380 0.9173248964142785
348 349 1.4761127219069965
349 381 -0.41233370482505532
349 350 0.53795250661786009
350 382 -0.32692572579636886
350 351 -1.5766915550730174
351 383 0.41991531824001621
320 351 0.18722116426548763
352 384 -0.65875921822685679
352 353 -0.78850557272952382
353 385 0.37458003237515014
353 354 0.68428306789356164
354 386 -0.12430849656179294
354 355 -0.21879174118725198
355 387 -1.1324993999393269
355 356 -1.3157401003890337
356 388 0.80814659896696228
356 357 -0.94938597943690783
357 389 1.5443276395857486
357 358 -1.4003048616727181
358 390 1.6007423419743592
358 359 0.5185428158283466
359 391 2.0747560618155001
359 360 -1.2001430940450231
360 392 0.24793973864998164
360 361 0.82717278149659101
361 393 0.72125603945775851
361 362 -1.053293940038512
362 394 -0.62422569532279737
362 363 0.29389829905180365
363 395 -0.78965842711391787
363 364 -0.56363504572675893
364 396 -0.26429790794928348
364 365 0.77169553510150046
365 397 0.63116055728787746
365 366 -0.86548891316631016
366 398 -1.8904054459367512
366 367 0.23363773977714386
367 399 -0.80220547604183023
367 368 -0.49535322997298026
368 400 1.4190594135744434
368 369 -1.0162584115042512
369 401 -0.87337812452167807
369 370 1.4080544488180333
370 402 -0.71289577742000343
370 371 0.061564769639055265
371 403 0.80625214753004815
371 372 1.3455195622204557
372 404 1.5119560894357531
372 373 0.4470546661341529
373 405 -0.19987268121261206
373 374 0.20386008311159542
374 406 -0.77566012099770798
374 375 0.41050265411497883
375 407 -0.99804491720436261
375 376 -1.5087500474700026
376 408 -0.27767300818494789
376 377 0.9114470555119184
377 409 0.32747555386819427
377 378 -1.361184575982721
378 410 -1.0499089425960038
378 379 -1.2519584282464824
379 411 -0.53918699269250137
379 380 -0.54075790726893724
380 412 0.22043133468331091
380 381 0.82001687875086404
381 413 -1.6680263785018357
381 382 0.81051256505911085
382 414 0.46119296287367773
382 383 1.0900420270033855
383 415 -0.43452487939089507
352 383 -0.57777970519771815
384 416 0.80658421250913048
384 385 0.25560093282890961
385 417 -1.4439066446223541
385 386 0.75341240016072142
386 418 0.75879149736827778
386 387 0.96301526459299347
387 419 0.0025318241376036032
387 388 -1.4562210970625951
388 420 0.13043563027122099
388 389 1.3344922673237867
389 421 0.062149539805366291
389 390 -0.4340929826422365
390 422 0.39470308431246209
390 391 0.61688164681095969
391 423 -0.90953530377213465
391 392 0.10731098070489091
392 424 -0.38441643510974477
392 393 1.4793725121426142
393 425 -0.052948259305460897
393 394 1.384233556545071
394 426 1.7347293829149237
394 395 0.38837103199588296
395 427 0.74316161381102652
395 396 -1.6221732881742632
396 428 0.34164509745143695
396 397 -1.0893902949102161
397 429 -0.075422617209091297
397 398 0.71344749044914579
398 430 0.23710594639288107
398 399 0.48768314150028313
399 431 1.0925832483440729
399 400 0.52717890442756865
400 432 0.5081847970358514
400 401 -0.87371601353109629
401 433 0.36759415939698292
401 402 -0.85246303782669719
402 434 1.2409437714339835
402 403 0.80889503493180825
403 435 0.62172254102304469
403 404 0.66408051252959988
404 436 0.49428049021238069
404 405 -0.73185417275448228
405 437 -1.2230798353174008
405 406 1.3304053296600435
406 438 -0.42148000019092779
406 407 1.0551574959289409
407 439 -2.1172392017232053
407 408 0.49045376228511783
408 440 -1.7346822707372549
408 409 -1.2917208723959861
409 441 -1.8779480077497757
409 410 2.1755899033315811
410 442 1.0814638159696803
410 411 -1.4171375146883771
411 443 -0.33922789084250743
411 412 -0.030121376968858596
412 444 -0.37392101210085221
412 413 0.51277911612275162
413 445 1.0630451873817215
413 414 1.8393359331025381
414 446 -0.93568183494382362
414 415 0.65295647453061278
415 447 -0.56797759956489613
384 415 1.794791955689695
416 448 1.884914279083171
416 417 -0.2932718640634131
417 449 1.0563525848138946
417 418 0.6825850528155768
418 450 -0.36937423016221277
418 419 0.7574336227984263
419 451 0.50421452096157215
419 420 -1.6519187735881176
420 452 -1.4615750356166539
420 421 0.62005824945103549
421 453 0.62635292533952536
421 422 -1.5919577968054963
422 454 -1.8526094765246501
422 423 -1.0712511738276911
423 455 0.095843990289970177
423 424 -0.79832869868159584
424 456 -2.0608916592261597
424 425 -0.70256971664466894
425 457 0.402207054698552
425 426 0.37670270675225198
426 458 0.35067600454060927
426 427 2.3380665234590112
427 459 -0.17560244853522639
427 428 0.48458589690194354
428 460 1.133481778129261
428 429 1.0057842086624054
429 461 -1.2718155920816496
429 430 -0.055614607731508094
430 462 -1.0512844912407735
430 431 2.6290233303191166
431 463 0.73665026084610663
431 432 -0.78197973357549733
432 464 1.1712862061387632
432 433 0.85680196788444352
433 465 -0.1128148614454851
433 434 0.55889925200866808
434 466 -1.2437298511098733
434 435 0.017843330111889689
435 467 0.70500803029564141
435 436 0.032616698522173852
436 468 0.39455395911936814
436 437 0.93640442559419967
437 469 0.15823112096387768
437 438 0.67104828244272763
438 470 -1.300014492445482
438 439 -1.8485250275742438
439 471 -0.75830941189514389
439 440 -1.122161500792259
440 472 -0.600037418117219
440 441 -0.88141102541647143
441 473 -1.4148343267833323
441 442 -0.13141016559167221
442 474 -0.16337647924862483
442 443 0.68481033019862891
443 475 -0.6296811305775607
443 444 -1.1440750513894529
444 476 1.7253119897668767
444 445 -0.18626219664889612
445 477 -0.55199991806261561
445 446 -0.063345618663258232
446 478 -0.14125778355889843
446 447 -0.14296339699989091
447 479 0.160030023637031
416 447 -0.093240920352219953
448 480 -0.14161337505730978
448 449 -0.57338619141034475
449 481 -0.90854998776398632
449 450 0.019089557161806429
450 482 -1.2487118293790238
450 451 -0.34759008308156347
451 483 0.43390915711592071
451 452 1.7339957765141325
452 484 0.74138554210675567
452 453 -1.0998831115030234
453 485 -0.33632306849798638
453 454 -1.4265764758909223
454 486 -0.20060458898847017
454 455 -0.83707213415343162
455 487 -0.99483371908096008
455 456 0.16197597908251801
456 488 -0.033831558725544171
456 457 0.52432082627232912
457 489 1.1494527323081167
457 458 1.1279446728298457
458 490 1.4959424693333661
458 459 -0.35560602096199129
459 491 -0.73165116756187909
459 460 -1.2056120746534607
460 492 -0.028757136581166687
460 461 -1.1589499282641209
461 493 0.823113661592624
461 462 -0.38452700417219127
462 494 0.50164418402381328
462 463 -0.53301041885261224
463 495 -0.046424435536745461
463 464 -1.2959060656455348
464 496 -0.46713215368680955
464 465 0.92431591461394969
465 497 0.035023524603530802
465 466 0.60704722384102272
466 498 1.4787433086287105
466 467 0.25925176141377765
467 499 0.44232929412466127
467 468 -2.1086997409259109
468 500 -0.069075203192892454
468 469 -2.5030909775085051
469 501 -0.58841755839430232
469 470 0.81832999420988151
470 502 0.91747842486563069
470 471 -0.90125958466801048
471 503 -1.1409075704906049
471 472 0.1405264890834082
472 504 0.47367712357967617
472 473 -0.71465455948938339
473 505 -1.4613713057586322
473 474 0.43227137361824391
474 506 -1.5185269001410018
474 475 0.0079388475937701552
475 507 0.22993843595923794
475 476 -1.0551120604893369
476 508 2.002845995056652
476 477 0.26984027752097567
477 509 -0.96257779960785539
477 478 1.3799642373079513
478 510 -1.6967446873276939
478 479 -0.1143254326340794
479 511 -1.0105641898706932
448 479 0.85715295409847692
480 512 -2.1919671047710101
480 481 1.4803435412223118
481 513 0.16351447030067034
481 482 2.5422277452570889
482 514 -0.26881611737176986
482 483 0.34669382012231287
483 515 -0.71119215769753985
483 484 -0.87498783791010437
484 516 -0.4306617108375288
484 485 0.71288505456103135
485 517 0.032492320944385249
485 486 0.12530951736111365
486 518 -0.68909279760393194
486 487 -0.74018342392164016
487 519 -1.0432218795431376
487 488 0.39808952709038015
488 520 -0.51644864365416643
488 489 -0.70006273437959121
489 521 -0.043926978382357131
489 490 0.2032149117351934
490 522 -0.1432561315759002
490 491 -0.32551860676286104
491 523 -0.87757272155648502
491 492 0.73288755850224119
492 524 0.67488799444264147
492 493 1.3509835508217294
493 525 -0.56461432962912572
493 494 -1.2702795388139507
494 526 -0.30700191184829168
494 495 1.3355257111948771
495 527 -0.88297879036805493
495 496 -2.4221976238662761
496 528 0.32633623659442362
496 497 -0.54984992440869884
497 529 0.72510810952250848
497 498 -1.6464672443938515
498 530 -0.48257816438185541
498 499 -0.48539969626216201
499 531 -0.40634733436348963
499 500 -0.61108125077645592
500 532 -0.42673812855672921
500 501 0.58008007561065789
501 533 1.4646320329410183
501 502 0.45308683886698303
502 534 0.30891176889381167
502 503 -1.0768405100884766
503 535 -0.40694280887520301
503 504 0.59276979816313191
504 536 0.41415812919909084
504 505 -0.90697997269359409
505 537 0.91415644648282668
505 506 0.65487529815137702
506 538 -1.3326720377174253
506 507 1.797317190748815
507 539 1.0869576333426882
507 508 1.1010847654410774
508 540 0.21749135948304368
508 509 0.24028157634401717
509 541 -0.27819902104625222
509 510 3.4889916624975323
510 542 -1.2391700970385398
510 511 0.072271674115886406
511 543 -2.9182994925111712
480 511 1.5866126178227073
512 544 0.31743661767071174
512 513 -0.86170132906508179
513 545 -0.5921951686807575
513 514 0.2589389046662634
514 546 -0.012565755063778673
514 515 -0.6879554427130592
515 547 -0.52638500408444988
515 516 -0.40700072838052737
516 548 -1.3837426336999699
516 517 1.1602425373611256
517 549 1.9703252090940975
517 518 0.16680294552342653
518 550 1.1494329650314643
518 519 0.81325908741138786
519 551 0.083060761438142769
519 520 -1.5951878486910462
520 552 -0.066203640300731184
520 521 -0.023327047759548608
521 553 -0.097297754475429959
521 522 -1.0194791542022954
522 554 -1.1668223053676583
522 523 -0.15811040219508843
523 555 1.1358476644084818
523 524 -1.0052136324883183
524 556 -0.7719519782674521
524 525 -0.95707010542978121
525 557 0.90818570457087711
525 526 -1.3286028983030449
526 558 0.22983482242191247
526 527 1.2674424888485356
527 559 -0.42465450913912811
527 528 -0.58803787512947525
528 560 -0.80094955895942155
528 529 -0.099243794261364954
529 561 -0.61461629768523252
529 530 -0.19524259939412802
530 562 0.088989032919795624
530 531 0.13893394639320197
531 563 -0.38373793785992744
531 532 -0.016853356550131447
532 564 0.53740457139034137
532 533 0.73204989421546884
533 565 1.1910706357706773
533 534 -2.334298128516977
534 566 0.24916820230248243
534 535 -0.99536488939175072
535 567 -0.6239418431535434
535 536 0.57269813113517987
536 568 -0.093555298052066846
536 537 -0.2503715144465995
537 569 0.48318646592609055
537 538 -1.0762674297081907
538 570 0.82265235245303037
538 539 1.8620225916261539
539 571 0.34136361020944267
539 540 0.046547262808420468
540 572 -1.7081892514023851
540 541 -0.89422661111212209
541 573 -0.045106586879102149
541 542 0.30967443197408095
542 574 -1.1607906378508668
542 543 -0.57838910220068684
543 575 -1.2667273877556331
512 543 -0.97607332006971104
544 576 -0.8310706493193436
544 545 0.4040279783713972
545 577 -2.3781648143623926
545 546 0.72702912958031085
546 578 0.77375588521998606
546 547 -0.37272138059850995
547 579 -0.059189046676183993
547 548 -0.52885039861309291
548 580 -1.8845810535824199
548 549 0.53537178114486084
549 581 -0.69007058708924596
549 550 -0.66581351917724141
550 582 -0.69002971820381109
550 551 1.8718463747336314
551 583 0.38284530900409913
551 552 -0.1905759258604815
552 584 -0.28507392214837129
552 553 0.86812347555244518
553 585 -0.68504444136142972
553 554 -0.13872624799509403
554 586 1.478834625932455
554 555 1.2806769652809007
555 587 0.51887138284993772
555 556 -1.0537664834655285
556 588 0.44148780647071789
556 557 1.0745956682590976
557 589 1.1166755042386109
557 558 0.55055954106310001
558 590 -0.07484938624283706
558 559 -0.81373005648488039
559 591 0.14854619885595047
559 560 1.0477994947250682
560 592 0.95308067623948911
560 561 -0.10290852965892584
561 593 -0.92988282173949433
561 562 -0.052858931332197184
562 594 -1.2397916891182907
562 563 1.3774459164724371
563 595 0.22383702440331851
563 564 -1.4929635753050656
564 596 -0.23194138070970938
564 565 -0.26939830022845712
565 597 -1.5589349936689323
565 566 0.87903148444847401
566 598 1.2632369377961952
566 567 -0.23637115613280343
567 599 0.13022970591001445
567 568 -1.8605783215630936
568 600 0.70378641895870431
568 569 0.9138848945106226
569 601 1.6289404461020376
569 570 -2.2662146074857783
570 602 3.5354051879316652
570 571 0.14656247488294671
571 603 -0.046317567437654063
571 572 1.4987072825945649
572 604 -1.0874045598026831
572 573 -1.7503401684565019
573 605 -0.84478901350199798
573 574 -1.1106516388539016
574 606 0.75664273381856417
574 575 -0.65422891741153066
575 607 -0.31191531001388739
544 575 0.13823081636405446
576 608 -0.53802295827197566
576 577 -0.93089282595151912
577 609 -2.5532036825554831
577 578 0.28925085578663362
578 610 0.6638234973122924
578 579 0.36747319821946955
579 611 0.29027873802939241
579 580 0.080587265669846267
580 612 0.38934331768687985
580 581 -0.045014261964238751
581 613 0.83796258772831589
581 582 -0.32669327822715633
582 614 0.67360176160896723
582 583 -1.8034206251952953
583 615 -1.011794694870594
583 584 -0.045586475530330822
584 616 -0.78914400015494357
584 585 -0.11000022013697808
585 617 0.069663101582308401
585 586 0.15715610245031272
586 618 2.0236669462005765
586 587 -0.10858585843446618
587 619 0.3260852891024002
587 588 0.7595876028443862
588 620 0.14959713990674245
588 589 0.29696764839262296
589 621 -0.42042579818044734
589 590 0.31466908353188805
590 622 -1.0415898227334817
590 591 -1.0888903743433587
591 623 1.3250850939850485
591 592 0.8497796099883842
592 624 0.73727777551482743
592 593 -1.423316635084579
593 625 0.2063425462878957
593 594 0.080165586128497696
594 626 -1.8755926489295718
594 595 1.6818258556016228
595 627 -0.085387960179508032
595 596 0.580231121792399
596 628 0.24262965904616357
596 597 0.97706100461913892
597 629 -0.94636496156337457
597 598 0.87807914742271431
598 630 -0.83195538326282403
598 599 -0.79243429854496639
599 631 -1.6934095663011548
599 600 1.3129520470554907
600 632 0.084478687815241815
600 601 -1.1957705283021429
601 633 -1.0955607741783735
601 602 -0.34670700493156748
602 634 -1.2414943970409005
602 603 -0.33176417059233831
603 635 -0.033980639799653364
603 604 -0.84488297090261144
604 636 0.13565249388508763
604 605 0.75621950687787121
605 637 -0.77526188535983576
605 606 -0.81322180188081594
606 638 0.72235201607727562
606 607 -0.048968547667168211
607 639 0.50057343544427424
576 607 0.73889471383206173
608 640 -0.81216221666045108
608 609 0.0097890119386271294
609 641 1.0265922742671838
609 610 -0.5054950419854729
610 642 -0.59462573975631106
610 611 1.7102950531569463
611 643 2.4715997994845336
611 612 0.59890887984395957
612 644 -1.6028712798381977
612 613 0.40973518936354619
613 645 0.72832274575801881
613 614 0.71854848787235159
614 646 0.33972745239017538
614 615 1.0287553944202539
615 647 -0.58350896310428935
615 616 1.3274642961971481
616 648 -0.10701403236572793
616 617 -0.1642557769527965
617 649 -0.98215059565630525
617 618 0.37456070139532438
618 650 -0.063990816280126012
618 619 0.022766111748415314
619 651 0.15425021583119256
619 620 0.55051376447732614
620 652 -0.26032752476926491
620 621 0.80460162967689042
621 653 -0.98751623770747987
621 622 -0.69769285392980973
622 654 -0.59566764604639832
622 623 -2.3423519674189004
623 655 0.0040268520868896734
623 624 -0.58765947824861064
624 656 0.043974498240878054
624 625 -0.58560750392041416
625 657 -0.44421854295254187
625 626 -0.74252755224030409
626 658 -0.51106689077319845
626 627 0.2522291034480163
627 659 0.21484511327574499
627 628 0.53200291601622418
628 660 0.065024846346744783
628 629 1.2725406511908783
629 661 0.6668345962021307
629 630 2.5454168054023465
630 662 -0.91416940373545774
630 631 -0.22156890582540553
631 663 0.31143905196338889
631 632 -1.3957135983157236
632 664 1.7122793411051442
632 633 0.95922777578874885
633 665 -0.66633663406664267
633 634 0.095323827053839599
634 666 -0.33916568885404164
634 635 -1.4059296138234192
635 667 1.1535439284110591
635 636 1.0510267906949904
636 668 -0.044441206342940229
636 637 -0.639149903336106
637 669 -0.33322031670465035
637 638 0.56176516827004186
638 670 -1.6807016959018275
638 639 -0.27765715869614516
639 671 -0.57451896998771612
608 639 -1.4431251603942177
640 672 -0.83111402232071852
640 641 0.83189944922865544
641 673 -0.3447941632760203
641 642 -0.68985937405248521
642 674 0.2214929053756742
642 643 1.3931364568125701
643 675 1.3125557155961431
643 644 -0.44268044026517983
644 676 0.60452011881892953
644 645 1.0928546450980674
645 677 0.76759110587237245
645 646 -1.7049566871449464
646 678 -0.19153032612383528
646 647 -2.7155313452046101
647 679 1.0339150464443121
647 648 -0.3873164446559782
648 680 -1.2116298948953397
648 649 0.26283737712560773
649 681 0.89758615556600752
649 650 0.32797479201603974
650 682 0.43709485391372571
650 651 -0.45572161070658862
651 683 0.05579649877847153
651 652 1.2431264311146286
652 684 -0.72754934125132309
652 653 0.61586176245230606
653 685 0.28385859208065295
653 654 -1.2197035404789729
654 686 -0.21334132533553082
654 655 0.27799465724547601
655 687 -0.26499657276179073
655 656 -0.34100422858738916
656 688 1.2743132628967173
656 657 -0.29767619892205199
657 689 -0.5394206210908451
657 658 -0.39225461226881031
658 690 -1.2917617576680254
658 659 -1.0802973053571254
659 691 -0.32003737602607457
659 660 -0.34043378368464033
660 692 -1.9356802704702187
660 661 -1.4664364053901795
661 693 0.76477392605350103
661 662 0.2504528424111172
662 694 1.0206511052631082
662 663 -1.3766332950809119
663 695 0.79965535748517458
663 664 -0.23681002242081708
664 696 -0.66660290499104824
664 665 0.96219574350460946
665 697 1.1557912621074382
665 666 0.31895154728214259
666 698 -1.214627277681338
666 667 -0.13717468156911086
667 699 1.6162702237715432
667 668 -0.94711238531928887
668 700 1.7891555918544546
668 669 0.20580985767013554
669 701 1.4924409547564577
669 670 0.14012193449767035
670 702 -0.90150740977227306
670 671 0.95096933615838086
671 703 0.25228097076412398
640 671 -0.48313973414907019
672 704 -0.137254834066904
672 673 -1.5349483848833765
673 705 -0.83529307293164556
673 674 0.013713134959359802
674 706 -0.41126562191869981
674 675 -2.1711272994172326
675 707 0.84937384675513838
675 676 0.4065384771268864
676 708 0.42225460136493764
676 677 -0.82138347672359246
677 709 -0.20637782287876419
677 678 0.13741035485146316
678 710 1.5307264414326001
678 679 -0.27518690165063242
679 711 -0.88420256026025468
679 680 0.9663635617091344
680 712 -1.4779498426483386
680 681 0.50729927926364315
681 713 0.084269780422568885
681 682 0.10100495972148832
682 714 2.2014033774968689
682 683 -0.46672251796646785
683 715 0.30420426953095236
683 684 -0.22748544146869493
684 716 1.0271771356087966
684 685 1.8413234202364448
685 717 0.81687867836008032
685 686 -1.3576513585970875
686 718 0.067819167909674891
686 687 -0.69165895794962973
687 719 0.062461828145773328
687 688 -1.5281675494019193
688 720 0.40709231211070968
688 689 0.62815200223126044
689 721 1.7186948943379829
689 690 0.28377023368866394
690 722 -0.18634578892853246
690 691 2.3143153594231602
691 723 0.72638131104094072
691 692 -0.17757832953432351
692 724 -1.3527581054053304
692 693 -1.4011110058212195
693 725 -0.40116060706902795
693 694 -1.3047660857102592
694 726 -0.90102635054482827
694 695 0.99817228043930406
695 727 0.1863683056203507
695 696 -1.1058722717777982
696 728 -0.4609721814862146
696 697 0.36187238831836438
697 729 1.7662637650688751
697 698 0.13477971194884203
698 730 -0.60451056538205139
698 699 -1.1352277889454547
699 731 0.025213135564336936
699 700 -0.65278205105251075
700 732 -0.83687463375765769
700 701 -1.0899614417629637
701 733 0.084082152859021014
701 702 -0.76874052740552323
702 734 -1.7254288884239144
702 703 0.18203779318396413
703 735 -1.1953693316367309
672 703 0.86013095947015272
704 736 0.21366708413582569
704 705 1.0568990340155333
705 737 -1.8595422219085374
705 706 0.66687729063181977
706 738 0.53108223122102149
706 707 0.4416230329800801
707 739 1.2059390760313211
707 708 -0.20599471217760762
708 740 -0.25563208232966411
708 709 -0.19107810695045446
709 741 1.2822234267892436
709 710 -0.4266835716248068
710 742 0.87226033421109228
710 711 -0.61486177134415487
711 743 2.0387745504735544
711 712 1.0116601261915978
712 744 -1.9338288037028974
712 713 0.75916005571100031
713 745 -0.78369863145313845
713 714 -1.1937843040008134
714 746 -1.124149513145523
714 715 1.3080618715756256
715 747 0.55589233456215692
715 716 0.027597960778302195
716 748 0.19268555880973504
716 717 -0.74892618496597707
717 749 -0.52980913533389284
717 718 0.43518430113796808
718 750 -0.65347197798369505
718 719 -0.23711363585523082
719 751 -0.85888005003725243
719 720 0.89402120369979121
720 752 1.6656384344672288
720 721 1.3621079145752093
721 753 0.64728195113161646
721 722 1.3233895090919012
722 754 -1.0099872423561347
722 723 1.5374728355305924
723 755 0.84827239306409485
723 724 -1.7974964063284113
724 756 0.076093299158869032
724 725 -1.1562067102687981
725 757 -0.20121446572467913
725 726 1.4304887086792297
726 758 -1.6454359775152998
726 727 1.2699880349642334
727 759 0.42936029444940826
727 728 0.44976861425509262
728 760 -1.1826922510416917
728 729 0.94373696972482657
729 761 0.28696690342615716
729 730 -0.62588786551668252
730 762 1.1019146710394674
730 731 0.21631368931298608
731 763 -0.6331099462961266
731 732 -0.39037454163477553
732 764 -0.2690323065161524
732 733 1.7537826298709782
733 765 0.94770926657745214
733 734 -0.20523847449822616
734 766 0.66255075202002034
734 735 0.26314665182797992
735 767 0.28723630727365129
704 735 -0.74006816654243868
736 768 -0.34845614488403603
736 737 0.54810186736796429
737 769 0.18919331830074088
737 738 0.31769784845416116
738 770 -1.033889290473395
738 739 -1.2849523753317542
739 771 0.38525681688836583
739 740 0.21305490135167618
740 772 -0.34230062889338669
740 741 0.14783062193777508
741 773 0.64339981660632561
741 742 -0.89368776589711063
742 774 0.071113870692059919
742 743 0.73275876770243298
743 775 -2.0506475116263729
743 744 0.41998067775263559
744 776 -0.24648358062142306
744 745 -0.19860835469798688
745 777 -0.79800973879487258
745 746 0.17066949941494314
746 778 -0.19428724487440638
746 747 1.231276024794085
747 779 0.025289917745615283
747 748 0.93934827071447846
748 780 -0.74773964918647662
748 749 0.21787919204947381
749 781 0.69012031477781421
749 750 -0.68298428585689197
750 782 0.81327895661532623
750 751 0.034825415286944821
751 783 0.81009989001537641
751 752 -0.25349421078885259
752 784 1.4876064596314162
752 753 0.88928803723133776
753 785 -0.19416591440624875
753 754 0.24368784544631722
754 786 -3.1427892501548587
754 755 0.41671356466251258
755 787 -1.6188451520777605
755 756 -0.31022800210984197
756 788 -0.45371362317556502
756 757 -0.3571827699343284
757 789 1.1814031092593307
757 758 1.6312175976720307
758 790 0.022946363495361652
758 759 1.7159449742678885
759 791 0.60145622910672059
759 760 -0.13691600127183012
760 792 -0.13676059443806907
760 761 -0.0080314578032082366
761 793 -0.49665556943959532
761 762 -1.1344804586873389
762 794 0.54732363714760124
762 763 0.48910012278702381
763 795 -0.11384316389064111
763 764 -0.82901847470030721
764 796 0.86359317317826478
764 765 -0.70005005526339603
765 797 0.47326120194398796
765 766 1.6815952625563106
766 798 0.93342190210102249
766 767 -0.40829697004798837
767 799 -0.83013924750734602
736 767 0.74769112314511377
768 800 0.96943573584303211
768 769 -0.85568586082994591
769 801 -0.025579849132867018
769 770 -0.26385338647111911
770 802 0.61335897772678261
770 771 -0.82412987130080317
771 803 -0.8913521519513361
771 772 -0.54396583896239137
772 804 -0.59397394701871231
772 773 -1.5794790959431269
773 805 -0.2118108765497585
773 774 -0.5470046904785214
774 806 -1.1305950654427588
774 775 -0.24639572872646828
775 807 2.3720323378558139
775 776 0.73312369237248853
776 808 -1.3012032147160986
776 777 1.1362938256829491
777 809 0.72931242376607719
777 778 -0.14793738031670656
778 810 -1.4143778023690174
778 779 1.2810744446863731
779 811 0.31613841393322129
779 780 -1.1138212864392536
780 812 -1.2588010115080583
780 781 -1.5099930853014467
781 813 -1.2809573922910242
781 782 -1.1848133314728806
782 814 -0.13383773641693208
782 783 -1.5147564404816067
783 815 -1.7794943617916965
783 784 1.6715061237781517
784 816 1.4297748640913956
784 785 0.2253367931200696
785 817 -1.0096807756553561
785 786 -0.55492310193294014
786 818 0.22748485767528931
786 787 1.8969110610016673
787 819 0.1383419640417782
787 788 1.3859132531991845
788 820 -1.7423216335801812
788 789 -0.77793493901622635
789 821 -1.7492645472893789
789 790 0.030179360425376101
790 822 -1.8706252466975273
790 791 0.72299857333547357
791 823 -1.0125587341386291
791 792 -0.68749551492330274
792 824 -0.14918112576230011
792 793 0.55128754776329303
793 825 -0.003394876076668872
793 794 -0.68447245794855671
794 826 -0.71348300440162438
794 795 0.010828003473810206
795 827 0.54691134975596511
795 796 0.73926197732908505
796 828 0.079796389846728086
796 797 -0.68250871315692896
797 829 -1.7146966491660196
797 798 -0.76295123466707593
798 830 0.87560251818055168
798 799 -0.70471652300573639
799 831 0.31683220904826115
768 799 0.79488083742820359
800 832 -0.84322741295533632
800 801 1.3090739257991468
801 833 -0.2953859826852126
801 802 0.2392489822130264
802 834 1.9703969892516571
802 803 -0.77856085825081744
803 835 1.4956668098702544
803 804 -0.40496181518869556
804 836 1.2190294192208773
804 805 0.26989979095130556
805 837 1.796474200843627
805 806 1.5665707889102405
806 838 -0.38973551973243614
806 807 -0.26037349011768046
807 839 0.75478573122202908
807 808 0.91283355407531885
808 840 -1.6997701210915834
808 809 -0.128265189090043
809 841 0.52552211802749538
809 810 -0.49168901407154664
810 842 0.97347465601890071
810 811 0.11937046344958338
811 843 0.36245513864835671
811 812 0.25337145001078842
812 844 -0.49319952207068374
812 813 -0.86109745158076267
813 845 0.46038198477614534
813 814 -0.87488807255974566
814 846 -1.8997089868081138
814 815 -0.28380308265734572
815 847 -0.80017766182712713
815 816 0.89112569098589445
816 848 0.068365740156033653
816 817 0.87027201186544478
817 849 -0.35898773465291967
817 818 -0.84355736316112795
818 850 -0.91638880747155504
818 819 0.13715699344726259
819 851 -0.038658729916959005
819 820 1.2537667948926139
820 852 0.56481784408148816
820 821 -0.15393654500224285
821 853 0.35828972963203948
821 822 0.6678716250329948
822 854 0.6555419624399722
822 823 -1.2185236860788384
823 855 0.94553829477817819
823 824 -0.30183689402750097
824 856 -2.6590602678328321
824 825 0.18151005100292161
825 857 2.9605300743009795
825 826 0.16211671555105078
826 858 -0.58383825868451966
826 827 -0.12550314511529934
827 859 -0.051701769115292097
827 828 -0.13580307601990646
828 860 1.1399821570765527
828 829 0.29131892081979222
829 861 -0.19989401548650917
829 830 -0.4571410099437988
830 862 -2.0739203019316377
830 831 1.3389562088931186
831 863 1.4990975973745526
800 831 -0.69848989296999575
832 864 0.017528220288522842
832 833 0.48178286519119534
833 865 1.0192156409991087
833 834 1.0750568713245796
834 866 -0.68962507088285019
834 835 -0.28639596811841322
835 867 -0.39097590397102178
835 836 -1.7442472337843919
836 868 -0.7053412457492515
836 837 0.60395457265919517
837 869 0.60481994560875174
837 838 0.11624266294426709
838 870 -0.9874480088354799
838 839 2.7492577083804637
839 871 0.46364946770410864
839 840 -0.19885138304941385
840 872 -0.9180591511458227
840 841 1.0874645585602163
841 873 0.81799328047213404
841 842 -0.26868939200139053
842 874 -0.74712952078560624
842 843 -1.6770180084464585
843 875 0.82130971051087587
843 844 0.5146309426410679
844 876 0.076275345744226369
844 845 0.46010100459769132
845 877 -2.5855169594574061
845 846 0.88044178515289517
846 878 -0.18355868902774033
846 847 -0.59387373052661108
847 879 -2.1430987641503978
847 848 1.2901601236853799
848 880 0.29988711321132588
848 849 -0.34940104911878189
849 881 -0.72383661407815758
849 850 -1.2821614246416457
850 882 -0.69207567243717127
850 851 1.0507831317654335
851 883 -0.10331337062207469
851 852 -0.27712442678405191
852 884 -0.80151931232748708
852 853 0.41897196086999233
853 885 -0.80371888274135694
853 854 -0.70106291299045698
854 886 0.15097056329280822
854 855 -1.4457506916473593
855 887 1.0305550031152935
855 856 -0.31549154742766972
856 888 -0.22449382755780251
856 857 -0.26891456752205362
857 889 0.88459612708083912
857 858 0.51354699282160754
858 890 0.88871039054972778
858 859 0.34522606352994556
859 891 -0.77377131255467402
859 860 0.26371591678034206
860 892 0.8525859692511536
860 861 -1.2712687406966479
861 893 -0.84445816071560664
861 862 -0.81404690624745735
862 894 0.61068067797405479
862 863 -1.8983544767720948
863 895 0.55682409305239833
832 863 2.5933898046155153
864 896 0.021435774975009519
864 865 -1.0055300086328625
865 897 -0.58928164368816516
865 866 -0.39430283081366418
866 898 -1.9107300402788352
866 867 -0.67806896668907324
867 899 0.0055526227651406376
867 868 -1.7057381610894302
868 900 -1.1559380441496592
868 869 -0.45797879075792558
869 901 0.9294170411688536
869 870 1.3979636013963943
870 902 -0.9172864002397052
870 871 -0.89917372638417981
871 903 1.3899585271887283
871 872 1.0627938618411239
872 904 -0.09558520729275792
872 873 0.89311056414016832
873 905 -0.43323912400295062
873 874 -0.060911872452919451
874 906 -0.9611122944604672
874 875 -0.20335584097532222
875 907 -1.5177981032331593
875 876 1.3271696685906464
876 908 -0.011488813103380506
876 877 -0.66001835527742192
877 909 -0.4470146690276135
877 878 -1.1772489818652145
878 910 -0.3998372388567335
878 879 -0.45624404874205149
879 911 -0.66056560254220664
879 880 -1.227121803720395
880 912 -1.1965147522954496
880 881 1.9336425561380866
881 913 -2.2091067846969796
881 882 1.6030020491323838
882 914 -0.83148474546550077
882 883 -1.6451909081243761
883 915 0.67509387141402555
883 884 -1.1542308662812311
884 916 1.0340411498176625
884 885 0.40755068060423039
885 917 0.099782723644040727
885 886 -0.15167340515086281
886 918 -0.90727875558330329
886 887 0.13827702144430562
887 919 -0.55081755675542599
887 888 0.55141545493639021
888 920 -0.16518034651954494
888 889 2.304718732811033
889 921 -1.1991259763253834
889 890 0.7888537687815369
890 922 0.42365929195275337
890 891 -1.219609303627341
891 923 -0.404669848482414
891 892 0.45825848563537563
892 924 -1.9719277227368264
892 893 -1.0920833660921949
893 925 -0.7289936346034378
893 894 -0.78463351101571943
894 926 -0.37186692002092753
894 895 1.554552278838975
895 927 -1.033290194312418
864 895 1.3426396135366345
896 928 -0.20159831313910498
896 897 -1.2163839413347581
897 929 -2.0837159430196794
897 898 -1.0931474719315819
898 930 1.0740004183483474
898 899 -1.633899619410806
899 931 -2.1595079448666747
899 900 1.5130463217388679
900 932 0.75094834131277166
900 901 -1.635799513086019
901 933 -0.44645292999420061
901 902 -1.0164647148652504
902 934 0.01321451148875106
902 903 -0.54253243530224249
903 935 0.85392426897910501
903 904 0.66673870913731381
904 936 -1.4286440622264842
904 905 0.22306340503566041
905 937 1.5470993469024894
905 906 -0.72323169876095195
906 938 0.9269318732863302
906 907 -1.6533113950481257
907 939 1.3933721972216806
907 908 1.6335009897347454
908 940 -0.3680600036443421
908 909 0.26100856095421643
909 941 0.31335472031263828
909 910 -0.48212200101483721
910 942 1.5357440523184369
910 911 -0.48350737783506792
911 943 0.36078331279104603
911 912 1.8344703737458916
912 944 0.93794330703755691
912 913 -0.1788702510303406
913 945 -1.2312298749677906
913 914 1.0784390431113671
914 946 0.90887040772093208
914 915 0.022537079932995654
915 947 0.80629973579587255
915 916 1.0166418705597902
916 948 -0.55052663894072396
916 917 -0.56743834034374296
917 949 -0.99305848470342084
917 918 0.6485144189508214
918 950 1.3250196640918261
918 919 0.30163501071242949
919 951 1.1267828420614308
919 920 0.43665846823636723
920 952 -0.42021175630064628
920 921 -1.7049552742669107
921 953 1.2477128166819287
921 922 0.29204360401577439
922 954 -1.6321757021110348
922 923 -0.99346613227963654
923 955 1.2741867851597555
923 924 2.5851672393228045
924 956 0.66639731889752463
924 925 0.25795225396550792
925 957 -0.44332483872041301
925 926 0.11465553721121252
926 958 -0.52546212958545002
926 927 -0.35204206763404988
927 959 -0.1722078205853797
896 927 -0.88772788690135318
928 960 -1.255894383794826
928 929 -0.64135044352733039
929 961 -0.8052860721086772
929 930 -0.37997677224752724
930 962 0.78983032692396438
930 931 1.6878078880014002
931 963 -0.50580679637540416
931 932 0.61445199245028825
932 964 0.34402024329240771
932 933 -2.0384866942051723
933 965 -1.0406113836261845
933 934 1.4462362255212562
934 966 1.0337440686803161
934 935 0.10322325905892353
935 967 0.04241587197605641
935 936 0.28947577339983033
936 968 0.29685072800489309
936 937 -0.00042491015858868003
937 969 0.67991989588740764
937 938 1.8135543485772365
938 970 0.45577248327853814
938 939 2.0365833750623801
939 971 1.4208942850315647
939 940 -0.58704650310695994
940 972 -0.37911423009942197
940 941 -0.51854457623494243
941 973 0.10994997821829057
941 942 -0.47094357642779799
942 974 1.7222605272720322
942 943 0.83400747388648144
943 975 -0.6250744698831211
943 944 0.62295771676182299
944 976 1.3588239685109036
944 945 -1.4965282618157856
945 977 0.020399341598002101
945 946 -1.2402018208689989
946 978 -0.033168717433358669
946 947 -0.18613338099072571
947 979 1.5237662501761333
947 948 1.0520183139588597
948 980 0.87142054679072656
948 949 -0.33168700560869979
949 981 -1.1555104771297748
949 950 -1.2531742660537788
950 982 -0.21067440400056336
950 951 1.5699964208766231
951 983 0.30391715353215953
951 952 -1.2247924459742188
952 984 -0.20657083368514775
952 953 1.4665820306432356
953 985 0.17832879183481262
953 954 -0.7437141324978197
954 986 0.84413463441777559
954 955 0.66910907886105275
955 987 0.34274426767019461
955 956 1.3152647369488812
956 988 -1.6560831775366711
956 957 -0.80317949429722313
957 989 2.2989444420395104
957 958 -0.86294020708520125
958 990 -1.2088744971037872
958 959 0.71883410042862239
959 991 0.76527192669103983
928 959 -2.2134913097170936
960 992 -1.9293515198994056
960 961 1.1902794531366376
961 993 -0.17469933157323547
961 962 -1.153515573209559
962 994 -2.1398519879187718
962 963 -2.3969008383609847
963 995 -0.80635371668032985
963 964 -1.1182283982046155
964 996 0.44503670178710869
964 965 -0.41969940841881648
965 997 1.3768983297916253
965 966 0.12247058525567128
966 998 -0.32718937167474332
966 967 -0.10777705629863102
967 999 1.0338627167966801
967 968 0.94734502892693484
968 1000 0.73583424058519398
968 969 -0.18503564083350946
969 1001 -0.86873000154032132
969 970 -0.90190878917586415
970 1002 -0.58568642309258745
970 971 0.28529407359532782
971 1003 -0.068074069133696777
971 972 1.9221355579737647
972 1004 1.6023974524326823
972 973 -1.7478171816899621
973 1005 -0.68921007781805155
973 974 0.22285390756327458
974 1006 1.2856480487672624
974 975 1.3389898464484677
975 1007 0.51221963475483412
975 976 -0.36995541418770855
976 1008 0.31471614281933963
976 977 0.29715443265703934
977 1009 0.46166075554453784
977 978 0.54434722573241234
978 1010 -0.72381447223551487
978 979 -0.62458374467796918
979 1011 -0.95905992195440382
979 980 -0.47698421038476285
980 1012 0.91767539028584877
980 981 2.4128700950964586
981 1013 -0.58876303617342418
981 982 1.0398037920953416
982 1014 0.19733801612495164
982 983 1.0483481980131233
983 1015 -0.15468267744778486
983 984 -0.58184580121536555
984 1016 0.037872294351459571
984 985 0.42875099459412203
985 1017 -1.2608870664745635
985 986 -1.2593576963263005
986 1018 -0.96008408340815343
986 987 -0.83489675645800931
987 1019 -1.3938326735873345
987 988 -1.0090102135070618
988 1020 0.40264548619127377
988 989 0.074725036695099875
989 1021 -0.36365486739418834
989 990 -0.47633883234460472
990 1022 -1.6432636212474068
990 991 -0.057874056139579286
991 1023 1.1029098936400814
960 991 0.52455802765394322
0 992 0.10537445300516499
992 993 0.87385973709268117
1 993 0.87688473267194644
993 994 -1.1335477671570302
2 994 -0.014479887369312763
994 995 -2.0515728811458485
3 995 1.0164267885235339
995 996 0.97006275257481533
4 996 0.40905460428052304
996 997 0.055083216530958747
5 997 0.10598217104807045
997 998 0.59413924263486484
6 998 -1.1801866130751497
998 999 -0.21976481989910571
7 999 0.46007191909860012
999 1000 0.35037124212271714
8 1000 -0.20524487270325151
1000 1001 0.56886835586853624
9 1001 0.21976936050112686
1001 1002 0.41412848763901122
10 1002 -1.0810881392283103
1002 1003 1.3105295631827669
11 1003 -0.58984570748105314
1003 1004 1.369060414023793
12 1004 -0.95090467053253502
1004 1005 0.43855402938314364
13 1005 -0.47296955430883042
1005 1006 -0.62953846765542576
14 1006 1.4231426601487676
1006 1007 0.77589803979865579
15 1007 -1.8149273700793287
1007 1008 -0.85631441530168639
16 1008 -0.25809023746304421
1008 1009 -0.6460227593581086
17 1009 0.90085372890601145
1009 1010 0.87433702783818334
18 1010 -1.1451656087581714
1010 1011 0.25978723037847123
19 1011 0.69564092927911414
1011 1012 -0.88639837079434769
20 1012 -1.0075012248232817
1012 1013 -1.5395606014529841
21 1013 -1.1698869893409369
1013 1014 0.05539894970319633
22 1014 -0.46481341530163472
1014 1015 -0.30095070629605236
23 1015 -1.1411915717403864
1015 1016 1.4589307821233126
24 1016 0.33620040103444615
1016 1017 0.59174260638883625
25 1017 0.67538215720084316
1017 1018 -0.36382492831406693
26 1018 -0.42004794187928873
1018 1019 1.3972281438582859
27 1019 -0.4796779054982408
1019 1020 0.69766899935797866
28 1020 -2.4679783074083907
1020 1021 -1.4613341960765198
29 1021 -0.55316399286819207
1021 1022 0.8460983800495725
30 1022 -0.86924682485616755
1022 1023 0.40754645544891205
31 1023 1.2710162127716993
992 1023 0.069124891873639571
