# model=ea2d N=1024 meanJ=0 seed=3017511151 distribution=gaussian field=0 num_fields=1024 num_couplings=2048
0 0
1 0
2 0
3 0
4 0
5 0
6 0
7 0
8 0
9 0
10 0
11 0
12 0
13 0
14 0
15 0
16 0
17 0
18 0
19 0
20 0
21 0
22 0
23 0
24 0
25 0
26 0
27 0
28 0
29 0
30 0
31 0
32 0
33 0
34 0
35 0
36 0
37 0
38 0
39 0
40 0
41 0
42 0
43 0
44 0
45 0
46 0
47 0
48 0
49 0
50 0
51 0
52 0
53 0
54 0
55 0
56 0
57 0
58 0
59 0
60 0
61 0
62 0
63 0
64 0
65 0
66 0
67 0
68 0
69 0
70 0
71 0
72 0
73 0
74 0
75 0
76 0
77 0
78 0
79 0
80 0
81 0
82 0
83 0
84 0
85 0
86 0
87 0
88 0
89 0
90 0
91 0
92 0
93 0
94 0
95 0
96 0
97 0
98 0
99 0
100 0
101 0
102 0
103 0
104 0
105 0
106 0
107 0
108 0
109 0
110 0
111 0
112 0
113 0
114 0
115 0
116 0
117 0
118 0
119 0
120 0
121 0
122 0
123 0
124 0
125 0
126 0
127 0
128 0
129 0
130 0
131 0
132 0
133 0
134 0
135 0
136 0
137 0
138 0
139 0
140 0
141 0
142 0
143 0
144 0
145 0
146 0
147 0
148 0
149 0
150 0
151 0
152 0
153 0
154 0
155 0
156 0
157 0
158 0
159 0
160 0
161 0
162 0
163 0
164 0
165 0
166 0
167 0
168 0
169 0
170 0
171 0
172 0
173 0
174 0
175 0
176 0
177 0
178 0
179 0
180 0
181 0
182 0
183 0
184 0
185 0
186 0
187 0
188 0
189 0
190 0
191 0
192 0
193 0
194 0
195 0
196 0
197 0
198 0
199 0
200 0
201 0
202 0
203 0
204 0
205 0
206 0
207 0
208 0
209 0
210 0
211 0
212 0
213 0
214 0
215 0
216 0
217 0
218 0
219 0
220 0
221 0
222 0
223 0
224 0
225 0
226 0
227 0
228 0
229 0
230 0
231 0
232 0
233 0
234 0
235 0
236 0
237 0
238 0
239 0
240 0
241 0
242 0
243 0
244 0
245 0
246 0
247 0
248 0
249 0
250 0
251 0
252 0
253 0
254 0
255 0
256 0
257 0
258 0
259 0
260 0
261 0
262 0
263 0
264 0
265 0
266 0
267 0
268 0
269 0
270 0
271 0
272 0
273 0
274 0
275 0
276 0
277 0
278 0
279 0
280 0
281 0
282 0
283 0
284 0
285 0
286 0
287 0
288 0
289 0
290 0
291 0
292 0
293 0
294 0
295 0
296 0
297 0
298 0
299 0
300 0
301 0
302 0
303 0
304 0
305 0
306 0
307 0
308 0
309 0
310 0
311 0
312 0
313 0
314 0
315 0
316 0
317 0
318 0
319 0
320 0
321 0
322 0
323 0
324 0
325 0
326 0
327 0
328 0
329 0
330 0
331 0
332 0
333 0
334 0
335 0
336 0
337 0
338 0
339 0
340 0
341 0
342 0
343 0
344 0
345 0
346 0
347 0
348 0
349 0
350 0
351 0
352 0
353 0
354 0
355 0
356 0
357 0
358 0
359 0
360 0
361 0
362 0
363 0
364 0
365 0
366 0
367 0
368 0
369 0
370 0
371 0
372 0
373 0
374 0
375 0
376 0
377 0
378 0
379 0
380 0
381 0
382 0
383 0
384 0
385 0
386 0
387 0
388 0
389 0
390 0
391 0
392 0
393 0
394 0
395 0
396 0
397 0
398 0
399 0
400 0
401 0
402 0
403 0
404 0
405 0
406 0
407 0
408 0
409 0
410 0
411 0
412 0
413 0
414 0
415 0
416 0
417 0
418 0
419 0
420 0
421 0
422 0
423 0
424 0
425 0
426 0
427 0
428 0
429 0
430 0
431 0
432 0
433 0
434 0
435 0
436 0
437 0
438 0
439 0
440 0
441 0
442 0
443 0
444 0
445 0
446 0
447 0
448 0
449 0
450 0
451 0
452 0
453 0
454 0
455 0
456 0
457 0
458 0
459 0
460 0
461 0
462 0
463 0
464 0
465 0
466 0
467 0
468 0
469 0
470 0
471 0
472 0
473 0
474 0
475 0
476 0
477 0
478 0
479 0
480 0
481 0
482 0
483 0
484 0
485 0
486 0
487 0
488 0
489 0
490 0
491 0
492 0
493 0
494 0
495 0
496 0
497 0
498 0
499 0
500 0
501 0
502 0
503 0
504 0
505 0
506 0
507 0
508 0
509 0
510 0
511 0
512 0
513 0
514 0
515 0
516 0
517 0
518 0
519 0
520 0
521 0
522 0
523 0
524 0
525 0
526 0
527 0
528 0
529 0
530 0
531 0
532 0
533 0
534 0
535 0
536 0
537 0
538 0
539 0
540 0
541 0
542 0
543 0
544 0
545 0
546 0
547 0
548 0
549 0
550 0
551 0
552 0
553 0
554 0
555 0
556 0
557 0
558 0
559 0
560 0
561 0
562 0
563 0
564 0
565 0
566 0
567 0
568 0
569 0
570 0
571 0
572 0
573 0
574 0
575 0
576 0
577 0
578 0
579 0
580 0
581 0
582 0
583 0
584 0
585 0
586 0
587 0
588 0
589 0
590 0
591 0
592 0
593 0
594 0
595 0
596 0
597 0
598 0
599 0
600 0
601 0
602 0
603 0
604 0
605 0
606 0
607 0
608 0
609 0
610 0
611 0
612 0
613 0
614 0
615 0
616 0
617 0
618 0
619 0
620 0
621 0
622 0
623 0
624 0
625 0
626 0
627 0
628 0
629 0
630 0
631 0
632 0
633 0
634 0
635 0
636 0
637 0
638 0
639 0
640 0
641 0
642 0
643 0
644 0
645 0
646 0
647 0
648 0
649 0
650 0
651 0
652 0
653 0
654 0
655 0
656 0
657 0
658 0
659 0
660 0
661 0
662 0
663 0
664 0
665 0
666 0
667 0
668 0
669 0
670 0
671 0
672 0
673 0
674 0
675 0
676 0
677 0
678 0
679 0
680 0
681 0
682 0
683 0
684 0
685 0
686 0
687 0
688 0
689 0
690 0
691 0
692 0
693 0
694 0
695 0
696 0
697 0
698 0
699 0
700 0
701 0
702 0
703 0
704 0
705 0
706 0
707 0
708 0
709 0
710 0
711 0
712 0
713 0
714 0
715 0
716 0
717 0
718 0
719 0
720 0
721 0
722 0
723 0
724 0
725 0
726 0
727 0
728 0
729 0
730 0
731 0
732 0
733 0
734 0
735 0
736 0
737 0
738 0
739 0
740 0
741 0
742 0
743 0
744 0
745 0
746 0
747 0
748 0
749 0
750 0
751 0
752 0
753 0
754 0
755 0
756 0
757 0
758 0
759 0
760 0
761 0
762 0
763 0
764 0
765 0
766 0
767 0
768 0
769 0
770 0
771 0
772 0
773 0
774 0
775 0
776 0
777 0
778 0
779 0
780 0
781 0
782 0
783 0
784 0
785 0
786 0
787 0
788 0
789 0
790 0
791 0
792 0
793 0
794 0
795 0
796 0
797 0
798 0
799 0
800 0
801 0
802 0
803 0
804 0
805 0
806 0
807 0
808 0
809 0
810 0
811 0
812 0
813 0
814 0
815 0
816 0
817 0
818 0
819 0
820 0
821 0
822 0
823 0
824 0
825 0
826 0
827 0
828 0
829 0
830 0
831 0
832 0
833 0
834 0
835 0
836 0
837 0
838 0
839 0
840 0
841 0
842 0
843 0
844 0
845 0
846 0
847 0
848 0
849 0
850 0
851 0
852 0
853 0
854 0
855 0
856 0
857 0
858 0
859 0
860 0
861 0
862 0
863 0
864 0
865 0
866 0
867 0
868 0
869 0
870 0
871 0
872 0
873 0
874 0
875 0
876 0
877 0
878 0
879 0
880 0
881 0
882 0
883 0
884 0
885 0
886 0
887 0
888 0
889 0
890 0
891 0
892 0
893 0
894 0
895 0
896 0
897 0
898 0
899 0
900 0
901 0
902 0
903 0
904 0
905 0
906 0
907 0
908 0
909 0
910 0
911 0
912 0
913 0
914 0
915 0
916 0
917 0
918 0
919 0
920 0
921 0
922 0
923 0
924 0
925 0
926 0
927 0
928 0
929 0
930 0
931 0
932 0
933 0
934 0
935 0
936 0
937 0
938 0
939 0
940 0
941 0
942 0
943 0
944 0
945 0
946 0
947 0
948 0
949 0
950 0
951 0
952 0
953 0
954 0
955 0
956 0
957 0
958 0
959 0
960 0
961 0
962 0
963 0
964 0
965 0
966 0
967 0
968 0
969 0
970 0
971 0
972 0
973 0
974 0
975 0
976 0
977 0
978 0
979 0
980 0
981 0
982 0
983 0
984 0
985 0
986 0
987 0
988 0
989 0
990 0
991 0
992 0
993 0
994 0
995 0
996 0
997 0
998 0
999 0
1000 0
1001 0
1002 0
1003 0
1004 0
1005 0
1006 0
1007 0
1008 0
1009 0
1010 0
1011 0
1012 0
1013 0
1014 0
1015 0
1016 0
1017 0
1018 0
1019 0
1020 0
1021 0
1022 0
1023 0
0 1 -0.28936
0 31 -0.28172
0 32 0.88939
0 992 -0.61662
1 2 1.12225
1 33 -0.18385
1 993 -0.7226
2 3 1.61888
2 34 1.60718
2 994 -0.41104
3 4 -0.55065
3 35 -0.27598
3 995 -0.25643
4 5 1.10991
4 36 -1.74962
4 996 0.18508
5 6 -0.58815
5 37 1.10684
5 997 -0.19087
6 7 -0.05042
6 38 0.50548
6 998 -0.46566
7 8 0.06047
7 39 -0.24649
7 999 -2.07105
8 9 -0.66638
8 40 1.58194
8 1000 0.21791
9 10 -1.33202
9 41 -1.01728
9 1001 -0.51666
10 11 0.44576
10 42 0.53213
10 1002 0.57214
11 12 1.3335
11 43 1.4771
11 1003 -1.43325
12 13 -0.76023
12 44 0.30025
12 1004 -0.48825
13 14 0.29159
13 45 -0.02107
13 1005 0.51936
14 15 -0.60851
14 46 0.61988
14 1006 0.28078
15 16 0.76452
15 47 -1.59142
15 1007 0.88015
16 17 -1.43445
16 48 -0.07049
16 1008 -1.03265
17 18 2.04961
17 49 1.06292
17 1009 0.6887
18 19 0.35414
18 50 0.18362
18 1010 1.59712
19 20 -0.20875
19 51 1.10548
19 1011 0.26899
20 21 -0.13655
20 52 0.03528
20 1012 0.04437
21 22 0.34995
21 53 -1.13365
21 1013 0.67909
22 23 -0.94967
22 54 0.13649
22 1014 0.36469
23 24 0.0057
23 55 2.79339
23 1015 1.01857
24 25 0.87329
24 56 -0.67828
24 1016 0.15022
25 26 1.30489
25 57 0.31814
25 1017 -0.10777
26 27 -1.65254
26 58 2.49879
26 1018 0.60461
27 28 0.58494
27 59 0.97202
27 1019 -0.83943
28 29 0.11044
28 60 1.13557
28 1020 -0.31916
29 30 1.44338
29 61 0.19232
29 1021 1.46931
30 31 -0.49178
30 62 -0.71008
30 1022 -1.05946
31 63 -1.36263
31 1023 -1.34657
32 33 1.55496
32 63 0.49722
32 64 -2.11796
33 34 -0.10577
33 65 -0.34549
34 35 1.41105
34 66 0.8984
35 36 -0.44526
35 67 -0.68502
36 37 -0.05152
36 68 1.72247
37 38 -0.72483
37 69 -0.61753
38 39 0.73035
38 70 -0.88243
39 40 1.17289
39 71 -0.504
40 41 -0.23711
40 72 -1.238
41 42 -0.36815
41 73 -1.75936
42 43 -0.15499
42 74 -0.77125
43 44 0.35874
43 75 0.96852
44 45 1.21361
44 76 -0.73706
45 46 -0.45486
45 77 0.37194
46 47 -0.12987
46 78 -1.80384
47 48 -0.49815
47 79 -0.66515
48 49 -1.82191
48 80 -1.04756
49 50 -0.94753
49 81 -1.23123
50 51 0.04387
50 82 -0.29358
51 52 -1.32175
51 83 -0.68497
52 53 -0.91677
52 84 0.37074
53 54 -0.37576
53 85 -0.59924
54 55 1.2398
54 86 0.78463
55 56 1.46925
55 87 0.91437
56 57 0.28649
56 88 0.32161
57 58 -0.01353
57 89 -0.85227
58 59 0.25481
58 90 -0.98656
59 60 1.03981
59 91 -0.16738
60 61 0.3511
60 92 -0.28929
61 62 -0.70185
61 93 -0.90501
62 63 2.20244
62 94 -1.10504
63 95 0.58447
64 65 0.44475
64 95 -1.39572
64 96 -1.71782
65 66 -2.00382
65 97 0.23241
66 67 -1.96249
66 98 0.17616
67 68 -0.11612
67 99 0.78183
68 69 -1.27586
68 100 1.0407
69 70 0.10279
69 101 -0.23413
70 71 -1.26124
70 102 1.23465
71 72 -2.1119
71 103 -0.16786
72 73 0.52829
72 104 0.89161
73 74 -0.44162
73 105 -1.4129
74 75 -0.94242
74 106 -1.23616
75 76 -0.73961
75 107 0.7545
76 77 -0.59085
76 108 1.72937
77 78 1.44506
77 109 -1.48438
78 79 -0.78873
78 110 1.13323
79 80 -0.97996
79 111 -0.64058
80 81 -0.8648
80 112 -0.37442
81 82 0.65481
81 113 0.53212
82 83 0.3916
82 114 1.06177
83 84 0.61794
83 115 -1.07891
84 85 -2.0878
84 116 0.50486
85 86 -1.49083
85 117 -1.34702
86 87 0.97418
86 118 0.34355
87 88 0.90904
87 119 -0.00854
88 89 -0.64794
88 120 0.32442
89 90 0.12052
89 121 -0.9756
90 91 -0.12599
90 122 0.07529
91 92 0.54221
91 123 -1.75298
92 93 -0.45918
92 124 -1.23467
93 94 -0.8938
93 125 1.53398
94 95 -0.69206
94 126 0.01371
95 127 0.14623
96 97 -2.45622
96 127 2.58372
96 128 0.40275
97 98 -0.36542
97 129 0.29563
98 99 -0.88321
98 130 -1.21549
99 100 0.09717
99 131 1.92033
100 101 0.01339
100 132 -0.44171
101 102 -0.24192
101 133 -1.57667
102 103 0.12384
102 134 -0.72787
103 104 0.45185
103 135 -0.68237
104 105 0.93605
104 136 -1.60888
105 106 0.95872
105 137 -0.8799
106 107 -1.2232
106 138 -1.46214
107 108 0.53417
107 139 -0.18665
108 109 -1.655
108 140 0.29056
109 110 -0.38169
109 141 1.18495
110 111 0.57211
110 142 -0.35125
111 112 -0.6285
111 143 -1.69711
112 113 0.8123
112 144 -0.61807
113 114 1.53981
113 145 -2.29945
114 115 0.82904
114 146 0.50599
115 116 -0.1934
115 147 0.18764
116 117 0.55624
116 148 -1.27036
117 118 -0.41982
117 149 1.71437
118 119 1.91745
118 150 -1.2854
119 120 -0.74382
119 151 1.35204
120 121 0.74963
120 152 2.15571
121 122 1.01075
121 153 0.11006
122 123 -0.56499
122 154 0.26348
123 124 0.66625
123 155 -2.43059
124 125 -0.47106
124 156 -0.65754
125 126 -1.90606
125 157 -0.37802
126 127 -0.56147
126 158 0.15815
127 159 -0.26202
128 129 0.39925
128 159 0.30557
128 160 -0.53535
129 130 -0.42285
129 161 -0.07212
130 131 0.74598
130 162 0.59832
131 132 1.16409
131 163 0.18995
132 133 0.87649
132 164 0.075
133 134 -0.12606
133 165 1.31772
134 135 -0.79086
134 166 0.27198
135 136 2.29379
135 167 -0.4473
136 137 -1.91278
136 168 -0.38997
137 138 1.29632
137 169 -0.08116
138 139 0.05091
138 170 -0.28606
139 140 0.72888
139 171 -0.40783
140 141 0.6725
140 172 1.16151
141 142 1.85669
141 173 -1.2981
142 143 0.23785
142 174 -1.11193
143 144 -0.90925
143 175 0.32333
144 145 -0.65497
144 176 -1.06393
145 146 -1.69785
145 177 1.48624
146 147 0.83262
146 178 1.73447
147 148 -1.18422
147 179 -0.38465
148 149 0.79659
148 180 1.54389
149 150 -1.07707
149 181 -0.71555
150 151 0.98465
150 182 -0.68626
151 152 1.14027
151 183 -0.98017
152 153 -1.5391
152 184 0.01375
153 154 0.39145
153 185 -0.42929
154 155 1.59859
154 186 1.18088
155 156 0.50714
155 187 -0.41538
156 157 2.12289
156 188 -0.04189
157 158 0.7387
157 189 -1.12788
158 159 -2.42168
158 190 -0.36172
159 191 0.35599
160 161 0.99735
160 191 0.97504
160 192 0.40441
161 162 -1.40172
161 193 0.24838
162 163 0.40899
162 194 -0.06259
163 164 0.45351
163 195 -0.69414
164 165 -0.51016
164 196 -1.21656
165 166 0.87662
165 197 0.84174
166 167 -1.03619
166 198 -0.21369
167 168 1.35762
167 199 -1.28797
168 169 -0.20157
168 200 0.4965
169 170 -1.08374
169 201 1.37263
170 171 0.44908
170 202 1.23435
171 172 -0.41238
171 203 -0.99175
172 173 0.23274
172 204 2.82178
173 174 -0.42271
173 205 0.12829
174 175 0.67536
174 206 0.0279
175 176 -1.77844
175 207 -0.01672
176 177 0.09836
176 208 0.11034
177 178 -0.16709
177 209 -0.50932
178 179 -0.25787
178 210 -0.3569
179 180 -0.44352
179 211 -0.93094
180 181 0.86808
180 212 -0.25259
181 182 0.92164
181 213 0.95999
182 183 -0.77169
182 214 -0.30121
183 184 0.60545
183 215 -0.53507
184 185 -1.33375
184 216 -1.21055
185 186 1.99999
185 217 -0.76889
186 187 1.3004
186 218 -0.9002
187 188 -0.43408
187 219 -0.50563
188 189 1.18568
188 220 -0.29373
189 190 0.17241
189 221 -1.02953
190 191 -1.3301
190 222 -1.83892
191 223 -0.59616
192 193 -0.99582
192 223 -1.27456
192 224 -1.0011
193 194 1.31666
193 225 0.04419
194 195 2.08896
194 226 0.38963
195 196 -1.48677
195 227 -0.43266
196 197 -1.63332
196 228 -0.95526
197 198 -0.61384
197 229 1.24628
198 199 0.26793
198 230 -0.89534
199 200 0.76296
199 231 0.92174
200 201 -1.34508
200 232 -0.30877
201 202 -1.3594
201 233 0.08609
202 203 0.61735
202 234 -0.92928
203 204 0.91068
203 235 0.08323
204 205 0.11393
204 236 -1.14049
205 206 1.14476
205 237 0.11491
206 207 0.77939
206 238 0.32636
207 208 -1.43829
207 239 -1.5677
208 209 -0.16368
208 240 -0.29945
209 210 1.49619
209 241 0.95482
210 211 1.44967
210 242 -0.81509
211 212 0.17379
211 243 0.9225
212 213 0.12782
212 244 -0.22465
213 214 -0.54223
213 245 -0.38556
214 215 0.91007
214 246 -1.81608
215 216 0.77471
215 247 -0.31179
216 217 -0.06589
216 248 -1.67508
217 218 -1.57786
217 249 0.4538
218 219 -0.02524
218 250 -1.44668
219 220 -1.29002
219 251 -0.03241
220 221 0.41828
220 252 -0.80811
221 222 0.29064
221 253 -0.01317
222 223 0.53517
222 254 0.49267
223 255 0.43322
224 225 1.49699
224 255 -0.96136
224 256 1.64448
225 226 -0.99518
225 257 0.06191
226 227 1.07347
226 258 0.53289
227 228 -0.0098
227 259 -0.27353
228 229 0.57389
228 260 0.0364
229 230 0.92919
229 261 -1.12171
230 231 0.15874
230 262 0.03467
231 232 2.47443
231 263 0.14307
232 233 -1.51739
232 264 0.96949
233 234 -1.60274
233 265 -0.15655
234 235 -0.25328
234 266 -0.21038
235 236 -0.22735
235 267 -0.31494
236 237 0.42453
236 268 -1.38645
237 238 0.61303
237 269 0.88667
238 239 1.5012
238 270 -0.99
239 240 -0.07351
239 271 -0.84106
240 241 -1.86433
240 272 0.02242
241 242 -0.33414
241 273 1.26781
242 243 -0.55915
242 274 0.33372
243 244 0.69458
243 275 -0.07359
244 245 1.28593
244 276 0.30292
245 246 -0.08826
245 277 -0.05262
246 247 0.58931
246 278 0.92649
247 248 0.00667
247 279 0.21297
248 249 -0.72419
248 280 0.38217
249 250 -0.28655
249 281 0.7089
250 251 0.03732
250 282 -1.22178
251 252 1.77528
251 283 0.58468
252 253 -1.64249
252 284 -1.03584
253 254 0.47777
253 285 -1.02215
254 255 0.16061
254 286 -2.08304
255 287 -0.699
256 257 0.4093
256 287 -1.57543
256 288 0.06656
257 258 -1.35331
257 289 -0.00589
258 259 1.38521
258 290 0.48747
259 260 -0.2989
259 291 0.11256
260 261 -1.75173
260 292 1.10377
261 262 -0.75085
261 293 0.97098
262 263 1.22951
262 294 -0.43933
263 264 -1.10828
263 295 -0.18267
264 265 -1.36044
264 296 0.02786
265 266 -0.60505
265 297 1.36414
266 267 -0.41728
266 298 2.96374
267 268 0.12139
267 299 0.46225
268 269 -1.00605
268 300 -0.03029
269 270 0.54474
269 301 -2.01353
270 271 0.54059
270 302 -1.01206
271 272 1.44369
271 303 -0.41826
272 273 -1.04767
272 304 -0.46004
273 274 0.168
273 305 -1.5948
274 275 0.90115
274 306 -1.2595
275 276 0.19439
275 307 -0.35823
276 277 0.25917
276 308 0.66796
277 278 1.10933
277 309 0.1376
278 279 0.733
278 310 -0.70579
279 280 1.20189
279 311 2.21122
280 281 0.50374
280 312 1.18809
281 282 -0.65114
281 313 -0.62326
282 283 0.23767
282 314 -1.67277
283 284 -0.18226
283 315 -0.18125
284 285 -0.00085
284 316 -1.56306
285 286 1.98056
285 317 -0.24463
286 287 0.36688
286 318 0.95023
287 319 -2.23136
288 289 0.65047
288 319 1.59248
288 320 1.25958
289 290 1.25483
289 321 0.57468
290 291 -0.03966
290 322 1.30049
291 292 0.47505
291 323 1.36264
292 293 -1.13308
292 324 2.18461
293 294 0.63374
293 325 0.77444
294 295 0.45229
294 326 0.48449
295 296 1.28485
295 327 0.9192
296 297 -1.56608
296 328 2.24406
297 298 1.09789
297 329 -0.98805
298 299 -0.55897
298 330 -0.36262
299 300 -2.30572
299 331 0.84602
300 301 0.30253
300 332 0.53497
301 302 -0.06173
301 333 -1.18884
302 303 2.56212
302 334 -0.31167
303 304 -0.04832
303 335 1.21105
304 305 -0.87992
304 336 -0.84039
305 306 -0.38607
305 337 -0.88591
306 307 -0.70502
306 338 0.03926
307 308 0.37061
307 339 -0.47824
308 309 -0.24982
308 340 -0.17851
309 310 -1.23701
309 341 0.25398
310 311 -0.14597
310 342 0.35347
311 312 0.54764
311 343 -0.77172
312 313 0.47701
312 344 0.43425
313 314 1.17538
313 345 -0.90165
314 315 -0.9869
314 346 -1.48373
315 316 -0.54125
315 347 -0.01974
316 317 -0.08686
316 348 0.01972
317 318 0.51005
317 349 -0.98058
318 319 1.26698
318 350 -1.83292
319 351 1.21135
320 321 0.35989
320 351 -2.55352
320 352 1.16223
321 322 -0.67259
321 353 0.59047
322 323 -0.73285
322 354 0.46714
323 324 -0.24767
323 355 -0.38845
324 325 -0.10555
324 356 0.35085
325 326 -0.44158
325 357 0.4883
326 327 -0.088
326 358 0.43469
327 328 -1.10058
327 359 -1.36126
328 329 -0.32016
328 360 1.07695
329 330 0.25236
329 361 0.09088
330 331 1.69579
330 362 -0.20793
331 332 0.57678
331 363 2.53764
332 333 -0.24498
332 364 0.13625
333 334 0.49565
333 365 0.59854
334 335 0.70532
334 366 0.60918
335 336 0.85477
335 367 0.42924
336 337 -0.36062
336 368 -1.33047
337 338 -0.78752
337 369 -0.32167
338 339 -1.64973
338 370 -0.67082
339 340 -0.83638
339 371 0.30405
340 341 0.01724
340 372 0.01562
341 342 0.36007
341 373 0.77872
342 343 -0.92918
342 374 2.85094
343 344 -1.40757
343 375 0.09511
344 345 -0.30751
344 376 0.78059
345 346 1.01554
345 377 -0.3973
346 347 0.42082
346 378 -0.12163
347 348 -0.80832
347 379 -0.75039
348 349 -0.81941
348 380 0.18566
349 350 -0.39336
349 381 1.25397
350 351 -0.58484
350 382 1.17584
351 383 2.10394
352 353 0.32282
352 383 0.10411
352 384 -0.31467
353 354 -0.55257
353 385 -1.49202
354 355 -0.34145
354 386 -0.13027
355 356 -1.6568
355 387 0.44917
356 357 -1.06336
356 388 -0.27082
357 358 0.14751
357 389 0.80665
358 359 0.68757
358 390 0.52434
359 360 -0.77008
359 391 -0.92871
360 361 1.24897
360 392 -2.82236
361 362 -0.68717
361 393 0.87351
362 363 0.6866
362 394 -0.52589
363 364 0.62322
363 395 1.07268
364 365 0.62826
364 396 0.01443
365 366 -0.479
365 397 1.38946
366 367 0.52201
366 398 0.91908
367 368 -0.23053
367 399 1.46409
368 369 2.79581
368 400 -1.49552
369 370 0.92271
369 401 -0.13002
370 371 -0.23689
370 402 0.71207
371 372 -2.03051
371 403 -0.70919
372 373 0.46685
372 404 -0.42509
373 374 1.73585
373 405 -0.07634
374 375 -0.31677
374 406 1.61208
375 376 0.66986
375 407 0.22725
376 377 1.29374
376 408 -2.12604
377 378 -0.78728
377 409 1.70257
378 379 0.19296
378 410 0.0815
379 380 -0.78578
379 411 -0.28221
380 381 0.4982
380 412 -0.51972
381 382 -0.70134
381 413 0.19319
382 383 0.28138
382 414 0.77783
383 415 -1.37212
384 385 0.6019
384 415 0.14097
384 416 1.48355
385 386 -2.14739
385 417 -1.34594
386 387 -0.45622
386 418 -0.34406
387 388 0.78479
387 419 0.92723
388 389 0.48198
388 420 -0.32526
389 390 -0.93001
389 421 -1.11477
390 391 -0.21591
390 422 0.87064
391 392 0.71086
391 423 0.23588
392 393 0.32468
392 424 1.55244
393 394 -0.67839
393 425 1.7281
394 395 -0.66035
394 426 -0.04949
395 396 -0.04454
395 427 -0.37489
396 397 0.91487
396 428 0.29975
397 398 -0.33187
397 429 1.33244
398 399 0.82749
398 430 1.21311
399 400 0.33637
399 431 1.81684
400 401 -0.10755
400 432 -1.47979
401 402 0.69645
401 433 -1.21436
402 403 1.36085
402 434 -0.35744
403 404 1.87071
403 435 -0.21083
404 405 -0.25785
404 436 1.23267
405 406 0.40986
405 437 -1.13393
406 407 -1.44426
406 438 -1.17988
407 408 1.57152
407 439 0.55488
408 409 0.3632
408 440 -0.00818
409 410 -1.05689
409 441 -0.31452
410 411 0.14616
410 442 -0.62696
411 412 0.59873
411 443 -1.39586
412 413 0.63639
412 444 -1.12779
413 414 0.5201
413 445 -0.08842
414 415 -0.44883
414 446 1.93628
415 447 -1.93667
416 417 0.14841
416 447 0.30072
416 448 -2.07911
417 418 -0.81405
417 449 2.09264
418 419 0.18909
418 450 0.12132
419 420 0.77097
419 451 0.59893
420 421 -1.01285
420 452 -0.68028
421 422 1.16079
421 453 0.12679
422 423 1.0542
422 454 1.11996
423 424 -0.73851
423 455 -1.64826
424 425 0.03021
424 456 -1.44876
425 426 -0.03609
425 457 0.96861
426 427 -0.45651
426 458 0.35952
427 428 -0.15178
427 459 -0.20199
428 429 -1.46786
428 460 -0.57948
429 430 0.77178
429 461 0.28372
430 431 1.69304
430 462 0.34879
431 432 0.80932
431 463 0.2719
432 433 -0.23457
432 464 1.10528
433 434 0.25675
433 465 -2.4908
434 435 1.18915
434 466 0.55372
435 436 0.25863
435 467 -0.75867
436 437 0.31866
436 468 0.111
437 438 -0.40394
437 469 0.6325
438 439 0.37132
438 470 0.48608
439 440 -1.33034
439 471 -0.62351
440 441 -0.00089
440 472 -0.64963
441 442 0.83562
441 473 0.40728
442 443 -2.367
442 474 -2.56919
443 444 0.45664
443 475 1.16414
444 445 -0.07434
444 476 0.59327
445 446 0.70438
445 477 1.25266
446 447 -0.88215
446 478 0.60203
447 479 -0.92577
448 449 -0.75797
448 479 -0.51533
448 480 0.13152
449 450 -0.65461
449 481 1.57841
450 451 -0.83353
450 482 -2.05355
451 452 -0.56824
451 483 -0.09474
452 453 0.46452
452 484 0.4994
453 454 0.99174
453 485 -0.0494
454 455 -0.01896
454 486 -1.23292
455 456 -0.29716
455 487 0.8581
456 457 0.57424
456 488 0.03095
457 458 1.58742
457 489 -0.29155
458 459 -0.78126
458 490 -2.33049
459 460 1.73947
459 491 -0.92748
460 461 1.94089
460 492 0.77667
461 462 -0.03163
461 493 -1.0206
462 463 -0.52231
462 494 -1.01599
463 464 0.23988
463 495 -1.01196
464 465 0.57893
464 496 -0.56063
465 466 0.77706
465 497 0.63323
466 467 0.66485
466 498 -0.73597
467 468 0.253
467 499 -0.87379
468 469 -1.62343
468 500 -0.3385
469 470 1.36127
469 501 1.77566
470 471 -1.13655
470 502 0.95946
471 472 2.04598
471 503 -1.79783
472 473 -0.00083
472 504 0.9309
473 474 0.69432
473 505 -0.03342
474 475 1.48191
474 506 -2.01015
475 476 -0.44302
475 507 0.13299
476 477 -0.63162
476 508 -0.18492
477 478 1.39172
477 509 0.2527
478 479 -0.01381
478 510 0.08968
479 511 0.10448
480 481 -0.65484
480 511 -0.6109
480 512 -1.1372
481 482 -0.4538
481 513 0.78647
482 483 0.98401
482 514 -1.46166
483 484 0.04985
483 515 -1.02871
484 485 0.60814
484 516 0.23833
485 486 -0.88462
485 517 -2.22471
486 487 2.03891
486 518 -0.20413
487 488 1.00428
487 519 -0.24961
488 489 0.05197
488 520 0.43738
489 490 0.02179
489 521 0.38949
490 491 -0.08653
490 522 1.51104
491 492 -1.01921
491 523 -1.23756
492 493 0.91668
492 524 -0.67181
493 494 -0.32565
493 525 -0.36987
494 495 0.28621
494 526 0.32834
495 496 -2.80045
495 527 -1.03721
496 497 -1.03518
496 528 -0.69126
497 498 1.63295
497 529 -0.88243
498 499 -1.04957
498 530 0.91601
499 500 -1.69864
499 531 0.21221
500 501 -0.23816
500 532 0.0673
501 502 -0.21745
501 533 -0.88038
502 503 0.35795
502 534 -0.24205
503 504 1.43035
503 535 1.68604
504 505 -0.57307
504 536 0.65492
505 506 -0.23372
505 537 -0.42523
506 507 0.54446
506 538 -1.68837
507 508 -2.37823
507 539 -0.55749
508 509 0.90363
508 540 -0.25534
509 510 -0.31496
509 541 -0.33382
510 511 0.58424
510 542 -0.79052
511 543 0.24626
512 513 -1.94378
512 543 -0.97951
512 544 -0.34958
513 514 -1.07434
513 545 0.38142
514 515 -1.104
514 546 -1.01687
515 516 0.17275
515 547 -2.06141
516 517 -0.02864
516 548 -1.21662
517 518 -1.22384
517 549 -0.59972
518 519 0.01934
518 550 1.36949
519 520 -0.57614
519 551 -0.51462
520 521 0.24045
520 552 -0.04873
521 522 0.58088
521 553 0.27695
522 523 0.26134
522 554 1.79717
523 524 -0.15637
523 555 -0.33886
524 525 -0.18452
524 556 -0.1725
525 526 1.02641
525 557 0.14636
526 527 0.15529
526 558 1.07663
527 528 0.74215
527 559 -0.20652
528 529 -0.99179
528 560 0.35667
529 530 0.26837
529 561 -0.07247
530 531 1.80807
530 562 -3.43573
531 532 -3.71111
531 563 1.82898
532 533 -0.38111
532 564 -0.75725
533 534 0.53613
533 565 -0.50374
534 535 1.33939
534 566 0.04111
535 536 0.75582
535 567 -1.78497
536 537 0.82938
536 568 -0.89444
537 538 1.14792
537 569 -1.93644
538 539 0.88868
538 570 -1.31052
539 540 0.05848
539 571 -0.6632
540 541 0.08359
540 572 -1.17449
541 542 -0.29693
541 573 0.40366
542 543 -1.00942
542 574 0.72943
543 575 -0.08192
544 545 -0.42196
544 575 -0.26503
544 576 0.20763
545 546 -0.12423
545 577 0.89721
546 547 -1.58742
546 578 -4.07134
547 548 0.32614
547 579 -0.35627
548 549 0.54466
548 580 1.12639
549 550 -0.38808
549 581 1.2422
550 551 2.65317
550 582 0.81032
551 552 0.65637
551 583 1.45725
552 553 -1.18288
552 584 2.2435
553 554 -0.33373
553 585 -0.16864
554 555 -0.11359
554 586 1.55227
555 556 -2.13466
555 587 0.1171
556 557 -1.05563
556 588 -1.52602
557 558 -0.07951
557 589 0.09876
558 559 0.8945
558 590 1.32267
559 560 0.03528
559 591 1.31099
560 561 0.54816
560 592 -1.02691
561 562 0.88517
561 593 -2.78343
562 563 0.70961
562 594 0.37369
563 564 1.99148
563 595 -0.44589
564 565 -0.48227
564 596 -1.4194
565 566 -1.30516
565 597 -0.50531
566 567 -0.72395
566 598 0.30387
567 568 1.10892
567 599 0.60685
568 569 -0.45327
568 600 -0.39746
569 570 0.60981
569 601 -0.58939
570 571 -0.82327
570 602 -0.36072
571 572 0.45031
571 603 -0.43925
572 573 0.50696
572 604 1.4264
573 574 0.89073
573 605 0.52177
574 575 -0.15885
574 606 -0.31149
575 607 0.36836
576 577 0.12393
576 607 -0.89784
576 608 -1.29832
577 578 -0.56002
577 609 0.03193
578 579 0.46777
578 610 -1.53882
579 580 1.65405
579 611 -1.49413
580 581 0.56267
580 612 1.2224
581 582 1.06785
581 613 -0.25071
582 583 -0.54343
582 614 -0.12105
583 584 1.26644
583 615 -0.01058
584 585 0.84545
584 616 -0.69259
585 586 0.50145
585 617 0.85716
586 587 0.84076
586 618 0.56306
587 588 -2.26885
587 619 -0.54587
588 589 0.10981
588 620 -1.4307
589 590 1.49261
589 621 1.11254
590 591 0.00716
590 622 0.92251
591 592 0.4569
591 623 -1.16012
592 593 -0.25268
592 624 -1.51091
593 594 0.48351
593 625 1.17136
594 595 -2.11813
594 626 -2.03989
595 596 0.15444
595 627 0.11706
596 597 -0.088
596 628 0.53331
597 598 -1.95873
597 629 0.10015
598 599 -0.42764
598 630 0.98911
599 600 -0.767
599 631 -1.18617
600 601 -1.80957
600 632 -0.20442
601 602 0.32566
601 633 -0.39829
602 603 -0.68109
602 634 -1.28235
603 604 -0.3287
603 635 -0.27119
604 605 0.58808
604 636 1.15107
605 606 0.64557
605 637 0.50869
606 607 0.33237
606 638 1.12906
607 639 -0.59438
608 609 0.07473
608 639 1.92713
608 640 0.81301
609 610 -0.25338
609 641 0.5863
610 611 -0.68552
610 642 -1.05934
611 612 -0.99916
611 643 0.02604
612 613 -1.92535
612 644 -1.24194
613 614 -0.68702
613 645 1.6554
614 615 1.32047
614 646 0.10123
615 616 1.30746
615 647 0.32066
616 617 -0.40346
616 648 -0.7469
617 618 0.24436
617 649 -0.94774
618 619 0.44153
618 650 -1.68154
619 620 1.08314
619 651 -0.18422
620 621 -0.19638
620 652 -0.60183
621 622 0.01865
621 653 0.07494
622 623 -0.42943
622 654 0.81076
623 624 0.84077
623 655 0.20346
624 625 -1.40081
624 656 1.22977
625 626 -0.11038
625 657 -1.11828
626 627 0.70482
626 658 1.57822
627 628 -0.74714
627 659 -2.01669
628 629 0.05873
628 660 -0.773
629 630 0.66827
629 661 -0.64073
630 631 -0.8372
630 662 0.80958
631 632 -0.13946
631 663 0.86651
632 633 -0.6678
632 664 0.4939
633 634 0.66533
633 665 -0.55372
634 635 0.94898
634 666 0.63665
635 636 -0.48623
635 667 -1.33112
636 637 -1.81016
636 668 -1.25009
637 638 1.89657
637 669 -0.12391
638 639 -0.04589
638 670 -1.29673
639 671 0.38688
640 641 -0.75373
640 671 -1.20462
640 672 1.77219
641 642 -0.12574
641 673 -0.6603
642 643 -0.20353
642 674 -0.05798
643 644 0.71287
643 675 -1.42182
644 645 1.08782
644 676 0.58624
645 646 0.56228
645 677 -1.11704
646 647 0.43571
646 678 1.27516
647 648 -0.60352
647 679 -1.90566
648 649 0.07446
648 680 -2.0564
649 650 0.12684
649 681 -0.74319
650 651 -0.6033
650 682 0.37008
651 652 -0.98774
651 683 -0.66601
652 653 1.1086
652 684 -0.83883
653 654 -0.53406
653 685 -1.47234
654 655 -0.50494
654 686 0.00735
655 656 0.06815
655 687 0.99162
656 657 -1.11387
656 688 0.61332
657 658 2.19804
657 689 -1.16031
658 659 0.58375
658 690 1.61172
659 660 0.44466
659 691 -0.25056
660 661 -1.62803
660 692 -0.67408
661 662 0.83168
661 693 -0.29137
662 663 -1.65542
662 694 -0.37176
663 664 0.60924
663 695 0.24659
664 665 0.81868
664 696 0.14126
665 666 1.54843
665 697 0.57558
666 667 -0.02894
666 698 -0.69811
667 668 -0.52415
667 699 0.96454
668 669 -0.41122
668 700 1.07851
669 670 -0.56385
669 701 -0.59468
670 671 0.65043
670 702 -0.23766
671 703 1.9497
672 673 -1.19619
672 703 -0.14725
672 704 0.21049
673 674 1.72986
673 705 1.33514
674 675 -0.7109
674 706 1.2212
675 676 -0.65906
675 707 1.55953
676 677 -1.5195
676 708 0.23986
677 678 -0.79926
677 709 -0.84723
678 679 0.42948
678 710 1.02346
679 680 0.46528
679 711 0.41182
680 681 0.88277
680 712 0.39038
681 682 2.20424
681 713 2.46212
682 683 -1.91614
682 714 -0.62868
683 684 0.09172
683 715 0.27102
684 685 0.5273
684 716 -1.28652
685 686 -0.38954
685 717 -0.47355
686 687 -0.58622
686 718 -1.47699
687 688 -1.06367
687 719 -0.04287
688 689 -0.20106
688 720 0.36821
689 690 0.25748
689 721 -0.8512
690 691 -2.32358
690 722 0.67333
691 692 -0.69644
691 723 -0.50682
692 693 -1.50958
692 724 -1.3506
693 694 0.34144
693 725 -0.91054
694 695 1.25537
694 726 1.59647
695 696 -0.47885
695 727 2.25666
696 697 1.23509
696 728 -0.31294
697 698 -1.2468
697 729 1.42924
698 699 1.09949
698 730 0.74796
699 700 2.34996
699 731 0.25939
700 701 0.7445
700 732 0.50571
701 702 1.21246
701 733 0.52831
702 703 0.24462
702 734 -0.21082
703 735 0.05496
704 705 1.01723
704 735 0.49287
704 736 -0.39269
705 706 -1.3062
705 737 1.04359
706 707 -0.56956
706 738 -1.27196
707 708 -1.03999
707 739 -0.5253
708 709 -1.07261
708 740 -0.6441
709 710 -1.12799
709 741 -0.34742
710 711 -0.74871
710 742 -0.1767
711 712 -0.11823
711 743 -1.22328
712 713 -0.80237
712 744 -0.22682
713 714 -0.00003
713 745 -0.68147
714 715 -0.48256
714 746 -0.34448
715 716 1.33983
715 747 0.94005
716 717 -1.56764
716 748 -0.42867
717 718 -0.97136
717 749 -0.72244
718 719 0.70512
718 750 -0.11331
719 720 1.51341
719 751 -1.1089
720 721 -1.3721
720 752 0.31259
721 722 -0.42308
721 753 1.46374
722 723 -0.5407
722 754 -0.46219
723 724 -0.14507
723 755 -0.3571
724 725 -0.08315
724 756 0.64962
725 726 2.39357
725 757 0.6973
726 727 1.70297
726 758 0.04273
727 728 -1.55571
727 759 0.5438
728 729 -0.68202
728 760 0.60996
729 730 0.06595
729 761 0.07214
730 731 0.50873
730 762 -0.13329
731 732 1.55929
731 763 -0.30332
732 733 0.02867
732 764 1.02013
733 734 -1.19935
733 765 -0.28287
734 735 0.11719
734 766 0.82294
735 767 0.13883
736 737 0.02792
736 767 1.09862
736 768 -0.26232
737 738 1.62603
737 769 0.79067
738 739 1.4449
738 770 0.39153
739 740 0.53277
739 771 -0.82694
740 741 0.16158
740 772 0.21598
741 742 0.25887
741 773 1.01374
742 743 1.18358
742 774 0.25096
743 744 -0.60531
743 775 1.05747
744 745 -1.57733
744 776 -0.27069
745 746 0.18661
745 777 0.23954
746 747 0.53757
746 778 -0.38286
747 748 0.20702
747 779 -0.77391
748 749 -1.93835
748 780 1.54367
749 750 1.56621
749 781 -0.74017
750 751 -0.36559
750 782 0.49859
751 752 -0.56071
751 783 0.94407
752 753 0.96016
752 784 -0.96715
753 754 0.17268
753 785 1.50859
754 755 1.09999
754 786 2.31348
755 756 0.12957
755 787 -0.73032
756 757 0.05059
756 788 1.15323
757 758 1.22137
757 789 -0.69644
758 759 1.48799
758 790 -0.87567
759 760 -0.70965
759 791 0.67521
760 761 -0.93795
760 792 0.60403
761 762 0.59261
761 793 0.00399
762 763 -0.95002
762 794 1.45273
763 764 0.00623
763 795 -1.04916
764 765 0.02955
764 796 -0.00245
765 766 0.59728
765 797 -0.25991
766 767 0.38318
766 798 -0.56043
767 799 -0.24841
768 769 -0.48155
768 799 -1.48935
768 800 0.14641
769 770 1.53188
769 801 3.56411
770 771 0.08298
770 802 -1.2582
771 772 -0.15547
771 803 -0.63452
772 773 -0.38433
772 804 -0.45644
773 774 -0.44608
773 805 -0.31905
774 775 -1.40724
774 806 0.36354
775 776 -0.29873
775 807 0.36657
776 777 -0.28443
776 808 1.22508
777 778 -0.77751
777 809 1.86285
778 779 1.96555
778 810 0.33259
779 780 0.99329
779 811 0.07731
780 781 0.48416
780 812 -0.15529
781 782 2.22663
781 813 0.3657
782 783 1.66338
782 814 -0.4358
783 784 -0.26363
783 815 -0.59152
784 785 -1.54843
784 816 -0.29642
785 786 0.38822
785 817 -0.06242
786 787 0.44606
786 818 -0.9991
787 788 -0.13141
787 819 -1.6326
788 789 1.20976
788 820 1.54739
789 790 -0.28595
789 821 -1.31848
790 791 0.13347
790 822 -0.40492
791 792 1.19006
791 823 1.68518
792 793 -0.74054
792 824 -0.60251
793 794 -1.50158
793 825 -0.12474
794 795 -1.29403
794 826 -0.46088
795 796 0.28897
795 827 0.35068
796 797 -1.96892
796 828 0.66162
797 798 0.16187
797 829 0.0965
798 799 -0.53725
798 830 -1.22581
799 831 -0.74705
800 801 0.10668
800 831 0.34237
800 832 -0.00141
801 802 -1.02926
801 833 0.63863
802 803 -0.55833
802 834 0.87702
803 804 -1.08499
803 835 -0.96644
804 805 -0.34086
804 836 -0.1968
805 806 -0.62957
805 837 0.29332
806 807 1.31742
806 838 1.91859
807 808 0.54269
807 839 -1.0164
808 809 0.85083
808 840 0.43694
809 810 -0.28747
809 841 -0.15759
810 811 -1.01664
810 842 0.9462
811 812 -0.29725
811 843 0.36869
812 813 -0.55709
812 844 1.13653
813 814 0.44497
813 845 1.29737
814 815 0.04188
814 846 0.27915
815 816 0.90675
815 847 1.90613
816 817 1.65538
816 848 -0.48899
817 818 0.36641
817 849 0.50345
818 819 -0.76178
818 850 -0.63159
819 820 -0.31025
819 851 1.88751
820 821 -1.35805
820 852 1.06002
821 822 -0.66467
821 853 0.38001
822 823 -0.33286
822 854 -1.49204
823 824 0.94973
823 855 1.00313
824 825 -0.43589
824 856 -0.07273
825 826 1.66464
825 857 0.55793
826 827 -1.1808
826 858 -0.74649
827 828 0.21517
827 859 -0.24592
828 829 0.09084
828 860 0.0564
829 830 0.62
829 861 0.72526
830 831 0.62072
830 862 -0.77724
831 863 -0.34572
832 833 -1.20586
832 863 -1.85035
832 864 1.95459
833 834 0.80356
833 865 0.40436
834 835 -0.47858
834 866 -0.56248
835 836 -0.40251
835 867 -0.83083
836 837 0.26299
836 868 0.06227
837 838 -0.40978
837 869 1.36236
838 839 0.34562
838 870 0.58965
839 840 0.52619
839 871 -0.02765
840 841 -0.46039
840 872 1.20352
841 842 0.52054
841 873 0.15436
842 843 -0.05461
842 874 1.13158
843 844 -2.3825
843 875 -1.42816
844 845 0.65245
844 876 -0.27027
845 846 -0.46172
845 877 -0.92795
846 847 0.7036
846 878 -0.90481
847 848 -0.17433
847 879 -1.09802
848 849 0.97153
848 880 -1.84706
849 850 -3.61279
849 881 -0.05288
850 851 1.39559
850 882 -0.45752
851 852 0.72961
851 883 2.06057
852 853 0.62214
852 884 1.80064
853 854 -1.07317
853 885 -0.35798
854 855 -1.51347
854 886 -0.55114
855 856 0.25855
855 887 0.33931
856 857 0.27881
856 888 -0.84421
857 858 -1.05145
857 889 -1.01991
858 859 -1.05231
858 890 -0.4652
859 860 -0.49296
859 891 2.58637
860 861 -0.12537
860 892 1.41555
861 862 -0.854
861 893 1.1918
862 863 -1.28397
862 894 -1.39172
863 895 0.03098
864 865 -1.34649
864 895 -1.25374
864 896 0.85246
865 866 1.40369
865 897 -1.17214
866 867 -0.1661
866 898 -0.09797
867 868 0.03891
867 899 0.28978
868 869 -0.15836
868 900 1.71895
869 870 0.37683
869 901 -0.6262
870 871 0.33375
870 902 0.71636
871 872 1.25022
871 903 0.27086
872 873 -0.9908
872 904 -0.82967
873 874 1.61816
873 905 -0.08514
874 875 0.86219
874 906 2.47066
875 876 2.18563
875 907 -1.87076
876 877 -0.72543
876 908 -0.04875
877 878 -0.93244
877 909 0.72612
878 879 -0.85558
878 910 -0.58066
879 880 -0.22662
879 911 1.51239
880 881 -0.47808
880 912 0.70382
881 882 0.38556
881 913 0.03829
882 883 -0.07721
882 914 -1.81012
883 884 -1.56148
883 915 0.52015
884 885 0.43315
884 916 0.75672
885 886 -0.39079
885 917 0.33759
886 887 -0.09933
886 918 -1.27764
887 888 0.28841
887 919 -0.43741
888 889 0.92081
888 920 1.00509
889 890 2.25639
889 921 -0.72689
890 891 0.15959
890 922 -0.56244
891 892 -1.41485
891 923 1.35343
892 893 0.00986
892 924 -2.25499
893 894 1.1297
893 925 0.9981
894 895 0.08771
894 926 0.62403
895 927 -1.23844
896 897 -0.83907
896 927 1.60514
896 928 -1.12842
897 898 1.35858
897 929 1.41301
898 899 -0.56638
898 930 1.48943
899 900 0.69453
899 931 2.04189
900 901 0.38439
900 932 0.35675
901 902 -0.40109
901 933 -0.92643
902 903 0.782
902 934 -0.54524
903 904 0.09049
903 935 -1.98618
904 905 0.04591
904 936 -0.35172
905 906 -0.22976
905 937 1.43888
906 907 0.74934
906 938 -0.20387
907 908 -0.88817
907 939 -0.7114
908 909 0.31348
908 940 -0.80805
909 910 0.21855
909 941 -1.03501
910 911 1.75887
910 942 0.37301
911 912 -2.65135
911 943 -0.62127
912 913 -0.71422
912 944 0.74808
913 914 -0.11495
913 945 0.24985
914 915 0.8629
914 946 0.75818
915 916 -0.36161
915 947 -0.77395
916 917 -0.85552
916 948 0.35306
917 918 0.30309
917 949 -0.23332
918 919 1.13747
918 950 -0.3007
919 920 0.30946
919 951 -0.13914
920 921 0.9129
920 952 0.40546
921 922 -0.64049
921 953 -0.8442
922 923 -0.01092
922 954 0.88339
923 924 1.57566
923 955 1.99504
924 925 0.61313
924 956 0.51332
925 926 0.27273
925 957 0.52041
926 927 -0.38808
926 958 0.72147
927 959 1.68669
928 929 -0.87818
928 959 -2.23688
928 960 -0.22762
929 930 1.33242
929 961 0.15536
930 931 -1.58633
930 962 -0.54915
931 932 1.062
931 963 0.15556
932 933 0.70319
932 964 1.67421
933 934 2.21566
933 965 0.20787
934 935 0.81333
934 966 1.28611
935 936 -0.54821
935 967 -0.04064
936 937 0.64601
936 968 0.18544
937 938 -0.991
937 969 -0.14742
938 939 -0.86734
938 970 -1.08959
939 940 0.05069
939 971 -0.22077
940 941 0.92736
940 972 1.71236
941 942 1.18325
941 973 0.08637
942 943 -0.82203
942 974 0.71418
943 944 -1.18388
943 975 1.96735
944 945 1.75666
944 976 -1.01008
945 946 1.21726
945 977 0.96538
946 947 0.42335
946 978 1.72764
947 948 1.62324
947 979 0.26555
948 949 -0.19927
948 980 -0.56212
949 950 -1.19767
949 981 -1.20487
950 951 -1.06225
950 982 0.12671
951 952 0.74822
951 983 2.38536
952 953 -0.39253
952 984 -0.3629
953 954 -1.24932
953 985 0.53322
954 955 -0.51651
954 986 -1.25525
955 956 -0.34679
955 987 0.41036
956 957 -0.31219
956 988 -0.92869
957 958 -0.01913
957 989 -2.04896
958 959 0.36838
958 990 0.4179
959 991 0.09136
960 961 -0.1213
960 991 -0.2559
960 992 0.09537
961 962 -0.68209
961 993 1.27995
962 963 -1.74239
962 994 0.02469
963 964 -1.19266
963 995 0.04309
964 965 -0.01778
964 996 0.67102
965 966 -1.73793
965 997 -2.03976
966 967 -0.56038
966 998 -0.22285
967 968 -0.9255
967 999 0.27704
968 969 0.17441
968 1000 -0.89157
969 970 -0.9796
969 1001 1.15915
970 971 -0.96472
970 1002 1.32229
971 972 -0.91667
971 1003 -1.60989
972 973 1.17854
972 1004 -1.59289
973 974 0.30901
973 1005 -2.76484
974 975 1.03531
974 1006 0.44592
975 976 1.23673
975 1007 -0.35348
976 977 -0.54053
976 1008 2.06831
977 978 -1.27667
977 1009 -1.42258
978 979 1.17733
978 1010 -0.27686
979 980 -0.48028
979 1011 -0.35126
980 981 0.38051
980 1012 1.13123
981 982 1.07615
981 1013 0.2944
982 983 1.19879
982 1014 -1.62173
983 984 -0.08233
983 1015 0.44795
984 985 -1.34099
984 1016 -0.58731
985 986 -0.44306
985 1017 0.29764
986 987 -0.39643
986 1018 -0.45625
987 988 -0.72941
987 1019 -0.11174
988 989 0.80095
988 1020 0.71273
989 990 0.36971
989 1021 0.48663
990 991 1.38561
990 1022 -0.32623
991 1023 0.52849
992 993 -0.28195
992 1023 -0.74339
993 994 -2.50181
994 995 -0.99568
995 996 0.80908
996 997 0.64242
997 998 -0.9323
998 999 1.88486
999 1000 -0.36819
1000 1001 -0.4815
1001 1002 0.51397
1002 1003 -0.16474
1003 1004 1.17797
1004 1005 0.5892
1005 1006 0.20124
1006 1007 0.52605
1007 1008 -0.12534
1008 1009 -1.57264
1009 1010 -0.16163
1010 1011 -0.94129
1011 1012 0.37614
1012 1013 -0.13043
1013 1014 -0.80513
1014 1015 -0.23038
1015 1016 -0.72006
1016 1017 -0.82526
1017 1018 0.71999
1018 1019 0.43209
1019 1020 1.84262
1020 1021 0.90841
1021 1022 0.51211
1022 1023 -0.83867
