# model=ea2d N=1024 meanJ=0 seed=262706805 distribution=gaussian field=0 num_fields=1024 num_couplings=2048
0 0
1 0
2 0
3 0
4 0
5 0
6 0
7 0
8 0
9 0
10 0
11 0
12 0
13 0
14 0
15 0
16 0
17 0
18 0
19 0
20 0
21 0
22 0
23 0
24 0
25 0
26 0
27 0
28 0
29 0
30 0
31 0
32 0
33 0
34 0
35 0
36 0
37 0
38 0
39 0
40 0
41 0
42 0
43 0
44 0
45 0
46 0
47 0
48 0
49 0
50 0
51 0
52 0
53 0
54 0
55 0
56 0
57 0
58 0
59 0
60 0
61 0
62 0
63 0
64 0
65 0
66 0
67 0
68 0
69 0
70 0
71 0
72 0
73 0
74 0
75 0
76 0
77 0
78 0
79 0
80 0
81 0
82 0
83 0
84 0
85 0
86 0
87 0
88 0
89 0
90 0
91 0
92 0
93 0
94 0
95 0
96 0
97 0
98 0
99 0
100 0
101 0
102 0
103 0
104 0
105 0
106 0
107 0
108 0
109 0
110 0
111 0
112 0
113 0
114 0
115 0
116 0
117 0
118 0
119 0
120 0
121 0
122 0
123 0
124 0
125 0
126 0
127 0
128 0
129 0
130 0
131 0
132 0
133 0
134 0
135 0
136 0
137 0
138 0
139 0
140 0
141 0
142 0
143 0
144 0
145 0
146 0
147 0
148 0
149 0
150 0
151 0
152 0
153 0
154 0
155 0
156 0
157 0
158 0
159 0
160 0
161 0
162 0
163 0
164 0
165 0
166 0
167 0
168 0
169 0
170 0
171 0
172 0
173 0
174 0
175 0
176 0
177 0
178 0
179 0
180 0
181 0
182 0
183 0
184 0
185 0
186 0
187 0
188 0
189 0
190 0
191 0
192 0
193 0
194 0
195 0
196 0
197 0
198 0
199 0
200 0
201 0
202 0
203 0
204 0
205 0
206 0
207 0
208 0
209 0
210 0
211 0
212 0
213 0
214 0
215 0
216 0
217 0
218 0
219 0
220 0
221 0
222 0
223 0
224 0
225 0
226 0
227 0
228 0
229 0
230 0
231 0
232 0
233 0
234 0
235 0
236 0
237 0
238 0
239 0
240 0
241 0
242 0
243 0
244 0
245 0
246 0
247 0
248 0
249 0
250 0
251 0
252 0
253 0
254 0
255 0
256 0
257 0
258 0
259 0
260 0
261 0
262 0
263 0
264 0
265 0
266 0
267 0
268 0
269 0
270 0
271 0
272 0
273 0
274 0
275 0
276 0
277 0
278 0
279 0
280 0
281 0
282 0
283 0
284 0
285 0
286 0
287 0
288 0
289 0
290 0
291 0
292 0
293 0
294 0
295 0
296 0
297 0
298 0
299 0
300 0
301 0
302 0
303 0
304 0
305 0
306 0
307 0
308 0
309 0
310 0
311 0
312 0
313 0
314 0
315 0
316 0
317 0
318 0
319 0
320 0
321 0
322 0
323 0
324 0
325 0
326 0
327 0
328 0
329 0
330 0
331 0
332 0
333 0
334 0
335 0
336 0
337 0
338 0
339 0
340 0
341 0
342 0
343 0
344 0
345 0
346 0
347 0
348 0
349 0
350 0
351 0
352 0
353 0
354 0
355 0
356 0
357 0
358 0
359 0
360 0
361 0
362 0
363 0
364 0
365 0
366 0
367 0
368 0
369 0
370 0
371 0
372 0
373 0
374 0
375 0
376 0
377 0
378 0
379 0
380 0
381 0
382 0
383 0
384 0
385 0
386 0
387 0
388 0
389 0
390 0
391 0
392 0
393 0
394 0
395 0
396 0
397 0
398 0
399 0
400 0
401 0
402 0
403 0
404 0
405 0
406 0
407 0
408 0
409 0
410 0
411 0
412 0
413 0
414 0
415 0
416 0
417 0
418 0
419 0
420 0
421 0
422 0
423 0
424 0
425 0
426 0
427 0
428 0
429 0
430 0
431 0
432 0
433 0
434 0
435 0
436 0
437 0
438 0
439 0
440 0
441 0
442 0
443 0
444 0
445 0
446 0
447 0
448 0
449 0
450 0
451 0
452 0
453 0
454 0
455 0
456 0
457 0
458 0
459 0
460 0
461 0
462 0
463 0
464 0
465 0
466 0
467 0
468 0
469 0
470 0
471 0
472 0
473 0
474 0
475 0
476 0
477 0
478 0
479 0
480 0
481 0
482 0
483 0
484 0
485 0
486 0
487 0
488 0
489 0
490 0
491 0
492 0
493 0
494 0
495 0
496 0
497 0
498 0
499 0
500 0
501 0
502 0
503 0
504 0
505 0
506 0
507 0
508 0
509 0
510 0
511 0
512 0
513 0
514 0
515 0
516 0
517 0
518 0
519 0
520 0
521 0
522 0
523 0
524 0
525 0
526 0
527 0
528 0
529 0
530 0
531 0
532 0
533 0
534 0
535 0
536 0
537 0
538 0
539 0
540 0
541 0
542 0
543 0
544 0
545 0
546 0
547 0
548 0
549 0
550 0
551 0
552 0
553 0
554 0
555 0
556 0
557 0
558 0
559 0
560 0
561 0
562 0
563 0
564 0
565 0
566 0
567 0
568 0
569 0
570 0
571 0
572 0
573 0
574 0
575 0
576 0
577 0
578 0
579 0
580 0
581 0
582 0
583 0
584 0
585 0
586 0
587 0
588 0
589 0
590 0
591 0
592 0
593 0
594 0
595 0
596 0
597 0
598 0
599 0
600 0
601 0
602 0
603 0
604 0
605 0
606 0
607 0
608 0
609 0
610 0
611 0
612 0
613 0
614 0
615 0
616 0
617 0
618 0
619 0
620 0
621 0
622 0
623 0
624 0
625 0
626 0
627 0
628 0
629 0
630 0
631 0
632 0
633 0
634 0
635 0
636 0
637 0
638 0
639 0
640 0
641 0
642 0
643 0
644 0
645 0
646 0
647 0
648 0
649 0
650 0
651 0
652 0
653 0
654 0
655 0
656 0
657 0
658 0
659 0
660 0
661 0
662 0
663 0
664 0
665 0
666 0
667 0
668 0
669 0
670 0
671 0
672 0
673 0
674 0
675 0
676 0
677 0
678 0
679 0
680 0
681 0
682 0
683 0
684 0
685 0
686 0
687 0
688 0
689 0
690 0
691 0
692 0
693 0
694 0
695 0
696 0
697 0
698 0
699 0
700 0
701 0
702 0
703 0
704 0
705 0
706 0
707 0
708 0
709 0
710 0
711 0
712 0
713 0
714 0
715 0
716 0
717 0
718 0
719 0
720 0
721 0
722 0
723 0
724 0
725 0
726 0
727 0
728 0
729 0
730 0
731 0
732 0
733 0
734 0
735 0
736 0
737 0
738 0
739 0
740 0
741 0
742 0
743 0
744 0
745 0
746 0
747 0
748 0
749 0
750 0
751 0
752 0
753 0
754 0
755 0
756 0
757 0
758 0
759 0
760 0
761 0
762 0
763 0
764 0
765 0
766 0
767 0
768 0
769 0
770 0
771 0
772 0
773 0
774 0
775 0
776 0
777 0
778 0
779 0
780 0
781 0
782 0
783 0
784 0
785 0
786 0
787 0
788 0
789 0
790 0
791 0
792 0
793 0
794 0
795 0
796 0
797 0
798 0
799 0
800 0
801 0
802 0
803 0
804 0
805 0
806 0
807 0
808 0
809 0
810 0
811 0
812 0
813 0
814 0
815 0
816 0
817 0
818 0
819 0
820 0
821 0
822 0
823 0
824 0
825 0
826 0
827 0
828 0
829 0
830 0
831 0
832 0
833 0
834 0
835 0
836 0
837 0
838 0
839 0
840 0
841 0
842 0
843 0
844 0
845 0
846 0
847 0
848 0
849 0
850 0
851 0
852 0
853 0
854 0
855 0
856 0
857 0
858 0
859 0
860 0
861 0
862 0
863 0
864 0
865 0
866 0
867 0
868 0
869 0
870 0
871 0
872 0
873 0
874 0
875 0
876 0
877 0
878 0
879 0
880 0
881 0
882 0
883 0
884 0
885 0
886 0
887 0
888 0
889 0
890 0
891 0
892 0
893 0
894 0
895 0
896 0
897 0
898 0
899 0
900 0
901 0
902 0
903 0
904 0
905 0
906 0
907 0
908 0
909 0
910 0
911 0
912 0
913 0
914 0
915 0
916 0
917 0
918 0
919 0
920 0
921 0
922 0
923 0
924 0
925 0
926 0
927 0
928 0
929 0
930 0
931 0
932 0
933 0
934 0
935 0
936 0
937 0
938 0
939 0
940 0
941 0
942 0
943 0
944 0
945 0
946 0
947 0
948 0
949 0
950 0
951 0
952 0
953 0
954 0
955 0
956 0
957 0
958 0
959 0
960 0
961 0
962 0
963 0
964 0
965 0
966 0
967 0
968 0
969 0
970 0
971 0
972 0
973 0
974 0
975 0
976 0
977 0
978 0
979 0
980 0
981 0
982 0
983 0
984 0
985 0
986 0
987 0
988 0
989 0
990 0
991 0
992 0
993 0
994 0
995 0
996 0
997 0
998 0
999 0
1000 0
1001 0
1002 0
1003 0
1004 0
1005 0
1006 0
1007 0
1008 0
1009 0
1010 0
1011 0
1012 0
1013 0
1014 0
1015 0
1016 0
1017 0
1018 0
1019 0
1020 0
1021 0
1022 0
1023 0
0 1 -0.63211
0 31 -1.31521
0 32 -0.05525
0 992 0.56574
1 2 1.50512
1 33 1.88792
1 993 -0.07925
2 3 -0.31015
2 34 0.49472
2 994 0.41191
3 4 1.15502
3 35 -1.364
3 995 0.46778
4 5 -0.03397
4 36 -1.06079
4 996 -0.38352
5 6 1.34723
5 37 1.34788
5 997 0.3441
6 7 0.81969
6 38 0.46523
6 998 -0.24457
7 8 0.56695
7 39 -0.51956
7 999 -2.04465
8 9 0.78149
8 40 -1.32886
8 1000 0.48458
9 10 0.82021
9 41 0.1401
9 1001 0.79574
10 11 0.62955
10 42 -0.24187
10 1002 0.63086
11 12 -1.16158
11 43 0.98422
11 1003 -1.13462
12 13 0.25947
12 44 -1.12728
12 1004 1.37866
13 14 -0.04085
13 45 -0.47761
13 1005 0.09062
14 15 -1.23857
14 46 -1.23599
14 1006 -0.653
15 16 0.08726
15 47 0.80245
15 1007 -0.19141
16 17 0.1659
16 48 1.39419
16 1008 -1.02662
17 18 -2.01907
17 49 0.25615
17 1009 0.01248
18 19 -1.57843
18 50 0.22145
18 1010 -0.22943
19 20 -0.32148
19 51 -1.19958
19 1011 1.27212
20 21 1.2009
20 52 -0.27348
20 1012 0.33134
21 22 -0.62086
21 53 1.21617
21 1013 0.73916
22 23 1.03408
22 54 0.83865
22 1014 2.05961
23 24 0.70095
23 55 -1.52122
23 1015 0.37141
24 25 -1.16974
24 56 -0.50599
24 1016 1.07941
25 26 -1.93771
25 57 0.38045
25 1017 -0.68482
26 27 -1.42438
26 58 0.33046
26 1018 -0.77193
27 28 1.14888
27 59 1.63195
27 1019 0.01837
28 29 0.26773
28 60 0.2281
28 1020 -0.25273
29 30 0.91552
29 61 -0.83916
29 1021 0.52132
30 31 -1.24707
30 62 -1.12022
30 1022 -0.71438
31 63 0.20479
31 1023 0.35095
32 33 1.5189
32 63 -0.20249
32 64 -0.80348
33 34 0.16144
33 65 0.74691
34 35 -1.20464
34 66 -0.03958
35 36 1.55664
35 67 0.6275
36 37 -2.11735
36 68 1.78152
37 38 0.0421
37 69 -0.97509
38 39 1.0419
38 70 1.73306
39 40 2.16057
39 71 -1.78132
40 41 -0.55551
40 72 1.00267
41 42 0.13644
41 73 0.98226
42 43 0.18927
42 74 -0.04429
43 44 -0.72212
43 75 -1.90214
44 45 2.35419
44 76 1.16009
45 46 1.54191
45 77 -0.30216
46 47 0.20656
46 78 -1.49829
47 48 0.91026
47 79 -1.03087
48 49 -0.80834
48 80 0.08189
49 50 -1.45284
49 81 1.81086
50 51 -0.0015
50 82 0.52776
51 52 0.72857
51 83 -2.12231
52 53 0.63837
52 84 1.78043
53 54 -0.11549
53 85 -0.60863
54 55 0.1399
54 86 -0.5315
55 56 1.81889
55 87 -0.74258
56 57 -0.24321
56 88 1.96986
57 58 -1.38516
57 89 -0.87974
58 59 0.54253
58 90 0.33518
59 60 -0.54399
59 91 -1.13306
60 61 -0.81777
60 92 1.54177
61 62 1.19889
61 93 -2.48485
62 63 -0.72938
62 94 0.09592
63 95 -0.10007
64 65 -0.94232
64 95 0.88651
64 96 0.25389
65 66 1.01106
65 97 -0.25342
66 67 0.0262
66 98 -0.36824
67 68 -1.14107
67 99 -0.17612
68 69 1.20366
68 100 -0.15612
69 70 0.71481
69 101 1.3277
70 71 -0.66614
70 102 -0.21556
71 72 1.09102
71 103 1.32657
72 73 -0.94171
72 104 1.61753
73 74 -0.62478
73 105 1.09347
74 75 0.68058
74 106 0.06683
75 76 0.33573
75 107 0.86705
76 77 0.92823
76 108 1.91054
77 78 -0.3766
77 109 1.77515
78 79 0.86381
78 110 0.05593
79 80 0.30477
79 111 -0.09201
80 81 0.37381
80 112 -0.79702
81 82 -0.26723
81 113 0.8053
82 83 -0.30505
82 114 2.46899
83 84 2.58944
83 115 -0.02562
84 85 1.01609
84 116 1.26464
85 86 0.1762
85 117 0.43929
86 87 1.07572
86 118 -0.0754
87 88 2.24903
87 119 -1.02597
88 89 0.11612
88 120 -0.4489
89 90 0.56207
89 121 -0.39224
90 91 1.25306
90 122 0.93321
91 92 -1.26753
91 123 0.95548
92 93 0.16706
92 124 -0.04904
93 94 -0.80746
93 125 1.75355
94 95 0.64165
94 126 -0.23176
95 127 0.60532
96 97 -0.98378
96 127 -1.64
96 128 0.0653
97 98 -0.97789
97 129 -1.26864
98 99 0.07152
98 130 0.5497
99 100 -0.87309
99 131 1.65471
100 101 -1.30168
100 132 -1.50316
101 102 0.47887
101 133 0.55312
102 103 0.78336
102 134 1.14829
103 104 -1.21966
103 135 -0.03819
104 105 -2.07364
104 136 1.06755
105 106 0.89178
105 137 -0.88507
106 107 0.56481
106 138 1.10337
107 108 0.16944
107 139 -0.51121
108 109 2.00675
108 140 -0.33219
109 110 0.51079
109 141 0.32853
110 111 -0.3836
110 142 -2.60525
111 112 0.4581
111 143 -0.12999
112 113 -1.12544
112 144 1.83747
113 114 1.00822
113 145 -0.52784
114 115 -0.92212
114 146 1.03397
115 116 0.00917
115 147 0.79943
116 117 0.51953
116 148 0.12726
117 118 0.56433
117 149 1.79344
118 119 -0.64666
118 150 -0.78881
119 120 0.56882
119 151 -1.7053
120 121 -0.65896
120 152 1.6902
121 122 0.84425
121 153 0.12918
122 123 0.85231
122 154 -0.34593
123 124 -0.81632
123 155 -0.15376
124 125 -0.89474
124 156 -0.56755
125 126 -0.61245
125 157 0.97306
126 127 -1.6364
126 158 -0.51435
127 159 -0.20477
128 129 0.87688
128 159 0.45172
128 160 1.62522
129 130 0.09671
129 161 -0.09664
130 131 -0.72801
130 162 -0.28709
131 132 2.00738
131 163 1.51357
132 133 -0.81151
132 164 1.47823
133 134 -0.98048
133 165 -1.00919
134 135 1.74039
134 166 -0.21548
135 136 -2.12335
135 167 -0.78833
136 137 -2.685
136 168 0.64548
137 138 0.88154
137 169 -0.60756
138 139 -1.00643
138 170 0.09004
139 140 0.35787
139 171 -1.05803
140 141 -0.4483
140 172 -0.23871
141 142 0.8194
141 173 1.14995
142 143 -1.56222
142 174 0.46967
143 144 0.6348
143 175 -3.02692
144 145 -0.43564
144 176 -0.52414
145 146 1.34238
145 177 -1.36162
146 147 -1.47618
146 178 2.07562
147 148 -0.12699
147 179 -1.59705
148 149 1.04966
148 180 0.17549
149 150 -0.72475
149 181 1.0261
150 151 0.93063
150 182 1.83094
151 152 1.44931
151 183 -0.16954
152 153 -0.20474
152 184 1.35129
153 154 -0.46099
153 185 -0.71787
154 155 0.15307
154 186 0.04947
155 156 0.87886
155 187 -1.72593
156 157 -2.49458
156 188 -0.02347
157 158 1.33089
157 189 0.07559
158 159 -0.31537
158 190 -0.62235
159 191 -0.41969
160 161 -0.88111
160 191 -0.23869
160 192 -0.4058
161 162 1.48346
161 193 -0.53006
162 163 0.43131
162 194 1.08294
163 164 -0.31906
163 195 -1.22317
164 165 1.10187
164 196 0.18351
165 166 0.13422
165 197 -0.64731
166 167 -0.6831
166 198 0.8296
167 168 -1.59777
167 199 -1.94148
168 169 0.20532
168 200 -1.117
169 170 -0.71816
169 201 0.11042
170 171 0.05658
170 202 -0.60317
171 172 -2.49916
171 203 -0.00108
172 173 -0.74174
172 204 0.43494
173 174 0.49937
173 205 0.09634
174 175 -0.19696
174 206 0.17124
175 176 0.32989
175 207 0.13867
176 177 0.34978
176 208 -2.36481
177 178 1.92568
177 209 0.8817
178 179 0.3213
178 210 1.48319
179 180 0.24368
179 211 -0.00813
180 181 0.36813
180 212 -1.18802
181 182 -2.3118
181 213 1.10799
182 183 0.27805
182 214 1.25664
183 184 -0.56567
183 215 -0.59727
184 185 -1.06977
184 216 0.97549
185 186 -0.09193
185 217 0.70339
186 187 -0.00468
186 218 -0.45049
187 188 -1.59899
187 219 -0.17453
188 189 0.54825
188 220 0.38429
189 190 -0.71264
189 221 2.47003
190 191 0.59157
190 222 0.26629
191 223 -1.31399
192 193 0.23192
192 223 -1.82538
192 224 -1.52176
193 194 0.16769
193 225 1.49983
194 195 -1.1065
194 226 -1.16753
195 196 0.23037
195 227 1.46167
196 197 1.07288
196 228 -0.7954
197 198 -0.88494
197 229 -0.71797
198 199 -2.46158
198 230 1.78526
199 200 0.52181
199 231 -1.01136
200 201 0.22363
200 232 -0.97587
201 202 -1.14153
201 233 -0.30537
202 203 -0.2404
202 234 -0.53122
203 204 -0.29733
203 235 -0.25964
204 205 0.2309
204 236 0.91069
205 206 -0.96374
205 237 1.08723
206 207 0.82774
206 238 -0.30094
207 208 0.45085
207 239 -0.41588
208 209 0.24685
208 240 0.43892
209 210 -0.89161
209 241 -1.48207
210 211 0.36896
210 242 0.0023
211 212 0.37113
211 243 -0.9767
212 213 -0.90229
212 244 -0.00341
213 214 0.89432
213 245 0.82167
214 215 -0.28773
214 246 -0.15495
215 216 -0.22915
215 247 -1.15867
216 217 0.6422
216 248 0.53618
217 218 -1.15244
217 249 -1.13235
218 219 0.26547
218 250 -0.51041
219 220 2.37905
219 251 0.0736
220 221 -0.12062
220 252 1.86577
221 222 -1.2452
221 253 -0.59807
222 223 -0.2037
222 254 1.22215
223 255 1.5391
224 225 -0.21609
224 255 -0.82516
224 256 0.87659
225 226 1.31541
225 257 -0.39839
226 227 0.79336
226 258 0.34569
227 228 -0.0394
227 259 -0.45956
228 229 -0.35116
228 260 1.29014
229 230 -0.08495
229 261 -1.3717
230 231 1.30672
230 262 -0.14086
231 232 -0.86661
231 263 -0.25939
232 233 -1.37906
232 264 1.67041
233 234 0.39275
233 265 -0.35709
234 235 0.52588
234 266 -0.82035
235 236 -0.77803
235 267 0.95191
236 237 -0.15655
236 268 0.89459
237 238 -3.24546
237 269 -0.41973
238 239 0.44315
238 270 0.46239
239 240 -0.43298
239 271 1.74862
240 241 1.10076
240 272 -0.7944
241 242 0.52628
241 273 0.21368
242 243 -0.18224
242 274 0.61332
243 244 1.17404
243 275 -0.44895
244 245 -1.1539
244 276 -0.06971
245 246 -2.0446
245 277 -0.04878
246 247 -0.26987
246 278 1.81567
247 248 -0.25863
247 279 0.09855
248 249 0.3267
248 280 1.02418
249 250 0.61576
249 281 1.42181
250 251 -0.34636
250 282 -0.72949
251 252 0.41799
251 283 0.88594
252 253 -0.19609
252 284 2.24424
253 254 0.36106
253 285 0.22405
254 255 -0.37674
254 286 0.46692
255 287 -1.16808
256 257 -0.51312
256 287 -1.45155
256 288 0.27784
257 258 -0.61427
257 289 -0.64606
258 259 -0.43812
258 290 1.54834
259 260 -1.09776
259 291 1.38506
260 261 -1.14766
260 292 0.3592
261 262 0.04139
261 293 0.86395
262 263 0.24168
262 294 -1.00207
263 264 -0.43013
263 295 0.25287
264 265 -0.37923
264 296 1.42133
265 266 -0.51055
265 297 -0.06159
266 267 -0.42856
266 298 -0.28323
267 268 1.53225
267 299 -0.63853
268 269 0.28585
268 300 0.06597
269 270 -0.04836
269 301 -0.28319
270 271 1.00306
270 302 1.25992
271 272 -0.32514
271 303 -0.84273
272 273 0.06172
272 304 0.3326
273 274 -0.77773
273 305 -0.97117
274 275 0.70167
274 306 1.68026
275 276 -1.12036
275 307 -0.38769
276 277 -1.71051
276 308 0.55016
277 278 -0.75758
277 309 -0.15689
278 279 0.5779
278 310 -1.14202
279 280 -1.03698
279 311 0.06831
280 281 -1.04367
280 312 -1.77846
281 282 0.18397
281 313 -0.33234
282 283 -0.15672
282 314 0.28879
283 284 0.65617
283 315 1.23963
284 285 -0.57952
284 316 -1.05217
285 286 0.15118
285 317 0.10856
286 287 -0.67305
286 318 1.16353
287 319 -1.45663
288 289 0.78876
288 319 1.01004
288 320 1.62317
289 290 -0.60986
289 321 0.98791
290 291 -2.51587
290 322 0.39865
291 292 1.16102
291 323 -0.01884
292 293 0.33689
292 324 -0.31834
293 294 0.23314
293 325 -1.39145
294 295 0.21237
294 326 0.58747
295 296 0.62625
295 327 0.59807
296 297 1.02149
296 328 -0.55966
297 298 -1.16758
297 329 -1.78535
298 299 0.15514
298 330 0.15198
299 300 0.65085
299 331 -2.19684
300 301 -2.48056
300 332 -0.05309
301 302 -0.07884
301 333 0.8856
302 303 -1.73482
302 334 -2.10796
303 304 -0.70499
303 335 1.88937
304 305 -0.82138
304 336 1.11851
305 306 2.17263
305 337 0.18569
306 307 0.30213
306 338 0.13242
307 308 -0.50955
307 339 -0.30817
308 309 -1.04072
308 340 0.93896
309 310 -0.11853
309 341 -0.7357
310 311 -1.11292
310 342 0.87772
311 312 0.38224
311 343 1.19802
312 313 0.46911
312 344 0.72771
313 314 -1.14471
313 345 1.24539
314 315 0.93703
314 346 1.34877
315 316 1.04434
315 347 0.33247
316 317 -0.65032
316 348 -0.07238
317 318 -0.85513
317 349 -0.08018
318 319 -0.33984
318 350 -0.21493
319 351 2.21881
320 321 -1.07713
320 351 -0.08546
320 352 0.93613
321 322 1.36478
321 353 0.19832
322 323 -1.03623
322 354 -1.27616
323 324 0.27976
323 355 -1.28874
324 325 0.04677
324 356 0.09509
325 326 -0.47037
325 357 -1.50516
326 327 -0.83834
326 358 -0.50921
327 328 0.40234
327 359 -0.29316
328 329 0.60778
328 360 0.69293
329 330 -1.11333
329 361 -1.18452
330 331 0.69089
330 362 1.31566
331 332 -1.1876
331 363 -1.02558
332 333 -0.24074
332 364 0.3376
333 334 -0.07724
333 365 -0.90421
334 335 1.00381
334 366 0.15927
335 336 -0.44729
335 367 -1.58263
336 337 -0.57272
336 368 1.16687
337 338 -0.36472
337 369 0.9399
338 339 0.05734
338 370 0.01388
339 340 0.37836
339 371 -0.71706
340 341 -1.35527
340 372 0.83718
341 342 -0.60682
341 373 -0.36489
342 343 1.30379
342 374 -1.28522
343 344 -0.48336
343 375 0.12007
344 345 -0.32158
344 376 -0.56295
345 346 -1.15565
345 377 -0.56041
346 347 -0.70535
346 378 -0.43484
347 348 -0.84051
347 379 0.33732
348 349 0.49938
348 380 0.98656
349 350 -0.78448
349 381 2.5024
350 351 0.09415
350 382 0.66116
351 383 -1.18637
352 353 -0.79802
352 383 0.80848
352 384 -0.42162
353 354 0.64959
353 385 0.62943
354 355 -0.24099
354 386 -1.99777
355 356 0.94379
355 387 -0.02435
356 357 -0.1396
356 388 0.67251
357 358 0.52008
357 389 -1.30555
358 359 -2.17047
358 390 -0.03654
359 360 -1.41305
359 391 3.55514
360 361 0.02415
360 392 -0.42154
361 362 0.55967
361 393 0.43454
362 363 0.98607
362 394 -0.77811
363 364 -1.8756
363 395 -1.87591
364 365 0.2396
364 396 -1.16339
365 366 1.43857
365 397 -0.704
366 367 2.50414
366 398 0.04683
367 368 -0.27314
367 399 -0.46367
368 369 -0.78269
368 400 1.7478
369 370 1.74613
369 401 -1.03552
370 371 0.01574
370 402 1.04838
371 372 -0.50684
371 403 1.03518
372 373 -0.55828
372 404 -0.24351
373 374 -0.81649
373 405 -0.93433
374 375 -0.7509
374 406 -0.37969
375 376 1.13721
375 407 0.01614
376 377 0.51301
376 408 -0.02484
377 378 1.94856
377 409 -2.03317
378 379 0.79927
378 410 1.19458
379 380 1.13171
379 411 1.22844
380 381 -0.6178
380 412 -1.44104
381 382 -1.32932
381 413 0.51342
382 383 0.62024
382 414 -1.38934
383 415 2.32443
384 385 1.51461
384 415 -0.86732
384 416 -1.3561
385 386 -0.5953
385 417 1.30952
386 387 1.48338
386 418 0.15836
387 388 -0.47352
387 419 0.04714
388 389 -0.68823
388 420 -0.308
389 390 -1.66684
389 421 -0.87521
390 391 0.02011
390 422 -0.42387
391 392 0.43985
391 423 0.13872
392 393 -1.71454
392 424 -0.16361
393 394 0.62615
393 425 0.04642
394 395 -0.18389
394 426 -2.13459
395 396 1.29032
395 427 -0.87753
396 397 -1.67846
396 428 0.4163
397 398 -0.66672
397 429 1.04731
398 399 0.99651
398 430 -0.56231
399 400 -1.35504
399 431 -0.36564
400 401 -1.32508
400 432 -0.0484
401 402 -0.29655
401 433 1.58895
402 403 1.24504
402 434 0.68864
403 404 -0.88629
403 435 -0.33678
404 405 -1.58125
404 436 1.7141
405 406 0.41043
405 437 -1.65367
406 407 -0.34813
406 438 1.99884
407 408 0.9623
407 439 -0.77809
408 409 -0.58428
408 440 0.38059
409 410 -0.65187
409 441 -0.95052
410 411 0.66577
410 442 -2.4902
411 412 0.59084
411 443 1.0244
412 413 0.26296
412 444 -0.24029
413 414 -2.09436
413 445 0.76598
414 415 -1.06358
414 446 -1.09287
415 447 0.42141
416 417 -0.61534
416 447 0.06937
416 448 0.04726
417 418 -0.07181
417 449 -0.30177
418 419 -1.92522
418 450 -1.38144
419 420 -1.92334
419 451 0.95653
420 421 -3.0387
420 452 1.30342
421 422 1.4544
421 453 1.03727
422 423 0.83548
422 454 -0.50886
423 424 1.10582
423 455 0.0119
424 425 -0.30765
424 456 0.39385
425 426 0.10087
425 457 -0.45805
426 427 1.60381
426 458 0.70433
427 428 0.98514
427 459 -1.33943
428 429 -1.49727
428 460 0.58218
429 430 -0.42173
429 461 -1.04723
430 431 -1.56384
430 462 1.04353
431 432 -0.01912
431 463 2.48643
432 433 0.21211
432 464 -0.06397
433 434 -0.48303
433 465 -0.59026
434 435 -0.05934
434 466 -1.12452
435 436 1.24355
435 467 -0.54561
436 437 -0.00944
436 468 0.81604
437 438 0.26178
437 469 -1.0993
438 439 1.64289
438 470 -0.41768
439 440 1.86793
439 471 -1.20896
440 441 -1.7465
440 472 -0.28457
441 442 0.70074
441 473 -0.42171
442 443 -1.87658
442 474 -0.60187
443 444 0.09851
443 475 0.95899
444 445 -0.57977
444 476 0.67822
445 446 -0.06269
445 477 -1.47134
446 447 -0.98529
446 478 0.99972
447 479 0.77368
448 449 0.8172
448 479 -0.7648
448 480 -0.06477
449 450 -1.8739
449 481 0.096
450 451 1.45806
450 482 0.5671
451 452 -1.4938
451 483 -0.3051
452 453 0.93406
452 484 2.01442
453 454 0.19628
453 485 -0.80646
454 455 -0.15998
454 486 -0.32298
455 456 -0.4013
455 487 -0.75552
456 457 0.51526
456 488 -0.28873
457 458 0.19741
457 489 0.48201
458 459 -0.26472
458 490 -0.79617
459 460 -1.35872
459 491 1.80978
460 461 0.23247
460 492 -0.50067
461 462 -0.27713
461 493 -0.05828
462 463 1.27295
462 494 1.54655
463 464 1.31063
463 495 -2.46831
464 465 -0.38817
464 496 0.65723
465 466 -0.31834
465 497 1.13542
466 467 -0.23899
466 498 1.24865
467 468 0.01778
467 499 -0.43754
468 469 -0.42481
468 500 0.56886
469 470 -0.34198
469 501 0.52315
470 471 -0.25881
470 502 0.90492
471 472 0.26936
471 503 -1.50167
472 473 -0.234
472 504 -0.88016
473 474 -0.75397
473 505 -1.68402
474 475 0.99201
474 506 -1.02169
475 476 -1.51663
475 507 0.48769
476 477 -1.10406
476 508 0.42291
477 478 -1.02114
477 509 0.96813
478 479 -2.73292
478 510 -0.11704
479 511 -0.70085
480 481 2.98734
480 511 1.80194
480 512 1.03012
481 482 -1.13997
481 513 0.12284
482 483 1.7134
482 514 -0.56926
483 484 -0.45651
483 515 -2.01667
484 485 1.44294
484 516 -1.78334
485 486 -0.47694
485 517 -0.01268
486 487 1.75736
486 518 1.48252
487 488 1.73421
487 519 -0.06887
488 489 -0.25984
488 520 1.62433
489 490 -0.37313
489 521 0.79729
490 491 -1.1716
490 522 -1.0203
491 492 -0.53222
491 523 -1.42408
492 493 -1.43913
492 524 -1.4394
493 494 0.70098
493 525 0.00732
494 495 -0.29599
494 526 -0.53557
495 496 0.70852
495 527 1.29416
496 497 -0.01251
496 528 0.43637
497 498 0.91711
497 529 -0.22278
498 499 -1.33372
498 530 -0.83741
499 500 0.32525
499 531 2.6289
500 501 -0.64031
500 532 -1.83627
501 502 -1.35896
501 533 0.7411
502 503 -0.10392
502 534 0.87804
503 504 -2.47187
503 535 -0.1198
504 505 0.22077
504 536 0.00944
505 506 -0.88586
505 537 1.70009
506 507 1.40221
506 538 0.90532
507 508 -0.34298
507 539 -0.30907
508 509 1.11971
508 540 0.52339
509 510 -0.62242
509 541 0.51974
510 511 -0.50351
510 542 -0.8134
511 543 -1.02491
512 513 1.16736
512 543 -1.10917
512 544 0.25572
513 514 -1.31247
513 545 0.4583
514 515 -2.90668
514 546 -1.36247
515 516 0.05461
515 547 -0.48504
516 517 0.26219
516 548 -0.1592
517 518 1.99204
517 549 -0.0139
518 519 -0.59433
518 550 0.37267
519 520 -0.53636
519 551 1.44477
520 521 0.91736
520 552 0.19968
521 522 -0.2333
521 553 0.4365
522 523 0.66602
522 554 0.70227
523 524 -1.73578
523 555 0.1089
524 525 -0.71313
524 556 -0.71187
525 526 0.98117
525 557 -0.06126
526 527 1.10411
526 558 -0.35156
527 528 -1.08066
527 559 -1.41075
528 529 0.6763
528 560 0.65715
529 530 -1.89727
529 561 0.75125
530 531 -1.53639
530 562 -0.094
531 532 1.55584
531 563 0.23889
532 533 0.54654
532 564 -1.40331
533 534 0.46906
533 565 -1.27001
534 535 -0.38562
534 566 1.4471
535 536 0.64391
535 567 0.13428
536 537 1.00534
536 568 -0.5229
537 538 -0.58715
537 569 -2.06273
538 539 -0.0529
538 570 1.07179
539 540 0.62705
539 571 1.07457
540 541 0.43431
540 572 0.31138
541 542 -0.36051
541 573 -0.02436
542 543 -0.68429
542 574 -1.13872
543 575 -0.07306
544 545 1.07427
544 575 -0.73187
544 576 -0.52293
545 546 -2.73927
545 577 0.50475
546 547 -0.17919
546 578 -0.10761
547 548 -1.29543
547 579 -0.29178
548 549 0.86192
548 580 0.99665
549 550 -0.67571
549 581 -0.27165
550 551 -0.36436
550 582 1.01403
551 552 -0.92573
551 583 -0.66981
552 553 0.62186
552 584 0.93665
553 554 0.28959
553 585 -0.06872
554 555 0.21065
554 586 1.10789
555 556 -0.19124
555 587 -0.51011
556 557 -2.38291
556 588 0.53217
557 558 0.27319
557 589 0.69553
558 559 0.61199
558 590 1.02084
559 560 0.12709
559 591 0.77015
560 561 0.02317
560 592 1.32215
561 562 0.63741
561 593 0.59205
562 563 -0.71486
562 594 0.01944
563 564 -0.39807
563 595 0.45994
564 565 -0.04659
564 596 -0.481
565 566 1.9595
565 597 -0.41717
566 567 -0.10814
566 598 -0.96873
567 568 1.93535
567 599 0.13974
568 569 0.70646
568 600 1.54342
569 570 -0.38575
569 601 -0.7248
570 571 1.20051
570 602 0.49671
571 572 -1.32997
571 603 -0.60416
572 573 1.22457
572 604 -1.05722
573 574 0.04827
573 605 1.6756
574 575 -1.28541
574 606 0.59896
575 607 0.10931
576 577 -1.52577
576 607 -0.99964
576 608 -2.65612
577 578 -1.57019
577 609 1.04316
578 579 -0.63444
578 610 0.08621
579 580 -0.85859
579 611 -0.27585
580 581 -0.08778
580 612 -1.37154
581 582 1.61332
581 613 0.27033
582 583 -1.35079
582 614 -1.347
583 584 0.34627
583 615 -0.83859
584 585 0.78758
584 616 -0.61972
585 586 0.30732
585 617 1.97082
586 587 1.70718
586 618 -0.08505
587 588 -1.26362
587 619 -1.3689
588 589 1.28043
588 620 -0.60818
589 590 -1.72576
589 621 -1.30965
590 591 2.39864
590 622 0.38601
591 592 -0.1747
591 623 0.01987
592 593 -0.6748
592 624 1.31619
593 594 1.18225
593 625 -0.27783
594 595 -1.11135
594 626 0.34384
595 596 0.7038
595 627 -0.21979
596 597 -0.70173
596 628 0.20843
597 598 -1.79612
597 629 -1.40328
598 599 2.05888
598 630 -0.67839
599 600 1.55021
599 631 -0.81985
600 601 0.06872
600 632 -0.59315
601 602 -0.69805
601 633 0.645
602 603 -0.71916
602 634 0.15085
603 604 -0.18253
603 635 -0.48541
604 605 0.88493
604 636 -1.82147
605 606 -0.01635
605 637 0.40122
606 607 1.49672
606 638 0.04754
607 639 0.30191
608 609 -0.22032
608 639 0.57052
608 640 -2.18214
609 610 -0.86405
609 641 -0.15484
610 611 0.48084
610 642 0.70638
611 612 -1.51881
611 643 -0.8782
612 613 0.10382
612 644 0.2422
613 614 0.49111
613 645 -1.12581
614 615 0.07046
614 646 0.11734
615 616 0.57897
615 647 -2.78985
616 617 -0.65016
616 648 0.0067
617 618 -1.39106
617 649 0.12215
618 619 0.27042
618 650 -1.86595
619 620 0.85806
619 651 -0.55909
620 621 -0.95483
620 652 0.60909
621 622 -2.01866
621 653 -1.29433
622 623 1.20119
622 654 -1.65706
623 624 2.41045
623 655 0.38995
624 625 -0.34986
624 656 1.09353
625 626 -0.46123
625 657 -0.9521
626 627 -0.65173
626 658 -1.99331
627 628 0.65683
627 659 1.13186
628 629 1.79294
628 660 0.84633
629 630 -2.16994
629 661 0.70477
630 631 0.12455
630 662 -0.46871
631 632 -0.35348
631 663 1.48493
632 633 0.35673
632 664 -0.57442
633 634 -0.56889
633 665 0.41617
634 635 -0.19323
634 666 0.41828
635 636 -0.07214
635 667 1.60455
636 637 -0.82514
636 668 0.55982
637 638 -0.82604
637 669 0.99786
638 639 -0.12557
638 670 -0.53151
639 671 -0.0146
640 641 1.22488
640 671 -0.31371
640 672 -1.10544
641 642 0.02995
641 673 -3.1279
642 643 0.61589
642 674 -0.41257
643 644 1.05463
643 675 -0.08432
644 645 -0.2161
644 676 -1.09699
645 646 -0.24585
645 677 0.33542
646 647 -0.56181
646 678 0.12917
647 648 -1.28525
647 679 -1.80965
648 649 0.72689
648 680 -0.31684
649 650 0.18449
649 681 1.14428
650 651 0.42497
650 682 0.95322
651 652 1.34223
651 683 -0.53146
652 653 0.77591
652 684 -0.62476
653 654 0.56817
653 685 0.13083
654 655 1.95328
654 686 -1.01053
655 656 1.32527
655 687 -1.09735
656 657 -0.71491
656 688 2.85833
657 658 0.59474
657 689 0.74264
658 659 0.14978
658 690 -1.36964
659 660 0.67383
659 691 0.57598
660 661 -0.79772
660 692 -0.13336
661 662 -0.53948
661 693 -1.60642
662 663 0.73518
662 694 -2.40916
663 664 -1.58445
663 695 1.70732
664 665 2.14158
664 696 1.33662
665 666 -1.03791
665 697 0.78809
666 667 -1.00345
666 698 0.74033
667 668 0.11366
667 699 -0.50709
668 669 -0.8989
668 700 -0.44885
669 670 2.64748
669 701 -1.17728
670 671 -1.31065
670 702 -1.30395
671 703 -0.7316
672 673 0.29782
672 703 0.99356
672 704 0.28585
673 674 1.10313
673 705 -0.22881
674 675 -0.60303
674 706 -0.19164
675 676 0.69443
675 707 1.97879
676 677 0.53017
676 708 0.12491
677 678 -0.26707
677 709 -0.84188
678 679 -0.18306
678 710 0.2274
679 680 -0.49972
679 711 -1.08231
680 681 0.06125
680 712 -2.03111
681 682 2.26265
681 713 1.64257
682 683 -0.15228
682 714 -0.78217
683 684 -2.20588
683 715 -0.06628
684 685 0.43517
684 716 -1.0596
685 686 0.68812
685 717 -0.92188
686 687 -0.29368
686 718 0.3472
687 688 -0.37495
687 719 -0.4305
688 689 -2.40456
688 720 -0.70575
689 690 -1.31652
689 721 -2.08818
690 691 -0.70262
690 722 1.54327
691 692 1.94177
691 723 1.05832
692 693 1.23821
692 724 -0.32747
693 694 -0.21014
693 725 1.1898
694 695 0.95923
694 726 -2.22908
695 696 -0.17759
695 727 1.39013
696 697 0.20406
696 728 -0.08116
697 698 0.2404
697 729 -0.75849
698 699 -1.0752
698 730 0.49726
699 700 -1.122
699 731 3.22678
700 701 -0.32944
700 732 0.65474
701 702 0.6034
701 733 0.71691
702 703 0.05055
702 734 0.4027
703 735 -0.7085
704 705 -0.35075
704 735 -0.24952
704 736 0.65215
705 706 0.16356
705 737 0.10728
706 707 0.2948
706 738 0.68945
707 708 -0.48433
707 739 0.95811
708 709 -0.04139
708 740 -2.4167
709 710 -0.25996
709 741 -0.23273
710 711 -1.7222
710 742 -0.03914
711 712 -1.30886
711 743 -1.35188
712 713 -0.16537
712 744 0.50589
713 714 -1.44826
713 745 -2.32162
714 715 1.33793
714 746 1.59396
715 716 -1.12615
715 747 1.16794
716 717 0.69439
716 748 -0.79263
717 718 1.22027
717 749 -0.63126
718 719 -0.9972
718 750 1.51028
719 720 -0.65486
719 751 1.95725
720 721 0.49792
720 752 0.179
721 722 -0.69572
721 753 -0.2025
722 723 -0.34164
722 754 -0.98909
723 724 -1.00069
723 755 0.37914
724 725 -1.141
724 756 -0.16899
725 726 -1.21353
725 757 0.625
726 727 -0.36285
726 758 2.13989
727 728 -0.38183
727 759 -0.94948
728 729 -0.11452
728 760 1.32111
729 730 -0.41668
729 761 -0.12659
730 731 1.09034
730 762 0.37558
731 732 0.07992
731 763 -1.18645
732 733 -0.9293
732 764 -1.46234
733 734 0.08788
733 765 0.31944
734 735 -0.93252
734 766 -1.18432
735 767 -0.85566
736 737 0.28058
736 767 -0.2911
736 768 1.11548
737 738 -0.50042
737 769 0.33615
738 739 -1.48742
738 770 0.53335
739 740 0.5636
739 771 -1.23366
740 741 -0.44376
740 772 0.10214
741 742 -0.50338
741 773 1.28456
742 743 -1.60864
742 774 0.41513
743 744 -1.034
743 775 1.55349
744 745 0.4002
744 776 -0.15281
745 746 -0.83953
745 777 0.3566
746 747 0.1541
746 778 -1.30141
747 748 0.09369
747 779 0.02702
748 749 -0.50579
748 780 2.87938
749 750 0.19257
749 781 -0.83946
750 751 0.23455
750 782 -0.1207
751 752 -0.40787
751 783 -2.00796
752 753 -0.25382
752 784 1.20057
753 754 2.24676
753 785 0.47429
754 755 -0.32829
754 786 -0.42195
755 756 -1.36225
755 787 0.06375
756 757 -0.33828
756 788 -1.64157
757 758 -1.35481
757 789 1.6999
758 759 -0.04351
758 790 -1.90812
759 760 0.88955
759 791 0.42398
760 761 -0.0212
760 792 0.88653
761 762 0.71773
761 793 -0.82018
762 763 -1.03589
762 794 0.00027
763 764 2.07381
763 795 -0.79561
764 765 0.46986
764 796 0.35899
765 766 -0.7549
765 797 1.23007
766 767 0.56959
766 798 -0.63616
767 799 -0.99433
768 769 1.32051
768 799 -0.01051
768 800 -1.47428
769 770 -0.76391
769 801 0.15265
770 771 1.40802
770 802 -0.64669
771 772 1.21656
771 803 -1.33796
772 773 0.16319
772 804 -0.21407
773 774 -0.46991
773 805 -0.7119
774 775 1.3868
774 806 1.77641
775 776 -0.54762
775 807 2.30765
776 777 -0.99656
776 808 -0.49374
777 778 -0.61755
777 809 1.56969
778 779 0.70793
778 810 -1.62113
779 780 2.09091
779 811 1.87447
780 781 0.47963
780 812 0.47177
781 782 0.22867
781 813 0.04609
782 783 1.50452
782 814 -0.91151
783 784 0.12224
783 815 -0.64742
784 785 -1.40267
784 816 -0.37428
785 786 -0.15079
785 817 -0.10425
786 787 -0.64285
786 818 -1.62368
787 788 0.1304
787 819 0.15359
788 789 -0.4871
788 820 0.15831
789 790 2.4502
789 821 0.79447
790 791 -1.87583
790 822 -0.08924
791 792 0.01221
791 823 0.74313
792 793 0.73731
792 824 -1.58251
793 794 -0.33588
793 825 0.79052
794 795 0.73011
794 826 1.2052
795 796 0.95018
795 827 0.39992
796 797 -0.81341
796 828 1.41267
797 798 0.33429
797 829 0.06179
798 799 -1.59439
798 830 -0.07914
799 831 0.76989
800 801 -1.25992
800 831 2.15383
800 832 -2.91927
801 802 0.49134
801 833 0.45171
802 803 1.67321
802 834 0.20025
803 804 -0.40364
803 835 0.26163
804 805 -0.1581
804 836 -0.66533
805 806 0.80343
805 837 -0.68652
806 807 0.21519
806 838 -0.673
807 808 1.50585
807 839 0.74429
808 809 0.19881
808 840 0.64885
809 810 0.2081
809 841 -0.24987
810 811 -1.86546
810 842 -0.17895
811 812 0.83187
811 843 0.38337
812 813 0.358
812 844 0.20842
813 814 2.02569
813 845 -1.17791
814 815 -0.62845
814 846 -1.16888
815 816 -0.18879
815 847 2.21184
816 817 1.03114
816 848 -0.81116
817 818 -0.04379
817 849 0.79166
818 819 -0.13899
818 850 -0.46912
819 820 -0.73324
819 851 0.28536
820 821 0.12439
820 852 1.0618
821 822 -0.81187
821 853 1.77308
822 823 0.36949
822 854 -0.51321
823 824 0.81188
823 855 0.14601
824 825 -0.06753
824 856 0.61996
825 826 0.93194
825 857 0.18998
826 827 -0.45569
826 858 -1.13512
827 828 -0.31713
827 859 0.80448
828 829 -0.58799
828 860 -1.54975
829 830 -0.31931
829 861 0.55247
830 831 -0.32273
830 862 0.8117
831 863 -0.40755
832 833 -1.70103
832 863 0.39769
832 864 -0.11125
833 834 0.86832
833 865 -0.97216
834 835 -2.40441
834 866 -0.52744
835 836 -1.52894
835 867 -0.26103
836 837 -0.6469
836 868 0.75179
837 838 0.30336
837 869 -1.98019
838 839 0.01948
838 870 -0.23052
839 840 1.33073
839 871 0.30756
840 841 0.07509
840 872 -0.16613
841 842 0.03052
841 873 0.75998
842 843 -1.31523
842 874 -0.29402
843 844 0.37604
843 875 -0.59666
844 845 -0.01085
844 876 -0.4247
845 846 0.32125
845 877 -2.54022
846 847 -0.5362
846 878 -1.63189
847 848 1.13512
847 879 0.98555
848 849 -1.18947
848 880 -2.35198
849 850 0.437
849 881 0.54183
850 851 -0.83106
850 882 -0.09719
851 852 -0.48312
851 883 -1.73541
852 853 -1.09798
852 884 0.08849
853 854 0.57153
853 885 1.71349
854 855 1.63914
854 886 0.11153
855 856 1.16541
855 887 0.09934
856 857 -0.42211
856 888 -0.47141
857 858 0.16023
857 889 0.13597
858 859 1.2363
858 890 -0.69303
859 860 1.09492
859 891 -1.01567
860 861 -1.13848
860 892 0.59926
861 862 -0.32733
861 893 -3.61317
862 863 0.88047
862 894 -1.12582
863 895 1.29467
864 865 -0.58304
864 895 -2.00494
864 896 0.01697
865 866 -0.87469
865 897 -0.56227
866 867 0.71034
866 898 1.54931
867 868 1.02997
867 899 0.0176
868 869 -1.61899
868 900 1.03836
869 870 1.46676
869 901 0.43663
870 871 -0.39854
870 902 0.27893
871 872 -0.73893
871 903 1.19387
872 873 -0.9263
872 904 0.0531
873 874 -0.431
873 905 1.76542
874 875 1.2834
874 906 -0.33336
875 876 0.70515
875 907 0.2073
876 877 1.36235
876 908 -0.38497
877 878 -0.11148
877 909 0.77207
878 879 1.90088
878 910 -2.29323
879 880 0.93319
879 911 -1.98718
880 881 2.39969
880 912 -0.57459
881 882 0.49618
881 913 -0.79607
882 883 0.84501
882 914 -0.55631
883 884 -1.71442
883 915 -0.47163
884 885 0.55872
884 916 0.72221
885 886 0.22494
885 917 1.24516
886 887 -1.27135
886 918 1.31685
887 888 -0.96676
887 919 1.63228
888 889 -1.28578
888 920 0.48945
889 890 0.41999
889 921 -0.73065
890 891 0.94462
890 922 -1.00451
891 892 1.35936
891 923 0.52996
892 893 0.33354
892 924 -0.76575
893 894 0.13759
893 925 1.67598
894 895 0.21027
894 926 -0.71395
895 927 -1.6479
896 897 0.99731
896 927 -2.44463
896 928 -1.41743
897 898 -1.16133
897 929 -0.19792
898 899 -0.28923
898 930 0.974
899 900 0.66058
899 931 0.85919
900 901 -1.13157
900 932 1.02347
901 902 0.2146
901 933 1.48103
902 903 -1.40786
902 934 1.221
903 904 -1.02487
903 935 -0.71622
904 905 -0.5522
904 936 1.85324
905 906 1.19613
905 937 0.54132
906 907 -1.97497
906 938 -0.85198
907 908 -1.68446
907 939 -0.32476
908 909 -0.54264
908 940 1.22675
909 910 0.05488
909 941 1.17265
910 911 -0.84911
910 942 -2.04151
911 912 2.46992
911 943 -2.15416
912 913 1.01381
912 944 -0.05622
913 914 1.70695
913 945 0.79398
914 915 -0.76629
914 946 0.381
915 916 -0.11306
915 947 -0.05432
916 917 0.437
916 948 0.5916
917 918 -0.62572
917 949 0.05892
918 919 -0.9016
918 950 -1.17112
919 920 0.05318
919 951 0.16037
920 921 0.16941
920 952 -0.06636
921 922 -1.32603
921 953 0.12356
922 923 -0.98046
922 954 -0.18747
923 924 0.62364
923 955 -1.42257
924 925 -0.77692
924 956 0.22179
925 926 0.67846
925 957 -1.29248
926 927 -0.24182
926 958 1.23192
927 959 -0.32344
928 929 0.86167
928 959 -0.35498
928 960 -0.23473
929 930 0.8604
929 961 -0.20405
930 931 0.34068
930 962 0.54703
931 932 0.06552
931 963 1.54252
932 933 0.25248
932 964 0.5013
933 934 0.32691
933 965 0.78129
934 935 -0.00786
934 966 -1.14522
935 936 0.32379
935 967 -2.28308
936 937 -0.17213
936 968 -0.86336
937 938 0.60871
937 969 0.94073
938 939 1.06739
938 970 -0.06927
939 940 -1.86029
939 971 1.31701
940 941 1.36344
940 972 0.16972
941 942 0.86842
941 973 -0.61641
942 943 0.21426
942 974 -1.6713
943 944 -2.08035
943 975 0.22898
944 945 -0.21665
944 976 1.29996
945 946 -1.13917
945 977 1.68616
946 947 0.04993
946 978 -0.6923
947 948 0.2287
947 979 0.20291
948 949 -0.035
948 980 -0.10859
949 950 0.34257
949 981 0.07687
950 951 0.88066
950 982 0.71658
951 952 0.45606
951 983 0.67669
952 953 0.87563
952 984 -0.47277
953 954 1.71461
953 985 -0.48291
954 955 0.75726
954 986 0.28209
955 956 0.54977
955 987 0.5327
956 957 -0.2979
956 988 0.4262
957 958 0.6166
957 989 0.64017
958 959 -0.70013
958 990 -0.52008
959 991 -1.36377
960 961 0.21833
960 991 0.31365
960 992 -0.45733
961 962 0.00101
961 993 0.81071
962 963 -0.04812
962 994 0.17041
963 964 -0.12116
963 995 -1.38407
964 965 0.02385
964 996 0.24419
965 966 0.19072
965 997 0.38737
966 967 -1.30143
966 998 0.25359
967 968 0.11759
967 999 0.96897
968 969 -0.59292
968 1000 -0.1824
969 970 0.53099
969 1001 0.31756
970 971 0.03017
970 1002 0.32487
971 972 -0.23983
971 1003 -0.89553
972 973 -0.34117
972 1004 0.24219
973 974 0.5251
973 1005 -0.34012
974 975 0.21518
974 1006 0.45326
975 976 0.34024
975 1007 -3.00802
976 977 -0.3093
976 1008 -0.02147
977 978 -0.0531
977 1009 0.81967
978 979 -0.64929
978 1010 -1.44764
979 980 -1.57422
979 1011 1.17568
980 981 -0.16874
980 1012 0.79083
981 982 1.13824
981 1013 -1.43437
982 983 -0.15102
982 1014 -0.895
983 984 0.86607
983 1015 0.36605
984 985 1.39773
984 1016 -0.53324
985 986 -1.24704
985 1017 1.71272
986 987 0.43249
986 1018 -0.07367
987 988 1.28249
987 1019 -0.82353
988 989 0.64252
988 1020 -0.44336
989 990 0.04308
989 1021 -0.31669
990 991 -0.43418
990 1022 0.11653
991 1023 1.59278
992 993 -0.54298
992 1023 -0.48389
993 994 0.8356
994 995 0.65832
995 996 0.35342
996 997 -0.66538
997 998 0.08639
998 999 -0.93721
999 1000 -0.39005
1000 1001 -0.40795
1001 1002 -0.90165
1002 1003 -0.41083
1003 1004 -0.66328
1004 1005 -0.50419
1005 1006 -0.90023
1006 1007 0.50589
1007 1008 -0.43308
1008 1009 -1.29508
1009 1010 1.34568
1010 1011 -1.35116
1011 1012 -0.1845
1012 1013 2.74695
1013 1014 1.24687
1014 1015 -0.27237
1015 1016 0.88063
1016 1017 0.0818
1017 1018 -1.2391
1018 1019 0.6214
1019 1020 0.20086
1020 1021 -0.27356
1021 1022 -1.41073
1022 1023 0.25616
