# model=ea2d N=1024 meanJ=0 seed=36712993 distribution=gaussian field=0 num_fields=1024 num_couplings=2048
0 0
1 0
2 0
3 0
4 0
5 0
6 0
7 0
8 0
9 0
10 0
11 0
12 0
13 0
14 0
15 0
16 0
17 0
18 0
19 0
20 0
21 0
22 0
23 0
24 0
25 0
26 0
27 0
28 0
29 0
30 0
31 0
32 0
33 0
34 0
35 0
36 0
37 0
38 0
39 0
40 0
41 0
42 0
43 0
44 0
45 0
46 0
47 0
48 0
49 0
50 0
51 0
52 0
53 0
54 0
55 0
56 0
57 0
58 0
59 0
60 0
61 0
62 0
63 0
64 0
65 0
66 0
67 0
68 0
69 0
70 0
71 0
72 0
73 0
74 0
75 0
76 0
77 0
78 0
79 0
80 0
81 0
82 0
83 0
84 0
85 0
86 0
87 0
88 0
89 0
90 0
91 0
92 0
93 0
94 0
95 0
96 0
97 0
98 0
99 0
100 0
101 0
102 0
103 0
104 0
105 0
106 0
107 0
108 0
109 0
110 0
111 0
112 0
113 0
114 0
115 0
116 0
117 0
118 0
119 0
120 0
121 0
122 0
123 0
124 0
125 0
126 0
127 0
128 0
129 0
130 0
131 0
132 0
133 0
134 0
135 0
136 0
137 0
138 0
139 0
140 0
141 0
142 0
143 0
144 0
145 0
146 0
147 0
148 0
149 0
150 0
151 0
152 0
153 0
154 0
155 0
156 0
157 0
158 0
159 0
160 0
161 0
162 0
163 0
164 0
165 0
166 0
167 0
168 0
169 0
170 0
171 0
172 0
173 0
174 0
175 0
176 0
177 0
178 0
179 0
180 0
181 0
182 0
183 0
184 0
185 0
186 0
187 0
188 0
189 0
190 0
191 0
192 0
193 0
194 0
195 0
196 0
197 0
198 0
199 0
200 0
201 0
202 0
203 0
204 0
205 0
206 0
207 0
208 0
209 0
210 0
211 0
212 0
213 0
214 0
215 0
216 0
217 0
218 0
219 0
220 0
221 0
222 0
223 0
224 0
225 0
226 0
227 0
228 0
229 0
230 0
231 0
232 0
233 0
234 0
235 0
236 0
237 0
238 0
239 0
240 0
241 0
242 0
243 0
244 0
245 0
246 0
247 0
248 0
249 0
250 0
251 0
252 0
253 0
254 0
255 0
256 0
257 0
258 0
259 0
260 0
261 0
262 0
263 0
264 0
265 0
266 0
267 0
268 0
269 0
270 0
271 0
272 0
273 0
274 0
275 0
276 0
277 0
278 0
279 0
280 0
281 0
282 0
283 0
284 0
285 0
286 0
287 0
288 0
289 0
290 0
291 0
292 0
293 0
294 0
295 0
296 0
297 0
298 0
299 0
300 0
301 0
302 0
303 0
304 0
305 0
306 0
307 0
308 0
309 0
310 0
311 0
312 0
313 0
314 0
315 0
316 0
317 0
318 0
319 0
320 0
321 0
322 0
323 0
324 0
325 0
326 0
327 0
328 0
329 0
330 0
331 0
332 0
333 0
334 0
335 0
336 0
337 0
338 0
339 0
340 0
341 0
342 0
343 0
344 0
345 0
346 0
347 0
348 0
349 0
350 0
351 0
352 0
353 0
354 0
355 0
356 0
357 0
358 0
359 0
360 0
361 0
362 0
363 0
364 0
365 0
366 0
367 0
368 0
369 0
370 0
371 0
372 0
373 0
374 0
375 0
376 0
377 0
378 0
379 0
380 0
381 0
382 0
383 0
384 0
385 0
386 0
387 0
388 0
389 0
390 0
391 0
392 0
393 0
394 0
395 0
396 0
397 0
398 0
399 0
400 0
401 0
402 0
403 0
404 0
405 0
406 0
407 0
408 0
409 0
410 0
411 0
412 0
413 0
414 0
415 0
416 0
417 0
418 0
419 0
420 0
421 0
422 0
423 0
424 0
425 0
426 0
427 0
428 0
429 0
430 0
431 0
432 0
433 0
434 0
435 0
436 0
437 0
438 0
439 0
440 0
441 0
442 0
443 0
444 0
445 0
446 0
447 0
448 0
449 0
450 0
451 0
452 0
453 0
454 0
455 0
456 0
457 0
458 0
459 0
460 0
461 0
462 0
463 0
464 0
465 0
466 0
467 0
468 0
469 0
470 0
471 0
472 0
473 0
474 0
475 0
476 0
477 0
478 0
479 0
480 0
481 0
482 0
483 0
484 0
485 0
486 0
487 0
488 0
489 0
490 0
491 0
492 0
493 0
494 0
495 0
496 0
497 0
498 0
499 0
500 0
501 0
502 0
503 0
504 0
505 0
506 0
507 0
508 0
509 0
510 0
511 0
512 0
513 0
514 0
515 0
516 0
517 0
518 0
519 0
520 0
521 0
522 0
523 0
524 0
525 0
526 0
527 0
528 0
529 0
530 0
531 0
532 0
533 0
534 0
535 0
536 0
537 0
538 0
539 0
540 0
541 0
542 0
543 0
544 0
545 0
546 0
547 0
548 0
549 0
550 0
551 0
552 0
553 0
554 0
555 0
556 0
557 0
558 0
559 0
560 0
561 0
562 0
563 0
564 0
565 0
566 0
567 0
568 0
569 0
570 0
571 0
572 0
573 0
574 0
575 0
576 0
577 0
578 0
579 0
580 0
581 0
582 0
583 0
584 0
585 0
586 0
587 0
588 0
589 0
590 0
591 0
592 0
593 0
594 0
595 0
596 0
597 0
598 0
599 0
600 0
601 0
602 0
603 0
604 0
605 0
606 0
607 0
608 0
609 0
610 0
611 0
612 0
613 0
614 0
615 0
616 0
617 0
618 0
619 0
620 0
621 0
622 0
623 0
624 0
625 0
626 0
627 0
628 0
629 0
630 0
631 0
632 0
633 0
634 0
635 0
636 0
637 0
638 0
639 0
640 0
641 0
642 0
643 0
644 0
645 0
646 0
647 0
648 0
649 0
650 0
651 0
652 0
653 0
654 0
655 0
656 0
657 0
658 0
659 0
660 0
661 0
662 0
663 0
664 0
665 0
666 0
667 0
668 0
669 0
670 0
671 0
672 0
673 0
674 0
675 0
676 0
677 0
678 0
679 0
680 0
681 0
682 0
683 0
684 0
685 0
686 0
687 0
688 0
689 0
690 0
691 0
692 0
693 0
694 0
695 0
696 0
697 0
698 0
699 0
700 0
701 0
702 0
703 0
704 0
705 0
706 0
707 0
708 0
709 0
710 0
711 0
712 0
713 0
714 0
715 0
716 0
717 0
718 0
719 0
720 0
721 0
722 0
723 0
724 0
725 0
726 0
727 0
728 0
729 0
730 0
731 0
732 0
733 0
734 0
735 0
736 0
737 0
738 0
739 0
740 0
741 0
742 0
743 0
744 0
745 0
746 0
747 0
748 0
749 0
750 0
751 0
752 0
753 0
754 0
755 0
756 0
757 0
758 0
759 0
760 0
761 0
762 0
763 0
764 0
765 0
766 0
767 0
768 0
769 0
770 0
771 0
772 0
773 0
774 0
775 0
776 0
777 0
778 0
779 0
780 0
781 0
782 0
783 0
784 0
785 0
786 0
787 0
788 0
789 0
790 0
791 0
792 0
793 0
794 0
795 0
796 0
797 0
798 0
799 0
800 0
801 0
802 0
803 0
804 0
805 0
806 0
807 0
808 0
809 0
810 0
811 0
812 0
813 0
814 0
815 0
816 0
817 0
818 0
819 0
820 0
821 0
822 0
823 0
824 0
825 0
826 0
827 0
828 0
829 0
830 0
831 0
832 0
833 0
834 0
835 0
836 0
837 0
838 0
839 0
840 0
841 0
842 0
843 0
844 0
845 0
846 0
847 0
848 0
849 0
850 0
851 0
852 0
853 0
854 0
855 0
856 0
857 0
858 0
859 0
860 0
861 0
862 0
863 0
864 0
865 0
866 0
867 0
868 0
869 0
870 0
871 0
872 0
873 0
874 0
875 0
876 0
877 0
878 0
879 0
880 0
881 0
882 0
883 0
884 0
885 0
886 0
887 0
888 0
889 0
890 0
891 0
892 0
893 0
894 0
895 0
896 0
897 0
898 0
899 0
900 0
901 0
902 0
903 0
904 0
905 0
906 0
907 0
908 0
909 0
910 0
911 0
912 0
913 0
914 0
915 0
916 0
917 0
918 0
919 0
920 0
921 0
922 0
923 0
924 0
925 0
926 0
927 0
928 0
929 0
930 0
931 0
932 0
933 0
934 0
935 0
936 0
937 0
938 0
939 0
940 0
941 0
942 0
943 0
944 0
945 0
946 0
947 0
948 0
949 0
950 0
951 0
952 0
953 0
954 0
955 0
956 0
957 0
958 0
959 0
960 0
961 0
962 0
963 0
964 0
965 0
966 0
967 0
968 0
969 0
970 0
971 0
972 0
973 0
974 0
975 0
976 0
977 0
978 0
979 0
980 0
981 0
982 0
983 0
984 0
985 0
986 0
987 0
988 0
989 0
990 0
991 0
992 0
993 0
994 0
995 0
996 0
997 0
998 0
999 0
1000 0
1001 0
1002 0
1003 0
1004 0
1005 0
1006 0
1007 0
1008 0
1009 0
1010 0
1011 0
1012 0
1013 0
1014 0
1015 0
1016 0
1017 0
1018 0
1019 0
1020 0
1021 0
1022 0
1023 0
0 1 -0.00828
0 31 0.14576
0 32 -0.67443
0 992 0.38986
1 2 2.08135
1 33 -1.54112
1 993 -0.3629
2 3 0.11182
2 34 1.25353
2 994 -1.64658
3 4 1.63446
3 35 -1.02093
3 995 1.38601
4 5 0.32008
4 36 -0.957
4 996 0.05261
5 6 1.0461
5 37 1.34913
5 997 1.74908
6 7 0.65038
6 38 0.77485
6 998 1.24759
7 8 1.46246
7 39 -1.0037
7 999 -0.62708
8 9 -0.08412
8 40 0.17071
8 1000 0.26032
9 10 -0.32122
9 41 -1.45451
9 1001 -0.39428
10 11 0.2787
10 42 -0.07755
10 1002 0.29935
11 12 0.20688
11 43 -0.04016
11 1003 -0.73273
12 13 -0.46429
12 44 0.25203
12 1004 0.34448
13 14 -1.4509
13 45 -0.24878
13 1005 -2.90974
14 15 -2.28981
14 46 0.70575
14 1006 -1.16093
15 16 2.45581
15 47 0.77061
15 1007 -0.52697
16 17 -1.61246
16 48 -1.07334
16 1008 -0.56571
17 18 0.67704
17 49 -0.26655
17 1009 -0.22861
18 19 0.66367
18 50 1.12881
18 1010 0.1736
19 20 -0.13189
19 51 -1.43702
19 1011 -0.45303
20 21 -1.17357
20 52 0.09795
20 1012 0.993
21 22 2.50406
21 53 -0.51059
21 1013 -0.51877
22 23 0.41906
22 54 0.58247
22 1014 -0.54087
23 24 1.80191
23 55 -0.18863
23 1015 2.3318
24 25 0.32691
24 56 -0.74112
24 1016 0.00908
25 26 1.57387
25 57 -2.40611
25 1017 0.53604
26 27 0.80958
26 58 -1.03156
26 1018 0.29965
27 28 0.84006
27 59 1.54513
27 1019 -0.46654
28 29 -0.75152
28 60 -1.48548
28 1020 -0.88453
29 30 0.49824
29 61 -0.53985
29 1021 0.75263
30 31 0.61055
30 62 2.50586
30 1022 0.34752
31 63 1.73882
31 1023 -0.61068
32 33 1.53899
32 63 -0.41491
32 64 0.90619
33 34 1.03317
33 65 -0.55694
34 35 -1.22924
34 66 -1.41368
35 36 -0.90753
35 67 -1.24941
36 37 0.5592
36 68 0.43568
37 38 -1.32626
37 69 -1.28162
38 39 -0.5366
38 70 1.67009
39 40 -1.56063
39 71 0.58829
40 41 0.48167
40 72 1.28038
41 42 0.781
41 73 -0.18455
42 43 -0.68772
42 74 0.02568
43 44 -0.32601
43 75 -0.29161
44 45 -1.09024
44 76 1.15633
45 46 0.08451
45 77 0.81612
46 47 -1.10296
46 78 -0.57985
47 48 0.63405
47 79 0.75058
48 49 0.91163
48 80 -0.10614
49 50 -0.78345
49 81 0.7463
50 51 -0.51626
50 82 -0.77173
51 52 -0.66504
51 83 0.33892
52 53 1.15864
52 84 -0.81891
53 54 0.34224
53 85 -1.60013
54 55 -0.11847
54 86 0.87534
55 56 -0.54964
55 87 -0.76833
56 57 -0.03543
56 88 -0.38386
57 58 0.04317
57 89 1.86654
58 59 0.31314
58 90 -0.98756
59 60 -0.96273
59 91 0.41582
60 61 -2.08755
60 92 0.93464
61 62 1.06278
61 93 -0.18631
62 63 -0.55
62 94 -0.16519
63 95 0.38062
64 65 0.56827
64 95 2.05252
64 96 0.68053
65 66 0.12024
65 97 -0.10025
66 67 0.71177
66 98 -1.32207
67 68 -0.08971
67 99 -0.31565
68 69 0.70812
68 100 1.1741
69 70 -0.48439
69 101 -1.46958
70 71 0.22766
70 102 0.69631
71 72 0.63179
71 103 0.4685
72 73 -0.02027
72 104 1.41388
73 74 -1.20481
73 105 2.15291
74 75 1.68487
74 106 0.54096
75 76 -0.24378
75 107 0.51956
76 77 1.1067
76 108 1.04805
77 78 -0.52814
77 109 1.55764
78 79 -0.17446
78 110 -1.41549
79 80 -0.52456
79 111 -1.64365
80 81 -0.36181
80 112 -0.00163
81 82 -1.48619
81 113 -0.71051
82 83 -0.19902
82 114 0.73389
83 84 0.1847
83 115 0.93908
84 85 -0.37921
84 116 0.40983
85 86 -1.3017
85 117 0.3008
86 87 -0.33284
86 118 -2.17735
87 88 -0.81926
87 119 -0.72039
88 89 -0.16851
88 120 -0.58515
89 90 -0.81139
89 121 0.93513
90 91 -0.4455
90 122 0.75733
91 92 -0.46765
91 123 0.89609
92 93 0.42984
92 124 -0.72699
93 94 -0.61849
93 125 -1.25057
94 95 0.71897
94 126 0.0353
95 127 -0.93161
96 97 -1.50542
96 127 -2.11979
96 128 -2.07721
97 98 -1.19057
97 129 -0.34807
98 99 -0.48553
98 130 1.07359
99 100 0.09731
99 131 1.28901
100 101 1.4782
100 132 0.73117
101 102 0.32982
101 133 0.60347
102 103 -0.72086
102 134 -1.22867
103 104 -1.78515
103 135 0.6647
104 105 0.2058
104 136 -1.44838
105 106 -0.35359
105 137 -1.10598
106 107 -1.94041
106 138 0.04523
107 108 -0.85221
107 139 -0.09182
108 109 0.38986
108 140 -1.14718
109 110 -0.46874
109 141 1.40667
110 111 -0.10371
110 142 -1.74759
111 112 0.43396
111 143 1.00784
112 113 0.50171
112 144 0.08787
113 114 0.31798
113 145 1.57875
114 115 -0.21715
114 146 -0.12219
115 116 -0.50957
115 147 1.02292
116 117 0.27885
116 148 -1.00017
117 118 -0.63713
117 149 -0.32443
118 119 -1.4785
118 150 0.12264
119 120 -0.15086
119 151 -0.62828
120 121 0.83065
120 152 1.06495
121 122 0.06678
121 153 1.07445
122 123 -1.18863
122 154 -0.57713
123 124 -0.01938
123 155 -0.25205
124 125 0.54897
124 156 -0.85043
125 126 -1.96752
125 157 0.18157
126 127 -1.44452
126 158 0.95538
127 159 -0.79134
128 129 -1.21452
128 159 -0.00671
128 160 -0.3259
129 130 0.738
129 161 -0.66174
130 131 0.53226
130 162 0.98656
131 132 1.22562
131 163 0.50053
132 133 1.86031
132 164 1.61825
133 134 -0.94731
133 165 -0.41557
134 135 -1.88849
134 166 -0.08136
135 136 -0.31684
135 167 0.32356
136 137 -1.37247
136 168 0.28628
137 138 -0.4702
137 169 1.17646
138 139 0.07464
138 170 0.77167
139 140 0.8025
139 171 0.09267
140 141 -0.82942
140 172 -0.52876
141 142 1.40501
141 173 -0.55785
142 143 0.43202
142 174 -0.40963
143 144 0.29145
143 175 -0.12872
144 145 -0.44239
144 176 -0.47752
145 146 -1.50954
145 177 1.05189
146 147 -0.14738
146 178 -1.01452
147 148 -2.03753
147 179 0.61779
148 149 0.12023
148 180 -0.00612
149 150 1.1433
149 181 -0.20809
150 151 -2.3084
150 182 0.42648
151 152 1.76027
151 183 -0.35298
152 153 0.45825
152 184 0.69578
153 154 0.1129
153 185 -0.75086
154 155 -1.06325
154 186 -1.88954
155 156 -0.00247
155 187 0.52308
156 157 -0.22678
156 188 -0.16793
157 158 -1.42409
157 189 -0.95757
158 159 -0.71051
158 190 -0.63074
159 191 -1.9522
160 161 1.77136
160 191 0.99453
160 192 0.34453
161 162 -0.24156
161 193 0.01886
162 163 1.18711
162 194 1.58445
163 164 -0.25779
163 195 -0.14151
164 165 0.68162
164 196 0.40346
165 166 -0.24752
165 197 -1.22866
166 167 0.03384
166 198 0.15734
167 168 1.53824
167 199 -0.07349
168 169 1.08104
168 200 -0.38472
169 170 -1.14263
169 201 0.54506
170 171 1.76725
170 202 -0.83966
171 172 2.81977
171 203 0.72025
172 173 0.93708
172 204 -1.91378
173 174 -0.61149
173 205 -0.6952
174 175 -1.19002
174 206 0.78003
175 176 1.0871
175 207 0.17971
176 177 0.78618
176 208 -0.57336
177 178 -0.06375
177 209 -0.00548
178 179 -0.42043
178 210 -0.73098
179 180 -0.08358
179 211 1.73739
180 181 0.98166
180 212 -0.4936
181 182 0.00664
181 213 -3.011
182 183 0.5771
182 214 -0.41909
183 184 -0.99671
183 215 -0.59535
184 185 -0.00694
184 216 -0.72181
185 186 -0.45132
185 217 -1.64561
186 187 0.78158
186 218 0.35092
187 188 0.59589
187 219 -0.25568
188 189 -1.32454
188 220 0.38825
189 190 -1.6078
189 221 -0.22974
190 191 0.13566
190 222 1.31497
191 223 2.36964
192 193 -1.53738
192 223 0.47406
192 224 0.64968
193 194 0.03152
193 225 0.75692
194 195 0.58908
194 226 -1.1158
195 196 -1.11968
195 227 1.61574
196 197 -1.46611
196 228 1.69863
197 198 0.6061
197 229 0.00758
198 199 0.70853
198 230 0.43256
199 200 0.94742
199 231 0.7755
200 201 1.33925
200 232 -0.08493
201 202 -1.26092
201 233 -0.35197
202 203 0.19535
202 234 0.4152
203 204 -0.36585
203 235 -1.54051
204 205 -0.68177
204 236 0.27139
205 206 1.35899
205 237 -0.00188
206 207 -0.33883
206 238 0.41587
207 208 1.68046
207 239 -0.65961
208 209 0.23167
208 240 -1.74349
209 210 1.46349
209 241 -0.3314
210 211 -0.92228
210 242 0.07761
211 212 2.04673
211 243 2.00642
212 213 -0.44236
212 244 1.24338
213 214 1.53419
213 245 -0.09962
214 215 1.02692
214 246 -0.53759
215 216 -0.99539
215 247 0.22891
216 217 -0.41868
216 248 2.35788
217 218 0.54731
217 249 -0.58303
218 219 1.01013
218 250 0.98032
219 220 -0.12397
219 251 0.79255
220 221 0.22561
220 252 0.32795
221 222 -0.7652
221 253 1.63827
222 223 2.14054
222 254 1.2659
223 255 -0.68193
224 225 0.98752
224 255 0.24833
224 256 -1.41549
225 226 0.50697
225 257 -1.61289
226 227 0.84471
226 258 0.08813
227 228 -0.21298
227 259 -0.22557
228 229 -0.43435
228 260 -1.91358
229 230 0.81227
229 261 -0.51065
230 231 -0.3331
230 262 -0.67832
231 232 0.17327
231 263 0.06652
232 233 1.86789
232 264 0.43124
233 234 -0.35644
233 265 1.48057
234 235 -0.44976
234 266 -0.36319
235 236 0.03816
235 267 0.89442
236 237 -0.37226
236 268 -2.08218
237 238 -0.62688
237 269 -1.23154
238 239 2.11174
238 270 0.12253
239 240 -0.93624
239 271 -1.10486
240 241 -0.73436
240 272 0.41727
241 242 -0.00785
241 273 -0.91801
242 243 0.10567
242 274 -0.7729
243 244 -0.17639
243 275 -0.66892
244 245 1.70058
244 276 -0.53039
245 246 1.17616
245 277 0.74954
246 247 -0.24599
246 278 -2.1746
247 248 -0.75297
247 279 -0.41986
248 249 -0.35878
248 280 -0.62975
249 250 0.78415
249 281 0.70471
250 251 -0.60178
250 282 1.90364
251 252 -0.70174
251 283 0.85162
252 253 0.32245
252 284 1.29053
253 254 1.0842
253 285 -0.82513
254 255 0.02776
254 286 0.06944
255 287 -1.91478
256 257 0.17347
256 287 -0.39902
256 288 0.47056
257 258 0.27799
257 289 -1.00113
258 259 0.48567
258 290 -1.29368
259 260 0.31301
259 291 -1.01258
260 261 0.7981
260 292 0.19223
261 262 0.15269
261 293 -0.66133
262 263 0.13467
262 294 0.79915
263 264 0.71003
263 295 1.61892
264 265 0.63739
264 296 -0.03655
265 266 0.80338
265 297 -0.4969
266 267 1.52996
266 298 -0.79502
267 268 0.15312
267 299 1.09088
268 269 0.8942
268 300 -0.37031
269 270 -0.75095
269 301 -0.1186
270 271 -0.88057
270 302 0.18508
271 272 -1.5317
271 303 2.39986
272 273 0.46482
272 304 1.34505
273 274 0.04623
273 305 -1.51236
274 275 2.31696
274 306 1.02272
275 276 0.39426
275 307 0.19078
276 277 -0.6289
276 308 -0.24198
277 278 1.33649
277 309 -0.18095
278 279 -0.1207
278 310 -0.35887
279 280 0.29413
279 311 -1.0016
280 281 0.00053
280 312 -0.42135
281 282 0.3169
281 313 -0.11431
282 283 -0.3851
282 314 0.58155
283 284 0.66195
283 315 -0.8068
284 285 -0.38698
284 316 0.34933
285 286 0.39084
285 317 0.44914
286 287 -1.52326
286 318 -1.22964
287 319 0.92621
288 289 -0.32461
288 319 0.14649
288 320 1.42915
289 290 0.24576
289 321 0.80064
290 291 1.11696
290 322 -0.38531
291 292 0.69276
291 323 0.59806
292 293 0.23306
292 324 0.00338
293 294 0.1971
293 325 -1.1292
294 295 -0.48706
294 326 0.26271
295 296 1.09081
295 327 -0.54857
296 297 0.63691
296 328 -0.17948
297 298 -1.28632
297 329 -0.97836
298 299 -0.27626
298 330 -1.76482
299 300 1.0991
299 331 -0.88291
300 301 1.26088
300 332 -1.26088
301 302 -0.70394
301 333 -0.06155
302 303 -0.56755
302 334 0.47537
303 304 1.30269
303 335 -1.41298
304 305 -1.10623
304 336 -0.21754
305 306 -0.24474
305 337 -0.79975
306 307 -1.02861
306 338 -0.31274
307 308 -1.05667
307 339 -0.91188
308 309 -1.89906
308 340 1.39619
309 310 -0.72202
309 341 1.10199
310 311 -1.76133
310 342 0.38348
311 312 -0.31875
311 343 1.0522
312 313 0.25014
312 344 0.99901
313 314 0.23561
313 345 -0.12692
314 315 -0.6396
314 346 -0.57131
315 316 0.29073
315 347 -0.15708
316 317 1.60945
316 348 -1.43815
317 318 0.33408
317 349 0.02437
318 319 0.69593
318 350 0.46537
319 351 0.22134
320 321 -0.76741
320 351 -0.12307
320 352 0.48946
321 322 0.19619
321 353 0.11746
322 323 1.63911
322 354 0.33056
323 324 0.64772
323 355 0.81764
324 325 0.21641
324 356 1.18973
325 326 2.23076
325 357 -1.39256
326 327 -0.02901
326 358 0.29012
327 328 0.17795
327 359 1.46578
328 329 -1.16995
328 360 -2.08358
329 330 0.19501
329 361 0.5819
330 331 0.81254
330 362 -1.9914
331 332 1.44521
331 363 -0.19228
332 333 -0.70072
332 364 -3.09253
333 334 0.48446
333 365 2.15814
334 335 0.7852
334 366 -0.36175
335 336 -0.15681
335 367 0.59594
336 337 0.75734
336 368 0.51612
337 338 -1.43643
337 369 -1.63284
338 339 -0.20978
338 370 0.53527
339 340 0.72969
339 371 0.98021
340 341 -0.12906
340 372 -0.28913
341 342 0.67293
341 373 0.419
342 343 -0.10402
342 374 -1.14886
343 344 0.69869
343 375 -1.58093
344 345 -1.59487
344 376 -0.42936
345 346 -0.44457
345 377 0.68273
346 347 -0.7202
346 378 1.57155
347 348 -0.55306
347 379 0.88773
348 349 -1.05225
348 380 -0.84847
349 350 0.4855
349 381 2.33314
350 351 -0.25142
350 382 1.24699
351 383 0.2926
352 353 -1.28124
352 383 0.68854
352 384 -0.83786
353 354 0.88815
353 385 -1.70722
354 355 -0.90593
354 386 -0.04711
355 356 0.61392
355 387 -1.75023
356 357 -0.95436
356 388 0.84496
357 358 -0.39398
357 389 1.08165
358 359 -0.11236
358 390 -1.33853
359 360 -0.50912
359 391 0.19098
360 361 -0.08637
360 392 -1.79695
361 362 0.36596
361 393 -0.58837
362 363 -1.08548
362 394 1.00957
363 364 -0.78713
363 395 2.17715
364 365 -2.41217
364 396 1.25494
365 366 0.57425
365 397 0.83613
366 367 0.31987
366 398 1.59614
367 368 0.40588
367 399 -0.95651
368 369 -0.01492
368 400 0.51902
369 370 0.98359
369 401 2.1143
370 371 1.27212
370 402 -0.79999
371 372 -1.42776
371 403 2.18077
372 373 -1.09098
372 404 -1.80283
373 374 -0.62809
373 405 0.36231
374 375 -0.33602
374 406 -0.30353
375 376 -1.13557
375 407 0.47408
376 377 -0.14084
376 408 -0.81967
377 378 -0.39345
377 409 0.26241
378 379 1.16673
378 410 -0.41649
379 380 -0.13608
379 411 0.93072
380 381 -1.4733
380 412 0.75627
381 382 1.77983
381 413 0.98241
382 383 -0.93498
382 414 0.0896
383 415 -0.87912
384 385 -0.76257
384 415 -1.30965
384 416 -1.95937
385 386 -1.73274
385 417 0.45281
386 387 -0.52661
386 418 1.48729
387 388 0.4137
387 419 -0.56827
388 389 -0.71693
388 420 -0.26038
389 390 0.40237
389 421 0.8681
390 391 -0.90705
390 422 -1.13379
391 392 1.60395
391 423 0.7359
392 393 0.22283
392 424 -0.43426
393 394 -0.06225
393 425 -0.63677
394 395 0.54047
394 426 -1.37553
395 396 0.45889
395 427 0.34538
396 397 0.24178
396 428 1.08478
397 398 1.0468
397 429 -0.96238
398 399 -0.99068
398 430 0.62017
399 400 0.72253
399 431 0.15577
400 401 -0.42362
400 432 0.44114
401 402 1.11507
401 433 -0.734
402 403 0.54604
402 434 -0.99142
403 404 -2.17751
403 435 2.10918
404 405 0.72264
404 436 -0.54482
405 406 -0.21809
405 437 -1.2942
406 407 1.42386
406 438 0.88828
407 408 -1.00922
407 439 -0.33969
408 409 1.21239
408 440 -1.99718
409 410 -0.09772
409 441 0.6248
410 411 -1.71178
410 442 -1.29966
411 412 -1.34547
411 443 0.37631
412 413 0.25803
412 444 -0.46589
413 414 0.07651
413 445 1.46682
414 415 0.23117
414 446 0.64578
415 447 0.43771
416 417 0.72817
416 447 2.02677
416 448 -2.17935
417 418 0.59893
417 449 -0.83089
418 419 0.3085
418 450 0.95818
419 420 -0.1215
419 451 0.6212
420 421 0.81358
420 452 2.58797
421 422 -0.16397
421 453 0.7528
422 423 0.17902
422 454 -2.11661
423 424 -0.16654
423 455 -0.31904
424 425 1.71441
424 456 2.46548
425 426 -0.74187
425 457 1.02477
426 427 0.52753
426 458 0.28692
427 428 0.21283
427 459 -0.15297
428 429 -0.59654
428 460 0.8023
429 430 0.30886
429 461 1.71585
430 431 0.0001
430 462 1.2837
431 432 -0.6889
431 463 0.25251
432 433 0.18797
432 464 0.85326
433 434 -1.07196
433 465 0.71043
434 435 -1.16053
434 466 0.00026
435 436 -1.36128
435 467 0.32375
436 437 -1.14584
436 468 0.57365
437 438 0.33998
437 469 0.95549
438 439 -0.25287
438 470 -0.00167
439 440 0.02783
439 471 0.8645
440 441 2.52941
440 472 0.02584
441 442 0.82346
441 473 1.73224
442 443 2.112
442 474 2.54639
443 444 -1.2837
443 475 0.62703
444 445 -0.56064
444 476 0.44961
445 446 0.27005
445 477 0.2901
446 447 0.27788
446 478 0.751
447 479 -1.83202
448 449 0.12059
448 479 -0.22647
448 480 -1.0782
449 450 0.15469
449 481 -0.85574
450 451 -1.27188
450 482 0.27178
451 452 0.88857
451 483 0.51885
452 453 0.59149
452 484 0.51033
453 454 -0.64114
453 485 -1.62731
454 455 -1.00641
454 486 -0.20443
455 456 -0.55898
455 487 1.02918
456 457 1.01022
456 488 1.66664
457 458 0.58065
457 489 -0.38784
458 459 2.03074
458 490 -1.31293
459 460 0.20536
459 491 -0.78659
460 461 0.8576
460 492 -1.0642
461 462 -2.0928
461 493 -0.39799
462 463 -0.57539
462 494 -0.98119
463 464 -0.17245
463 495 0.37926
464 465 -0.33406
464 496 0.42178
465 466 -0.68168
465 497 1.39405
466 467 -0.73142
466 498 -0.47461
467 468 -1.77721
467 499 -1.0796
468 469 1.39686
468 500 0.42694
469 470 -0.80745
469 501 -0.8018
470 471 -1.98424
470 502 -0.3683
471 472 -0.61951
471 503 -1.09082
472 473 -0.23219
472 504 -1.05271
473 474 0.09819
473 505 -0.21049
474 475 -0.13962
474 506 0.04027
475 476 -0.59293
475 507 3.27159
476 477 0.73649
476 508 1.06141
477 478 -0.07763
477 509 -0.32946
478 479 0.73048
478 510 0.54127
479 511 -0.91803
480 481 -0.12618
480 511 -0.32502
480 512 0.79714
481 482 0.92377
481 513 0.58786
482 483 -1.76781
482 514 -1.13069
483 484 0.00625
483 515 2.02101
484 485 0.05961
484 516 1.48123
485 486 -1.27124
485 517 0.24146
486 487 -0.97527
486 518 1.9331
487 488 -0.76448
487 519 -1.22484
488 489 0.17214
488 520 0.53596
489 490 -0.28035
489 521 -2.49783
490 491 -0.06884
490 522 1.06619
491 492 0.54909
491 523 1.01729
492 493 0.33756
492 524 -1.13214
493 494 -0.11239
493 525 -0.86944
494 495 -0.5183
494 526 -0.293
495 496 0.82396
495 527 0.8699
496 497 -0.27606
496 528 -0.54101
497 498 -1.07453
497 529 0.58552
498 499 0.94769
498 530 0.41544
499 500 -1.36864
499 531 -0.31345
500 501 0.41892
500 532 -0.60868
501 502 1.43602
501 533 -1.65286
502 503 0.65117
502 534 1.6838
503 504 0.17083
503 535 0.08647
504 505 -0.07245
504 536 -1.11286
505 506 -1.18811
505 537 1.9569
506 507 0.64901
506 538 0.3842
507 508 -0.34062
507 539 1.75703
508 509 -0.37832
508 540 -0.10451
509 510 -1.33663
509 541 -1.20314
510 511 0.89776
510 542 -0.74282
511 543 2.29931
512 513 0.33304
512 543 0.74352
512 544 0.8043
513 514 0.37213
513 545 0.10686
514 515 -0.30091
514 546 0.1102
515 516 0.52338
515 547 0.47771
516 517 1.01069
516 548 0.87503
517 518 -1.71873
517 549 -0.14367
518 519 1.55019
518 550 -0.04158
519 520 -1.95075
519 551 -0.00367
520 521 -0.99349
520 552 0.0936
521 522 -0.98396
521 553 0.00026
522 523 0.7183
522 554 -0.47999
523 524 0.09991
523 555 -0.023
524 525 2.1367
524 556 0.77612
525 526 -1.0751
525 557 -1.39678
526 527 -0.08517
526 558 0.32972
527 528 -1.02393
527 559 -0.98791
528 529 -1.53162
528 560 -1.2481
529 530 -0.78938
529 561 -0.0904
530 531 -2.33734
530 562 0.03895
531 532 -0.56791
531 563 0.91047
532 533 -0.87915
532 564 -0.99534
533 534 1.71286
533 565 -0.16951
534 535 -0.35445
534 566 2.83889
535 536 -0.28827
535 567 0.41198
536 537 -1.66732
536 568 -0.62998
537 538 0.78343
537 569 1.80305
538 539 -1.29187
538 570 1.2007
539 540 -0.83372
539 571 0.01945
540 541 -1.19044
540 572 -1.16904
541 542 -1.13883
541 573 0.08381
542 543 -0.89499
542 574 2.825
543 575 -0.12337
544 545 -1.72595
544 575 0.87812
544 576 0.13513
545 546 -0.71992
545 577 -0.18726
546 547 0.04969
546 578 -0.06314
547 548 -0.39707
547 579 -0.07225
548 549 -0.25713
548 580 -0.31112
549 550 1.00938
549 581 1.10568
550 551 -1.70291
550 582 -0.29225
551 552 -0.77869
551 583 -0.88506
552 553 1.4818
552 584 -1.43727
553 554 -0.26498
553 585 -1.50324
554 555 0.07244
554 586 -0.42158
555 556 -1.00793
555 587 0.57414
556 557 -0.97129
556 588 -1.31252
557 558 -0.58832
557 589 0.5581
558 559 -1.42932
558 590 -0.04624
559 560 1.63369
559 591 0.76997
560 561 -0.73808
560 592 -1.39484
561 562 0.10894
561 593 0.82052
562 563 0.42788
562 594 -0.2386
563 564 0.88495
563 595 -1.04241
564 565 0.15092
564 596 0.44615
565 566 -0.25574
565 597 -0.05124
566 567 1.69356
566 598 1.22178
567 568 0.1932
567 599 0.67735
568 569 -0.14525
568 600 -1.54302
569 570 0.16455
569 601 -0.52484
570 571 1.58681
570 602 1.32493
571 572 0.06861
571 603 0.82862
572 573 -1.30708
572 604 -0.12615
573 574 0.73924
573 605 1.19817
574 575 0.61196
574 606 0.37625
575 607 0.81086
576 577 -1.22419
576 607 -0.3895
576 608 1.21704
577 578 -0.44331
577 609 1.20446
578 579 0.99394
578 610 -1.41299
579 580 -0.03214
579 611 -0.95365
580 581 1.67605
580 612 1.09377
581 582 -0.33388
581 613 0.80782
582 583 0.69998
582 614 -1.4805
583 584 1.2376
583 615 0.15313
584 585 0.11733
584 616 0.41599
585 586 0.18544
585 617 1.0724
586 587 -0.80825
586 618 1.83234
587 588 -1.37025
587 619 1.3241
588 589 2.13209
588 620 -0.14303
589 590 0.53521
589 621 -0.32592
590 591 0.87407
590 622 -0.66269
591 592 -2.3254
591 623 1.7419
592 593 -0.50826
592 624 -0.42117
593 594 -2.63285
593 625 -0.23794
594 595 2.08192
594 626 0.42869
595 596 -0.42266
595 627 1.37905
596 597 -1.53145
596 628 0.22686
597 598 -0.8764
597 629 -1.52981
598 599 1.76337
598 630 0.02476
599 600 -0.9894
599 631 -1.3459
600 601 1.038
600 632 0.46368
601 602 -0.48462
601 633 1.95721
602 603 0.51308
602 634 0.67248
603 604 0.52045
603 635 0.34827
604 605 -1.50173
604 636 0.79318
605 606 0.52687
605 637 1.21328
606 607 -0.118
606 638 -0.5957
607 639 0.36388
608 609 1.24068
608 639 -2.19975
608 640 1.21751
609 610 0.85651
609 641 -0.10939
610 611 -0.31484
610 642 -0.07539
611 612 0.24307
611 643 0.71685
612 613 0.63488
612 644 0.22614
613 614 0.20227
613 645 1.59135
614 615 -1.64426
614 646 -0.38442
615 616 1.11253
615 647 -2.65332
616 617 1.84587
616 648 1.36867
617 618 1.90764
617 649 0.85533
618 619 -0.75025
618 650 0.7379
619 620 -0.99149
619 651 0.14628
620 621 -0.7394
620 652 -0.31661
621 622 -0.95326
621 653 -0.56264
622 623 -0.73802
622 654 -0.04378
623 624 0.68567
623 655 0.64441
624 625 -0.92674
624 656 0.74134
625 626 -1.03436
625 657 -1.29465
626 627 2.41398
626 658 -0.03674
627 628 2.05231
627 659 -0.58591
628 629 0.92716
628 660 -0.75584
629 630 -1.11123
629 661 0.0293
630 631 0.9986
630 662 1.14337
631 632 -1.10048
631 663 0.78917
632 633 -0.11742
632 664 0.31546
633 634 0.44928
633 665 -1.24463
634 635 1.91839
634 666 -0.47397
635 636 0.39663
635 667 -0.73485
636 637 0.26275
636 668 -0.04241
637 638 -1.39962
637 669 -0.25588
638 639 -0.69919
638 670 -0.30297
639 671 0.0498
640 641 0.47177
640 671 -0.60378
640 672 -0.37538
641 642 2.66006
641 673 -0.96291
642 643 -0.71269
642 674 0.3726
643 644 -0.248
643 675 -1.15743
644 645 -1.2578
644 676 0.17821
645 646 -1.92936
645 677 -0.56268
646 647 1.32228
646 678 -0.2424
647 648 -1.44989
647 679 -0.41893
648 649 -0.55895
648 680 1.4007
649 650 -0.23615
649 681 0.03238
650 651 0.34246
650 682 0.86632
651 652 0.06651
651 683 -2.31318
652 653 1.96203
652 684 -0.02739
653 654 -0.61745
653 685 1.10343
654 655 -0.27046
654 686 1.10096
655 656 -0.6026
655 687 0.27627
656 657 0.75137
656 688 -0.31139
657 658 -0.53864
657 689 1.04008
658 659 1.62403
658 690 0.49139
659 660 -0.00925
659 691 0.91985
660 661 0.15701
660 692 -0.26417
661 662 -0.31654
661 693 0.62019
662 663 0.89078
662 694 1.49829
663 664 0.45557
663 695 1.55741
664 665 0.57256
664 696 0.16635
665 666 -0.09754
665 697 -0.37338
666 667 -0.08645
666 698 -0.42547
667 668 -1.28419
667 699 -0.56734
668 669 0.46979
668 700 -0.91446
669 670 -0.03011
669 701 0.71573
670 671 1.45183
670 702 1.35485
671 703 -1.1561
672 673 0.38603
672 703 1.13129
672 704 -0.35885
673 674 0.50861
673 705 -0.43356
674 675 -0.79117
674 706 0.22764
675 676 -0.26637
675 707 -0.08853
676 677 1.68777
676 708 0.85719
677 678 -0.78708
677 709 0.09331
678 679 -0.21673
678 710 0.09385
679 680 -0.66529
679 711 1.26141
680 681 -1.39243
680 712 0.51612
681 682 -0.78368
681 713 0.55253
682 683 0.96899
682 714 0.40264
683 684 0.42286
683 715 0.62577
684 685 -1.13291
684 716 -1.09479
685 686 -0.51106
685 717 0.59213
686 687 -0.73203
686 718 2.33289
687 688 -0.1444
687 719 1.08006
688 689 -0.08897
688 720 0.39786
689 690 1.3009
689 721 -2.05367
690 691 -2.38736
690 722 -0.06206
691 692 0.55911
691 723 -0.11725
692 693 0.95214
692 724 0.40577
693 694 -0.0737
693 725 -1.67386
694 695 -0.06961
694 726 -0.57907
695 696 -0.74656
695 727 0.02305
696 697 -1.01799
696 728 -0.28311
697 698 0.00766
697 729 0.92689
698 699 -0.06428
698 730 -0.34613
699 700 -0.04578
699 731 0.10086
700 701 1.07704
700 732 -1.18116
701 702 1.2443
701 733 0.8037
702 703 -0.54456
702 734 -1.66633
703 735 -0.28322
704 705 -0.15444
704 735 0.25914
704 736 -0.02267
705 706 -0.79861
705 737 1.22701
706 707 -1.73326
706 738 0.1681
707 708 -1.26911
707 739 -0.84925
708 709 0.09129
708 740 1.32327
709 710 -1.09654
709 741 -0.74018
710 711 -0.00255
710 742 -0.4981
711 712 -1.14996
711 743 -0.33017
712 713 -0.32305
712 744 1.39668
713 714 -1.25873
713 745 -1.05719
714 715 -0.29775
714 746 -0.63652
715 716 0.9169
715 747 -1.22045
716 717 0.46899
716 748 -0.57641
717 718 0.23594
717 749 -0.17737
718 719 -0.31535
718 750 1.76519
719 720 -0.82502
719 751 -0.24435
720 721 0.28756
720 752 1.37299
721 722 -0.57215
721 753 1.32943
722 723 0.22253
722 754 0.27776
723 724 -0.2204
723 755 0.61009
724 725 -0.26453
724 756 -1.21063
725 726 -0.30326
725 757 -2.22833
726 727 -0.00957
726 758 -1.04085
727 728 0.60135
727 759 -0.41997
728 729 0.78998
728 760 0.22737
729 730 -0.13685
729 761 -0.62916
730 731 0.97507
730 762 -0.6221
731 732 -0.00217
731 763 -0.3885
732 733 -0.81425
732 764 -0.76982
733 734 -0.13966
733 765 0.82533
734 735 -1.04865
734 766 0.07542
735 767 0.48443
736 737 -0.39207
736 767 0.19654
736 768 -1.84513
737 738 -0.21419
737 769 -0.37559
738 739 0.42328
738 770 0.30281
739 740 0.44132
739 771 1.2903
740 741 -0.06858
740 772 0.51426
741 742 0.46773
741 773 2.14687
742 743 0.10798
742 774 0.46757
743 744 0.99641
743 775 -1.05935
744 745 -0.00644
744 776 1.12303
745 746 -0.40793
745 777 -0.32484
746 747 1.06474
746 778 -0.25774
747 748 -0.40329
747 779 0.65979
748 749 -0.62901
748 780 0.17243
749 750 0.79976
749 781 -0.46801
750 751 1.53126
750 782 -1.57386
751 752 1.34083
751 783 -0.28527
752 753 0.31502
752 784 0.17764
753 754 1.73798
753 785 0.22221
754 755 -0.82081
754 786 0.80773
755 756 -0.04745
755 787 -0.6534
756 757 -1.26106
756 788 -1.60618
757 758 0.49607
757 789 0.97318
758 759 -0.00035
758 790 0.62179
759 760 -1.66683
759 791 1.27983
760 761 0.66502
760 792 -1.47923
761 762 0.63968
761 793 -0.12679
762 763 0.77882
762 794 1.26259
763 764 -0.06494
763 795 -1.44609
764 765 -0.40414
764 796 0.89748
765 766 -0.17046
765 797 1.0822
766 767 -1.3006
766 798 1.07347
767 799 0.91329
768 769 -0.31667
768 799 -0.33115
768 800 -1.21983
769 770 -0.08655
769 801 0.06031
770 771 1.05934
770 802 0.83523
771 772 0.37127
771 803 -0.9468
772 773 -0.91672
772 804 0.70637
773 774 -0.58673
773 805 0.40121
774 775 -1.64142
774 806 -0.18846
775 776 0.12561
775 807 -2.00829
776 777 -0.94978
776 808 -0.71558
777 778 0.03524
777 809 -0.18435
778 779 -2.18961
778 810 -0.11483
779 780 0.06325
779 811 -0.83544
780 781 0.34692
780 812 0.78478
781 782 0.74351
781 813 0.71989
782 783 0.98494
782 814 -0.17579
783 784 1.34804
783 815 -0.66376
784 785 0.0083
784 816 -0.69625
785 786 -2.87739
785 817 0.14777
786 787 0.73523
786 818 0.86555
787 788 -0.80873
787 819 -0.01742
788 789 -0.32175
788 820 -1.07741
789 790 -0.66493
789 821 1.29118
790 791 1.86119
790 822 0.59187
791 792 -0.3449
791 823 -0.32589
792 793 0.60737
792 824 -1.30006
793 794 -1.55224
793 825 0.40451
794 795 -0.20256
794 826 0.28832
795 796 -0.64762
795 827 0.12757
796 797 -0.55473
796 828 0.16373
797 798 2.31976
797 829 0.49335
798 799 0.39575
798 830 -0.08583
799 831 -0.82293
800 801 -0.058
800 831 2.17432
800 832 1.49255
801 802 -2.61462
801 833 -0.32585
802 803 -0.69634
802 834 -0.33019
803 804 1.41426
803 835 1.12131
804 805 0.69412
804 836 0.34585
805 806 -0.15787
805 837 1.73942
806 807 -1.43287
806 838 0.0838
807 808 -0.29321
807 839 0.83906
808 809 -0.98121
808 840 -0.89188
809 810 0.37893
809 841 0.32853
810 811 1.57391
810 842 0.93668
811 812 1.06015
811 843 2.07947
812 813 -0.63585
812 844 1.55323
813 814 -0.68873
813 845 0.4146
814 815 -0.76431
814 846 -0.30866
815 816 0.985
815 847 -1.84717
816 817 -1.05036
816 848 -0.5033
817 818 0.0527
817 849 -1.27288
818 819 1.8107
818 850 -1.2093
819 820 -0.07075
819 851 -0.63456
820 821 0.54009
820 852 -0.68323
821 822 -0.36499
821 853 -1.2992
822 823 -0.65417
822 854 0.73743
823 824 -2.2179
823 855 0.27022
824 825 0.7456
824 856 -0.26407
825 826 -0.40679
825 857 1.0573
826 827 1.34418
826 858 1.32796
827 828 1.49721
827 859 0.89207
828 829 0.97516
828 860 -0.07348
829 830 1.39224
829 861 0.7812
830 831 -0.97028
830 862 0.78331
831 863 1.01558
832 833 -0.89865
832 863 -1.31716
832 864 -0.29332
833 834 0.86079
833 865 0.75981
834 835 -0.45581
834 866 -0.55001
835 836 -0.96487
835 867 1.74779
836 837 1.58573
836 868 -1.35483
837 838 0.68974
837 869 0.89096
838 839 -0.51152
838 870 -1.59515
839 840 0.47506
839 871 0.37728
840 841 -0.58321
840 872 -1.51205
841 842 -0.09484
841 873 1.34895
842 843 -0.8893
842 874 0.52442
843 844 1.05235
843 875 -0.15855
844 845 -0.36427
844 876 1.56215
845 846 -0.2189
845 877 -0.33021
846 847 -1.76009
846 878 -0.67597
847 848 -0.08297
847 879 0.72058
848 849 0.0907
848 880 1.28027
849 850 -0.51474
849 881 -0.00363
850 851 0.65315
850 882 0.57331
851 852 1.64465
851 883 -0.93042
852 853 -0.31872
852 884 -0.35728
853 854 1.08209
853 885 -0.75134
854 855 -0.48421
854 886 -0.41892
855 856 -1.73051
855 887 -0.00336
856 857 0.44018
856 888 -0.83252
857 858 0.13121
857 889 -0.49732
858 859 0.61924
858 890 -0.70576
859 860 -0.24608
859 891 -0.54744
860 861 1.83857
860 892 -1.40182
861 862 -0.29485
861 893 -0.43811
862 863 -1.12061
862 894 -0.42793
863 895 0.99786
864 865 -0.95443
864 895 0.43937
864 896 0.21478
865 866 0.80522
865 897 0.84679
866 867 -1.49427
866 898 0.93148
867 868 -2.61571
867 899 -0.21324
868 869 -0.27689
868 900 -1.51151
869 870 0.11273
869 901 -1.35146
870 871 -0.01376
870 902 3.00793
871 872 1.63657
871 903 -0.23153
872 873 1.2525
872 904 -0.26441
873 874 0.4827
873 905 -1.11255
874 875 -0.53602
874 906 1.0017
875 876 1.39419
875 907 0.52973
876 877 -0.51719
876 908 0.51324
877 878 1.14141
877 909 -0.08466
878 879 -0.5049
878 910 0.81012
879 880 -0.11708
879 911 2.47886
880 881 -0.39723
880 912 0.6041
881 882 0.54464
881 913 -0.6614
882 883 -1.39707
882 914 -0.91446
883 884 1.39212
883 915 -0.10802
884 885 -0.7412
884 916 -0.59245
885 886 -0.53216
885 917 -1.17868
886 887 0.42267
886 918 -0.47269
887 888 0.9366
887 919 0.84496
888 889 -1.06258
888 920 0.02198
889 890 -0.29368
889 921 1.21051
890 891 -0.16274
890 922 -1.50434
891 892 -0.14148
891 923 -1.15354
892 893 0.54227
892 924 -1.699
893 894 0.21737
893 925 1.12327
894 895 2.31473
894 926 -0.00816
895 927 0.13121
896 897 0.68282
896 927 -1.26545
896 928 -0.03385
897 898 -2.10959
897 929 0.30329
898 899 -0.19047
898 930 -1.85334
899 900 -0.18477
899 931 0.40731
900 901 -0.20746
900 932 -0.71838
901 902 1.12095
901 933 -1.11667
902 903 1.21059
902 934 -0.0418
903 904 -0.03642
903 935 -0.93639
904 905 -0.7887
904 936 0.45354
905 906 0.52497
905 937 -0.41921
906 907 -0.74898
906 938 0.61262
907 908 -0.29787
907 939 1.84068
908 909 -0.53939
908 940 -0.49782
909 910 0.78391
909 941 1.67401
910 911 0.99731
910 942 1.8735
911 912 -0.04599
911 943 -0.35016
912 913 1.54389
912 944 1.00011
913 914 -0.8316
913 945 0.01055
914 915 0.10394
914 946 -0.31902
915 916 0.20621
915 947 0.50943
916 917 0.64142
916 948 0.05484
917 918 -1.09305
917 949 -0.30451
918 919 1.83689
918 950 0.94454
919 920 -1.26091
919 951 0.97322
920 921 -0.62119
920 952 0.35148
921 922 1.76016
921 953 -0.46643
922 923 -0.49604
922 954 -0.38798
923 924 -0.36533
923 955 1.99658
924 925 0.85355
924 956 -0.17728
925 926 0.04254
925 957 -0.04009
926 927 -1.28714
926 958 -0.00056
927 959 0.74037
928 929 0.32785
928 959 0.22321
928 960 0.50109
929 930 -0.19478
929 961 -0.16029
930 931 -2.09328
930 962 -0.07848
931 932 1.96229
931 963 1.3438
932 933 1.00257
932 964 1.08858
933 934 -0.44421
933 965 -0.3797
934 935 -0.69326
934 966 -0.27346
935 936 -0.38185
935 967 1.17208
936 937 0.04675
936 968 0.70415
937 938 -0.85925
937 969 0.19166
938 939 0.47927
938 970 1.15502
939 940 -0.39372
939 971 -1.24176
940 941 -0.37004
940 972 0.89847
941 942 0.29405
941 973 -0.45056
942 943 0.43719
942 974 -0.25725
943 944 -0.50604
943 975 -0.11975
944 945 -0.49688
944 976 1.57613
945 946 2.40518
945 977 0.88068
946 947 1.95313
946 978 -0.10738
947 948 0.76056
947 979 -1.92071
948 949 0.62749
948 980 -0.3648
949 950 -0.51411
949 981 -0.63739
950 951 1.83785
950 982 -0.3145
951 952 -1.117
951 983 -0.29221
952 953 0.0792
952 984 1.00096
953 954 -0.31532
953 985 -0.43284
954 955 0.66675
954 986 0.89842
955 956 -1.51456
955 987 -0.07326
956 957 1.00524
956 988 1.58384
957 958 -0.09773
957 989 1.10406
958 959 -1.91113
958 990 0.05151
959 991 -0.24973
960 961 0.40261
960 991 1.03714
960 992 -0.33413
961 962 0.97122
961 993 0.8066
962 963 -0.34268
962 994 -0.35081
963 964 -1.20151
963 995 0.61333
964 965 -0.21587
964 996 -0.49428
965 966 1.56909
965 997 0.53189
966 967 -1.23287
966 998 0.64093
967 968 1.22189
967 999 -0.24699
968 969 -0.47698
968 1000 0.77498
969 970 -1.09032
969 1001 -0.25519
970 971 -0.80906
970 1002 2.645
971 972 0.09109
971 1003 0.3405
972 973 1.39906
972 1004 -0.56902
973 974 0.53553
973 1005 -0.98596
974 975 -0.14711
974 1006 -0.21942
975 976 0.41164
975 1007 -0.63323
976 977 1.54269
976 1008 -0.45697
977 978 0.68367
977 1009 -0.92935
978 979 -0.83212
978 1010 0.94633
979 980 0.75762
979 1011 -0.49438
980 981 -0.37909
980 1012 -0.39348
981 982 0.81795
981 1013 0.15836
982 983 -0.42252
982 1014 0.91346
983 984 -0.44431
983 1015 0.63339
984 985 0.65797
984 1016 1.34183
985 986 -0.46518
985 1017 -1.43568
986 987 0.97919
986 1018 -0.59705
987 988 1.02165
987 1019 -0.07892
988 989 0.53113
988 1020 0.57292
989 990 0.58506
989 1021 -1.72191
990 991 3.72703
990 1022 -0.10783
991 1023 -0.73315
992 993 0.79159
992 1023 1.19416
993 994 -1.07425
994 995 -1.2789
995 996 -0.33632
996 997 0.34197
997 998 0.45089
998 999 0.35797
999 1000 -0.45808
1000 1001 0.17963
1001 1002 1.97291
1002 1003 -1.49798
1003 1004 1.9807
1004 1005 -0.42115
1005 1006 -0.38909
1006 1007 -0.16396
1007 1008 0.91012
1008 1009 0.82319
1009 1010 0.66301
1010 1011 -0.88908
1011 1012 1.07618
1012 1013 0.27513
1013 1014 -1.06273
1014 1015 -0.66322
1015 1016 0.17428
1016 1017 -0.17955
1017 1018 -0.2351
1018 1019 -1.07485
1019 1020 -0.19496
1020 1021 0.36395
1021 1022 0.72416
1022 1023 -0.28873
